Product Type,Majestic Type,Size,Product Orientation,Shape,Stock,Coating,Lamination,Spot UV Sides,Colorspec,Runsize,Scoring Options,Slits,Blank Envelopes
Majestic,Silk,4.25 x 11,Horizontal,Rectangle,16PT C2S,No Coating,Silk,n/a,4/0,25,Score in Half,Moon Slits Bottom Panel,No Blank Envelopes
Majestic,Silk,4.25 x 11,Horizontal,Rectangle,16PT C2S,No Coating,Silk,n/a,4/1,25,Score in Half,Moon Slits Bottom Panel,No Blank Envelopes
Majestic,Silk,5.5 x 8.5,Vertical,Rectangle,16PT C2S,No Coating,Silk,n/a,4/0,25,Score in Half,Moon Slits Bottom Panel,No Blank Envelopes
Majestic,Silk,4.25 x 11,Vertical,Rectangle,16PT C2S,No Coating,Silk,n/a,4/1,25,Score in Half,Moon Slits Bottom Panel,No Blank Envelopes
Majestic,Silk,5.5 x 8.5,Vertical,Rectangle,16PT C2S,No Coating,Silk,n/a,4/1,25,Score in Half,Moon Slits Bottom Panel,No Blank Envelopes
Majestic,Silk,4.25 x 11,Horizontal,Rectangle,16PT C2S,No Coating,Silk,n/a,4/4,25,Score in Half,Moon Slits Bottom Panel,No Blank Envelopes
Majestic,Silk,5.5 x 8.5,Horizontal,Rectangle,16PT C2S,No Coating,Silk,n/a,4/1,25,Score in Half,Moon Slits Bottom Panel,No Blank Envelopes
Majestic,Silk,4.25 x 11,Vertical,Rectangle,16PT C2S,No Coating,Silk,n/a,4/4,25,Score in Half,Moon Slits Bottom Panel,No Blank Envelopes
Majestic,Silk,5.5 x 8.5,Vertical,Rectangle,16PT C2S,No Coating,Silk,n/a,4/4,25,Score in Half,Moon Slits Bottom Panel,No Blank Envelopes
Majestic,Silk,5.5 x 8.5,Horizontal,Rectangle,16PT C2S,No Coating,Silk,n/a,4/4,25,Score in Half,Moon Slits Bottom Panel,No Blank Envelopes
Majestic,Silk,5.5 x 8.5,Horizontal,Rectangle,16PT C2S,No Coating,Silk,n/a,4/0,50,Score in Half,Moon Slits Bottom Panel,No Blank Envelopes
Majestic,Silk,4.25 x 11,Vertical,Rectangle,16PT C2S,No Coating,Silk,n/a,4/0,50,Score in Half,Moon Slits Bottom Panel,No Blank Envelopes
Majestic,Silk,5.5 x 8.5,Vertical,Rectangle,16PT C2S,No Coating,Silk,n/a,4/0,50,Score in Half,Moon Slits Bottom Panel,No Blank Envelopes
Majestic,Silk,4.25 x 11,Horizontal,Rectangle,16PT C2S,No Coating,Silk,n/a,4/1,50,Score in Half,Moon Slits Bottom Panel,No Blank Envelopes
Majestic,Silk,5.5 x 8.5,Horizontal,Rectangle,16PT C2S,No Coating,Silk,n/a,4/1,50,Score in Half,Moon Slits Bottom Panel,No Blank Envelopes
Majestic,Silk,4.25 x 11,Vertical,Rectangle,16PT C2S,No Coating,Silk,n/a,4/1,50,Score in Half,Moon Slits Bottom Panel,No Blank Envelopes
Majestic,Silk,5.5 x 8.5,Vertical,Rectangle,16PT C2S,No Coating,Silk,n/a,4/1,50,Score in Half,Moon Slits Bottom Panel,No Blank Envelopes
Majestic,Silk,4.25 x 11,Horizontal,Rectangle,16PT C2S,No Coating,Silk,n/a,4/4,50,Score in Half,Moon Slits Bottom Panel,No Blank Envelopes
Majestic,Silk,5.5 x 8.5,Horizontal,Rectangle,16PT C2S,No Coating,Silk,n/a,4/4,50,Score in Half,Moon Slits Bottom Panel,No Blank Envelopes
Majestic,Silk,4.25 x 11,Vertical,Rectangle,16PT C2S,No Coating,Silk,n/a,4/4,50,Score in Half,Moon Slits Bottom Panel,No Blank Envelopes
Majestic,Silk,5.5 x 8.5,Vertical,Rectangle,16PT C2S,No Coating,Silk,n/a,4/4,50,Score in Half,Moon Slits Bottom Panel,No Blank Envelopes
Majestic,Silk,4.25 x 11,Horizontal,Rectangle,16PT C2S,No Coating,Silk,n/a,4/0,75,Score in Half,Moon Slits Bottom Panel,No Blank Envelopes
Majestic,Silk,4.25 x 11,Vertical,Rectangle,16PT C2S,No Coating,Silk,n/a,4/0,25,Score in Half,Moon Slits Bottom Panel,No Blank Envelopes
Majestic,Silk,4.25 x 11,Vertical,Rectangle,16PT C2S,No Coating,Silk,n/a,4/0,75,Score in Half,Moon Slits Bottom Panel,No Blank Envelopes
Majestic,Silk,5.5 x 8.5,Vertical,Rectangle,16PT C2S,No Coating,Silk,n/a,4/0,75,Score in Half,Moon Slits Bottom Panel,No Blank Envelopes
Majestic,Silk,4.25 x 11,Horizontal,Rectangle,16PT C2S,No Coating,Silk,n/a,4/1,75,Score in Half,Moon Slits Bottom Panel,No Blank Envelopes
Majestic,Silk,5.5 x 8.5,Horizontal,Rectangle,16PT C2S,No Coating,Silk,n/a,4/1,75,Score in Half,Moon Slits Bottom Panel,No Blank Envelopes
Majestic,Silk,4.25 x 11,Vertical,Rectangle,16PT C2S,No Coating,Silk,n/a,4/1,75,Score in Half,Moon Slits Bottom Panel,No Blank Envelopes
Majestic,Silk,5.5 x 8.5,Vertical,Rectangle,16PT C2S,No Coating,Silk,n/a,4/1,75,Score in Half,Moon Slits Bottom Panel,No Blank Envelopes
Majestic,Silk,4.25 x 11,Horizontal,Rectangle,16PT C2S,No Coating,Silk,n/a,4/4,75,Score in Half,Moon Slits Bottom Panel,No Blank Envelopes
Majestic,Silk,5.5 x 8.5,Horizontal,Rectangle,16PT C2S,No Coating,Silk,n/a,4/4,75,Score in Half,Moon Slits Bottom Panel,No Blank Envelopes
Majestic,Silk,4.25 x 11,Vertical,Rectangle,16PT C2S,No Coating,Silk,n/a,4/4,75,Score in Half,Moon Slits Bottom Panel,No Blank Envelopes
Majestic,Silk,5.5 x 8.5,Vertical,Rectangle,16PT C2S,No Coating,Silk,n/a,4/4,75,Score in Half,Moon Slits Bottom Panel,No Blank Envelopes
Majestic,Silk,4.25 x 11,Horizontal,Rectangle,16PT C2S,No Coating,Silk,n/a,4/0,100,Score in Half,Moon Slits Bottom Panel,No Blank Envelopes
Majestic,Silk,5.5 x 8.5,Horizontal,Rectangle,16PT C2S,No Coating,Silk,n/a,4/0,100,Score in Half,Moon Slits Bottom Panel,No Blank Envelopes
Majestic,Silk,4.25 x 11,Vertical,Rectangle,16PT C2S,No Coating,Silk,n/a,4/0,100,Score in Half,Moon Slits Bottom Panel,No Blank Envelopes
Majestic,Silk,5.5 x 8.5,Vertical,Rectangle,16PT C2S,No Coating,Silk,n/a,4/0,100,Score in Half,Moon Slits Bottom Panel,No Blank Envelopes
Majestic,Silk,4.25 x 11,Horizontal,Rectangle,16PT C2S,No Coating,Silk,n/a,4/1,100,Score in Half,Moon Slits Bottom Panel,No Blank Envelopes
Majestic,Silk,5.5 x 8.5,Horizontal,Rectangle,16PT C2S,No Coating,Silk,n/a,4/0,25,Score in Half,Moon Slits Bottom Panel,No Blank Envelopes
Majestic,Silk,4.25 x 11,Vertical,Rectangle,16PT C2S,No Coating,Silk,n/a,4/1,100,Score in Half,Moon Slits Bottom Panel,No Blank Envelopes
Majestic,Silk,5.5 x 8.5,Vertical,Rectangle,16PT C2S,No Coating,Silk,n/a,4/1,100,Score in Half,Moon Slits Bottom Panel,No Blank Envelopes
Majestic,Silk,4.25 x 11,Horizontal,Rectangle,16PT C2S,No Coating,Silk,n/a,4/4,100,Score in Half,Moon Slits Bottom Panel,No Blank Envelopes
Majestic,Silk,4.25 x 11,Horizontal,Rectangle,16PT C2S,No Coating,Silk,n/a,4/0,50,Score in Half,Moon Slits Bottom Panel,No Blank Envelopes
Majestic,Silk,4.25 x 11,Vertical,Rectangle,16PT C2S,No Coating,Silk,n/a,4/4,100,Score in Half,Moon Slits Bottom Panel,No Blank Envelopes
Majestic,Silk,5.5 x 8.5,Vertical,Rectangle,16PT C2S,No Coating,Silk,n/a,4/4,100,Score in Half,Moon Slits Bottom Panel,No Blank Envelopes
Majestic,Silk,4.25 x 11,Horizontal,Rectangle,16PT C2S,No Coating,Silk,n/a,4/0,250,Score in Half,Moon Slits Bottom Panel,No Blank Envelopes
Majestic,Silk,5.5 x 8.5,Horizontal,Rectangle,16PT C2S,No Coating,Silk,n/a,4/0,250,Score in Half,Moon Slits Bottom Panel,No Blank Envelopes
Majestic,Silk,4.25 x 11,Vertical,Rectangle,16PT C2S,No Coating,Silk,n/a,4/0,250,Score in Half,Moon Slits Bottom Panel,No Blank Envelopes
Majestic,Silk,5.5 x 8.5,Vertical,Rectangle,16PT C2S,No Coating,Silk,n/a,4/0,250,Score in Half,Moon Slits Bottom Panel,No Blank Envelopes
Majestic,Silk,4.25 x 11,Horizontal,Rectangle,16PT C2S,No Coating,Silk,n/a,4/1,250,Score in Half,Moon Slits Bottom Panel,No Blank Envelopes
Majestic,Silk,5.5 x 8.5,Horizontal,Rectangle,16PT C2S,No Coating,Silk,n/a,4/1,100,Score in Half,Moon Slits Bottom Panel,No Blank Envelopes
Majestic,Silk,4.25 x 11,Vertical,Rectangle,16PT C2S,No Coating,Silk,n/a,4/1,250,Score in Half,Moon Slits Bottom Panel,No Blank Envelopes
Majestic,Silk,5.5 x 8.5,Vertical,Rectangle,16PT C2S,No Coating,Silk,n/a,4/1,250,Score in Half,Moon Slits Bottom Panel,No Blank Envelopes
Majestic,Silk,4.25 x 11,Horizontal,Rectangle,16PT C2S,No Coating,Silk,n/a,4/4,250,Score in Half,Moon Slits Bottom Panel,No Blank Envelopes
Majestic,Silk,5.5 x 8.5,Horizontal,Rectangle,16PT C2S,No Coating,Silk,n/a,4/4,250,Score in Half,Moon Slits Bottom Panel,No Blank Envelopes
Majestic,Silk,4.25 x 11,Vertical,Rectangle,16PT C2S,No Coating,Silk,n/a,4/4,250,Score in Half,Moon Slits Bottom Panel,No Blank Envelopes
Majestic,Silk,5.5 x 8.5,Vertical,Rectangle,16PT C2S,No Coating,Silk,n/a,4/4,250,Score in Half,Moon Slits Bottom Panel,No Blank Envelopes
Majestic,Silk,4.25 x 11,Horizontal,Rectangle,16PT C2S,No Coating,Silk,n/a,4/0,500,Score in Half,Moon Slits Bottom Panel,No Blank Envelopes
Majestic,Silk,5.5 x 8.5,Horizontal,Rectangle,16PT C2S,No Coating,Silk,n/a,4/0,500,Score in Half,Moon Slits Bottom Panel,No Blank Envelopes
Majestic,Silk,4.25 x 11,Vertical,Rectangle,16PT C2S,No Coating,Silk,n/a,4/0,500,Score in Half,Moon Slits Bottom Panel,No Blank Envelopes
Majestic,Silk,5.5 x 8.5,Vertical,Rectangle,16PT C2S,No Coating,Silk,n/a,4/0,500,Score in Half,Moon Slits Bottom Panel,No Blank Envelopes
Majestic,Silk,4.25 x 11,Horizontal,Rectangle,16PT C2S,No Coating,Silk,n/a,4/1,500,Score in Half,Moon Slits Bottom Panel,No Blank Envelopes
Majestic,Silk,5.5 x 8.5,Horizontal,Rectangle,16PT C2S,No Coating,Silk,n/a,4/1,500,Score in Half,Moon Slits Bottom Panel,No Blank Envelopes
Majestic,Silk,4.25 x 11,Vertical,Rectangle,16PT C2S,No Coating,Silk,n/a,4/1,500,Score in Half,Moon Slits Bottom Panel,No Blank Envelopes
Majestic,Silk,5.5 x 8.5,Vertical,Rectangle,16PT C2S,No Coating,Silk,n/a,4/1,500,Score in Half,Moon Slits Bottom Panel,No Blank Envelopes
Majestic,Silk,4.25 x 11,Horizontal,Rectangle,16PT C2S,No Coating,Silk,n/a,4/4,500,Score in Half,Moon Slits Bottom Panel,No Blank Envelopes
Majestic,Silk,5.5 x 8.5,Horizontal,Rectangle,16PT C2S,No Coating,Silk,n/a,4/4,500,Score in Half,Moon Slits Bottom Panel,No Blank Envelopes
Majestic,Silk,4.25 x 11,Vertical,Rectangle,16PT C2S,No Coating,Silk,n/a,4/4,500,Score in Half,Moon Slits Bottom Panel,No Blank Envelopes
Majestic,Silk,5.5 x 8.5,Vertical,Rectangle,16PT C2S,No Coating,Silk,n/a,4/4,500,Score in Half,Moon Slits Bottom Panel,No Blank Envelopes
Majestic,Silk,4.25 x 11,Horizontal,Rectangle,16PT C2S,No Coating,Silk,n/a,4/0,1000,Score in Half,Moon Slits Bottom Panel,No Blank Envelopes
Majestic,Silk,5.5 x 8.5,Horizontal,Rectangle,16PT C2S,No Coating,Silk,n/a,4/0,1000,Score in Half,Moon Slits Bottom Panel,No Blank Envelopes
Majestic,Silk,4.25 x 11,Vertical,Rectangle,16PT C2S,No Coating,Silk,n/a,4/0,1000,Score in Half,Moon Slits Bottom Panel,No Blank Envelopes
Majestic,Silk,5.5 x 8.5,Vertical,Rectangle,16PT C2S,No Coating,Silk,n/a,4/0,1000,Score in Half,Moon Slits Bottom Panel,No Blank Envelopes
Majestic,Silk,4.25 x 11,Horizontal,Rectangle,16PT C2S,No Coating,Silk,n/a,4/1,1000,Score in Half,Moon Slits Bottom Panel,No Blank Envelopes
Majestic,Silk,5.5 x 8.5,Horizontal,Rectangle,16PT C2S,No Coating,Silk,n/a,4/1,1000,Score in Half,Moon Slits Bottom Panel,No Blank Envelopes
Majestic,Silk,4.25 x 11,Vertical,Rectangle,16PT C2S,No Coating,Silk,n/a,4/1,1000,Score in Half,Moon Slits Bottom Panel,No Blank Envelopes
Majestic,Silk,5.5 x 8.5,Vertical,Rectangle,16PT C2S,No Coating,Silk,n/a,4/1,1000,Score in Half,Moon Slits Bottom Panel,No Blank Envelopes
Majestic,Silk,4.25 x 11,Horizontal,Rectangle,16PT C2S,No Coating,Silk,n/a,4/4,1000,Score in Half,Moon Slits Bottom Panel,No Blank Envelopes
Majestic,Silk,5.5 x 8.5,Horizontal,Rectangle,16PT C2S,No Coating,Silk,n/a,4/4,1000,Score in Half,Moon Slits Bottom Panel,No Blank Envelopes
Majestic,Silk,4.25 x 11,Vertical,Rectangle,16PT C2S,No Coating,Silk,n/a,4/4,1000,Score in Half,Moon Slits Bottom Panel,No Blank Envelopes
Majestic,Silk,5.5 x 8.5,Vertical,Rectangle,16PT C2S,No Coating,Silk,n/a,4/4,1000,Score in Half,Moon Slits Bottom Panel,No Blank Envelopes
Majestic,Silk,4.25 x 11,Horizontal,Rectangle,16PT C2S,No Coating,Silk,n/a,4/0,2500,Score in Half,Moon Slits Bottom Panel,No Blank Envelopes
Majestic,Silk,5.5 x 8.5,Horizontal,Rectangle,16PT C2S,No Coating,Silk,n/a,4/0,2500,Score in Half,Moon Slits Bottom Panel,No Blank Envelopes
Majestic,Silk,4.25 x 11,Vertical,Rectangle,16PT C2S,No Coating,Silk,n/a,4/0,2500,Score in Half,Moon Slits Bottom Panel,No Blank Envelopes
Majestic,Silk,5.5 x 8.5,Vertical,Rectangle,16PT C2S,No Coating,Silk,n/a,4/0,2500,Score in Half,Moon Slits Bottom Panel,No Blank Envelopes
Majestic,Silk,4.25 x 11,Horizontal,Rectangle,16PT C2S,No Coating,Silk,n/a,4/1,2500,Score in Half,Moon Slits Bottom Panel,No Blank Envelopes
Majestic,Silk,5.5 x 8.5,Horizontal,Rectangle,16PT C2S,No Coating,Silk,n/a,4/1,2500,Score in Half,Moon Slits Bottom Panel,No Blank Envelopes
Majestic,Silk,4.25 x 11,Vertical,Rectangle,16PT C2S,No Coating,Silk,n/a,4/1,2500,Score in Half,Moon Slits Bottom Panel,No Blank Envelopes
Majestic,Silk,5.5 x 8.5,Vertical,Rectangle,16PT C2S,No Coating,Silk,n/a,4/1,2500,Score in Half,Moon Slits Bottom Panel,No Blank Envelopes
Majestic,Silk,4.25 x 11,Horizontal,Rectangle,16PT C2S,No Coating,Silk,n/a,4/4,2500,Score in Half,Moon Slits Bottom Panel,No Blank Envelopes
Majestic,Silk,5.5 x 8.5,Horizontal,Rectangle,16PT C2S,No Coating,Silk,n/a,4/4,2500,Score in Half,Moon Slits Bottom Panel,No Blank Envelopes
Majestic,Silk,4.25 x 11,Vertical,Rectangle,16PT C2S,No Coating,Silk,n/a,4/4,2500,Score in Half,Moon Slits Bottom Panel,No Blank Envelopes
Majestic,Silk,5.5 x 8.5,Vertical,Rectangle,16PT C2S,No Coating,Silk,n/a,4/4,2500,Score in Half,Moon Slits Bottom Panel,No Blank Envelopes
Majestic,Silk,4.25 x 11,Horizontal,Rectangle,16PT C2S,No Coating,Silk,n/a,4/0,5000,Score in Half,Moon Slits Bottom Panel,No Blank Envelopes
Majestic,Silk,5.5 x 8.5,Horizontal,Rectangle,16PT C2S,No Coating,Silk,n/a,4/0,5000,Score in Half,Moon Slits Bottom Panel,No Blank Envelopes
Majestic,Silk,4.25 x 11,Vertical,Rectangle,16PT C2S,No Coating,Silk,n/a,4/0,5000,Score in Half,Moon Slits Bottom Panel,No Blank Envelopes
Majestic,Silk,5.5 x 8.5,Vertical,Rectangle,16PT C2S,No Coating,Silk,n/a,4/0,5000,Score in Half,Moon Slits Bottom Panel,No Blank Envelopes
Majestic,Silk,4.25 x 11,Horizontal,Rectangle,16PT C2S,No Coating,Silk,n/a,4/1,5000,Score in Half,Moon Slits Bottom Panel,No Blank Envelopes
Majestic,Silk,5.5 x 8.5,Horizontal,Rectangle,16PT C2S,No Coating,Silk,n/a,4/1,5000,Score in Half,Moon Slits Bottom Panel,No Blank Envelopes
Majestic,Silk,4.25 x 11,Vertical,Rectangle,16PT C2S,No Coating,Silk,n/a,4/1,5000,Score in Half,Moon Slits Bottom Panel,No Blank Envelopes
Majestic,Silk,5.5 x 8.5,Vertical,Rectangle,16PT C2S,No Coating,Silk,n/a,4/1,5000,Score in Half,Moon Slits Bottom Panel,No Blank Envelopes
Majestic,Silk,4.25 x 11,Horizontal,Rectangle,16PT C2S,No Coating,Silk,n/a,4/4,5000,Score in Half,Moon Slits Bottom Panel,No Blank Envelopes
Majestic,Silk,5.5 x 8.5,Horizontal,Rectangle,16PT C2S,No Coating,Silk,n/a,4/4,5000,Score in Half,Moon Slits Bottom Panel,No Blank Envelopes
Majestic,Silk,4.25 x 11,Vertical,Rectangle,16PT C2S,No Coating,Silk,n/a,4/4,5000,Score in Half,Moon Slits Bottom Panel,No Blank Envelopes
Majestic,Silk,5.5 x 8.5,Vertical,Rectangle,16PT C2S,No Coating,Silk,n/a,4/4,5000,Score in Half,Moon Slits Bottom Panel,No Blank Envelopes
Majestic,Silk,4.25 x 11,Horizontal,Rectangle,16PT C2S,No Coating,Silk,n/a,4/0,10000,Score in Half,Moon Slits Bottom Panel,No Blank Envelopes
Majestic,Silk,5.5 x 8.5,Horizontal,Rectangle,16PT C2S,No Coating,Silk,n/a,4/0,10000,Score in Half,Moon Slits Bottom Panel,No Blank Envelopes
Majestic,Silk,4.25 x 11,Vertical,Rectangle,16PT C2S,No Coating,Silk,n/a,4/0,10000,Score in Half,Moon Slits Bottom Panel,No Blank Envelopes
Majestic,Silk,5.5 x 8.5,Vertical,Rectangle,16PT C2S,No Coating,Silk,n/a,4/0,10000,Score in Half,Moon Slits Bottom Panel,No Blank Envelopes
Majestic,Silk,4.25 x 11,Horizontal,Rectangle,16PT C2S,No Coating,Silk,n/a,4/1,10000,Score in Half,Moon Slits Bottom Panel,No Blank Envelopes
Majestic,Silk,5.5 x 8.5,Horizontal,Rectangle,16PT C2S,No Coating,Silk,n/a,4/1,10000,Score in Half,Moon Slits Bottom Panel,No Blank Envelopes
Majestic,Silk,5.5 x 8.5,Horizontal,Rectangle,16PT C2S,No Coating,Silk,n/a,4/4,100,Score in Half,Moon Slits Bottom Panel,No Blank Envelopes
Majestic,Silk,5.5 x 8.5,Vertical,Rectangle,16PT C2S,No Coating,Silk,n/a,4/1,10000,Score in Half,Moon Slits Bottom Panel,No Blank Envelopes
Majestic,Silk,4.25 x 11,Vertical,Rectangle,16PT C2S,No Coating,Silk,n/a,4/1,10000,Score in Half,Moon Slits Bottom Panel,No Blank Envelopes
Majestic,Silk,5.5 x 8.5,Horizontal,Rectangle,16PT C2S,No Coating,Silk,n/a,4/4,10000,Score in Half,Moon Slits Bottom Panel,No Blank Envelopes
Majestic,Silk,4.25 x 11,Vertical,Rectangle,16PT C2S,No Coating,Silk,n/a,4/4,10000,Score in Half,Moon Slits Bottom Panel,No Blank Envelopes
Majestic,Silk,5.5 x 8.5,Vertical,Rectangle,16PT C2S,No Coating,Silk,n/a,4/4,10000,Score in Half,Moon Slits Bottom Panel,No Blank Envelopes
Majestic,Silk,4.25 x 11,Horizontal,Rectangle,16PT C2S,No Coating,Silk,n/a,4/0,25,Score in Half,Moon Slits Right Panel,No Blank Envelopes
Majestic,Silk,5.5 x 8.5,Horizontal,Rectangle,16PT C2S,No Coating,Silk,n/a,4/0,25,Score in Half,Moon Slits Right Panel,No Blank Envelopes
Majestic,Silk,4.25 x 11,Vertical,Rectangle,16PT C2S,No Coating,Silk,n/a,4/0,25,Score in Half,Moon Slits Right Panel,No Blank Envelopes
Majestic,Silk,5.5 x 8.5,Vertical,Rectangle,16PT C2S,No Coating,Silk,n/a,4/0,25,Score in Half,Moon Slits Right Panel,No Blank Envelopes
Majestic,Silk,4.25 x 11,Horizontal,Rectangle,16PT C2S,No Coating,Silk,n/a,4/1,25,Score in Half,Moon Slits Right Panel,No Blank Envelopes
Majestic,Silk,5.5 x 8.5,Horizontal,Rectangle,16PT C2S,No Coating,Silk,n/a,4/1,25,Score in Half,Moon Slits Right Panel,No Blank Envelopes
Majestic,Silk,4.25 x 11,Vertical,Rectangle,16PT C2S,No Coating,Silk,n/a,4/1,25,Score in Half,Moon Slits Right Panel,No Blank Envelopes
Majestic,Silk,5.5 x 8.5,Vertical,Rectangle,16PT C2S,No Coating,Silk,n/a,4/1,25,Score in Half,Moon Slits Right Panel,No Blank Envelopes
Majestic,Silk,4.25 x 11,Horizontal,Rectangle,16PT C2S,No Coating,Silk,n/a,4/4,25,Score in Half,Moon Slits Right Panel,No Blank Envelopes
Majestic,Silk,5.5 x 8.5,Horizontal,Rectangle,16PT C2S,No Coating,Silk,n/a,4/4,25,Score in Half,Moon Slits Right Panel,No Blank Envelopes
Majestic,Silk,4.25 x 11,Vertical,Rectangle,16PT C2S,No Coating,Silk,n/a,4/4,25,Score in Half,Moon Slits Right Panel,No Blank Envelopes
Majestic,Silk,5.5 x 8.5,Vertical,Rectangle,16PT C2S,No Coating,Silk,n/a,4/4,25,Score in Half,Moon Slits Right Panel,No Blank Envelopes
Majestic,Silk,4.25 x 11,Horizontal,Rectangle,16PT C2S,No Coating,Silk,n/a,4/0,50,Score in Half,Moon Slits Right Panel,No Blank Envelopes
Majestic,Silk,5.5 x 8.5,Horizontal,Rectangle,16PT C2S,No Coating,Silk,n/a,4/0,50,Score in Half,Moon Slits Right Panel,No Blank Envelopes
Majestic,Silk,4.25 x 11,Vertical,Rectangle,16PT C2S,No Coating,Silk,n/a,4/0,50,Score in Half,Moon Slits Right Panel,No Blank Envelopes
Majestic,Silk,5.5 x 8.5,Horizontal,Rectangle,16PT C2S,No Coating,Silk,n/a,4/0,75,Score in Half,Moon Slits Bottom Panel,No Blank Envelopes
Majestic,Silk,4.25 x 11,Horizontal,Rectangle,16PT C2S,No Coating,Silk,n/a,4/1,50,Score in Half,Moon Slits Right Panel,No Blank Envelopes
Majestic,Silk,5.5 x 8.5,Horizontal,Rectangle,16PT C2S,No Coating,Silk,n/a,4/1,50,Score in Half,Moon Slits Right Panel,No Blank Envelopes
Majestic,Silk,4.25 x 11,Vertical,Rectangle,16PT C2S,No Coating,Silk,n/a,4/1,50,Score in Half,Moon Slits Right Panel,No Blank Envelopes
Majestic,Silk,5.5 x 8.5,Vertical,Rectangle,16PT C2S,No Coating,Silk,n/a,4/1,50,Score in Half,Moon Slits Right Panel,No Blank Envelopes
Majestic,Silk,4.25 x 11,Horizontal,Rectangle,16PT C2S,No Coating,Silk,n/a,4/4,50,Score in Half,Moon Slits Right Panel,No Blank Envelopes
Majestic,Silk,5.5 x 8.5,Horizontal,Rectangle,16PT C2S,No Coating,Silk,n/a,4/4,50,Score in Half,Moon Slits Right Panel,No Blank Envelopes
Majestic,Silk,4.25 x 11,Vertical,Rectangle,16PT C2S,No Coating,Silk,n/a,4/4,50,Score in Half,Moon Slits Right Panel,No Blank Envelopes
Majestic,Silk,5.5 x 8.5,Vertical,Rectangle,16PT C2S,No Coating,Silk,n/a,4/4,50,Score in Half,Moon Slits Right Panel,No Blank Envelopes
Majestic,Silk,4.25 x 11,Horizontal,Rectangle,16PT C2S,No Coating,Silk,n/a,4/0,75,Score in Half,Moon Slits Right Panel,No Blank Envelopes
Majestic,Silk,5.5 x 8.5,Horizontal,Rectangle,16PT C2S,No Coating,Silk,n/a,4/0,75,Score in Half,Moon Slits Right Panel,No Blank Envelopes
Majestic,Silk,4.25 x 11,Vertical,Rectangle,16PT C2S,No Coating,Silk,n/a,4/0,75,Score in Half,Moon Slits Right Panel,No Blank Envelopes
Majestic,Silk,5.5 x 8.5,Vertical,Rectangle,16PT C2S,No Coating,Silk,n/a,4/0,75,Score in Half,Moon Slits Right Panel,No Blank Envelopes
Majestic,Silk,4.25 x 11,Horizontal,Rectangle,16PT C2S,No Coating,Silk,n/a,4/1,75,Score in Half,Moon Slits Right Panel,No Blank Envelopes
Majestic,Silk,5.5 x 8.5,Horizontal,Rectangle,16PT C2S,No Coating,Silk,n/a,4/1,75,Score in Half,Moon Slits Right Panel,No Blank Envelopes
Majestic,Silk,4.25 x 11,Vertical,Rectangle,16PT C2S,No Coating,Silk,n/a,4/1,75,Score in Half,Moon Slits Right Panel,No Blank Envelopes
Majestic,Silk,5.5 x 8.5,Vertical,Rectangle,16PT C2S,No Coating,Silk,n/a,4/1,75,Score in Half,Moon Slits Right Panel,No Blank Envelopes
Majestic,Silk,4.25 x 11,Horizontal,Rectangle,16PT C2S,No Coating,Silk,n/a,4/4,75,Score in Half,Moon Slits Right Panel,No Blank Envelopes
Majestic,Silk,5.5 x 8.5,Horizontal,Rectangle,16PT C2S,No Coating,Silk,n/a,4/4,75,Score in Half,Moon Slits Right Panel,No Blank Envelopes
Majestic,Silk,4.25 x 11,Vertical,Rectangle,16PT C2S,No Coating,Silk,n/a,4/4,75,Score in Half,Moon Slits Right Panel,No Blank Envelopes
Majestic,Silk,5.5 x 8.5,Vertical,Rectangle,16PT C2S,No Coating,Silk,n/a,4/4,75,Score in Half,Moon Slits Right Panel,No Blank Envelopes
Majestic,Silk,4.25 x 11,Horizontal,Rectangle,16PT C2S,No Coating,Silk,n/a,4/0,100,Score in Half,Moon Slits Right Panel,No Blank Envelopes
Majestic,Silk,5.5 x 8.5,Horizontal,Rectangle,16PT C2S,No Coating,Silk,n/a,4/0,100,Score in Half,Moon Slits Right Panel,No Blank Envelopes
Majestic,Silk,4.25 x 11,Vertical,Rectangle,16PT C2S,No Coating,Silk,n/a,4/0,100,Score in Half,Moon Slits Right Panel,No Blank Envelopes
Majestic,Silk,5.5 x 8.5,Vertical,Rectangle,16PT C2S,No Coating,Silk,n/a,4/0,100,Score in Half,Moon Slits Right Panel,No Blank Envelopes
Majestic,Silk,4.25 x 11,Horizontal,Rectangle,16PT C2S,No Coating,Silk,n/a,4/1,100,Score in Half,Moon Slits Right Panel,No Blank Envelopes
Majestic,Silk,5.5 x 8.5,Horizontal,Rectangle,16PT C2S,No Coating,Silk,n/a,4/1,100,Score in Half,Moon Slits Right Panel,No Blank Envelopes
Majestic,Silk,4.25 x 11,Vertical,Rectangle,16PT C2S,No Coating,Silk,n/a,4/1,100,Score in Half,Moon Slits Right Panel,No Blank Envelopes
Majestic,Silk,5.5 x 8.5,Vertical,Rectangle,16PT C2S,No Coating,Silk,n/a,4/1,100,Score in Half,Moon Slits Right Panel,No Blank Envelopes
Majestic,Silk,4.25 x 11,Horizontal,Rectangle,16PT C2S,No Coating,Silk,n/a,4/4,100,Score in Half,Moon Slits Right Panel,No Blank Envelopes
Majestic,Silk,5.5 x 8.5,Horizontal,Rectangle,16PT C2S,No Coating,Silk,n/a,4/4,100,Score in Half,Moon Slits Right Panel,No Blank Envelopes
Majestic,Silk,4.25 x 11,Vertical,Rectangle,16PT C2S,No Coating,Silk,n/a,4/4,100,Score in Half,Moon Slits Right Panel,No Blank Envelopes
Majestic,Silk,5.5 x 8.5,Vertical,Rectangle,16PT C2S,No Coating,Silk,n/a,4/4,100,Score in Half,Moon Slits Right Panel,No Blank Envelopes
Majestic,Silk,4.25 x 11,Horizontal,Rectangle,16PT C2S,No Coating,Silk,n/a,4/0,250,Score in Half,Moon Slits Right Panel,No Blank Envelopes
Majestic,Silk,5.5 x 8.5,Horizontal,Rectangle,16PT C2S,No Coating,Silk,n/a,4/0,250,Score in Half,Moon Slits Right Panel,No Blank Envelopes
Majestic,Silk,4.25 x 11,Vertical,Rectangle,16PT C2S,No Coating,Silk,n/a,4/0,250,Score in Half,Moon Slits Right Panel,No Blank Envelopes
Majestic,Silk,5.5 x 8.5,Vertical,Rectangle,16PT C2S,No Coating,Silk,n/a,4/0,250,Score in Half,Moon Slits Right Panel,No Blank Envelopes
Majestic,Silk,4.25 x 11,Horizontal,Rectangle,16PT C2S,No Coating,Silk,n/a,4/1,250,Score in Half,Moon Slits Right Panel,No Blank Envelopes
Majestic,Silk,5.5 x 8.5,Horizontal,Rectangle,16PT C2S,No Coating,Silk,n/a,4/1,250,Score in Half,Moon Slits Right Panel,No Blank Envelopes
Majestic,Silk,4.25 x 11,Vertical,Rectangle,16PT C2S,No Coating,Silk,n/a,4/1,250,Score in Half,Moon Slits Right Panel,No Blank Envelopes
Majestic,Silk,5.5 x 8.5,Vertical,Rectangle,16PT C2S,No Coating,Silk,n/a,4/1,250,Score in Half,Moon Slits Right Panel,No Blank Envelopes
Majestic,Silk,4.25 x 11,Horizontal,Rectangle,16PT C2S,No Coating,Silk,n/a,4/4,250,Score in Half,Moon Slits Right Panel,No Blank Envelopes
Majestic,Silk,5.5 x 8.5,Horizontal,Rectangle,16PT C2S,No Coating,Silk,n/a,4/4,250,Score in Half,Moon Slits Right Panel,No Blank Envelopes
Majestic,Silk,4.25 x 11,Vertical,Rectangle,16PT C2S,No Coating,Silk,n/a,4/4,250,Score in Half,Moon Slits Right Panel,No Blank Envelopes
Majestic,Silk,5.5 x 8.5,Vertical,Rectangle,16PT C2S,No Coating,Silk,n/a,4/4,250,Score in Half,Moon Slits Right Panel,No Blank Envelopes
Majestic,Silk,4.25 x 11,Horizontal,Rectangle,16PT C2S,No Coating,Silk,n/a,4/0,500,Score in Half,Moon Slits Right Panel,No Blank Envelopes
Majestic,Silk,5.5 x 8.5,Horizontal,Rectangle,16PT C2S,No Coating,Silk,n/a,4/0,500,Score in Half,Moon Slits Right Panel,No Blank Envelopes
Majestic,Silk,4.25 x 11,Vertical,Rectangle,16PT C2S,No Coating,Silk,n/a,4/0,500,Score in Half,Moon Slits Right Panel,No Blank Envelopes
Majestic,Silk,5.5 x 8.5,Vertical,Rectangle,16PT C2S,No Coating,Silk,n/a,4/0,500,Score in Half,Moon Slits Right Panel,No Blank Envelopes
Majestic,Silk,4.25 x 11,Horizontal,Rectangle,16PT C2S,No Coating,Silk,n/a,4/1,500,Score in Half,Moon Slits Right Panel,No Blank Envelopes
Majestic,Silk,5.5 x 8.5,Horizontal,Rectangle,16PT C2S,No Coating,Silk,n/a,4/1,500,Score in Half,Moon Slits Right Panel,No Blank Envelopes
Majestic,Silk,4.25 x 11,Vertical,Rectangle,16PT C2S,No Coating,Silk,n/a,4/1,500,Score in Half,Moon Slits Right Panel,No Blank Envelopes
Majestic,Silk,5.5 x 8.5,Vertical,Rectangle,16PT C2S,No Coating,Silk,n/a,4/1,500,Score in Half,Moon Slits Right Panel,No Blank Envelopes
Majestic,Silk,4.25 x 11,Horizontal,Rectangle,16PT C2S,No Coating,Silk,n/a,4/4,500,Score in Half,Moon Slits Right Panel,No Blank Envelopes
Majestic,Silk,5.5 x 8.5,Horizontal,Rectangle,16PT C2S,No Coating,Silk,n/a,4/4,500,Score in Half,Moon Slits Right Panel,No Blank Envelopes
Majestic,Silk,4.25 x 11,Vertical,Rectangle,16PT C2S,No Coating,Silk,n/a,4/4,500,Score in Half,Moon Slits Right Panel,No Blank Envelopes
Majestic,Silk,5.5 x 8.5,Vertical,Rectangle,16PT C2S,No Coating,Silk,n/a,4/4,500,Score in Half,Moon Slits Right Panel,No Blank Envelopes
Majestic,Silk,4.25 x 11,Horizontal,Rectangle,16PT C2S,No Coating,Silk,n/a,4/0,1000,Score in Half,Moon Slits Right Panel,No Blank Envelopes
Majestic,Silk,5.5 x 8.5,Horizontal,Rectangle,16PT C2S,No Coating,Silk,n/a,4/0,1000,Score in Half,Moon Slits Right Panel,No Blank Envelopes
Majestic,Silk,4.25 x 11,Vertical,Rectangle,16PT C2S,No Coating,Silk,n/a,4/0,1000,Score in Half,Moon Slits Right Panel,No Blank Envelopes
Majestic,Silk,5.5 x 8.5,Vertical,Rectangle,16PT C2S,No Coating,Silk,n/a,4/0,1000,Score in Half,Moon Slits Right Panel,No Blank Envelopes
Majestic,Silk,4.25 x 11,Horizontal,Rectangle,16PT C2S,No Coating,Silk,n/a,4/1,1000,Score in Half,Moon Slits Right Panel,No Blank Envelopes
Majestic,Silk,4.25 x 11,Horizontal,Rectangle,16PT C2S,No Coating,Silk,n/a,4/4,10000,Score in Half,Moon Slits Bottom Panel,No Blank Envelopes
Majestic,Silk,4.25 x 11,Vertical,Rectangle,16PT C2S,No Coating,Silk,n/a,4/1,1000,Score in Half,Moon Slits Right Panel,No Blank Envelopes
Majestic,Silk,5.5 x 8.5,Vertical,Rectangle,16PT C2S,No Coating,Silk,n/a,4/1,1000,Score in Half,Moon Slits Right Panel,No Blank Envelopes
Majestic,Silk,5.5 x 8.5,Horizontal,Rectangle,16PT C2S,No Coating,Silk,n/a,4/4,1000,Score in Half,Moon Slits Right Panel,No Blank Envelopes
Majestic,Silk,4.25 x 11,Horizontal,Rectangle,16PT C2S,No Coating,Silk,n/a,4/4,1000,Score in Half,Moon Slits Right Panel,No Blank Envelopes
Majestic,Silk,4.25 x 11,Vertical,Rectangle,16PT C2S,No Coating,Silk,n/a,4/4,1000,Score in Half,Moon Slits Right Panel,No Blank Envelopes
Majestic,Silk,5.5 x 8.5,Vertical,Rectangle,16PT C2S,No Coating,Silk,n/a,4/4,1000,Score in Half,Moon Slits Right Panel,No Blank Envelopes
Majestic,Silk,4.25 x 11,Horizontal,Rectangle,16PT C2S,No Coating,Silk,n/a,4/0,2500,Score in Half,Moon Slits Right Panel,No Blank Envelopes
Majestic,Silk,5.5 x 8.5,Horizontal,Rectangle,16PT C2S,No Coating,Silk,n/a,4/0,2500,Score in Half,Moon Slits Right Panel,No Blank Envelopes
Majestic,Silk,4.25 x 11,Vertical,Rectangle,16PT C2S,No Coating,Silk,n/a,4/0,2500,Score in Half,Moon Slits Right Panel,No Blank Envelopes
Majestic,Silk,5.5 x 8.5,Vertical,Rectangle,16PT C2S,No Coating,Silk,n/a,4/0,2500,Score in Half,Moon Slits Right Panel,No Blank Envelopes
Majestic,Silk,4.25 x 11,Horizontal,Rectangle,16PT C2S,No Coating,Silk,n/a,4/1,2500,Score in Half,Moon Slits Right Panel,No Blank Envelopes
Majestic,Silk,5.5 x 8.5,Horizontal,Rectangle,16PT C2S,No Coating,Silk,n/a,4/1,2500,Score in Half,Moon Slits Right Panel,No Blank Envelopes
Majestic,Silk,4.25 x 11,Vertical,Rectangle,16PT C2S,No Coating,Silk,n/a,4/1,2500,Score in Half,Moon Slits Right Panel,No Blank Envelopes
Majestic,Silk,5.5 x 8.5,Vertical,Rectangle,16PT C2S,No Coating,Silk,n/a,4/1,2500,Score in Half,Moon Slits Right Panel,No Blank Envelopes
Majestic,Silk,4.25 x 11,Horizontal,Rectangle,16PT C2S,No Coating,Silk,n/a,4/4,2500,Score in Half,Moon Slits Right Panel,No Blank Envelopes
Majestic,Silk,5.5 x 8.5,Horizontal,Rectangle,16PT C2S,No Coating,Silk,n/a,4/4,2500,Score in Half,Moon Slits Right Panel,No Blank Envelopes
Majestic,Silk,4.25 x 11,Vertical,Rectangle,16PT C2S,No Coating,Silk,n/a,4/4,2500,Score in Half,Moon Slits Right Panel,No Blank Envelopes
Majestic,Silk,5.5 x 8.5,Vertical,Rectangle,16PT C2S,No Coating,Silk,n/a,4/4,2500,Score in Half,Moon Slits Right Panel,No Blank Envelopes
Majestic,Silk,4.25 x 11,Horizontal,Rectangle,16PT C2S,No Coating,Silk,n/a,4/0,5000,Score in Half,Moon Slits Right Panel,No Blank Envelopes
Majestic,Silk,4.25 x 11,Vertical,Rectangle,16PT C2S,No Coating,Silk,n/a,4/0,5000,Score in Half,Moon Slits Right Panel,No Blank Envelopes
Majestic,Silk,5.5 x 8.5,Horizontal,Rectangle,16PT C2S,No Coating,Silk,n/a,4/0,5000,Score in Half,Moon Slits Right Panel,No Blank Envelopes
Majestic,Silk,5.5 x 8.5,Vertical,Rectangle,16PT C2S,No Coating,Silk,n/a,4/0,5000,Score in Half,Moon Slits Right Panel,No Blank Envelopes
Majestic,Silk,4.25 x 11,Horizontal,Rectangle,16PT C2S,No Coating,Silk,n/a,4/1,5000,Score in Half,Moon Slits Right Panel,No Blank Envelopes
Majestic,Silk,5.5 x 8.5,Horizontal,Rectangle,16PT C2S,No Coating,Silk,n/a,4/1,5000,Score in Half,Moon Slits Right Panel,No Blank Envelopes
Majestic,Silk,4.25 x 11,Vertical,Rectangle,16PT C2S,No Coating,Silk,n/a,4/1,5000,Score in Half,Moon Slits Right Panel,No Blank Envelopes
Majestic,Silk,5.5 x 8.5,Vertical,Rectangle,16PT C2S,No Coating,Silk,n/a,4/1,5000,Score in Half,Moon Slits Right Panel,No Blank Envelopes
Majestic,Silk,4.25 x 11,Horizontal,Rectangle,16PT C2S,No Coating,Silk,n/a,4/4,5000,Score in Half,Moon Slits Right Panel,No Blank Envelopes
Majestic,Silk,5.5 x 8.5,Horizontal,Rectangle,16PT C2S,No Coating,Silk,n/a,4/4,5000,Score in Half,Moon Slits Right Panel,No Blank Envelopes
Majestic,Silk,4.25 x 11,Vertical,Rectangle,16PT C2S,No Coating,Silk,n/a,4/4,5000,Score in Half,Moon Slits Right Panel,No Blank Envelopes
Majestic,Silk,5.5 x 8.5,Vertical,Rectangle,16PT C2S,No Coating,Silk,n/a,4/4,5000,Score in Half,Moon Slits Right Panel,No Blank Envelopes
Majestic,Silk,4.25 x 11,Horizontal,Rectangle,16PT C2S,No Coating,Silk,n/a,4/0,10000,Score in Half,Moon Slits Right Panel,No Blank Envelopes
Majestic,Silk,5.5 x 8.5,Horizontal,Rectangle,16PT C2S,No Coating,Silk,n/a,4/0,10000,Score in Half,Moon Slits Right Panel,No Blank Envelopes
Majestic,Silk,4.25 x 11,Vertical,Rectangle,16PT C2S,No Coating,Silk,n/a,4/0,10000,Score in Half,Moon Slits Right Panel,No Blank Envelopes
Majestic,Silk,5.5 x 8.5,Vertical,Rectangle,16PT C2S,No Coating,Silk,n/a,4/0,10000,Score in Half,Moon Slits Right Panel,No Blank Envelopes
Majestic,Silk,4.25 x 11,Horizontal,Rectangle,16PT C2S,No Coating,Silk,n/a,4/1,10000,Score in Half,Moon Slits Right Panel,No Blank Envelopes
Majestic,Silk,5.5 x 8.5,Horizontal,Rectangle,16PT C2S,No Coating,Silk,n/a,4/1,10000,Score in Half,Moon Slits Right Panel,No Blank Envelopes
Majestic,Silk,4.25 x 11,Vertical,Rectangle,16PT C2S,No Coating,Silk,n/a,4/1,10000,Score in Half,Moon Slits Right Panel,No Blank Envelopes
Majestic,Silk,5.5 x 8.5,Vertical,Rectangle,16PT C2S,No Coating,Silk,n/a,4/1,10000,Score in Half,Moon Slits Right Panel,No Blank Envelopes
Majestic,Silk,4.25 x 11,Horizontal,Rectangle,16PT C2S,No Coating,Silk,n/a,4/4,10000,Score in Half,Moon Slits Right Panel,No Blank Envelopes
Majestic,Silk,5.5 x 8.5,Horizontal,Rectangle,16PT C2S,No Coating,Silk,n/a,4/4,10000,Score in Half,Moon Slits Right Panel,No Blank Envelopes
Majestic,Silk,4.25 x 11,Vertical,Rectangle,16PT C2S,No Coating,Silk,n/a,4/4,10000,Score in Half,Moon Slits Right Panel,No Blank Envelopes
Majestic,Silk,5.5 x 8.5,Vertical,Rectangle,16PT C2S,No Coating,Silk,n/a,4/4,10000,Score in Half,Moon Slits Right Panel,No Blank Envelopes
Majestic,Silk,4.25 x 11,Horizontal,Rectangle,16PT C2S,No Coating,Silk,n/a,4/0,25,Score in Half,No Gift Cards Slits,No Blank Envelopes
Majestic,Silk,5.5 x 8.5,Vertical,Rectangle,16PT C2S,No Coating,Silk,n/a,4/0,50,Score in Half,Moon Slits Right Panel,No Blank Envelopes
Majestic,Silk,4.25 x 11,Vertical,Rectangle,16PT C2S,No Coating,Silk,n/a,4/0,25,Score in Half,No Gift Cards Slits,No Blank Envelopes
Majestic,Silk,5.5 x 8.5,Vertical,Rectangle,16PT C2S,No Coating,Silk,n/a,4/0,25,Score in Half,No Gift Cards Slits,No Blank Envelopes
Majestic,Silk,4.25 x 11,Horizontal,Rectangle,16PT C2S,No Coating,Silk,n/a,4/1,25,Score in Half,No Gift Cards Slits,No Blank Envelopes
Majestic,Silk,5.5 x 8.5,Horizontal,Rectangle,16PT C2S,No Coating,Silk,n/a,4/1,25,Score in Half,No Gift Cards Slits,No Blank Envelopes
Majestic,Silk,4.25 x 11,Vertical,Rectangle,16PT C2S,No Coating,Silk,n/a,4/1,25,Score in Half,No Gift Cards Slits,No Blank Envelopes
Majestic,Silk,5.5 x 8.5,Vertical,Rectangle,16PT C2S,No Coating,Silk,n/a,4/1,25,Score in Half,No Gift Cards Slits,No Blank Envelopes
Majestic,Silk,4.25 x 11,Horizontal,Rectangle,16PT C2S,No Coating,Silk,n/a,4/4,25,Score in Half,No Gift Cards Slits,No Blank Envelopes
Majestic,Silk,5.5 x 8.5,Horizontal,Rectangle,16PT C2S,No Coating,Silk,n/a,4/4,25,Score in Half,No Gift Cards Slits,No Blank Envelopes
Majestic,Silk,4.25 x 11,Vertical,Rectangle,16PT C2S,No Coating,Silk,n/a,4/4,25,Score in Half,No Gift Cards Slits,No Blank Envelopes
Majestic,Silk,5.5 x 8.5,Vertical,Rectangle,16PT C2S,No Coating,Silk,n/a,4/4,25,Score in Half,No Gift Cards Slits,No Blank Envelopes
Majestic,Silk,4.25 x 11,Horizontal,Rectangle,16PT C2S,No Coating,Silk,n/a,4/0,50,Score in Half,No Gift Cards Slits,No Blank Envelopes
Majestic,Silk,5.5 x 8.5,Horizontal,Rectangle,16PT C2S,No Coating,Silk,n/a,4/0,50,Score in Half,No Gift Cards Slits,No Blank Envelopes
Majestic,Silk,4.25 x 11,Vertical,Rectangle,16PT C2S,No Coating,Silk,n/a,4/0,50,Score in Half,No Gift Cards Slits,No Blank Envelopes
Majestic,Silk,5.5 x 8.5,Vertical,Rectangle,16PT C2S,No Coating,Silk,n/a,4/0,50,Score in Half,No Gift Cards Slits,No Blank Envelopes
Majestic,Silk,5.5 x 8.5,Horizontal,Rectangle,16PT C2S,No Coating,Silk,n/a,4/0,25,Score in Half,No Gift Cards Slits,No Blank Envelopes
Majestic,Silk,5.5 x 8.5,Horizontal,Rectangle,16PT C2S,No Coating,Silk,n/a,4/1,50,Score in Half,No Gift Cards Slits,No Blank Envelopes
Majestic,Silk,4.25 x 11,Vertical,Rectangle,16PT C2S,No Coating,Silk,n/a,4/1,50,Score in Half,No Gift Cards Slits,No Blank Envelopes
Majestic,Silk,5.5 x 8.5,Vertical,Rectangle,16PT C2S,No Coating,Silk,n/a,4/1,50,Score in Half,No Gift Cards Slits,No Blank Envelopes
Majestic,Silk,4.25 x 11,Horizontal,Rectangle,16PT C2S,No Coating,Silk,n/a,4/4,50,Score in Half,No Gift Cards Slits,No Blank Envelopes
Majestic,Silk,5.5 x 8.5,Horizontal,Rectangle,16PT C2S,No Coating,Silk,n/a,4/4,50,Score in Half,No Gift Cards Slits,No Blank Envelopes
Majestic,Silk,4.25 x 11,Horizontal,Rectangle,16PT C2S,No Coating,Silk,n/a,4/1,50,Score in Half,No Gift Cards Slits,No Blank Envelopes
Majestic,Silk,5.5 x 8.5,Vertical,Rectangle,16PT C2S,No Coating,Silk,n/a,4/4,50,Score in Half,No Gift Cards Slits,No Blank Envelopes
Majestic,Silk,4.25 x 11,Horizontal,Rectangle,16PT C2S,No Coating,Silk,n/a,4/0,75,Score in Half,No Gift Cards Slits,No Blank Envelopes
Majestic,Silk,5.5 x 8.5,Horizontal,Rectangle,16PT C2S,No Coating,Silk,n/a,4/0,75,Score in Half,No Gift Cards Slits,No Blank Envelopes
Majestic,Silk,4.25 x 11,Vertical,Rectangle,16PT C2S,No Coating,Silk,n/a,4/0,75,Score in Half,No Gift Cards Slits,No Blank Envelopes
Majestic,Silk,5.5 x 8.5,Vertical,Rectangle,16PT C2S,No Coating,Silk,n/a,4/0,75,Score in Half,No Gift Cards Slits,No Blank Envelopes
Majestic,Silk,4.25 x 11,Horizontal,Rectangle,16PT C2S,No Coating,Silk,n/a,4/1,75,Score in Half,No Gift Cards Slits,No Blank Envelopes
Majestic,Silk,5.5 x 8.5,Horizontal,Rectangle,16PT C2S,No Coating,Silk,n/a,4/1,75,Score in Half,No Gift Cards Slits,No Blank Envelopes
Majestic,Silk,5.5 x 8.5,Horizontal,Rectangle,16PT C2S,No Coating,Silk,n/a,4/1,1000,Score in Half,Moon Slits Right Panel,No Blank Envelopes
Majestic,Silk,5.5 x 8.5,Vertical,Rectangle,16PT C2S,No Coating,Silk,n/a,4/1,75,Score in Half,No Gift Cards Slits,No Blank Envelopes
Majestic,Silk,4.25 x 11,Horizontal,Rectangle,16PT C2S,No Coating,Silk,n/a,4/4,75,Score in Half,No Gift Cards Slits,No Blank Envelopes
Majestic,Silk,5.5 x 8.5,Horizontal,Rectangle,16PT C2S,No Coating,Silk,n/a,4/4,75,Score in Half,No Gift Cards Slits,No Blank Envelopes
Majestic,Silk,4.25 x 11,Vertical,Rectangle,16PT C2S,No Coating,Silk,n/a,4/4,75,Score in Half,No Gift Cards Slits,No Blank Envelopes
Majestic,Silk,5.5 x 8.5,Vertical,Rectangle,16PT C2S,No Coating,Silk,n/a,4/4,75,Score in Half,No Gift Cards Slits,No Blank Envelopes
Majestic,Silk,4.25 x 11,Horizontal,Rectangle,16PT C2S,No Coating,Silk,n/a,4/0,100,Score in Half,No Gift Cards Slits,No Blank Envelopes
Majestic,Silk,5.5 x 8.5,Horizontal,Rectangle,16PT C2S,No Coating,Silk,n/a,4/0,100,Score in Half,No Gift Cards Slits,No Blank Envelopes
Majestic,Silk,4.25 x 11,Vertical,Rectangle,16PT C2S,No Coating,Silk,n/a,4/0,100,Score in Half,No Gift Cards Slits,No Blank Envelopes
Majestic,Silk,4.25 x 11,Vertical,Rectangle,16PT C2S,No Coating,Silk,n/a,4/1,75,Score in Half,No Gift Cards Slits,No Blank Envelopes
Majestic,Silk,4.25 x 11,Horizontal,Rectangle,16PT C2S,No Coating,Silk,n/a,4/1,100,Score in Half,No Gift Cards Slits,No Blank Envelopes
Majestic,Silk,5.5 x 8.5,Horizontal,Rectangle,16PT C2S,No Coating,Silk,n/a,4/1,100,Score in Half,No Gift Cards Slits,No Blank Envelopes
Majestic,Silk,4.25 x 11,Vertical,Rectangle,16PT C2S,No Coating,Silk,n/a,4/1,100,Score in Half,No Gift Cards Slits,No Blank Envelopes
Majestic,Silk,5.5 x 8.5,Vertical,Rectangle,16PT C2S,No Coating,Silk,n/a,4/1,100,Score in Half,No Gift Cards Slits,No Blank Envelopes
Majestic,Silk,4.25 x 11,Horizontal,Rectangle,16PT C2S,No Coating,Silk,n/a,4/4,100,Score in Half,No Gift Cards Slits,No Blank Envelopes
Majestic,Silk,5.5 x 8.5,Horizontal,Rectangle,16PT C2S,No Coating,Silk,n/a,4/4,100,Score in Half,No Gift Cards Slits,No Blank Envelopes
Majestic,Silk,4.25 x 11,Vertical,Rectangle,16PT C2S,No Coating,Silk,n/a,4/4,100,Score in Half,No Gift Cards Slits,No Blank Envelopes
Majestic,Silk,5.5 x 8.5,Vertical,Rectangle,16PT C2S,No Coating,Silk,n/a,4/4,100,Score in Half,No Gift Cards Slits,No Blank Envelopes
Majestic,Silk,4.25 x 11,Horizontal,Rectangle,16PT C2S,No Coating,Silk,n/a,4/0,250,Score in Half,No Gift Cards Slits,No Blank Envelopes
Majestic,Silk,5.5 x 8.5,Horizontal,Rectangle,16PT C2S,No Coating,Silk,n/a,4/0,250,Score in Half,No Gift Cards Slits,No Blank Envelopes
Majestic,Silk,4.25 x 11,Vertical,Rectangle,16PT C2S,No Coating,Silk,n/a,4/0,250,Score in Half,No Gift Cards Slits,No Blank Envelopes
Majestic,Silk,5.5 x 8.5,Vertical,Rectangle,16PT C2S,No Coating,Silk,n/a,4/0,250,Score in Half,No Gift Cards Slits,No Blank Envelopes
Majestic,Silk,4.25 x 11,Horizontal,Rectangle,16PT C2S,No Coating,Silk,n/a,4/1,250,Score in Half,No Gift Cards Slits,No Blank Envelopes
Majestic,Silk,5.5 x 8.5,Horizontal,Rectangle,16PT C2S,No Coating,Silk,n/a,4/1,250,Score in Half,No Gift Cards Slits,No Blank Envelopes
Majestic,Silk,4.25 x 11,Vertical,Rectangle,16PT C2S,No Coating,Silk,n/a,4/1,250,Score in Half,No Gift Cards Slits,No Blank Envelopes
Majestic,Silk,5.5 x 8.5,Vertical,Rectangle,16PT C2S,No Coating,Silk,n/a,4/1,250,Score in Half,No Gift Cards Slits,No Blank Envelopes
Majestic,Silk,4.25 x 11,Horizontal,Rectangle,16PT C2S,No Coating,Silk,n/a,4/4,250,Score in Half,No Gift Cards Slits,No Blank Envelopes
Majestic,Silk,4.25 x 11,Vertical,Rectangle,16PT C2S,No Coating,Silk,n/a,4/4,250,Score in Half,No Gift Cards Slits,No Blank Envelopes
Majestic,Silk,5.5 x 8.5,Horizontal,Rectangle,16PT C2S,No Coating,Silk,n/a,4/4,250,Score in Half,No Gift Cards Slits,No Blank Envelopes
Majestic,Silk,4.25 x 11,Horizontal,Rectangle,16PT C2S,No Coating,Silk,n/a,4/0,500,Score in Half,No Gift Cards Slits,No Blank Envelopes
Majestic,Silk,5.5 x 8.5,Vertical,Rectangle,16PT C2S,No Coating,Silk,n/a,4/4,250,Score in Half,No Gift Cards Slits,No Blank Envelopes
Majestic,Silk,4.25 x 11,Vertical,Rectangle,16PT C2S,No Coating,Silk,n/a,4/0,500,Score in Half,No Gift Cards Slits,No Blank Envelopes
Majestic,Silk,5.5 x 8.5,Vertical,Rectangle,16PT C2S,No Coating,Silk,n/a,4/0,500,Score in Half,No Gift Cards Slits,No Blank Envelopes
Majestic,Silk,5.5 x 8.5,Horizontal,Rectangle,16PT C2S,No Coating,Silk,n/a,4/0,500,Score in Half,No Gift Cards Slits,No Blank Envelopes
Majestic,Silk,4.25 x 11,Horizontal,Rectangle,16PT C2S,No Coating,Silk,n/a,4/1,500,Score in Half,No Gift Cards Slits,No Blank Envelopes
Majestic,Silk,5.5 x 8.5,Horizontal,Rectangle,16PT C2S,No Coating,Silk,n/a,4/1,500,Score in Half,No Gift Cards Slits,No Blank Envelopes
Majestic,Silk,5.5 x 8.5,Vertical,Rectangle,16PT C2S,No Coating,Silk,n/a,4/0,100,Score in Half,No Gift Cards Slits,No Blank Envelopes
Majestic,Silk,5.5 x 8.5,Vertical,Rectangle,16PT C2S,No Coating,Silk,n/a,4/1,500,Score in Half,No Gift Cards Slits,No Blank Envelopes
Majestic,Silk,4.25 x 11,Horizontal,Rectangle,16PT C2S,No Coating,Silk,n/a,4/4,500,Score in Half,No Gift Cards Slits,No Blank Envelopes
Majestic,Silk,5.5 x 8.5,Horizontal,Rectangle,16PT C2S,No Coating,Silk,n/a,4/4,500,Score in Half,No Gift Cards Slits,No Blank Envelopes
Majestic,Silk,4.25 x 11,Vertical,Rectangle,16PT C2S,No Coating,Silk,n/a,4/4,500,Score in Half,No Gift Cards Slits,No Blank Envelopes
Majestic,Silk,5.5 x 8.5,Vertical,Rectangle,16PT C2S,No Coating,Silk,n/a,4/4,500,Score in Half,No Gift Cards Slits,No Blank Envelopes
Majestic,Silk,4.25 x 11,Horizontal,Rectangle,16PT C2S,No Coating,Silk,n/a,4/0,1000,Score in Half,No Gift Cards Slits,No Blank Envelopes
Majestic,Silk,5.5 x 8.5,Horizontal,Rectangle,16PT C2S,No Coating,Silk,n/a,4/0,1000,Score in Half,No Gift Cards Slits,No Blank Envelopes
Majestic,Silk,4.25 x 11,Vertical,Rectangle,16PT C2S,No Coating,Silk,n/a,4/0,1000,Score in Half,No Gift Cards Slits,No Blank Envelopes
Majestic,Silk,5.5 x 8.5,Vertical,Rectangle,16PT C2S,No Coating,Silk,n/a,4/0,1000,Score in Half,No Gift Cards Slits,No Blank Envelopes
Majestic,Silk,4.25 x 11,Horizontal,Rectangle,16PT C2S,No Coating,Silk,n/a,4/1,1000,Score in Half,No Gift Cards Slits,No Blank Envelopes
Majestic,Silk,5.5 x 8.5,Horizontal,Rectangle,16PT C2S,No Coating,Silk,n/a,4/1,1000,Score in Half,No Gift Cards Slits,No Blank Envelopes
Majestic,Silk,4.25 x 11,Vertical,Rectangle,16PT C2S,No Coating,Silk,n/a,4/1,1000,Score in Half,No Gift Cards Slits,No Blank Envelopes
Majestic,Silk,5.5 x 8.5,Vertical,Rectangle,16PT C2S,No Coating,Silk,n/a,4/1,1000,Score in Half,No Gift Cards Slits,No Blank Envelopes
Majestic,Silk,4.25 x 11,Horizontal,Rectangle,16PT C2S,No Coating,Silk,n/a,4/4,1000,Score in Half,No Gift Cards Slits,No Blank Envelopes
Majestic,Silk,5.5 x 8.5,Horizontal,Rectangle,16PT C2S,No Coating,Silk,n/a,4/4,1000,Score in Half,No Gift Cards Slits,No Blank Envelopes
Majestic,Silk,4.25 x 11,Vertical,Rectangle,16PT C2S,No Coating,Silk,n/a,4/4,1000,Score in Half,No Gift Cards Slits,No Blank Envelopes
Majestic,Silk,5.5 x 8.5,Vertical,Rectangle,16PT C2S,No Coating,Silk,n/a,4/4,1000,Score in Half,No Gift Cards Slits,No Blank Envelopes
Majestic,Silk,4.25 x 11,Horizontal,Rectangle,16PT C2S,No Coating,Silk,n/a,4/0,2500,Score in Half,No Gift Cards Slits,No Blank Envelopes
Majestic,Silk,5.5 x 8.5,Horizontal,Rectangle,16PT C2S,No Coating,Silk,n/a,4/0,2500,Score in Half,No Gift Cards Slits,No Blank Envelopes
Majestic,Silk,4.25 x 11,Vertical,Rectangle,16PT C2S,No Coating,Silk,n/a,4/0,2500,Score in Half,No Gift Cards Slits,No Blank Envelopes
Majestic,Silk,5.5 x 8.5,Vertical,Rectangle,16PT C2S,No Coating,Silk,n/a,4/0,2500,Score in Half,No Gift Cards Slits,No Blank Envelopes
Majestic,Silk,4.25 x 11,Horizontal,Rectangle,16PT C2S,No Coating,Silk,n/a,4/1,2500,Score in Half,No Gift Cards Slits,No Blank Envelopes
Majestic,Silk,4.25 x 11,Vertical,Rectangle,16PT C2S,No Coating,Silk,n/a,4/4,50,Score in Half,No Gift Cards Slits,No Blank Envelopes
Majestic,Silk,4.25 x 11,Vertical,Rectangle,16PT C2S,No Coating,Silk,n/a,4/1,2500,Score in Half,No Gift Cards Slits,No Blank Envelopes
Majestic,Silk,5.5 x 8.5,Vertical,Rectangle,16PT C2S,No Coating,Silk,n/a,4/1,2500,Score in Half,No Gift Cards Slits,No Blank Envelopes
Majestic,Silk,4.25 x 11,Horizontal,Rectangle,16PT C2S,No Coating,Silk,n/a,4/4,2500,Score in Half,No Gift Cards Slits,No Blank Envelopes
Majestic,Silk,5.5 x 8.5,Horizontal,Rectangle,16PT C2S,No Coating,Silk,n/a,4/4,2500,Score in Half,No Gift Cards Slits,No Blank Envelopes
Majestic,Silk,4.25 x 11,Vertical,Rectangle,16PT C2S,No Coating,Silk,n/a,4/4,2500,Score in Half,No Gift Cards Slits,No Blank Envelopes
Majestic,Silk,5.5 x 8.5,Vertical,Rectangle,16PT C2S,No Coating,Silk,n/a,4/4,2500,Score in Half,No Gift Cards Slits,No Blank Envelopes
Majestic,Silk,4.25 x 11,Horizontal,Rectangle,16PT C2S,No Coating,Silk,n/a,4/0,5000,Score in Half,No Gift Cards Slits,No Blank Envelopes
Majestic,Silk,5.5 x 8.5,Horizontal,Rectangle,16PT C2S,No Coating,Silk,n/a,4/0,5000,Score in Half,No Gift Cards Slits,No Blank Envelopes
Majestic,Silk,4.25 x 11,Vertical,Rectangle,16PT C2S,No Coating,Silk,n/a,4/0,5000,Score in Half,No Gift Cards Slits,No Blank Envelopes
Majestic,Silk,4.25 x 11,Vertical,Rectangle,16PT C2S,No Coating,Silk,n/a,4/1,500,Score in Half,No Gift Cards Slits,No Blank Envelopes
Majestic,Silk,4.25 x 11,Horizontal,Rectangle,16PT C2S,No Coating,Silk,n/a,4/1,5000,Score in Half,No Gift Cards Slits,No Blank Envelopes
Majestic,Silk,5.5 x 8.5,Horizontal,Rectangle,16PT C2S,No Coating,Silk,n/a,4/1,5000,Score in Half,No Gift Cards Slits,No Blank Envelopes
Majestic,Silk,4.25 x 11,Vertical,Rectangle,16PT C2S,No Coating,Silk,n/a,4/1,5000,Score in Half,No Gift Cards Slits,No Blank Envelopes
Majestic,Silk,5.5 x 8.5,Vertical,Rectangle,16PT C2S,No Coating,Silk,n/a,4/1,5000,Score in Half,No Gift Cards Slits,No Blank Envelopes
Majestic,Silk,4.25 x 11,Horizontal,Rectangle,16PT C2S,No Coating,Silk,n/a,4/4,5000,Score in Half,No Gift Cards Slits,No Blank Envelopes
Majestic,Silk,5.5 x 8.5,Horizontal,Rectangle,16PT C2S,No Coating,Silk,n/a,4/4,5000,Score in Half,No Gift Cards Slits,No Blank Envelopes
Majestic,Silk,5.5 x 8.5,Vertical,Rectangle,16PT C2S,No Coating,Silk,n/a,4/0,5000,Score in Half,No Gift Cards Slits,No Blank Envelopes
Majestic,Silk,5.5 x 8.5,Vertical,Rectangle,16PT C2S,No Coating,Silk,n/a,4/4,5000,Score in Half,No Gift Cards Slits,No Blank Envelopes
Majestic,Silk,4.25 x 11,Horizontal,Rectangle,16PT C2S,No Coating,Silk,n/a,4/0,10000,Score in Half,No Gift Cards Slits,No Blank Envelopes
Majestic,Silk,5.5 x 8.5,Horizontal,Rectangle,16PT C2S,No Coating,Silk,n/a,4/0,10000,Score in Half,No Gift Cards Slits,No Blank Envelopes
Majestic,Silk,4.25 x 11,Vertical,Rectangle,16PT C2S,No Coating,Silk,n/a,4/0,10000,Score in Half,No Gift Cards Slits,No Blank Envelopes
Majestic,Silk,5.5 x 8.5,Vertical,Rectangle,16PT C2S,No Coating,Silk,n/a,4/0,10000,Score in Half,No Gift Cards Slits,No Blank Envelopes
Majestic,Silk,4.25 x 11,Horizontal,Rectangle,16PT C2S,No Coating,Silk,n/a,4/1,10000,Score in Half,No Gift Cards Slits,No Blank Envelopes
Majestic,Silk,5.5 x 8.5,Horizontal,Rectangle,16PT C2S,No Coating,Silk,n/a,4/1,10000,Score in Half,No Gift Cards Slits,No Blank Envelopes
Majestic,Silk,4.25 x 11,Vertical,Rectangle,16PT C2S,No Coating,Silk,n/a,4/1,10000,Score in Half,No Gift Cards Slits,No Blank Envelopes
Majestic,Silk,5.5 x 8.5,Vertical,Rectangle,16PT C2S,No Coating,Silk,n/a,4/1,10000,Score in Half,No Gift Cards Slits,No Blank Envelopes
Majestic,Silk,4.25 x 11,Horizontal,Rectangle,16PT C2S,No Coating,Silk,n/a,4/4,10000,Score in Half,No Gift Cards Slits,No Blank Envelopes
Majestic,Silk,5.5 x 8.5,Horizontal,Rectangle,16PT C2S,No Coating,Silk,n/a,4/4,10000,Score in Half,No Gift Cards Slits,No Blank Envelopes
Majestic,Silk,4.25 x 11,Vertical,Rectangle,16PT C2S,No Coating,Silk,n/a,4/4,10000,Score in Half,No Gift Cards Slits,No Blank Envelopes
Majestic,Silk,5.5 x 8.5,Vertical,Rectangle,16PT C2S,No Coating,Silk,n/a,4/4,10000,Score in Half,No Gift Cards Slits,No Blank Envelopes
Majestic,Silk,4.25 x 11,Horizontal,Rectangle,16PT C2S,No Coating,Silk,n/a,4/0,25,Score in Half,Slide Slits Bottom Panel,No Blank Envelopes
Majestic,Silk,5.5 x 8.5,Horizontal,Rectangle,16PT C2S,No Coating,Silk,n/a,4/0,25,Score in Half,Slide Slits Bottom Panel,No Blank Envelopes
Majestic,Silk,4.25 x 11,Vertical,Rectangle,16PT C2S,No Coating,Silk,n/a,4/0,25,Score in Half,Slide Slits Bottom Panel,No Blank Envelopes
Majestic,Silk,5.5 x 8.5,Vertical,Rectangle,16PT C2S,No Coating,Silk,n/a,4/0,25,Score in Half,Slide Slits Bottom Panel,No Blank Envelopes
Majestic,Silk,4.25 x 11,Horizontal,Rectangle,16PT C2S,No Coating,Silk,n/a,4/1,25,Score in Half,Slide Slits Bottom Panel,No Blank Envelopes
Majestic,Silk,5.5 x 8.5,Horizontal,Rectangle,16PT C2S,No Coating,Silk,n/a,4/1,25,Score in Half,Slide Slits Bottom Panel,No Blank Envelopes
Majestic,Silk,4.25 x 11,Vertical,Rectangle,16PT C2S,No Coating,Silk,n/a,4/4,5000,Score in Half,No Gift Cards Slits,No Blank Envelopes
Majestic,Silk,5.5 x 8.5,Vertical,Rectangle,16PT C2S,No Coating,Silk,n/a,4/1,25,Score in Half,Slide Slits Bottom Panel,No Blank Envelopes
Majestic,Silk,4.25 x 11,Horizontal,Rectangle,16PT C2S,No Coating,Silk,n/a,4/4,25,Score in Half,Slide Slits Bottom Panel,No Blank Envelopes
Majestic,Silk,5.5 x 8.5,Horizontal,Rectangle,16PT C2S,No Coating,Silk,n/a,4/4,25,Score in Half,Slide Slits Bottom Panel,No Blank Envelopes
Majestic,Silk,4.25 x 11,Vertical,Rectangle,16PT C2S,No Coating,Silk,n/a,4/4,25,Score in Half,Slide Slits Bottom Panel,No Blank Envelopes
Majestic,Silk,5.5 x 8.5,Vertical,Rectangle,16PT C2S,No Coating,Silk,n/a,4/4,25,Score in Half,Slide Slits Bottom Panel,No Blank Envelopes
Majestic,Silk,4.25 x 11,Horizontal,Rectangle,16PT C2S,No Coating,Silk,n/a,4/0,50,Score in Half,Slide Slits Bottom Panel,No Blank Envelopes
Majestic,Silk,5.5 x 8.5,Horizontal,Rectangle,16PT C2S,No Coating,Silk,n/a,4/0,50,Score in Half,Slide Slits Bottom Panel,No Blank Envelopes
Majestic,Silk,4.25 x 11,Vertical,Rectangle,16PT C2S,No Coating,Silk,n/a,4/0,50,Score in Half,Slide Slits Bottom Panel,No Blank Envelopes
Majestic,Silk,5.5 x 8.5,Vertical,Rectangle,16PT C2S,No Coating,Silk,n/a,4/0,50,Score in Half,Slide Slits Bottom Panel,No Blank Envelopes
Majestic,Silk,4.25 x 11,Horizontal,Rectangle,16PT C2S,No Coating,Silk,n/a,4/1,50,Score in Half,Slide Slits Bottom Panel,No Blank Envelopes
Majestic,Silk,5.5 x 8.5,Horizontal,Rectangle,16PT C2S,No Coating,Silk,n/a,4/1,50,Score in Half,Slide Slits Bottom Panel,No Blank Envelopes
Majestic,Silk,4.25 x 11,Vertical,Rectangle,16PT C2S,No Coating,Silk,n/a,4/1,50,Score in Half,Slide Slits Bottom Panel,No Blank Envelopes
Majestic,Silk,5.5 x 8.5,Vertical,Rectangle,16PT C2S,No Coating,Silk,n/a,4/1,50,Score in Half,Slide Slits Bottom Panel,No Blank Envelopes
Majestic,Silk,4.25 x 11,Horizontal,Rectangle,16PT C2S,No Coating,Silk,n/a,4/4,50,Score in Half,Slide Slits Bottom Panel,No Blank Envelopes
Majestic,Silk,5.5 x 8.5,Horizontal,Rectangle,16PT C2S,No Coating,Silk,n/a,4/4,50,Score in Half,Slide Slits Bottom Panel,No Blank Envelopes
Majestic,Silk,4.25 x 11,Vertical,Rectangle,16PT C2S,No Coating,Silk,n/a,4/4,50,Score in Half,Slide Slits Bottom Panel,No Blank Envelopes
Majestic,Silk,5.5 x 8.5,Vertical,Rectangle,16PT C2S,No Coating,Silk,n/a,4/4,50,Score in Half,Slide Slits Bottom Panel,No Blank Envelopes
Majestic,Silk,4.25 x 11,Horizontal,Rectangle,16PT C2S,No Coating,Silk,n/a,4/0,75,Score in Half,Slide Slits Bottom Panel,No Blank Envelopes
Majestic,Silk,5.5 x 8.5,Horizontal,Rectangle,16PT C2S,No Coating,Silk,n/a,4/0,75,Score in Half,Slide Slits Bottom Panel,No Blank Envelopes
Majestic,Silk,4.25 x 11,Vertical,Rectangle,16PT C2S,No Coating,Silk,n/a,4/0,75,Score in Half,Slide Slits Bottom Panel,No Blank Envelopes
Majestic,Silk,5.5 x 8.5,Vertical,Rectangle,16PT C2S,No Coating,Silk,n/a,4/0,75,Score in Half,Slide Slits Bottom Panel,No Blank Envelopes
Majestic,Silk,4.25 x 11,Horizontal,Rectangle,16PT C2S,No Coating,Silk,n/a,4/1,75,Score in Half,Slide Slits Bottom Panel,No Blank Envelopes
Majestic,Silk,5.5 x 8.5,Horizontal,Rectangle,16PT C2S,No Coating,Silk,n/a,4/1,75,Score in Half,Slide Slits Bottom Panel,No Blank Envelopes
Majestic,Silk,4.25 x 11,Vertical,Rectangle,16PT C2S,No Coating,Silk,n/a,4/1,75,Score in Half,Slide Slits Bottom Panel,No Blank Envelopes
Majestic,Silk,5.5 x 8.5,Vertical,Rectangle,16PT C2S,No Coating,Silk,n/a,4/1,75,Score in Half,Slide Slits Bottom Panel,No Blank Envelopes
Majestic,Silk,4.25 x 11,Horizontal,Rectangle,16PT C2S,No Coating,Silk,n/a,4/4,75,Score in Half,Slide Slits Bottom Panel,No Blank Envelopes
Majestic,Silk,5.5 x 8.5,Horizontal,Rectangle,16PT C2S,No Coating,Silk,n/a,4/4,75,Score in Half,Slide Slits Bottom Panel,No Blank Envelopes
Majestic,Silk,4.25 x 11,Vertical,Rectangle,16PT C2S,No Coating,Silk,n/a,4/4,75,Score in Half,Slide Slits Bottom Panel,No Blank Envelopes
Majestic,Silk,5.5 x 8.5,Vertical,Rectangle,16PT C2S,No Coating,Silk,n/a,4/4,75,Score in Half,Slide Slits Bottom Panel,No Blank Envelopes
Majestic,Silk,4.25 x 11,Horizontal,Rectangle,16PT C2S,No Coating,Silk,n/a,4/0,100,Score in Half,Slide Slits Bottom Panel,No Blank Envelopes
Majestic,Silk,5.5 x 8.5,Horizontal,Rectangle,16PT C2S,No Coating,Silk,n/a,4/0,100,Score in Half,Slide Slits Bottom Panel,No Blank Envelopes
Majestic,Silk,4.25 x 11,Vertical,Rectangle,16PT C2S,No Coating,Silk,n/a,4/0,100,Score in Half,Slide Slits Bottom Panel,No Blank Envelopes
Majestic,Silk,5.5 x 8.5,Vertical,Rectangle,16PT C2S,No Coating,Silk,n/a,4/0,100,Score in Half,Slide Slits Bottom Panel,No Blank Envelopes
Majestic,Silk,4.25 x 11,Horizontal,Rectangle,16PT C2S,No Coating,Silk,n/a,4/1,100,Score in Half,Slide Slits Bottom Panel,No Blank Envelopes
Majestic,Silk,5.5 x 8.5,Horizontal,Rectangle,16PT C2S,No Coating,Silk,n/a,4/1,100,Score in Half,Slide Slits Bottom Panel,No Blank Envelopes
Majestic,Silk,4.25 x 11,Vertical,Rectangle,16PT C2S,No Coating,Silk,n/a,4/1,100,Score in Half,Slide Slits Bottom Panel,No Blank Envelopes
Majestic,Silk,5.5 x 8.5,Vertical,Rectangle,16PT C2S,No Coating,Silk,n/a,4/1,100,Score in Half,Slide Slits Bottom Panel,No Blank Envelopes
Majestic,Silk,4.25 x 11,Horizontal,Rectangle,16PT C2S,No Coating,Silk,n/a,4/4,100,Score in Half,Slide Slits Bottom Panel,No Blank Envelopes
Majestic,Silk,5.5 x 8.5,Horizontal,Rectangle,16PT C2S,No Coating,Silk,n/a,4/4,100,Score in Half,Slide Slits Bottom Panel,No Blank Envelopes
Majestic,Silk,4.25 x 11,Vertical,Rectangle,16PT C2S,No Coating,Silk,n/a,4/4,100,Score in Half,Slide Slits Bottom Panel,No Blank Envelopes
Majestic,Silk,5.5 x 8.5,Vertical,Rectangle,16PT C2S,No Coating,Silk,n/a,4/4,100,Score in Half,Slide Slits Bottom Panel,No Blank Envelopes
Majestic,Silk,4.25 x 11,Horizontal,Rectangle,16PT C2S,No Coating,Silk,n/a,4/0,250,Score in Half,Slide Slits Bottom Panel,No Blank Envelopes
Majestic,Silk,5.5 x 8.5,Horizontal,Rectangle,16PT C2S,No Coating,Silk,n/a,4/0,250,Score in Half,Slide Slits Bottom Panel,No Blank Envelopes
Majestic,Silk,4.25 x 11,Vertical,Rectangle,16PT C2S,No Coating,Silk,n/a,4/0,250,Score in Half,Slide Slits Bottom Panel,No Blank Envelopes
Majestic,Silk,5.5 x 8.5,Vertical,Rectangle,16PT C2S,No Coating,Silk,n/a,4/0,250,Score in Half,Slide Slits Bottom Panel,No Blank Envelopes
Majestic,Silk,4.25 x 11,Horizontal,Rectangle,16PT C2S,No Coating,Silk,n/a,4/1,250,Score in Half,Slide Slits Bottom Panel,No Blank Envelopes
Majestic,Silk,5.5 x 8.5,Horizontal,Rectangle,16PT C2S,No Coating,Silk,n/a,4/1,250,Score in Half,Slide Slits Bottom Panel,No Blank Envelopes
Majestic,Silk,4.25 x 11,Vertical,Rectangle,16PT C2S,No Coating,Silk,n/a,4/1,250,Score in Half,Slide Slits Bottom Panel,No Blank Envelopes
Majestic,Silk,5.5 x 8.5,Vertical,Rectangle,16PT C2S,No Coating,Silk,n/a,4/1,250,Score in Half,Slide Slits Bottom Panel,No Blank Envelopes
Majestic,Silk,4.25 x 11,Horizontal,Rectangle,16PT C2S,No Coating,Silk,n/a,4/4,250,Score in Half,Slide Slits Bottom Panel,No Blank Envelopes
Majestic,Silk,5.5 x 8.5,Horizontal,Rectangle,16PT C2S,No Coating,Silk,n/a,4/4,250,Score in Half,Slide Slits Bottom Panel,No Blank Envelopes
Majestic,Silk,4.25 x 11,Vertical,Rectangle,16PT C2S,No Coating,Silk,n/a,4/4,250,Score in Half,Slide Slits Bottom Panel,No Blank Envelopes
Majestic,Silk,5.5 x 8.5,Vertical,Rectangle,16PT C2S,No Coating,Silk,n/a,4/4,250,Score in Half,Slide Slits Bottom Panel,No Blank Envelopes
Majestic,Silk,4.25 x 11,Horizontal,Rectangle,16PT C2S,No Coating,Silk,n/a,4/0,500,Score in Half,Slide Slits Bottom Panel,No Blank Envelopes
Majestic,Silk,5.5 x 8.5,Horizontal,Rectangle,16PT C2S,No Coating,Silk,n/a,4/0,500,Score in Half,Slide Slits Bottom Panel,No Blank Envelopes
Majestic,Silk,4.25 x 11,Vertical,Rectangle,16PT C2S,No Coating,Silk,n/a,4/0,500,Score in Half,Slide Slits Bottom Panel,No Blank Envelopes
Majestic,Silk,5.5 x 8.5,Vertical,Rectangle,16PT C2S,No Coating,Silk,n/a,4/0,500,Score in Half,Slide Slits Bottom Panel,No Blank Envelopes
Majestic,Silk,4.25 x 11,Horizontal,Rectangle,16PT C2S,No Coating,Silk,n/a,4/1,500,Score in Half,Slide Slits Bottom Panel,No Blank Envelopes
Majestic,Silk,5.5 x 8.5,Horizontal,Rectangle,16PT C2S,No Coating,Silk,n/a,4/1,500,Score in Half,Slide Slits Bottom Panel,No Blank Envelopes
Majestic,Silk,4.25 x 11,Vertical,Rectangle,16PT C2S,No Coating,Silk,n/a,4/1,500,Score in Half,Slide Slits Bottom Panel,No Blank Envelopes
Majestic,Silk,5.5 x 8.5,Vertical,Rectangle,16PT C2S,No Coating,Silk,n/a,4/1,500,Score in Half,Slide Slits Bottom Panel,No Blank Envelopes
Majestic,Silk,4.25 x 11,Horizontal,Rectangle,16PT C2S,No Coating,Silk,n/a,4/4,500,Score in Half,Slide Slits Bottom Panel,No Blank Envelopes
Majestic,Silk,5.5 x 8.5,Horizontal,Rectangle,16PT C2S,No Coating,Silk,n/a,4/4,500,Score in Half,Slide Slits Bottom Panel,No Blank Envelopes
Majestic,Silk,4.25 x 11,Vertical,Rectangle,16PT C2S,No Coating,Silk,n/a,4/4,500,Score in Half,Slide Slits Bottom Panel,No Blank Envelopes
Majestic,Silk,5.5 x 8.5,Vertical,Rectangle,16PT C2S,No Coating,Silk,n/a,4/4,500,Score in Half,Slide Slits Bottom Panel,No Blank Envelopes
Majestic,Silk,4.25 x 11,Horizontal,Rectangle,16PT C2S,No Coating,Silk,n/a,4/0,1000,Score in Half,Slide Slits Bottom Panel,No Blank Envelopes
Majestic,Silk,5.5 x 8.5,Horizontal,Rectangle,16PT C2S,No Coating,Silk,n/a,4/0,1000,Score in Half,Slide Slits Bottom Panel,No Blank Envelopes
Majestic,Silk,4.25 x 11,Vertical,Rectangle,16PT C2S,No Coating,Silk,n/a,4/0,1000,Score in Half,Slide Slits Bottom Panel,No Blank Envelopes
Majestic,Silk,5.5 x 8.5,Vertical,Rectangle,16PT C2S,No Coating,Silk,n/a,4/0,1000,Score in Half,Slide Slits Bottom Panel,No Blank Envelopes
Majestic,Silk,4.25 x 11,Horizontal,Rectangle,16PT C2S,No Coating,Silk,n/a,4/1,1000,Score in Half,Slide Slits Bottom Panel,No Blank Envelopes
Majestic,Silk,5.5 x 8.5,Horizontal,Rectangle,16PT C2S,No Coating,Silk,n/a,4/1,1000,Score in Half,Slide Slits Bottom Panel,No Blank Envelopes
Majestic,Silk,4.25 x 11,Vertical,Rectangle,16PT C2S,No Coating,Silk,n/a,4/1,1000,Score in Half,Slide Slits Bottom Panel,No Blank Envelopes
Majestic,Silk,5.5 x 8.5,Vertical,Rectangle,16PT C2S,No Coating,Silk,n/a,4/1,1000,Score in Half,Slide Slits Bottom Panel,No Blank Envelopes
Majestic,Silk,4.25 x 11,Horizontal,Rectangle,16PT C2S,No Coating,Silk,n/a,4/4,1000,Score in Half,Slide Slits Bottom Panel,No Blank Envelopes
Majestic,Silk,5.5 x 8.5,Horizontal,Rectangle,16PT C2S,No Coating,Silk,n/a,4/4,1000,Score in Half,Slide Slits Bottom Panel,No Blank Envelopes
Majestic,Silk,4.25 x 11,Vertical,Rectangle,16PT C2S,No Coating,Silk,n/a,4/1,25,Score in Half,Slide Slits Bottom Panel,No Blank Envelopes
Majestic,Silk,5.5 x 8.5,Vertical,Rectangle,16PT C2S,No Coating,Silk,n/a,4/4,1000,Score in Half,Slide Slits Bottom Panel,No Blank Envelopes
Majestic,Silk,4.25 x 11,Horizontal,Rectangle,16PT C2S,No Coating,Silk,n/a,4/0,2500,Score in Half,Slide Slits Bottom Panel,No Blank Envelopes
Majestic,Silk,5.5 x 8.5,Horizontal,Rectangle,16PT C2S,No Coating,Silk,n/a,4/0,2500,Score in Half,Slide Slits Bottom Panel,No Blank Envelopes
Majestic,Silk,4.25 x 11,Vertical,Rectangle,16PT C2S,No Coating,Silk,n/a,4/0,2500,Score in Half,Slide Slits Bottom Panel,No Blank Envelopes
Majestic,Silk,5.5 x 8.5,Vertical,Rectangle,16PT C2S,No Coating,Silk,n/a,4/0,2500,Score in Half,Slide Slits Bottom Panel,No Blank Envelopes
Majestic,Silk,4.25 x 11,Horizontal,Rectangle,16PT C2S,No Coating,Silk,n/a,4/1,2500,Score in Half,Slide Slits Bottom Panel,No Blank Envelopes
Majestic,Silk,5.5 x 8.5,Horizontal,Rectangle,16PT C2S,No Coating,Silk,n/a,4/1,2500,Score in Half,Slide Slits Bottom Panel,No Blank Envelopes
Majestic,Silk,4.25 x 11,Vertical,Rectangle,16PT C2S,No Coating,Silk,n/a,4/1,2500,Score in Half,Slide Slits Bottom Panel,No Blank Envelopes
Majestic,Silk,5.5 x 8.5,Vertical,Rectangle,16PT C2S,No Coating,Silk,n/a,4/1,2500,Score in Half,Slide Slits Bottom Panel,No Blank Envelopes
Majestic,Silk,4.25 x 11,Horizontal,Rectangle,16PT C2S,No Coating,Silk,n/a,4/4,2500,Score in Half,Slide Slits Bottom Panel,No Blank Envelopes
Majestic,Silk,5.5 x 8.5,Horizontal,Rectangle,16PT C2S,No Coating,Silk,n/a,4/4,2500,Score in Half,Slide Slits Bottom Panel,No Blank Envelopes
Majestic,Silk,4.25 x 11,Vertical,Rectangle,16PT C2S,No Coating,Silk,n/a,4/4,2500,Score in Half,Slide Slits Bottom Panel,No Blank Envelopes
Majestic,Silk,5.5 x 8.5,Vertical,Rectangle,16PT C2S,No Coating,Silk,n/a,4/4,2500,Score in Half,Slide Slits Bottom Panel,No Blank Envelopes
Majestic,Silk,4.25 x 11,Horizontal,Rectangle,16PT C2S,No Coating,Silk,n/a,4/0,5000,Score in Half,Slide Slits Bottom Panel,No Blank Envelopes
Majestic,Silk,5.5 x 8.5,Horizontal,Rectangle,16PT C2S,No Coating,Silk,n/a,4/0,5000,Score in Half,Slide Slits Bottom Panel,No Blank Envelopes
Majestic,Silk,4.25 x 11,Vertical,Rectangle,16PT C2S,No Coating,Silk,n/a,4/0,5000,Score in Half,Slide Slits Bottom Panel,No Blank Envelopes
Majestic,Silk,5.5 x 8.5,Vertical,Rectangle,16PT C2S,No Coating,Silk,n/a,4/0,5000,Score in Half,Slide Slits Bottom Panel,No Blank Envelopes
Majestic,Silk,4.25 x 11,Horizontal,Rectangle,16PT C2S,No Coating,Silk,n/a,4/1,5000,Score in Half,Slide Slits Bottom Panel,No Blank Envelopes
Majestic,Silk,5.5 x 8.5,Horizontal,Rectangle,16PT C2S,No Coating,Silk,n/a,4/1,5000,Score in Half,Slide Slits Bottom Panel,No Blank Envelopes
Majestic,Silk,4.25 x 11,Vertical,Rectangle,16PT C2S,No Coating,Silk,n/a,4/1,5000,Score in Half,Slide Slits Bottom Panel,No Blank Envelopes
Majestic,Silk,5.5 x 8.5,Vertical,Rectangle,16PT C2S,No Coating,Silk,n/a,4/1,5000,Score in Half,Slide Slits Bottom Panel,No Blank Envelopes
Majestic,Silk,4.25 x 11,Horizontal,Rectangle,16PT C2S,No Coating,Silk,n/a,4/4,5000,Score in Half,Slide Slits Bottom Panel,No Blank Envelopes
Majestic,Silk,5.5 x 8.5,Horizontal,Rectangle,16PT C2S,No Coating,Silk,n/a,4/4,5000,Score in Half,Slide Slits Bottom Panel,No Blank Envelopes
Majestic,Silk,4.25 x 11,Vertical,Rectangle,16PT C2S,No Coating,Silk,n/a,4/4,5000,Score in Half,Slide Slits Bottom Panel,No Blank Envelopes
Majestic,Silk,5.5 x 8.5,Vertical,Rectangle,16PT C2S,No Coating,Silk,n/a,4/4,5000,Score in Half,Slide Slits Bottom Panel,No Blank Envelopes
Majestic,Silk,4.25 x 11,Horizontal,Rectangle,16PT C2S,No Coating,Silk,n/a,4/0,10000,Score in Half,Slide Slits Bottom Panel,No Blank Envelopes
Majestic,Silk,5.5 x 8.5,Horizontal,Rectangle,16PT C2S,No Coating,Silk,n/a,4/0,10000,Score in Half,Slide Slits Bottom Panel,No Blank Envelopes
Majestic,Silk,4.25 x 11,Vertical,Rectangle,16PT C2S,No Coating,Silk,n/a,4/0,10000,Score in Half,Slide Slits Bottom Panel,No Blank Envelopes
Majestic,Silk,5.5 x 8.5,Vertical,Rectangle,16PT C2S,No Coating,Silk,n/a,4/0,10000,Score in Half,Slide Slits Bottom Panel,No Blank Envelopes
Majestic,Silk,4.25 x 11,Horizontal,Rectangle,16PT C2S,No Coating,Silk,n/a,4/1,10000,Score in Half,Slide Slits Bottom Panel,No Blank Envelopes
Majestic,Silk,5.5 x 8.5,Horizontal,Rectangle,16PT C2S,No Coating,Silk,n/a,4/1,10000,Score in Half,Slide Slits Bottom Panel,No Blank Envelopes
Majestic,Silk,4.25 x 11,Vertical,Rectangle,16PT C2S,No Coating,Silk,n/a,4/1,10000,Score in Half,Slide Slits Bottom Panel,No Blank Envelopes
Majestic,Silk,5.5 x 8.5,Vertical,Rectangle,16PT C2S,No Coating,Silk,n/a,4/1,10000,Score in Half,Slide Slits Bottom Panel,No Blank Envelopes
Majestic,Silk,4.25 x 11,Horizontal,Rectangle,16PT C2S,No Coating,Silk,n/a,4/4,10000,Score in Half,Slide Slits Bottom Panel,No Blank Envelopes
Majestic,Silk,5.5 x 8.5,Horizontal,Rectangle,16PT C2S,No Coating,Silk,n/a,4/4,10000,Score in Half,Slide Slits Bottom Panel,No Blank Envelopes
Majestic,Silk,4.25 x 11,Vertical,Rectangle,16PT C2S,No Coating,Silk,n/a,4/4,10000,Score in Half,Slide Slits Bottom Panel,No Blank Envelopes
Majestic,Silk,5.5 x 8.5,Vertical,Rectangle,16PT C2S,No Coating,Silk,n/a,4/4,10000,Score in Half,Slide Slits Bottom Panel,No Blank Envelopes
Majestic,Silk,4.25 x 11,Horizontal,Rectangle,16PT C2S,No Coating,Silk,n/a,4/0,25,Score in Half,Slide Slits Right Panel,No Blank Envelopes
Majestic,Silk,5.5 x 8.5,Horizontal,Rectangle,16PT C2S,No Coating,Silk,n/a,4/0,25,Score in Half,Slide Slits Right Panel,No Blank Envelopes
Majestic,Silk,4.25 x 11,Vertical,Rectangle,16PT C2S,No Coating,Silk,n/a,4/0,25,Score in Half,Slide Slits Right Panel,No Blank Envelopes
Majestic,Silk,5.5 x 8.5,Vertical,Rectangle,16PT C2S,No Coating,Silk,n/a,4/0,25,Score in Half,Slide Slits Right Panel,No Blank Envelopes
Majestic,Silk,5.5 x 8.5,Horizontal,Rectangle,16PT C2S,No Coating,Silk,n/a,4/1,250,Score in Half,Moon Slits Bottom Panel,No Blank Envelopes
Majestic,Silk,5.5 x 8.5,Horizontal,Rectangle,16PT C2S,No Coating,Silk,n/a,4/1,25,Score in Half,Slide Slits Right Panel,No Blank Envelopes
Majestic,Silk,5.5 x 8.5,Horizontal,Rectangle,16PT C2S,No Coating,Silk,n/a,4/1,2500,Score in Half,No Gift Cards Slits,No Blank Envelopes
Majestic,Silk,5.5 x 8.5,Vertical,Rectangle,16PT C2S,No Coating,Silk,n/a,4/1,25,Score in Half,Slide Slits Right Panel,No Blank Envelopes
Majestic,Silk,4.25 x 11,Vertical,Rectangle,16PT C2S,No Coating,Silk,n/a,4/4,1000,Score in Half,Slide Slits Bottom Panel,No Blank Envelopes
Majestic,Silk,5.5 x 8.5,Horizontal,Rectangle,16PT C2S,No Coating,Silk,n/a,4/4,25,Score in Half,Slide Slits Right Panel,No Blank Envelopes
Majestic,Silk,4.25 x 11,Vertical,Rectangle,16PT C2S,No Coating,Silk,n/a,4/4,25,Score in Half,Slide Slits Right Panel,No Blank Envelopes
Majestic,Silk,4.25 x 11,Horizontal,Rectangle,16PT C2S,No Coating,Silk,n/a,4/4,25,Score in Half,Slide Slits Right Panel,No Blank Envelopes
Majestic,Silk,4.25 x 11,Horizontal,Rectangle,16PT C2S,No Coating,Silk,n/a,4/0,50,Score in Half,Slide Slits Right Panel,No Blank Envelopes
Majestic,Silk,5.5 x 8.5,Horizontal,Rectangle,16PT C2S,No Coating,Silk,n/a,4/0,50,Score in Half,Slide Slits Right Panel,No Blank Envelopes
Majestic,Silk,4.25 x 11,Vertical,Rectangle,16PT C2S,No Coating,Silk,n/a,4/0,50,Score in Half,Slide Slits Right Panel,No Blank Envelopes
Majestic,Silk,5.5 x 8.5,Vertical,Rectangle,16PT C2S,No Coating,Silk,n/a,4/0,50,Score in Half,Slide Slits Right Panel,No Blank Envelopes
Majestic,Silk,4.25 x 11,Horizontal,Rectangle,16PT C2S,No Coating,Silk,n/a,4/1,50,Score in Half,Slide Slits Right Panel,No Blank Envelopes
Majestic,Silk,5.5 x 8.5,Horizontal,Rectangle,16PT C2S,No Coating,Silk,n/a,4/1,50,Score in Half,Slide Slits Right Panel,No Blank Envelopes
Majestic,Silk,4.25 x 11,Vertical,Rectangle,16PT C2S,No Coating,Silk,n/a,4/1,50,Score in Half,Slide Slits Right Panel,No Blank Envelopes
Majestic,Silk,5.5 x 8.5,Vertical,Rectangle,16PT C2S,No Coating,Silk,n/a,4/1,50,Score in Half,Slide Slits Right Panel,No Blank Envelopes
Majestic,Silk,4.25 x 11,Horizontal,Rectangle,16PT C2S,No Coating,Silk,n/a,4/4,50,Score in Half,Slide Slits Right Panel,No Blank Envelopes
Majestic,Silk,5.5 x 8.5,Horizontal,Rectangle,16PT C2S,No Coating,Silk,n/a,4/4,50,Score in Half,Slide Slits Right Panel,No Blank Envelopes
Majestic,Silk,4.25 x 11,Vertical,Rectangle,16PT C2S,No Coating,Silk,n/a,4/4,50,Score in Half,Slide Slits Right Panel,No Blank Envelopes
Majestic,Silk,5.5 x 8.5,Vertical,Rectangle,16PT C2S,No Coating,Silk,n/a,4/4,50,Score in Half,Slide Slits Right Panel,No Blank Envelopes
Majestic,Silk,5.5 x 8.5,Vertical,Rectangle,16PT C2S,No Coating,Silk,n/a,4/4,25,Score in Half,Slide Slits Right Panel,No Blank Envelopes
Majestic,Silk,5.5 x 8.5,Horizontal,Rectangle,16PT C2S,No Coating,Silk,n/a,4/0,75,Score in Half,Slide Slits Right Panel,No Blank Envelopes
Majestic,Silk,4.25 x 11,Vertical,Rectangle,16PT C2S,No Coating,Silk,n/a,4/0,75,Score in Half,Slide Slits Right Panel,No Blank Envelopes
Majestic,Silk,5.5 x 8.5,Vertical,Rectangle,16PT C2S,No Coating,Silk,n/a,4/0,75,Score in Half,Slide Slits Right Panel,No Blank Envelopes
Majestic,Silk,4.25 x 11,Horizontal,Rectangle,16PT C2S,No Coating,Silk,n/a,4/1,75,Score in Half,Slide Slits Right Panel,No Blank Envelopes
Majestic,Silk,5.5 x 8.5,Horizontal,Rectangle,16PT C2S,No Coating,Silk,n/a,4/1,75,Score in Half,Slide Slits Right Panel,No Blank Envelopes
Majestic,Silk,4.25 x 11,Vertical,Rectangle,16PT C2S,No Coating,Silk,n/a,4/1,75,Score in Half,Slide Slits Right Panel,No Blank Envelopes
Majestic,Silk,5.5 x 8.5,Vertical,Rectangle,16PT C2S,No Coating,Silk,n/a,4/1,75,Score in Half,Slide Slits Right Panel,No Blank Envelopes
Majestic,Silk,4.25 x 11,Horizontal,Rectangle,16PT C2S,No Coating,Silk,n/a,4/4,75,Score in Half,Slide Slits Right Panel,No Blank Envelopes
Majestic,Silk,5.5 x 8.5,Horizontal,Rectangle,16PT C2S,No Coating,Silk,n/a,4/4,75,Score in Half,Slide Slits Right Panel,No Blank Envelopes
Majestic,Silk,4.25 x 11,Vertical,Rectangle,16PT C2S,No Coating,Silk,n/a,4/4,75,Score in Half,Slide Slits Right Panel,No Blank Envelopes
Majestic,Silk,5.5 x 8.5,Vertical,Rectangle,16PT C2S,No Coating,Silk,n/a,4/4,75,Score in Half,Slide Slits Right Panel,No Blank Envelopes
Majestic,Silk,4.25 x 11,Horizontal,Rectangle,16PT C2S,No Coating,Silk,n/a,4/0,100,Score in Half,Slide Slits Right Panel,No Blank Envelopes
Majestic,Silk,5.5 x 8.5,Horizontal,Rectangle,16PT C2S,No Coating,Silk,n/a,4/0,100,Score in Half,Slide Slits Right Panel,No Blank Envelopes
Majestic,Silk,4.25 x 11,Vertical,Rectangle,16PT C2S,No Coating,Silk,n/a,4/0,100,Score in Half,Slide Slits Right Panel,No Blank Envelopes
Majestic,Silk,5.5 x 8.5,Vertical,Rectangle,16PT C2S,No Coating,Silk,n/a,4/0,100,Score in Half,Slide Slits Right Panel,No Blank Envelopes
Majestic,Silk,4.25 x 11,Horizontal,Rectangle,16PT C2S,No Coating,Silk,n/a,4/1,100,Score in Half,Slide Slits Right Panel,No Blank Envelopes
Majestic,Silk,5.5 x 8.5,Horizontal,Rectangle,16PT C2S,No Coating,Silk,n/a,4/1,100,Score in Half,Slide Slits Right Panel,No Blank Envelopes
Majestic,Silk,4.25 x 11,Vertical,Rectangle,16PT C2S,No Coating,Silk,n/a,4/1,100,Score in Half,Slide Slits Right Panel,No Blank Envelopes
Majestic,Silk,5.5 x 8.5,Vertical,Rectangle,16PT C2S,No Coating,Silk,n/a,4/1,100,Score in Half,Slide Slits Right Panel,No Blank Envelopes
Majestic,Silk,4.25 x 11,Vertical,Rectangle,16PT C2S,No Coating,Silk,n/a,4/1,25,Score in Half,Slide Slits Right Panel,No Blank Envelopes
Majestic,Silk,5.5 x 8.5,Horizontal,Rectangle,16PT C2S,No Coating,Silk,n/a,4/4,100,Score in Half,Slide Slits Right Panel,No Blank Envelopes
Majestic,Silk,4.25 x 11,Vertical,Rectangle,16PT C2S,No Coating,Silk,n/a,4/4,100,Score in Half,Slide Slits Right Panel,No Blank Envelopes
Majestic,Silk,5.5 x 8.5,Vertical,Rectangle,16PT C2S,No Coating,Silk,n/a,4/4,100,Score in Half,Slide Slits Right Panel,No Blank Envelopes
Majestic,Silk,4.25 x 11,Horizontal,Rectangle,16PT C2S,No Coating,Silk,n/a,4/0,250,Score in Half,Slide Slits Right Panel,No Blank Envelopes
Majestic,Silk,5.5 x 8.5,Horizontal,Rectangle,16PT C2S,No Coating,Silk,n/a,4/0,250,Score in Half,Slide Slits Right Panel,No Blank Envelopes
Majestic,Silk,4.25 x 11,Vertical,Rectangle,16PT C2S,No Coating,Silk,n/a,4/0,250,Score in Half,Slide Slits Right Panel,No Blank Envelopes
Majestic,Silk,5.5 x 8.5,Vertical,Rectangle,16PT C2S,No Coating,Silk,n/a,4/0,250,Score in Half,Slide Slits Right Panel,No Blank Envelopes
Majestic,Silk,4.25 x 11,Horizontal,Rectangle,16PT C2S,No Coating,Silk,n/a,4/1,250,Score in Half,Slide Slits Right Panel,No Blank Envelopes
Majestic,Silk,5.5 x 8.5,Horizontal,Rectangle,16PT C2S,No Coating,Silk,n/a,4/1,250,Score in Half,Slide Slits Right Panel,No Blank Envelopes
Majestic,Silk,4.25 x 11,Vertical,Rectangle,16PT C2S,No Coating,Silk,n/a,4/1,250,Score in Half,Slide Slits Right Panel,No Blank Envelopes
Majestic,Silk,5.5 x 8.5,Vertical,Rectangle,16PT C2S,No Coating,Silk,n/a,4/1,250,Score in Half,Slide Slits Right Panel,No Blank Envelopes
Majestic,Silk,4.25 x 11,Horizontal,Rectangle,16PT C2S,No Coating,Silk,n/a,4/4,250,Score in Half,Slide Slits Right Panel,No Blank Envelopes
Majestic,Silk,5.5 x 8.5,Horizontal,Rectangle,16PT C2S,No Coating,Silk,n/a,4/4,250,Score in Half,Slide Slits Right Panel,No Blank Envelopes
Majestic,Silk,4.25 x 11,Vertical,Rectangle,16PT C2S,No Coating,Silk,n/a,4/4,250,Score in Half,Slide Slits Right Panel,No Blank Envelopes
Majestic,Silk,5.5 x 8.5,Vertical,Rectangle,16PT C2S,No Coating,Silk,n/a,4/4,250,Score in Half,Slide Slits Right Panel,No Blank Envelopes
Majestic,Silk,4.25 x 11,Horizontal,Rectangle,16PT C2S,No Coating,Silk,n/a,4/0,500,Score in Half,Slide Slits Right Panel,No Blank Envelopes
Majestic,Silk,5.5 x 8.5,Horizontal,Rectangle,16PT C2S,No Coating,Silk,n/a,4/0,500,Score in Half,Slide Slits Right Panel,No Blank Envelopes
Majestic,Silk,4.25 x 11,Vertical,Rectangle,16PT C2S,No Coating,Silk,n/a,4/0,500,Score in Half,Slide Slits Right Panel,No Blank Envelopes
Majestic,Silk,5.5 x 8.5,Vertical,Rectangle,16PT C2S,No Coating,Silk,n/a,4/0,500,Score in Half,Slide Slits Right Panel,No Blank Envelopes
Majestic,Silk,4.25 x 11,Horizontal,Rectangle,16PT C2S,No Coating,Silk,n/a,4/1,500,Score in Half,Slide Slits Right Panel,No Blank Envelopes
Majestic,Silk,5.5 x 8.5,Horizontal,Rectangle,16PT C2S,No Coating,Silk,n/a,4/1,500,Score in Half,Slide Slits Right Panel,No Blank Envelopes
Majestic,Silk,4.25 x 11,Vertical,Rectangle,16PT C2S,No Coating,Silk,n/a,4/1,500,Score in Half,Slide Slits Right Panel,No Blank Envelopes
Majestic,Silk,5.5 x 8.5,Vertical,Rectangle,16PT C2S,No Coating,Silk,n/a,4/1,500,Score in Half,Slide Slits Right Panel,No Blank Envelopes
Majestic,Silk,4.25 x 11,Horizontal,Rectangle,16PT C2S,No Coating,Silk,n/a,4/4,500,Score in Half,Slide Slits Right Panel,No Blank Envelopes
Majestic,Silk,5.5 x 8.5,Horizontal,Rectangle,16PT C2S,No Coating,Silk,n/a,4/4,500,Score in Half,Slide Slits Right Panel,No Blank Envelopes
Majestic,Silk,4.25 x 11,Vertical,Rectangle,16PT C2S,No Coating,Silk,n/a,4/4,500,Score in Half,Slide Slits Right Panel,No Blank Envelopes
Majestic,Silk,5.5 x 8.5,Vertical,Rectangle,16PT C2S,No Coating,Silk,n/a,4/4,500,Score in Half,Slide Slits Right Panel,No Blank Envelopes
Majestic,Silk,4.25 x 11,Horizontal,Rectangle,16PT C2S,No Coating,Silk,n/a,4/0,1000,Score in Half,Slide Slits Right Panel,No Blank Envelopes
Majestic,Silk,5.5 x 8.5,Horizontal,Rectangle,16PT C2S,No Coating,Silk,n/a,4/0,1000,Score in Half,Slide Slits Right Panel,No Blank Envelopes
Majestic,Silk,4.25 x 11,Vertical,Rectangle,16PT C2S,No Coating,Silk,n/a,4/0,1000,Score in Half,Slide Slits Right Panel,No Blank Envelopes
Majestic,Silk,5.5 x 8.5,Vertical,Rectangle,16PT C2S,No Coating,Silk,n/a,4/0,1000,Score in Half,Slide Slits Right Panel,No Blank Envelopes
Majestic,Silk,4.25 x 11,Horizontal,Rectangle,16PT C2S,No Coating,Silk,n/a,4/1,1000,Score in Half,Slide Slits Right Panel,No Blank Envelopes
Majestic,Silk,5.5 x 8.5,Horizontal,Rectangle,16PT C2S,No Coating,Silk,n/a,4/1,1000,Score in Half,Slide Slits Right Panel,No Blank Envelopes
Majestic,Silk,4.25 x 11,Vertical,Rectangle,16PT C2S,No Coating,Silk,n/a,4/1,1000,Score in Half,Slide Slits Right Panel,No Blank Envelopes
Majestic,Silk,5.5 x 8.5,Vertical,Rectangle,16PT C2S,No Coating,Silk,n/a,4/1,1000,Score in Half,Slide Slits Right Panel,No Blank Envelopes
Majestic,Silk,4.25 x 11,Horizontal,Rectangle,16PT C2S,No Coating,Silk,n/a,4/1,25,Score in Half,Slide Slits Right Panel,No Blank Envelopes
Majestic,Silk,4.25 x 11,Vertical,Rectangle,16PT C2S,No Coating,Silk,n/a,4/4,1000,Score in Half,Slide Slits Right Panel,No Blank Envelopes
Majestic,Silk,5.5 x 8.5,Horizontal,Rectangle,16PT C2S,No Coating,Silk,n/a,4/4,1000,Score in Half,Slide Slits Right Panel,No Blank Envelopes
Majestic,Silk,5.5 x 8.5,Vertical,Rectangle,16PT C2S,No Coating,Silk,n/a,4/4,1000,Score in Half,Slide Slits Right Panel,No Blank Envelopes
Majestic,Silk,4.25 x 11,Horizontal,Rectangle,16PT C2S,No Coating,Silk,n/a,4/0,2500,Score in Half,Slide Slits Right Panel,No Blank Envelopes
Majestic,Silk,4.25 x 11,Horizontal,Rectangle,16PT C2S,No Coating,Silk,n/a,4/0,75,Score in Half,Slide Slits Right Panel,No Blank Envelopes
Majestic,Silk,4.25 x 11,Vertical,Rectangle,16PT C2S,No Coating,Silk,n/a,4/0,2500,Score in Half,Slide Slits Right Panel,No Blank Envelopes
Majestic,Silk,5.5 x 8.5,Vertical,Rectangle,16PT C2S,No Coating,Silk,n/a,4/0,2500,Score in Half,Slide Slits Right Panel,No Blank Envelopes
Majestic,Silk,5.5 x 8.5,Horizontal,Rectangle,16PT C2S,No Coating,Silk,n/a,4/0,2500,Score in Half,Slide Slits Right Panel,No Blank Envelopes
Majestic,Silk,4.25 x 11,Horizontal,Rectangle,16PT C2S,No Coating,Silk,n/a,4/1,2500,Score in Half,Slide Slits Right Panel,No Blank Envelopes
Majestic,Silk,4.25 x 11,Horizontal,Rectangle,16PT C2S,No Coating,Silk,n/a,4/4,100,Score in Half,Slide Slits Right Panel,No Blank Envelopes
Majestic,Silk,5.5 x 8.5,Vertical,Rectangle,16PT C2S,No Coating,Silk,n/a,4/1,2500,Score in Half,Slide Slits Right Panel,No Blank Envelopes
Majestic,Silk,5.5 x 8.5,Horizontal,Rectangle,16PT C2S,No Coating,Silk,n/a,4/1,2500,Score in Half,Slide Slits Right Panel,No Blank Envelopes
Majestic,Silk,5.5 x 8.5,Horizontal,Rectangle,16PT C2S,No Coating,Silk,n/a,4/4,2500,Score in Half,Slide Slits Right Panel,No Blank Envelopes
Majestic,Silk,4.25 x 11,Vertical,Rectangle,16PT C2S,No Coating,Silk,n/a,4/4,2500,Score in Half,Slide Slits Right Panel,No Blank Envelopes
Majestic,Silk,5.5 x 8.5,Vertical,Rectangle,16PT C2S,No Coating,Silk,n/a,4/4,2500,Score in Half,Slide Slits Right Panel,No Blank Envelopes
Majestic,Silk,4.25 x 11,Horizontal,Rectangle,16PT C2S,No Coating,Silk,n/a,4/0,5000,Score in Half,Slide Slits Right Panel,No Blank Envelopes
Majestic,Silk,5.5 x 8.5,Horizontal,Rectangle,16PT C2S,No Coating,Silk,n/a,4/0,5000,Score in Half,Slide Slits Right Panel,No Blank Envelopes
Majestic,Silk,4.25 x 11,Vertical,Rectangle,16PT C2S,No Coating,Silk,n/a,4/0,5000,Score in Half,Slide Slits Right Panel,No Blank Envelopes
Majestic,Silk,5.5 x 8.5,Vertical,Rectangle,16PT C2S,No Coating,Silk,n/a,4/0,5000,Score in Half,Slide Slits Right Panel,No Blank Envelopes
Majestic,Silk,4.25 x 11,Horizontal,Rectangle,16PT C2S,No Coating,Silk,n/a,4/1,5000,Score in Half,Slide Slits Right Panel,No Blank Envelopes
Majestic,Silk,5.5 x 8.5,Horizontal,Rectangle,16PT C2S,No Coating,Silk,n/a,4/1,5000,Score in Half,Slide Slits Right Panel,No Blank Envelopes
Majestic,Silk,4.25 x 11,Vertical,Rectangle,16PT C2S,No Coating,Silk,n/a,4/1,5000,Score in Half,Slide Slits Right Panel,No Blank Envelopes
Majestic,Silk,5.5 x 8.5,Vertical,Rectangle,16PT C2S,No Coating,Silk,n/a,4/1,5000,Score in Half,Slide Slits Right Panel,No Blank Envelopes
Majestic,Silk,4.25 x 11,Horizontal,Rectangle,16PT C2S,No Coating,Silk,n/a,4/4,5000,Score in Half,Slide Slits Right Panel,No Blank Envelopes
Majestic,Silk,5.5 x 8.5,Horizontal,Rectangle,16PT C2S,No Coating,Silk,n/a,4/4,5000,Score in Half,Slide Slits Right Panel,No Blank Envelopes
Majestic,Silk,4.25 x 11,Vertical,Rectangle,16PT C2S,No Coating,Silk,n/a,4/4,5000,Score in Half,Slide Slits Right Panel,No Blank Envelopes
Majestic,Silk,5.5 x 8.5,Vertical,Rectangle,16PT C2S,No Coating,Silk,n/a,4/4,5000,Score in Half,Slide Slits Right Panel,No Blank Envelopes
Majestic,Silk,4.25 x 11,Horizontal,Rectangle,16PT C2S,No Coating,Silk,n/a,4/0,10000,Score in Half,Slide Slits Right Panel,No Blank Envelopes
Majestic,Silk,5.5 x 8.5,Horizontal,Rectangle,16PT C2S,No Coating,Silk,n/a,4/0,10000,Score in Half,Slide Slits Right Panel,No Blank Envelopes
Majestic,Silk,4.25 x 11,Vertical,Rectangle,16PT C2S,No Coating,Silk,n/a,4/0,10000,Score in Half,Slide Slits Right Panel,No Blank Envelopes
Majestic,Silk,5.5 x 8.5,Vertical,Rectangle,16PT C2S,No Coating,Silk,n/a,4/0,10000,Score in Half,Slide Slits Right Panel,No Blank Envelopes
Majestic,Silk,4.25 x 11,Horizontal,Rectangle,16PT C2S,No Coating,Silk,n/a,4/1,10000,Score in Half,Slide Slits Right Panel,No Blank Envelopes
Majestic,Silk,5.5 x 8.5,Horizontal,Rectangle,16PT C2S,No Coating,Silk,n/a,4/1,10000,Score in Half,Slide Slits Right Panel,No Blank Envelopes
Majestic,Silk,4.25 x 11,Vertical,Rectangle,16PT C2S,No Coating,Silk,n/a,4/1,10000,Score in Half,Slide Slits Right Panel,No Blank Envelopes
Majestic,Silk,5.5 x 8.5,Vertical,Rectangle,16PT C2S,No Coating,Silk,n/a,4/1,10000,Score in Half,Slide Slits Right Panel,No Blank Envelopes
Majestic,Silk,4.25 x 11,Horizontal,Rectangle,16PT C2S,No Coating,Silk,n/a,4/4,10000,Score in Half,Slide Slits Right Panel,No Blank Envelopes
Majestic,Silk,5.5 x 8.5,Horizontal,Rectangle,16PT C2S,No Coating,Silk,n/a,4/4,10000,Score in Half,Slide Slits Right Panel,No Blank Envelopes
Majestic,Silk,4.25 x 11,Vertical,Rectangle,16PT C2S,No Coating,Silk,n/a,4/4,10000,Score in Half,Slide Slits Right Panel,No Blank Envelopes
Majestic,Silk,5.5 x 8.5,Vertical,Rectangle,16PT C2S,No Coating,Silk,n/a,4/4,10000,Score in Half,Slide Slits Right Panel,No Blank Envelopes
Majestic,Silk,4.25 x 11,Horizontal,Rectangle,16PT C2S,No Coating,Silk,n/a,4/0,25,Score in Half,Moon Slits Bottom Panel,Yes 25 Envelopes A2
Majestic,Silk,5.5 x 8.5,Horizontal,Rectangle,16PT C2S,No Coating,Silk,n/a,4/0,25,Score in Half,Moon Slits Bottom Panel,Yes 25 Envelopes A2
Majestic,Silk,4.25 x 11,Vertical,Rectangle,16PT C2S,No Coating,Silk,n/a,4/0,25,Score in Half,Moon Slits Bottom Panel,Yes 25 Envelopes A2
Majestic,Silk,5.5 x 8.5,Vertical,Rectangle,16PT C2S,No Coating,Silk,n/a,4/0,25,Score in Half,Moon Slits Bottom Panel,Yes 25 Envelopes A2
Majestic,Silk,4.25 x 11,Horizontal,Rectangle,16PT C2S,No Coating,Silk,n/a,4/1,25,Score in Half,Moon Slits Bottom Panel,Yes 25 Envelopes A2
Majestic,Silk,5.5 x 8.5,Horizontal,Rectangle,16PT C2S,No Coating,Silk,n/a,4/1,25,Score in Half,Moon Slits Bottom Panel,Yes 25 Envelopes A2
Majestic,Silk,4.25 x 11,Vertical,Rectangle,16PT C2S,No Coating,Silk,n/a,4/1,25,Score in Half,Moon Slits Bottom Panel,Yes 25 Envelopes A2
Majestic,Silk,5.5 x 8.5,Vertical,Rectangle,16PT C2S,No Coating,Silk,n/a,4/1,25,Score in Half,Moon Slits Bottom Panel,Yes 25 Envelopes A2
Majestic,Silk,4.25 x 11,Horizontal,Rectangle,16PT C2S,No Coating,Silk,n/a,4/4,25,Score in Half,Moon Slits Bottom Panel,Yes 25 Envelopes A2
Majestic,Silk,5.5 x 8.5,Horizontal,Rectangle,16PT C2S,No Coating,Silk,n/a,4/4,25,Score in Half,Moon Slits Bottom Panel,Yes 25 Envelopes A2
Majestic,Silk,4.25 x 11,Vertical,Rectangle,16PT C2S,No Coating,Silk,n/a,4/4,25,Score in Half,Moon Slits Bottom Panel,Yes 25 Envelopes A2
Majestic,Silk,5.5 x 8.5,Vertical,Rectangle,16PT C2S,No Coating,Silk,n/a,4/4,25,Score in Half,Moon Slits Bottom Panel,Yes 25 Envelopes A2
Majestic,Silk,4.25 x 11,Horizontal,Rectangle,16PT C2S,No Coating,Silk,n/a,4/0,50,Score in Half,Moon Slits Bottom Panel,Yes 25 Envelopes A2
Majestic,Silk,5.5 x 8.5,Horizontal,Rectangle,16PT C2S,No Coating,Silk,n/a,4/0,50,Score in Half,Moon Slits Bottom Panel,Yes 25 Envelopes A2
Majestic,Silk,4.25 x 11,Vertical,Rectangle,16PT C2S,No Coating,Silk,n/a,4/0,50,Score in Half,Moon Slits Bottom Panel,Yes 25 Envelopes A2
Majestic,Silk,5.5 x 8.5,Vertical,Rectangle,16PT C2S,No Coating,Silk,n/a,4/0,50,Score in Half,Moon Slits Bottom Panel,Yes 25 Envelopes A2
Majestic,Silk,4.25 x 11,Horizontal,Rectangle,16PT C2S,No Coating,Silk,n/a,4/1,50,Score in Half,Moon Slits Bottom Panel,Yes 25 Envelopes A2
Majestic,Silk,5.5 x 8.5,Horizontal,Rectangle,16PT C2S,No Coating,Silk,n/a,4/1,50,Score in Half,Moon Slits Bottom Panel,Yes 25 Envelopes A2
Majestic,Silk,4.25 x 11,Vertical,Rectangle,16PT C2S,No Coating,Silk,n/a,4/1,50,Score in Half,Moon Slits Bottom Panel,Yes 25 Envelopes A2
Majestic,Silk,5.5 x 8.5,Vertical,Rectangle,16PT C2S,No Coating,Silk,n/a,4/1,50,Score in Half,Moon Slits Bottom Panel,Yes 25 Envelopes A2
Majestic,Silk,4.25 x 11,Horizontal,Rectangle,16PT C2S,No Coating,Silk,n/a,4/4,50,Score in Half,Moon Slits Bottom Panel,Yes 25 Envelopes A2
Majestic,Silk,5.5 x 8.5,Horizontal,Rectangle,16PT C2S,No Coating,Silk,n/a,4/4,50,Score in Half,Moon Slits Bottom Panel,Yes 25 Envelopes A2
Majestic,Silk,4.25 x 11,Vertical,Rectangle,16PT C2S,No Coating,Silk,n/a,4/4,50,Score in Half,Moon Slits Bottom Panel,Yes 25 Envelopes A2
Majestic,Silk,5.5 x 8.5,Vertical,Rectangle,16PT C2S,No Coating,Silk,n/a,4/4,50,Score in Half,Moon Slits Bottom Panel,Yes 25 Envelopes A2
Majestic,Silk,4.25 x 11,Horizontal,Rectangle,16PT C2S,No Coating,Silk,n/a,4/0,75,Score in Half,Moon Slits Bottom Panel,Yes 25 Envelopes A2
Majestic,Silk,5.5 x 8.5,Horizontal,Rectangle,16PT C2S,No Coating,Silk,n/a,4/0,75,Score in Half,Moon Slits Bottom Panel,Yes 25 Envelopes A2
Majestic,Silk,4.25 x 11,Vertical,Rectangle,16PT C2S,No Coating,Silk,n/a,4/0,75,Score in Half,Moon Slits Bottom Panel,Yes 25 Envelopes A2
Majestic,Silk,5.5 x 8.5,Vertical,Rectangle,16PT C2S,No Coating,Silk,n/a,4/0,75,Score in Half,Moon Slits Bottom Panel,Yes 25 Envelopes A2
Majestic,Silk,4.25 x 11,Horizontal,Rectangle,16PT C2S,No Coating,Silk,n/a,4/1,75,Score in Half,Moon Slits Bottom Panel,Yes 25 Envelopes A2
Majestic,Silk,5.5 x 8.5,Horizontal,Rectangle,16PT C2S,No Coating,Silk,n/a,4/1,75,Score in Half,Moon Slits Bottom Panel,Yes 25 Envelopes A2
Majestic,Silk,4.25 x 11,Vertical,Rectangle,16PT C2S,No Coating,Silk,n/a,4/1,75,Score in Half,Moon Slits Bottom Panel,Yes 25 Envelopes A2
Majestic,Silk,5.5 x 8.5,Vertical,Rectangle,16PT C2S,No Coating,Silk,n/a,4/1,75,Score in Half,Moon Slits Bottom Panel,Yes 25 Envelopes A2
Majestic,Silk,4.25 x 11,Horizontal,Rectangle,16PT C2S,No Coating,Silk,n/a,4/4,75,Score in Half,Moon Slits Bottom Panel,Yes 25 Envelopes A2
Majestic,Silk,5.5 x 8.5,Horizontal,Rectangle,16PT C2S,No Coating,Silk,n/a,4/4,75,Score in Half,Moon Slits Bottom Panel,Yes 25 Envelopes A2
Majestic,Silk,4.25 x 11,Vertical,Rectangle,16PT C2S,No Coating,Silk,n/a,4/4,75,Score in Half,Moon Slits Bottom Panel,Yes 25 Envelopes A2
Majestic,Silk,4.25 x 11,Horizontal,Rectangle,16PT C2S,No Coating,Silk,n/a,4/4,2500,Score in Half,Slide Slits Right Panel,No Blank Envelopes
Majestic,Silk,4.25 x 11,Horizontal,Rectangle,16PT C2S,No Coating,Silk,n/a,4/0,100,Score in Half,Moon Slits Bottom Panel,Yes 25 Envelopes A2
Majestic,Silk,5.5 x 8.5,Horizontal,Rectangle,16PT C2S,No Coating,Silk,n/a,4/0,100,Score in Half,Moon Slits Bottom Panel,Yes 25 Envelopes A2
Majestic,Silk,4.25 x 11,Vertical,Rectangle,16PT C2S,No Coating,Silk,n/a,4/0,100,Score in Half,Moon Slits Bottom Panel,Yes 25 Envelopes A2
Majestic,Silk,5.5 x 8.5,Vertical,Rectangle,16PT C2S,No Coating,Silk,n/a,4/0,100,Score in Half,Moon Slits Bottom Panel,Yes 25 Envelopes A2
Majestic,Silk,4.25 x 11,Horizontal,Rectangle,16PT C2S,No Coating,Silk,n/a,4/1,100,Score in Half,Moon Slits Bottom Panel,Yes 25 Envelopes A2
Majestic,Silk,5.5 x 8.5,Horizontal,Rectangle,16PT C2S,No Coating,Silk,n/a,4/1,100,Score in Half,Moon Slits Bottom Panel,Yes 25 Envelopes A2
Majestic,Silk,4.25 x 11,Vertical,Rectangle,16PT C2S,No Coating,Silk,n/a,4/1,100,Score in Half,Moon Slits Bottom Panel,Yes 25 Envelopes A2
Majestic,Silk,5.5 x 8.5,Vertical,Rectangle,16PT C2S,No Coating,Silk,n/a,4/1,100,Score in Half,Moon Slits Bottom Panel,Yes 25 Envelopes A2
Majestic,Silk,4.25 x 11,Horizontal,Rectangle,16PT C2S,No Coating,Silk,n/a,4/4,100,Score in Half,Moon Slits Bottom Panel,Yes 25 Envelopes A2
Majestic,Silk,5.5 x 8.5,Horizontal,Rectangle,16PT C2S,No Coating,Silk,n/a,4/4,100,Score in Half,Moon Slits Bottom Panel,Yes 25 Envelopes A2
Majestic,Silk,4.25 x 11,Horizontal,Rectangle,16PT C2S,No Coating,Silk,n/a,4/4,1000,Score in Half,Slide Slits Right Panel,No Blank Envelopes
Majestic,Silk,5.5 x 8.5,Vertical,Rectangle,16PT C2S,No Coating,Silk,n/a,4/4,100,Score in Half,Moon Slits Bottom Panel,Yes 25 Envelopes A2
Majestic,Silk,4.25 x 11,Horizontal,Rectangle,16PT C2S,No Coating,Silk,n/a,4/0,250,Score in Half,Moon Slits Bottom Panel,Yes 25 Envelopes A2
Majestic,Silk,5.5 x 8.5,Horizontal,Rectangle,16PT C2S,No Coating,Silk,n/a,4/0,250,Score in Half,Moon Slits Bottom Panel,Yes 25 Envelopes A2
Majestic,Silk,4.25 x 11,Vertical,Rectangle,16PT C2S,No Coating,Silk,n/a,4/0,250,Score in Half,Moon Slits Bottom Panel,Yes 25 Envelopes A2
Majestic,Silk,5.5 x 8.5,Vertical,Rectangle,16PT C2S,No Coating,Silk,n/a,4/0,250,Score in Half,Moon Slits Bottom Panel,Yes 25 Envelopes A2
Majestic,Silk,4.25 x 11,Horizontal,Rectangle,16PT C2S,No Coating,Silk,n/a,4/1,250,Score in Half,Moon Slits Bottom Panel,Yes 25 Envelopes A2
Majestic,Silk,5.5 x 8.5,Horizontal,Rectangle,16PT C2S,No Coating,Silk,n/a,4/1,250,Score in Half,Moon Slits Bottom Panel,Yes 25 Envelopes A2
Majestic,Silk,4.25 x 11,Vertical,Rectangle,16PT C2S,No Coating,Silk,n/a,4/1,250,Score in Half,Moon Slits Bottom Panel,Yes 25 Envelopes A2
Majestic,Silk,5.5 x 8.5,Vertical,Rectangle,16PT C2S,No Coating,Silk,n/a,4/1,250,Score in Half,Moon Slits Bottom Panel,Yes 25 Envelopes A2
Majestic,Silk,4.25 x 11,Horizontal,Rectangle,16PT C2S,No Coating,Silk,n/a,4/4,250,Score in Half,Moon Slits Bottom Panel,Yes 25 Envelopes A2
Majestic,Silk,5.5 x 8.5,Horizontal,Rectangle,16PT C2S,No Coating,Silk,n/a,4/4,250,Score in Half,Moon Slits Bottom Panel,Yes 25 Envelopes A2
Majestic,Silk,4.25 x 11,Vertical,Rectangle,16PT C2S,No Coating,Silk,n/a,4/4,250,Score in Half,Moon Slits Bottom Panel,Yes 25 Envelopes A2
Majestic,Silk,5.5 x 8.5,Vertical,Rectangle,16PT C2S,No Coating,Silk,n/a,4/4,250,Score in Half,Moon Slits Bottom Panel,Yes 25 Envelopes A2
Majestic,Silk,4.25 x 11,Horizontal,Rectangle,16PT C2S,No Coating,Silk,n/a,4/0,500,Score in Half,Moon Slits Bottom Panel,Yes 25 Envelopes A2
Majestic,Silk,5.5 x 8.5,Horizontal,Rectangle,16PT C2S,No Coating,Silk,n/a,4/0,500,Score in Half,Moon Slits Bottom Panel,Yes 25 Envelopes A2
Majestic,Silk,4.25 x 11,Vertical,Rectangle,16PT C2S,No Coating,Silk,n/a,4/0,500,Score in Half,Moon Slits Bottom Panel,Yes 25 Envelopes A2
Majestic,Silk,5.5 x 8.5,Vertical,Rectangle,16PT C2S,No Coating,Silk,n/a,4/0,500,Score in Half,Moon Slits Bottom Panel,Yes 25 Envelopes A2
Majestic,Silk,4.25 x 11,Horizontal,Rectangle,16PT C2S,No Coating,Silk,n/a,4/1,500,Score in Half,Moon Slits Bottom Panel,Yes 25 Envelopes A2
Majestic,Silk,5.5 x 8.5,Horizontal,Rectangle,16PT C2S,No Coating,Silk,n/a,4/1,500,Score in Half,Moon Slits Bottom Panel,Yes 25 Envelopes A2
Majestic,Silk,4.25 x 11,Vertical,Rectangle,16PT C2S,No Coating,Silk,n/a,4/1,500,Score in Half,Moon Slits Bottom Panel,Yes 25 Envelopes A2
Majestic,Silk,5.5 x 8.5,Vertical,Rectangle,16PT C2S,No Coating,Silk,n/a,4/1,500,Score in Half,Moon Slits Bottom Panel,Yes 25 Envelopes A2
Majestic,Silk,4.25 x 11,Horizontal,Rectangle,16PT C2S,No Coating,Silk,n/a,4/4,500,Score in Half,Moon Slits Bottom Panel,Yes 25 Envelopes A2
Majestic,Silk,5.5 x 8.5,Horizontal,Rectangle,16PT C2S,No Coating,Silk,n/a,4/4,500,Score in Half,Moon Slits Bottom Panel,Yes 25 Envelopes A2
Majestic,Silk,4.25 x 11,Vertical,Rectangle,16PT C2S,No Coating,Silk,n/a,4/4,500,Score in Half,Moon Slits Bottom Panel,Yes 25 Envelopes A2
Majestic,Silk,5.5 x 8.5,Vertical,Rectangle,16PT C2S,No Coating,Silk,n/a,4/4,500,Score in Half,Moon Slits Bottom Panel,Yes 25 Envelopes A2
Majestic,Silk,4.25 x 11,Horizontal,Rectangle,16PT C2S,No Coating,Silk,n/a,4/0,1000,Score in Half,Moon Slits Bottom Panel,Yes 25 Envelopes A2
Majestic,Silk,5.5 x 8.5,Horizontal,Rectangle,16PT C2S,No Coating,Silk,n/a,4/0,1000,Score in Half,Moon Slits Bottom Panel,Yes 25 Envelopes A2
Majestic,Silk,4.25 x 11,Vertical,Rectangle,16PT C2S,No Coating,Silk,n/a,4/0,1000,Score in Half,Moon Slits Bottom Panel,Yes 25 Envelopes A2
Majestic,Silk,5.5 x 8.5,Vertical,Rectangle,16PT C2S,No Coating,Silk,n/a,4/0,1000,Score in Half,Moon Slits Bottom Panel,Yes 25 Envelopes A2
Majestic,Silk,4.25 x 11,Horizontal,Rectangle,16PT C2S,No Coating,Silk,n/a,4/1,1000,Score in Half,Moon Slits Bottom Panel,Yes 25 Envelopes A2
Majestic,Silk,5.5 x 8.5,Horizontal,Rectangle,16PT C2S,No Coating,Silk,n/a,4/1,1000,Score in Half,Moon Slits Bottom Panel,Yes 25 Envelopes A2
Majestic,Silk,4.25 x 11,Vertical,Rectangle,16PT C2S,No Coating,Silk,n/a,4/1,1000,Score in Half,Moon Slits Bottom Panel,Yes 25 Envelopes A2
Majestic,Silk,5.5 x 8.5,Vertical,Rectangle,16PT C2S,No Coating,Silk,n/a,4/1,1000,Score in Half,Moon Slits Bottom Panel,Yes 25 Envelopes A2
Majestic,Silk,4.25 x 11,Horizontal,Rectangle,16PT C2S,No Coating,Silk,n/a,4/4,1000,Score in Half,Moon Slits Bottom Panel,Yes 25 Envelopes A2
Majestic,Silk,5.5 x 8.5,Horizontal,Rectangle,16PT C2S,No Coating,Silk,n/a,4/4,1000,Score in Half,Moon Slits Bottom Panel,Yes 25 Envelopes A2
Majestic,Silk,4.25 x 11,Vertical,Rectangle,16PT C2S,No Coating,Silk,n/a,4/4,1000,Score in Half,Moon Slits Bottom Panel,Yes 25 Envelopes A2
Majestic,Silk,5.5 x 8.5,Vertical,Rectangle,16PT C2S,No Coating,Silk,n/a,4/4,1000,Score in Half,Moon Slits Bottom Panel,Yes 25 Envelopes A2
Majestic,Silk,4.25 x 11,Horizontal,Rectangle,16PT C2S,No Coating,Silk,n/a,4/0,2500,Score in Half,Moon Slits Bottom Panel,Yes 25 Envelopes A2
Majestic,Silk,5.5 x 8.5,Horizontal,Rectangle,16PT C2S,No Coating,Silk,n/a,4/0,2500,Score in Half,Moon Slits Bottom Panel,Yes 25 Envelopes A2
Majestic,Silk,4.25 x 11,Vertical,Rectangle,16PT C2S,No Coating,Silk,n/a,4/0,2500,Score in Half,Moon Slits Bottom Panel,Yes 25 Envelopes A2
Majestic,Silk,5.5 x 8.5,Vertical,Rectangle,16PT C2S,No Coating,Silk,n/a,4/0,2500,Score in Half,Moon Slits Bottom Panel,Yes 25 Envelopes A2
Majestic,Silk,4.25 x 11,Horizontal,Rectangle,16PT C2S,No Coating,Silk,n/a,4/1,2500,Score in Half,Moon Slits Bottom Panel,Yes 25 Envelopes A2
Majestic,Silk,5.5 x 8.5,Horizontal,Rectangle,16PT C2S,No Coating,Silk,n/a,4/1,2500,Score in Half,Moon Slits Bottom Panel,Yes 25 Envelopes A2
Majestic,Silk,4.25 x 11,Vertical,Rectangle,16PT C2S,No Coating,Silk,n/a,4/1,2500,Score in Half,Moon Slits Bottom Panel,Yes 25 Envelopes A2
Majestic,Silk,5.5 x 8.5,Vertical,Rectangle,16PT C2S,No Coating,Silk,n/a,4/1,2500,Score in Half,Moon Slits Bottom Panel,Yes 25 Envelopes A2
Majestic,Silk,4.25 x 11,Horizontal,Rectangle,16PT C2S,No Coating,Silk,n/a,4/4,2500,Score in Half,Moon Slits Bottom Panel,Yes 25 Envelopes A2
Majestic,Silk,5.5 x 8.5,Horizontal,Rectangle,16PT C2S,No Coating,Silk,n/a,4/4,2500,Score in Half,Moon Slits Bottom Panel,Yes 25 Envelopes A2
Majestic,Silk,4.25 x 11,Vertical,Rectangle,16PT C2S,No Coating,Silk,n/a,4/4,2500,Score in Half,Moon Slits Bottom Panel,Yes 25 Envelopes A2
Majestic,Silk,5.5 x 8.5,Vertical,Rectangle,16PT C2S,No Coating,Silk,n/a,4/4,2500,Score in Half,Moon Slits Bottom Panel,Yes 25 Envelopes A2
Majestic,Silk,4.25 x 11,Horizontal,Rectangle,16PT C2S,No Coating,Silk,n/a,4/0,5000,Score in Half,Moon Slits Bottom Panel,Yes 25 Envelopes A2
Majestic,Silk,5.5 x 8.5,Horizontal,Rectangle,16PT C2S,No Coating,Silk,n/a,4/0,5000,Score in Half,Moon Slits Bottom Panel,Yes 25 Envelopes A2
Majestic,Silk,4.25 x 11,Vertical,Rectangle,16PT C2S,No Coating,Silk,n/a,4/0,5000,Score in Half,Moon Slits Bottom Panel,Yes 25 Envelopes A2
Majestic,Silk,5.5 x 8.5,Vertical,Rectangle,16PT C2S,No Coating,Silk,n/a,4/0,5000,Score in Half,Moon Slits Bottom Panel,Yes 25 Envelopes A2
Majestic,Silk,4.25 x 11,Horizontal,Rectangle,16PT C2S,No Coating,Silk,n/a,4/1,5000,Score in Half,Moon Slits Bottom Panel,Yes 25 Envelopes A2
Majestic,Silk,4.25 x 11,Vertical,Rectangle,16PT C2S,No Coating,Silk,n/a,4/1,2500,Score in Half,Slide Slits Right Panel,No Blank Envelopes
Majestic,Silk,4.25 x 11,Vertical,Rectangle,16PT C2S,No Coating,Silk,n/a,4/4,100,Score in Half,Moon Slits Bottom Panel,Yes 25 Envelopes A2
Majestic,Silk,5.5 x 8.5,Vertical,Rectangle,16PT C2S,No Coating,Silk,n/a,4/1,5000,Score in Half,Moon Slits Bottom Panel,Yes 25 Envelopes A2
Majestic,Silk,4.25 x 11,Horizontal,Rectangle,16PT C2S,No Coating,Silk,n/a,4/4,5000,Score in Half,Moon Slits Bottom Panel,Yes 25 Envelopes A2
Majestic,Silk,5.5 x 8.5,Horizontal,Rectangle,16PT C2S,No Coating,Silk,n/a,4/4,5000,Score in Half,Moon Slits Bottom Panel,Yes 25 Envelopes A2
Majestic,Silk,4.25 x 11,Vertical,Rectangle,16PT C2S,No Coating,Silk,n/a,4/4,5000,Score in Half,Moon Slits Bottom Panel,Yes 25 Envelopes A2
Majestic,Silk,5.5 x 8.5,Vertical,Rectangle,16PT C2S,No Coating,Silk,n/a,4/4,5000,Score in Half,Moon Slits Bottom Panel,Yes 25 Envelopes A2
Majestic,Silk,4.25 x 11,Horizontal,Rectangle,16PT C2S,No Coating,Silk,n/a,4/0,10000,Score in Half,Moon Slits Bottom Panel,Yes 25 Envelopes A2
Majestic,Silk,5.5 x 8.5,Horizontal,Rectangle,16PT C2S,No Coating,Silk,n/a,4/0,10000,Score in Half,Moon Slits Bottom Panel,Yes 25 Envelopes A2
Majestic,Silk,4.25 x 11,Vertical,Rectangle,16PT C2S,No Coating,Silk,n/a,4/0,10000,Score in Half,Moon Slits Bottom Panel,Yes 25 Envelopes A2
Majestic,Silk,5.5 x 8.5,Vertical,Rectangle,16PT C2S,No Coating,Silk,n/a,4/0,10000,Score in Half,Moon Slits Bottom Panel,Yes 25 Envelopes A2
Majestic,Silk,4.25 x 11,Horizontal,Rectangle,16PT C2S,No Coating,Silk,n/a,4/1,10000,Score in Half,Moon Slits Bottom Panel,Yes 25 Envelopes A2
Majestic,Silk,5.5 x 8.5,Horizontal,Rectangle,16PT C2S,No Coating,Silk,n/a,4/1,10000,Score in Half,Moon Slits Bottom Panel,Yes 25 Envelopes A2
Majestic,Silk,4.25 x 11,Vertical,Rectangle,16PT C2S,No Coating,Silk,n/a,4/1,10000,Score in Half,Moon Slits Bottom Panel,Yes 25 Envelopes A2
Majestic,Silk,5.5 x 8.5,Vertical,Rectangle,16PT C2S,No Coating,Silk,n/a,4/1,10000,Score in Half,Moon Slits Bottom Panel,Yes 25 Envelopes A2
Majestic,Silk,4.25 x 11,Horizontal,Rectangle,16PT C2S,No Coating,Silk,n/a,4/4,10000,Score in Half,Moon Slits Bottom Panel,Yes 25 Envelopes A2
Majestic,Silk,5.5 x 8.5,Horizontal,Rectangle,16PT C2S,No Coating,Silk,n/a,4/4,10000,Score in Half,Moon Slits Bottom Panel,Yes 25 Envelopes A2
Majestic,Silk,4.25 x 11,Vertical,Rectangle,16PT C2S,No Coating,Silk,n/a,4/4,10000,Score in Half,Moon Slits Bottom Panel,Yes 25 Envelopes A2
Majestic,Silk,5.5 x 8.5,Vertical,Rectangle,16PT C2S,No Coating,Silk,n/a,4/4,10000,Score in Half,Moon Slits Bottom Panel,Yes 25 Envelopes A2
Majestic,Silk,4.25 x 11,Horizontal,Rectangle,16PT C2S,No Coating,Silk,n/a,4/0,25,Score in Half,Moon Slits Right Panel,Yes 25 Envelopes A2
Majestic,Silk,5.5 x 8.5,Horizontal,Rectangle,16PT C2S,No Coating,Silk,n/a,4/0,25,Score in Half,Moon Slits Right Panel,Yes 25 Envelopes A2
Majestic,Silk,4.25 x 11,Vertical,Rectangle,16PT C2S,No Coating,Silk,n/a,4/0,25,Score in Half,Moon Slits Right Panel,Yes 25 Envelopes A2
Majestic,Silk,5.5 x 8.5,Vertical,Rectangle,16PT C2S,No Coating,Silk,n/a,4/0,25,Score in Half,Moon Slits Right Panel,Yes 25 Envelopes A2
Majestic,Silk,4.25 x 11,Horizontal,Rectangle,16PT C2S,No Coating,Silk,n/a,4/1,25,Score in Half,Moon Slits Right Panel,Yes 25 Envelopes A2
Majestic,Silk,5.5 x 8.5,Horizontal,Rectangle,16PT C2S,No Coating,Silk,n/a,4/1,25,Score in Half,Moon Slits Right Panel,Yes 25 Envelopes A2
Majestic,Silk,4.25 x 11,Vertical,Rectangle,16PT C2S,No Coating,Silk,n/a,4/1,25,Score in Half,Moon Slits Right Panel,Yes 25 Envelopes A2
Majestic,Silk,5.5 x 8.5,Vertical,Rectangle,16PT C2S,No Coating,Silk,n/a,4/1,25,Score in Half,Moon Slits Right Panel,Yes 25 Envelopes A2
Majestic,Silk,4.25 x 11,Horizontal,Rectangle,16PT C2S,No Coating,Silk,n/a,4/4,25,Score in Half,Moon Slits Right Panel,Yes 25 Envelopes A2
Majestic,Silk,5.5 x 8.5,Horizontal,Rectangle,16PT C2S,No Coating,Silk,n/a,4/4,25,Score in Half,Moon Slits Right Panel,Yes 25 Envelopes A2
Majestic,Silk,4.25 x 11,Vertical,Rectangle,16PT C2S,No Coating,Silk,n/a,4/4,25,Score in Half,Moon Slits Right Panel,Yes 25 Envelopes A2
Majestic,Silk,5.5 x 8.5,Vertical,Rectangle,16PT C2S,No Coating,Silk,n/a,4/4,25,Score in Half,Moon Slits Right Panel,Yes 25 Envelopes A2
Majestic,Silk,4.25 x 11,Horizontal,Rectangle,16PT C2S,No Coating,Silk,n/a,4/0,50,Score in Half,Moon Slits Right Panel,Yes 25 Envelopes A2
Majestic,Silk,4.25 x 11,Vertical,Rectangle,16PT C2S,No Coating,Silk,n/a,4/1,5000,Score in Half,Moon Slits Bottom Panel,Yes 25 Envelopes A2
Majestic,Silk,4.25 x 11,Vertical,Rectangle,16PT C2S,No Coating,Silk,n/a,4/0,50,Score in Half,Moon Slits Right Panel,Yes 25 Envelopes A2
Majestic,Silk,5.5 x 8.5,Vertical,Rectangle,16PT C2S,No Coating,Silk,n/a,4/0,50,Score in Half,Moon Slits Right Panel,Yes 25 Envelopes A2
Majestic,Silk,4.25 x 11,Horizontal,Rectangle,16PT C2S,No Coating,Silk,n/a,4/1,50,Score in Half,Moon Slits Right Panel,Yes 25 Envelopes A2
Majestic,Silk,5.5 x 8.5,Horizontal,Rectangle,16PT C2S,No Coating,Silk,n/a,4/1,50,Score in Half,Moon Slits Right Panel,Yes 25 Envelopes A2
Majestic,Silk,4.25 x 11,Vertical,Rectangle,16PT C2S,No Coating,Silk,n/a,4/1,50,Score in Half,Moon Slits Right Panel,Yes 25 Envelopes A2
Majestic,Silk,5.5 x 8.5,Vertical,Rectangle,16PT C2S,No Coating,Silk,n/a,4/1,50,Score in Half,Moon Slits Right Panel,Yes 25 Envelopes A2
Majestic,Silk,4.25 x 11,Horizontal,Rectangle,16PT C2S,No Coating,Silk,n/a,4/4,50,Score in Half,Moon Slits Right Panel,Yes 25 Envelopes A2
Majestic,Silk,5.5 x 8.5,Horizontal,Rectangle,16PT C2S,No Coating,Silk,n/a,4/4,50,Score in Half,Moon Slits Right Panel,Yes 25 Envelopes A2
Majestic,Silk,4.25 x 11,Vertical,Rectangle,16PT C2S,No Coating,Silk,n/a,4/4,50,Score in Half,Moon Slits Right Panel,Yes 25 Envelopes A2
Majestic,Silk,5.5 x 8.5,Vertical,Rectangle,16PT C2S,No Coating,Silk,n/a,4/4,50,Score in Half,Moon Slits Right Panel,Yes 25 Envelopes A2
Majestic,Silk,4.25 x 11,Horizontal,Rectangle,16PT C2S,No Coating,Silk,n/a,4/0,75,Score in Half,Moon Slits Right Panel,Yes 25 Envelopes A2
Majestic,Silk,5.5 x 8.5,Horizontal,Rectangle,16PT C2S,No Coating,Silk,n/a,4/0,75,Score in Half,Moon Slits Right Panel,Yes 25 Envelopes A2
Majestic,Silk,4.25 x 11,Vertical,Rectangle,16PT C2S,No Coating,Silk,n/a,4/0,75,Score in Half,Moon Slits Right Panel,Yes 25 Envelopes A2
Majestic,Silk,5.5 x 8.5,Vertical,Rectangle,16PT C2S,No Coating,Silk,n/a,4/0,75,Score in Half,Moon Slits Right Panel,Yes 25 Envelopes A2
Majestic,Silk,4.25 x 11,Horizontal,Rectangle,16PT C2S,No Coating,Silk,n/a,4/1,75,Score in Half,Moon Slits Right Panel,Yes 25 Envelopes A2
Majestic,Silk,5.5 x 8.5,Horizontal,Rectangle,16PT C2S,No Coating,Silk,n/a,4/1,75,Score in Half,Moon Slits Right Panel,Yes 25 Envelopes A2
Majestic,Silk,4.25 x 11,Vertical,Rectangle,16PT C2S,No Coating,Silk,n/a,4/1,75,Score in Half,Moon Slits Right Panel,Yes 25 Envelopes A2
Majestic,Silk,5.5 x 8.5,Vertical,Rectangle,16PT C2S,No Coating,Silk,n/a,4/1,75,Score in Half,Moon Slits Right Panel,Yes 25 Envelopes A2
Majestic,Silk,4.25 x 11,Horizontal,Rectangle,16PT C2S,No Coating,Silk,n/a,4/4,75,Score in Half,Moon Slits Right Panel,Yes 25 Envelopes A2
Majestic,Silk,5.5 x 8.5,Horizontal,Rectangle,16PT C2S,No Coating,Silk,n/a,4/4,75,Score in Half,Moon Slits Right Panel,Yes 25 Envelopes A2
Majestic,Silk,4.25 x 11,Vertical,Rectangle,16PT C2S,No Coating,Silk,n/a,4/4,75,Score in Half,Moon Slits Right Panel,Yes 25 Envelopes A2
Majestic,Silk,5.5 x 8.5,Vertical,Rectangle,16PT C2S,No Coating,Silk,n/a,4/4,75,Score in Half,Moon Slits Right Panel,Yes 25 Envelopes A2
Majestic,Silk,4.25 x 11,Horizontal,Rectangle,16PT C2S,No Coating,Silk,n/a,4/0,100,Score in Half,Moon Slits Right Panel,Yes 25 Envelopes A2
Majestic,Silk,5.5 x 8.5,Horizontal,Rectangle,16PT C2S,No Coating,Silk,n/a,4/0,100,Score in Half,Moon Slits Right Panel,Yes 25 Envelopes A2
Majestic,Silk,5.5 x 8.5,Horizontal,Rectangle,16PT C2S,No Coating,Silk,n/a,4/1,5000,Score in Half,Moon Slits Bottom Panel,Yes 25 Envelopes A2
Majestic,Silk,5.5 x 8.5,Vertical,Rectangle,16PT C2S,No Coating,Silk,n/a,4/0,100,Score in Half,Moon Slits Right Panel,Yes 25 Envelopes A2
Majestic,Silk,4.25 x 11,Horizontal,Rectangle,16PT C2S,No Coating,Silk,n/a,4/1,100,Score in Half,Moon Slits Right Panel,Yes 25 Envelopes A2
Majestic,Silk,5.5 x 8.5,Horizontal,Rectangle,16PT C2S,No Coating,Silk,n/a,4/1,100,Score in Half,Moon Slits Right Panel,Yes 25 Envelopes A2
Majestic,Silk,4.25 x 11,Vertical,Rectangle,16PT C2S,No Coating,Silk,n/a,4/1,100,Score in Half,Moon Slits Right Panel,Yes 25 Envelopes A2
Majestic,Silk,5.5 x 8.5,Vertical,Rectangle,16PT C2S,No Coating,Silk,n/a,4/1,100,Score in Half,Moon Slits Right Panel,Yes 25 Envelopes A2
Majestic,Silk,4.25 x 11,Horizontal,Rectangle,16PT C2S,No Coating,Silk,n/a,4/4,100,Score in Half,Moon Slits Right Panel,Yes 25 Envelopes A2
Majestic,Silk,5.5 x 8.5,Horizontal,Rectangle,16PT C2S,No Coating,Silk,n/a,4/4,100,Score in Half,Moon Slits Right Panel,Yes 25 Envelopes A2
Majestic,Silk,4.25 x 11,Vertical,Rectangle,16PT C2S,No Coating,Silk,n/a,4/4,100,Score in Half,Moon Slits Right Panel,Yes 25 Envelopes A2
Majestic,Silk,5.5 x 8.5,Vertical,Rectangle,16PT C2S,No Coating,Silk,n/a,4/4,100,Score in Half,Moon Slits Right Panel,Yes 25 Envelopes A2
Majestic,Silk,4.25 x 11,Horizontal,Rectangle,16PT C2S,No Coating,Silk,n/a,4/0,250,Score in Half,Moon Slits Right Panel,Yes 25 Envelopes A2
Majestic,Silk,5.5 x 8.5,Horizontal,Rectangle,16PT C2S,No Coating,Silk,n/a,4/0,250,Score in Half,Moon Slits Right Panel,Yes 25 Envelopes A2
Majestic,Silk,4.25 x 11,Vertical,Rectangle,16PT C2S,No Coating,Silk,n/a,4/0,250,Score in Half,Moon Slits Right Panel,Yes 25 Envelopes A2
Majestic,Silk,5.5 x 8.5,Vertical,Rectangle,16PT C2S,No Coating,Silk,n/a,4/0,250,Score in Half,Moon Slits Right Panel,Yes 25 Envelopes A2
Majestic,Silk,4.25 x 11,Horizontal,Rectangle,16PT C2S,No Coating,Silk,n/a,4/1,250,Score in Half,Moon Slits Right Panel,Yes 25 Envelopes A2
Majestic,Silk,5.5 x 8.5,Horizontal,Rectangle,16PT C2S,No Coating,Silk,n/a,4/1,250,Score in Half,Moon Slits Right Panel,Yes 25 Envelopes A2
Majestic,Silk,4.25 x 11,Vertical,Rectangle,16PT C2S,No Coating,Silk,n/a,4/1,250,Score in Half,Moon Slits Right Panel,Yes 25 Envelopes A2
Majestic,Silk,5.5 x 8.5,Vertical,Rectangle,16PT C2S,No Coating,Silk,n/a,4/1,250,Score in Half,Moon Slits Right Panel,Yes 25 Envelopes A2
Majestic,Silk,4.25 x 11,Horizontal,Rectangle,16PT C2S,No Coating,Silk,n/a,4/4,250,Score in Half,Moon Slits Right Panel,Yes 25 Envelopes A2
Majestic,Silk,5.5 x 8.5,Horizontal,Rectangle,16PT C2S,No Coating,Silk,n/a,4/4,250,Score in Half,Moon Slits Right Panel,Yes 25 Envelopes A2
Majestic,Silk,4.25 x 11,Vertical,Rectangle,16PT C2S,No Coating,Silk,n/a,4/4,250,Score in Half,Moon Slits Right Panel,Yes 25 Envelopes A2
Majestic,Silk,5.5 x 8.5,Vertical,Rectangle,16PT C2S,No Coating,Silk,n/a,4/4,250,Score in Half,Moon Slits Right Panel,Yes 25 Envelopes A2
Majestic,Silk,4.25 x 11,Horizontal,Rectangle,16PT C2S,No Coating,Silk,n/a,4/0,500,Score in Half,Moon Slits Right Panel,Yes 25 Envelopes A2
Majestic,Silk,5.5 x 8.5,Horizontal,Rectangle,16PT C2S,No Coating,Silk,n/a,4/0,500,Score in Half,Moon Slits Right Panel,Yes 25 Envelopes A2
Majestic,Silk,4.25 x 11,Vertical,Rectangle,16PT C2S,No Coating,Silk,n/a,4/0,500,Score in Half,Moon Slits Right Panel,Yes 25 Envelopes A2
Majestic,Silk,5.5 x 8.5,Vertical,Rectangle,16PT C2S,No Coating,Silk,n/a,4/0,500,Score in Half,Moon Slits Right Panel,Yes 25 Envelopes A2
Majestic,Silk,4.25 x 11,Horizontal,Rectangle,16PT C2S,No Coating,Silk,n/a,4/1,500,Score in Half,Moon Slits Right Panel,Yes 25 Envelopes A2
Majestic,Silk,5.5 x 8.5,Horizontal,Rectangle,16PT C2S,No Coating,Silk,n/a,4/1,500,Score in Half,Moon Slits Right Panel,Yes 25 Envelopes A2
Majestic,Silk,4.25 x 11,Vertical,Rectangle,16PT C2S,No Coating,Silk,n/a,4/1,500,Score in Half,Moon Slits Right Panel,Yes 25 Envelopes A2
Majestic,Silk,5.5 x 8.5,Vertical,Rectangle,16PT C2S,No Coating,Silk,n/a,4/1,500,Score in Half,Moon Slits Right Panel,Yes 25 Envelopes A2
Majestic,Silk,4.25 x 11,Horizontal,Rectangle,16PT C2S,No Coating,Silk,n/a,4/4,500,Score in Half,Moon Slits Right Panel,Yes 25 Envelopes A2
Majestic,Silk,5.5 x 8.5,Horizontal,Rectangle,16PT C2S,No Coating,Silk,n/a,4/4,500,Score in Half,Moon Slits Right Panel,Yes 25 Envelopes A2
Majestic,Silk,4.25 x 11,Vertical,Rectangle,16PT C2S,No Coating,Silk,n/a,4/4,500,Score in Half,Moon Slits Right Panel,Yes 25 Envelopes A2
Majestic,Silk,5.5 x 8.5,Vertical,Rectangle,16PT C2S,No Coating,Silk,n/a,4/4,500,Score in Half,Moon Slits Right Panel,Yes 25 Envelopes A2
Majestic,Silk,4.25 x 11,Horizontal,Rectangle,16PT C2S,No Coating,Silk,n/a,4/0,1000,Score in Half,Moon Slits Right Panel,Yes 25 Envelopes A2
Majestic,Silk,5.5 x 8.5,Horizontal,Rectangle,16PT C2S,No Coating,Silk,n/a,4/0,1000,Score in Half,Moon Slits Right Panel,Yes 25 Envelopes A2
Majestic,Silk,4.25 x 11,Vertical,Rectangle,16PT C2S,No Coating,Silk,n/a,4/0,1000,Score in Half,Moon Slits Right Panel,Yes 25 Envelopes A2
Majestic,Silk,5.5 x 8.5,Vertical,Rectangle,16PT C2S,No Coating,Silk,n/a,4/0,1000,Score in Half,Moon Slits Right Panel,Yes 25 Envelopes A2
Majestic,Silk,4.25 x 11,Horizontal,Rectangle,16PT C2S,No Coating,Silk,n/a,4/1,1000,Score in Half,Moon Slits Right Panel,Yes 25 Envelopes A2
Majestic,Silk,5.5 x 8.5,Horizontal,Rectangle,16PT C2S,No Coating,Silk,n/a,4/1,1000,Score in Half,Moon Slits Right Panel,Yes 25 Envelopes A2
Majestic,Silk,4.25 x 11,Vertical,Rectangle,16PT C2S,No Coating,Silk,n/a,4/1,1000,Score in Half,Moon Slits Right Panel,Yes 25 Envelopes A2
Majestic,Silk,5.5 x 8.5,Vertical,Rectangle,16PT C2S,No Coating,Silk,n/a,4/1,1000,Score in Half,Moon Slits Right Panel,Yes 25 Envelopes A2
Majestic,Silk,4.25 x 11,Horizontal,Rectangle,16PT C2S,No Coating,Silk,n/a,4/4,1000,Score in Half,Moon Slits Right Panel,Yes 25 Envelopes A2
Majestic,Silk,5.5 x 8.5,Horizontal,Rectangle,16PT C2S,No Coating,Silk,n/a,4/4,1000,Score in Half,Moon Slits Right Panel,Yes 25 Envelopes A2
Majestic,Silk,4.25 x 11,Vertical,Rectangle,16PT C2S,No Coating,Silk,n/a,4/4,1000,Score in Half,Moon Slits Right Panel,Yes 25 Envelopes A2
Majestic,Silk,5.5 x 8.5,Vertical,Rectangle,16PT C2S,No Coating,Silk,n/a,4/4,1000,Score in Half,Moon Slits Right Panel,Yes 25 Envelopes A2
Majestic,Silk,4.25 x 11,Horizontal,Rectangle,16PT C2S,No Coating,Silk,n/a,4/0,2500,Score in Half,Moon Slits Right Panel,Yes 25 Envelopes A2
Majestic,Silk,5.5 x 8.5,Horizontal,Rectangle,16PT C2S,No Coating,Silk,n/a,4/0,2500,Score in Half,Moon Slits Right Panel,Yes 25 Envelopes A2
Majestic,Silk,4.25 x 11,Vertical,Rectangle,16PT C2S,No Coating,Silk,n/a,4/0,2500,Score in Half,Moon Slits Right Panel,Yes 25 Envelopes A2
Majestic,Silk,5.5 x 8.5,Vertical,Rectangle,16PT C2S,No Coating,Silk,n/a,4/0,2500,Score in Half,Moon Slits Right Panel,Yes 25 Envelopes A2
Majestic,Silk,4.25 x 11,Horizontal,Rectangle,16PT C2S,No Coating,Silk,n/a,4/1,2500,Score in Half,Moon Slits Right Panel,Yes 25 Envelopes A2
Majestic,Silk,5.5 x 8.5,Horizontal,Rectangle,16PT C2S,No Coating,Silk,n/a,4/1,2500,Score in Half,Moon Slits Right Panel,Yes 25 Envelopes A2
Majestic,Silk,4.25 x 11,Vertical,Rectangle,16PT C2S,No Coating,Silk,n/a,4/1,2500,Score in Half,Moon Slits Right Panel,Yes 25 Envelopes A2
Majestic,Silk,5.5 x 8.5,Vertical,Rectangle,16PT C2S,No Coating,Silk,n/a,4/1,2500,Score in Half,Moon Slits Right Panel,Yes 25 Envelopes A2
Majestic,Silk,4.25 x 11,Horizontal,Rectangle,16PT C2S,No Coating,Silk,n/a,4/4,2500,Score in Half,Moon Slits Right Panel,Yes 25 Envelopes A2
Majestic,Silk,5.5 x 8.5,Horizontal,Rectangle,16PT C2S,No Coating,Silk,n/a,4/4,2500,Score in Half,Moon Slits Right Panel,Yes 25 Envelopes A2
Majestic,Silk,4.25 x 11,Vertical,Rectangle,16PT C2S,No Coating,Silk,n/a,4/4,2500,Score in Half,Moon Slits Right Panel,Yes 25 Envelopes A2
Majestic,Silk,5.5 x 8.5,Vertical,Rectangle,16PT C2S,No Coating,Silk,n/a,4/4,2500,Score in Half,Moon Slits Right Panel,Yes 25 Envelopes A2
Majestic,Silk,4.25 x 11,Horizontal,Rectangle,16PT C2S,No Coating,Silk,n/a,4/0,5000,Score in Half,Moon Slits Right Panel,Yes 25 Envelopes A2
Majestic,Silk,5.5 x 8.5,Horizontal,Rectangle,16PT C2S,No Coating,Silk,n/a,4/0,5000,Score in Half,Moon Slits Right Panel,Yes 25 Envelopes A2
Majestic,Silk,4.25 x 11,Vertical,Rectangle,16PT C2S,No Coating,Silk,n/a,4/0,5000,Score in Half,Moon Slits Right Panel,Yes 25 Envelopes A2
Majestic,Silk,5.5 x 8.5,Vertical,Rectangle,16PT C2S,No Coating,Silk,n/a,4/0,5000,Score in Half,Moon Slits Right Panel,Yes 25 Envelopes A2
Majestic,Silk,4.25 x 11,Vertical,Rectangle,16PT C2S,No Coating,Silk,n/a,4/1,5000,Score in Half,Moon Slits Right Panel,Yes 25 Envelopes A2
Majestic,Silk,4.25 x 11,Horizontal,Rectangle,16PT C2S,No Coating,Silk,n/a,4/1,5000,Score in Half,Moon Slits Right Panel,Yes 25 Envelopes A2
Majestic,Silk,5.5 x 8.5,Horizontal,Rectangle,16PT C2S,No Coating,Silk,n/a,4/1,5000,Score in Half,Moon Slits Right Panel,Yes 25 Envelopes A2
Majestic,Silk,4.25 x 11,Vertical,Rectangle,16PT C2S,No Coating,Silk,n/a,4/0,100,Score in Half,Moon Slits Right Panel,Yes 25 Envelopes A2
Majestic,Silk,4.25 x 11,Horizontal,Rectangle,16PT C2S,No Coating,Silk,n/a,4/4,5000,Score in Half,Moon Slits Right Panel,Yes 25 Envelopes A2
Majestic,Silk,5.5 x 8.5,Horizontal,Rectangle,16PT C2S,No Coating,Silk,n/a,4/4,5000,Score in Half,Moon Slits Right Panel,Yes 25 Envelopes A2
Majestic,Silk,4.25 x 11,Vertical,Rectangle,16PT C2S,No Coating,Silk,n/a,4/4,5000,Score in Half,Moon Slits Right Panel,Yes 25 Envelopes A2
Majestic,Silk,5.5 x 8.5,Vertical,Rectangle,16PT C2S,No Coating,Silk,n/a,4/4,5000,Score in Half,Moon Slits Right Panel,Yes 25 Envelopes A2
Majestic,Silk,4.25 x 11,Horizontal,Rectangle,16PT C2S,No Coating,Silk,n/a,4/0,10000,Score in Half,Moon Slits Right Panel,Yes 25 Envelopes A2
Majestic,Silk,5.5 x 8.5,Horizontal,Rectangle,16PT C2S,No Coating,Silk,n/a,4/0,10000,Score in Half,Moon Slits Right Panel,Yes 25 Envelopes A2
Majestic,Silk,4.25 x 11,Vertical,Rectangle,16PT C2S,No Coating,Silk,n/a,4/0,10000,Score in Half,Moon Slits Right Panel,Yes 25 Envelopes A2
Majestic,Silk,4.25 x 11,Horizontal,Rectangle,16PT C2S,No Coating,Silk,n/a,4/1,10000,Score in Half,Moon Slits Right Panel,Yes 25 Envelopes A2
Majestic,Silk,5.5 x 8.5,Vertical,Rectangle,16PT C2S,No Coating,Silk,n/a,4/0,10000,Score in Half,Moon Slits Right Panel,Yes 25 Envelopes A2
Majestic,Silk,5.5 x 8.5,Horizontal,Rectangle,16PT C2S,No Coating,Silk,n/a,4/1,10000,Score in Half,Moon Slits Right Panel,Yes 25 Envelopes A2
Majestic,Silk,4.25 x 11,Vertical,Rectangle,16PT C2S,No Coating,Silk,n/a,4/1,10000,Score in Half,Moon Slits Right Panel,Yes 25 Envelopes A2
Majestic,Silk,5.5 x 8.5,Vertical,Rectangle,16PT C2S,No Coating,Silk,n/a,4/1,10000,Score in Half,Moon Slits Right Panel,Yes 25 Envelopes A2
Majestic,Silk,4.25 x 11,Horizontal,Rectangle,16PT C2S,No Coating,Silk,n/a,4/4,10000,Score in Half,Moon Slits Right Panel,Yes 25 Envelopes A2
Majestic,Silk,5.5 x 8.5,Horizontal,Rectangle,16PT C2S,No Coating,Silk,n/a,4/4,10000,Score in Half,Moon Slits Right Panel,Yes 25 Envelopes A2
Majestic,Silk,4.25 x 11,Vertical,Rectangle,16PT C2S,No Coating,Silk,n/a,4/4,10000,Score in Half,Moon Slits Right Panel,Yes 25 Envelopes A2
Majestic,Silk,5.5 x 8.5,Vertical,Rectangle,16PT C2S,No Coating,Silk,n/a,4/4,10000,Score in Half,Moon Slits Right Panel,Yes 25 Envelopes A2
Majestic,Silk,4.25 x 11,Horizontal,Rectangle,16PT C2S,No Coating,Silk,n/a,4/0,25,Score in Half,No Gift Cards Slits,Yes 25 Envelopes A2
Majestic,Silk,5.5 x 8.5,Horizontal,Rectangle,16PT C2S,No Coating,Silk,n/a,4/0,25,Score in Half,No Gift Cards Slits,Yes 25 Envelopes A2
Majestic,Silk,4.25 x 11,Vertical,Rectangle,16PT C2S,No Coating,Silk,n/a,4/0,25,Score in Half,No Gift Cards Slits,Yes 25 Envelopes A2
Majestic,Silk,4.25 x 11,Horizontal,Rectangle,16PT C2S,No Coating,Silk,n/a,4/1,25,Score in Half,No Gift Cards Slits,Yes 25 Envelopes A2
Majestic,Silk,5.5 x 8.5,Vertical,Rectangle,16PT C2S,No Coating,Silk,n/a,4/0,25,Score in Half,No Gift Cards Slits,Yes 25 Envelopes A2
Majestic,Silk,5.5 x 8.5,Horizontal,Rectangle,16PT C2S,No Coating,Silk,n/a,4/1,25,Score in Half,No Gift Cards Slits,Yes 25 Envelopes A2
Majestic,Silk,4.25 x 11,Vertical,Rectangle,16PT C2S,No Coating,Silk,n/a,4/1,25,Score in Half,No Gift Cards Slits,Yes 25 Envelopes A2
Majestic,Silk,5.5 x 8.5,Vertical,Rectangle,16PT C2S,No Coating,Silk,n/a,4/1,25,Score in Half,No Gift Cards Slits,Yes 25 Envelopes A2
Majestic,Silk,4.25 x 11,Horizontal,Rectangle,16PT C2S,No Coating,Silk,n/a,4/4,25,Score in Half,No Gift Cards Slits,Yes 25 Envelopes A2
Majestic,Silk,5.5 x 8.5,Horizontal,Rectangle,16PT C2S,No Coating,Silk,n/a,4/4,25,Score in Half,No Gift Cards Slits,Yes 25 Envelopes A2
Majestic,Silk,4.25 x 11,Vertical,Rectangle,16PT C2S,No Coating,Silk,n/a,4/4,25,Score in Half,No Gift Cards Slits,Yes 25 Envelopes A2
Majestic,Silk,5.5 x 8.5,Vertical,Rectangle,16PT C2S,No Coating,Silk,n/a,4/4,25,Score in Half,No Gift Cards Slits,Yes 25 Envelopes A2
Majestic,Silk,4.25 x 11,Horizontal,Rectangle,16PT C2S,No Coating,Silk,n/a,4/0,50,Score in Half,No Gift Cards Slits,Yes 25 Envelopes A2
Majestic,Silk,5.5 x 8.5,Horizontal,Rectangle,16PT C2S,No Coating,Silk,n/a,4/0,50,Score in Half,No Gift Cards Slits,Yes 25 Envelopes A2
Majestic,Silk,4.25 x 11,Vertical,Rectangle,16PT C2S,No Coating,Silk,n/a,4/0,50,Score in Half,No Gift Cards Slits,Yes 25 Envelopes A2
Majestic,Silk,5.5 x 8.5,Vertical,Rectangle,16PT C2S,No Coating,Silk,n/a,4/0,50,Score in Half,No Gift Cards Slits,Yes 25 Envelopes A2
Majestic,Silk,4.25 x 11,Horizontal,Rectangle,16PT C2S,No Coating,Silk,n/a,4/1,50,Score in Half,No Gift Cards Slits,Yes 25 Envelopes A2
Majestic,Silk,5.5 x 8.5,Horizontal,Rectangle,16PT C2S,No Coating,Silk,n/a,4/1,50,Score in Half,No Gift Cards Slits,Yes 25 Envelopes A2
Majestic,Silk,4.25 x 11,Vertical,Rectangle,16PT C2S,No Coating,Silk,n/a,4/1,50,Score in Half,No Gift Cards Slits,Yes 25 Envelopes A2
Majestic,Silk,5.5 x 8.5,Vertical,Rectangle,16PT C2S,No Coating,Silk,n/a,4/1,50,Score in Half,No Gift Cards Slits,Yes 25 Envelopes A2
Majestic,Silk,4.25 x 11,Horizontal,Rectangle,16PT C2S,No Coating,Silk,n/a,4/4,50,Score in Half,No Gift Cards Slits,Yes 25 Envelopes A2
Majestic,Silk,5.5 x 8.5,Vertical,Rectangle,16PT C2S,No Coating,Silk,n/a,4/1,5000,Score in Half,Moon Slits Right Panel,Yes 25 Envelopes A2
Majestic,Silk,5.5 x 8.5,Horizontal,Rectangle,16PT C2S,No Coating,Silk,n/a,4/4,50,Score in Half,No Gift Cards Slits,Yes 25 Envelopes A2
Majestic,Silk,5.5 x 8.5,Vertical,Rectangle,16PT C2S,No Coating,Silk,n/a,4/4,50,Score in Half,No Gift Cards Slits,Yes 25 Envelopes A2
Majestic,Silk,4.25 x 11,Horizontal,Rectangle,16PT C2S,No Coating,Silk,n/a,4/0,75,Score in Half,No Gift Cards Slits,Yes 25 Envelopes A2
Majestic,Silk,5.5 x 8.5,Horizontal,Rectangle,16PT C2S,No Coating,Silk,n/a,4/0,75,Score in Half,No Gift Cards Slits,Yes 25 Envelopes A2
Majestic,Silk,4.25 x 11,Vertical,Rectangle,16PT C2S,No Coating,Silk,n/a,4/0,75,Score in Half,No Gift Cards Slits,Yes 25 Envelopes A2
Majestic,Silk,5.5 x 8.5,Vertical,Rectangle,16PT C2S,No Coating,Silk,n/a,4/0,75,Score in Half,No Gift Cards Slits,Yes 25 Envelopes A2
Majestic,Silk,4.25 x 11,Horizontal,Rectangle,16PT C2S,No Coating,Silk,n/a,4/1,75,Score in Half,No Gift Cards Slits,Yes 25 Envelopes A2
Majestic,Silk,5.5 x 8.5,Horizontal,Rectangle,16PT C2S,No Coating,Silk,n/a,4/1,75,Score in Half,No Gift Cards Slits,Yes 25 Envelopes A2
Majestic,Silk,4.25 x 11,Vertical,Rectangle,16PT C2S,No Coating,Silk,n/a,4/1,75,Score in Half,No Gift Cards Slits,Yes 25 Envelopes A2
Majestic,Silk,5.5 x 8.5,Vertical,Rectangle,16PT C2S,No Coating,Silk,n/a,4/1,75,Score in Half,No Gift Cards Slits,Yes 25 Envelopes A2
Majestic,Silk,4.25 x 11,Horizontal,Rectangle,16PT C2S,No Coating,Silk,n/a,4/4,75,Score in Half,No Gift Cards Slits,Yes 25 Envelopes A2
Majestic,Silk,5.5 x 8.5,Horizontal,Rectangle,16PT C2S,No Coating,Silk,n/a,4/4,75,Score in Half,No Gift Cards Slits,Yes 25 Envelopes A2
Majestic,Silk,4.25 x 11,Vertical,Rectangle,16PT C2S,No Coating,Silk,n/a,4/4,75,Score in Half,No Gift Cards Slits,Yes 25 Envelopes A2
Majestic,Silk,5.5 x 8.5,Vertical,Rectangle,16PT C2S,No Coating,Silk,n/a,4/4,75,Score in Half,No Gift Cards Slits,Yes 25 Envelopes A2
Majestic,Silk,4.25 x 11,Horizontal,Rectangle,16PT C2S,No Coating,Silk,n/a,4/0,100,Score in Half,No Gift Cards Slits,Yes 25 Envelopes A2
Majestic,Silk,5.5 x 8.5,Horizontal,Rectangle,16PT C2S,No Coating,Silk,n/a,4/0,100,Score in Half,No Gift Cards Slits,Yes 25 Envelopes A2
Majestic,Silk,4.25 x 11,Vertical,Rectangle,16PT C2S,No Coating,Silk,n/a,4/0,100,Score in Half,No Gift Cards Slits,Yes 25 Envelopes A2
Majestic,Silk,5.5 x 8.5,Vertical,Rectangle,16PT C2S,No Coating,Silk,n/a,4/0,100,Score in Half,No Gift Cards Slits,Yes 25 Envelopes A2
Majestic,Silk,4.25 x 11,Horizontal,Rectangle,16PT C2S,No Coating,Silk,n/a,4/1,100,Score in Half,No Gift Cards Slits,Yes 25 Envelopes A2
Majestic,Silk,5.5 x 8.5,Horizontal,Rectangle,16PT C2S,No Coating,Silk,n/a,4/1,100,Score in Half,No Gift Cards Slits,Yes 25 Envelopes A2
Majestic,Silk,4.25 x 11,Vertical,Rectangle,16PT C2S,No Coating,Silk,n/a,4/1,100,Score in Half,No Gift Cards Slits,Yes 25 Envelopes A2
Majestic,Silk,5.5 x 8.5,Vertical,Rectangle,16PT C2S,No Coating,Silk,n/a,4/1,100,Score in Half,No Gift Cards Slits,Yes 25 Envelopes A2
Majestic,Silk,5.5 x 8.5,Horizontal,Rectangle,16PT C2S,No Coating,Silk,n/a,4/0,50,Score in Half,Moon Slits Right Panel,Yes 25 Envelopes A2
Majestic,Silk,5.5 x 8.5,Vertical,Rectangle,16PT C2S,No Coating,Silk,n/a,4/4,75,Score in Half,Moon Slits Bottom Panel,Yes 25 Envelopes A2
Majestic,Silk,4.25 x 11,Vertical,Rectangle,16PT C2S,No Coating,Silk,n/a,4/4,100,Score in Half,No Gift Cards Slits,Yes 25 Envelopes A2
Majestic,Silk,5.5 x 8.5,Vertical,Rectangle,16PT C2S,No Coating,Silk,n/a,4/4,100,Score in Half,No Gift Cards Slits,Yes 25 Envelopes A2
Majestic,Silk,4.25 x 11,Horizontal,Rectangle,16PT C2S,No Coating,Silk,n/a,4/0,250,Score in Half,No Gift Cards Slits,Yes 25 Envelopes A2
Majestic,Silk,5.5 x 8.5,Horizontal,Rectangle,16PT C2S,No Coating,Silk,n/a,4/0,250,Score in Half,No Gift Cards Slits,Yes 25 Envelopes A2
Majestic,Silk,4.25 x 11,Vertical,Rectangle,16PT C2S,No Coating,Silk,n/a,4/0,250,Score in Half,No Gift Cards Slits,Yes 25 Envelopes A2
Majestic,Silk,5.5 x 8.5,Vertical,Rectangle,16PT C2S,No Coating,Silk,n/a,4/0,250,Score in Half,No Gift Cards Slits,Yes 25 Envelopes A2
Majestic,Silk,4.25 x 11,Vertical,Rectangle,16PT C2S,No Coating,Silk,n/a,4/4,50,Score in Half,No Gift Cards Slits,Yes 25 Envelopes A2
Majestic,Silk,5.5 x 8.5,Horizontal,Rectangle,16PT C2S,No Coating,Silk,n/a,4/1,250,Score in Half,No Gift Cards Slits,Yes 25 Envelopes A2
Majestic,Silk,4.25 x 11,Vertical,Rectangle,16PT C2S,No Coating,Silk,n/a,4/1,250,Score in Half,No Gift Cards Slits,Yes 25 Envelopes A2
Majestic,Silk,5.5 x 8.5,Vertical,Rectangle,16PT C2S,No Coating,Silk,n/a,4/1,250,Score in Half,No Gift Cards Slits,Yes 25 Envelopes A2
Majestic,Silk,4.25 x 11,Horizontal,Rectangle,16PT C2S,No Coating,Silk,n/a,4/4,250,Score in Half,No Gift Cards Slits,Yes 25 Envelopes A2
Majestic,Silk,5.5 x 8.5,Horizontal,Rectangle,16PT C2S,No Coating,Silk,n/a,4/4,250,Score in Half,No Gift Cards Slits,Yes 25 Envelopes A2
Majestic,Silk,4.25 x 11,Vertical,Rectangle,16PT C2S,No Coating,Silk,n/a,4/4,250,Score in Half,No Gift Cards Slits,Yes 25 Envelopes A2
Majestic,Silk,5.5 x 8.5,Vertical,Rectangle,16PT C2S,No Coating,Silk,n/a,4/4,250,Score in Half,No Gift Cards Slits,Yes 25 Envelopes A2
Majestic,Silk,4.25 x 11,Horizontal,Rectangle,16PT C2S,No Coating,Silk,n/a,4/0,500,Score in Half,No Gift Cards Slits,Yes 25 Envelopes A2
Majestic,Silk,5.5 x 8.5,Horizontal,Rectangle,16PT C2S,No Coating,Silk,n/a,4/0,500,Score in Half,No Gift Cards Slits,Yes 25 Envelopes A2
Majestic,Silk,4.25 x 11,Vertical,Rectangle,16PT C2S,No Coating,Silk,n/a,4/0,500,Score in Half,No Gift Cards Slits,Yes 25 Envelopes A2
Majestic,Silk,5.5 x 8.5,Vertical,Rectangle,16PT C2S,No Coating,Silk,n/a,4/0,500,Score in Half,No Gift Cards Slits,Yes 25 Envelopes A2
Majestic,Silk,4.25 x 11,Horizontal,Rectangle,16PT C2S,No Coating,Silk,n/a,4/1,500,Score in Half,No Gift Cards Slits,Yes 25 Envelopes A2
Majestic,Silk,5.5 x 8.5,Horizontal,Rectangle,16PT C2S,No Coating,Silk,n/a,4/1,500,Score in Half,No Gift Cards Slits,Yes 25 Envelopes A2
Majestic,Silk,5.5 x 8.5,Horizontal,Rectangle,16PT C2S,No Coating,Silk,n/a,4/4,100,Score in Half,No Gift Cards Slits,Yes 25 Envelopes A2
Majestic,Silk,4.25 x 11,Horizontal,Rectangle,16PT C2S,No Coating,Silk,n/a,4/4,100,Score in Half,No Gift Cards Slits,Yes 25 Envelopes A2
Majestic,Silk,4.25 x 11,Horizontal,Rectangle,16PT C2S,No Coating,Silk,n/a,4/4,500,Score in Half,No Gift Cards Slits,Yes 25 Envelopes A2
Majestic,Silk,5.5 x 8.5,Horizontal,Rectangle,16PT C2S,No Coating,Silk,n/a,4/4,500,Score in Half,No Gift Cards Slits,Yes 25 Envelopes A2
Majestic,Silk,4.25 x 11,Vertical,Rectangle,16PT C2S,No Coating,Silk,n/a,4/4,500,Score in Half,No Gift Cards Slits,Yes 25 Envelopes A2
Majestic,Silk,5.5 x 8.5,Vertical,Rectangle,16PT C2S,No Coating,Silk,n/a,4/4,500,Score in Half,No Gift Cards Slits,Yes 25 Envelopes A2
Majestic,Silk,4.25 x 11,Horizontal,Rectangle,16PT C2S,No Coating,Silk,n/a,4/0,1000,Score in Half,No Gift Cards Slits,Yes 25 Envelopes A2
Majestic,Silk,4.25 x 11,Vertical,Rectangle,16PT C2S,No Coating,Silk,n/a,4/1,500,Score in Half,No Gift Cards Slits,Yes 25 Envelopes A2
Majestic,Silk,4.25 x 11,Vertical,Rectangle,16PT C2S,No Coating,Silk,n/a,4/0,1000,Score in Half,No Gift Cards Slits,Yes 25 Envelopes A2
Majestic,Silk,5.5 x 8.5,Vertical,Rectangle,16PT C2S,No Coating,Silk,n/a,4/0,1000,Score in Half,No Gift Cards Slits,Yes 25 Envelopes A2
Majestic,Silk,4.25 x 11,Horizontal,Rectangle,16PT C2S,No Coating,Silk,n/a,4/1,1000,Score in Half,No Gift Cards Slits,Yes 25 Envelopes A2
Majestic,Silk,5.5 x 8.5,Horizontal,Rectangle,16PT C2S,No Coating,Silk,n/a,4/1,1000,Score in Half,No Gift Cards Slits,Yes 25 Envelopes A2
Majestic,Silk,4.25 x 11,Vertical,Rectangle,16PT C2S,No Coating,Silk,n/a,4/1,1000,Score in Half,No Gift Cards Slits,Yes 25 Envelopes A2
Majestic,Silk,5.5 x 8.5,Vertical,Rectangle,16PT C2S,No Coating,Silk,n/a,4/1,1000,Score in Half,No Gift Cards Slits,Yes 25 Envelopes A2
Majestic,Silk,4.25 x 11,Horizontal,Rectangle,16PT C2S,No Coating,Silk,n/a,4/4,1000,Score in Half,No Gift Cards Slits,Yes 25 Envelopes A2
Majestic,Silk,5.5 x 8.5,Horizontal,Rectangle,16PT C2S,No Coating,Silk,n/a,4/4,1000,Score in Half,No Gift Cards Slits,Yes 25 Envelopes A2
Majestic,Silk,4.25 x 11,Vertical,Rectangle,16PT C2S,No Coating,Silk,n/a,4/4,1000,Score in Half,No Gift Cards Slits,Yes 25 Envelopes A2
Majestic,Silk,5.5 x 8.5,Vertical,Rectangle,16PT C2S,No Coating,Silk,n/a,4/1,500,Score in Half,No Gift Cards Slits,Yes 25 Envelopes A2
Majestic,Silk,4.25 x 11,Horizontal,Rectangle,16PT C2S,No Coating,Silk,n/a,4/0,2500,Score in Half,No Gift Cards Slits,Yes 25 Envelopes A2
Majestic,Silk,5.5 x 8.5,Horizontal,Rectangle,16PT C2S,No Coating,Silk,n/a,4/0,2500,Score in Half,No Gift Cards Slits,Yes 25 Envelopes A2
Majestic,Silk,4.25 x 11,Vertical,Rectangle,16PT C2S,No Coating,Silk,n/a,4/0,2500,Score in Half,No Gift Cards Slits,Yes 25 Envelopes A2
Majestic,Silk,5.5 x 8.5,Horizontal,Rectangle,16PT C2S,No Coating,Silk,n/a,4/0,1000,Score in Half,No Gift Cards Slits,Yes 25 Envelopes A2
Majestic,Silk,4.25 x 11,Horizontal,Rectangle,16PT C2S,No Coating,Silk,n/a,4/1,2500,Score in Half,No Gift Cards Slits,Yes 25 Envelopes A2
Majestic,Silk,5.5 x 8.5,Horizontal,Rectangle,16PT C2S,No Coating,Silk,n/a,4/1,2500,Score in Half,No Gift Cards Slits,Yes 25 Envelopes A2
Majestic,Silk,4.25 x 11,Vertical,Rectangle,16PT C2S,No Coating,Silk,n/a,4/1,2500,Score in Half,No Gift Cards Slits,Yes 25 Envelopes A2
Majestic,Silk,5.5 x 8.5,Vertical,Rectangle,16PT C2S,No Coating,Silk,n/a,4/1,2500,Score in Half,No Gift Cards Slits,Yes 25 Envelopes A2
Majestic,Silk,4.25 x 11,Horizontal,Rectangle,16PT C2S,No Coating,Silk,n/a,4/4,2500,Score in Half,No Gift Cards Slits,Yes 25 Envelopes A2
Majestic,Silk,5.5 x 8.5,Horizontal,Rectangle,16PT C2S,No Coating,Silk,n/a,4/4,2500,Score in Half,No Gift Cards Slits,Yes 25 Envelopes A2
Majestic,Silk,4.25 x 11,Vertical,Rectangle,16PT C2S,No Coating,Silk,n/a,4/4,2500,Score in Half,No Gift Cards Slits,Yes 25 Envelopes A2
Majestic,Silk,5.5 x 8.5,Vertical,Rectangle,16PT C2S,No Coating,Silk,n/a,4/4,2500,Score in Half,No Gift Cards Slits,Yes 25 Envelopes A2
Majestic,Silk,4.25 x 11,Horizontal,Rectangle,16PT C2S,No Coating,Silk,n/a,4/0,5000,Score in Half,No Gift Cards Slits,Yes 25 Envelopes A2
Majestic,Silk,5.5 x 8.5,Horizontal,Rectangle,16PT C2S,No Coating,Silk,n/a,4/0,5000,Score in Half,No Gift Cards Slits,Yes 25 Envelopes A2
Majestic,Silk,4.25 x 11,Vertical,Rectangle,16PT C2S,No Coating,Silk,n/a,4/0,5000,Score in Half,No Gift Cards Slits,Yes 25 Envelopes A2
Majestic,Silk,5.5 x 8.5,Vertical,Rectangle,16PT C2S,No Coating,Silk,n/a,4/0,5000,Score in Half,No Gift Cards Slits,Yes 25 Envelopes A2
Majestic,Silk,4.25 x 11,Horizontal,Rectangle,16PT C2S,No Coating,Silk,n/a,4/1,5000,Score in Half,No Gift Cards Slits,Yes 25 Envelopes A2
Majestic,Silk,5.5 x 8.5,Horizontal,Rectangle,16PT C2S,No Coating,Silk,n/a,4/1,5000,Score in Half,No Gift Cards Slits,Yes 25 Envelopes A2
Majestic,Silk,4.25 x 11,Vertical,Rectangle,16PT C2S,No Coating,Silk,n/a,4/1,5000,Score in Half,No Gift Cards Slits,Yes 25 Envelopes A2
Majestic,Silk,5.5 x 8.5,Vertical,Rectangle,16PT C2S,No Coating,Silk,n/a,4/1,5000,Score in Half,No Gift Cards Slits,Yes 25 Envelopes A2
Majestic,Silk,4.25 x 11,Horizontal,Rectangle,16PT C2S,No Coating,Silk,n/a,4/4,5000,Score in Half,No Gift Cards Slits,Yes 25 Envelopes A2
Majestic,Silk,5.5 x 8.5,Horizontal,Rectangle,16PT C2S,No Coating,Silk,n/a,4/4,5000,Score in Half,No Gift Cards Slits,Yes 25 Envelopes A2
Majestic,Silk,4.25 x 11,Vertical,Rectangle,16PT C2S,No Coating,Silk,n/a,4/4,5000,Score in Half,No Gift Cards Slits,Yes 25 Envelopes A2
Majestic,Silk,5.5 x 8.5,Vertical,Rectangle,16PT C2S,No Coating,Silk,n/a,4/4,5000,Score in Half,No Gift Cards Slits,Yes 25 Envelopes A2
Majestic,Silk,5.5 x 8.5,Vertical,Rectangle,16PT C2S,No Coating,Silk,n/a,4/0,2500,Score in Half,No Gift Cards Slits,Yes 25 Envelopes A2
Majestic,Silk,5.5 x 8.5,Horizontal,Rectangle,16PT C2S,No Coating,Silk,n/a,4/0,10000,Score in Half,No Gift Cards Slits,Yes 25 Envelopes A2
Majestic,Silk,4.25 x 11,Vertical,Rectangle,16PT C2S,No Coating,Silk,n/a,4/0,10000,Score in Half,No Gift Cards Slits,Yes 25 Envelopes A2
Majestic,Silk,5.5 x 8.5,Vertical,Rectangle,16PT C2S,No Coating,Silk,n/a,4/0,10000,Score in Half,No Gift Cards Slits,Yes 25 Envelopes A2
Majestic,Silk,4.25 x 11,Horizontal,Rectangle,16PT C2S,No Coating,Silk,n/a,4/1,250,Score in Half,No Gift Cards Slits,Yes 25 Envelopes A2
Majestic,Silk,5.5 x 8.5,Horizontal,Rectangle,16PT C2S,No Coating,Silk,n/a,4/1,10000,Score in Half,No Gift Cards Slits,Yes 25 Envelopes A2
Majestic,Silk,4.25 x 11,Vertical,Rectangle,16PT C2S,No Coating,Silk,n/a,4/1,10000,Score in Half,No Gift Cards Slits,Yes 25 Envelopes A2
Majestic,Silk,5.5 x 8.5,Vertical,Rectangle,16PT C2S,No Coating,Silk,n/a,4/1,10000,Score in Half,No Gift Cards Slits,Yes 25 Envelopes A2
Majestic,Silk,4.25 x 11,Horizontal,Rectangle,16PT C2S,No Coating,Silk,n/a,4/4,10000,Score in Half,No Gift Cards Slits,Yes 25 Envelopes A2
Majestic,Silk,5.5 x 8.5,Horizontal,Rectangle,16PT C2S,No Coating,Silk,n/a,4/4,10000,Score in Half,No Gift Cards Slits,Yes 25 Envelopes A2
Majestic,Silk,4.25 x 11,Vertical,Rectangle,16PT C2S,No Coating,Silk,n/a,4/4,10000,Score in Half,No Gift Cards Slits,Yes 25 Envelopes A2
Majestic,Silk,5.5 x 8.5,Vertical,Rectangle,16PT C2S,No Coating,Silk,n/a,4/4,10000,Score in Half,No Gift Cards Slits,Yes 25 Envelopes A2
Majestic,Silk,4.25 x 11,Horizontal,Rectangle,16PT C2S,No Coating,Silk,n/a,4/0,25,Score in Half,Slide Slits Bottom Panel,Yes 25 Envelopes A2
Majestic,Silk,5.5 x 8.5,Horizontal,Rectangle,16PT C2S,No Coating,Silk,n/a,4/0,25,Score in Half,Slide Slits Bottom Panel,Yes 25 Envelopes A2
Majestic,Silk,4.25 x 11,Vertical,Rectangle,16PT C2S,No Coating,Silk,n/a,4/0,25,Score in Half,Slide Slits Bottom Panel,Yes 25 Envelopes A2
Majestic,Silk,4.25 x 11,Horizontal,Rectangle,16PT C2S,No Coating,Silk,n/a,4/1,10000,Score in Half,No Gift Cards Slits,Yes 25 Envelopes A2
Majestic,Silk,4.25 x 11,Horizontal,Rectangle,16PT C2S,No Coating,Silk,n/a,4/1,25,Score in Half,Slide Slits Bottom Panel,Yes 25 Envelopes A2
Majestic,Silk,5.5 x 8.5,Horizontal,Rectangle,16PT C2S,No Coating,Silk,n/a,4/1,25,Score in Half,Slide Slits Bottom Panel,Yes 25 Envelopes A2
Majestic,Silk,5.5 x 8.5,Vertical,Rectangle,16PT C2S,No Coating,Silk,n/a,4/0,25,Score in Half,Slide Slits Bottom Panel,Yes 25 Envelopes A2
Majestic,Silk,5.5 x 8.5,Vertical,Rectangle,16PT C2S,No Coating,Silk,n/a,4/1,25,Score in Half,Slide Slits Bottom Panel,Yes 25 Envelopes A2
Majestic,Silk,4.25 x 11,Horizontal,Rectangle,16PT C2S,No Coating,Silk,n/a,4/4,25,Score in Half,Slide Slits Bottom Panel,Yes 25 Envelopes A2
Majestic,Silk,5.5 x 8.5,Horizontal,Rectangle,16PT C2S,No Coating,Silk,n/a,4/4,25,Score in Half,Slide Slits Bottom Panel,Yes 25 Envelopes A2
Majestic,Silk,4.25 x 11,Vertical,Rectangle,16PT C2S,No Coating,Silk,n/a,4/4,25,Score in Half,Slide Slits Bottom Panel,Yes 25 Envelopes A2
Majestic,Silk,5.5 x 8.5,Vertical,Rectangle,16PT C2S,No Coating,Silk,n/a,4/4,25,Score in Half,Slide Slits Bottom Panel,Yes 25 Envelopes A2
Majestic,Silk,4.25 x 11,Vertical,Rectangle,16PT C2S,No Coating,Silk,n/a,4/1,25,Score in Half,Slide Slits Bottom Panel,Yes 25 Envelopes A2
Majestic,Silk,5.5 x 8.5,Horizontal,Rectangle,16PT C2S,No Coating,Silk,n/a,4/0,50,Score in Half,Slide Slits Bottom Panel,Yes 25 Envelopes A2
Majestic,Silk,4.25 x 11,Vertical,Rectangle,16PT C2S,No Coating,Silk,n/a,4/0,50,Score in Half,Slide Slits Bottom Panel,Yes 25 Envelopes A2
Majestic,Silk,5.5 x 8.5,Vertical,Rectangle,16PT C2S,No Coating,Silk,n/a,4/0,50,Score in Half,Slide Slits Bottom Panel,Yes 25 Envelopes A2
Majestic,Silk,4.25 x 11,Horizontal,Rectangle,16PT C2S,No Coating,Silk,n/a,4/1,50,Score in Half,Slide Slits Bottom Panel,Yes 25 Envelopes A2
Majestic,Silk,5.5 x 8.5,Horizontal,Rectangle,16PT C2S,No Coating,Silk,n/a,4/1,50,Score in Half,Slide Slits Bottom Panel,Yes 25 Envelopes A2
Majestic,Silk,4.25 x 11,Vertical,Rectangle,16PT C2S,No Coating,Silk,n/a,4/1,50,Score in Half,Slide Slits Bottom Panel,Yes 25 Envelopes A2
Majestic,Silk,5.5 x 8.5,Vertical,Rectangle,16PT C2S,No Coating,Silk,n/a,4/1,50,Score in Half,Slide Slits Bottom Panel,Yes 25 Envelopes A2
Majestic,Silk,4.25 x 11,Horizontal,Rectangle,16PT C2S,No Coating,Silk,n/a,4/4,50,Score in Half,Slide Slits Bottom Panel,Yes 25 Envelopes A2
Majestic,Silk,5.5 x 8.5,Horizontal,Rectangle,16PT C2S,No Coating,Silk,n/a,4/4,50,Score in Half,Slide Slits Bottom Panel,Yes 25 Envelopes A2
Majestic,Silk,4.25 x 11,Vertical,Rectangle,16PT C2S,No Coating,Silk,n/a,4/4,50,Score in Half,Slide Slits Bottom Panel,Yes 25 Envelopes A2
Majestic,Silk,5.5 x 8.5,Vertical,Rectangle,16PT C2S,No Coating,Silk,n/a,4/4,50,Score in Half,Slide Slits Bottom Panel,Yes 25 Envelopes A2
Majestic,Silk,4.25 x 11,Horizontal,Rectangle,16PT C2S,No Coating,Silk,n/a,4/0,75,Score in Half,Slide Slits Bottom Panel,Yes 25 Envelopes A2
Majestic,Silk,5.5 x 8.5,Horizontal,Rectangle,16PT C2S,No Coating,Silk,n/a,4/0,75,Score in Half,Slide Slits Bottom Panel,Yes 25 Envelopes A2
Majestic,Silk,4.25 x 11,Vertical,Rectangle,16PT C2S,No Coating,Silk,n/a,4/0,75,Score in Half,Slide Slits Bottom Panel,Yes 25 Envelopes A2
Majestic,Silk,5.5 x 8.5,Vertical,Rectangle,16PT C2S,No Coating,Silk,n/a,4/0,75,Score in Half,Slide Slits Bottom Panel,Yes 25 Envelopes A2
Majestic,Silk,4.25 x 11,Horizontal,Rectangle,16PT C2S,No Coating,Silk,n/a,4/1,75,Score in Half,Slide Slits Bottom Panel,Yes 25 Envelopes A2
Majestic,Silk,5.5 x 8.5,Horizontal,Rectangle,16PT C2S,No Coating,Silk,n/a,4/1,75,Score in Half,Slide Slits Bottom Panel,Yes 25 Envelopes A2
Majestic,Silk,4.25 x 11,Vertical,Rectangle,16PT C2S,No Coating,Silk,n/a,4/1,75,Score in Half,Slide Slits Bottom Panel,Yes 25 Envelopes A2
Majestic,Silk,5.5 x 8.5,Vertical,Rectangle,16PT C2S,No Coating,Silk,n/a,4/1,75,Score in Half,Slide Slits Bottom Panel,Yes 25 Envelopes A2
Majestic,Silk,4.25 x 11,Horizontal,Rectangle,16PT C2S,No Coating,Silk,n/a,4/4,75,Score in Half,Slide Slits Bottom Panel,Yes 25 Envelopes A2
Majestic,Silk,5.5 x 8.5,Horizontal,Rectangle,16PT C2S,No Coating,Silk,n/a,4/4,75,Score in Half,Slide Slits Bottom Panel,Yes 25 Envelopes A2
Majestic,Silk,4.25 x 11,Vertical,Rectangle,16PT C2S,No Coating,Silk,n/a,4/4,75,Score in Half,Slide Slits Bottom Panel,Yes 25 Envelopes A2
Majestic,Silk,5.5 x 8.5,Vertical,Rectangle,16PT C2S,No Coating,Silk,n/a,4/4,75,Score in Half,Slide Slits Bottom Panel,Yes 25 Envelopes A2
Majestic,Silk,4.25 x 11,Horizontal,Rectangle,16PT C2S,No Coating,Silk,n/a,4/0,100,Score in Half,Slide Slits Bottom Panel,Yes 25 Envelopes A2
Majestic,Silk,4.25 x 11,Horizontal,Rectangle,16PT C2S,No Coating,Silk,n/a,4/0,50,Score in Half,Slide Slits Bottom Panel,Yes 25 Envelopes A2
Majestic,Silk,4.25 x 11,Vertical,Rectangle,16PT C2S,No Coating,Silk,n/a,4/0,100,Score in Half,Slide Slits Bottom Panel,Yes 25 Envelopes A2
Majestic,Silk,5.5 x 8.5,Vertical,Rectangle,16PT C2S,No Coating,Silk,n/a,4/0,100,Score in Half,Slide Slits Bottom Panel,Yes 25 Envelopes A2
Majestic,Silk,4.25 x 11,Horizontal,Rectangle,16PT C2S,No Coating,Silk,n/a,4/1,100,Score in Half,Slide Slits Bottom Panel,Yes 25 Envelopes A2
Majestic,Silk,5.5 x 8.5,Horizontal,Rectangle,16PT C2S,No Coating,Silk,n/a,4/1,100,Score in Half,Slide Slits Bottom Panel,Yes 25 Envelopes A2
Majestic,Silk,4.25 x 11,Vertical,Rectangle,16PT C2S,No Coating,Silk,n/a,4/1,100,Score in Half,Slide Slits Bottom Panel,Yes 25 Envelopes A2
Majestic,Silk,5.5 x 8.5,Vertical,Rectangle,16PT C2S,No Coating,Silk,n/a,4/1,100,Score in Half,Slide Slits Bottom Panel,Yes 25 Envelopes A2
Majestic,Silk,4.25 x 11,Horizontal,Rectangle,16PT C2S,No Coating,Silk,n/a,4/4,100,Score in Half,Slide Slits Bottom Panel,Yes 25 Envelopes A2
Majestic,Silk,5.5 x 8.5,Horizontal,Rectangle,16PT C2S,No Coating,Silk,n/a,4/4,100,Score in Half,Slide Slits Bottom Panel,Yes 25 Envelopes A2
Majestic,Silk,4.25 x 11,Vertical,Rectangle,16PT C2S,No Coating,Silk,n/a,4/4,100,Score in Half,Slide Slits Bottom Panel,Yes 25 Envelopes A2
Majestic,Silk,5.5 x 8.5,Vertical,Rectangle,16PT C2S,No Coating,Silk,n/a,4/4,100,Score in Half,Slide Slits Bottom Panel,Yes 25 Envelopes A2
Majestic,Silk,4.25 x 11,Horizontal,Rectangle,16PT C2S,No Coating,Silk,n/a,4/0,250,Score in Half,Slide Slits Bottom Panel,Yes 25 Envelopes A2
Majestic,Silk,5.5 x 8.5,Horizontal,Rectangle,16PT C2S,No Coating,Silk,n/a,4/0,250,Score in Half,Slide Slits Bottom Panel,Yes 25 Envelopes A2
Majestic,Silk,4.25 x 11,Vertical,Rectangle,16PT C2S,No Coating,Silk,n/a,4/0,250,Score in Half,Slide Slits Bottom Panel,Yes 25 Envelopes A2
Majestic,Silk,5.5 x 8.5,Vertical,Rectangle,16PT C2S,No Coating,Silk,n/a,4/0,250,Score in Half,Slide Slits Bottom Panel,Yes 25 Envelopes A2
Majestic,Silk,4.25 x 11,Horizontal,Rectangle,16PT C2S,No Coating,Silk,n/a,4/1,250,Score in Half,Slide Slits Bottom Panel,Yes 25 Envelopes A2
Majestic,Silk,4.25 x 11,Horizontal,Rectangle,16PT C2S,No Coating,Silk,n/a,4/0,10000,Score in Half,No Gift Cards Slits,Yes 25 Envelopes A2
Majestic,Silk,4.25 x 11,Vertical,Rectangle,16PT C2S,No Coating,Silk,n/a,4/1,250,Score in Half,Slide Slits Bottom Panel,Yes 25 Envelopes A2
Majestic,Silk,5.5 x 8.5,Vertical,Rectangle,16PT C2S,No Coating,Silk,n/a,4/1,250,Score in Half,Slide Slits Bottom Panel,Yes 25 Envelopes A2
Majestic,Silk,4.25 x 11,Horizontal,Rectangle,16PT C2S,No Coating,Silk,n/a,4/4,250,Score in Half,Slide Slits Bottom Panel,Yes 25 Envelopes A2
Majestic,Silk,5.5 x 8.5,Horizontal,Rectangle,16PT C2S,No Coating,Silk,n/a,4/4,250,Score in Half,Slide Slits Bottom Panel,Yes 25 Envelopes A2
Majestic,Silk,4.25 x 11,Vertical,Rectangle,16PT C2S,No Coating,Silk,n/a,4/4,250,Score in Half,Slide Slits Bottom Panel,Yes 25 Envelopes A2
Majestic,Silk,5.5 x 8.5,Vertical,Rectangle,16PT C2S,No Coating,Silk,n/a,4/4,250,Score in Half,Slide Slits Bottom Panel,Yes 25 Envelopes A2
Majestic,Silk,4.25 x 11,Horizontal,Rectangle,16PT C2S,No Coating,Silk,n/a,4/0,500,Score in Half,Slide Slits Bottom Panel,Yes 25 Envelopes A2
Majestic,Silk,5.5 x 8.5,Vertical,Rectangle,16PT C2S,No Coating,Silk,n/a,4/4,1000,Score in Half,No Gift Cards Slits,Yes 25 Envelopes A2
Majestic,Silk,4.25 x 11,Vertical,Rectangle,16PT C2S,No Coating,Silk,n/a,4/0,500,Score in Half,Slide Slits Bottom Panel,Yes 25 Envelopes A2
Majestic,Silk,5.5 x 8.5,Vertical,Rectangle,16PT C2S,No Coating,Silk,n/a,4/0,500,Score in Half,Slide Slits Bottom Panel,Yes 25 Envelopes A2
Majestic,Silk,4.25 x 11,Horizontal,Rectangle,16PT C2S,No Coating,Silk,n/a,4/1,500,Score in Half,Slide Slits Bottom Panel,Yes 25 Envelopes A2
Majestic,Silk,5.5 x 8.5,Horizontal,Rectangle,16PT C2S,No Coating,Silk,n/a,4/1,500,Score in Half,Slide Slits Bottom Panel,Yes 25 Envelopes A2
Majestic,Silk,4.25 x 11,Vertical,Rectangle,16PT C2S,No Coating,Silk,n/a,4/1,500,Score in Half,Slide Slits Bottom Panel,Yes 25 Envelopes A2
Majestic,Silk,5.5 x 8.5,Vertical,Rectangle,16PT C2S,No Coating,Silk,n/a,4/1,500,Score in Half,Slide Slits Bottom Panel,Yes 25 Envelopes A2
Majestic,Silk,4.25 x 11,Horizontal,Rectangle,16PT C2S,No Coating,Silk,n/a,4/4,500,Score in Half,Slide Slits Bottom Panel,Yes 25 Envelopes A2
Majestic,Silk,5.5 x 8.5,Horizontal,Rectangle,16PT C2S,No Coating,Silk,n/a,4/0,100,Score in Half,Slide Slits Bottom Panel,Yes 25 Envelopes A2
Majestic,Silk,5.5 x 8.5,Horizontal,Rectangle,16PT C2S,No Coating,Silk,n/a,4/0,500,Score in Half,Slide Slits Bottom Panel,Yes 25 Envelopes A2
Majestic,Silk,5.5 x 8.5,Vertical,Rectangle,16PT C2S,No Coating,Silk,n/a,4/4,500,Score in Half,Slide Slits Bottom Panel,Yes 25 Envelopes A2
Majestic,Silk,4.25 x 11,Horizontal,Rectangle,16PT C2S,No Coating,Silk,n/a,4/0,1000,Score in Half,Slide Slits Bottom Panel,Yes 25 Envelopes A2
Majestic,Silk,5.5 x 8.5,Horizontal,Rectangle,16PT C2S,No Coating,Silk,n/a,4/0,1000,Score in Half,Slide Slits Bottom Panel,Yes 25 Envelopes A2
Majestic,Silk,4.25 x 11,Vertical,Rectangle,16PT C2S,No Coating,Silk,n/a,4/0,1000,Score in Half,Slide Slits Bottom Panel,Yes 25 Envelopes A2
Majestic,Silk,5.5 x 8.5,Vertical,Rectangle,16PT C2S,No Coating,Silk,n/a,4/0,1000,Score in Half,Slide Slits Bottom Panel,Yes 25 Envelopes A2
Majestic,Silk,4.25 x 11,Horizontal,Rectangle,16PT C2S,No Coating,Silk,n/a,4/1,1000,Score in Half,Slide Slits Bottom Panel,Yes 25 Envelopes A2
Majestic,Silk,5.5 x 8.5,Horizontal,Rectangle,16PT C2S,No Coating,Silk,n/a,4/1,1000,Score in Half,Slide Slits Bottom Panel,Yes 25 Envelopes A2
Majestic,Silk,4.25 x 11,Vertical,Rectangle,16PT C2S,No Coating,Silk,n/a,4/1,1000,Score in Half,Slide Slits Bottom Panel,Yes 25 Envelopes A2
Majestic,Silk,5.5 x 8.5,Vertical,Rectangle,16PT C2S,No Coating,Silk,n/a,4/1,1000,Score in Half,Slide Slits Bottom Panel,Yes 25 Envelopes A2
Majestic,Silk,4.25 x 11,Horizontal,Rectangle,16PT C2S,No Coating,Silk,n/a,4/4,1000,Score in Half,Slide Slits Bottom Panel,Yes 25 Envelopes A2
Majestic,Silk,5.5 x 8.5,Horizontal,Rectangle,16PT C2S,No Coating,Silk,n/a,4/4,1000,Score in Half,Slide Slits Bottom Panel,Yes 25 Envelopes A2
Majestic,Silk,4.25 x 11,Vertical,Rectangle,16PT C2S,No Coating,Silk,n/a,4/4,1000,Score in Half,Slide Slits Bottom Panel,Yes 25 Envelopes A2
Majestic,Silk,5.5 x 8.5,Vertical,Rectangle,16PT C2S,No Coating,Silk,n/a,4/4,1000,Score in Half,Slide Slits Bottom Panel,Yes 25 Envelopes A2
Majestic,Silk,4.25 x 11,Horizontal,Rectangle,16PT C2S,No Coating,Silk,n/a,4/0,2500,Score in Half,Slide Slits Bottom Panel,Yes 25 Envelopes A2
Majestic,Silk,5.5 x 8.5,Horizontal,Rectangle,16PT C2S,No Coating,Silk,n/a,4/0,2500,Score in Half,Slide Slits Bottom Panel,Yes 25 Envelopes A2
Majestic,Silk,4.25 x 11,Vertical,Rectangle,16PT C2S,No Coating,Silk,n/a,4/0,2500,Score in Half,Slide Slits Bottom Panel,Yes 25 Envelopes A2
Majestic,Silk,5.5 x 8.5,Vertical,Rectangle,16PT C2S,No Coating,Silk,n/a,4/0,2500,Score in Half,Slide Slits Bottom Panel,Yes 25 Envelopes A2
Majestic,Silk,4.25 x 11,Horizontal,Rectangle,16PT C2S,No Coating,Silk,n/a,4/1,2500,Score in Half,Slide Slits Bottom Panel,Yes 25 Envelopes A2
Majestic,Silk,5.5 x 8.5,Horizontal,Rectangle,16PT C2S,No Coating,Silk,n/a,4/1,2500,Score in Half,Slide Slits Bottom Panel,Yes 25 Envelopes A2
Majestic,Silk,4.25 x 11,Vertical,Rectangle,16PT C2S,No Coating,Silk,n/a,4/1,2500,Score in Half,Slide Slits Bottom Panel,Yes 25 Envelopes A2
Majestic,Silk,4.25 x 11,Vertical,Rectangle,16PT C2S,No Coating,Silk,n/a,4/4,500,Score in Half,Slide Slits Bottom Panel,Yes 25 Envelopes A2
Majestic,Silk,4.25 x 11,Horizontal,Rectangle,16PT C2S,No Coating,Silk,n/a,4/4,2500,Score in Half,Slide Slits Bottom Panel,Yes 25 Envelopes A2
Majestic,Silk,5.5 x 8.5,Horizontal,Rectangle,16PT C2S,No Coating,Silk,n/a,4/4,2500,Score in Half,Slide Slits Bottom Panel,Yes 25 Envelopes A2
Majestic,Silk,4.25 x 11,Vertical,Rectangle,16PT C2S,No Coating,Silk,n/a,4/4,2500,Score in Half,Slide Slits Bottom Panel,Yes 25 Envelopes A2
Majestic,Silk,5.5 x 8.5,Vertical,Rectangle,16PT C2S,No Coating,Silk,n/a,4/4,2500,Score in Half,Slide Slits Bottom Panel,Yes 25 Envelopes A2
Majestic,Silk,4.25 x 11,Horizontal,Rectangle,16PT C2S,No Coating,Silk,n/a,4/0,5000,Score in Half,Slide Slits Bottom Panel,Yes 25 Envelopes A2
Majestic,Silk,5.5 x 8.5,Horizontal,Rectangle,16PT C2S,No Coating,Silk,n/a,4/0,5000,Score in Half,Slide Slits Bottom Panel,Yes 25 Envelopes A2
Majestic,Silk,4.25 x 11,Vertical,Rectangle,16PT C2S,No Coating,Silk,n/a,4/0,5000,Score in Half,Slide Slits Bottom Panel,Yes 25 Envelopes A2
Majestic,Silk,5.5 x 8.5,Vertical,Rectangle,16PT C2S,No Coating,Silk,n/a,4/0,5000,Score in Half,Slide Slits Bottom Panel,Yes 25 Envelopes A2
Majestic,Silk,4.25 x 11,Horizontal,Rectangle,16PT C2S,No Coating,Silk,n/a,4/1,5000,Score in Half,Slide Slits Bottom Panel,Yes 25 Envelopes A2
Majestic,Silk,5.5 x 8.5,Horizontal,Rectangle,16PT C2S,No Coating,Silk,n/a,4/1,5000,Score in Half,Slide Slits Bottom Panel,Yes 25 Envelopes A2
Majestic,Silk,4.25 x 11,Vertical,Rectangle,16PT C2S,No Coating,Silk,n/a,4/1,5000,Score in Half,Slide Slits Bottom Panel,Yes 25 Envelopes A2
Majestic,Silk,5.5 x 8.5,Vertical,Rectangle,16PT C2S,No Coating,Silk,n/a,4/1,5000,Score in Half,Slide Slits Bottom Panel,Yes 25 Envelopes A2
Majestic,Silk,4.25 x 11,Horizontal,Rectangle,16PT C2S,No Coating,Silk,n/a,4/4,5000,Score in Half,Slide Slits Bottom Panel,Yes 25 Envelopes A2
Majestic,Silk,5.5 x 8.5,Horizontal,Rectangle,16PT C2S,No Coating,Silk,n/a,4/4,5000,Score in Half,Slide Slits Bottom Panel,Yes 25 Envelopes A2
Majestic,Silk,4.25 x 11,Vertical,Rectangle,16PT C2S,No Coating,Silk,n/a,4/4,5000,Score in Half,Slide Slits Bottom Panel,Yes 25 Envelopes A2
Majestic,Silk,5.5 x 8.5,Vertical,Rectangle,16PT C2S,No Coating,Silk,n/a,4/4,5000,Score in Half,Slide Slits Bottom Panel,Yes 25 Envelopes A2
Majestic,Silk,4.25 x 11,Horizontal,Rectangle,16PT C2S,No Coating,Silk,n/a,4/0,10000,Score in Half,Slide Slits Bottom Panel,Yes 25 Envelopes A2
Majestic,Silk,5.5 x 8.5,Horizontal,Rectangle,16PT C2S,No Coating,Silk,n/a,4/0,10000,Score in Half,Slide Slits Bottom Panel,Yes 25 Envelopes A2
Majestic,Silk,4.25 x 11,Vertical,Rectangle,16PT C2S,No Coating,Silk,n/a,4/0,10000,Score in Half,Slide Slits Bottom Panel,Yes 25 Envelopes A2
Majestic,Silk,5.5 x 8.5,Vertical,Rectangle,16PT C2S,No Coating,Silk,n/a,4/0,10000,Score in Half,Slide Slits Bottom Panel,Yes 25 Envelopes A2
Majestic,Silk,4.25 x 11,Horizontal,Rectangle,16PT C2S,No Coating,Silk,n/a,4/1,10000,Score in Half,Slide Slits Bottom Panel,Yes 25 Envelopes A2
Majestic,Silk,5.5 x 8.5,Horizontal,Rectangle,16PT C2S,No Coating,Silk,n/a,4/1,10000,Score in Half,Slide Slits Bottom Panel,Yes 25 Envelopes A2
Majestic,Silk,4.25 x 11,Vertical,Rectangle,16PT C2S,No Coating,Silk,n/a,4/1,10000,Score in Half,Slide Slits Bottom Panel,Yes 25 Envelopes A2
Majestic,Silk,4.25 x 11,Horizontal,Rectangle,16PT C2S,No Coating,Silk,n/a,4/4,10000,Score in Half,Slide Slits Bottom Panel,Yes 25 Envelopes A2
Majestic,Silk,5.5 x 8.5,Vertical,Rectangle,16PT C2S,No Coating,Silk,n/a,4/1,10000,Score in Half,Slide Slits Bottom Panel,Yes 25 Envelopes A2
Majestic,Silk,5.5 x 8.5,Horizontal,Rectangle,16PT C2S,No Coating,Silk,n/a,4/4,10000,Score in Half,Slide Slits Bottom Panel,Yes 25 Envelopes A2
Majestic,Silk,4.25 x 11,Vertical,Rectangle,16PT C2S,No Coating,Silk,n/a,4/4,10000,Score in Half,Slide Slits Bottom Panel,Yes 25 Envelopes A2
Majestic,Silk,5.5 x 8.5,Vertical,Rectangle,16PT C2S,No Coating,Silk,n/a,4/4,10000,Score in Half,Slide Slits Bottom Panel,Yes 25 Envelopes A2
Majestic,Silk,4.25 x 11,Horizontal,Rectangle,16PT C2S,No Coating,Silk,n/a,4/0,25,Score in Half,Slide Slits Right Panel,Yes 25 Envelopes A2
Majestic,Silk,5.5 x 8.5,Horizontal,Rectangle,16PT C2S,No Coating,Silk,n/a,4/0,25,Score in Half,Slide Slits Right Panel,Yes 25 Envelopes A2
Majestic,Silk,4.25 x 11,Vertical,Rectangle,16PT C2S,No Coating,Silk,n/a,4/0,25,Score in Half,Slide Slits Right Panel,Yes 25 Envelopes A2
Majestic,Silk,5.5 x 8.5,Vertical,Rectangle,16PT C2S,No Coating,Silk,n/a,4/0,25,Score in Half,Slide Slits Right Panel,Yes 25 Envelopes A2
Majestic,Silk,4.25 x 11,Horizontal,Rectangle,16PT C2S,No Coating,Silk,n/a,4/1,25,Score in Half,Slide Slits Right Panel,Yes 25 Envelopes A2
Majestic,Silk,5.5 x 8.5,Horizontal,Rectangle,16PT C2S,No Coating,Silk,n/a,4/1,25,Score in Half,Slide Slits Right Panel,Yes 25 Envelopes A2
Majestic,Silk,4.25 x 11,Vertical,Rectangle,16PT C2S,No Coating,Silk,n/a,4/1,25,Score in Half,Slide Slits Right Panel,Yes 25 Envelopes A2
Majestic,Silk,5.5 x 8.5,Vertical,Rectangle,16PT C2S,No Coating,Silk,n/a,4/1,25,Score in Half,Slide Slits Right Panel,Yes 25 Envelopes A2
Majestic,Silk,4.25 x 11,Horizontal,Rectangle,16PT C2S,No Coating,Silk,n/a,4/4,25,Score in Half,Slide Slits Right Panel,Yes 25 Envelopes A2
Majestic,Silk,5.5 x 8.5,Horizontal,Rectangle,16PT C2S,No Coating,Silk,n/a,4/4,25,Score in Half,Slide Slits Right Panel,Yes 25 Envelopes A2
Majestic,Silk,4.25 x 11,Vertical,Rectangle,16PT C2S,No Coating,Silk,n/a,4/4,25,Score in Half,Slide Slits Right Panel,Yes 25 Envelopes A2
Majestic,Silk,5.5 x 8.5,Vertical,Rectangle,16PT C2S,No Coating,Silk,n/a,4/4,25,Score in Half,Slide Slits Right Panel,Yes 25 Envelopes A2
Majestic,Silk,4.25 x 11,Horizontal,Rectangle,16PT C2S,No Coating,Silk,n/a,4/0,50,Score in Half,Slide Slits Right Panel,Yes 25 Envelopes A2
Majestic,Silk,5.5 x 8.5,Horizontal,Rectangle,16PT C2S,No Coating,Silk,n/a,4/0,50,Score in Half,Slide Slits Right Panel,Yes 25 Envelopes A2
Majestic,Silk,4.25 x 11,Vertical,Rectangle,16PT C2S,No Coating,Silk,n/a,4/0,50,Score in Half,Slide Slits Right Panel,Yes 25 Envelopes A2
Majestic,Silk,5.5 x 8.5,Vertical,Rectangle,16PT C2S,No Coating,Silk,n/a,4/0,50,Score in Half,Slide Slits Right Panel,Yes 25 Envelopes A2
Majestic,Silk,4.25 x 11,Horizontal,Rectangle,16PT C2S,No Coating,Silk,n/a,4/1,50,Score in Half,Slide Slits Right Panel,Yes 25 Envelopes A2
Majestic,Silk,5.5 x 8.5,Horizontal,Rectangle,16PT C2S,No Coating,Silk,n/a,4/1,50,Score in Half,Slide Slits Right Panel,Yes 25 Envelopes A2
Majestic,Silk,4.25 x 11,Vertical,Rectangle,16PT C2S,No Coating,Silk,n/a,4/1,50,Score in Half,Slide Slits Right Panel,Yes 25 Envelopes A2
Majestic,Silk,5.5 x 8.5,Vertical,Rectangle,16PT C2S,No Coating,Silk,n/a,4/1,50,Score in Half,Slide Slits Right Panel,Yes 25 Envelopes A2
Majestic,Silk,4.25 x 11,Horizontal,Rectangle,16PT C2S,No Coating,Silk,n/a,4/4,50,Score in Half,Slide Slits Right Panel,Yes 25 Envelopes A2
Majestic,Silk,5.5 x 8.5,Horizontal,Rectangle,16PT C2S,No Coating,Silk,n/a,4/4,50,Score in Half,Slide Slits Right Panel,Yes 25 Envelopes A2
Majestic,Silk,4.25 x 11,Vertical,Rectangle,16PT C2S,No Coating,Silk,n/a,4/4,50,Score in Half,Slide Slits Right Panel,Yes 25 Envelopes A2
Majestic,Silk,5.5 x 8.5,Vertical,Rectangle,16PT C2S,No Coating,Silk,n/a,4/4,50,Score in Half,Slide Slits Right Panel,Yes 25 Envelopes A2
Majestic,Silk,4.25 x 11,Horizontal,Rectangle,16PT C2S,No Coating,Silk,n/a,4/0,75,Score in Half,Slide Slits Right Panel,Yes 25 Envelopes A2
Majestic,Silk,5.5 x 8.5,Horizontal,Rectangle,16PT C2S,No Coating,Silk,n/a,4/0,75,Score in Half,Slide Slits Right Panel,Yes 25 Envelopes A2
Majestic,Silk,4.25 x 11,Vertical,Rectangle,16PT C2S,No Coating,Silk,n/a,4/0,75,Score in Half,Slide Slits Right Panel,Yes 25 Envelopes A2
Majestic,Silk,5.5 x 8.5,Vertical,Rectangle,16PT C2S,No Coating,Silk,n/a,4/0,75,Score in Half,Slide Slits Right Panel,Yes 25 Envelopes A2
Majestic,Silk,4.25 x 11,Horizontal,Rectangle,16PT C2S,No Coating,Silk,n/a,4/1,75,Score in Half,Slide Slits Right Panel,Yes 25 Envelopes A2
Majestic,Silk,5.5 x 8.5,Horizontal,Rectangle,16PT C2S,No Coating,Silk,n/a,4/1,75,Score in Half,Slide Slits Right Panel,Yes 25 Envelopes A2
Majestic,Silk,4.25 x 11,Vertical,Rectangle,16PT C2S,No Coating,Silk,n/a,4/1,75,Score in Half,Slide Slits Right Panel,Yes 25 Envelopes A2
Majestic,Silk,5.5 x 8.5,Vertical,Rectangle,16PT C2S,No Coating,Silk,n/a,4/1,75,Score in Half,Slide Slits Right Panel,Yes 25 Envelopes A2
Majestic,Silk,5.5 x 8.5,Horizontal,Rectangle,16PT C2S,No Coating,Silk,n/a,4/4,500,Score in Half,Slide Slits Bottom Panel,Yes 25 Envelopes A2
Majestic,Silk,5.5 x 8.5,Horizontal,Rectangle,16PT C2S,No Coating,Silk,n/a,4/4,75,Score in Half,Slide Slits Right Panel,Yes 25 Envelopes A2
Majestic,Silk,4.25 x 11,Vertical,Rectangle,16PT C2S,No Coating,Silk,n/a,4/4,75,Score in Half,Slide Slits Right Panel,Yes 25 Envelopes A2
Majestic,Silk,5.5 x 8.5,Vertical,Rectangle,16PT C2S,No Coating,Silk,n/a,4/4,75,Score in Half,Slide Slits Right Panel,Yes 25 Envelopes A2
Majestic,Silk,4.25 x 11,Horizontal,Rectangle,16PT C2S,No Coating,Silk,n/a,4/4,75,Score in Half,Slide Slits Right Panel,Yes 25 Envelopes A2
Majestic,Silk,5.5 x 8.5,Horizontal,Rectangle,16PT C2S,No Coating,Silk,n/a,4/0,100,Score in Half,Slide Slits Right Panel,Yes 25 Envelopes A2
Majestic,Silk,4.25 x 11,Vertical,Rectangle,16PT C2S,No Coating,Silk,n/a,4/0,100,Score in Half,Slide Slits Right Panel,Yes 25 Envelopes A2
Majestic,Silk,5.5 x 8.5,Vertical,Rectangle,16PT C2S,No Coating,Silk,n/a,4/1,2500,Score in Half,Slide Slits Bottom Panel,Yes 25 Envelopes A2
Majestic,Silk,4.25 x 11,Horizontal,Rectangle,16PT C2S,No Coating,Silk,n/a,4/1,100,Score in Half,Slide Slits Right Panel,Yes 25 Envelopes A2
Majestic,Silk,5.5 x 8.5,Horizontal,Rectangle,16PT C2S,No Coating,Silk,n/a,4/1,100,Score in Half,Slide Slits Right Panel,Yes 25 Envelopes A2
Majestic,Silk,4.25 x 11,Vertical,Rectangle,16PT C2S,No Coating,Silk,n/a,4/1,100,Score in Half,Slide Slits Right Panel,Yes 25 Envelopes A2
Majestic,Silk,5.5 x 8.5,Vertical,Rectangle,16PT C2S,No Coating,Silk,n/a,4/1,100,Score in Half,Slide Slits Right Panel,Yes 25 Envelopes A2
Majestic,Silk,4.25 x 11,Horizontal,Rectangle,16PT C2S,No Coating,Silk,n/a,4/4,100,Score in Half,Slide Slits Right Panel,Yes 25 Envelopes A2
Majestic,Silk,5.5 x 8.5,Horizontal,Rectangle,16PT C2S,No Coating,Silk,n/a,4/4,100,Score in Half,Slide Slits Right Panel,Yes 25 Envelopes A2
Majestic,Silk,5.5 x 8.5,Vertical,Rectangle,16PT C2S,No Coating,Silk,n/a,4/0,100,Score in Half,Slide Slits Right Panel,Yes 25 Envelopes A2
Majestic,Silk,5.5 x 8.5,Vertical,Rectangle,16PT C2S,No Coating,Silk,n/a,4/4,100,Score in Half,Slide Slits Right Panel,Yes 25 Envelopes A2
Majestic,Silk,4.25 x 11,Horizontal,Rectangle,16PT C2S,No Coating,Silk,n/a,4/0,250,Score in Half,Slide Slits Right Panel,Yes 25 Envelopes A2
Majestic,Silk,5.5 x 8.5,Horizontal,Rectangle,16PT C2S,No Coating,Silk,n/a,4/0,250,Score in Half,Slide Slits Right Panel,Yes 25 Envelopes A2
Majestic,Silk,4.25 x 11,Vertical,Rectangle,16PT C2S,No Coating,Silk,n/a,4/0,250,Score in Half,Slide Slits Right Panel,Yes 25 Envelopes A2
Majestic,Silk,5.5 x 8.5,Vertical,Rectangle,16PT C2S,No Coating,Silk,n/a,4/0,250,Score in Half,Slide Slits Right Panel,Yes 25 Envelopes A2
Majestic,Silk,4.25 x 11,Horizontal,Rectangle,16PT C2S,No Coating,Silk,n/a,4/1,250,Score in Half,Slide Slits Right Panel,Yes 25 Envelopes A2
Majestic,Silk,5.5 x 8.5,Horizontal,Rectangle,16PT C2S,No Coating,Silk,n/a,4/1,250,Score in Half,Slide Slits Bottom Panel,Yes 25 Envelopes A2
Majestic,Silk,4.25 x 11,Vertical,Rectangle,16PT C2S,No Coating,Silk,n/a,4/1,250,Score in Half,Slide Slits Right Panel,Yes 25 Envelopes A2
Majestic,Silk,5.5 x 8.5,Vertical,Rectangle,16PT C2S,No Coating,Silk,n/a,4/1,250,Score in Half,Slide Slits Right Panel,Yes 25 Envelopes A2
Majestic,Silk,4.25 x 11,Horizontal,Rectangle,16PT C2S,No Coating,Silk,n/a,4/4,250,Score in Half,Slide Slits Right Panel,Yes 25 Envelopes A2
Majestic,Silk,4.25 x 11,Vertical,Rectangle,16PT C2S,No Coating,Silk,n/a,4/4,250,Score in Half,Slide Slits Right Panel,Yes 25 Envelopes A2
Majestic,Silk,4.25 x 11,Horizontal,Rectangle,16PT C2S,No Coating,Silk,n/a,4/0,100,Score in Half,Slide Slits Right Panel,Yes 25 Envelopes A2
Majestic,Silk,5.5 x 8.5,Vertical,Rectangle,16PT C2S,No Coating,Silk,n/a,4/4,250,Score in Half,Slide Slits Right Panel,Yes 25 Envelopes A2
Majestic,Silk,4.25 x 11,Horizontal,Rectangle,16PT C2S,No Coating,Silk,n/a,4/0,500,Score in Half,Slide Slits Right Panel,Yes 25 Envelopes A2
Majestic,Silk,5.5 x 8.5,Horizontal,Rectangle,16PT C2S,No Coating,Silk,n/a,4/0,500,Score in Half,Slide Slits Right Panel,Yes 25 Envelopes A2
Majestic,Silk,4.25 x 11,Vertical,Rectangle,16PT C2S,No Coating,Silk,n/a,4/0,500,Score in Half,Slide Slits Right Panel,Yes 25 Envelopes A2
Majestic,Silk,5.5 x 8.5,Vertical,Rectangle,16PT C2S,No Coating,Silk,n/a,4/0,500,Score in Half,Slide Slits Right Panel,Yes 25 Envelopes A2
Majestic,Silk,4.25 x 11,Horizontal,Rectangle,16PT C2S,No Coating,Silk,n/a,4/1,500,Score in Half,Slide Slits Right Panel,Yes 25 Envelopes A2
Majestic,Silk,5.5 x 8.5,Horizontal,Rectangle,16PT C2S,No Coating,Silk,n/a,4/1,500,Score in Half,Slide Slits Right Panel,Yes 25 Envelopes A2
Majestic,Silk,4.25 x 11,Vertical,Rectangle,16PT C2S,No Coating,Silk,n/a,4/1,500,Score in Half,Slide Slits Right Panel,Yes 25 Envelopes A2
Majestic,Silk,5.5 x 8.5,Vertical,Rectangle,16PT C2S,No Coating,Silk,n/a,4/1,500,Score in Half,Slide Slits Right Panel,Yes 25 Envelopes A2
Majestic,Silk,4.25 x 11,Horizontal,Rectangle,16PT C2S,No Coating,Silk,n/a,4/4,500,Score in Half,Slide Slits Right Panel,Yes 25 Envelopes A2
Majestic,Silk,5.5 x 8.5,Horizontal,Rectangle,16PT C2S,No Coating,Silk,n/a,4/4,500,Score in Half,Slide Slits Right Panel,Yes 25 Envelopes A2
Majestic,Silk,4.25 x 11,Vertical,Rectangle,16PT C2S,No Coating,Silk,n/a,4/4,500,Score in Half,Slide Slits Right Panel,Yes 25 Envelopes A2
Majestic,Silk,5.5 x 8.5,Vertical,Rectangle,16PT C2S,No Coating,Silk,n/a,4/4,500,Score in Half,Slide Slits Right Panel,Yes 25 Envelopes A2
Majestic,Silk,4.25 x 11,Horizontal,Rectangle,16PT C2S,No Coating,Silk,n/a,4/0,1000,Score in Half,Slide Slits Right Panel,Yes 25 Envelopes A2
Majestic,Silk,5.5 x 8.5,Horizontal,Rectangle,16PT C2S,No Coating,Silk,n/a,4/0,1000,Score in Half,Slide Slits Right Panel,Yes 25 Envelopes A2
Majestic,Silk,4.25 x 11,Vertical,Rectangle,16PT C2S,No Coating,Silk,n/a,4/0,1000,Score in Half,Slide Slits Right Panel,Yes 25 Envelopes A2
Majestic,Silk,5.5 x 8.5,Vertical,Rectangle,16PT C2S,No Coating,Silk,n/a,4/0,1000,Score in Half,Slide Slits Right Panel,Yes 25 Envelopes A2
Majestic,Silk,4.25 x 11,Horizontal,Rectangle,16PT C2S,No Coating,Silk,n/a,4/1,1000,Score in Half,Slide Slits Right Panel,Yes 25 Envelopes A2
Majestic,Silk,5.5 x 8.5,Horizontal,Rectangle,16PT C2S,No Coating,Silk,n/a,4/1,1000,Score in Half,Slide Slits Right Panel,Yes 25 Envelopes A2
Majestic,Silk,4.25 x 11,Vertical,Rectangle,16PT C2S,No Coating,Silk,n/a,4/1,1000,Score in Half,Slide Slits Right Panel,Yes 25 Envelopes A2
Majestic,Silk,5.5 x 8.5,Vertical,Rectangle,16PT C2S,No Coating,Silk,n/a,4/1,1000,Score in Half,Slide Slits Right Panel,Yes 25 Envelopes A2
Majestic,Silk,4.25 x 11,Horizontal,Rectangle,16PT C2S,No Coating,Silk,n/a,4/4,1000,Score in Half,Slide Slits Right Panel,Yes 25 Envelopes A2
Majestic,Silk,4.25 x 11,Vertical,Rectangle,16PT C2S,No Coating,Silk,n/a,4/4,1000,Score in Half,Slide Slits Right Panel,Yes 25 Envelopes A2
Majestic,Silk,5.5 x 8.5,Horizontal,Rectangle,16PT C2S,No Coating,Silk,n/a,4/4,1000,Score in Half,Slide Slits Right Panel,Yes 25 Envelopes A2
Majestic,Silk,5.5 x 8.5,Vertical,Rectangle,16PT C2S,No Coating,Silk,n/a,4/4,1000,Score in Half,Slide Slits Right Panel,Yes 25 Envelopes A2
Majestic,Silk,4.25 x 11,Horizontal,Rectangle,16PT C2S,No Coating,Silk,n/a,4/0,2500,Score in Half,Slide Slits Right Panel,Yes 25 Envelopes A2
Majestic,Silk,5.5 x 8.5,Horizontal,Rectangle,16PT C2S,No Coating,Silk,n/a,4/0,2500,Score in Half,Slide Slits Right Panel,Yes 25 Envelopes A2
Majestic,Silk,4.25 x 11,Vertical,Rectangle,16PT C2S,No Coating,Silk,n/a,4/0,2500,Score in Half,Slide Slits Right Panel,Yes 25 Envelopes A2
Majestic,Silk,5.5 x 8.5,Vertical,Rectangle,16PT C2S,No Coating,Silk,n/a,4/0,2500,Score in Half,Slide Slits Right Panel,Yes 25 Envelopes A2
Majestic,Silk,4.25 x 11,Horizontal,Rectangle,16PT C2S,No Coating,Silk,n/a,4/1,2500,Score in Half,Slide Slits Right Panel,Yes 25 Envelopes A2
Majestic,Silk,4.25 x 11,Vertical,Rectangle,16PT C2S,No Coating,Silk,n/a,4/4,100,Score in Half,Slide Slits Right Panel,Yes 25 Envelopes A2
Majestic,Silk,4.25 x 11,Vertical,Rectangle,16PT C2S,No Coating,Silk,n/a,4/1,2500,Score in Half,Slide Slits Right Panel,Yes 25 Envelopes A2
Majestic,Silk,5.5 x 8.5,Vertical,Rectangle,16PT C2S,No Coating,Silk,n/a,4/1,2500,Score in Half,Slide Slits Right Panel,Yes 25 Envelopes A2
Majestic,Silk,4.25 x 11,Horizontal,Rectangle,16PT C2S,No Coating,Silk,n/a,4/4,2500,Score in Half,Slide Slits Right Panel,Yes 25 Envelopes A2
Majestic,Silk,4.25 x 11,Horizontal,Rectangle,16PT C2S,No Coating,Silk,n/a,4/0,5000,Score in Half,Slide Slits Right Panel,Yes 25 Envelopes A2
Majestic,Silk,5.5 x 8.5,Vertical,Rectangle,16PT C2S,No Coating,Silk,n/a,4/4,2500,Score in Half,Slide Slits Right Panel,Yes 25 Envelopes A2
Majestic,Silk,5.5 x 8.5,Horizontal,Rectangle,16PT C2S,No Coating,Silk,n/a,4/0,5000,Score in Half,Slide Slits Right Panel,Yes 25 Envelopes A2
Majestic,Silk,5.5 x 8.5,Horizontal,Rectangle,16PT C2S,No Coating,Silk,n/a,4/1,2500,Score in Half,Slide Slits Right Panel,Yes 25 Envelopes A2
Majestic,Silk,4.25 x 11,Vertical,Rectangle,16PT C2S,No Coating,Silk,n/a,4/0,5000,Score in Half,Slide Slits Right Panel,Yes 25 Envelopes A2
Majestic,Silk,4.25 x 11,Vertical,Rectangle,16PT C2S,No Coating,Silk,n/a,4/4,2500,Score in Half,Slide Slits Right Panel,Yes 25 Envelopes A2
Majestic,Silk,5.5 x 8.5,Vertical,Rectangle,16PT C2S,No Coating,Silk,n/a,4/0,5000,Score in Half,Slide Slits Right Panel,Yes 25 Envelopes A2
Majestic,Silk,5.5 x 8.5,Horizontal,Rectangle,16PT C2S,No Coating,Silk,n/a,4/1,5000,Score in Half,Slide Slits Right Panel,Yes 25 Envelopes A2
Majestic,Silk,4.25 x 11,Horizontal,Rectangle,16PT C2S,No Coating,Silk,n/a,4/1,5000,Score in Half,Slide Slits Right Panel,Yes 25 Envelopes A2
Majestic,Silk,4.25 x 11,Vertical,Rectangle,16PT C2S,No Coating,Silk,n/a,4/1,5000,Score in Half,Slide Slits Right Panel,Yes 25 Envelopes A2
Majestic,Silk,5.5 x 8.5,Vertical,Rectangle,16PT C2S,No Coating,Silk,n/a,4/1,5000,Score in Half,Slide Slits Right Panel,Yes 25 Envelopes A2
Majestic,Silk,4.25 x 11,Horizontal,Rectangle,16PT C2S,No Coating,Silk,n/a,4/4,5000,Score in Half,Slide Slits Right Panel,Yes 25 Envelopes A2
Majestic,Silk,5.5 x 8.5,Horizontal,Rectangle,16PT C2S,No Coating,Silk,n/a,4/4,5000,Score in Half,Slide Slits Right Panel,Yes 25 Envelopes A2
Majestic,Silk,4.25 x 11,Vertical,Rectangle,16PT C2S,No Coating,Silk,n/a,4/4,5000,Score in Half,Slide Slits Right Panel,Yes 25 Envelopes A2
Majestic,Silk,5.5 x 8.5,Vertical,Rectangle,16PT C2S,No Coating,Silk,n/a,4/4,5000,Score in Half,Slide Slits Right Panel,Yes 25 Envelopes A2
Majestic,Silk,4.25 x 11,Horizontal,Rectangle,16PT C2S,No Coating,Silk,n/a,4/0,10000,Score in Half,Slide Slits Right Panel,Yes 25 Envelopes A2
Majestic,Silk,5.5 x 8.5,Horizontal,Rectangle,16PT C2S,No Coating,Silk,n/a,4/0,10000,Score in Half,Slide Slits Right Panel,Yes 25 Envelopes A2
Majestic,Silk,5.5 x 8.5,Vertical,Rectangle,16PT C2S,No Coating,Silk,n/a,4/0,10000,Score in Half,Slide Slits Right Panel,Yes 25 Envelopes A2
Majestic,Silk,4.25 x 11,Vertical,Rectangle,16PT C2S,No Coating,Silk,n/a,4/0,10000,Score in Half,Slide Slits Right Panel,Yes 25 Envelopes A2
Majestic,Silk,4.25 x 11,Horizontal,Rectangle,16PT C2S,No Coating,Silk,n/a,4/1,10000,Score in Half,Slide Slits Right Panel,Yes 25 Envelopes A2
Majestic,Silk,5.5 x 8.5,Horizontal,Rectangle,16PT C2S,No Coating,Silk,n/a,4/1,10000,Score in Half,Slide Slits Right Panel,Yes 25 Envelopes A2
Majestic,Silk,5.5 x 8.5,Horizontal,Rectangle,16PT C2S,No Coating,Silk,n/a,4/4,250,Score in Half,Slide Slits Right Panel,Yes 25 Envelopes A2
Majestic,Silk,5.5 x 8.5,Vertical,Rectangle,16PT C2S,No Coating,Silk,n/a,4/1,10000,Score in Half,Slide Slits Right Panel,Yes 25 Envelopes A2
Majestic,Silk,4.25 x 11,Horizontal,Rectangle,16PT C2S,No Coating,Silk,n/a,4/4,10000,Score in Half,Slide Slits Right Panel,Yes 25 Envelopes A2
Majestic,Silk,5.5 x 8.5,Horizontal,Rectangle,16PT C2S,No Coating,Silk,n/a,4/4,10000,Score in Half,Slide Slits Right Panel,Yes 25 Envelopes A2
Majestic,Silk,4.25 x 11,Vertical,Rectangle,16PT C2S,No Coating,Silk,n/a,4/4,10000,Score in Half,Slide Slits Right Panel,Yes 25 Envelopes A2
Majestic,Silk,5.5 x 8.5,Vertical,Rectangle,16PT C2S,No Coating,Silk,n/a,4/4,10000,Score in Half,Slide Slits Right Panel,Yes 25 Envelopes A2
Majestic,Silk,4.25 x 11,Horizontal,Rectangle,16PT C2S,No Coating,Silk,n/a,4/0,25,Score in Half,Moon Slits Bottom Panel,Yes 50 Envelopes A2
Majestic,Silk,5.5 x 8.5,Horizontal,Rectangle,16PT C2S,No Coating,Silk,n/a,4/0,25,Score in Half,Moon Slits Bottom Panel,Yes 50 Envelopes A2
Majestic,Silk,4.25 x 11,Vertical,Rectangle,16PT C2S,No Coating,Silk,n/a,4/0,25,Score in Half,Moon Slits Bottom Panel,Yes 50 Envelopes A2
Majestic,Silk,5.5 x 8.5,Vertical,Rectangle,16PT C2S,No Coating,Silk,n/a,4/0,25,Score in Half,Moon Slits Bottom Panel,Yes 50 Envelopes A2
Majestic,Silk,4.25 x 11,Horizontal,Rectangle,16PT C2S,No Coating,Silk,n/a,4/1,25,Score in Half,Moon Slits Bottom Panel,Yes 50 Envelopes A2
Majestic,Silk,5.5 x 8.5,Vertical,Rectangle,16PT C2S,No Coating,Silk,n/a,4/1,25,Score in Half,Moon Slits Bottom Panel,Yes 50 Envelopes A2
Majestic,Silk,5.5 x 8.5,Horizontal,Rectangle,16PT C2S,No Coating,Silk,n/a,4/1,25,Score in Half,Moon Slits Bottom Panel,Yes 50 Envelopes A2
Majestic,Silk,5.5 x 8.5,Horizontal,Rectangle,16PT C2S,No Coating,Silk,n/a,4/4,2500,Score in Half,Slide Slits Right Panel,Yes 25 Envelopes A2
Majestic,Silk,4.25 x 11,Vertical,Rectangle,16PT C2S,No Coating,Silk,n/a,4/1,25,Score in Half,Moon Slits Bottom Panel,Yes 50 Envelopes A2
Majestic,Silk,5.5 x 8.5,Horizontal,Rectangle,16PT C2S,No Coating,Silk,n/a,4/4,25,Score in Half,Moon Slits Bottom Panel,Yes 50 Envelopes A2
Majestic,Silk,5.5 x 8.5,Vertical,Rectangle,16PT C2S,No Coating,Silk,n/a,4/4,25,Score in Half,Moon Slits Bottom Panel,Yes 50 Envelopes A2
Majestic,Silk,4.25 x 11,Vertical,Rectangle,16PT C2S,No Coating,Silk,n/a,4/4,25,Score in Half,Moon Slits Bottom Panel,Yes 50 Envelopes A2
Majestic,Silk,4.25 x 11,Horizontal,Rectangle,16PT C2S,No Coating,Silk,n/a,4/0,50,Score in Half,Moon Slits Bottom Panel,Yes 50 Envelopes A2
Majestic,Silk,5.5 x 8.5,Horizontal,Rectangle,16PT C2S,No Coating,Silk,n/a,4/0,50,Score in Half,Moon Slits Bottom Panel,Yes 50 Envelopes A2
Majestic,Silk,4.25 x 11,Vertical,Rectangle,16PT C2S,No Coating,Silk,n/a,4/0,50,Score in Half,Moon Slits Bottom Panel,Yes 50 Envelopes A2
Majestic,Silk,5.5 x 8.5,Horizontal,Rectangle,16PT C2S,No Coating,Silk,n/a,4/1,250,Score in Half,Slide Slits Right Panel,Yes 25 Envelopes A2
Majestic,Silk,5.5 x 8.5,Vertical,Rectangle,16PT C2S,No Coating,Silk,n/a,4/0,50,Score in Half,Moon Slits Bottom Panel,Yes 50 Envelopes A2
Majestic,Silk,5.5 x 8.5,Horizontal,Rectangle,16PT C2S,No Coating,Silk,n/a,4/1,50,Score in Half,Moon Slits Bottom Panel,Yes 50 Envelopes A2
Majestic,Silk,4.25 x 11,Vertical,Rectangle,16PT C2S,No Coating,Silk,n/a,4/1,50,Score in Half,Moon Slits Bottom Panel,Yes 50 Envelopes A2
Majestic,Silk,4.25 x 11,Horizontal,Rectangle,16PT C2S,No Coating,Silk,n/a,4/4,25,Score in Half,Moon Slits Bottom Panel,Yes 50 Envelopes A2
Majestic,Silk,4.25 x 11,Horizontal,Rectangle,16PT C2S,No Coating,Silk,n/a,4/4,50,Score in Half,Moon Slits Bottom Panel,Yes 50 Envelopes A2
Majestic,Silk,5.5 x 8.5,Horizontal,Rectangle,16PT C2S,No Coating,Silk,n/a,4/4,50,Score in Half,Moon Slits Bottom Panel,Yes 50 Envelopes A2
Majestic,Silk,4.25 x 11,Vertical,Rectangle,16PT C2S,No Coating,Silk,n/a,4/4,50,Score in Half,Moon Slits Bottom Panel,Yes 50 Envelopes A2
Majestic,Silk,5.5 x 8.5,Vertical,Rectangle,16PT C2S,No Coating,Silk,n/a,4/4,50,Score in Half,Moon Slits Bottom Panel,Yes 50 Envelopes A2
Majestic,Silk,4.25 x 11,Horizontal,Rectangle,16PT C2S,No Coating,Silk,n/a,4/0,75,Score in Half,Moon Slits Bottom Panel,Yes 50 Envelopes A2
Majestic,Silk,5.5 x 8.5,Horizontal,Rectangle,16PT C2S,No Coating,Silk,n/a,4/0,75,Score in Half,Moon Slits Bottom Panel,Yes 50 Envelopes A2
Majestic,Silk,4.25 x 11,Vertical,Rectangle,16PT C2S,No Coating,Silk,n/a,4/0,75,Score in Half,Moon Slits Bottom Panel,Yes 50 Envelopes A2
Majestic,Silk,5.5 x 8.5,Vertical,Rectangle,16PT C2S,No Coating,Silk,n/a,4/0,75,Score in Half,Moon Slits Bottom Panel,Yes 50 Envelopes A2
Majestic,Silk,5.5 x 8.5,Horizontal,Rectangle,16PT C2S,No Coating,Silk,n/a,4/1,75,Score in Half,Moon Slits Bottom Panel,Yes 50 Envelopes A2
Majestic,Silk,4.25 x 11,Horizontal,Rectangle,16PT C2S,No Coating,Silk,n/a,4/1,75,Score in Half,Moon Slits Bottom Panel,Yes 50 Envelopes A2
Majestic,Silk,4.25 x 11,Vertical,Rectangle,16PT C2S,No Coating,Silk,n/a,4/1,75,Score in Half,Moon Slits Bottom Panel,Yes 50 Envelopes A2
Majestic,Silk,5.5 x 8.5,Vertical,Rectangle,16PT C2S,No Coating,Silk,n/a,4/1,75,Score in Half,Moon Slits Bottom Panel,Yes 50 Envelopes A2
Majestic,Silk,4.25 x 11,Horizontal,Rectangle,16PT C2S,No Coating,Silk,n/a,4/4,75,Score in Half,Moon Slits Bottom Panel,Yes 50 Envelopes A2
Majestic,Silk,5.5 x 8.5,Horizontal,Rectangle,16PT C2S,No Coating,Silk,n/a,4/4,75,Score in Half,Moon Slits Bottom Panel,Yes 50 Envelopes A2
Majestic,Silk,4.25 x 11,Vertical,Rectangle,16PT C2S,No Coating,Silk,n/a,4/4,75,Score in Half,Moon Slits Bottom Panel,Yes 50 Envelopes A2
Majestic,Silk,5.5 x 8.5,Vertical,Rectangle,16PT C2S,No Coating,Silk,n/a,4/4,75,Score in Half,Moon Slits Bottom Panel,Yes 50 Envelopes A2
Majestic,Silk,4.25 x 11,Horizontal,Rectangle,16PT C2S,No Coating,Silk,n/a,4/0,100,Score in Half,Moon Slits Bottom Panel,Yes 50 Envelopes A2
Majestic,Silk,5.5 x 8.5,Horizontal,Rectangle,16PT C2S,No Coating,Silk,n/a,4/0,100,Score in Half,Moon Slits Bottom Panel,Yes 50 Envelopes A2
Majestic,Silk,4.25 x 11,Vertical,Rectangle,16PT C2S,No Coating,Silk,n/a,4/0,100,Score in Half,Moon Slits Bottom Panel,Yes 50 Envelopes A2
Majestic,Silk,5.5 x 8.5,Vertical,Rectangle,16PT C2S,No Coating,Silk,n/a,4/0,100,Score in Half,Moon Slits Bottom Panel,Yes 50 Envelopes A2
Majestic,Silk,4.25 x 11,Horizontal,Rectangle,16PT C2S,No Coating,Silk,n/a,4/1,100,Score in Half,Moon Slits Bottom Panel,Yes 50 Envelopes A2
Majestic,Silk,5.5 x 8.5,Horizontal,Rectangle,16PT C2S,No Coating,Silk,n/a,4/1,100,Score in Half,Moon Slits Bottom Panel,Yes 50 Envelopes A2
Majestic,Silk,4.25 x 11,Vertical,Rectangle,16PT C2S,No Coating,Silk,n/a,4/1,100,Score in Half,Moon Slits Bottom Panel,Yes 50 Envelopes A2
Majestic,Silk,5.5 x 8.5,Vertical,Rectangle,16PT C2S,No Coating,Silk,n/a,4/1,100,Score in Half,Moon Slits Bottom Panel,Yes 50 Envelopes A2
Majestic,Silk,4.25 x 11,Horizontal,Rectangle,16PT C2S,No Coating,Silk,n/a,4/4,100,Score in Half,Moon Slits Bottom Panel,Yes 50 Envelopes A2
Majestic,Silk,5.5 x 8.5,Horizontal,Rectangle,16PT C2S,No Coating,Silk,n/a,4/4,100,Score in Half,Moon Slits Bottom Panel,Yes 50 Envelopes A2
Majestic,Silk,4.25 x 11,Vertical,Rectangle,16PT C2S,No Coating,Silk,n/a,4/4,100,Score in Half,Moon Slits Bottom Panel,Yes 50 Envelopes A2
Majestic,Silk,5.5 x 8.5,Vertical,Rectangle,16PT C2S,No Coating,Silk,n/a,4/4,100,Score in Half,Moon Slits Bottom Panel,Yes 50 Envelopes A2
Majestic,Silk,4.25 x 11,Horizontal,Rectangle,16PT C2S,No Coating,Silk,n/a,4/0,250,Score in Half,Moon Slits Bottom Panel,Yes 50 Envelopes A2
Majestic,Silk,5.5 x 8.5,Horizontal,Rectangle,16PT C2S,No Coating,Silk,n/a,4/0,250,Score in Half,Moon Slits Bottom Panel,Yes 50 Envelopes A2
Majestic,Silk,4.25 x 11,Vertical,Rectangle,16PT C2S,No Coating,Silk,n/a,4/0,250,Score in Half,Moon Slits Bottom Panel,Yes 50 Envelopes A2
Majestic,Silk,5.5 x 8.5,Vertical,Rectangle,16PT C2S,No Coating,Silk,n/a,4/0,250,Score in Half,Moon Slits Bottom Panel,Yes 50 Envelopes A2
Majestic,Silk,4.25 x 11,Horizontal,Rectangle,16PT C2S,No Coating,Silk,n/a,4/1,250,Score in Half,Moon Slits Bottom Panel,Yes 50 Envelopes A2
Majestic,Silk,5.5 x 8.5,Horizontal,Rectangle,16PT C2S,No Coating,Silk,n/a,4/1,250,Score in Half,Moon Slits Bottom Panel,Yes 50 Envelopes A2
Majestic,Silk,4.25 x 11,Vertical,Rectangle,16PT C2S,No Coating,Silk,n/a,4/1,250,Score in Half,Moon Slits Bottom Panel,Yes 50 Envelopes A2
Majestic,Silk,5.5 x 8.5,Vertical,Rectangle,16PT C2S,No Coating,Silk,n/a,4/1,250,Score in Half,Moon Slits Bottom Panel,Yes 50 Envelopes A2
Majestic,Silk,4.25 x 11,Vertical,Rectangle,16PT C2S,No Coating,Silk,n/a,4/1,10000,Score in Half,Slide Slits Right Panel,Yes 25 Envelopes A2
Majestic,Silk,5.5 x 8.5,Horizontal,Rectangle,16PT C2S,No Coating,Silk,n/a,4/4,250,Score in Half,Moon Slits Bottom Panel,Yes 50 Envelopes A2
Majestic,Silk,4.25 x 11,Vertical,Rectangle,16PT C2S,No Coating,Silk,n/a,4/4,250,Score in Half,Moon Slits Bottom Panel,Yes 50 Envelopes A2
Majestic,Silk,5.5 x 8.5,Vertical,Rectangle,16PT C2S,No Coating,Silk,n/a,4/4,250,Score in Half,Moon Slits Bottom Panel,Yes 50 Envelopes A2
Majestic,Silk,4.25 x 11,Horizontal,Rectangle,16PT C2S,No Coating,Silk,n/a,4/0,500,Score in Half,Moon Slits Bottom Panel,Yes 50 Envelopes A2
Majestic,Silk,5.5 x 8.5,Horizontal,Rectangle,16PT C2S,No Coating,Silk,n/a,4/0,500,Score in Half,Moon Slits Bottom Panel,Yes 50 Envelopes A2
Majestic,Silk,4.25 x 11,Vertical,Rectangle,16PT C2S,No Coating,Silk,n/a,4/0,500,Score in Half,Moon Slits Bottom Panel,Yes 50 Envelopes A2
Majestic,Silk,5.5 x 8.5,Vertical,Rectangle,16PT C2S,No Coating,Silk,n/a,4/0,500,Score in Half,Moon Slits Bottom Panel,Yes 50 Envelopes A2
Majestic,Silk,4.25 x 11,Horizontal,Rectangle,16PT C2S,No Coating,Silk,n/a,4/1,500,Score in Half,Moon Slits Bottom Panel,Yes 50 Envelopes A2
Majestic,Silk,5.5 x 8.5,Horizontal,Rectangle,16PT C2S,No Coating,Silk,n/a,4/1,500,Score in Half,Moon Slits Bottom Panel,Yes 50 Envelopes A2
Majestic,Silk,4.25 x 11,Vertical,Rectangle,16PT C2S,No Coating,Silk,n/a,4/1,500,Score in Half,Moon Slits Bottom Panel,Yes 50 Envelopes A2
Majestic,Silk,5.5 x 8.5,Vertical,Rectangle,16PT C2S,No Coating,Silk,n/a,4/1,500,Score in Half,Moon Slits Bottom Panel,Yes 50 Envelopes A2
Majestic,Silk,4.25 x 11,Horizontal,Rectangle,16PT C2S,No Coating,Silk,n/a,4/4,500,Score in Half,Moon Slits Bottom Panel,Yes 50 Envelopes A2
Majestic,Silk,5.5 x 8.5,Horizontal,Rectangle,16PT C2S,No Coating,Silk,n/a,4/4,500,Score in Half,Moon Slits Bottom Panel,Yes 50 Envelopes A2
Majestic,Silk,4.25 x 11,Vertical,Rectangle,16PT C2S,No Coating,Silk,n/a,4/4,500,Score in Half,Moon Slits Bottom Panel,Yes 50 Envelopes A2
Majestic,Silk,5.5 x 8.5,Vertical,Rectangle,16PT C2S,No Coating,Silk,n/a,4/4,500,Score in Half,Moon Slits Bottom Panel,Yes 50 Envelopes A2
Majestic,Silk,4.25 x 11,Horizontal,Rectangle,16PT C2S,No Coating,Silk,n/a,4/0,1000,Score in Half,Moon Slits Bottom Panel,Yes 50 Envelopes A2
Majestic,Silk,5.5 x 8.5,Horizontal,Rectangle,16PT C2S,No Coating,Silk,n/a,4/0,1000,Score in Half,Moon Slits Bottom Panel,Yes 50 Envelopes A2
Majestic,Silk,4.25 x 11,Vertical,Rectangle,16PT C2S,No Coating,Silk,n/a,4/0,1000,Score in Half,Moon Slits Bottom Panel,Yes 50 Envelopes A2
Majestic,Silk,5.5 x 8.5,Vertical,Rectangle,16PT C2S,No Coating,Silk,n/a,4/0,1000,Score in Half,Moon Slits Bottom Panel,Yes 50 Envelopes A2
Majestic,Silk,4.25 x 11,Horizontal,Rectangle,16PT C2S,No Coating,Silk,n/a,4/1,1000,Score in Half,Moon Slits Bottom Panel,Yes 50 Envelopes A2
Majestic,Silk,5.5 x 8.5,Horizontal,Rectangle,16PT C2S,No Coating,Silk,n/a,4/1,1000,Score in Half,Moon Slits Bottom Panel,Yes 50 Envelopes A2
Majestic,Silk,4.25 x 11,Vertical,Rectangle,16PT C2S,No Coating,Silk,n/a,4/1,1000,Score in Half,Moon Slits Bottom Panel,Yes 50 Envelopes A2
Majestic,Silk,5.5 x 8.5,Vertical,Rectangle,16PT C2S,No Coating,Silk,n/a,4/1,1000,Score in Half,Moon Slits Bottom Panel,Yes 50 Envelopes A2
Majestic,Silk,4.25 x 11,Horizontal,Rectangle,16PT C2S,No Coating,Silk,n/a,4/4,1000,Score in Half,Moon Slits Bottom Panel,Yes 50 Envelopes A2
Majestic,Silk,5.5 x 8.5,Horizontal,Rectangle,16PT C2S,No Coating,Silk,n/a,4/4,1000,Score in Half,Moon Slits Bottom Panel,Yes 50 Envelopes A2
Majestic,Silk,4.25 x 11,Vertical,Rectangle,16PT C2S,No Coating,Silk,n/a,4/4,1000,Score in Half,Moon Slits Bottom Panel,Yes 50 Envelopes A2
Majestic,Silk,5.5 x 8.5,Vertical,Rectangle,16PT C2S,No Coating,Silk,n/a,4/4,1000,Score in Half,Moon Slits Bottom Panel,Yes 50 Envelopes A2
Majestic,Silk,4.25 x 11,Horizontal,Rectangle,16PT C2S,No Coating,Silk,n/a,4/1,50,Score in Half,Moon Slits Bottom Panel,Yes 50 Envelopes A2
Majestic,Silk,5.5 x 8.5,Horizontal,Rectangle,16PT C2S,No Coating,Silk,n/a,4/0,2500,Score in Half,Moon Slits Bottom Panel,Yes 50 Envelopes A2
Majestic,Silk,4.25 x 11,Vertical,Rectangle,16PT C2S,No Coating,Silk,n/a,4/0,2500,Score in Half,Moon Slits Bottom Panel,Yes 50 Envelopes A2
Majestic,Silk,5.5 x 8.5,Vertical,Rectangle,16PT C2S,No Coating,Silk,n/a,4/0,2500,Score in Half,Moon Slits Bottom Panel,Yes 50 Envelopes A2
Majestic,Silk,5.5 x 8.5,Vertical,Rectangle,16PT C2S,No Coating,Silk,n/a,4/1,50,Score in Half,Moon Slits Bottom Panel,Yes 50 Envelopes A2
Majestic,Silk,5.5 x 8.5,Horizontal,Rectangle,16PT C2S,No Coating,Silk,n/a,4/1,2500,Score in Half,Moon Slits Bottom Panel,Yes 50 Envelopes A2
Majestic,Silk,4.25 x 11,Vertical,Rectangle,16PT C2S,No Coating,Silk,n/a,4/1,2500,Score in Half,Moon Slits Bottom Panel,Yes 50 Envelopes A2
Majestic,Silk,5.5 x 8.5,Vertical,Rectangle,16PT C2S,No Coating,Silk,n/a,4/1,2500,Score in Half,Moon Slits Bottom Panel,Yes 50 Envelopes A2
Majestic,Silk,4.25 x 11,Horizontal,Rectangle,16PT C2S,No Coating,Silk,n/a,4/4,2500,Score in Half,Moon Slits Bottom Panel,Yes 50 Envelopes A2
Majestic,Silk,5.5 x 8.5,Horizontal,Rectangle,16PT C2S,No Coating,Silk,n/a,4/4,2500,Score in Half,Moon Slits Bottom Panel,Yes 50 Envelopes A2
Majestic,Silk,4.25 x 11,Vertical,Rectangle,16PT C2S,No Coating,Silk,n/a,4/4,2500,Score in Half,Moon Slits Bottom Panel,Yes 50 Envelopes A2
Majestic,Silk,5.5 x 8.5,Vertical,Rectangle,16PT C2S,No Coating,Silk,n/a,4/4,2500,Score in Half,Moon Slits Bottom Panel,Yes 50 Envelopes A2
Majestic,Silk,4.25 x 11,Horizontal,Rectangle,16PT C2S,No Coating,Silk,n/a,4/0,5000,Score in Half,Moon Slits Bottom Panel,Yes 50 Envelopes A2
Majestic,Silk,5.5 x 8.5,Horizontal,Rectangle,16PT C2S,No Coating,Silk,n/a,4/0,5000,Score in Half,Moon Slits Bottom Panel,Yes 50 Envelopes A2
Majestic,Silk,4.25 x 11,Vertical,Rectangle,16PT C2S,No Coating,Silk,n/a,4/0,5000,Score in Half,Moon Slits Bottom Panel,Yes 50 Envelopes A2
Majestic,Silk,5.5 x 8.5,Vertical,Rectangle,16PT C2S,No Coating,Silk,n/a,4/0,5000,Score in Half,Moon Slits Bottom Panel,Yes 50 Envelopes A2
Majestic,Silk,4.25 x 11,Horizontal,Rectangle,16PT C2S,No Coating,Silk,n/a,4/1,5000,Score in Half,Moon Slits Bottom Panel,Yes 50 Envelopes A2
Majestic,Silk,5.5 x 8.5,Horizontal,Rectangle,16PT C2S,No Coating,Silk,n/a,4/1,5000,Score in Half,Moon Slits Bottom Panel,Yes 50 Envelopes A2
Majestic,Silk,4.25 x 11,Vertical,Rectangle,16PT C2S,No Coating,Silk,n/a,4/1,5000,Score in Half,Moon Slits Bottom Panel,Yes 50 Envelopes A2
Majestic,Silk,5.5 x 8.5,Vertical,Rectangle,16PT C2S,No Coating,Silk,n/a,4/1,5000,Score in Half,Moon Slits Bottom Panel,Yes 50 Envelopes A2
Majestic,Silk,4.25 x 11,Horizontal,Rectangle,16PT C2S,No Coating,Silk,n/a,4/4,5000,Score in Half,Moon Slits Bottom Panel,Yes 50 Envelopes A2
Majestic,Silk,5.5 x 8.5,Horizontal,Rectangle,16PT C2S,No Coating,Silk,n/a,4/4,5000,Score in Half,Moon Slits Bottom Panel,Yes 50 Envelopes A2
Majestic,Silk,4.25 x 11,Vertical,Rectangle,16PT C2S,No Coating,Silk,n/a,4/4,5000,Score in Half,Moon Slits Bottom Panel,Yes 50 Envelopes A2
Majestic,Silk,5.5 x 8.5,Vertical,Rectangle,16PT C2S,No Coating,Silk,n/a,4/4,5000,Score in Half,Moon Slits Bottom Panel,Yes 50 Envelopes A2
Majestic,Silk,4.25 x 11,Horizontal,Rectangle,16PT C2S,No Coating,Silk,n/a,4/0,10000,Score in Half,Moon Slits Bottom Panel,Yes 50 Envelopes A2
Majestic,Silk,5.5 x 8.5,Horizontal,Rectangle,16PT C2S,No Coating,Silk,n/a,4/0,10000,Score in Half,Moon Slits Bottom Panel,Yes 50 Envelopes A2
Majestic,Silk,4.25 x 11,Vertical,Rectangle,16PT C2S,No Coating,Silk,n/a,4/0,10000,Score in Half,Moon Slits Bottom Panel,Yes 50 Envelopes A2
Majestic,Silk,5.5 x 8.5,Vertical,Rectangle,16PT C2S,No Coating,Silk,n/a,4/0,10000,Score in Half,Moon Slits Bottom Panel,Yes 50 Envelopes A2
Majestic,Silk,4.25 x 11,Horizontal,Rectangle,16PT C2S,No Coating,Silk,n/a,4/1,10000,Score in Half,Moon Slits Bottom Panel,Yes 50 Envelopes A2
Majestic,Silk,5.5 x 8.5,Horizontal,Rectangle,16PT C2S,No Coating,Silk,n/a,4/1,10000,Score in Half,Moon Slits Bottom Panel,Yes 50 Envelopes A2
Majestic,Silk,4.25 x 11,Vertical,Rectangle,16PT C2S,No Coating,Silk,n/a,4/1,10000,Score in Half,Moon Slits Bottom Panel,Yes 50 Envelopes A2
Majestic,Silk,5.5 x 8.5,Vertical,Rectangle,16PT C2S,No Coating,Silk,n/a,4/1,10000,Score in Half,Moon Slits Bottom Panel,Yes 50 Envelopes A2
Majestic,Silk,4.25 x 11,Horizontal,Rectangle,16PT C2S,No Coating,Silk,n/a,4/4,10000,Score in Half,Moon Slits Bottom Panel,Yes 50 Envelopes A2
Majestic,Silk,5.5 x 8.5,Horizontal,Rectangle,16PT C2S,No Coating,Silk,n/a,4/4,10000,Score in Half,Moon Slits Bottom Panel,Yes 50 Envelopes A2
Majestic,Silk,4.25 x 11,Vertical,Rectangle,16PT C2S,No Coating,Silk,n/a,4/4,10000,Score in Half,Moon Slits Bottom Panel,Yes 50 Envelopes A2
Majestic,Silk,5.5 x 8.5,Vertical,Rectangle,16PT C2S,No Coating,Silk,n/a,4/4,10000,Score in Half,Moon Slits Bottom Panel,Yes 50 Envelopes A2
Majestic,Silk,4.25 x 11,Horizontal,Rectangle,16PT C2S,No Coating,Silk,n/a,4/0,25,Score in Half,Moon Slits Right Panel,Yes 50 Envelopes A2
Majestic,Silk,5.5 x 8.5,Horizontal,Rectangle,16PT C2S,No Coating,Silk,n/a,4/0,25,Score in Half,Moon Slits Right Panel,Yes 50 Envelopes A2
Majestic,Silk,4.25 x 11,Vertical,Rectangle,16PT C2S,No Coating,Silk,n/a,4/0,25,Score in Half,Moon Slits Right Panel,Yes 50 Envelopes A2
Majestic,Silk,5.5 x 8.5,Vertical,Rectangle,16PT C2S,No Coating,Silk,n/a,4/0,25,Score in Half,Moon Slits Right Panel,Yes 50 Envelopes A2
Majestic,Silk,4.25 x 11,Horizontal,Rectangle,16PT C2S,No Coating,Silk,n/a,4/1,25,Score in Half,Moon Slits Right Panel,Yes 50 Envelopes A2
Majestic,Silk,5.5 x 8.5,Horizontal,Rectangle,16PT C2S,No Coating,Silk,n/a,4/1,25,Score in Half,Moon Slits Right Panel,Yes 50 Envelopes A2
Majestic,Silk,4.25 x 11,Vertical,Rectangle,16PT C2S,No Coating,Silk,n/a,4/1,25,Score in Half,Moon Slits Right Panel,Yes 50 Envelopes A2
Majestic,Silk,5.5 x 8.5,Vertical,Rectangle,16PT C2S,No Coating,Silk,n/a,4/1,25,Score in Half,Moon Slits Right Panel,Yes 50 Envelopes A2
Majestic,Silk,4.25 x 11,Horizontal,Rectangle,16PT C2S,No Coating,Silk,n/a,4/4,25,Score in Half,Moon Slits Right Panel,Yes 50 Envelopes A2
Majestic,Silk,5.5 x 8.5,Horizontal,Rectangle,16PT C2S,No Coating,Silk,n/a,4/4,25,Score in Half,Moon Slits Right Panel,Yes 50 Envelopes A2
Majestic,Silk,4.25 x 11,Vertical,Rectangle,16PT C2S,No Coating,Silk,n/a,4/4,25,Score in Half,Moon Slits Right Panel,Yes 50 Envelopes A2
Majestic,Silk,5.5 x 8.5,Vertical,Rectangle,16PT C2S,No Coating,Silk,n/a,4/4,25,Score in Half,Moon Slits Right Panel,Yes 50 Envelopes A2
Majestic,Silk,4.25 x 11,Horizontal,Rectangle,16PT C2S,No Coating,Silk,n/a,4/0,50,Score in Half,Moon Slits Right Panel,Yes 50 Envelopes A2
Majestic,Silk,5.5 x 8.5,Horizontal,Rectangle,16PT C2S,No Coating,Silk,n/a,4/0,50,Score in Half,Moon Slits Right Panel,Yes 50 Envelopes A2
Majestic,Silk,4.25 x 11,Vertical,Rectangle,16PT C2S,No Coating,Silk,n/a,4/0,50,Score in Half,Moon Slits Right Panel,Yes 50 Envelopes A2
Majestic,Silk,5.5 x 8.5,Vertical,Rectangle,16PT C2S,No Coating,Silk,n/a,4/0,50,Score in Half,Moon Slits Right Panel,Yes 50 Envelopes A2
Majestic,Silk,4.25 x 11,Horizontal,Rectangle,16PT C2S,No Coating,Silk,n/a,4/1,50,Score in Half,Moon Slits Right Panel,Yes 50 Envelopes A2
Majestic,Silk,5.5 x 8.5,Horizontal,Rectangle,16PT C2S,No Coating,Silk,n/a,4/1,50,Score in Half,Moon Slits Right Panel,Yes 50 Envelopes A2
Majestic,Silk,4.25 x 11,Vertical,Rectangle,16PT C2S,No Coating,Silk,n/a,4/1,50,Score in Half,Moon Slits Right Panel,Yes 50 Envelopes A2
Majestic,Silk,5.5 x 8.5,Vertical,Rectangle,16PT C2S,No Coating,Silk,n/a,4/1,50,Score in Half,Moon Slits Right Panel,Yes 50 Envelopes A2
Majestic,Silk,4.25 x 11,Horizontal,Rectangle,16PT C2S,No Coating,Silk,n/a,4/4,50,Score in Half,Moon Slits Right Panel,Yes 50 Envelopes A2
Majestic,Silk,5.5 x 8.5,Horizontal,Rectangle,16PT C2S,No Coating,Silk,n/a,4/4,50,Score in Half,Moon Slits Right Panel,Yes 50 Envelopes A2
Majestic,Silk,4.25 x 11,Vertical,Rectangle,16PT C2S,No Coating,Silk,n/a,4/4,50,Score in Half,Moon Slits Right Panel,Yes 50 Envelopes A2
Majestic,Silk,5.5 x 8.5,Vertical,Rectangle,16PT C2S,No Coating,Silk,n/a,4/4,50,Score in Half,Moon Slits Right Panel,Yes 50 Envelopes A2
Majestic,Silk,4.25 x 11,Horizontal,Rectangle,16PT C2S,No Coating,Silk,n/a,4/0,75,Score in Half,Moon Slits Right Panel,Yes 50 Envelopes A2
Majestic,Silk,5.5 x 8.5,Horizontal,Rectangle,16PT C2S,No Coating,Silk,n/a,4/0,75,Score in Half,Moon Slits Right Panel,Yes 50 Envelopes A2
Majestic,Silk,4.25 x 11,Vertical,Rectangle,16PT C2S,No Coating,Silk,n/a,4/0,75,Score in Half,Moon Slits Right Panel,Yes 50 Envelopes A2
Majestic,Silk,5.5 x 8.5,Vertical,Rectangle,16PT C2S,No Coating,Silk,n/a,4/0,75,Score in Half,Moon Slits Right Panel,Yes 50 Envelopes A2
Majestic,Silk,4.25 x 11,Horizontal,Rectangle,16PT C2S,No Coating,Silk,n/a,4/1,75,Score in Half,Moon Slits Right Panel,Yes 50 Envelopes A2
Majestic,Silk,5.5 x 8.5,Horizontal,Rectangle,16PT C2S,No Coating,Silk,n/a,4/1,75,Score in Half,Moon Slits Right Panel,Yes 50 Envelopes A2
Majestic,Silk,4.25 x 11,Vertical,Rectangle,16PT C2S,No Coating,Silk,n/a,4/1,75,Score in Half,Moon Slits Right Panel,Yes 50 Envelopes A2
Majestic,Silk,5.5 x 8.5,Vertical,Rectangle,16PT C2S,No Coating,Silk,n/a,4/1,75,Score in Half,Moon Slits Right Panel,Yes 50 Envelopes A2
Majestic,Silk,4.25 x 11,Horizontal,Rectangle,16PT C2S,No Coating,Silk,n/a,4/4,75,Score in Half,Moon Slits Right Panel,Yes 50 Envelopes A2
Majestic,Silk,5.5 x 8.5,Horizontal,Rectangle,16PT C2S,No Coating,Silk,n/a,4/4,75,Score in Half,Moon Slits Right Panel,Yes 50 Envelopes A2
Majestic,Silk,4.25 x 11,Vertical,Rectangle,16PT C2S,No Coating,Silk,n/a,4/4,75,Score in Half,Moon Slits Right Panel,Yes 50 Envelopes A2
Majestic,Silk,5.5 x 8.5,Vertical,Rectangle,16PT C2S,No Coating,Silk,n/a,4/4,75,Score in Half,Moon Slits Right Panel,Yes 50 Envelopes A2
Majestic,Silk,4.25 x 11,Horizontal,Rectangle,16PT C2S,No Coating,Silk,n/a,4/0,100,Score in Half,Moon Slits Right Panel,Yes 50 Envelopes A2
Majestic,Silk,5.5 x 8.5,Horizontal,Rectangle,16PT C2S,No Coating,Silk,n/a,4/0,100,Score in Half,Moon Slits Right Panel,Yes 50 Envelopes A2
Majestic,Silk,4.25 x 11,Vertical,Rectangle,16PT C2S,No Coating,Silk,n/a,4/0,100,Score in Half,Moon Slits Right Panel,Yes 50 Envelopes A2
Majestic,Silk,5.5 x 8.5,Vertical,Rectangle,16PT C2S,No Coating,Silk,n/a,4/0,100,Score in Half,Moon Slits Right Panel,Yes 50 Envelopes A2
Majestic,Silk,4.25 x 11,Horizontal,Rectangle,16PT C2S,No Coating,Silk,n/a,4/1,100,Score in Half,Moon Slits Right Panel,Yes 50 Envelopes A2
Majestic,Silk,5.5 x 8.5,Horizontal,Rectangle,16PT C2S,No Coating,Silk,n/a,4/1,100,Score in Half,Moon Slits Right Panel,Yes 50 Envelopes A2
Majestic,Silk,4.25 x 11,Vertical,Rectangle,16PT C2S,No Coating,Silk,n/a,4/1,100,Score in Half,Moon Slits Right Panel,Yes 50 Envelopes A2
Majestic,Silk,5.5 x 8.5,Vertical,Rectangle,16PT C2S,No Coating,Silk,n/a,4/1,100,Score in Half,Moon Slits Right Panel,Yes 50 Envelopes A2
Majestic,Silk,4.25 x 11,Horizontal,Rectangle,16PT C2S,No Coating,Silk,n/a,4/4,100,Score in Half,Moon Slits Right Panel,Yes 50 Envelopes A2
Majestic,Silk,5.5 x 8.5,Horizontal,Rectangle,16PT C2S,No Coating,Silk,n/a,4/4,100,Score in Half,Moon Slits Right Panel,Yes 50 Envelopes A2
Majestic,Silk,4.25 x 11,Vertical,Rectangle,16PT C2S,No Coating,Silk,n/a,4/4,100,Score in Half,Moon Slits Right Panel,Yes 50 Envelopes A2
Majestic,Silk,5.5 x 8.5,Vertical,Rectangle,16PT C2S,No Coating,Silk,n/a,4/4,100,Score in Half,Moon Slits Right Panel,Yes 50 Envelopes A2
Majestic,Silk,4.25 x 11,Horizontal,Rectangle,16PT C2S,No Coating,Silk,n/a,4/0,250,Score in Half,Moon Slits Right Panel,Yes 50 Envelopes A2
Majestic,Silk,5.5 x 8.5,Horizontal,Rectangle,16PT C2S,No Coating,Silk,n/a,4/0,250,Score in Half,Moon Slits Right Panel,Yes 50 Envelopes A2
Majestic,Silk,4.25 x 11,Vertical,Rectangle,16PT C2S,No Coating,Silk,n/a,4/0,250,Score in Half,Moon Slits Right Panel,Yes 50 Envelopes A2
Majestic,Silk,5.5 x 8.5,Vertical,Rectangle,16PT C2S,No Coating,Silk,n/a,4/0,250,Score in Half,Moon Slits Right Panel,Yes 50 Envelopes A2
Majestic,Silk,4.25 x 11,Horizontal,Rectangle,16PT C2S,No Coating,Silk,n/a,4/1,250,Score in Half,Moon Slits Right Panel,Yes 50 Envelopes A2
Majestic,Silk,5.5 x 8.5,Horizontal,Rectangle,16PT C2S,No Coating,Silk,n/a,4/1,250,Score in Half,Moon Slits Right Panel,Yes 50 Envelopes A2
Majestic,Silk,5.5 x 8.5,Vertical,Rectangle,16PT C2S,No Coating,Silk,n/a,4/1,250,Score in Half,Moon Slits Right Panel,Yes 50 Envelopes A2
Majestic,Silk,4.25 x 11,Horizontal,Rectangle,16PT C2S,No Coating,Silk,n/a,4/4,250,Score in Half,Moon Slits Right Panel,Yes 50 Envelopes A2
Majestic,Silk,4.25 x 11,Vertical,Rectangle,16PT C2S,No Coating,Silk,n/a,4/1,250,Score in Half,Moon Slits Right Panel,Yes 50 Envelopes A2
Majestic,Silk,5.5 x 8.5,Horizontal,Rectangle,16PT C2S,No Coating,Silk,n/a,4/4,250,Score in Half,Moon Slits Right Panel,Yes 50 Envelopes A2
Majestic,Silk,4.25 x 11,Vertical,Rectangle,16PT C2S,No Coating,Silk,n/a,4/4,250,Score in Half,Moon Slits Right Panel,Yes 50 Envelopes A2
Majestic,Silk,5.5 x 8.5,Vertical,Rectangle,16PT C2S,No Coating,Silk,n/a,4/4,250,Score in Half,Moon Slits Right Panel,Yes 50 Envelopes A2
Majestic,Silk,4.25 x 11,Horizontal,Rectangle,16PT C2S,No Coating,Silk,n/a,4/0,500,Score in Half,Moon Slits Right Panel,Yes 50 Envelopes A2
Majestic,Silk,5.5 x 8.5,Horizontal,Rectangle,16PT C2S,No Coating,Silk,n/a,4/0,500,Score in Half,Moon Slits Right Panel,Yes 50 Envelopes A2
Majestic,Silk,4.25 x 11,Vertical,Rectangle,16PT C2S,No Coating,Silk,n/a,4/0,500,Score in Half,Moon Slits Right Panel,Yes 50 Envelopes A2
Majestic,Silk,5.5 x 8.5,Vertical,Rectangle,16PT C2S,No Coating,Silk,n/a,4/0,500,Score in Half,Moon Slits Right Panel,Yes 50 Envelopes A2
Majestic,Silk,4.25 x 11,Horizontal,Rectangle,16PT C2S,No Coating,Silk,n/a,4/1,500,Score in Half,Moon Slits Right Panel,Yes 50 Envelopes A2
Majestic,Silk,5.5 x 8.5,Horizontal,Rectangle,16PT C2S,No Coating,Silk,n/a,4/1,500,Score in Half,Moon Slits Right Panel,Yes 50 Envelopes A2
Majestic,Silk,4.25 x 11,Vertical,Rectangle,16PT C2S,No Coating,Silk,n/a,4/1,500,Score in Half,Moon Slits Right Panel,Yes 50 Envelopes A2
Majestic,Silk,5.5 x 8.5,Vertical,Rectangle,16PT C2S,No Coating,Silk,n/a,4/1,500,Score in Half,Moon Slits Right Panel,Yes 50 Envelopes A2
Majestic,Silk,4.25 x 11,Horizontal,Rectangle,16PT C2S,No Coating,Silk,n/a,4/4,500,Score in Half,Moon Slits Right Panel,Yes 50 Envelopes A2
Majestic,Silk,5.5 x 8.5,Horizontal,Rectangle,16PT C2S,No Coating,Silk,n/a,4/4,500,Score in Half,Moon Slits Right Panel,Yes 50 Envelopes A2
Majestic,Silk,4.25 x 11,Horizontal,Rectangle,16PT C2S,No Coating,Silk,n/a,4/1,2500,Score in Half,Moon Slits Bottom Panel,Yes 50 Envelopes A2
Majestic,Silk,5.5 x 8.5,Vertical,Rectangle,16PT C2S,No Coating,Silk,n/a,4/4,500,Score in Half,Moon Slits Right Panel,Yes 50 Envelopes A2
Majestic,Silk,4.25 x 11,Horizontal,Rectangle,16PT C2S,No Coating,Silk,n/a,4/0,1000,Score in Half,Moon Slits Right Panel,Yes 50 Envelopes A2
Majestic,Silk,5.5 x 8.5,Horizontal,Rectangle,16PT C2S,No Coating,Silk,n/a,4/0,1000,Score in Half,Moon Slits Right Panel,Yes 50 Envelopes A2
Majestic,Silk,4.25 x 11,Vertical,Rectangle,16PT C2S,No Coating,Silk,n/a,4/0,1000,Score in Half,Moon Slits Right Panel,Yes 50 Envelopes A2
Majestic,Silk,5.5 x 8.5,Vertical,Rectangle,16PT C2S,No Coating,Silk,n/a,4/0,1000,Score in Half,Moon Slits Right Panel,Yes 50 Envelopes A2
Majestic,Silk,4.25 x 11,Horizontal,Rectangle,16PT C2S,No Coating,Silk,n/a,4/1,1000,Score in Half,Moon Slits Right Panel,Yes 50 Envelopes A2
Majestic,Silk,5.5 x 8.5,Horizontal,Rectangle,16PT C2S,No Coating,Silk,n/a,4/1,1000,Score in Half,Moon Slits Right Panel,Yes 50 Envelopes A2
Majestic,Silk,4.25 x 11,Vertical,Rectangle,16PT C2S,No Coating,Silk,n/a,4/1,1000,Score in Half,Moon Slits Right Panel,Yes 50 Envelopes A2
Majestic,Silk,5.5 x 8.5,Vertical,Rectangle,16PT C2S,No Coating,Silk,n/a,4/1,1000,Score in Half,Moon Slits Right Panel,Yes 50 Envelopes A2
Majestic,Silk,4.25 x 11,Horizontal,Rectangle,16PT C2S,No Coating,Silk,n/a,4/4,1000,Score in Half,Moon Slits Right Panel,Yes 50 Envelopes A2
Majestic,Silk,5.5 x 8.5,Horizontal,Rectangle,16PT C2S,No Coating,Silk,n/a,4/4,1000,Score in Half,Moon Slits Right Panel,Yes 50 Envelopes A2
Majestic,Silk,4.25 x 11,Vertical,Rectangle,16PT C2S,No Coating,Silk,n/a,4/4,1000,Score in Half,Moon Slits Right Panel,Yes 50 Envelopes A2
Majestic,Silk,5.5 x 8.5,Vertical,Rectangle,16PT C2S,No Coating,Silk,n/a,4/4,1000,Score in Half,Moon Slits Right Panel,Yes 50 Envelopes A2
Majestic,Silk,4.25 x 11,Horizontal,Rectangle,16PT C2S,No Coating,Silk,n/a,4/0,2500,Score in Half,Moon Slits Right Panel,Yes 50 Envelopes A2
Majestic,Silk,5.5 x 8.5,Horizontal,Rectangle,16PT C2S,No Coating,Silk,n/a,4/0,2500,Score in Half,Moon Slits Right Panel,Yes 50 Envelopes A2
Majestic,Silk,4.25 x 11,Vertical,Rectangle,16PT C2S,No Coating,Silk,n/a,4/0,2500,Score in Half,Moon Slits Right Panel,Yes 50 Envelopes A2
Majestic,Silk,5.5 x 8.5,Vertical,Rectangle,16PT C2S,No Coating,Silk,n/a,4/0,2500,Score in Half,Moon Slits Right Panel,Yes 50 Envelopes A2
Majestic,Silk,4.25 x 11,Horizontal,Rectangle,16PT C2S,No Coating,Silk,n/a,4/1,2500,Score in Half,Moon Slits Right Panel,Yes 50 Envelopes A2
Majestic,Silk,5.5 x 8.5,Horizontal,Rectangle,16PT C2S,No Coating,Silk,n/a,4/1,2500,Score in Half,Moon Slits Right Panel,Yes 50 Envelopes A2
Majestic,Silk,4.25 x 11,Vertical,Rectangle,16PT C2S,No Coating,Silk,n/a,4/1,2500,Score in Half,Moon Slits Right Panel,Yes 50 Envelopes A2
Majestic,Silk,5.5 x 8.5,Vertical,Rectangle,16PT C2S,No Coating,Silk,n/a,4/1,2500,Score in Half,Moon Slits Right Panel,Yes 50 Envelopes A2
Majestic,Silk,4.25 x 11,Horizontal,Rectangle,16PT C2S,No Coating,Silk,n/a,4/4,2500,Score in Half,Moon Slits Right Panel,Yes 50 Envelopes A2
Majestic,Silk,5.5 x 8.5,Horizontal,Rectangle,16PT C2S,No Coating,Silk,n/a,4/4,2500,Score in Half,Moon Slits Right Panel,Yes 50 Envelopes A2
Majestic,Silk,4.25 x 11,Vertical,Rectangle,16PT C2S,No Coating,Silk,n/a,4/4,2500,Score in Half,Moon Slits Right Panel,Yes 50 Envelopes A2
Majestic,Silk,5.5 x 8.5,Vertical,Rectangle,16PT C2S,No Coating,Silk,n/a,4/4,2500,Score in Half,Moon Slits Right Panel,Yes 50 Envelopes A2
Majestic,Silk,4.25 x 11,Horizontal,Rectangle,16PT C2S,No Coating,Silk,n/a,4/0,5000,Score in Half,Moon Slits Right Panel,Yes 50 Envelopes A2
Majestic,Silk,5.5 x 8.5,Horizontal,Rectangle,16PT C2S,No Coating,Silk,n/a,4/0,5000,Score in Half,Moon Slits Right Panel,Yes 50 Envelopes A2
Majestic,Silk,4.25 x 11,Vertical,Rectangle,16PT C2S,No Coating,Silk,n/a,4/0,5000,Score in Half,Moon Slits Right Panel,Yes 50 Envelopes A2
Majestic,Silk,5.5 x 8.5,Vertical,Rectangle,16PT C2S,No Coating,Silk,n/a,4/0,5000,Score in Half,Moon Slits Right Panel,Yes 50 Envelopes A2
Majestic,Silk,4.25 x 11,Horizontal,Rectangle,16PT C2S,No Coating,Silk,n/a,4/1,5000,Score in Half,Moon Slits Right Panel,Yes 50 Envelopes A2
Majestic,Silk,5.5 x 8.5,Horizontal,Rectangle,16PT C2S,No Coating,Silk,n/a,4/1,5000,Score in Half,Moon Slits Right Panel,Yes 50 Envelopes A2
Majestic,Silk,4.25 x 11,Vertical,Rectangle,16PT C2S,No Coating,Silk,n/a,4/1,5000,Score in Half,Moon Slits Right Panel,Yes 50 Envelopes A2
Majestic,Silk,5.5 x 8.5,Vertical,Rectangle,16PT C2S,No Coating,Silk,n/a,4/1,5000,Score in Half,Moon Slits Right Panel,Yes 50 Envelopes A2
Majestic,Silk,4.25 x 11,Horizontal,Rectangle,16PT C2S,No Coating,Silk,n/a,4/4,5000,Score in Half,Moon Slits Right Panel,Yes 50 Envelopes A2
Majestic,Silk,5.5 x 8.5,Horizontal,Rectangle,16PT C2S,No Coating,Silk,n/a,4/4,5000,Score in Half,Moon Slits Right Panel,Yes 50 Envelopes A2
Majestic,Silk,4.25 x 11,Vertical,Rectangle,16PT C2S,No Coating,Silk,n/a,4/4,5000,Score in Half,Moon Slits Right Panel,Yes 50 Envelopes A2
Majestic,Silk,5.5 x 8.5,Vertical,Rectangle,16PT C2S,No Coating,Silk,n/a,4/4,5000,Score in Half,Moon Slits Right Panel,Yes 50 Envelopes A2
Majestic,Silk,4.25 x 11,Horizontal,Rectangle,16PT C2S,No Coating,Silk,n/a,4/0,10000,Score in Half,Moon Slits Right Panel,Yes 50 Envelopes A2
Majestic,Silk,5.5 x 8.5,Horizontal,Rectangle,16PT C2S,No Coating,Silk,n/a,4/0,10000,Score in Half,Moon Slits Right Panel,Yes 50 Envelopes A2
Majestic,Silk,4.25 x 11,Vertical,Rectangle,16PT C2S,No Coating,Silk,n/a,4/0,10000,Score in Half,Moon Slits Right Panel,Yes 50 Envelopes A2
Majestic,Silk,5.5 x 8.5,Vertical,Rectangle,16PT C2S,No Coating,Silk,n/a,4/0,10000,Score in Half,Moon Slits Right Panel,Yes 50 Envelopes A2
Majestic,Silk,4.25 x 11,Horizontal,Rectangle,16PT C2S,No Coating,Silk,n/a,4/1,10000,Score in Half,Moon Slits Right Panel,Yes 50 Envelopes A2
Majestic,Silk,5.5 x 8.5,Horizontal,Rectangle,16PT C2S,No Coating,Silk,n/a,4/1,10000,Score in Half,Moon Slits Right Panel,Yes 50 Envelopes A2
Majestic,Silk,4.25 x 11,Vertical,Rectangle,16PT C2S,No Coating,Silk,n/a,4/1,10000,Score in Half,Moon Slits Right Panel,Yes 50 Envelopes A2
Majestic,Silk,5.5 x 8.5,Vertical,Rectangle,16PT C2S,No Coating,Silk,n/a,4/1,10000,Score in Half,Moon Slits Right Panel,Yes 50 Envelopes A2
Majestic,Silk,4.25 x 11,Horizontal,Rectangle,16PT C2S,No Coating,Silk,n/a,4/4,10000,Score in Half,Moon Slits Right Panel,Yes 50 Envelopes A2
Majestic,Silk,5.5 x 8.5,Horizontal,Rectangle,16PT C2S,No Coating,Silk,n/a,4/4,10000,Score in Half,Moon Slits Right Panel,Yes 50 Envelopes A2
Majestic,Silk,4.25 x 11,Vertical,Rectangle,16PT C2S,No Coating,Silk,n/a,4/4,10000,Score in Half,Moon Slits Right Panel,Yes 50 Envelopes A2
Majestic,Silk,5.5 x 8.5,Vertical,Rectangle,16PT C2S,No Coating,Silk,n/a,4/4,10000,Score in Half,Moon Slits Right Panel,Yes 50 Envelopes A2
Majestic,Silk,4.25 x 11,Horizontal,Rectangle,16PT C2S,No Coating,Silk,n/a,4/0,25,Score in Half,No Gift Cards Slits,Yes 50 Envelopes A2
Majestic,Silk,5.5 x 8.5,Horizontal,Rectangle,16PT C2S,No Coating,Silk,n/a,4/0,25,Score in Half,No Gift Cards Slits,Yes 50 Envelopes A2
Majestic,Silk,4.25 x 11,Vertical,Rectangle,16PT C2S,No Coating,Silk,n/a,4/0,25,Score in Half,No Gift Cards Slits,Yes 50 Envelopes A2
Majestic,Silk,5.5 x 8.5,Vertical,Rectangle,16PT C2S,No Coating,Silk,n/a,4/0,25,Score in Half,No Gift Cards Slits,Yes 50 Envelopes A2
Majestic,Silk,4.25 x 11,Horizontal,Rectangle,16PT C2S,No Coating,Silk,n/a,4/1,25,Score in Half,No Gift Cards Slits,Yes 50 Envelopes A2
Majestic,Silk,5.5 x 8.5,Horizontal,Rectangle,16PT C2S,No Coating,Silk,n/a,4/1,25,Score in Half,No Gift Cards Slits,Yes 50 Envelopes A2
Majestic,Silk,4.25 x 11,Vertical,Rectangle,16PT C2S,No Coating,Silk,n/a,4/1,25,Score in Half,No Gift Cards Slits,Yes 50 Envelopes A2
Majestic,Silk,5.5 x 8.5,Vertical,Rectangle,16PT C2S,No Coating,Silk,n/a,4/1,25,Score in Half,No Gift Cards Slits,Yes 50 Envelopes A2
Majestic,Silk,4.25 x 11,Horizontal,Rectangle,16PT C2S,No Coating,Silk,n/a,4/4,25,Score in Half,No Gift Cards Slits,Yes 50 Envelopes A2
Majestic,Silk,5.5 x 8.5,Horizontal,Rectangle,16PT C2S,No Coating,Silk,n/a,4/4,25,Score in Half,No Gift Cards Slits,Yes 50 Envelopes A2
Majestic,Silk,4.25 x 11,Vertical,Rectangle,16PT C2S,No Coating,Silk,n/a,4/4,25,Score in Half,No Gift Cards Slits,Yes 50 Envelopes A2
Majestic,Silk,5.5 x 8.5,Vertical,Rectangle,16PT C2S,No Coating,Silk,n/a,4/4,25,Score in Half,No Gift Cards Slits,Yes 50 Envelopes A2
Majestic,Silk,4.25 x 11,Horizontal,Rectangle,16PT C2S,No Coating,Silk,n/a,4/0,50,Score in Half,No Gift Cards Slits,Yes 50 Envelopes A2
Majestic,Silk,5.5 x 8.5,Horizontal,Rectangle,16PT C2S,No Coating,Silk,n/a,4/0,50,Score in Half,No Gift Cards Slits,Yes 50 Envelopes A2
Majestic,Silk,4.25 x 11,Vertical,Rectangle,16PT C2S,No Coating,Silk,n/a,4/0,50,Score in Half,No Gift Cards Slits,Yes 50 Envelopes A2
Majestic,Silk,5.5 x 8.5,Vertical,Rectangle,16PT C2S,No Coating,Silk,n/a,4/0,50,Score in Half,No Gift Cards Slits,Yes 50 Envelopes A2
Majestic,Silk,4.25 x 11,Horizontal,Rectangle,16PT C2S,No Coating,Silk,n/a,4/1,50,Score in Half,No Gift Cards Slits,Yes 50 Envelopes A2
Majestic,Silk,5.5 x 8.5,Horizontal,Rectangle,16PT C2S,No Coating,Silk,n/a,4/1,50,Score in Half,No Gift Cards Slits,Yes 50 Envelopes A2
Majestic,Silk,4.25 x 11,Vertical,Rectangle,16PT C2S,No Coating,Silk,n/a,4/1,50,Score in Half,No Gift Cards Slits,Yes 50 Envelopes A2
Majestic,Silk,5.5 x 8.5,Vertical,Rectangle,16PT C2S,No Coating,Silk,n/a,4/1,50,Score in Half,No Gift Cards Slits,Yes 50 Envelopes A2
Majestic,Silk,4.25 x 11,Horizontal,Rectangle,16PT C2S,No Coating,Silk,n/a,4/4,50,Score in Half,No Gift Cards Slits,Yes 50 Envelopes A2
Majestic,Silk,5.5 x 8.5,Horizontal,Rectangle,16PT C2S,No Coating,Silk,n/a,4/4,50,Score in Half,No Gift Cards Slits,Yes 50 Envelopes A2
Majestic,Silk,4.25 x 11,Vertical,Rectangle,16PT C2S,No Coating,Silk,n/a,4/4,50,Score in Half,No Gift Cards Slits,Yes 50 Envelopes A2
Majestic,Silk,5.5 x 8.5,Vertical,Rectangle,16PT C2S,No Coating,Silk,n/a,4/4,50,Score in Half,No Gift Cards Slits,Yes 50 Envelopes A2
Majestic,Silk,4.25 x 11,Horizontal,Rectangle,16PT C2S,No Coating,Silk,n/a,4/0,75,Score in Half,No Gift Cards Slits,Yes 50 Envelopes A2
Majestic,Silk,5.5 x 8.5,Horizontal,Rectangle,16PT C2S,No Coating,Silk,n/a,4/0,75,Score in Half,No Gift Cards Slits,Yes 50 Envelopes A2
Majestic,Silk,4.25 x 11,Vertical,Rectangle,16PT C2S,No Coating,Silk,n/a,4/0,75,Score in Half,No Gift Cards Slits,Yes 50 Envelopes A2
Majestic,Silk,5.5 x 8.5,Vertical,Rectangle,16PT C2S,No Coating,Silk,n/a,4/0,75,Score in Half,No Gift Cards Slits,Yes 50 Envelopes A2
Majestic,Silk,4.25 x 11,Horizontal,Rectangle,16PT C2S,No Coating,Silk,n/a,4/1,75,Score in Half,No Gift Cards Slits,Yes 50 Envelopes A2
Majestic,Silk,5.5 x 8.5,Horizontal,Rectangle,16PT C2S,No Coating,Silk,n/a,4/1,75,Score in Half,No Gift Cards Slits,Yes 50 Envelopes A2
Majestic,Silk,4.25 x 11,Vertical,Rectangle,16PT C2S,No Coating,Silk,n/a,4/1,75,Score in Half,No Gift Cards Slits,Yes 50 Envelopes A2
Majestic,Silk,5.5 x 8.5,Vertical,Rectangle,16PT C2S,No Coating,Silk,n/a,4/1,75,Score in Half,No Gift Cards Slits,Yes 50 Envelopes A2
Majestic,Silk,4.25 x 11,Horizontal,Rectangle,16PT C2S,No Coating,Silk,n/a,4/4,75,Score in Half,No Gift Cards Slits,Yes 50 Envelopes A2
Majestic,Silk,5.5 x 8.5,Horizontal,Rectangle,16PT C2S,No Coating,Silk,n/a,4/4,75,Score in Half,No Gift Cards Slits,Yes 50 Envelopes A2
Majestic,Silk,4.25 x 11,Vertical,Rectangle,16PT C2S,No Coating,Silk,n/a,4/4,75,Score in Half,No Gift Cards Slits,Yes 50 Envelopes A2
Majestic,Silk,5.5 x 8.5,Vertical,Rectangle,16PT C2S,No Coating,Silk,n/a,4/4,75,Score in Half,No Gift Cards Slits,Yes 50 Envelopes A2
Majestic,Silk,4.25 x 11,Horizontal,Rectangle,16PT C2S,No Coating,Silk,n/a,4/0,100,Score in Half,No Gift Cards Slits,Yes 50 Envelopes A2
Majestic,Silk,5.5 x 8.5,Horizontal,Rectangle,16PT C2S,No Coating,Silk,n/a,4/0,100,Score in Half,No Gift Cards Slits,Yes 50 Envelopes A2
Majestic,Silk,4.25 x 11,Vertical,Rectangle,16PT C2S,No Coating,Silk,n/a,4/0,100,Score in Half,No Gift Cards Slits,Yes 50 Envelopes A2
Majestic,Silk,5.5 x 8.5,Vertical,Rectangle,16PT C2S,No Coating,Silk,n/a,4/0,100,Score in Half,No Gift Cards Slits,Yes 50 Envelopes A2
Majestic,Silk,4.25 x 11,Horizontal,Rectangle,16PT C2S,No Coating,Silk,n/a,4/1,100,Score in Half,No Gift Cards Slits,Yes 50 Envelopes A2
Majestic,Silk,5.5 x 8.5,Horizontal,Rectangle,16PT C2S,No Coating,Silk,n/a,4/1,100,Score in Half,No Gift Cards Slits,Yes 50 Envelopes A2
Majestic,Silk,4.25 x 11,Vertical,Rectangle,16PT C2S,No Coating,Silk,n/a,4/1,100,Score in Half,No Gift Cards Slits,Yes 50 Envelopes A2
Majestic,Silk,5.5 x 8.5,Vertical,Rectangle,16PT C2S,No Coating,Silk,n/a,4/1,100,Score in Half,No Gift Cards Slits,Yes 50 Envelopes A2
Majestic,Silk,4.25 x 11,Horizontal,Rectangle,16PT C2S,No Coating,Silk,n/a,4/4,100,Score in Half,No Gift Cards Slits,Yes 50 Envelopes A2
Majestic,Silk,5.5 x 8.5,Horizontal,Rectangle,16PT C2S,No Coating,Silk,n/a,4/4,100,Score in Half,No Gift Cards Slits,Yes 50 Envelopes A2
Majestic,Silk,4.25 x 11,Vertical,Rectangle,16PT C2S,No Coating,Silk,n/a,4/4,100,Score in Half,No Gift Cards Slits,Yes 50 Envelopes A2
Majestic,Silk,5.5 x 8.5,Vertical,Rectangle,16PT C2S,No Coating,Silk,n/a,4/4,100,Score in Half,No Gift Cards Slits,Yes 50 Envelopes A2
Majestic,Silk,4.25 x 11,Horizontal,Rectangle,16PT C2S,No Coating,Silk,n/a,4/0,250,Score in Half,No Gift Cards Slits,Yes 50 Envelopes A2
Majestic,Silk,5.5 x 8.5,Horizontal,Rectangle,16PT C2S,No Coating,Silk,n/a,4/0,250,Score in Half,No Gift Cards Slits,Yes 50 Envelopes A2
Majestic,Silk,4.25 x 11,Vertical,Rectangle,16PT C2S,No Coating,Silk,n/a,4/0,250,Score in Half,No Gift Cards Slits,Yes 50 Envelopes A2
Majestic,Silk,5.5 x 8.5,Vertical,Rectangle,16PT C2S,No Coating,Silk,n/a,4/0,250,Score in Half,No Gift Cards Slits,Yes 50 Envelopes A2
Majestic,Silk,4.25 x 11,Horizontal,Rectangle,16PT C2S,No Coating,Silk,n/a,4/1,250,Score in Half,No Gift Cards Slits,Yes 50 Envelopes A2
Majestic,Silk,5.5 x 8.5,Horizontal,Rectangle,16PT C2S,No Coating,Silk,n/a,4/1,250,Score in Half,No Gift Cards Slits,Yes 50 Envelopes A2
Majestic,Silk,4.25 x 11,Vertical,Rectangle,16PT C2S,No Coating,Silk,n/a,4/1,250,Score in Half,No Gift Cards Slits,Yes 50 Envelopes A2
Majestic,Silk,5.5 x 8.5,Vertical,Rectangle,16PT C2S,No Coating,Silk,n/a,4/1,250,Score in Half,No Gift Cards Slits,Yes 50 Envelopes A2
Majestic,Silk,4.25 x 11,Horizontal,Rectangle,16PT C2S,No Coating,Silk,n/a,4/0,2500,Score in Half,Moon Slits Bottom Panel,Yes 50 Envelopes A2
Majestic,Silk,5.5 x 8.5,Horizontal,Rectangle,16PT C2S,No Coating,Silk,n/a,4/4,250,Score in Half,No Gift Cards Slits,Yes 50 Envelopes A2
Majestic,Silk,4.25 x 11,Vertical,Rectangle,16PT C2S,No Coating,Silk,n/a,4/4,250,Score in Half,No Gift Cards Slits,Yes 50 Envelopes A2
Majestic,Silk,5.5 x 8.5,Vertical,Rectangle,16PT C2S,No Coating,Silk,n/a,4/4,250,Score in Half,No Gift Cards Slits,Yes 50 Envelopes A2
Majestic,Silk,4.25 x 11,Horizontal,Rectangle,16PT C2S,No Coating,Silk,n/a,4/0,500,Score in Half,No Gift Cards Slits,Yes 50 Envelopes A2
Majestic,Silk,5.5 x 8.5,Horizontal,Rectangle,16PT C2S,No Coating,Silk,n/a,4/0,500,Score in Half,No Gift Cards Slits,Yes 50 Envelopes A2
Majestic,Silk,4.25 x 11,Vertical,Rectangle,16PT C2S,No Coating,Silk,n/a,4/0,500,Score in Half,No Gift Cards Slits,Yes 50 Envelopes A2
Majestic,Silk,5.5 x 8.5,Vertical,Rectangle,16PT C2S,No Coating,Silk,n/a,4/0,500,Score in Half,No Gift Cards Slits,Yes 50 Envelopes A2
Majestic,Silk,4.25 x 11,Horizontal,Rectangle,16PT C2S,No Coating,Silk,n/a,4/1,500,Score in Half,No Gift Cards Slits,Yes 50 Envelopes A2
Majestic,Silk,5.5 x 8.5,Horizontal,Rectangle,16PT C2S,No Coating,Silk,n/a,4/1,500,Score in Half,No Gift Cards Slits,Yes 50 Envelopes A2
Majestic,Silk,4.25 x 11,Vertical,Rectangle,16PT C2S,No Coating,Silk,n/a,4/1,500,Score in Half,No Gift Cards Slits,Yes 50 Envelopes A2
Majestic,Silk,5.5 x 8.5,Vertical,Rectangle,16PT C2S,No Coating,Silk,n/a,4/1,500,Score in Half,No Gift Cards Slits,Yes 50 Envelopes A2
Majestic,Silk,4.25 x 11,Horizontal,Rectangle,16PT C2S,No Coating,Silk,n/a,4/4,500,Score in Half,No Gift Cards Slits,Yes 50 Envelopes A2
Majestic,Silk,5.5 x 8.5,Horizontal,Rectangle,16PT C2S,No Coating,Silk,n/a,4/4,500,Score in Half,No Gift Cards Slits,Yes 50 Envelopes A2
Majestic,Silk,4.25 x 11,Vertical,Rectangle,16PT C2S,No Coating,Silk,n/a,4/4,500,Score in Half,No Gift Cards Slits,Yes 50 Envelopes A2
Majestic,Silk,5.5 x 8.5,Vertical,Rectangle,16PT C2S,No Coating,Silk,n/a,4/4,500,Score in Half,No Gift Cards Slits,Yes 50 Envelopes A2
Majestic,Silk,4.25 x 11,Horizontal,Rectangle,16PT C2S,No Coating,Silk,n/a,4/0,1000,Score in Half,No Gift Cards Slits,Yes 50 Envelopes A2
Majestic,Silk,5.5 x 8.5,Horizontal,Rectangle,16PT C2S,No Coating,Silk,n/a,4/0,1000,Score in Half,No Gift Cards Slits,Yes 50 Envelopes A2
Majestic,Silk,4.25 x 11,Vertical,Rectangle,16PT C2S,No Coating,Silk,n/a,4/0,1000,Score in Half,No Gift Cards Slits,Yes 50 Envelopes A2
Majestic,Silk,5.5 x 8.5,Vertical,Rectangle,16PT C2S,No Coating,Silk,n/a,4/0,1000,Score in Half,No Gift Cards Slits,Yes 50 Envelopes A2
Majestic,Silk,4.25 x 11,Horizontal,Rectangle,16PT C2S,No Coating,Silk,n/a,4/1,1000,Score in Half,No Gift Cards Slits,Yes 50 Envelopes A2
Majestic,Silk,5.5 x 8.5,Horizontal,Rectangle,16PT C2S,No Coating,Silk,n/a,4/1,1000,Score in Half,No Gift Cards Slits,Yes 50 Envelopes A2
Majestic,Silk,4.25 x 11,Vertical,Rectangle,16PT C2S,No Coating,Silk,n/a,4/1,1000,Score in Half,No Gift Cards Slits,Yes 50 Envelopes A2
Majestic,Silk,5.5 x 8.5,Vertical,Rectangle,16PT C2S,No Coating,Silk,n/a,4/1,1000,Score in Half,No Gift Cards Slits,Yes 50 Envelopes A2
Majestic,Silk,4.25 x 11,Horizontal,Rectangle,16PT C2S,No Coating,Silk,n/a,4/4,1000,Score in Half,No Gift Cards Slits,Yes 50 Envelopes A2
Majestic,Silk,5.5 x 8.5,Horizontal,Rectangle,16PT C2S,No Coating,Silk,n/a,4/4,1000,Score in Half,No Gift Cards Slits,Yes 50 Envelopes A2
Majestic,Silk,4.25 x 11,Vertical,Rectangle,16PT C2S,No Coating,Silk,n/a,4/4,1000,Score in Half,No Gift Cards Slits,Yes 50 Envelopes A2
Majestic,Silk,5.5 x 8.5,Vertical,Rectangle,16PT C2S,No Coating,Silk,n/a,4/4,1000,Score in Half,No Gift Cards Slits,Yes 50 Envelopes A2
Majestic,Silk,4.25 x 11,Horizontal,Rectangle,16PT C2S,No Coating,Silk,n/a,4/0,2500,Score in Half,No Gift Cards Slits,Yes 50 Envelopes A2
Majestic,Silk,5.5 x 8.5,Horizontal,Rectangle,16PT C2S,No Coating,Silk,n/a,4/0,2500,Score in Half,No Gift Cards Slits,Yes 50 Envelopes A2
Majestic,Silk,4.25 x 11,Vertical,Rectangle,16PT C2S,No Coating,Silk,n/a,4/0,2500,Score in Half,No Gift Cards Slits,Yes 50 Envelopes A2
Majestic,Silk,5.5 x 8.5,Vertical,Rectangle,16PT C2S,No Coating,Silk,n/a,4/0,2500,Score in Half,No Gift Cards Slits,Yes 50 Envelopes A2
Majestic,Silk,4.25 x 11,Horizontal,Rectangle,16PT C2S,No Coating,Silk,n/a,4/1,2500,Score in Half,No Gift Cards Slits,Yes 50 Envelopes A2
Majestic,Silk,5.5 x 8.5,Horizontal,Rectangle,16PT C2S,No Coating,Silk,n/a,4/1,2500,Score in Half,No Gift Cards Slits,Yes 50 Envelopes A2
Majestic,Silk,4.25 x 11,Vertical,Rectangle,16PT C2S,No Coating,Silk,n/a,4/1,2500,Score in Half,No Gift Cards Slits,Yes 50 Envelopes A2
Majestic,Silk,5.5 x 8.5,Vertical,Rectangle,16PT C2S,No Coating,Silk,n/a,4/1,2500,Score in Half,No Gift Cards Slits,Yes 50 Envelopes A2
Majestic,Silk,4.25 x 11,Horizontal,Rectangle,16PT C2S,No Coating,Silk,n/a,4/4,2500,Score in Half,No Gift Cards Slits,Yes 50 Envelopes A2
Majestic,Silk,5.5 x 8.5,Horizontal,Rectangle,16PT C2S,No Coating,Silk,n/a,4/4,2500,Score in Half,No Gift Cards Slits,Yes 50 Envelopes A2
Majestic,Silk,4.25 x 11,Vertical,Rectangle,16PT C2S,No Coating,Silk,n/a,4/4,2500,Score in Half,No Gift Cards Slits,Yes 50 Envelopes A2
Majestic,Silk,5.5 x 8.5,Vertical,Rectangle,16PT C2S,No Coating,Silk,n/a,4/4,2500,Score in Half,No Gift Cards Slits,Yes 50 Envelopes A2
Majestic,Silk,4.25 x 11,Horizontal,Rectangle,16PT C2S,No Coating,Silk,n/a,4/0,5000,Score in Half,No Gift Cards Slits,Yes 50 Envelopes A2
Majestic,Silk,5.5 x 8.5,Horizontal,Rectangle,16PT C2S,No Coating,Silk,n/a,4/0,5000,Score in Half,No Gift Cards Slits,Yes 50 Envelopes A2
Majestic,Silk,4.25 x 11,Vertical,Rectangle,16PT C2S,No Coating,Silk,n/a,4/0,5000,Score in Half,No Gift Cards Slits,Yes 50 Envelopes A2
Majestic,Silk,5.5 x 8.5,Vertical,Rectangle,16PT C2S,No Coating,Silk,n/a,4/0,5000,Score in Half,No Gift Cards Slits,Yes 50 Envelopes A2
Majestic,Silk,4.25 x 11,Horizontal,Rectangle,16PT C2S,No Coating,Silk,n/a,4/1,5000,Score in Half,No Gift Cards Slits,Yes 50 Envelopes A2
Majestic,Silk,5.5 x 8.5,Horizontal,Rectangle,16PT C2S,No Coating,Silk,n/a,4/1,5000,Score in Half,No Gift Cards Slits,Yes 50 Envelopes A2
Majestic,Silk,4.25 x 11,Vertical,Rectangle,16PT C2S,No Coating,Silk,n/a,4/1,5000,Score in Half,No Gift Cards Slits,Yes 50 Envelopes A2
Majestic,Silk,5.5 x 8.5,Vertical,Rectangle,16PT C2S,No Coating,Silk,n/a,4/1,5000,Score in Half,No Gift Cards Slits,Yes 50 Envelopes A2
Majestic,Silk,4.25 x 11,Horizontal,Rectangle,16PT C2S,No Coating,Silk,n/a,4/4,5000,Score in Half,No Gift Cards Slits,Yes 50 Envelopes A2
Majestic,Silk,5.5 x 8.5,Horizontal,Rectangle,16PT C2S,No Coating,Silk,n/a,4/4,5000,Score in Half,No Gift Cards Slits,Yes 50 Envelopes A2
Majestic,Silk,4.25 x 11,Vertical,Rectangle,16PT C2S,No Coating,Silk,n/a,4/4,5000,Score in Half,No Gift Cards Slits,Yes 50 Envelopes A2
Majestic,Silk,5.5 x 8.5,Vertical,Rectangle,16PT C2S,No Coating,Silk,n/a,4/4,5000,Score in Half,No Gift Cards Slits,Yes 50 Envelopes A2
Majestic,Silk,4.25 x 11,Horizontal,Rectangle,16PT C2S,No Coating,Silk,n/a,4/0,10000,Score in Half,No Gift Cards Slits,Yes 50 Envelopes A2
Majestic,Silk,5.5 x 8.5,Horizontal,Rectangle,16PT C2S,No Coating,Silk,n/a,4/0,10000,Score in Half,No Gift Cards Slits,Yes 50 Envelopes A2
Majestic,Silk,4.25 x 11,Vertical,Rectangle,16PT C2S,No Coating,Silk,n/a,4/0,10000,Score in Half,No Gift Cards Slits,Yes 50 Envelopes A2
Majestic,Silk,5.5 x 8.5,Vertical,Rectangle,16PT C2S,No Coating,Silk,n/a,4/0,10000,Score in Half,No Gift Cards Slits,Yes 50 Envelopes A2
Majestic,Silk,4.25 x 11,Horizontal,Rectangle,16PT C2S,No Coating,Silk,n/a,4/1,10000,Score in Half,No Gift Cards Slits,Yes 50 Envelopes A2
Majestic,Silk,5.5 x 8.5,Horizontal,Rectangle,16PT C2S,No Coating,Silk,n/a,4/1,10000,Score in Half,No Gift Cards Slits,Yes 50 Envelopes A2
Majestic,Silk,4.25 x 11,Vertical,Rectangle,16PT C2S,No Coating,Silk,n/a,4/1,10000,Score in Half,No Gift Cards Slits,Yes 50 Envelopes A2
Majestic,Silk,5.5 x 8.5,Vertical,Rectangle,16PT C2S,No Coating,Silk,n/a,4/1,10000,Score in Half,No Gift Cards Slits,Yes 50 Envelopes A2
Majestic,Silk,4.25 x 11,Horizontal,Rectangle,16PT C2S,No Coating,Silk,n/a,4/4,10000,Score in Half,No Gift Cards Slits,Yes 50 Envelopes A2
Majestic,Silk,5.5 x 8.5,Horizontal,Rectangle,16PT C2S,No Coating,Silk,n/a,4/4,10000,Score in Half,No Gift Cards Slits,Yes 50 Envelopes A2
Majestic,Silk,4.25 x 11,Vertical,Rectangle,16PT C2S,No Coating,Silk,n/a,4/4,10000,Score in Half,No Gift Cards Slits,Yes 50 Envelopes A2
Majestic,Silk,5.5 x 8.5,Vertical,Rectangle,16PT C2S,No Coating,Silk,n/a,4/4,10000,Score in Half,No Gift Cards Slits,Yes 50 Envelopes A2
Majestic,Silk,4.25 x 11,Horizontal,Rectangle,16PT C2S,No Coating,Silk,n/a,4/0,25,Score in Half,Slide Slits Bottom Panel,Yes 50 Envelopes A2
Majestic,Silk,5.5 x 8.5,Horizontal,Rectangle,16PT C2S,No Coating,Silk,n/a,4/0,25,Score in Half,Slide Slits Bottom Panel,Yes 50 Envelopes A2
Majestic,Silk,4.25 x 11,Vertical,Rectangle,16PT C2S,No Coating,Silk,n/a,4/0,25,Score in Half,Slide Slits Bottom Panel,Yes 50 Envelopes A2
Majestic,Silk,5.5 x 8.5,Vertical,Rectangle,16PT C2S,No Coating,Silk,n/a,4/0,25,Score in Half,Slide Slits Bottom Panel,Yes 50 Envelopes A2
Majestic,Silk,4.25 x 11,Horizontal,Rectangle,16PT C2S,No Coating,Silk,n/a,4/1,25,Score in Half,Slide Slits Bottom Panel,Yes 50 Envelopes A2
Majestic,Silk,5.5 x 8.5,Horizontal,Rectangle,16PT C2S,No Coating,Silk,n/a,4/1,25,Score in Half,Slide Slits Bottom Panel,Yes 50 Envelopes A2
Majestic,Silk,5.5 x 8.5,Vertical,Rectangle,16PT C2S,No Coating,Silk,n/a,4/1,25,Score in Half,Slide Slits Bottom Panel,Yes 50 Envelopes A2
Majestic,Silk,4.25 x 11,Vertical,Rectangle,16PT C2S,No Coating,Silk,n/a,4/1,25,Score in Half,Slide Slits Bottom Panel,Yes 50 Envelopes A2
Majestic,Silk,4.25 x 11,Horizontal,Rectangle,16PT C2S,No Coating,Silk,n/a,4/4,25,Score in Half,Slide Slits Bottom Panel,Yes 50 Envelopes A2
Majestic,Silk,5.5 x 8.5,Horizontal,Rectangle,16PT C2S,No Coating,Silk,n/a,4/4,25,Score in Half,Slide Slits Bottom Panel,Yes 50 Envelopes A2
Majestic,Silk,4.25 x 11,Vertical,Rectangle,16PT C2S,No Coating,Silk,n/a,4/4,25,Score in Half,Slide Slits Bottom Panel,Yes 50 Envelopes A2
Majestic,Silk,4.25 x 11,Horizontal,Rectangle,16PT C2S,No Coating,Silk,n/a,4/0,50,Score in Half,Slide Slits Bottom Panel,Yes 50 Envelopes A2
Majestic,Silk,5.5 x 8.5,Vertical,Rectangle,16PT C2S,No Coating,Silk,n/a,4/4,25,Score in Half,Slide Slits Bottom Panel,Yes 50 Envelopes A2
Majestic,Silk,5.5 x 8.5,Horizontal,Rectangle,16PT C2S,No Coating,Silk,n/a,4/0,50,Score in Half,Slide Slits Bottom Panel,Yes 50 Envelopes A2
Majestic,Silk,4.25 x 11,Vertical,Rectangle,16PT C2S,No Coating,Silk,n/a,4/0,50,Score in Half,Slide Slits Bottom Panel,Yes 50 Envelopes A2
Majestic,Silk,5.5 x 8.5,Vertical,Rectangle,16PT C2S,No Coating,Silk,n/a,4/0,50,Score in Half,Slide Slits Bottom Panel,Yes 50 Envelopes A2
Majestic,Silk,4.25 x 11,Horizontal,Rectangle,16PT C2S,No Coating,Silk,n/a,4/1,50,Score in Half,Slide Slits Bottom Panel,Yes 50 Envelopes A2
Majestic,Silk,5.5 x 8.5,Horizontal,Rectangle,16PT C2S,No Coating,Silk,n/a,4/1,50,Score in Half,Slide Slits Bottom Panel,Yes 50 Envelopes A2
Majestic,Silk,4.25 x 11,Vertical,Rectangle,16PT C2S,No Coating,Silk,n/a,4/1,50,Score in Half,Slide Slits Bottom Panel,Yes 50 Envelopes A2
Majestic,Silk,5.5 x 8.5,Vertical,Rectangle,16PT C2S,No Coating,Silk,n/a,4/1,50,Score in Half,Slide Slits Bottom Panel,Yes 50 Envelopes A2
Majestic,Silk,4.25 x 11,Horizontal,Rectangle,16PT C2S,No Coating,Silk,n/a,4/4,50,Score in Half,Slide Slits Bottom Panel,Yes 50 Envelopes A2
Majestic,Silk,5.5 x 8.5,Horizontal,Rectangle,16PT C2S,No Coating,Silk,n/a,4/4,50,Score in Half,Slide Slits Bottom Panel,Yes 50 Envelopes A2
Majestic,Silk,4.25 x 11,Vertical,Rectangle,16PT C2S,No Coating,Silk,n/a,4/4,50,Score in Half,Slide Slits Bottom Panel,Yes 50 Envelopes A2
Majestic,Silk,4.25 x 11,Horizontal,Rectangle,16PT C2S,No Coating,Silk,n/a,4/0,75,Score in Half,Slide Slits Bottom Panel,Yes 50 Envelopes A2
Majestic,Silk,5.5 x 8.5,Horizontal,Rectangle,16PT C2S,No Coating,Silk,n/a,4/0,75,Score in Half,Slide Slits Bottom Panel,Yes 50 Envelopes A2
Majestic,Silk,5.5 x 8.5,Vertical,Rectangle,16PT C2S,No Coating,Silk,n/a,4/4,50,Score in Half,Slide Slits Bottom Panel,Yes 50 Envelopes A2
Majestic,Silk,4.25 x 11,Vertical,Rectangle,16PT C2S,No Coating,Silk,n/a,4/0,75,Score in Half,Slide Slits Bottom Panel,Yes 50 Envelopes A2
Majestic,Silk,4.25 x 11,Horizontal,Rectangle,16PT C2S,No Coating,Silk,n/a,4/1,75,Score in Half,Slide Slits Bottom Panel,Yes 50 Envelopes A2
Majestic,Silk,5.5 x 8.5,Vertical,Rectangle,16PT C2S,No Coating,Silk,n/a,4/0,75,Score in Half,Slide Slits Bottom Panel,Yes 50 Envelopes A2
Majestic,Silk,4.25 x 11,Vertical,Rectangle,16PT C2S,No Coating,Silk,n/a,4/4,500,Score in Half,Moon Slits Right Panel,Yes 50 Envelopes A2
Majestic,Silk,4.25 x 11,Vertical,Rectangle,16PT C2S,No Coating,Silk,n/a,4/1,75,Score in Half,Slide Slits Bottom Panel,Yes 50 Envelopes A2
Majestic,Silk,5.5 x 8.5,Vertical,Rectangle,16PT C2S,No Coating,Silk,n/a,4/1,75,Score in Half,Slide Slits Bottom Panel,Yes 50 Envelopes A2
Majestic,Silk,4.25 x 11,Horizontal,Rectangle,16PT C2S,No Coating,Silk,n/a,4/4,75,Score in Half,Slide Slits Bottom Panel,Yes 50 Envelopes A2
Majestic,Silk,4.25 x 11,Horizontal,Rectangle,16PT C2S,No Coating,Silk,n/a,4/4,250,Score in Half,No Gift Cards Slits,Yes 50 Envelopes A2
Majestic,Silk,4.25 x 11,Vertical,Rectangle,16PT C2S,No Coating,Silk,n/a,4/4,75,Score in Half,Slide Slits Bottom Panel,Yes 50 Envelopes A2
Majestic,Silk,4.25 x 11,Horizontal,Rectangle,16PT C2S,No Coating,Silk,n/a,4/0,100,Score in Half,Slide Slits Bottom Panel,Yes 50 Envelopes A2
Majestic,Silk,5.5 x 8.5,Horizontal,Rectangle,16PT C2S,No Coating,Silk,n/a,4/4,75,Score in Half,Slide Slits Bottom Panel,Yes 50 Envelopes A2
Majestic,Silk,5.5 x 8.5,Horizontal,Rectangle,16PT C2S,No Coating,Silk,n/a,4/0,100,Score in Half,Slide Slits Bottom Panel,Yes 50 Envelopes A2
Majestic,Silk,5.5 x 8.5,Vertical,Rectangle,16PT C2S,No Coating,Silk,n/a,4/0,100,Score in Half,Slide Slits Bottom Panel,Yes 50 Envelopes A2
Majestic,Silk,4.25 x 11,Horizontal,Rectangle,16PT C2S,No Coating,Silk,n/a,4/1,100,Score in Half,Slide Slits Bottom Panel,Yes 50 Envelopes A2
Majestic,Silk,5.5 x 8.5,Horizontal,Rectangle,16PT C2S,No Coating,Silk,n/a,4/1,100,Score in Half,Slide Slits Bottom Panel,Yes 50 Envelopes A2
Majestic,Silk,4.25 x 11,Vertical,Rectangle,16PT C2S,No Coating,Silk,n/a,4/0,100,Score in Half,Slide Slits Bottom Panel,Yes 50 Envelopes A2
Majestic,Silk,4.25 x 11,Vertical,Rectangle,16PT C2S,No Coating,Silk,n/a,4/1,100,Score in Half,Slide Slits Bottom Panel,Yes 50 Envelopes A2
Majestic,Silk,5.5 x 8.5,Vertical,Rectangle,16PT C2S,No Coating,Silk,n/a,4/1,100,Score in Half,Slide Slits Bottom Panel,Yes 50 Envelopes A2
Majestic,Silk,4.25 x 11,Horizontal,Rectangle,16PT C2S,No Coating,Silk,n/a,4/4,100,Score in Half,Slide Slits Bottom Panel,Yes 50 Envelopes A2
Majestic,Silk,5.5 x 8.5,Horizontal,Rectangle,16PT C2S,No Coating,Silk,n/a,4/4,100,Score in Half,Slide Slits Bottom Panel,Yes 50 Envelopes A2
Majestic,Silk,4.25 x 11,Vertical,Rectangle,16PT C2S,No Coating,Silk,n/a,4/4,100,Score in Half,Slide Slits Bottom Panel,Yes 50 Envelopes A2
Majestic,Silk,5.5 x 8.5,Vertical,Rectangle,16PT C2S,No Coating,Silk,n/a,4/4,100,Score in Half,Slide Slits Bottom Panel,Yes 50 Envelopes A2
Majestic,Silk,5.5 x 8.5,Horizontal,Rectangle,16PT C2S,No Coating,Silk,n/a,4/0,250,Score in Half,Slide Slits Bottom Panel,Yes 50 Envelopes A2
Majestic,Silk,4.25 x 11,Vertical,Rectangle,16PT C2S,No Coating,Silk,n/a,4/0,250,Score in Half,Slide Slits Bottom Panel,Yes 50 Envelopes A2
Majestic,Silk,4.25 x 11,Horizontal,Rectangle,16PT C2S,No Coating,Silk,n/a,4/0,250,Score in Half,Slide Slits Bottom Panel,Yes 50 Envelopes A2
Majestic,Silk,4.25 x 11,Horizontal,Rectangle,16PT C2S,No Coating,Silk,n/a,4/1,250,Score in Half,Slide Slits Bottom Panel,Yes 50 Envelopes A2
Majestic,Silk,5.5 x 8.5,Vertical,Rectangle,16PT C2S,No Coating,Silk,n/a,4/0,250,Score in Half,Slide Slits Bottom Panel,Yes 50 Envelopes A2
Majestic,Silk,5.5 x 8.5,Vertical,Rectangle,16PT C2S,No Coating,Silk,n/a,4/4,75,Score in Half,Slide Slits Bottom Panel,Yes 50 Envelopes A2
Majestic,Silk,5.5 x 8.5,Horizontal,Rectangle,16PT C2S,No Coating,Silk,n/a,4/1,250,Score in Half,Slide Slits Bottom Panel,Yes 50 Envelopes A2
Majestic,Silk,5.5 x 8.5,Vertical,Rectangle,16PT C2S,No Coating,Silk,n/a,4/1,250,Score in Half,Slide Slits Bottom Panel,Yes 50 Envelopes A2
Majestic,Silk,4.25 x 11,Horizontal,Rectangle,16PT C2S,No Coating,Silk,n/a,4/4,250,Score in Half,Slide Slits Bottom Panel,Yes 50 Envelopes A2
Majestic,Silk,5.5 x 8.5,Horizontal,Rectangle,16PT C2S,No Coating,Silk,n/a,4/4,250,Score in Half,Slide Slits Bottom Panel,Yes 50 Envelopes A2
Majestic,Silk,4.25 x 11,Vertical,Rectangle,16PT C2S,No Coating,Silk,n/a,4/4,250,Score in Half,Slide Slits Bottom Panel,Yes 50 Envelopes A2
Majestic,Silk,5.5 x 8.5,Horizontal,Rectangle,16PT C2S,No Coating,Silk,n/a,4/1,75,Score in Half,Slide Slits Bottom Panel,Yes 50 Envelopes A2
Majestic,Silk,4.25 x 11,Horizontal,Rectangle,16PT C2S,No Coating,Silk,n/a,4/0,500,Score in Half,Slide Slits Bottom Panel,Yes 50 Envelopes A2
Majestic,Silk,5.5 x 8.5,Horizontal,Rectangle,16PT C2S,No Coating,Silk,n/a,4/0,500,Score in Half,Slide Slits Bottom Panel,Yes 50 Envelopes A2
Majestic,Silk,4.25 x 11,Vertical,Rectangle,16PT C2S,No Coating,Silk,n/a,4/0,500,Score in Half,Slide Slits Bottom Panel,Yes 50 Envelopes A2
Majestic,Silk,5.5 x 8.5,Vertical,Rectangle,16PT C2S,No Coating,Silk,n/a,4/0,500,Score in Half,Slide Slits Bottom Panel,Yes 50 Envelopes A2
Majestic,Silk,4.25 x 11,Horizontal,Rectangle,16PT C2S,No Coating,Silk,n/a,4/1,500,Score in Half,Slide Slits Bottom Panel,Yes 50 Envelopes A2
Majestic,Silk,5.5 x 8.5,Horizontal,Rectangle,16PT C2S,No Coating,Silk,n/a,4/1,500,Score in Half,Slide Slits Bottom Panel,Yes 50 Envelopes A2
Majestic,Silk,4.25 x 11,Vertical,Rectangle,16PT C2S,No Coating,Silk,n/a,4/1,500,Score in Half,Slide Slits Bottom Panel,Yes 50 Envelopes A2
Majestic,Silk,5.5 x 8.5,Vertical,Rectangle,16PT C2S,No Coating,Silk,n/a,4/1,500,Score in Half,Slide Slits Bottom Panel,Yes 50 Envelopes A2
Majestic,Silk,4.25 x 11,Horizontal,Rectangle,16PT C2S,No Coating,Silk,n/a,4/4,500,Score in Half,Slide Slits Bottom Panel,Yes 50 Envelopes A2
Majestic,Silk,5.5 x 8.5,Horizontal,Rectangle,16PT C2S,No Coating,Silk,n/a,4/4,500,Score in Half,Slide Slits Bottom Panel,Yes 50 Envelopes A2
Majestic,Silk,4.25 x 11,Vertical,Rectangle,16PT C2S,No Coating,Silk,n/a,4/4,500,Score in Half,Slide Slits Bottom Panel,Yes 50 Envelopes A2
Majestic,Silk,5.5 x 8.5,Vertical,Rectangle,16PT C2S,No Coating,Silk,n/a,4/4,500,Score in Half,Slide Slits Bottom Panel,Yes 50 Envelopes A2
Majestic,Silk,4.25 x 11,Horizontal,Rectangle,16PT C2S,No Coating,Silk,n/a,4/0,1000,Score in Half,Slide Slits Bottom Panel,Yes 50 Envelopes A2
Majestic,Silk,5.5 x 8.5,Horizontal,Rectangle,16PT C2S,No Coating,Silk,n/a,4/0,1000,Score in Half,Slide Slits Bottom Panel,Yes 50 Envelopes A2
Majestic,Silk,4.25 x 11,Vertical,Rectangle,16PT C2S,No Coating,Silk,n/a,4/0,1000,Score in Half,Slide Slits Bottom Panel,Yes 50 Envelopes A2
Majestic,Silk,5.5 x 8.5,Vertical,Rectangle,16PT C2S,No Coating,Silk,n/a,4/0,1000,Score in Half,Slide Slits Bottom Panel,Yes 50 Envelopes A2
Majestic,Silk,4.25 x 11,Horizontal,Rectangle,16PT C2S,No Coating,Silk,n/a,4/4,250,Score in Half,Moon Slits Bottom Panel,Yes 50 Envelopes A2
Majestic,Silk,5.5 x 8.5,Horizontal,Rectangle,16PT C2S,No Coating,Silk,n/a,4/1,1000,Score in Half,Slide Slits Bottom Panel,Yes 50 Envelopes A2
Majestic,Silk,4.25 x 11,Vertical,Rectangle,16PT C2S,No Coating,Silk,n/a,4/1,1000,Score in Half,Slide Slits Bottom Panel,Yes 50 Envelopes A2
Majestic,Silk,5.5 x 8.5,Vertical,Rectangle,16PT C2S,No Coating,Silk,n/a,4/1,1000,Score in Half,Slide Slits Bottom Panel,Yes 50 Envelopes A2
Majestic,Silk,4.25 x 11,Horizontal,Rectangle,16PT C2S,No Coating,Silk,n/a,4/4,1000,Score in Half,Slide Slits Bottom Panel,Yes 50 Envelopes A2
Majestic,Silk,5.5 x 8.5,Horizontal,Rectangle,16PT C2S,No Coating,Silk,n/a,4/4,1000,Score in Half,Slide Slits Bottom Panel,Yes 50 Envelopes A2
Majestic,Silk,4.25 x 11,Vertical,Rectangle,16PT C2S,No Coating,Silk,n/a,4/4,1000,Score in Half,Slide Slits Bottom Panel,Yes 50 Envelopes A2
Majestic,Silk,5.5 x 8.5,Vertical,Rectangle,16PT C2S,No Coating,Silk,n/a,4/4,1000,Score in Half,Slide Slits Bottom Panel,Yes 50 Envelopes A2
Majestic,Silk,4.25 x 11,Horizontal,Rectangle,16PT C2S,No Coating,Silk,n/a,4/0,2500,Score in Half,Slide Slits Bottom Panel,Yes 50 Envelopes A2
Majestic,Silk,5.5 x 8.5,Horizontal,Rectangle,16PT C2S,No Coating,Silk,n/a,4/0,2500,Score in Half,Slide Slits Bottom Panel,Yes 50 Envelopes A2
Majestic,Silk,4.25 x 11,Vertical,Rectangle,16PT C2S,No Coating,Silk,n/a,4/0,2500,Score in Half,Slide Slits Bottom Panel,Yes 50 Envelopes A2
Majestic,Silk,5.5 x 8.5,Vertical,Rectangle,16PT C2S,No Coating,Silk,n/a,4/0,2500,Score in Half,Slide Slits Bottom Panel,Yes 50 Envelopes A2
Majestic,Silk,4.25 x 11,Horizontal,Rectangle,16PT C2S,No Coating,Silk,n/a,4/1,2500,Score in Half,Slide Slits Bottom Panel,Yes 50 Envelopes A2
Majestic,Silk,5.5 x 8.5,Horizontal,Rectangle,16PT C2S,No Coating,Silk,n/a,4/1,2500,Score in Half,Slide Slits Bottom Panel,Yes 50 Envelopes A2
Majestic,Silk,4.25 x 11,Vertical,Rectangle,16PT C2S,No Coating,Silk,n/a,4/1,2500,Score in Half,Slide Slits Bottom Panel,Yes 50 Envelopes A2
Majestic,Silk,5.5 x 8.5,Vertical,Rectangle,16PT C2S,No Coating,Silk,n/a,4/1,2500,Score in Half,Slide Slits Bottom Panel,Yes 50 Envelopes A2
Majestic,Silk,4.25 x 11,Horizontal,Rectangle,16PT C2S,No Coating,Silk,n/a,4/4,2500,Score in Half,Slide Slits Bottom Panel,Yes 50 Envelopes A2
Majestic,Silk,5.5 x 8.5,Vertical,Rectangle,16PT C2S,No Coating,Silk,n/a,4/4,250,Score in Half,Slide Slits Bottom Panel,Yes 50 Envelopes A2
Majestic,Silk,4.25 x 11,Vertical,Rectangle,16PT C2S,No Coating,Silk,n/a,4/4,2500,Score in Half,Slide Slits Bottom Panel,Yes 50 Envelopes A2
Majestic,Silk,5.5 x 8.5,Vertical,Rectangle,16PT C2S,No Coating,Silk,n/a,4/4,2500,Score in Half,Slide Slits Bottom Panel,Yes 50 Envelopes A2
Majestic,Silk,4.25 x 11,Horizontal,Rectangle,16PT C2S,No Coating,Silk,n/a,4/0,5000,Score in Half,Slide Slits Bottom Panel,Yes 50 Envelopes A2
Majestic,Silk,5.5 x 8.5,Horizontal,Rectangle,16PT C2S,No Coating,Silk,n/a,4/0,5000,Score in Half,Slide Slits Bottom Panel,Yes 50 Envelopes A2
Majestic,Silk,4.25 x 11,Vertical,Rectangle,16PT C2S,No Coating,Silk,n/a,4/0,5000,Score in Half,Slide Slits Bottom Panel,Yes 50 Envelopes A2
Majestic,Silk,5.5 x 8.5,Vertical,Rectangle,16PT C2S,No Coating,Silk,n/a,4/0,5000,Score in Half,Slide Slits Bottom Panel,Yes 50 Envelopes A2
Majestic,Silk,4.25 x 11,Horizontal,Rectangle,16PT C2S,No Coating,Silk,n/a,4/1,5000,Score in Half,Slide Slits Bottom Panel,Yes 50 Envelopes A2
Majestic,Silk,5.5 x 8.5,Horizontal,Rectangle,16PT C2S,No Coating,Silk,n/a,4/1,5000,Score in Half,Slide Slits Bottom Panel,Yes 50 Envelopes A2
Majestic,Silk,4.25 x 11,Vertical,Rectangle,16PT C2S,No Coating,Silk,n/a,4/1,5000,Score in Half,Slide Slits Bottom Panel,Yes 50 Envelopes A2
Majestic,Silk,5.5 x 8.5,Vertical,Rectangle,16PT C2S,No Coating,Silk,n/a,4/1,5000,Score in Half,Slide Slits Bottom Panel,Yes 50 Envelopes A2
Majestic,Silk,4.25 x 11,Horizontal,Rectangle,16PT C2S,No Coating,Silk,n/a,4/4,5000,Score in Half,Slide Slits Bottom Panel,Yes 50 Envelopes A2
Majestic,Silk,5.5 x 8.5,Horizontal,Rectangle,16PT C2S,No Coating,Silk,n/a,4/4,5000,Score in Half,Slide Slits Bottom Panel,Yes 50 Envelopes A2
Majestic,Silk,4.25 x 11,Vertical,Rectangle,16PT C2S,No Coating,Silk,n/a,4/4,5000,Score in Half,Slide Slits Bottom Panel,Yes 50 Envelopes A2
Majestic,Silk,5.5 x 8.5,Vertical,Rectangle,16PT C2S,No Coating,Silk,n/a,4/4,5000,Score in Half,Slide Slits Bottom Panel,Yes 50 Envelopes A2
Majestic,Silk,5.5 x 8.5,Horizontal,Rectangle,16PT C2S,No Coating,Silk,n/a,4/0,10000,Score in Half,Slide Slits Bottom Panel,Yes 50 Envelopes A2
Majestic,Silk,4.25 x 11,Vertical,Rectangle,16PT C2S,No Coating,Silk,n/a,4/0,10000,Score in Half,Slide Slits Bottom Panel,Yes 50 Envelopes A2
Majestic,Silk,4.25 x 11,Horizontal,Rectangle,16PT C2S,No Coating,Silk,n/a,4/0,10000,Score in Half,Slide Slits Bottom Panel,Yes 50 Envelopes A2
Majestic,Silk,5.5 x 8.5,Vertical,Rectangle,16PT C2S,No Coating,Silk,n/a,4/0,10000,Score in Half,Slide Slits Bottom Panel,Yes 50 Envelopes A2
Majestic,Silk,4.25 x 11,Horizontal,Rectangle,16PT C2S,No Coating,Silk,n/a,4/1,10000,Score in Half,Slide Slits Bottom Panel,Yes 50 Envelopes A2
Majestic,Silk,5.5 x 8.5,Horizontal,Rectangle,16PT C2S,No Coating,Silk,n/a,4/1,10000,Score in Half,Slide Slits Bottom Panel,Yes 50 Envelopes A2
Majestic,Silk,4.25 x 11,Vertical,Rectangle,16PT C2S,No Coating,Silk,n/a,4/1,10000,Score in Half,Slide Slits Bottom Panel,Yes 50 Envelopes A2
Majestic,Silk,5.5 x 8.5,Vertical,Rectangle,16PT C2S,No Coating,Silk,n/a,4/1,10000,Score in Half,Slide Slits Bottom Panel,Yes 50 Envelopes A2
Majestic,Silk,4.25 x 11,Horizontal,Rectangle,16PT C2S,No Coating,Silk,n/a,4/4,10000,Score in Half,Slide Slits Bottom Panel,Yes 50 Envelopes A2
Majestic,Silk,5.5 x 8.5,Horizontal,Rectangle,16PT C2S,No Coating,Silk,n/a,4/4,10000,Score in Half,Slide Slits Bottom Panel,Yes 50 Envelopes A2
Majestic,Silk,4.25 x 11,Vertical,Rectangle,16PT C2S,No Coating,Silk,n/a,4/4,10000,Score in Half,Slide Slits Bottom Panel,Yes 50 Envelopes A2
Majestic,Silk,5.5 x 8.5,Vertical,Rectangle,16PT C2S,No Coating,Silk,n/a,4/4,10000,Score in Half,Slide Slits Bottom Panel,Yes 50 Envelopes A2
Majestic,Silk,4.25 x 11,Horizontal,Rectangle,16PT C2S,No Coating,Silk,n/a,4/0,25,Score in Half,Slide Slits Right Panel,Yes 50 Envelopes A2
Majestic,Silk,5.5 x 8.5,Horizontal,Rectangle,16PT C2S,No Coating,Silk,n/a,4/0,25,Score in Half,Slide Slits Right Panel,Yes 50 Envelopes A2
Majestic,Silk,4.25 x 11,Vertical,Rectangle,16PT C2S,No Coating,Silk,n/a,4/0,25,Score in Half,Slide Slits Right Panel,Yes 50 Envelopes A2
Majestic,Silk,5.5 x 8.5,Vertical,Rectangle,16PT C2S,No Coating,Silk,n/a,4/0,25,Score in Half,Slide Slits Right Panel,Yes 50 Envelopes A2
Majestic,Silk,4.25 x 11,Vertical,Rectangle,16PT C2S,No Coating,Silk,n/a,4/1,250,Score in Half,Slide Slits Bottom Panel,Yes 50 Envelopes A2
Majestic,Silk,4.25 x 11,Horizontal,Rectangle,16PT C2S,No Coating,Silk,n/a,4/1,1000,Score in Half,Slide Slits Bottom Panel,Yes 50 Envelopes A2
Majestic,Silk,4.25 x 11,Vertical,Rectangle,16PT C2S,No Coating,Silk,n/a,4/1,25,Score in Half,Slide Slits Right Panel,Yes 50 Envelopes A2
Majestic,Silk,5.5 x 8.5,Vertical,Rectangle,16PT C2S,No Coating,Silk,n/a,4/1,25,Score in Half,Slide Slits Right Panel,Yes 50 Envelopes A2
Majestic,Silk,4.25 x 11,Horizontal,Rectangle,16PT C2S,No Coating,Silk,n/a,4/4,25,Score in Half,Slide Slits Right Panel,Yes 50 Envelopes A2
Majestic,Silk,5.5 x 8.5,Horizontal,Rectangle,16PT C2S,No Coating,Silk,n/a,4/4,25,Score in Half,Slide Slits Right Panel,Yes 50 Envelopes A2
Majestic,Silk,4.25 x 11,Vertical,Rectangle,16PT C2S,No Coating,Silk,n/a,4/4,25,Score in Half,Slide Slits Right Panel,Yes 50 Envelopes A2
Majestic,Silk,5.5 x 8.5,Vertical,Rectangle,16PT C2S,No Coating,Silk,n/a,4/4,25,Score in Half,Slide Slits Right Panel,Yes 50 Envelopes A2
Majestic,Silk,5.5 x 8.5,Horizontal,Rectangle,16PT C2S,No Coating,Silk,n/a,4/4,2500,Score in Half,Slide Slits Bottom Panel,Yes 50 Envelopes A2
Majestic,Silk,4.25 x 11,Horizontal,Rectangle,16PT C2S,No Coating,Silk,n/a,4/1,25,Score in Half,Slide Slits Right Panel,Yes 50 Envelopes A2
Majestic,Silk,5.5 x 8.5,Horizontal,Rectangle,16PT C2S,No Coating,Silk,n/a,4/1,25,Score in Half,Slide Slits Right Panel,Yes 50 Envelopes A2
Majestic,Silk,5.5 x 8.5,Vertical,Rectangle,16PT C2S,No Coating,Silk,n/a,4/0,50,Score in Half,Slide Slits Right Panel,Yes 50 Envelopes A2
Majestic,Silk,4.25 x 11,Horizontal,Rectangle,16PT C2S,No Coating,Silk,n/a,4/1,50,Score in Half,Slide Slits Right Panel,Yes 50 Envelopes A2
Majestic,Silk,5.5 x 8.5,Horizontal,Rectangle,16PT C2S,No Coating,Silk,n/a,4/1,50,Score in Half,Slide Slits Right Panel,Yes 50 Envelopes A2
Majestic,Silk,4.25 x 11,Vertical,Rectangle,16PT C2S,No Coating,Silk,n/a,4/1,50,Score in Half,Slide Slits Right Panel,Yes 50 Envelopes A2
Majestic,Silk,4.25 x 11,Horizontal,Rectangle,16PT C2S,No Coating,Silk,n/a,4/0,50,Score in Half,Slide Slits Right Panel,Yes 50 Envelopes A2
Majestic,Silk,4.25 x 11,Horizontal,Rectangle,16PT C2S,No Coating,Silk,n/a,4/4,50,Score in Half,Slide Slits Right Panel,Yes 50 Envelopes A2
Majestic,Silk,5.5 x 8.5,Horizontal,Rectangle,16PT C2S,No Coating,Silk,n/a,4/4,50,Score in Half,Slide Slits Right Panel,Yes 50 Envelopes A2
Majestic,Silk,4.25 x 11,Vertical,Rectangle,16PT C2S,No Coating,Silk,n/a,4/4,50,Score in Half,Slide Slits Right Panel,Yes 50 Envelopes A2
Majestic,Silk,5.5 x 8.5,Vertical,Rectangle,16PT C2S,No Coating,Silk,n/a,4/4,50,Score in Half,Slide Slits Right Panel,Yes 50 Envelopes A2
Majestic,Silk,4.25 x 11,Horizontal,Rectangle,16PT C2S,No Coating,Silk,n/a,4/0,75,Score in Half,Slide Slits Right Panel,Yes 50 Envelopes A2
Majestic,Silk,5.5 x 8.5,Horizontal,Rectangle,16PT C2S,No Coating,Silk,n/a,4/0,75,Score in Half,Slide Slits Right Panel,Yes 50 Envelopes A2
Majestic,Silk,4.25 x 11,Vertical,Rectangle,16PT C2S,No Coating,Silk,n/a,4/0,75,Score in Half,Slide Slits Right Panel,Yes 50 Envelopes A2
Majestic,Silk,5.5 x 8.5,Vertical,Rectangle,16PT C2S,No Coating,Silk,n/a,4/0,75,Score in Half,Slide Slits Right Panel,Yes 50 Envelopes A2
Majestic,Silk,4.25 x 11,Horizontal,Rectangle,16PT C2S,No Coating,Silk,n/a,4/1,75,Score in Half,Slide Slits Right Panel,Yes 50 Envelopes A2
Majestic,Silk,5.5 x 8.5,Horizontal,Rectangle,16PT C2S,No Coating,Silk,n/a,4/1,75,Score in Half,Slide Slits Right Panel,Yes 50 Envelopes A2
Majestic,Silk,4.25 x 11,Vertical,Rectangle,16PT C2S,No Coating,Silk,n/a,4/1,75,Score in Half,Slide Slits Right Panel,Yes 50 Envelopes A2
Majestic,Silk,5.5 x 8.5,Vertical,Rectangle,16PT C2S,No Coating,Silk,n/a,4/1,75,Score in Half,Slide Slits Right Panel,Yes 50 Envelopes A2
Majestic,Silk,4.25 x 11,Horizontal,Rectangle,16PT C2S,No Coating,Silk,n/a,4/4,75,Score in Half,Slide Slits Right Panel,Yes 50 Envelopes A2
Majestic,Silk,5.5 x 8.5,Horizontal,Rectangle,16PT C2S,No Coating,Silk,n/a,4/4,75,Score in Half,Slide Slits Right Panel,Yes 50 Envelopes A2
Majestic,Silk,4.25 x 11,Vertical,Rectangle,16PT C2S,No Coating,Silk,n/a,4/4,75,Score in Half,Slide Slits Right Panel,Yes 50 Envelopes A2
Majestic,Silk,5.5 x 8.5,Vertical,Rectangle,16PT C2S,No Coating,Silk,n/a,4/4,75,Score in Half,Slide Slits Right Panel,Yes 50 Envelopes A2
Majestic,Silk,4.25 x 11,Horizontal,Rectangle,16PT C2S,No Coating,Silk,n/a,4/0,100,Score in Half,Slide Slits Right Panel,Yes 50 Envelopes A2
Majestic,Silk,5.5 x 8.5,Horizontal,Rectangle,16PT C2S,No Coating,Silk,n/a,4/0,100,Score in Half,Slide Slits Right Panel,Yes 50 Envelopes A2
Majestic,Silk,4.25 x 11,Vertical,Rectangle,16PT C2S,No Coating,Silk,n/a,4/0,100,Score in Half,Slide Slits Right Panel,Yes 50 Envelopes A2
Majestic,Silk,5.5 x 8.5,Vertical,Rectangle,16PT C2S,No Coating,Silk,n/a,4/0,100,Score in Half,Slide Slits Right Panel,Yes 50 Envelopes A2
Majestic,Silk,4.25 x 11,Horizontal,Rectangle,16PT C2S,No Coating,Silk,n/a,4/1,100,Score in Half,Slide Slits Right Panel,Yes 50 Envelopes A2
Majestic,Silk,5.5 x 8.5,Horizontal,Rectangle,16PT C2S,No Coating,Silk,n/a,4/1,100,Score in Half,Slide Slits Right Panel,Yes 50 Envelopes A2
Majestic,Silk,5.5 x 8.5,Vertical,Rectangle,16PT C2S,No Coating,Silk,n/a,4/1,50,Score in Half,Slide Slits Right Panel,Yes 50 Envelopes A2
Majestic,Silk,5.5 x 8.5,Vertical,Rectangle,16PT C2S,No Coating,Silk,n/a,4/1,100,Score in Half,Slide Slits Right Panel,Yes 50 Envelopes A2
Majestic,Silk,4.25 x 11,Horizontal,Rectangle,16PT C2S,No Coating,Silk,n/a,4/4,100,Score in Half,Slide Slits Right Panel,Yes 50 Envelopes A2
Majestic,Silk,5.5 x 8.5,Horizontal,Rectangle,16PT C2S,No Coating,Silk,n/a,4/4,100,Score in Half,Slide Slits Right Panel,Yes 50 Envelopes A2
Majestic,Silk,4.25 x 11,Vertical,Rectangle,16PT C2S,No Coating,Silk,n/a,4/4,100,Score in Half,Slide Slits Right Panel,Yes 50 Envelopes A2
Majestic,Silk,5.5 x 8.5,Vertical,Rectangle,16PT C2S,No Coating,Silk,n/a,4/4,100,Score in Half,Slide Slits Right Panel,Yes 50 Envelopes A2
Majestic,Silk,4.25 x 11,Horizontal,Rectangle,16PT C2S,No Coating,Silk,n/a,4/0,250,Score in Half,Slide Slits Right Panel,Yes 50 Envelopes A2
Majestic,Silk,5.5 x 8.5,Horizontal,Rectangle,16PT C2S,No Coating,Silk,n/a,4/0,250,Score in Half,Slide Slits Right Panel,Yes 50 Envelopes A2
Majestic,Silk,4.25 x 11,Vertical,Rectangle,16PT C2S,No Coating,Silk,n/a,4/0,250,Score in Half,Slide Slits Right Panel,Yes 50 Envelopes A2
Majestic,Silk,5.5 x 8.5,Vertical,Rectangle,16PT C2S,No Coating,Silk,n/a,4/0,250,Score in Half,Slide Slits Right Panel,Yes 50 Envelopes A2
Majestic,Silk,4.25 x 11,Horizontal,Rectangle,16PT C2S,No Coating,Silk,n/a,4/1,250,Score in Half,Slide Slits Right Panel,Yes 50 Envelopes A2
Majestic,Silk,5.5 x 8.5,Horizontal,Rectangle,16PT C2S,No Coating,Silk,n/a,4/1,250,Score in Half,Slide Slits Right Panel,Yes 50 Envelopes A2
Majestic,Silk,4.25 x 11,Vertical,Rectangle,16PT C2S,No Coating,Silk,n/a,4/1,250,Score in Half,Slide Slits Right Panel,Yes 50 Envelopes A2
Majestic,Silk,5.5 x 8.5,Vertical,Rectangle,16PT C2S,No Coating,Silk,n/a,4/1,250,Score in Half,Slide Slits Right Panel,Yes 50 Envelopes A2
Majestic,Silk,4.25 x 11,Horizontal,Rectangle,16PT C2S,No Coating,Silk,n/a,4/4,250,Score in Half,Slide Slits Right Panel,Yes 50 Envelopes A2
Majestic,Silk,5.5 x 8.5,Horizontal,Rectangle,16PT C2S,No Coating,Silk,n/a,4/4,250,Score in Half,Slide Slits Right Panel,Yes 50 Envelopes A2
Majestic,Silk,4.25 x 11,Vertical,Rectangle,16PT C2S,No Coating,Silk,n/a,4/4,250,Score in Half,Slide Slits Right Panel,Yes 50 Envelopes A2
Majestic,Silk,5.5 x 8.5,Vertical,Rectangle,16PT C2S,No Coating,Silk,n/a,4/4,250,Score in Half,Slide Slits Right Panel,Yes 50 Envelopes A2
Majestic,Silk,4.25 x 11,Horizontal,Rectangle,16PT C2S,No Coating,Silk,n/a,4/0,500,Score in Half,Slide Slits Right Panel,Yes 50 Envelopes A2
Majestic,Silk,5.5 x 8.5,Horizontal,Rectangle,16PT C2S,No Coating,Silk,n/a,4/0,500,Score in Half,Slide Slits Right Panel,Yes 50 Envelopes A2
Majestic,Silk,4.25 x 11,Vertical,Rectangle,16PT C2S,No Coating,Silk,n/a,4/0,500,Score in Half,Slide Slits Right Panel,Yes 50 Envelopes A2
Majestic,Silk,5.5 x 8.5,Vertical,Rectangle,16PT C2S,No Coating,Silk,n/a,4/0,500,Score in Half,Slide Slits Right Panel,Yes 50 Envelopes A2
Majestic,Silk,4.25 x 11,Horizontal,Rectangle,16PT C2S,No Coating,Silk,n/a,4/1,500,Score in Half,Slide Slits Right Panel,Yes 50 Envelopes A2
Majestic,Silk,5.5 x 8.5,Horizontal,Rectangle,16PT C2S,No Coating,Silk,n/a,4/1,500,Score in Half,Slide Slits Right Panel,Yes 50 Envelopes A2
Majestic,Silk,4.25 x 11,Vertical,Rectangle,16PT C2S,No Coating,Silk,n/a,4/1,500,Score in Half,Slide Slits Right Panel,Yes 50 Envelopes A2
Majestic,Silk,5.5 x 8.5,Vertical,Rectangle,16PT C2S,No Coating,Silk,n/a,4/1,500,Score in Half,Slide Slits Right Panel,Yes 50 Envelopes A2
Majestic,Silk,4.25 x 11,Horizontal,Rectangle,16PT C2S,No Coating,Silk,n/a,4/4,500,Score in Half,Slide Slits Right Panel,Yes 50 Envelopes A2
Majestic,Silk,5.5 x 8.5,Horizontal,Rectangle,16PT C2S,No Coating,Silk,n/a,4/4,500,Score in Half,Slide Slits Right Panel,Yes 50 Envelopes A2
Majestic,Silk,4.25 x 11,Vertical,Rectangle,16PT C2S,No Coating,Silk,n/a,4/4,500,Score in Half,Slide Slits Right Panel,Yes 50 Envelopes A2
Majestic,Silk,5.5 x 8.5,Vertical,Rectangle,16PT C2S,No Coating,Silk,n/a,4/4,500,Score in Half,Slide Slits Right Panel,Yes 50 Envelopes A2
Majestic,Silk,4.25 x 11,Horizontal,Rectangle,16PT C2S,No Coating,Silk,n/a,4/0,1000,Score in Half,Slide Slits Right Panel,Yes 50 Envelopes A2
Majestic,Silk,5.5 x 8.5,Horizontal,Rectangle,16PT C2S,No Coating,Silk,n/a,4/0,1000,Score in Half,Slide Slits Right Panel,Yes 50 Envelopes A2
Majestic,Silk,4.25 x 11,Vertical,Rectangle,16PT C2S,No Coating,Silk,n/a,4/0,1000,Score in Half,Slide Slits Right Panel,Yes 50 Envelopes A2
Majestic,Silk,5.5 x 8.5,Vertical,Rectangle,16PT C2S,No Coating,Silk,n/a,4/0,1000,Score in Half,Slide Slits Right Panel,Yes 50 Envelopes A2
Majestic,Silk,4.25 x 11,Horizontal,Rectangle,16PT C2S,No Coating,Silk,n/a,4/1,1000,Score in Half,Slide Slits Right Panel,Yes 50 Envelopes A2
Majestic,Silk,5.5 x 8.5,Horizontal,Rectangle,16PT C2S,No Coating,Silk,n/a,4/1,1000,Score in Half,Slide Slits Right Panel,Yes 50 Envelopes A2
Majestic,Silk,4.25 x 11,Vertical,Rectangle,16PT C2S,No Coating,Silk,n/a,4/1,1000,Score in Half,Slide Slits Right Panel,Yes 50 Envelopes A2
Majestic,Silk,5.5 x 8.5,Vertical,Rectangle,16PT C2S,No Coating,Silk,n/a,4/1,1000,Score in Half,Slide Slits Right Panel,Yes 50 Envelopes A2
Majestic,Silk,4.25 x 11,Horizontal,Rectangle,16PT C2S,No Coating,Silk,n/a,4/4,1000,Score in Half,Slide Slits Right Panel,Yes 50 Envelopes A2
Majestic,Silk,5.5 x 8.5,Horizontal,Rectangle,16PT C2S,No Coating,Silk,n/a,4/4,1000,Score in Half,Slide Slits Right Panel,Yes 50 Envelopes A2
Majestic,Silk,5.5 x 8.5,Vertical,Rectangle,16PT C2S,No Coating,Silk,n/a,4/4,1000,Score in Half,Slide Slits Right Panel,Yes 50 Envelopes A2
Majestic,Silk,4.25 x 11,Vertical,Rectangle,16PT C2S,No Coating,Silk,n/a,4/4,1000,Score in Half,Slide Slits Right Panel,Yes 50 Envelopes A2
Majestic,Silk,4.25 x 11,Horizontal,Rectangle,16PT C2S,No Coating,Silk,n/a,4/0,2500,Score in Half,Slide Slits Right Panel,Yes 50 Envelopes A2
Majestic,Silk,5.5 x 8.5,Horizontal,Rectangle,16PT C2S,No Coating,Silk,n/a,4/0,2500,Score in Half,Slide Slits Right Panel,Yes 50 Envelopes A2
Majestic,Silk,4.25 x 11,Vertical,Rectangle,16PT C2S,No Coating,Silk,n/a,4/0,2500,Score in Half,Slide Slits Right Panel,Yes 50 Envelopes A2
Majestic,Silk,5.5 x 8.5,Vertical,Rectangle,16PT C2S,No Coating,Silk,n/a,4/0,2500,Score in Half,Slide Slits Right Panel,Yes 50 Envelopes A2
Majestic,Silk,4.25 x 11,Horizontal,Rectangle,16PT C2S,No Coating,Silk,n/a,4/1,2500,Score in Half,Slide Slits Right Panel,Yes 50 Envelopes A2
Majestic,Silk,5.5 x 8.5,Horizontal,Rectangle,16PT C2S,No Coating,Silk,n/a,4/1,2500,Score in Half,Slide Slits Right Panel,Yes 50 Envelopes A2
Majestic,Silk,4.25 x 11,Vertical,Rectangle,16PT C2S,No Coating,Silk,n/a,4/1,2500,Score in Half,Slide Slits Right Panel,Yes 50 Envelopes A2
Majestic,Silk,5.5 x 8.5,Vertical,Rectangle,16PT C2S,No Coating,Silk,n/a,4/1,2500,Score in Half,Slide Slits Right Panel,Yes 50 Envelopes A2
Majestic,Silk,4.25 x 11,Horizontal,Rectangle,16PT C2S,No Coating,Silk,n/a,4/4,2500,Score in Half,Slide Slits Right Panel,Yes 50 Envelopes A2
Majestic,Silk,5.5 x 8.5,Horizontal,Rectangle,16PT C2S,No Coating,Silk,n/a,4/4,2500,Score in Half,Slide Slits Right Panel,Yes 50 Envelopes A2
Majestic,Silk,4.25 x 11,Vertical,Rectangle,16PT C2S,No Coating,Silk,n/a,4/4,2500,Score in Half,Slide Slits Right Panel,Yes 50 Envelopes A2
Majestic,Silk,5.5 x 8.5,Vertical,Rectangle,16PT C2S,No Coating,Silk,n/a,4/4,2500,Score in Half,Slide Slits Right Panel,Yes 50 Envelopes A2
Majestic,Silk,4.25 x 11,Horizontal,Rectangle,16PT C2S,No Coating,Silk,n/a,4/0,5000,Score in Half,Slide Slits Right Panel,Yes 50 Envelopes A2
Majestic,Silk,5.5 x 8.5,Horizontal,Rectangle,16PT C2S,No Coating,Silk,n/a,4/0,5000,Score in Half,Slide Slits Right Panel,Yes 50 Envelopes A2
Majestic,Silk,4.25 x 11,Vertical,Rectangle,16PT C2S,No Coating,Silk,n/a,4/0,5000,Score in Half,Slide Slits Right Panel,Yes 50 Envelopes A2
Majestic,Silk,5.5 x 8.5,Vertical,Rectangle,16PT C2S,No Coating,Silk,n/a,4/0,5000,Score in Half,Slide Slits Right Panel,Yes 50 Envelopes A2
Majestic,Silk,4.25 x 11,Horizontal,Rectangle,16PT C2S,No Coating,Silk,n/a,4/1,5000,Score in Half,Slide Slits Right Panel,Yes 50 Envelopes A2
Majestic,Silk,5.5 x 8.5,Horizontal,Rectangle,16PT C2S,No Coating,Silk,n/a,4/1,5000,Score in Half,Slide Slits Right Panel,Yes 50 Envelopes A2
Majestic,Silk,4.25 x 11,Vertical,Rectangle,16PT C2S,No Coating,Silk,n/a,4/1,5000,Score in Half,Slide Slits Right Panel,Yes 50 Envelopes A2
Majestic,Silk,5.5 x 8.5,Vertical,Rectangle,16PT C2S,No Coating,Silk,n/a,4/1,5000,Score in Half,Slide Slits Right Panel,Yes 50 Envelopes A2
Majestic,Silk,4.25 x 11,Horizontal,Rectangle,16PT C2S,No Coating,Silk,n/a,4/4,5000,Score in Half,Slide Slits Right Panel,Yes 50 Envelopes A2
Majestic,Silk,5.5 x 8.5,Horizontal,Rectangle,16PT C2S,No Coating,Silk,n/a,4/4,5000,Score in Half,Slide Slits Right Panel,Yes 50 Envelopes A2
Majestic,Silk,4.25 x 11,Vertical,Rectangle,16PT C2S,No Coating,Silk,n/a,4/4,5000,Score in Half,Slide Slits Right Panel,Yes 50 Envelopes A2
Majestic,Silk,5.5 x 8.5,Vertical,Rectangle,16PT C2S,No Coating,Silk,n/a,4/4,5000,Score in Half,Slide Slits Right Panel,Yes 50 Envelopes A2
Majestic,Silk,4.25 x 11,Horizontal,Rectangle,16PT C2S,No Coating,Silk,n/a,4/0,10000,Score in Half,Slide Slits Right Panel,Yes 50 Envelopes A2
Majestic,Silk,5.5 x 8.5,Horizontal,Rectangle,16PT C2S,No Coating,Silk,n/a,4/0,10000,Score in Half,Slide Slits Right Panel,Yes 50 Envelopes A2
Majestic,Silk,4.25 x 11,Vertical,Rectangle,16PT C2S,No Coating,Silk,n/a,4/0,10000,Score in Half,Slide Slits Right Panel,Yes 50 Envelopes A2
Majestic,Silk,5.5 x 8.5,Vertical,Rectangle,16PT C2S,No Coating,Silk,n/a,4/0,10000,Score in Half,Slide Slits Right Panel,Yes 50 Envelopes A2
Majestic,Silk,4.25 x 11,Horizontal,Rectangle,16PT C2S,No Coating,Silk,n/a,4/1,10000,Score in Half,Slide Slits Right Panel,Yes 50 Envelopes A2
Majestic,Silk,5.5 x 8.5,Horizontal,Rectangle,16PT C2S,No Coating,Silk,n/a,4/1,10000,Score in Half,Slide Slits Right Panel,Yes 50 Envelopes A2
Majestic,Silk,4.25 x 11,Vertical,Rectangle,16PT C2S,No Coating,Silk,n/a,4/1,10000,Score in Half,Slide Slits Right Panel,Yes 50 Envelopes A2
Majestic,Silk,5.5 x 8.5,Vertical,Rectangle,16PT C2S,No Coating,Silk,n/a,4/1,10000,Score in Half,Slide Slits Right Panel,Yes 50 Envelopes A2
Majestic,Silk,4.25 x 11,Horizontal,Rectangle,16PT C2S,No Coating,Silk,n/a,4/4,10000,Score in Half,Slide Slits Right Panel,Yes 50 Envelopes A2
Majestic,Silk,5.5 x 8.5,Horizontal,Rectangle,16PT C2S,No Coating,Silk,n/a,4/4,10000,Score in Half,Slide Slits Right Panel,Yes 50 Envelopes A2
Majestic,Silk,4.25 x 11,Vertical,Rectangle,16PT C2S,No Coating,Silk,n/a,4/4,10000,Score in Half,Slide Slits Right Panel,Yes 50 Envelopes A2
Majestic,Silk,5.5 x 8.5,Vertical,Rectangle,16PT C2S,No Coating,Silk,n/a,4/4,10000,Score in Half,Slide Slits Right Panel,Yes 50 Envelopes A2
Majestic,Silk,4.25 x 11,Horizontal,Rectangle,16PT C2S,No Coating,Silk,n/a,4/0,25,Score in Half,Moon Slits Bottom Panel,Yes 75 Envelopes A2
Majestic,Silk,5.5 x 8.5,Horizontal,Rectangle,16PT C2S,No Coating,Silk,n/a,4/0,25,Score in Half,Moon Slits Bottom Panel,Yes 75 Envelopes A2
Majestic,Silk,4.25 x 11,Vertical,Rectangle,16PT C2S,No Coating,Silk,n/a,4/0,25,Score in Half,Moon Slits Bottom Panel,Yes 75 Envelopes A2
Majestic,Silk,5.5 x 8.5,Vertical,Rectangle,16PT C2S,No Coating,Silk,n/a,4/0,25,Score in Half,Moon Slits Bottom Panel,Yes 75 Envelopes A2
Majestic,Silk,4.25 x 11,Horizontal,Rectangle,16PT C2S,No Coating,Silk,n/a,4/1,25,Score in Half,Moon Slits Bottom Panel,Yes 75 Envelopes A2
Majestic,Silk,5.5 x 8.5,Horizontal,Rectangle,16PT C2S,No Coating,Silk,n/a,4/1,25,Score in Half,Moon Slits Bottom Panel,Yes 75 Envelopes A2
Majestic,Silk,4.25 x 11,Vertical,Rectangle,16PT C2S,No Coating,Silk,n/a,4/1,25,Score in Half,Moon Slits Bottom Panel,Yes 75 Envelopes A2
Majestic,Silk,5.5 x 8.5,Vertical,Rectangle,16PT C2S,No Coating,Silk,n/a,4/1,25,Score in Half,Moon Slits Bottom Panel,Yes 75 Envelopes A2
Majestic,Silk,4.25 x 11,Horizontal,Rectangle,16PT C2S,No Coating,Silk,n/a,4/4,25,Score in Half,Moon Slits Bottom Panel,Yes 75 Envelopes A2
Majestic,Silk,5.5 x 8.5,Horizontal,Rectangle,16PT C2S,No Coating,Silk,n/a,4/4,25,Score in Half,Moon Slits Bottom Panel,Yes 75 Envelopes A2
Majestic,Silk,4.25 x 11,Vertical,Rectangle,16PT C2S,No Coating,Silk,n/a,4/4,25,Score in Half,Moon Slits Bottom Panel,Yes 75 Envelopes A2
Majestic,Silk,5.5 x 8.5,Vertical,Rectangle,16PT C2S,No Coating,Silk,n/a,4/4,25,Score in Half,Moon Slits Bottom Panel,Yes 75 Envelopes A2
Majestic,Silk,4.25 x 11,Horizontal,Rectangle,16PT C2S,No Coating,Silk,n/a,4/0,50,Score in Half,Moon Slits Bottom Panel,Yes 75 Envelopes A2
Majestic,Silk,5.5 x 8.5,Horizontal,Rectangle,16PT C2S,No Coating,Silk,n/a,4/0,50,Score in Half,Moon Slits Bottom Panel,Yes 75 Envelopes A2
Majestic,Silk,4.25 x 11,Vertical,Rectangle,16PT C2S,No Coating,Silk,n/a,4/0,50,Score in Half,Moon Slits Bottom Panel,Yes 75 Envelopes A2
Majestic,Silk,5.5 x 8.5,Vertical,Rectangle,16PT C2S,No Coating,Silk,n/a,4/0,50,Score in Half,Moon Slits Bottom Panel,Yes 75 Envelopes A2
Majestic,Silk,4.25 x 11,Horizontal,Rectangle,16PT C2S,No Coating,Silk,n/a,4/1,50,Score in Half,Moon Slits Bottom Panel,Yes 75 Envelopes A2
Majestic,Silk,5.5 x 8.5,Horizontal,Rectangle,16PT C2S,No Coating,Silk,n/a,4/1,50,Score in Half,Moon Slits Bottom Panel,Yes 75 Envelopes A2
Majestic,Silk,4.25 x 11,Vertical,Rectangle,16PT C2S,No Coating,Silk,n/a,4/1,50,Score in Half,Moon Slits Bottom Panel,Yes 75 Envelopes A2
Majestic,Silk,5.5 x 8.5,Vertical,Rectangle,16PT C2S,No Coating,Silk,n/a,4/1,50,Score in Half,Moon Slits Bottom Panel,Yes 75 Envelopes A2
Majestic,Silk,4.25 x 11,Horizontal,Rectangle,16PT C2S,No Coating,Silk,n/a,4/4,50,Score in Half,Moon Slits Bottom Panel,Yes 75 Envelopes A2
Majestic,Silk,5.5 x 8.5,Horizontal,Rectangle,16PT C2S,No Coating,Silk,n/a,4/4,50,Score in Half,Moon Slits Bottom Panel,Yes 75 Envelopes A2
Majestic,Silk,4.25 x 11,Vertical,Rectangle,16PT C2S,No Coating,Silk,n/a,4/4,50,Score in Half,Moon Slits Bottom Panel,Yes 75 Envelopes A2
Majestic,Silk,5.5 x 8.5,Vertical,Rectangle,16PT C2S,No Coating,Silk,n/a,4/4,50,Score in Half,Moon Slits Bottom Panel,Yes 75 Envelopes A2
Majestic,Silk,4.25 x 11,Horizontal,Rectangle,16PT C2S,No Coating,Silk,n/a,4/0,75,Score in Half,Moon Slits Bottom Panel,Yes 75 Envelopes A2
Majestic,Silk,5.5 x 8.5,Horizontal,Rectangle,16PT C2S,No Coating,Silk,n/a,4/0,75,Score in Half,Moon Slits Bottom Panel,Yes 75 Envelopes A2
Majestic,Silk,4.25 x 11,Vertical,Rectangle,16PT C2S,No Coating,Silk,n/a,4/0,75,Score in Half,Moon Slits Bottom Panel,Yes 75 Envelopes A2
Majestic,Silk,5.5 x 8.5,Vertical,Rectangle,16PT C2S,No Coating,Silk,n/a,4/0,75,Score in Half,Moon Slits Bottom Panel,Yes 75 Envelopes A2
Majestic,Silk,4.25 x 11,Horizontal,Rectangle,16PT C2S,No Coating,Silk,n/a,4/1,75,Score in Half,Moon Slits Bottom Panel,Yes 75 Envelopes A2
Majestic,Silk,5.5 x 8.5,Horizontal,Rectangle,16PT C2S,No Coating,Silk,n/a,4/1,75,Score in Half,Moon Slits Bottom Panel,Yes 75 Envelopes A2
Majestic,Silk,4.25 x 11,Vertical,Rectangle,16PT C2S,No Coating,Silk,n/a,4/1,75,Score in Half,Moon Slits Bottom Panel,Yes 75 Envelopes A2
Majestic,Silk,5.5 x 8.5,Vertical,Rectangle,16PT C2S,No Coating,Silk,n/a,4/1,75,Score in Half,Moon Slits Bottom Panel,Yes 75 Envelopes A2
Majestic,Silk,4.25 x 11,Horizontal,Rectangle,16PT C2S,No Coating,Silk,n/a,4/4,75,Score in Half,Moon Slits Bottom Panel,Yes 75 Envelopes A2
Majestic,Silk,5.5 x 8.5,Horizontal,Rectangle,16PT C2S,No Coating,Silk,n/a,4/4,75,Score in Half,Moon Slits Bottom Panel,Yes 75 Envelopes A2
Majestic,Silk,4.25 x 11,Vertical,Rectangle,16PT C2S,No Coating,Silk,n/a,4/4,75,Score in Half,Moon Slits Bottom Panel,Yes 75 Envelopes A2
Majestic,Silk,5.5 x 8.5,Vertical,Rectangle,16PT C2S,No Coating,Silk,n/a,4/4,75,Score in Half,Moon Slits Bottom Panel,Yes 75 Envelopes A2
Majestic,Silk,4.25 x 11,Horizontal,Rectangle,16PT C2S,No Coating,Silk,n/a,4/0,100,Score in Half,Moon Slits Bottom Panel,Yes 75 Envelopes A2
Majestic,Silk,5.5 x 8.5,Horizontal,Rectangle,16PT C2S,No Coating,Silk,n/a,4/0,100,Score in Half,Moon Slits Bottom Panel,Yes 75 Envelopes A2
Majestic,Silk,4.25 x 11,Vertical,Rectangle,16PT C2S,No Coating,Silk,n/a,4/0,100,Score in Half,Moon Slits Bottom Panel,Yes 75 Envelopes A2
Majestic,Silk,5.5 x 8.5,Vertical,Rectangle,16PT C2S,No Coating,Silk,n/a,4/0,100,Score in Half,Moon Slits Bottom Panel,Yes 75 Envelopes A2
Majestic,Silk,4.25 x 11,Horizontal,Rectangle,16PT C2S,No Coating,Silk,n/a,4/1,100,Score in Half,Moon Slits Bottom Panel,Yes 75 Envelopes A2
Majestic,Silk,5.5 x 8.5,Horizontal,Rectangle,16PT C2S,No Coating,Silk,n/a,4/1,100,Score in Half,Moon Slits Bottom Panel,Yes 75 Envelopes A2
Majestic,Silk,4.25 x 11,Vertical,Rectangle,16PT C2S,No Coating,Silk,n/a,4/1,100,Score in Half,Moon Slits Bottom Panel,Yes 75 Envelopes A2
Majestic,Silk,5.5 x 8.5,Vertical,Rectangle,16PT C2S,No Coating,Silk,n/a,4/1,100,Score in Half,Moon Slits Bottom Panel,Yes 75 Envelopes A2
Majestic,Silk,4.25 x 11,Horizontal,Rectangle,16PT C2S,No Coating,Silk,n/a,4/4,100,Score in Half,Moon Slits Bottom Panel,Yes 75 Envelopes A2
Majestic,Silk,5.5 x 8.5,Horizontal,Rectangle,16PT C2S,No Coating,Silk,n/a,4/4,100,Score in Half,Moon Slits Bottom Panel,Yes 75 Envelopes A2
Majestic,Silk,4.25 x 11,Vertical,Rectangle,16PT C2S,No Coating,Silk,n/a,4/4,100,Score in Half,Moon Slits Bottom Panel,Yes 75 Envelopes A2
Majestic,Silk,5.5 x 8.5,Vertical,Rectangle,16PT C2S,No Coating,Silk,n/a,4/4,100,Score in Half,Moon Slits Bottom Panel,Yes 75 Envelopes A2
Majestic,Silk,4.25 x 11,Horizontal,Rectangle,16PT C2S,No Coating,Silk,n/a,4/0,250,Score in Half,Moon Slits Bottom Panel,Yes 75 Envelopes A2
Majestic,Silk,5.5 x 8.5,Horizontal,Rectangle,16PT C2S,No Coating,Silk,n/a,4/0,250,Score in Half,Moon Slits Bottom Panel,Yes 75 Envelopes A2
Majestic,Silk,4.25 x 11,Vertical,Rectangle,16PT C2S,No Coating,Silk,n/a,4/0,250,Score in Half,Moon Slits Bottom Panel,Yes 75 Envelopes A2
Majestic,Silk,5.5 x 8.5,Vertical,Rectangle,16PT C2S,No Coating,Silk,n/a,4/0,250,Score in Half,Moon Slits Bottom Panel,Yes 75 Envelopes A2
Majestic,Silk,4.25 x 11,Horizontal,Rectangle,16PT C2S,No Coating,Silk,n/a,4/1,250,Score in Half,Moon Slits Bottom Panel,Yes 75 Envelopes A2
Majestic,Silk,5.5 x 8.5,Horizontal,Rectangle,16PT C2S,No Coating,Silk,n/a,4/1,250,Score in Half,Moon Slits Bottom Panel,Yes 75 Envelopes A2
Majestic,Silk,4.25 x 11,Vertical,Rectangle,16PT C2S,No Coating,Silk,n/a,4/1,250,Score in Half,Moon Slits Bottom Panel,Yes 75 Envelopes A2
Majestic,Silk,5.5 x 8.5,Vertical,Rectangle,16PT C2S,No Coating,Silk,n/a,4/1,250,Score in Half,Moon Slits Bottom Panel,Yes 75 Envelopes A2
Majestic,Silk,4.25 x 11,Horizontal,Rectangle,16PT C2S,No Coating,Silk,n/a,4/4,250,Score in Half,Moon Slits Bottom Panel,Yes 75 Envelopes A2
Majestic,Silk,5.5 x 8.5,Horizontal,Rectangle,16PT C2S,No Coating,Silk,n/a,4/4,250,Score in Half,Moon Slits Bottom Panel,Yes 75 Envelopes A2
Majestic,Silk,4.25 x 11,Vertical,Rectangle,16PT C2S,No Coating,Silk,n/a,4/1,100,Score in Half,Slide Slits Right Panel,Yes 50 Envelopes A2
Majestic,Silk,5.5 x 8.5,Vertical,Rectangle,16PT C2S,No Coating,Silk,n/a,4/4,250,Score in Half,Moon Slits Bottom Panel,Yes 75 Envelopes A2
Majestic,Silk,4.25 x 11,Horizontal,Rectangle,16PT C2S,No Coating,Silk,n/a,4/0,500,Score in Half,Moon Slits Bottom Panel,Yes 75 Envelopes A2
Majestic,Silk,5.5 x 8.5,Horizontal,Rectangle,16PT C2S,No Coating,Silk,n/a,4/0,500,Score in Half,Moon Slits Bottom Panel,Yes 75 Envelopes A2
Majestic,Silk,4.25 x 11,Vertical,Rectangle,16PT C2S,No Coating,Silk,n/a,4/0,500,Score in Half,Moon Slits Bottom Panel,Yes 75 Envelopes A2
Majestic,Silk,5.5 x 8.5,Vertical,Rectangle,16PT C2S,No Coating,Silk,n/a,4/0,500,Score in Half,Moon Slits Bottom Panel,Yes 75 Envelopes A2
Majestic,Silk,4.25 x 11,Horizontal,Rectangle,16PT C2S,No Coating,Silk,n/a,4/1,500,Score in Half,Moon Slits Bottom Panel,Yes 75 Envelopes A2
Majestic,Silk,5.5 x 8.5,Horizontal,Rectangle,16PT C2S,No Coating,Silk,n/a,4/1,500,Score in Half,Moon Slits Bottom Panel,Yes 75 Envelopes A2
Majestic,Silk,4.25 x 11,Vertical,Rectangle,16PT C2S,No Coating,Silk,n/a,4/1,500,Score in Half,Moon Slits Bottom Panel,Yes 75 Envelopes A2
Majestic,Silk,5.5 x 8.5,Vertical,Rectangle,16PT C2S,No Coating,Silk,n/a,4/1,500,Score in Half,Moon Slits Bottom Panel,Yes 75 Envelopes A2
Majestic,Silk,4.25 x 11,Horizontal,Rectangle,16PT C2S,No Coating,Silk,n/a,4/4,500,Score in Half,Moon Slits Bottom Panel,Yes 75 Envelopes A2
Majestic,Silk,5.5 x 8.5,Horizontal,Rectangle,16PT C2S,No Coating,Silk,n/a,4/4,500,Score in Half,Moon Slits Bottom Panel,Yes 75 Envelopes A2
Majestic,Silk,4.25 x 11,Vertical,Rectangle,16PT C2S,No Coating,Silk,n/a,4/4,500,Score in Half,Moon Slits Bottom Panel,Yes 75 Envelopes A2
Majestic,Silk,5.5 x 8.5,Vertical,Rectangle,16PT C2S,No Coating,Silk,n/a,4/4,500,Score in Half,Moon Slits Bottom Panel,Yes 75 Envelopes A2
Majestic,Silk,4.25 x 11,Horizontal,Rectangle,16PT C2S,No Coating,Silk,n/a,4/0,1000,Score in Half,Moon Slits Bottom Panel,Yes 75 Envelopes A2
Majestic,Silk,5.5 x 8.5,Horizontal,Rectangle,16PT C2S,No Coating,Silk,n/a,4/0,1000,Score in Half,Moon Slits Bottom Panel,Yes 75 Envelopes A2
Majestic,Silk,4.25 x 11,Vertical,Rectangle,16PT C2S,No Coating,Silk,n/a,4/0,1000,Score in Half,Moon Slits Bottom Panel,Yes 75 Envelopes A2
Majestic,Silk,5.5 x 8.5,Vertical,Rectangle,16PT C2S,No Coating,Silk,n/a,4/0,1000,Score in Half,Moon Slits Bottom Panel,Yes 75 Envelopes A2
Majestic,Silk,4.25 x 11,Horizontal,Rectangle,16PT C2S,No Coating,Silk,n/a,4/1,1000,Score in Half,Moon Slits Bottom Panel,Yes 75 Envelopes A2
Majestic,Silk,5.5 x 8.5,Horizontal,Rectangle,16PT C2S,No Coating,Silk,n/a,4/1,1000,Score in Half,Moon Slits Bottom Panel,Yes 75 Envelopes A2
Majestic,Silk,4.25 x 11,Vertical,Rectangle,16PT C2S,No Coating,Silk,n/a,4/1,1000,Score in Half,Moon Slits Bottom Panel,Yes 75 Envelopes A2
Majestic,Silk,5.5 x 8.5,Vertical,Rectangle,16PT C2S,No Coating,Silk,n/a,4/1,1000,Score in Half,Moon Slits Bottom Panel,Yes 75 Envelopes A2
Majestic,Silk,4.25 x 11,Horizontal,Rectangle,16PT C2S,No Coating,Silk,n/a,4/4,1000,Score in Half,Moon Slits Bottom Panel,Yes 75 Envelopes A2
Majestic,Silk,5.5 x 8.5,Horizontal,Rectangle,16PT C2S,No Coating,Silk,n/a,4/4,1000,Score in Half,Moon Slits Bottom Panel,Yes 75 Envelopes A2
Majestic,Silk,4.25 x 11,Vertical,Rectangle,16PT C2S,No Coating,Silk,n/a,4/4,1000,Score in Half,Moon Slits Bottom Panel,Yes 75 Envelopes A2
Majestic,Silk,5.5 x 8.5,Vertical,Rectangle,16PT C2S,No Coating,Silk,n/a,4/4,1000,Score in Half,Moon Slits Bottom Panel,Yes 75 Envelopes A2
Majestic,Silk,4.25 x 11,Horizontal,Rectangle,16PT C2S,No Coating,Silk,n/a,4/0,2500,Score in Half,Moon Slits Bottom Panel,Yes 75 Envelopes A2
Majestic,Silk,5.5 x 8.5,Horizontal,Rectangle,16PT C2S,No Coating,Silk,n/a,4/0,2500,Score in Half,Moon Slits Bottom Panel,Yes 75 Envelopes A2
Majestic,Silk,4.25 x 11,Vertical,Rectangle,16PT C2S,No Coating,Silk,n/a,4/0,2500,Score in Half,Moon Slits Bottom Panel,Yes 75 Envelopes A2
Majestic,Silk,5.5 x 8.5,Vertical,Rectangle,16PT C2S,No Coating,Silk,n/a,4/0,2500,Score in Half,Moon Slits Bottom Panel,Yes 75 Envelopes A2
Majestic,Silk,4.25 x 11,Horizontal,Rectangle,16PT C2S,No Coating,Silk,n/a,4/1,2500,Score in Half,Moon Slits Bottom Panel,Yes 75 Envelopes A2
Majestic,Silk,4.25 x 11,Vertical,Rectangle,16PT C2S,No Coating,Silk,n/a,4/1,2500,Score in Half,Moon Slits Bottom Panel,Yes 75 Envelopes A2
Majestic,Silk,5.5 x 8.5,Horizontal,Rectangle,16PT C2S,No Coating,Silk,n/a,4/1,2500,Score in Half,Moon Slits Bottom Panel,Yes 75 Envelopes A2
Majestic,Silk,5.5 x 8.5,Vertical,Rectangle,16PT C2S,No Coating,Silk,n/a,4/1,2500,Score in Half,Moon Slits Bottom Panel,Yes 75 Envelopes A2
Majestic,Silk,4.25 x 11,Horizontal,Rectangle,16PT C2S,No Coating,Silk,n/a,4/4,2500,Score in Half,Moon Slits Bottom Panel,Yes 75 Envelopes A2
Majestic,Silk,5.5 x 8.5,Horizontal,Rectangle,16PT C2S,No Coating,Silk,n/a,4/4,2500,Score in Half,Moon Slits Bottom Panel,Yes 75 Envelopes A2
Majestic,Silk,4.25 x 11,Vertical,Rectangle,16PT C2S,No Coating,Silk,n/a,4/4,2500,Score in Half,Moon Slits Bottom Panel,Yes 75 Envelopes A2
Majestic,Silk,5.5 x 8.5,Vertical,Rectangle,16PT C2S,No Coating,Silk,n/a,4/4,2500,Score in Half,Moon Slits Bottom Panel,Yes 75 Envelopes A2
Majestic,Silk,4.25 x 11,Horizontal,Rectangle,16PT C2S,No Coating,Silk,n/a,4/0,5000,Score in Half,Moon Slits Bottom Panel,Yes 75 Envelopes A2
Majestic,Silk,5.5 x 8.5,Horizontal,Rectangle,16PT C2S,No Coating,Silk,n/a,4/0,5000,Score in Half,Moon Slits Bottom Panel,Yes 75 Envelopes A2
Majestic,Silk,4.25 x 11,Vertical,Rectangle,16PT C2S,No Coating,Silk,n/a,4/0,5000,Score in Half,Moon Slits Bottom Panel,Yes 75 Envelopes A2
Majestic,Silk,5.5 x 8.5,Vertical,Rectangle,16PT C2S,No Coating,Silk,n/a,4/0,5000,Score in Half,Moon Slits Bottom Panel,Yes 75 Envelopes A2
Majestic,Silk,4.25 x 11,Horizontal,Rectangle,16PT C2S,No Coating,Silk,n/a,4/1,5000,Score in Half,Moon Slits Bottom Panel,Yes 75 Envelopes A2
Majestic,Silk,5.5 x 8.5,Horizontal,Rectangle,16PT C2S,No Coating,Silk,n/a,4/1,5000,Score in Half,Moon Slits Bottom Panel,Yes 75 Envelopes A2
Majestic,Silk,4.25 x 11,Vertical,Rectangle,16PT C2S,No Coating,Silk,n/a,4/1,5000,Score in Half,Moon Slits Bottom Panel,Yes 75 Envelopes A2
Majestic,Silk,5.5 x 8.5,Vertical,Rectangle,16PT C2S,No Coating,Silk,n/a,4/1,5000,Score in Half,Moon Slits Bottom Panel,Yes 75 Envelopes A2
Majestic,Silk,4.25 x 11,Horizontal,Rectangle,16PT C2S,No Coating,Silk,n/a,4/4,5000,Score in Half,Moon Slits Bottom Panel,Yes 75 Envelopes A2
Majestic,Silk,5.5 x 8.5,Horizontal,Rectangle,16PT C2S,No Coating,Silk,n/a,4/4,5000,Score in Half,Moon Slits Bottom Panel,Yes 75 Envelopes A2
Majestic,Silk,4.25 x 11,Vertical,Rectangle,16PT C2S,No Coating,Silk,n/a,4/4,5000,Score in Half,Moon Slits Bottom Panel,Yes 75 Envelopes A2
Majestic,Silk,5.5 x 8.5,Vertical,Rectangle,16PT C2S,No Coating,Silk,n/a,4/4,5000,Score in Half,Moon Slits Bottom Panel,Yes 75 Envelopes A2
Majestic,Silk,4.25 x 11,Horizontal,Rectangle,16PT C2S,No Coating,Silk,n/a,4/0,10000,Score in Half,Moon Slits Bottom Panel,Yes 75 Envelopes A2
Majestic,Silk,5.5 x 8.5,Horizontal,Rectangle,16PT C2S,No Coating,Silk,n/a,4/0,10000,Score in Half,Moon Slits Bottom Panel,Yes 75 Envelopes A2
Majestic,Silk,4.25 x 11,Vertical,Rectangle,16PT C2S,No Coating,Silk,n/a,4/0,10000,Score in Half,Moon Slits Bottom Panel,Yes 75 Envelopes A2
Majestic,Silk,5.5 x 8.5,Vertical,Rectangle,16PT C2S,No Coating,Silk,n/a,4/0,10000,Score in Half,Moon Slits Bottom Panel,Yes 75 Envelopes A2
Majestic,Silk,4.25 x 11,Vertical,Rectangle,16PT C2S,No Coating,Silk,n/a,4/0,50,Score in Half,Slide Slits Right Panel,Yes 50 Envelopes A2
Majestic,Silk,5.5 x 8.5,Horizontal,Rectangle,16PT C2S,No Coating,Silk,n/a,4/1,10000,Score in Half,Moon Slits Bottom Panel,Yes 75 Envelopes A2
Majestic,Silk,4.25 x 11,Vertical,Rectangle,16PT C2S,No Coating,Silk,n/a,4/1,10000,Score in Half,Moon Slits Bottom Panel,Yes 75 Envelopes A2
Majestic,Silk,5.5 x 8.5,Vertical,Rectangle,16PT C2S,No Coating,Silk,n/a,4/1,10000,Score in Half,Moon Slits Bottom Panel,Yes 75 Envelopes A2
Majestic,Silk,4.25 x 11,Horizontal,Rectangle,16PT C2S,No Coating,Silk,n/a,4/4,10000,Score in Half,Moon Slits Bottom Panel,Yes 75 Envelopes A2
Majestic,Silk,5.5 x 8.5,Horizontal,Rectangle,16PT C2S,No Coating,Silk,n/a,4/4,10000,Score in Half,Moon Slits Bottom Panel,Yes 75 Envelopes A2
Majestic,Silk,4.25 x 11,Vertical,Rectangle,16PT C2S,No Coating,Silk,n/a,4/4,10000,Score in Half,Moon Slits Bottom Panel,Yes 75 Envelopes A2
Majestic,Silk,5.5 x 8.5,Vertical,Rectangle,16PT C2S,No Coating,Silk,n/a,4/4,10000,Score in Half,Moon Slits Bottom Panel,Yes 75 Envelopes A2
Majestic,Silk,4.25 x 11,Horizontal,Rectangle,16PT C2S,No Coating,Silk,n/a,4/0,25,Score in Half,Moon Slits Right Panel,Yes 75 Envelopes A2
Majestic,Silk,5.5 x 8.5,Horizontal,Rectangle,16PT C2S,No Coating,Silk,n/a,4/0,25,Score in Half,Moon Slits Right Panel,Yes 75 Envelopes A2
Majestic,Silk,4.25 x 11,Vertical,Rectangle,16PT C2S,No Coating,Silk,n/a,4/0,25,Score in Half,Moon Slits Right Panel,Yes 75 Envelopes A2
Majestic,Silk,5.5 x 8.5,Vertical,Rectangle,16PT C2S,No Coating,Silk,n/a,4/0,25,Score in Half,Moon Slits Right Panel,Yes 75 Envelopes A2
Majestic,Silk,4.25 x 11,Horizontal,Rectangle,16PT C2S,No Coating,Silk,n/a,4/1,25,Score in Half,Moon Slits Right Panel,Yes 75 Envelopes A2
Majestic,Silk,5.5 x 8.5,Horizontal,Rectangle,16PT C2S,No Coating,Silk,n/a,4/1,25,Score in Half,Moon Slits Right Panel,Yes 75 Envelopes A2
Majestic,Silk,4.25 x 11,Vertical,Rectangle,16PT C2S,No Coating,Silk,n/a,4/1,25,Score in Half,Moon Slits Right Panel,Yes 75 Envelopes A2
Majestic,Silk,5.5 x 8.5,Vertical,Rectangle,16PT C2S,No Coating,Silk,n/a,4/1,25,Score in Half,Moon Slits Right Panel,Yes 75 Envelopes A2
Majestic,Silk,4.25 x 11,Horizontal,Rectangle,16PT C2S,No Coating,Silk,n/a,4/4,25,Score in Half,Moon Slits Right Panel,Yes 75 Envelopes A2
Majestic,Silk,5.5 x 8.5,Horizontal,Rectangle,16PT C2S,No Coating,Silk,n/a,4/4,25,Score in Half,Moon Slits Right Panel,Yes 75 Envelopes A2
Majestic,Silk,4.25 x 11,Vertical,Rectangle,16PT C2S,No Coating,Silk,n/a,4/4,25,Score in Half,Moon Slits Right Panel,Yes 75 Envelopes A2
Majestic,Silk,5.5 x 8.5,Vertical,Rectangle,16PT C2S,No Coating,Silk,n/a,4/4,25,Score in Half,Moon Slits Right Panel,Yes 75 Envelopes A2
Majestic,Silk,4.25 x 11,Horizontal,Rectangle,16PT C2S,No Coating,Silk,n/a,4/0,50,Score in Half,Moon Slits Right Panel,Yes 75 Envelopes A2
Majestic,Silk,5.5 x 8.5,Horizontal,Rectangle,16PT C2S,No Coating,Silk,n/a,4/0,50,Score in Half,Moon Slits Right Panel,Yes 75 Envelopes A2
Majestic,Silk,4.25 x 11,Vertical,Rectangle,16PT C2S,No Coating,Silk,n/a,4/0,50,Score in Half,Moon Slits Right Panel,Yes 75 Envelopes A2
Majestic,Silk,5.5 x 8.5,Vertical,Rectangle,16PT C2S,No Coating,Silk,n/a,4/0,50,Score in Half,Moon Slits Right Panel,Yes 75 Envelopes A2
Majestic,Silk,4.25 x 11,Horizontal,Rectangle,16PT C2S,No Coating,Silk,n/a,4/1,50,Score in Half,Moon Slits Right Panel,Yes 75 Envelopes A2
Majestic,Silk,5.5 x 8.5,Horizontal,Rectangle,16PT C2S,No Coating,Silk,n/a,4/1,50,Score in Half,Moon Slits Right Panel,Yes 75 Envelopes A2
Majestic,Silk,4.25 x 11,Vertical,Rectangle,16PT C2S,No Coating,Silk,n/a,4/1,50,Score in Half,Moon Slits Right Panel,Yes 75 Envelopes A2
Majestic,Silk,5.5 x 8.5,Vertical,Rectangle,16PT C2S,No Coating,Silk,n/a,4/1,50,Score in Half,Moon Slits Right Panel,Yes 75 Envelopes A2
Majestic,Silk,4.25 x 11,Horizontal,Rectangle,16PT C2S,No Coating,Silk,n/a,4/4,50,Score in Half,Moon Slits Right Panel,Yes 75 Envelopes A2
Majestic,Silk,5.5 x 8.5,Horizontal,Rectangle,16PT C2S,No Coating,Silk,n/a,4/4,50,Score in Half,Moon Slits Right Panel,Yes 75 Envelopes A2
Majestic,Silk,4.25 x 11,Vertical,Rectangle,16PT C2S,No Coating,Silk,n/a,4/4,50,Score in Half,Moon Slits Right Panel,Yes 75 Envelopes A2
Majestic,Silk,5.5 x 8.5,Vertical,Rectangle,16PT C2S,No Coating,Silk,n/a,4/4,50,Score in Half,Moon Slits Right Panel,Yes 75 Envelopes A2
Majestic,Silk,4.25 x 11,Horizontal,Rectangle,16PT C2S,No Coating,Silk,n/a,4/0,75,Score in Half,Moon Slits Right Panel,Yes 75 Envelopes A2
Majestic,Silk,5.5 x 8.5,Horizontal,Rectangle,16PT C2S,No Coating,Silk,n/a,4/0,75,Score in Half,Moon Slits Right Panel,Yes 75 Envelopes A2
Majestic,Silk,4.25 x 11,Vertical,Rectangle,16PT C2S,No Coating,Silk,n/a,4/0,75,Score in Half,Moon Slits Right Panel,Yes 75 Envelopes A2
Majestic,Silk,5.5 x 8.5,Vertical,Rectangle,16PT C2S,No Coating,Silk,n/a,4/0,75,Score in Half,Moon Slits Right Panel,Yes 75 Envelopes A2
Majestic,Silk,4.25 x 11,Horizontal,Rectangle,16PT C2S,No Coating,Silk,n/a,4/1,75,Score in Half,Moon Slits Right Panel,Yes 75 Envelopes A2
Majestic,Silk,5.5 x 8.5,Horizontal,Rectangle,16PT C2S,No Coating,Silk,n/a,4/1,75,Score in Half,Moon Slits Right Panel,Yes 75 Envelopes A2
Majestic,Silk,4.25 x 11,Vertical,Rectangle,16PT C2S,No Coating,Silk,n/a,4/1,75,Score in Half,Moon Slits Right Panel,Yes 75 Envelopes A2
Majestic,Silk,5.5 x 8.5,Vertical,Rectangle,16PT C2S,No Coating,Silk,n/a,4/1,75,Score in Half,Moon Slits Right Panel,Yes 75 Envelopes A2
Majestic,Silk,4.25 x 11,Horizontal,Rectangle,16PT C2S,No Coating,Silk,n/a,4/4,75,Score in Half,Moon Slits Right Panel,Yes 75 Envelopes A2
Majestic,Silk,5.5 x 8.5,Horizontal,Rectangle,16PT C2S,No Coating,Silk,n/a,4/4,75,Score in Half,Moon Slits Right Panel,Yes 75 Envelopes A2
Majestic,Silk,4.25 x 11,Vertical,Rectangle,16PT C2S,No Coating,Silk,n/a,4/4,75,Score in Half,Moon Slits Right Panel,Yes 75 Envelopes A2
Majestic,Silk,5.5 x 8.5,Vertical,Rectangle,16PT C2S,No Coating,Silk,n/a,4/4,75,Score in Half,Moon Slits Right Panel,Yes 75 Envelopes A2
Majestic,Silk,4.25 x 11,Horizontal,Rectangle,16PT C2S,No Coating,Silk,n/a,4/0,100,Score in Half,Moon Slits Right Panel,Yes 75 Envelopes A2
Majestic,Silk,5.5 x 8.5,Horizontal,Rectangle,16PT C2S,No Coating,Silk,n/a,4/0,100,Score in Half,Moon Slits Right Panel,Yes 75 Envelopes A2
Majestic,Silk,4.25 x 11,Vertical,Rectangle,16PT C2S,No Coating,Silk,n/a,4/0,100,Score in Half,Moon Slits Right Panel,Yes 75 Envelopes A2
Majestic,Silk,4.25 x 11,Horizontal,Rectangle,16PT C2S,No Coating,Silk,n/a,4/1,100,Score in Half,Moon Slits Right Panel,Yes 75 Envelopes A2
Majestic,Silk,5.5 x 8.5,Vertical,Rectangle,16PT C2S,No Coating,Silk,n/a,4/0,100,Score in Half,Moon Slits Right Panel,Yes 75 Envelopes A2
Majestic,Silk,5.5 x 8.5,Horizontal,Rectangle,16PT C2S,No Coating,Silk,n/a,4/1,100,Score in Half,Moon Slits Right Panel,Yes 75 Envelopes A2
Majestic,Silk,4.25 x 11,Vertical,Rectangle,16PT C2S,No Coating,Silk,n/a,4/1,100,Score in Half,Moon Slits Right Panel,Yes 75 Envelopes A2
Majestic,Silk,5.5 x 8.5,Vertical,Rectangle,16PT C2S,No Coating,Silk,n/a,4/1,100,Score in Half,Moon Slits Right Panel,Yes 75 Envelopes A2
Majestic,Silk,4.25 x 11,Horizontal,Rectangle,16PT C2S,No Coating,Silk,n/a,4/4,100,Score in Half,Moon Slits Right Panel,Yes 75 Envelopes A2
Majestic,Silk,5.5 x 8.5,Horizontal,Rectangle,16PT C2S,No Coating,Silk,n/a,4/4,100,Score in Half,Moon Slits Right Panel,Yes 75 Envelopes A2
Majestic,Silk,4.25 x 11,Vertical,Rectangle,16PT C2S,No Coating,Silk,n/a,4/4,100,Score in Half,Moon Slits Right Panel,Yes 75 Envelopes A2
Majestic,Silk,5.5 x 8.5,Vertical,Rectangle,16PT C2S,No Coating,Silk,n/a,4/4,100,Score in Half,Moon Slits Right Panel,Yes 75 Envelopes A2
Majestic,Silk,4.25 x 11,Horizontal,Rectangle,16PT C2S,No Coating,Silk,n/a,4/0,250,Score in Half,Moon Slits Right Panel,Yes 75 Envelopes A2
Majestic,Silk,5.5 x 8.5,Horizontal,Rectangle,16PT C2S,No Coating,Silk,n/a,4/0,250,Score in Half,Moon Slits Right Panel,Yes 75 Envelopes A2
Majestic,Silk,4.25 x 11,Vertical,Rectangle,16PT C2S,No Coating,Silk,n/a,4/0,250,Score in Half,Moon Slits Right Panel,Yes 75 Envelopes A2
Majestic,Silk,5.5 x 8.5,Vertical,Rectangle,16PT C2S,No Coating,Silk,n/a,4/0,250,Score in Half,Moon Slits Right Panel,Yes 75 Envelopes A2
Majestic,Silk,4.25 x 11,Horizontal,Rectangle,16PT C2S,No Coating,Silk,n/a,4/1,250,Score in Half,Moon Slits Right Panel,Yes 75 Envelopes A2
Majestic,Silk,5.5 x 8.5,Horizontal,Rectangle,16PT C2S,No Coating,Silk,n/a,4/1,250,Score in Half,Moon Slits Right Panel,Yes 75 Envelopes A2
Majestic,Silk,4.25 x 11,Vertical,Rectangle,16PT C2S,No Coating,Silk,n/a,4/1,250,Score in Half,Moon Slits Right Panel,Yes 75 Envelopes A2
Majestic,Silk,5.5 x 8.5,Vertical,Rectangle,16PT C2S,No Coating,Silk,n/a,4/1,250,Score in Half,Moon Slits Right Panel,Yes 75 Envelopes A2
Majestic,Silk,4.25 x 11,Horizontal,Rectangle,16PT C2S,No Coating,Silk,n/a,4/4,250,Score in Half,Moon Slits Right Panel,Yes 75 Envelopes A2
Majestic,Silk,5.5 x 8.5,Horizontal,Rectangle,16PT C2S,No Coating,Silk,n/a,4/4,250,Score in Half,Moon Slits Right Panel,Yes 75 Envelopes A2
Majestic,Silk,4.25 x 11,Vertical,Rectangle,16PT C2S,No Coating,Silk,n/a,4/4,250,Score in Half,Moon Slits Right Panel,Yes 75 Envelopes A2
Majestic,Silk,4.25 x 11,Horizontal,Rectangle,16PT C2S,No Coating,Silk,n/a,4/1,10000,Score in Half,Moon Slits Bottom Panel,Yes 75 Envelopes A2
Majestic,Silk,5.5 x 8.5,Vertical,Rectangle,16PT C2S,No Coating,Silk,n/a,4/4,250,Score in Half,Moon Slits Right Panel,Yes 75 Envelopes A2
Majestic,Silk,4.25 x 11,Horizontal,Rectangle,16PT C2S,No Coating,Silk,n/a,4/0,500,Score in Half,Moon Slits Right Panel,Yes 75 Envelopes A2
Majestic,Silk,4.25 x 11,Vertical,Rectangle,16PT C2S,No Coating,Silk,n/a,4/0,500,Score in Half,Moon Slits Right Panel,Yes 75 Envelopes A2
Majestic,Silk,5.5 x 8.5,Vertical,Rectangle,16PT C2S,No Coating,Silk,n/a,4/0,500,Score in Half,Moon Slits Right Panel,Yes 75 Envelopes A2
Majestic,Silk,4.25 x 11,Horizontal,Rectangle,16PT C2S,No Coating,Silk,n/a,4/1,500,Score in Half,Moon Slits Right Panel,Yes 75 Envelopes A2
Majestic,Silk,5.5 x 8.5,Horizontal,Rectangle,16PT C2S,No Coating,Silk,n/a,4/1,500,Score in Half,Moon Slits Right Panel,Yes 75 Envelopes A2
Majestic,Silk,4.25 x 11,Vertical,Rectangle,16PT C2S,No Coating,Silk,n/a,4/1,500,Score in Half,Moon Slits Right Panel,Yes 75 Envelopes A2
Majestic,Silk,5.5 x 8.5,Vertical,Rectangle,16PT C2S,No Coating,Silk,n/a,4/1,500,Score in Half,Moon Slits Right Panel,Yes 75 Envelopes A2
Majestic,Silk,4.25 x 11,Horizontal,Rectangle,16PT C2S,No Coating,Silk,n/a,4/4,500,Score in Half,Moon Slits Right Panel,Yes 75 Envelopes A2
Majestic,Silk,5.5 x 8.5,Horizontal,Rectangle,16PT C2S,No Coating,Silk,n/a,4/4,500,Score in Half,Moon Slits Right Panel,Yes 75 Envelopes A2
Majestic,Silk,5.5 x 8.5,Horizontal,Rectangle,16PT C2S,No Coating,Silk,n/a,4/0,50,Score in Half,Slide Slits Right Panel,Yes 50 Envelopes A2
Majestic,Silk,5.5 x 8.5,Vertical,Rectangle,16PT C2S,No Coating,Silk,n/a,4/4,500,Score in Half,Moon Slits Right Panel,Yes 75 Envelopes A2
Majestic,Silk,4.25 x 11,Horizontal,Rectangle,16PT C2S,No Coating,Silk,n/a,4/0,1000,Score in Half,Moon Slits Right Panel,Yes 75 Envelopes A2
Majestic,Silk,5.5 x 8.5,Horizontal,Rectangle,16PT C2S,No Coating,Silk,n/a,4/0,1000,Score in Half,Moon Slits Right Panel,Yes 75 Envelopes A2
Majestic,Silk,4.25 x 11,Vertical,Rectangle,16PT C2S,No Coating,Silk,n/a,4/0,1000,Score in Half,Moon Slits Right Panel,Yes 75 Envelopes A2
Majestic,Silk,5.5 x 8.5,Vertical,Rectangle,16PT C2S,No Coating,Silk,n/a,4/0,1000,Score in Half,Moon Slits Right Panel,Yes 75 Envelopes A2
Majestic,Silk,4.25 x 11,Horizontal,Rectangle,16PT C2S,No Coating,Silk,n/a,4/1,1000,Score in Half,Moon Slits Right Panel,Yes 75 Envelopes A2
Majestic,Silk,5.5 x 8.5,Horizontal,Rectangle,16PT C2S,No Coating,Silk,n/a,4/1,1000,Score in Half,Moon Slits Right Panel,Yes 75 Envelopes A2
Majestic,Silk,4.25 x 11,Vertical,Rectangle,16PT C2S,No Coating,Silk,n/a,4/1,1000,Score in Half,Moon Slits Right Panel,Yes 75 Envelopes A2
Majestic,Silk,4.25 x 11,Vertical,Rectangle,16PT C2S,No Coating,Silk,n/a,4/4,250,Score in Half,Moon Slits Bottom Panel,Yes 75 Envelopes A2
Majestic,Silk,4.25 x 11,Horizontal,Rectangle,16PT C2S,No Coating,Silk,n/a,4/4,1000,Score in Half,Moon Slits Right Panel,Yes 75 Envelopes A2
Majestic,Silk,5.5 x 8.5,Horizontal,Rectangle,16PT C2S,No Coating,Silk,n/a,4/4,1000,Score in Half,Moon Slits Right Panel,Yes 75 Envelopes A2
Majestic,Silk,4.25 x 11,Vertical,Rectangle,16PT C2S,No Coating,Silk,n/a,4/4,1000,Score in Half,Moon Slits Right Panel,Yes 75 Envelopes A2
Majestic,Silk,5.5 x 8.5,Vertical,Rectangle,16PT C2S,No Coating,Silk,n/a,4/4,1000,Score in Half,Moon Slits Right Panel,Yes 75 Envelopes A2
Majestic,Silk,4.25 x 11,Horizontal,Rectangle,16PT C2S,No Coating,Silk,n/a,4/0,2500,Score in Half,Moon Slits Right Panel,Yes 75 Envelopes A2
Majestic,Silk,5.5 x 8.5,Horizontal,Rectangle,16PT C2S,No Coating,Silk,n/a,4/0,2500,Score in Half,Moon Slits Right Panel,Yes 75 Envelopes A2
Majestic,Silk,4.25 x 11,Vertical,Rectangle,16PT C2S,No Coating,Silk,n/a,4/0,2500,Score in Half,Moon Slits Right Panel,Yes 75 Envelopes A2
Majestic,Silk,5.5 x 8.5,Vertical,Rectangle,16PT C2S,No Coating,Silk,n/a,4/0,2500,Score in Half,Moon Slits Right Panel,Yes 75 Envelopes A2
Majestic,Silk,4.25 x 11,Horizontal,Rectangle,16PT C2S,No Coating,Silk,n/a,4/1,2500,Score in Half,Moon Slits Right Panel,Yes 75 Envelopes A2
Majestic,Silk,5.5 x 8.5,Horizontal,Rectangle,16PT C2S,No Coating,Silk,n/a,4/1,2500,Score in Half,Moon Slits Right Panel,Yes 75 Envelopes A2
Majestic,Silk,4.25 x 11,Vertical,Rectangle,16PT C2S,No Coating,Silk,n/a,4/1,2500,Score in Half,Moon Slits Right Panel,Yes 75 Envelopes A2
Majestic,Silk,5.5 x 8.5,Vertical,Rectangle,16PT C2S,No Coating,Silk,n/a,4/1,2500,Score in Half,Moon Slits Right Panel,Yes 75 Envelopes A2
Majestic,Silk,4.25 x 11,Horizontal,Rectangle,16PT C2S,No Coating,Silk,n/a,4/4,2500,Score in Half,Moon Slits Right Panel,Yes 75 Envelopes A2
Majestic,Silk,5.5 x 8.5,Horizontal,Rectangle,16PT C2S,No Coating,Silk,n/a,4/4,2500,Score in Half,Moon Slits Right Panel,Yes 75 Envelopes A2
Majestic,Silk,4.25 x 11,Vertical,Rectangle,16PT C2S,No Coating,Silk,n/a,4/4,2500,Score in Half,Moon Slits Right Panel,Yes 75 Envelopes A2
Majestic,Silk,5.5 x 8.5,Vertical,Rectangle,16PT C2S,No Coating,Silk,n/a,4/4,2500,Score in Half,Moon Slits Right Panel,Yes 75 Envelopes A2
Majestic,Silk,4.25 x 11,Horizontal,Rectangle,16PT C2S,No Coating,Silk,n/a,4/0,5000,Score in Half,Moon Slits Right Panel,Yes 75 Envelopes A2
Majestic,Silk,5.5 x 8.5,Horizontal,Rectangle,16PT C2S,No Coating,Silk,n/a,4/0,5000,Score in Half,Moon Slits Right Panel,Yes 75 Envelopes A2
Majestic,Silk,4.25 x 11,Vertical,Rectangle,16PT C2S,No Coating,Silk,n/a,4/0,5000,Score in Half,Moon Slits Right Panel,Yes 75 Envelopes A2
Majestic,Silk,5.5 x 8.5,Vertical,Rectangle,16PT C2S,No Coating,Silk,n/a,4/0,5000,Score in Half,Moon Slits Right Panel,Yes 75 Envelopes A2
Majestic,Silk,4.25 x 11,Horizontal,Rectangle,16PT C2S,No Coating,Silk,n/a,4/1,5000,Score in Half,Moon Slits Right Panel,Yes 75 Envelopes A2
Majestic,Silk,5.5 x 8.5,Horizontal,Rectangle,16PT C2S,No Coating,Silk,n/a,4/1,5000,Score in Half,Moon Slits Right Panel,Yes 75 Envelopes A2
Majestic,Silk,4.25 x 11,Vertical,Rectangle,16PT C2S,No Coating,Silk,n/a,4/1,5000,Score in Half,Moon Slits Right Panel,Yes 75 Envelopes A2
Majestic,Silk,5.5 x 8.5,Vertical,Rectangle,16PT C2S,No Coating,Silk,n/a,4/1,5000,Score in Half,Moon Slits Right Panel,Yes 75 Envelopes A2
Majestic,Silk,4.25 x 11,Horizontal,Rectangle,16PT C2S,No Coating,Silk,n/a,4/4,5000,Score in Half,Moon Slits Right Panel,Yes 75 Envelopes A2
Majestic,Silk,5.5 x 8.5,Horizontal,Rectangle,16PT C2S,No Coating,Silk,n/a,4/4,5000,Score in Half,Moon Slits Right Panel,Yes 75 Envelopes A2
Majestic,Silk,4.25 x 11,Vertical,Rectangle,16PT C2S,No Coating,Silk,n/a,4/4,5000,Score in Half,Moon Slits Right Panel,Yes 75 Envelopes A2
Majestic,Silk,5.5 x 8.5,Vertical,Rectangle,16PT C2S,No Coating,Silk,n/a,4/4,5000,Score in Half,Moon Slits Right Panel,Yes 75 Envelopes A2
Majestic,Silk,4.25 x 11,Horizontal,Rectangle,16PT C2S,No Coating,Silk,n/a,4/0,10000,Score in Half,Moon Slits Right Panel,Yes 75 Envelopes A2
Majestic,Silk,5.5 x 8.5,Horizontal,Rectangle,16PT C2S,No Coating,Silk,n/a,4/0,10000,Score in Half,Moon Slits Right Panel,Yes 75 Envelopes A2
Majestic,Silk,4.25 x 11,Vertical,Rectangle,16PT C2S,No Coating,Silk,n/a,4/0,10000,Score in Half,Moon Slits Right Panel,Yes 75 Envelopes A2
Majestic,Silk,5.5 x 8.5,Vertical,Rectangle,16PT C2S,No Coating,Silk,n/a,4/0,10000,Score in Half,Moon Slits Right Panel,Yes 75 Envelopes A2
Majestic,Silk,4.25 x 11,Horizontal,Rectangle,16PT C2S,No Coating,Silk,n/a,4/1,10000,Score in Half,Moon Slits Right Panel,Yes 75 Envelopes A2
Majestic,Silk,5.5 x 8.5,Horizontal,Rectangle,16PT C2S,No Coating,Silk,n/a,4/1,10000,Score in Half,Moon Slits Right Panel,Yes 75 Envelopes A2
Majestic,Silk,4.25 x 11,Vertical,Rectangle,16PT C2S,No Coating,Silk,n/a,4/1,10000,Score in Half,Moon Slits Right Panel,Yes 75 Envelopes A2
Majestic,Silk,5.5 x 8.5,Vertical,Rectangle,16PT C2S,No Coating,Silk,n/a,4/1,10000,Score in Half,Moon Slits Right Panel,Yes 75 Envelopes A2
Majestic,Silk,4.25 x 11,Horizontal,Rectangle,16PT C2S,No Coating,Silk,n/a,4/4,10000,Score in Half,Moon Slits Right Panel,Yes 75 Envelopes A2
Majestic,Silk,5.5 x 8.5,Horizontal,Rectangle,16PT C2S,No Coating,Silk,n/a,4/4,10000,Score in Half,Moon Slits Right Panel,Yes 75 Envelopes A2
Majestic,Silk,4.25 x 11,Vertical,Rectangle,16PT C2S,No Coating,Silk,n/a,4/4,10000,Score in Half,Moon Slits Right Panel,Yes 75 Envelopes A2
Majestic,Silk,5.5 x 8.5,Vertical,Rectangle,16PT C2S,No Coating,Silk,n/a,4/4,10000,Score in Half,Moon Slits Right Panel,Yes 75 Envelopes A2
Majestic,Silk,4.25 x 11,Horizontal,Rectangle,16PT C2S,No Coating,Silk,n/a,4/0,25,Score in Half,No Gift Cards Slits,Yes 75 Envelopes A2
Majestic,Silk,5.5 x 8.5,Horizontal,Rectangle,16PT C2S,No Coating,Silk,n/a,4/0,25,Score in Half,No Gift Cards Slits,Yes 75 Envelopes A2
Majestic,Silk,4.25 x 11,Vertical,Rectangle,16PT C2S,No Coating,Silk,n/a,4/0,25,Score in Half,No Gift Cards Slits,Yes 75 Envelopes A2
Majestic,Silk,5.5 x 8.5,Vertical,Rectangle,16PT C2S,No Coating,Silk,n/a,4/0,25,Score in Half,No Gift Cards Slits,Yes 75 Envelopes A2
Majestic,Silk,4.25 x 11,Horizontal,Rectangle,16PT C2S,No Coating,Silk,n/a,4/1,25,Score in Half,No Gift Cards Slits,Yes 75 Envelopes A2
Majestic,Silk,5.5 x 8.5,Horizontal,Rectangle,16PT C2S,No Coating,Silk,n/a,4/1,25,Score in Half,No Gift Cards Slits,Yes 75 Envelopes A2
Majestic,Silk,4.25 x 11,Vertical,Rectangle,16PT C2S,No Coating,Silk,n/a,4/1,25,Score in Half,No Gift Cards Slits,Yes 75 Envelopes A2
Majestic,Silk,5.5 x 8.5,Vertical,Rectangle,16PT C2S,No Coating,Silk,n/a,4/1,25,Score in Half,No Gift Cards Slits,Yes 75 Envelopes A2
Majestic,Silk,4.25 x 11,Horizontal,Rectangle,16PT C2S,No Coating,Silk,n/a,4/4,25,Score in Half,No Gift Cards Slits,Yes 75 Envelopes A2
Majestic,Silk,5.5 x 8.5,Horizontal,Rectangle,16PT C2S,No Coating,Silk,n/a,4/4,25,Score in Half,No Gift Cards Slits,Yes 75 Envelopes A2
Majestic,Silk,4.25 x 11,Vertical,Rectangle,16PT C2S,No Coating,Silk,n/a,4/4,25,Score in Half,No Gift Cards Slits,Yes 75 Envelopes A2
Majestic,Silk,5.5 x 8.5,Vertical,Rectangle,16PT C2S,No Coating,Silk,n/a,4/4,25,Score in Half,No Gift Cards Slits,Yes 75 Envelopes A2
Majestic,Silk,4.25 x 11,Horizontal,Rectangle,16PT C2S,No Coating,Silk,n/a,4/0,50,Score in Half,No Gift Cards Slits,Yes 75 Envelopes A2
Majestic,Silk,5.5 x 8.5,Horizontal,Rectangle,16PT C2S,No Coating,Silk,n/a,4/0,50,Score in Half,No Gift Cards Slits,Yes 75 Envelopes A2
Majestic,Silk,4.25 x 11,Vertical,Rectangle,16PT C2S,No Coating,Silk,n/a,4/0,50,Score in Half,No Gift Cards Slits,Yes 75 Envelopes A2
Majestic,Silk,5.5 x 8.5,Vertical,Rectangle,16PT C2S,No Coating,Silk,n/a,4/0,50,Score in Half,No Gift Cards Slits,Yes 75 Envelopes A2
Majestic,Silk,4.25 x 11,Horizontal,Rectangle,16PT C2S,No Coating,Silk,n/a,4/1,50,Score in Half,No Gift Cards Slits,Yes 75 Envelopes A2
Majestic,Silk,5.5 x 8.5,Horizontal,Rectangle,16PT C2S,No Coating,Silk,n/a,4/1,50,Score in Half,No Gift Cards Slits,Yes 75 Envelopes A2
Majestic,Silk,4.25 x 11,Vertical,Rectangle,16PT C2S,No Coating,Silk,n/a,4/1,50,Score in Half,No Gift Cards Slits,Yes 75 Envelopes A2
Majestic,Silk,5.5 x 8.5,Vertical,Rectangle,16PT C2S,No Coating,Silk,n/a,4/1,50,Score in Half,No Gift Cards Slits,Yes 75 Envelopes A2
Majestic,Silk,4.25 x 11,Horizontal,Rectangle,16PT C2S,No Coating,Silk,n/a,4/4,50,Score in Half,No Gift Cards Slits,Yes 75 Envelopes A2
Majestic,Silk,5.5 x 8.5,Horizontal,Rectangle,16PT C2S,No Coating,Silk,n/a,4/4,50,Score in Half,No Gift Cards Slits,Yes 75 Envelopes A2
Majestic,Silk,4.25 x 11,Vertical,Rectangle,16PT C2S,No Coating,Silk,n/a,4/4,50,Score in Half,No Gift Cards Slits,Yes 75 Envelopes A2
Majestic,Silk,5.5 x 8.5,Vertical,Rectangle,16PT C2S,No Coating,Silk,n/a,4/4,50,Score in Half,No Gift Cards Slits,Yes 75 Envelopes A2
Majestic,Silk,4.25 x 11,Horizontal,Rectangle,16PT C2S,No Coating,Silk,n/a,4/0,75,Score in Half,No Gift Cards Slits,Yes 75 Envelopes A2
Majestic,Silk,5.5 x 8.5,Horizontal,Rectangle,16PT C2S,No Coating,Silk,n/a,4/0,75,Score in Half,No Gift Cards Slits,Yes 75 Envelopes A2
Majestic,Silk,4.25 x 11,Vertical,Rectangle,16PT C2S,No Coating,Silk,n/a,4/0,75,Score in Half,No Gift Cards Slits,Yes 75 Envelopes A2
Majestic,Silk,5.5 x 8.5,Vertical,Rectangle,16PT C2S,No Coating,Silk,n/a,4/0,75,Score in Half,No Gift Cards Slits,Yes 75 Envelopes A2
Majestic,Silk,4.25 x 11,Horizontal,Rectangle,16PT C2S,No Coating,Silk,n/a,4/1,75,Score in Half,No Gift Cards Slits,Yes 75 Envelopes A2
Majestic,Silk,5.5 x 8.5,Horizontal,Rectangle,16PT C2S,No Coating,Silk,n/a,4/1,75,Score in Half,No Gift Cards Slits,Yes 75 Envelopes A2
Majestic,Silk,4.25 x 11,Vertical,Rectangle,16PT C2S,No Coating,Silk,n/a,4/1,75,Score in Half,No Gift Cards Slits,Yes 75 Envelopes A2
Majestic,Silk,5.5 x 8.5,Vertical,Rectangle,16PT C2S,No Coating,Silk,n/a,4/1,75,Score in Half,No Gift Cards Slits,Yes 75 Envelopes A2
Majestic,Silk,4.25 x 11,Horizontal,Rectangle,16PT C2S,No Coating,Silk,n/a,4/4,75,Score in Half,No Gift Cards Slits,Yes 75 Envelopes A2
Majestic,Silk,5.5 x 8.5,Horizontal,Rectangle,16PT C2S,No Coating,Silk,n/a,4/4,75,Score in Half,No Gift Cards Slits,Yes 75 Envelopes A2
Majestic,Silk,4.25 x 11,Vertical,Rectangle,16PT C2S,No Coating,Silk,n/a,4/4,75,Score in Half,No Gift Cards Slits,Yes 75 Envelopes A2
Majestic,Silk,5.5 x 8.5,Vertical,Rectangle,16PT C2S,No Coating,Silk,n/a,4/4,75,Score in Half,No Gift Cards Slits,Yes 75 Envelopes A2
Majestic,Silk,4.25 x 11,Horizontal,Rectangle,16PT C2S,No Coating,Silk,n/a,4/0,100,Score in Half,No Gift Cards Slits,Yes 75 Envelopes A2
Majestic,Silk,5.5 x 8.5,Horizontal,Rectangle,16PT C2S,No Coating,Silk,n/a,4/0,100,Score in Half,No Gift Cards Slits,Yes 75 Envelopes A2
Majestic,Silk,4.25 x 11,Vertical,Rectangle,16PT C2S,No Coating,Silk,n/a,4/0,100,Score in Half,No Gift Cards Slits,Yes 75 Envelopes A2
Majestic,Silk,5.5 x 8.5,Vertical,Rectangle,16PT C2S,No Coating,Silk,n/a,4/0,100,Score in Half,No Gift Cards Slits,Yes 75 Envelopes A2
Majestic,Silk,4.25 x 11,Horizontal,Rectangle,16PT C2S,No Coating,Silk,n/a,4/1,100,Score in Half,No Gift Cards Slits,Yes 75 Envelopes A2
Majestic,Silk,5.5 x 8.5,Horizontal,Rectangle,16PT C2S,No Coating,Silk,n/a,4/1,100,Score in Half,No Gift Cards Slits,Yes 75 Envelopes A2
Majestic,Silk,4.25 x 11,Vertical,Rectangle,16PT C2S,No Coating,Silk,n/a,4/1,100,Score in Half,No Gift Cards Slits,Yes 75 Envelopes A2
Majestic,Silk,5.5 x 8.5,Vertical,Rectangle,16PT C2S,No Coating,Silk,n/a,4/1,100,Score in Half,No Gift Cards Slits,Yes 75 Envelopes A2
Majestic,Silk,4.25 x 11,Horizontal,Rectangle,16PT C2S,No Coating,Silk,n/a,4/4,100,Score in Half,No Gift Cards Slits,Yes 75 Envelopes A2
Majestic,Silk,5.5 x 8.5,Horizontal,Rectangle,16PT C2S,No Coating,Silk,n/a,4/4,100,Score in Half,No Gift Cards Slits,Yes 75 Envelopes A2
Majestic,Silk,4.25 x 11,Vertical,Rectangle,16PT C2S,No Coating,Silk,n/a,4/4,100,Score in Half,No Gift Cards Slits,Yes 75 Envelopes A2
Majestic,Silk,5.5 x 8.5,Vertical,Rectangle,16PT C2S,No Coating,Silk,n/a,4/4,100,Score in Half,No Gift Cards Slits,Yes 75 Envelopes A2
Majestic,Silk,4.25 x 11,Horizontal,Rectangle,16PT C2S,No Coating,Silk,n/a,4/0,250,Score in Half,No Gift Cards Slits,Yes 75 Envelopes A2
Majestic,Silk,5.5 x 8.5,Horizontal,Rectangle,16PT C2S,No Coating,Silk,n/a,4/0,250,Score in Half,No Gift Cards Slits,Yes 75 Envelopes A2
Majestic,Silk,4.25 x 11,Vertical,Rectangle,16PT C2S,No Coating,Silk,n/a,4/0,250,Score in Half,No Gift Cards Slits,Yes 75 Envelopes A2
Majestic,Silk,5.5 x 8.5,Vertical,Rectangle,16PT C2S,No Coating,Silk,n/a,4/0,250,Score in Half,No Gift Cards Slits,Yes 75 Envelopes A2
Majestic,Silk,4.25 x 11,Horizontal,Rectangle,16PT C2S,No Coating,Silk,n/a,4/1,250,Score in Half,No Gift Cards Slits,Yes 75 Envelopes A2
Majestic,Silk,5.5 x 8.5,Horizontal,Rectangle,16PT C2S,No Coating,Silk,n/a,4/1,250,Score in Half,No Gift Cards Slits,Yes 75 Envelopes A2
Majestic,Silk,4.25 x 11,Vertical,Rectangle,16PT C2S,No Coating,Silk,n/a,4/1,250,Score in Half,No Gift Cards Slits,Yes 75 Envelopes A2
Majestic,Silk,5.5 x 8.5,Vertical,Rectangle,16PT C2S,No Coating,Silk,n/a,4/1,250,Score in Half,No Gift Cards Slits,Yes 75 Envelopes A2
Majestic,Silk,4.25 x 11,Horizontal,Rectangle,16PT C2S,No Coating,Silk,n/a,4/4,250,Score in Half,No Gift Cards Slits,Yes 75 Envelopes A2
Majestic,Silk,5.5 x 8.5,Horizontal,Rectangle,16PT C2S,No Coating,Silk,n/a,4/4,250,Score in Half,No Gift Cards Slits,Yes 75 Envelopes A2
Majestic,Silk,4.25 x 11,Vertical,Rectangle,16PT C2S,No Coating,Silk,n/a,4/4,250,Score in Half,No Gift Cards Slits,Yes 75 Envelopes A2
Majestic,Silk,5.5 x 8.5,Vertical,Rectangle,16PT C2S,No Coating,Silk,n/a,4/4,250,Score in Half,No Gift Cards Slits,Yes 75 Envelopes A2
Majestic,Silk,4.25 x 11,Horizontal,Rectangle,16PT C2S,No Coating,Silk,n/a,4/0,500,Score in Half,No Gift Cards Slits,Yes 75 Envelopes A2
Majestic,Silk,5.5 x 8.5,Horizontal,Rectangle,16PT C2S,No Coating,Silk,n/a,4/0,500,Score in Half,No Gift Cards Slits,Yes 75 Envelopes A2
Majestic,Silk,4.25 x 11,Vertical,Rectangle,16PT C2S,No Coating,Silk,n/a,4/0,500,Score in Half,No Gift Cards Slits,Yes 75 Envelopes A2
Majestic,Silk,5.5 x 8.5,Vertical,Rectangle,16PT C2S,No Coating,Silk,n/a,4/0,500,Score in Half,No Gift Cards Slits,Yes 75 Envelopes A2
Majestic,Silk,4.25 x 11,Horizontal,Rectangle,16PT C2S,No Coating,Silk,n/a,4/1,500,Score in Half,No Gift Cards Slits,Yes 75 Envelopes A2
Majestic,Silk,4.25 x 11,Vertical,Rectangle,16PT C2S,No Coating,Silk,n/a,4/4,500,Score in Half,Moon Slits Right Panel,Yes 75 Envelopes A2
Majestic,Silk,5.5 x 8.5,Horizontal,Rectangle,16PT C2S,No Coating,Silk,n/a,4/1,500,Score in Half,No Gift Cards Slits,Yes 75 Envelopes A2
Majestic,Silk,4.25 x 11,Vertical,Rectangle,16PT C2S,No Coating,Silk,n/a,4/1,500,Score in Half,No Gift Cards Slits,Yes 75 Envelopes A2
Majestic,Silk,5.5 x 8.5,Vertical,Rectangle,16PT C2S,No Coating,Silk,n/a,4/1,500,Score in Half,No Gift Cards Slits,Yes 75 Envelopes A2
Majestic,Silk,5.5 x 8.5,Vertical,Rectangle,16PT C2S,No Coating,Silk,n/a,4/1,1000,Score in Half,Moon Slits Right Panel,Yes 75 Envelopes A2
Majestic,Silk,4.25 x 11,Vertical,Rectangle,16PT C2S,No Coating,Silk,n/a,4/4,500,Score in Half,No Gift Cards Slits,Yes 75 Envelopes A2
Majestic,Silk,5.5 x 8.5,Vertical,Rectangle,16PT C2S,No Coating,Silk,n/a,4/4,500,Score in Half,No Gift Cards Slits,Yes 75 Envelopes A2
Majestic,Silk,4.25 x 11,Horizontal,Rectangle,16PT C2S,No Coating,Silk,n/a,4/0,1000,Score in Half,No Gift Cards Slits,Yes 75 Envelopes A2
Majestic,Silk,5.5 x 8.5,Horizontal,Rectangle,16PT C2S,No Coating,Silk,n/a,4/0,1000,Score in Half,No Gift Cards Slits,Yes 75 Envelopes A2
Majestic,Silk,4.25 x 11,Vertical,Rectangle,16PT C2S,No Coating,Silk,n/a,4/0,1000,Score in Half,No Gift Cards Slits,Yes 75 Envelopes A2
Majestic,Silk,5.5 x 8.5,Vertical,Rectangle,16PT C2S,No Coating,Silk,n/a,4/0,1000,Score in Half,No Gift Cards Slits,Yes 75 Envelopes A2
Majestic,Silk,4.25 x 11,Horizontal,Rectangle,16PT C2S,No Coating,Silk,n/a,4/1,1000,Score in Half,No Gift Cards Slits,Yes 75 Envelopes A2
Majestic,Silk,5.5 x 8.5,Horizontal,Rectangle,16PT C2S,No Coating,Silk,n/a,4/1,1000,Score in Half,No Gift Cards Slits,Yes 75 Envelopes A2
Majestic,Silk,4.25 x 11,Vertical,Rectangle,16PT C2S,No Coating,Silk,n/a,4/1,1000,Score in Half,No Gift Cards Slits,Yes 75 Envelopes A2
Majestic,Silk,5.5 x 8.5,Vertical,Rectangle,16PT C2S,No Coating,Silk,n/a,4/1,1000,Score in Half,No Gift Cards Slits,Yes 75 Envelopes A2
Majestic,Silk,4.25 x 11,Horizontal,Rectangle,16PT C2S,No Coating,Silk,n/a,4/4,1000,Score in Half,No Gift Cards Slits,Yes 75 Envelopes A2
Majestic,Silk,5.5 x 8.5,Horizontal,Rectangle,16PT C2S,No Coating,Silk,n/a,4/4,1000,Score in Half,No Gift Cards Slits,Yes 75 Envelopes A2
Majestic,Silk,4.25 x 11,Vertical,Rectangle,16PT C2S,No Coating,Silk,n/a,4/4,1000,Score in Half,No Gift Cards Slits,Yes 75 Envelopes A2
Majestic,Silk,5.5 x 8.5,Vertical,Rectangle,16PT C2S,No Coating,Silk,n/a,4/4,1000,Score in Half,No Gift Cards Slits,Yes 75 Envelopes A2
Majestic,Silk,4.25 x 11,Horizontal,Rectangle,16PT C2S,No Coating,Silk,n/a,4/0,2500,Score in Half,No Gift Cards Slits,Yes 75 Envelopes A2
Majestic,Silk,5.5 x 8.5,Horizontal,Rectangle,16PT C2S,No Coating,Silk,n/a,4/0,2500,Score in Half,No Gift Cards Slits,Yes 75 Envelopes A2
Majestic,Silk,4.25 x 11,Horizontal,Rectangle,16PT C2S,No Coating,Silk,n/a,4/4,500,Score in Half,No Gift Cards Slits,Yes 75 Envelopes A2
Majestic,Silk,4.25 x 11,Horizontal,Rectangle,16PT C2S,No Coating,Silk,n/a,4/1,2500,Score in Half,No Gift Cards Slits,Yes 75 Envelopes A2
Majestic,Silk,5.5 x 8.5,Vertical,Rectangle,16PT C2S,No Coating,Silk,n/a,4/0,2500,Score in Half,No Gift Cards Slits,Yes 75 Envelopes A2
Majestic,Silk,5.5 x 8.5,Horizontal,Rectangle,16PT C2S,No Coating,Silk,n/a,4/4,500,Score in Half,No Gift Cards Slits,Yes 75 Envelopes A2
Majestic,Silk,4.25 x 11,Vertical,Rectangle,16PT C2S,No Coating,Silk,n/a,4/1,2500,Score in Half,No Gift Cards Slits,Yes 75 Envelopes A2
Majestic,Silk,5.5 x 8.5,Vertical,Rectangle,16PT C2S,No Coating,Silk,n/a,4/1,2500,Score in Half,No Gift Cards Slits,Yes 75 Envelopes A2
Majestic,Silk,4.25 x 11,Horizontal,Rectangle,16PT C2S,No Coating,Silk,n/a,4/4,2500,Score in Half,No Gift Cards Slits,Yes 75 Envelopes A2
Majestic,Silk,5.5 x 8.5,Horizontal,Rectangle,16PT C2S,No Coating,Silk,n/a,4/4,2500,Score in Half,No Gift Cards Slits,Yes 75 Envelopes A2
Majestic,Silk,4.25 x 11,Vertical,Rectangle,16PT C2S,No Coating,Silk,n/a,4/4,2500,Score in Half,No Gift Cards Slits,Yes 75 Envelopes A2
Majestic,Silk,5.5 x 8.5,Vertical,Rectangle,16PT C2S,No Coating,Silk,n/a,4/4,2500,Score in Half,No Gift Cards Slits,Yes 75 Envelopes A2
Majestic,Silk,5.5 x 8.5,Horizontal,Rectangle,16PT C2S,No Coating,Silk,n/a,4/0,5000,Score in Half,No Gift Cards Slits,Yes 75 Envelopes A2
Majestic,Silk,4.25 x 11,Horizontal,Rectangle,16PT C2S,No Coating,Silk,n/a,4/0,5000,Score in Half,No Gift Cards Slits,Yes 75 Envelopes A2
Majestic,Silk,5.5 x 8.5,Vertical,Rectangle,16PT C2S,No Coating,Silk,n/a,4/0,5000,Score in Half,No Gift Cards Slits,Yes 75 Envelopes A2
Majestic,Silk,4.25 x 11,Horizontal,Rectangle,16PT C2S,No Coating,Silk,n/a,4/1,5000,Score in Half,No Gift Cards Slits,Yes 75 Envelopes A2
Majestic,Silk,4.25 x 11,Vertical,Rectangle,16PT C2S,No Coating,Silk,n/a,4/0,5000,Score in Half,No Gift Cards Slits,Yes 75 Envelopes A2
Majestic,Silk,5.5 x 8.5,Horizontal,Rectangle,16PT C2S,No Coating,Silk,n/a,4/1,5000,Score in Half,No Gift Cards Slits,Yes 75 Envelopes A2
Majestic,Silk,4.25 x 11,Vertical,Rectangle,16PT C2S,No Coating,Silk,n/a,4/1,5000,Score in Half,No Gift Cards Slits,Yes 75 Envelopes A2
Majestic,Silk,5.5 x 8.5,Vertical,Rectangle,16PT C2S,No Coating,Silk,n/a,4/1,5000,Score in Half,No Gift Cards Slits,Yes 75 Envelopes A2
Majestic,Silk,4.25 x 11,Horizontal,Rectangle,16PT C2S,No Coating,Silk,n/a,4/4,5000,Score in Half,No Gift Cards Slits,Yes 75 Envelopes A2
Majestic,Silk,5.5 x 8.5,Horizontal,Rectangle,16PT C2S,No Coating,Silk,n/a,4/4,5000,Score in Half,No Gift Cards Slits,Yes 75 Envelopes A2
Majestic,Silk,4.25 x 11,Vertical,Rectangle,16PT C2S,No Coating,Silk,n/a,4/4,5000,Score in Half,No Gift Cards Slits,Yes 75 Envelopes A2
Majestic,Silk,5.5 x 8.5,Vertical,Rectangle,16PT C2S,No Coating,Silk,n/a,4/4,5000,Score in Half,No Gift Cards Slits,Yes 75 Envelopes A2
Majestic,Silk,4.25 x 11,Horizontal,Rectangle,16PT C2S,No Coating,Silk,n/a,4/0,10000,Score in Half,No Gift Cards Slits,Yes 75 Envelopes A2
Majestic,Silk,5.5 x 8.5,Horizontal,Rectangle,16PT C2S,No Coating,Silk,n/a,4/0,10000,Score in Half,No Gift Cards Slits,Yes 75 Envelopes A2
Majestic,Silk,4.25 x 11,Vertical,Rectangle,16PT C2S,No Coating,Silk,n/a,4/0,10000,Score in Half,No Gift Cards Slits,Yes 75 Envelopes A2
Majestic,Silk,5.5 x 8.5,Vertical,Rectangle,16PT C2S,No Coating,Silk,n/a,4/0,10000,Score in Half,No Gift Cards Slits,Yes 75 Envelopes A2
Majestic,Silk,4.25 x 11,Horizontal,Rectangle,16PT C2S,No Coating,Silk,n/a,4/1,10000,Score in Half,No Gift Cards Slits,Yes 75 Envelopes A2
Majestic,Silk,5.5 x 8.5,Horizontal,Rectangle,16PT C2S,No Coating,Silk,n/a,4/1,10000,Score in Half,No Gift Cards Slits,Yes 75 Envelopes A2
Majestic,Silk,4.25 x 11,Vertical,Rectangle,16PT C2S,No Coating,Silk,n/a,4/1,10000,Score in Half,No Gift Cards Slits,Yes 75 Envelopes A2
Majestic,Silk,5.5 x 8.5,Vertical,Rectangle,16PT C2S,No Coating,Silk,n/a,4/1,10000,Score in Half,No Gift Cards Slits,Yes 75 Envelopes A2
Majestic,Silk,4.25 x 11,Horizontal,Rectangle,16PT C2S,No Coating,Silk,n/a,4/4,10000,Score in Half,No Gift Cards Slits,Yes 75 Envelopes A2
Majestic,Silk,5.5 x 8.5,Horizontal,Rectangle,16PT C2S,No Coating,Silk,n/a,4/4,10000,Score in Half,No Gift Cards Slits,Yes 75 Envelopes A2
Majestic,Silk,4.25 x 11,Vertical,Rectangle,16PT C2S,No Coating,Silk,n/a,4/4,10000,Score in Half,No Gift Cards Slits,Yes 75 Envelopes A2
Majestic,Silk,5.5 x 8.5,Vertical,Rectangle,16PT C2S,No Coating,Silk,n/a,4/4,10000,Score in Half,No Gift Cards Slits,Yes 75 Envelopes A2
Majestic,Silk,4.25 x 11,Horizontal,Rectangle,16PT C2S,No Coating,Silk,n/a,4/0,25,Score in Half,Slide Slits Bottom Panel,Yes 75 Envelopes A2
Majestic,Silk,5.5 x 8.5,Horizontal,Rectangle,16PT C2S,No Coating,Silk,n/a,4/0,25,Score in Half,Slide Slits Bottom Panel,Yes 75 Envelopes A2
Majestic,Silk,4.25 x 11,Vertical,Rectangle,16PT C2S,No Coating,Silk,n/a,4/0,25,Score in Half,Slide Slits Bottom Panel,Yes 75 Envelopes A2
Majestic,Silk,5.5 x 8.5,Vertical,Rectangle,16PT C2S,No Coating,Silk,n/a,4/0,25,Score in Half,Slide Slits Bottom Panel,Yes 75 Envelopes A2
Majestic,Silk,4.25 x 11,Horizontal,Rectangle,16PT C2S,No Coating,Silk,n/a,4/1,25,Score in Half,Slide Slits Bottom Panel,Yes 75 Envelopes A2
Majestic,Silk,5.5 x 8.5,Horizontal,Rectangle,16PT C2S,No Coating,Silk,n/a,4/1,25,Score in Half,Slide Slits Bottom Panel,Yes 75 Envelopes A2
Majestic,Silk,4.25 x 11,Vertical,Rectangle,16PT C2S,No Coating,Silk,n/a,4/1,25,Score in Half,Slide Slits Bottom Panel,Yes 75 Envelopes A2
Majestic,Silk,5.5 x 8.5,Vertical,Rectangle,16PT C2S,No Coating,Silk,n/a,4/1,25,Score in Half,Slide Slits Bottom Panel,Yes 75 Envelopes A2
Majestic,Silk,5.5 x 8.5,Horizontal,Rectangle,16PT C2S,No Coating,Silk,n/a,4/1,2500,Score in Half,No Gift Cards Slits,Yes 75 Envelopes A2
Majestic,Silk,4.25 x 11,Horizontal,Rectangle,16PT C2S,No Coating,Silk,n/a,4/4,25,Score in Half,Slide Slits Bottom Panel,Yes 75 Envelopes A2
Majestic,Silk,4.25 x 11,Vertical,Rectangle,16PT C2S,No Coating,Silk,n/a,4/4,25,Score in Half,Slide Slits Bottom Panel,Yes 75 Envelopes A2
Majestic,Silk,5.5 x 8.5,Vertical,Rectangle,16PT C2S,No Coating,Silk,n/a,4/4,25,Score in Half,Slide Slits Bottom Panel,Yes 75 Envelopes A2
Majestic,Silk,4.25 x 11,Horizontal,Rectangle,16PT C2S,No Coating,Silk,n/a,4/0,50,Score in Half,Slide Slits Bottom Panel,Yes 75 Envelopes A2
Majestic,Silk,5.5 x 8.5,Horizontal,Rectangle,16PT C2S,No Coating,Silk,n/a,4/0,50,Score in Half,Slide Slits Bottom Panel,Yes 75 Envelopes A2
Majestic,Silk,4.25 x 11,Vertical,Rectangle,16PT C2S,No Coating,Silk,n/a,4/0,50,Score in Half,Slide Slits Bottom Panel,Yes 75 Envelopes A2
Majestic,Silk,5.5 x 8.5,Vertical,Rectangle,16PT C2S,No Coating,Silk,n/a,4/0,50,Score in Half,Slide Slits Bottom Panel,Yes 75 Envelopes A2
Majestic,Silk,4.25 x 11,Horizontal,Rectangle,16PT C2S,No Coating,Silk,n/a,4/1,50,Score in Half,Slide Slits Bottom Panel,Yes 75 Envelopes A2
Majestic,Silk,5.5 x 8.5,Horizontal,Rectangle,16PT C2S,No Coating,Silk,n/a,4/1,50,Score in Half,Slide Slits Bottom Panel,Yes 75 Envelopes A2
Majestic,Silk,4.25 x 11,Vertical,Rectangle,16PT C2S,No Coating,Silk,n/a,4/1,50,Score in Half,Slide Slits Bottom Panel,Yes 75 Envelopes A2
Majestic,Silk,5.5 x 8.5,Vertical,Rectangle,16PT C2S,No Coating,Silk,n/a,4/1,50,Score in Half,Slide Slits Bottom Panel,Yes 75 Envelopes A2
Majestic,Silk,4.25 x 11,Horizontal,Rectangle,16PT C2S,No Coating,Silk,n/a,4/4,50,Score in Half,Slide Slits Bottom Panel,Yes 75 Envelopes A2
Majestic,Silk,5.5 x 8.5,Horizontal,Rectangle,16PT C2S,No Coating,Silk,n/a,4/4,50,Score in Half,Slide Slits Bottom Panel,Yes 75 Envelopes A2
Majestic,Silk,4.25 x 11,Vertical,Rectangle,16PT C2S,No Coating,Silk,n/a,4/4,50,Score in Half,Slide Slits Bottom Panel,Yes 75 Envelopes A2
Majestic,Silk,5.5 x 8.5,Vertical,Rectangle,16PT C2S,No Coating,Silk,n/a,4/4,50,Score in Half,Slide Slits Bottom Panel,Yes 75 Envelopes A2
Majestic,Silk,4.25 x 11,Horizontal,Rectangle,16PT C2S,No Coating,Silk,n/a,4/0,75,Score in Half,Slide Slits Bottom Panel,Yes 75 Envelopes A2
Majestic,Silk,5.5 x 8.5,Horizontal,Rectangle,16PT C2S,No Coating,Silk,n/a,4/0,75,Score in Half,Slide Slits Bottom Panel,Yes 75 Envelopes A2
Majestic,Silk,4.25 x 11,Vertical,Rectangle,16PT C2S,No Coating,Silk,n/a,4/0,75,Score in Half,Slide Slits Bottom Panel,Yes 75 Envelopes A2
Majestic,Silk,5.5 x 8.5,Vertical,Rectangle,16PT C2S,No Coating,Silk,n/a,4/0,75,Score in Half,Slide Slits Bottom Panel,Yes 75 Envelopes A2
Majestic,Silk,4.25 x 11,Horizontal,Rectangle,16PT C2S,No Coating,Silk,n/a,4/1,75,Score in Half,Slide Slits Bottom Panel,Yes 75 Envelopes A2
Majestic,Silk,5.5 x 8.5,Horizontal,Rectangle,16PT C2S,No Coating,Silk,n/a,4/1,75,Score in Half,Slide Slits Bottom Panel,Yes 75 Envelopes A2
Majestic,Silk,4.25 x 11,Vertical,Rectangle,16PT C2S,No Coating,Silk,n/a,4/1,75,Score in Half,Slide Slits Bottom Panel,Yes 75 Envelopes A2
Majestic,Silk,5.5 x 8.5,Vertical,Rectangle,16PT C2S,No Coating,Silk,n/a,4/1,75,Score in Half,Slide Slits Bottom Panel,Yes 75 Envelopes A2
Majestic,Silk,5.5 x 8.5,Horizontal,Rectangle,16PT C2S,No Coating,Silk,n/a,4/0,500,Score in Half,Moon Slits Right Panel,Yes 75 Envelopes A2
Majestic,Silk,5.5 x 8.5,Horizontal,Rectangle,16PT C2S,No Coating,Silk,n/a,4/4,75,Score in Half,Slide Slits Bottom Panel,Yes 75 Envelopes A2
Majestic,Silk,4.25 x 11,Vertical,Rectangle,16PT C2S,No Coating,Silk,n/a,4/4,75,Score in Half,Slide Slits Bottom Panel,Yes 75 Envelopes A2
Majestic,Silk,5.5 x 8.5,Vertical,Rectangle,16PT C2S,No Coating,Silk,n/a,4/4,75,Score in Half,Slide Slits Bottom Panel,Yes 75 Envelopes A2
Majestic,Silk,4.25 x 11,Horizontal,Rectangle,16PT C2S,No Coating,Silk,n/a,4/0,100,Score in Half,Slide Slits Bottom Panel,Yes 75 Envelopes A2
Majestic,Silk,5.5 x 8.5,Horizontal,Rectangle,16PT C2S,No Coating,Silk,n/a,4/0,100,Score in Half,Slide Slits Bottom Panel,Yes 75 Envelopes A2
Majestic,Silk,4.25 x 11,Vertical,Rectangle,16PT C2S,No Coating,Silk,n/a,4/0,100,Score in Half,Slide Slits Bottom Panel,Yes 75 Envelopes A2
Majestic,Silk,5.5 x 8.5,Vertical,Rectangle,16PT C2S,No Coating,Silk,n/a,4/0,100,Score in Half,Slide Slits Bottom Panel,Yes 75 Envelopes A2
Majestic,Silk,4.25 x 11,Horizontal,Rectangle,16PT C2S,No Coating,Silk,n/a,4/1,100,Score in Half,Slide Slits Bottom Panel,Yes 75 Envelopes A2
Majestic,Silk,5.5 x 8.5,Horizontal,Rectangle,16PT C2S,No Coating,Silk,n/a,4/1,100,Score in Half,Slide Slits Bottom Panel,Yes 75 Envelopes A2
Majestic,Silk,4.25 x 11,Vertical,Rectangle,16PT C2S,No Coating,Silk,n/a,4/1,100,Score in Half,Slide Slits Bottom Panel,Yes 75 Envelopes A2
Majestic,Silk,5.5 x 8.5,Vertical,Rectangle,16PT C2S,No Coating,Silk,n/a,4/1,100,Score in Half,Slide Slits Bottom Panel,Yes 75 Envelopes A2
Majestic,Silk,4.25 x 11,Horizontal,Rectangle,16PT C2S,No Coating,Silk,n/a,4/4,100,Score in Half,Slide Slits Bottom Panel,Yes 75 Envelopes A2
Majestic,Silk,5.5 x 8.5,Horizontal,Rectangle,16PT C2S,No Coating,Silk,n/a,4/4,100,Score in Half,Slide Slits Bottom Panel,Yes 75 Envelopes A2
Majestic,Silk,4.25 x 11,Vertical,Rectangle,16PT C2S,No Coating,Silk,n/a,4/4,100,Score in Half,Slide Slits Bottom Panel,Yes 75 Envelopes A2
Majestic,Silk,5.5 x 8.5,Vertical,Rectangle,16PT C2S,No Coating,Silk,n/a,4/4,100,Score in Half,Slide Slits Bottom Panel,Yes 75 Envelopes A2
Majestic,Silk,4.25 x 11,Horizontal,Rectangle,16PT C2S,No Coating,Silk,n/a,4/0,250,Score in Half,Slide Slits Bottom Panel,Yes 75 Envelopes A2
Majestic,Silk,5.5 x 8.5,Horizontal,Rectangle,16PT C2S,No Coating,Silk,n/a,4/0,250,Score in Half,Slide Slits Bottom Panel,Yes 75 Envelopes A2
Majestic,Silk,4.25 x 11,Vertical,Rectangle,16PT C2S,No Coating,Silk,n/a,4/0,250,Score in Half,Slide Slits Bottom Panel,Yes 75 Envelopes A2
Majestic,Silk,5.5 x 8.5,Vertical,Rectangle,16PT C2S,No Coating,Silk,n/a,4/0,250,Score in Half,Slide Slits Bottom Panel,Yes 75 Envelopes A2
Majestic,Silk,4.25 x 11,Horizontal,Rectangle,16PT C2S,No Coating,Silk,n/a,4/1,250,Score in Half,Slide Slits Bottom Panel,Yes 75 Envelopes A2
Majestic,Silk,5.5 x 8.5,Horizontal,Rectangle,16PT C2S,No Coating,Silk,n/a,4/1,250,Score in Half,Slide Slits Bottom Panel,Yes 75 Envelopes A2
Majestic,Silk,4.25 x 11,Vertical,Rectangle,16PT C2S,No Coating,Silk,n/a,4/1,250,Score in Half,Slide Slits Bottom Panel,Yes 75 Envelopes A2
Majestic,Silk,5.5 x 8.5,Vertical,Rectangle,16PT C2S,No Coating,Silk,n/a,4/1,250,Score in Half,Slide Slits Bottom Panel,Yes 75 Envelopes A2
Majestic,Silk,4.25 x 11,Horizontal,Rectangle,16PT C2S,No Coating,Silk,n/a,4/4,250,Score in Half,Slide Slits Bottom Panel,Yes 75 Envelopes A2
Majestic,Silk,5.5 x 8.5,Horizontal,Rectangle,16PT C2S,No Coating,Silk,n/a,4/4,250,Score in Half,Slide Slits Bottom Panel,Yes 75 Envelopes A2
Majestic,Silk,4.25 x 11,Vertical,Rectangle,16PT C2S,No Coating,Silk,n/a,4/4,250,Score in Half,Slide Slits Bottom Panel,Yes 75 Envelopes A2
Majestic,Silk,5.5 x 8.5,Vertical,Rectangle,16PT C2S,No Coating,Silk,n/a,4/4,250,Score in Half,Slide Slits Bottom Panel,Yes 75 Envelopes A2
Majestic,Silk,4.25 x 11,Horizontal,Rectangle,16PT C2S,No Coating,Silk,n/a,4/0,500,Score in Half,Slide Slits Bottom Panel,Yes 75 Envelopes A2
Majestic,Silk,5.5 x 8.5,Horizontal,Rectangle,16PT C2S,No Coating,Silk,n/a,4/0,500,Score in Half,Slide Slits Bottom Panel,Yes 75 Envelopes A2
Majestic,Silk,4.25 x 11,Vertical,Rectangle,16PT C2S,No Coating,Silk,n/a,4/0,500,Score in Half,Slide Slits Bottom Panel,Yes 75 Envelopes A2
Majestic,Silk,5.5 x 8.5,Vertical,Rectangle,16PT C2S,No Coating,Silk,n/a,4/0,500,Score in Half,Slide Slits Bottom Panel,Yes 75 Envelopes A2
Majestic,Silk,4.25 x 11,Horizontal,Rectangle,16PT C2S,No Coating,Silk,n/a,4/1,500,Score in Half,Slide Slits Bottom Panel,Yes 75 Envelopes A2
Majestic,Silk,5.5 x 8.5,Horizontal,Rectangle,16PT C2S,No Coating,Silk,n/a,4/1,500,Score in Half,Slide Slits Bottom Panel,Yes 75 Envelopes A2
Majestic,Silk,4.25 x 11,Vertical,Rectangle,16PT C2S,No Coating,Silk,n/a,4/1,500,Score in Half,Slide Slits Bottom Panel,Yes 75 Envelopes A2
Majestic,Silk,5.5 x 8.5,Vertical,Rectangle,16PT C2S,No Coating,Silk,n/a,4/1,500,Score in Half,Slide Slits Bottom Panel,Yes 75 Envelopes A2
Majestic,Silk,4.25 x 11,Horizontal,Rectangle,16PT C2S,No Coating,Silk,n/a,4/4,500,Score in Half,Slide Slits Bottom Panel,Yes 75 Envelopes A2
Majestic,Silk,5.5 x 8.5,Horizontal,Rectangle,16PT C2S,No Coating,Silk,n/a,4/4,500,Score in Half,Slide Slits Bottom Panel,Yes 75 Envelopes A2
Majestic,Silk,4.25 x 11,Vertical,Rectangle,16PT C2S,No Coating,Silk,n/a,4/4,500,Score in Half,Slide Slits Bottom Panel,Yes 75 Envelopes A2
Majestic,Silk,5.5 x 8.5,Vertical,Rectangle,16PT C2S,No Coating,Silk,n/a,4/4,500,Score in Half,Slide Slits Bottom Panel,Yes 75 Envelopes A2
Majestic,Silk,4.25 x 11,Horizontal,Rectangle,16PT C2S,No Coating,Silk,n/a,4/0,1000,Score in Half,Slide Slits Bottom Panel,Yes 75 Envelopes A2
Majestic,Silk,5.5 x 8.5,Horizontal,Rectangle,16PT C2S,No Coating,Silk,n/a,4/4,25,Score in Half,Slide Slits Bottom Panel,Yes 75 Envelopes A2
Majestic,Silk,4.25 x 11,Vertical,Rectangle,16PT C2S,No Coating,Silk,n/a,4/0,1000,Score in Half,Slide Slits Bottom Panel,Yes 75 Envelopes A2
Majestic,Silk,4.25 x 11,Vertical,Rectangle,16PT C2S,No Coating,Silk,n/a,4/0,2500,Score in Half,No Gift Cards Slits,Yes 75 Envelopes A2
Majestic,Silk,5.5 x 8.5,Horizontal,Rectangle,16PT C2S,No Coating,Silk,n/a,4/0,1000,Score in Half,Slide Slits Bottom Panel,Yes 75 Envelopes A2
Majestic,Silk,5.5 x 8.5,Horizontal,Rectangle,16PT C2S,No Coating,Silk,n/a,4/1,1000,Score in Half,Slide Slits Bottom Panel,Yes 75 Envelopes A2
Majestic,Silk,4.25 x 11,Vertical,Rectangle,16PT C2S,No Coating,Silk,n/a,4/1,1000,Score in Half,Slide Slits Bottom Panel,Yes 75 Envelopes A2
Majestic,Silk,5.5 x 8.5,Vertical,Rectangle,16PT C2S,No Coating,Silk,n/a,4/1,1000,Score in Half,Slide Slits Bottom Panel,Yes 75 Envelopes A2
Majestic,Silk,4.25 x 11,Horizontal,Rectangle,16PT C2S,No Coating,Silk,n/a,4/4,1000,Score in Half,Slide Slits Bottom Panel,Yes 75 Envelopes A2
Majestic,Silk,5.5 x 8.5,Horizontal,Rectangle,16PT C2S,No Coating,Silk,n/a,4/4,1000,Score in Half,Slide Slits Bottom Panel,Yes 75 Envelopes A2
Majestic,Silk,4.25 x 11,Vertical,Rectangle,16PT C2S,No Coating,Silk,n/a,4/4,1000,Score in Half,Slide Slits Bottom Panel,Yes 75 Envelopes A2
Majestic,Silk,5.5 x 8.5,Vertical,Rectangle,16PT C2S,No Coating,Silk,n/a,4/4,1000,Score in Half,Slide Slits Bottom Panel,Yes 75 Envelopes A2
Majestic,Silk,5.5 x 8.5,Vertical,Rectangle,16PT C2S,No Coating,Silk,n/a,4/0,1000,Score in Half,Slide Slits Bottom Panel,Yes 75 Envelopes A2
Majestic,Silk,5.5 x 8.5,Horizontal,Rectangle,16PT C2S,No Coating,Silk,n/a,4/0,2500,Score in Half,Slide Slits Bottom Panel,Yes 75 Envelopes A2
Majestic,Silk,4.25 x 11,Vertical,Rectangle,16PT C2S,No Coating,Silk,n/a,4/0,2500,Score in Half,Slide Slits Bottom Panel,Yes 75 Envelopes A2
Majestic,Silk,5.5 x 8.5,Vertical,Rectangle,16PT C2S,No Coating,Silk,n/a,4/0,2500,Score in Half,Slide Slits Bottom Panel,Yes 75 Envelopes A2
Majestic,Silk,4.25 x 11,Horizontal,Rectangle,16PT C2S,No Coating,Silk,n/a,4/1,2500,Score in Half,Slide Slits Bottom Panel,Yes 75 Envelopes A2
Majestic,Silk,5.5 x 8.5,Horizontal,Rectangle,16PT C2S,No Coating,Silk,n/a,4/1,2500,Score in Half,Slide Slits Bottom Panel,Yes 75 Envelopes A2
Majestic,Silk,4.25 x 11,Vertical,Rectangle,16PT C2S,No Coating,Silk,n/a,4/1,2500,Score in Half,Slide Slits Bottom Panel,Yes 75 Envelopes A2
Majestic,Silk,5.5 x 8.5,Vertical,Rectangle,16PT C2S,No Coating,Silk,n/a,4/1,2500,Score in Half,Slide Slits Bottom Panel,Yes 75 Envelopes A2
Majestic,Silk,4.25 x 11,Horizontal,Rectangle,16PT C2S,No Coating,Silk,n/a,4/4,2500,Score in Half,Slide Slits Bottom Panel,Yes 75 Envelopes A2
Majestic,Silk,5.5 x 8.5,Horizontal,Rectangle,16PT C2S,No Coating,Silk,n/a,4/4,2500,Score in Half,Slide Slits Bottom Panel,Yes 75 Envelopes A2
Majestic,Silk,4.25 x 11,Vertical,Rectangle,16PT C2S,No Coating,Silk,n/a,4/4,2500,Score in Half,Slide Slits Bottom Panel,Yes 75 Envelopes A2
Majestic,Silk,5.5 x 8.5,Vertical,Rectangle,16PT C2S,No Coating,Silk,n/a,4/4,2500,Score in Half,Slide Slits Bottom Panel,Yes 75 Envelopes A2
Majestic,Silk,4.25 x 11,Horizontal,Rectangle,16PT C2S,No Coating,Silk,n/a,4/0,5000,Score in Half,Slide Slits Bottom Panel,Yes 75 Envelopes A2
Majestic,Silk,5.5 x 8.5,Horizontal,Rectangle,16PT C2S,No Coating,Silk,n/a,4/0,5000,Score in Half,Slide Slits Bottom Panel,Yes 75 Envelopes A2
Majestic,Silk,4.25 x 11,Vertical,Rectangle,16PT C2S,No Coating,Silk,n/a,4/0,5000,Score in Half,Slide Slits Bottom Panel,Yes 75 Envelopes A2
Majestic,Silk,5.5 x 8.5,Vertical,Rectangle,16PT C2S,No Coating,Silk,n/a,4/0,5000,Score in Half,Slide Slits Bottom Panel,Yes 75 Envelopes A2
Majestic,Silk,4.25 x 11,Horizontal,Rectangle,16PT C2S,No Coating,Silk,n/a,4/1,5000,Score in Half,Slide Slits Bottom Panel,Yes 75 Envelopes A2
Majestic,Silk,5.5 x 8.5,Horizontal,Rectangle,16PT C2S,No Coating,Silk,n/a,4/1,5000,Score in Half,Slide Slits Bottom Panel,Yes 75 Envelopes A2
Majestic,Silk,4.25 x 11,Vertical,Rectangle,16PT C2S,No Coating,Silk,n/a,4/1,5000,Score in Half,Slide Slits Bottom Panel,Yes 75 Envelopes A2
Majestic,Silk,5.5 x 8.5,Vertical,Rectangle,16PT C2S,No Coating,Silk,n/a,4/1,5000,Score in Half,Slide Slits Bottom Panel,Yes 75 Envelopes A2
Majestic,Silk,4.25 x 11,Horizontal,Rectangle,16PT C2S,No Coating,Silk,n/a,4/4,5000,Score in Half,Slide Slits Bottom Panel,Yes 75 Envelopes A2
Majestic,Silk,5.5 x 8.5,Horizontal,Rectangle,16PT C2S,No Coating,Silk,n/a,4/4,5000,Score in Half,Slide Slits Bottom Panel,Yes 75 Envelopes A2
Majestic,Silk,4.25 x 11,Vertical,Rectangle,16PT C2S,No Coating,Silk,n/a,4/4,5000,Score in Half,Slide Slits Bottom Panel,Yes 75 Envelopes A2
Majestic,Silk,5.5 x 8.5,Vertical,Rectangle,16PT C2S,No Coating,Silk,n/a,4/4,5000,Score in Half,Slide Slits Bottom Panel,Yes 75 Envelopes A2
Majestic,Silk,4.25 x 11,Horizontal,Rectangle,16PT C2S,No Coating,Silk,n/a,4/0,10000,Score in Half,Slide Slits Bottom Panel,Yes 75 Envelopes A2
Majestic,Silk,5.5 x 8.5,Horizontal,Rectangle,16PT C2S,No Coating,Silk,n/a,4/0,10000,Score in Half,Slide Slits Bottom Panel,Yes 75 Envelopes A2
Majestic,Silk,4.25 x 11,Vertical,Rectangle,16PT C2S,No Coating,Silk,n/a,4/0,10000,Score in Half,Slide Slits Bottom Panel,Yes 75 Envelopes A2
Majestic,Silk,5.5 x 8.5,Vertical,Rectangle,16PT C2S,No Coating,Silk,n/a,4/0,10000,Score in Half,Slide Slits Bottom Panel,Yes 75 Envelopes A2
Majestic,Silk,4.25 x 11,Horizontal,Rectangle,16PT C2S,No Coating,Silk,n/a,4/1,10000,Score in Half,Slide Slits Bottom Panel,Yes 75 Envelopes A2
Majestic,Silk,5.5 x 8.5,Horizontal,Rectangle,16PT C2S,No Coating,Silk,n/a,4/1,10000,Score in Half,Slide Slits Bottom Panel,Yes 75 Envelopes A2
Majestic,Silk,4.25 x 11,Vertical,Rectangle,16PT C2S,No Coating,Silk,n/a,4/1,10000,Score in Half,Slide Slits Bottom Panel,Yes 75 Envelopes A2
Majestic,Silk,4.25 x 11,Horizontal,Rectangle,16PT C2S,No Coating,Silk,n/a,4/4,75,Score in Half,Slide Slits Bottom Panel,Yes 75 Envelopes A2
Majestic,Silk,4.25 x 11,Horizontal,Rectangle,16PT C2S,No Coating,Silk,n/a,4/4,10000,Score in Half,Slide Slits Bottom Panel,Yes 75 Envelopes A2
Majestic,Silk,5.5 x 8.5,Horizontal,Rectangle,16PT C2S,No Coating,Silk,n/a,4/4,10000,Score in Half,Slide Slits Bottom Panel,Yes 75 Envelopes A2
Majestic,Silk,4.25 x 11,Vertical,Rectangle,16PT C2S,No Coating,Silk,n/a,4/4,10000,Score in Half,Slide Slits Bottom Panel,Yes 75 Envelopes A2
Majestic,Silk,5.5 x 8.5,Vertical,Rectangle,16PT C2S,No Coating,Silk,n/a,4/4,10000,Score in Half,Slide Slits Bottom Panel,Yes 75 Envelopes A2
Majestic,Silk,4.25 x 11,Horizontal,Rectangle,16PT C2S,No Coating,Silk,n/a,4/0,25,Score in Half,Slide Slits Right Panel,Yes 75 Envelopes A2
Majestic,Silk,5.5 x 8.5,Horizontal,Rectangle,16PT C2S,No Coating,Silk,n/a,4/0,25,Score in Half,Slide Slits Right Panel,Yes 75 Envelopes A2
Majestic,Silk,4.25 x 11,Vertical,Rectangle,16PT C2S,No Coating,Silk,n/a,4/0,25,Score in Half,Slide Slits Right Panel,Yes 75 Envelopes A2
Majestic,Silk,5.5 x 8.5,Vertical,Rectangle,16PT C2S,No Coating,Silk,n/a,4/0,25,Score in Half,Slide Slits Right Panel,Yes 75 Envelopes A2
Majestic,Silk,4.25 x 11,Horizontal,Rectangle,16PT C2S,No Coating,Silk,n/a,4/1,25,Score in Half,Slide Slits Right Panel,Yes 75 Envelopes A2
Majestic,Silk,5.5 x 8.5,Horizontal,Rectangle,16PT C2S,No Coating,Silk,n/a,4/1,25,Score in Half,Slide Slits Right Panel,Yes 75 Envelopes A2
Majestic,Silk,4.25 x 11,Horizontal,Rectangle,16PT C2S,No Coating,Silk,n/a,4/0,2500,Score in Half,Slide Slits Bottom Panel,Yes 75 Envelopes A2
Majestic,Silk,4.25 x 11,Horizontal,Rectangle,16PT C2S,No Coating,Silk,n/a,4/1,1000,Score in Half,Slide Slits Bottom Panel,Yes 75 Envelopes A2
Majestic,Silk,4.25 x 11,Horizontal,Rectangle,16PT C2S,No Coating,Silk,n/a,4/4,25,Score in Half,Slide Slits Right Panel,Yes 75 Envelopes A2
Majestic,Silk,5.5 x 8.5,Horizontal,Rectangle,16PT C2S,No Coating,Silk,n/a,4/4,25,Score in Half,Slide Slits Right Panel,Yes 75 Envelopes A2
Majestic,Silk,4.25 x 11,Vertical,Rectangle,16PT C2S,No Coating,Silk,n/a,4/4,25,Score in Half,Slide Slits Right Panel,Yes 75 Envelopes A2
Majestic,Silk,5.5 x 8.5,Vertical,Rectangle,16PT C2S,No Coating,Silk,n/a,4/4,25,Score in Half,Slide Slits Right Panel,Yes 75 Envelopes A2
Majestic,Silk,4.25 x 11,Vertical,Rectangle,16PT C2S,No Coating,Silk,n/a,4/1,25,Score in Half,Slide Slits Right Panel,Yes 75 Envelopes A2
Majestic,Silk,5.5 x 8.5,Vertical,Rectangle,16PT C2S,No Coating,Silk,n/a,4/1,25,Score in Half,Slide Slits Right Panel,Yes 75 Envelopes A2
Majestic,Silk,4.25 x 11,Vertical,Rectangle,16PT C2S,No Coating,Silk,n/a,4/0,50,Score in Half,Slide Slits Right Panel,Yes 75 Envelopes A2
Majestic,Silk,5.5 x 8.5,Vertical,Rectangle,16PT C2S,No Coating,Silk,n/a,4/0,50,Score in Half,Slide Slits Right Panel,Yes 75 Envelopes A2
Majestic,Silk,4.25 x 11,Horizontal,Rectangle,16PT C2S,No Coating,Silk,n/a,4/1,50,Score in Half,Slide Slits Right Panel,Yes 75 Envelopes A2
Majestic,Silk,5.5 x 8.5,Vertical,Rectangle,16PT C2S,No Coating,Silk,n/a,4/1,10000,Score in Half,Slide Slits Bottom Panel,Yes 75 Envelopes A2
Majestic,Silk,4.25 x 11,Horizontal,Rectangle,16PT C2S,No Coating,Silk,n/a,4/0,50,Score in Half,Slide Slits Right Panel,Yes 75 Envelopes A2
Majestic,Silk,5.5 x 8.5,Vertical,Rectangle,16PT C2S,No Coating,Silk,n/a,4/1,50,Score in Half,Slide Slits Right Panel,Yes 75 Envelopes A2
Majestic,Silk,4.25 x 11,Horizontal,Rectangle,16PT C2S,No Coating,Silk,n/a,4/4,50,Score in Half,Slide Slits Right Panel,Yes 75 Envelopes A2
Majestic,Silk,5.5 x 8.5,Horizontal,Rectangle,16PT C2S,No Coating,Silk,n/a,4/4,50,Score in Half,Slide Slits Right Panel,Yes 75 Envelopes A2
Majestic,Silk,4.25 x 11,Vertical,Rectangle,16PT C2S,No Coating,Silk,n/a,4/4,50,Score in Half,Slide Slits Right Panel,Yes 75 Envelopes A2
Majestic,Silk,5.5 x 8.5,Vertical,Rectangle,16PT C2S,No Coating,Silk,n/a,4/4,50,Score in Half,Slide Slits Right Panel,Yes 75 Envelopes A2
Majestic,Silk,4.25 x 11,Horizontal,Rectangle,16PT C2S,No Coating,Silk,n/a,4/0,75,Score in Half,Slide Slits Right Panel,Yes 75 Envelopes A2
Majestic,Silk,5.5 x 8.5,Horizontal,Rectangle,16PT C2S,No Coating,Silk,n/a,4/0,75,Score in Half,Slide Slits Right Panel,Yes 75 Envelopes A2
Majestic,Silk,4.25 x 11,Vertical,Rectangle,16PT C2S,No Coating,Silk,n/a,4/0,75,Score in Half,Slide Slits Right Panel,Yes 75 Envelopes A2
Majestic,Silk,5.5 x 8.5,Vertical,Rectangle,16PT C2S,No Coating,Silk,n/a,4/0,75,Score in Half,Slide Slits Right Panel,Yes 75 Envelopes A2
Majestic,Silk,5.5 x 8.5,Horizontal,Rectangle,16PT C2S,No Coating,Silk,n/a,4/0,50,Score in Half,Slide Slits Right Panel,Yes 75 Envelopes A2
Majestic,Silk,5.5 x 8.5,Horizontal,Rectangle,16PT C2S,No Coating,Silk,n/a,4/1,75,Score in Half,Slide Slits Right Panel,Yes 75 Envelopes A2
Majestic,Silk,4.25 x 11,Vertical,Rectangle,16PT C2S,No Coating,Silk,n/a,4/1,75,Score in Half,Slide Slits Right Panel,Yes 75 Envelopes A2
Majestic,Silk,5.5 x 8.5,Vertical,Rectangle,16PT C2S,No Coating,Silk,n/a,4/1,75,Score in Half,Slide Slits Right Panel,Yes 75 Envelopes A2
Majestic,Silk,4.25 x 11,Horizontal,Rectangle,16PT C2S,No Coating,Silk,n/a,4/4,75,Score in Half,Slide Slits Right Panel,Yes 75 Envelopes A2
Majestic,Silk,5.5 x 8.5,Horizontal,Rectangle,16PT C2S,No Coating,Silk,n/a,4/4,75,Score in Half,Slide Slits Right Panel,Yes 75 Envelopes A2
Majestic,Silk,4.25 x 11,Vertical,Rectangle,16PT C2S,No Coating,Silk,n/a,4/4,75,Score in Half,Slide Slits Right Panel,Yes 75 Envelopes A2
Majestic,Silk,5.5 x 8.5,Vertical,Rectangle,16PT C2S,No Coating,Silk,n/a,4/4,75,Score in Half,Slide Slits Right Panel,Yes 75 Envelopes A2
Majestic,Silk,4.25 x 11,Horizontal,Rectangle,16PT C2S,No Coating,Silk,n/a,4/0,100,Score in Half,Slide Slits Right Panel,Yes 75 Envelopes A2
Majestic,Silk,5.5 x 8.5,Horizontal,Rectangle,16PT C2S,No Coating,Silk,n/a,4/0,100,Score in Half,Slide Slits Right Panel,Yes 75 Envelopes A2
Majestic,Silk,4.25 x 11,Vertical,Rectangle,16PT C2S,No Coating,Silk,n/a,4/0,100,Score in Half,Slide Slits Right Panel,Yes 75 Envelopes A2
Majestic,Silk,5.5 x 8.5,Vertical,Rectangle,16PT C2S,No Coating,Silk,n/a,4/0,100,Score in Half,Slide Slits Right Panel,Yes 75 Envelopes A2
Majestic,Silk,4.25 x 11,Horizontal,Rectangle,16PT C2S,No Coating,Silk,n/a,4/1,100,Score in Half,Slide Slits Right Panel,Yes 75 Envelopes A2
Majestic,Silk,5.5 x 8.5,Horizontal,Rectangle,16PT C2S,No Coating,Silk,n/a,4/1,100,Score in Half,Slide Slits Right Panel,Yes 75 Envelopes A2
Majestic,Silk,4.25 x 11,Vertical,Rectangle,16PT C2S,No Coating,Silk,n/a,4/1,100,Score in Half,Slide Slits Right Panel,Yes 75 Envelopes A2
Majestic,Silk,5.5 x 8.5,Vertical,Rectangle,16PT C2S,No Coating,Silk,n/a,4/1,100,Score in Half,Slide Slits Right Panel,Yes 75 Envelopes A2
Majestic,Silk,4.25 x 11,Horizontal,Rectangle,16PT C2S,No Coating,Silk,n/a,4/4,100,Score in Half,Slide Slits Right Panel,Yes 75 Envelopes A2
Majestic,Silk,5.5 x 8.5,Horizontal,Rectangle,16PT C2S,No Coating,Silk,n/a,4/4,100,Score in Half,Slide Slits Right Panel,Yes 75 Envelopes A2
Majestic,Silk,4.25 x 11,Vertical,Rectangle,16PT C2S,No Coating,Silk,n/a,4/4,100,Score in Half,Slide Slits Right Panel,Yes 75 Envelopes A2
Majestic,Silk,5.5 x 8.5,Vertical,Rectangle,16PT C2S,No Coating,Silk,n/a,4/4,100,Score in Half,Slide Slits Right Panel,Yes 75 Envelopes A2
Majestic,Silk,5.5 x 8.5,Horizontal,Rectangle,16PT C2S,No Coating,Silk,n/a,4/1,50,Score in Half,Slide Slits Right Panel,Yes 75 Envelopes A2
Majestic,Silk,5.5 x 8.5,Horizontal,Rectangle,16PT C2S,No Coating,Silk,n/a,4/0,250,Score in Half,Slide Slits Right Panel,Yes 75 Envelopes A2
Majestic,Silk,4.25 x 11,Vertical,Rectangle,16PT C2S,No Coating,Silk,n/a,4/0,250,Score in Half,Slide Slits Right Panel,Yes 75 Envelopes A2
Majestic,Silk,4.25 x 11,Vertical,Rectangle,16PT C2S,No Coating,Silk,n/a,4/1,50,Score in Half,Slide Slits Right Panel,Yes 75 Envelopes A2
Majestic,Silk,4.25 x 11,Horizontal,Rectangle,16PT C2S,No Coating,Silk,n/a,4/1,250,Score in Half,Slide Slits Right Panel,Yes 75 Envelopes A2
Majestic,Silk,5.5 x 8.5,Horizontal,Rectangle,16PT C2S,No Coating,Silk,n/a,4/1,250,Score in Half,Slide Slits Right Panel,Yes 75 Envelopes A2
Majestic,Silk,4.25 x 11,Horizontal,Rectangle,16PT C2S,No Coating,Silk,n/a,4/0,250,Score in Half,Slide Slits Right Panel,Yes 75 Envelopes A2
Majestic,Silk,5.5 x 8.5,Vertical,Rectangle,16PT C2S,No Coating,Silk,n/a,4/1,250,Score in Half,Slide Slits Right Panel,Yes 75 Envelopes A2
Majestic,Silk,4.25 x 11,Horizontal,Rectangle,16PT C2S,No Coating,Silk,n/a,4/4,250,Score in Half,Slide Slits Right Panel,Yes 75 Envelopes A2
Majestic,Silk,5.5 x 8.5,Horizontal,Rectangle,16PT C2S,No Coating,Silk,n/a,4/4,250,Score in Half,Slide Slits Right Panel,Yes 75 Envelopes A2
Majestic,Silk,4.25 x 11,Vertical,Rectangle,16PT C2S,No Coating,Silk,n/a,4/4,250,Score in Half,Slide Slits Right Panel,Yes 75 Envelopes A2
Majestic,Silk,5.5 x 8.5,Vertical,Rectangle,16PT C2S,No Coating,Silk,n/a,4/4,250,Score in Half,Slide Slits Right Panel,Yes 75 Envelopes A2
Majestic,Silk,4.25 x 11,Horizontal,Rectangle,16PT C2S,No Coating,Silk,n/a,4/0,500,Score in Half,Slide Slits Right Panel,Yes 75 Envelopes A2
Majestic,Silk,5.5 x 8.5,Horizontal,Rectangle,16PT C2S,No Coating,Silk,n/a,4/0,500,Score in Half,Slide Slits Right Panel,Yes 75 Envelopes A2
Majestic,Silk,4.25 x 11,Vertical,Rectangle,16PT C2S,No Coating,Silk,n/a,4/0,500,Score in Half,Slide Slits Right Panel,Yes 75 Envelopes A2
Majestic,Silk,5.5 x 8.5,Vertical,Rectangle,16PT C2S,No Coating,Silk,n/a,4/0,500,Score in Half,Slide Slits Right Panel,Yes 75 Envelopes A2
Majestic,Silk,4.25 x 11,Horizontal,Rectangle,16PT C2S,No Coating,Silk,n/a,4/1,500,Score in Half,Slide Slits Right Panel,Yes 75 Envelopes A2
Majestic,Silk,5.5 x 8.5,Horizontal,Rectangle,16PT C2S,No Coating,Silk,n/a,4/1,500,Score in Half,Slide Slits Right Panel,Yes 75 Envelopes A2
Majestic,Silk,4.25 x 11,Vertical,Rectangle,16PT C2S,No Coating,Silk,n/a,4/1,500,Score in Half,Slide Slits Right Panel,Yes 75 Envelopes A2
Majestic,Silk,5.5 x 8.5,Vertical,Rectangle,16PT C2S,No Coating,Silk,n/a,4/1,500,Score in Half,Slide Slits Right Panel,Yes 75 Envelopes A2
Majestic,Silk,4.25 x 11,Horizontal,Rectangle,16PT C2S,No Coating,Silk,n/a,4/4,500,Score in Half,Slide Slits Right Panel,Yes 75 Envelopes A2
Majestic,Silk,5.5 x 8.5,Horizontal,Rectangle,16PT C2S,No Coating,Silk,n/a,4/4,500,Score in Half,Slide Slits Right Panel,Yes 75 Envelopes A2
Majestic,Silk,4.25 x 11,Vertical,Rectangle,16PT C2S,No Coating,Silk,n/a,4/4,500,Score in Half,Slide Slits Right Panel,Yes 75 Envelopes A2
Majestic,Silk,5.5 x 8.5,Vertical,Rectangle,16PT C2S,No Coating,Silk,n/a,4/4,500,Score in Half,Slide Slits Right Panel,Yes 75 Envelopes A2
Majestic,Silk,4.25 x 11,Horizontal,Rectangle,16PT C2S,No Coating,Silk,n/a,4/0,1000,Score in Half,Slide Slits Right Panel,Yes 75 Envelopes A2
Majestic,Silk,5.5 x 8.5,Horizontal,Rectangle,16PT C2S,No Coating,Silk,n/a,4/0,1000,Score in Half,Slide Slits Right Panel,Yes 75 Envelopes A2
Majestic,Silk,4.25 x 11,Vertical,Rectangle,16PT C2S,No Coating,Silk,n/a,4/0,1000,Score in Half,Slide Slits Right Panel,Yes 75 Envelopes A2
Majestic,Silk,5.5 x 8.5,Vertical,Rectangle,16PT C2S,No Coating,Silk,n/a,4/0,1000,Score in Half,Slide Slits Right Panel,Yes 75 Envelopes A2
Majestic,Silk,4.25 x 11,Horizontal,Rectangle,16PT C2S,No Coating,Silk,n/a,4/1,1000,Score in Half,Slide Slits Right Panel,Yes 75 Envelopes A2
Majestic,Silk,5.5 x 8.5,Horizontal,Rectangle,16PT C2S,No Coating,Silk,n/a,4/1,1000,Score in Half,Slide Slits Right Panel,Yes 75 Envelopes A2
Majestic,Silk,4.25 x 11,Vertical,Rectangle,16PT C2S,No Coating,Silk,n/a,4/1,1000,Score in Half,Slide Slits Right Panel,Yes 75 Envelopes A2
Majestic,Silk,5.5 x 8.5,Vertical,Rectangle,16PT C2S,No Coating,Silk,n/a,4/1,1000,Score in Half,Slide Slits Right Panel,Yes 75 Envelopes A2
Majestic,Silk,4.25 x 11,Horizontal,Rectangle,16PT C2S,No Coating,Silk,n/a,4/4,1000,Score in Half,Slide Slits Right Panel,Yes 75 Envelopes A2
Majestic,Silk,5.5 x 8.5,Horizontal,Rectangle,16PT C2S,No Coating,Silk,n/a,4/4,1000,Score in Half,Slide Slits Right Panel,Yes 75 Envelopes A2
Majestic,Silk,4.25 x 11,Vertical,Rectangle,16PT C2S,No Coating,Silk,n/a,4/4,1000,Score in Half,Slide Slits Right Panel,Yes 75 Envelopes A2
Majestic,Silk,5.5 x 8.5,Vertical,Rectangle,16PT C2S,No Coating,Silk,n/a,4/4,1000,Score in Half,Slide Slits Right Panel,Yes 75 Envelopes A2
Majestic,Silk,4.25 x 11,Horizontal,Rectangle,16PT C2S,No Coating,Silk,n/a,4/0,2500,Score in Half,Slide Slits Right Panel,Yes 75 Envelopes A2
Majestic,Silk,5.5 x 8.5,Horizontal,Rectangle,16PT C2S,No Coating,Silk,n/a,4/0,2500,Score in Half,Slide Slits Right Panel,Yes 75 Envelopes A2
Majestic,Silk,4.25 x 11,Vertical,Rectangle,16PT C2S,No Coating,Silk,n/a,4/0,2500,Score in Half,Slide Slits Right Panel,Yes 75 Envelopes A2
Majestic,Silk,5.5 x 8.5,Vertical,Rectangle,16PT C2S,No Coating,Silk,n/a,4/0,2500,Score in Half,Slide Slits Right Panel,Yes 75 Envelopes A2
Majestic,Silk,4.25 x 11,Horizontal,Rectangle,16PT C2S,No Coating,Silk,n/a,4/1,2500,Score in Half,Slide Slits Right Panel,Yes 75 Envelopes A2
Majestic,Silk,5.5 x 8.5,Horizontal,Rectangle,16PT C2S,No Coating,Silk,n/a,4/1,2500,Score in Half,Slide Slits Right Panel,Yes 75 Envelopes A2
Majestic,Silk,4.25 x 11,Vertical,Rectangle,16PT C2S,No Coating,Silk,n/a,4/1,2500,Score in Half,Slide Slits Right Panel,Yes 75 Envelopes A2
Majestic,Silk,5.5 x 8.5,Vertical,Rectangle,16PT C2S,No Coating,Silk,n/a,4/1,2500,Score in Half,Slide Slits Right Panel,Yes 75 Envelopes A2
Majestic,Silk,4.25 x 11,Horizontal,Rectangle,16PT C2S,No Coating,Silk,n/a,4/4,2500,Score in Half,Slide Slits Right Panel,Yes 75 Envelopes A2
Majestic,Silk,5.5 x 8.5,Horizontal,Rectangle,16PT C2S,No Coating,Silk,n/a,4/4,2500,Score in Half,Slide Slits Right Panel,Yes 75 Envelopes A2
Majestic,Silk,4.25 x 11,Horizontal,Rectangle,16PT C2S,No Coating,Silk,n/a,4/0,5000,Score in Half,Slide Slits Right Panel,Yes 75 Envelopes A2
Majestic,Silk,4.25 x 11,Vertical,Rectangle,16PT C2S,No Coating,Silk,n/a,4/4,2500,Score in Half,Slide Slits Right Panel,Yes 75 Envelopes A2
Majestic,Silk,5.5 x 8.5,Horizontal,Rectangle,16PT C2S,No Coating,Silk,n/a,4/0,5000,Score in Half,Slide Slits Right Panel,Yes 75 Envelopes A2
Majestic,Silk,4.25 x 11,Vertical,Rectangle,16PT C2S,No Coating,Silk,n/a,4/0,5000,Score in Half,Slide Slits Right Panel,Yes 75 Envelopes A2
Majestic,Silk,4.25 x 11,Horizontal,Rectangle,16PT C2S,No Coating,Silk,n/a,4/1,5000,Score in Half,Slide Slits Right Panel,Yes 75 Envelopes A2
Majestic,Silk,5.5 x 8.5,Horizontal,Rectangle,16PT C2S,No Coating,Silk,n/a,4/1,5000,Score in Half,Slide Slits Right Panel,Yes 75 Envelopes A2
Majestic,Silk,5.5 x 8.5,Vertical,Rectangle,16PT C2S,No Coating,Silk,n/a,4/0,5000,Score in Half,Slide Slits Right Panel,Yes 75 Envelopes A2
Majestic,Silk,4.25 x 11,Vertical,Rectangle,16PT C2S,No Coating,Silk,n/a,4/1,5000,Score in Half,Slide Slits Right Panel,Yes 75 Envelopes A2
Majestic,Silk,5.5 x 8.5,Vertical,Rectangle,16PT C2S,No Coating,Silk,n/a,4/1,5000,Score in Half,Slide Slits Right Panel,Yes 75 Envelopes A2
Majestic,Silk,4.25 x 11,Horizontal,Rectangle,16PT C2S,No Coating,Silk,n/a,4/4,5000,Score in Half,Slide Slits Right Panel,Yes 75 Envelopes A2
Majestic,Silk,5.5 x 8.5,Vertical,Rectangle,16PT C2S,No Coating,Silk,n/a,4/4,2500,Score in Half,Slide Slits Right Panel,Yes 75 Envelopes A2
Majestic,Silk,5.5 x 8.5,Horizontal,Rectangle,16PT C2S,No Coating,Silk,n/a,4/4,5000,Score in Half,Slide Slits Right Panel,Yes 75 Envelopes A2
Majestic,Silk,4.25 x 11,Vertical,Rectangle,16PT C2S,No Coating,Silk,n/a,4/4,5000,Score in Half,Slide Slits Right Panel,Yes 75 Envelopes A2
Majestic,Silk,5.5 x 8.5,Vertical,Rectangle,16PT C2S,No Coating,Silk,n/a,4/4,5000,Score in Half,Slide Slits Right Panel,Yes 75 Envelopes A2
Majestic,Silk,4.25 x 11,Horizontal,Rectangle,16PT C2S,No Coating,Silk,n/a,4/0,10000,Score in Half,Slide Slits Right Panel,Yes 75 Envelopes A2
Majestic,Silk,5.5 x 8.5,Horizontal,Rectangle,16PT C2S,No Coating,Silk,n/a,4/0,10000,Score in Half,Slide Slits Right Panel,Yes 75 Envelopes A2
Majestic,Silk,4.25 x 11,Vertical,Rectangle,16PT C2S,No Coating,Silk,n/a,4/0,10000,Score in Half,Slide Slits Right Panel,Yes 75 Envelopes A2
Majestic,Silk,5.5 x 8.5,Vertical,Rectangle,16PT C2S,No Coating,Silk,n/a,4/0,10000,Score in Half,Slide Slits Right Panel,Yes 75 Envelopes A2
Majestic,Silk,4.25 x 11,Horizontal,Rectangle,16PT C2S,No Coating,Silk,n/a,4/1,10000,Score in Half,Slide Slits Right Panel,Yes 75 Envelopes A2
Majestic,Silk,4.25 x 11,Vertical,Rectangle,16PT C2S,No Coating,Silk,n/a,4/1,10000,Score in Half,Slide Slits Right Panel,Yes 75 Envelopes A2
Majestic,Silk,5.5 x 8.5,Horizontal,Rectangle,16PT C2S,No Coating,Silk,n/a,4/1,10000,Score in Half,Slide Slits Right Panel,Yes 75 Envelopes A2
Majestic,Silk,5.5 x 8.5,Vertical,Rectangle,16PT C2S,No Coating,Silk,n/a,4/1,10000,Score in Half,Slide Slits Right Panel,Yes 75 Envelopes A2
Majestic,Silk,4.25 x 11,Horizontal,Rectangle,16PT C2S,No Coating,Silk,n/a,4/4,10000,Score in Half,Slide Slits Right Panel,Yes 75 Envelopes A2
Majestic,Silk,5.5 x 8.5,Horizontal,Rectangle,16PT C2S,No Coating,Silk,n/a,4/4,10000,Score in Half,Slide Slits Right Panel,Yes 75 Envelopes A2
Majestic,Silk,4.25 x 11,Vertical,Rectangle,16PT C2S,No Coating,Silk,n/a,4/4,10000,Score in Half,Slide Slits Right Panel,Yes 75 Envelopes A2
Majestic,Silk,5.5 x 8.5,Vertical,Rectangle,16PT C2S,No Coating,Silk,n/a,4/4,10000,Score in Half,Slide Slits Right Panel,Yes 75 Envelopes A2
Majestic,Silk,4.25 x 11,Horizontal,Rectangle,16PT C2S,No Coating,Silk,n/a,4/0,25,Score in Half,Moon Slits Bottom Panel,Yes 100 Envelopes A2
Majestic,Silk,4.25 x 11,Vertical,Rectangle,16PT C2S,No Coating,Silk,n/a,4/0,25,Score in Half,Moon Slits Bottom Panel,Yes 100 Envelopes A2
Majestic,Silk,5.5 x 8.5,Horizontal,Rectangle,16PT C2S,No Coating,Silk,n/a,4/0,25,Score in Half,Moon Slits Bottom Panel,Yes 100 Envelopes A2
Majestic,Silk,5.5 x 8.5,Vertical,Rectangle,16PT C2S,No Coating,Silk,n/a,4/0,25,Score in Half,Moon Slits Bottom Panel,Yes 100 Envelopes A2
Majestic,Silk,4.25 x 11,Horizontal,Rectangle,16PT C2S,No Coating,Silk,n/a,4/1,25,Score in Half,Moon Slits Bottom Panel,Yes 100 Envelopes A2
Majestic,Silk,5.5 x 8.5,Horizontal,Rectangle,16PT C2S,No Coating,Silk,n/a,4/1,25,Score in Half,Moon Slits Bottom Panel,Yes 100 Envelopes A2
Majestic,Silk,5.5 x 8.5,Vertical,Rectangle,16PT C2S,No Coating,Silk,n/a,4/1,25,Score in Half,Moon Slits Bottom Panel,Yes 100 Envelopes A2
Majestic,Silk,4.25 x 11,Vertical,Rectangle,16PT C2S,No Coating,Silk,n/a,4/1,25,Score in Half,Moon Slits Bottom Panel,Yes 100 Envelopes A2
Majestic,Silk,4.25 x 11,Horizontal,Rectangle,16PT C2S,No Coating,Silk,n/a,4/4,25,Score in Half,Moon Slits Bottom Panel,Yes 100 Envelopes A2
Majestic,Silk,5.5 x 8.5,Horizontal,Rectangle,16PT C2S,No Coating,Silk,n/a,4/4,25,Score in Half,Moon Slits Bottom Panel,Yes 100 Envelopes A2
Majestic,Silk,4.25 x 11,Vertical,Rectangle,16PT C2S,No Coating,Silk,n/a,4/4,25,Score in Half,Moon Slits Bottom Panel,Yes 100 Envelopes A2
Majestic,Silk,5.5 x 8.5,Vertical,Rectangle,16PT C2S,No Coating,Silk,n/a,4/4,25,Score in Half,Moon Slits Bottom Panel,Yes 100 Envelopes A2
Majestic,Silk,4.25 x 11,Horizontal,Rectangle,16PT C2S,No Coating,Silk,n/a,4/0,50,Score in Half,Moon Slits Bottom Panel,Yes 100 Envelopes A2
Majestic,Silk,5.5 x 8.5,Horizontal,Rectangle,16PT C2S,No Coating,Silk,n/a,4/0,50,Score in Half,Moon Slits Bottom Panel,Yes 100 Envelopes A2
Majestic,Silk,4.25 x 11,Vertical,Rectangle,16PT C2S,No Coating,Silk,n/a,4/0,50,Score in Half,Moon Slits Bottom Panel,Yes 100 Envelopes A2
Majestic,Silk,5.5 x 8.5,Vertical,Rectangle,16PT C2S,No Coating,Silk,n/a,4/0,50,Score in Half,Moon Slits Bottom Panel,Yes 100 Envelopes A2
Majestic,Silk,4.25 x 11,Horizontal,Rectangle,16PT C2S,No Coating,Silk,n/a,4/1,50,Score in Half,Moon Slits Bottom Panel,Yes 100 Envelopes A2
Majestic,Silk,5.5 x 8.5,Horizontal,Rectangle,16PT C2S,No Coating,Silk,n/a,4/1,50,Score in Half,Moon Slits Bottom Panel,Yes 100 Envelopes A2
Majestic,Silk,4.25 x 11,Vertical,Rectangle,16PT C2S,No Coating,Silk,n/a,4/1,50,Score in Half,Moon Slits Bottom Panel,Yes 100 Envelopes A2
Majestic,Silk,5.5 x 8.5,Vertical,Rectangle,16PT C2S,No Coating,Silk,n/a,4/1,50,Score in Half,Moon Slits Bottom Panel,Yes 100 Envelopes A2
Majestic,Silk,4.25 x 11,Horizontal,Rectangle,16PT C2S,No Coating,Silk,n/a,4/4,50,Score in Half,Moon Slits Bottom Panel,Yes 100 Envelopes A2
Majestic,Silk,5.5 x 8.5,Horizontal,Rectangle,16PT C2S,No Coating,Silk,n/a,4/4,50,Score in Half,Moon Slits Bottom Panel,Yes 100 Envelopes A2
Majestic,Silk,4.25 x 11,Vertical,Rectangle,16PT C2S,No Coating,Silk,n/a,4/4,50,Score in Half,Moon Slits Bottom Panel,Yes 100 Envelopes A2
Majestic,Silk,5.5 x 8.5,Vertical,Rectangle,16PT C2S,No Coating,Silk,n/a,4/4,50,Score in Half,Moon Slits Bottom Panel,Yes 100 Envelopes A2
Majestic,Silk,4.25 x 11,Horizontal,Rectangle,16PT C2S,No Coating,Silk,n/a,4/0,75,Score in Half,Moon Slits Bottom Panel,Yes 100 Envelopes A2
Majestic,Silk,5.5 x 8.5,Horizontal,Rectangle,16PT C2S,No Coating,Silk,n/a,4/0,75,Score in Half,Moon Slits Bottom Panel,Yes 100 Envelopes A2
Majestic,Silk,4.25 x 11,Vertical,Rectangle,16PT C2S,No Coating,Silk,n/a,4/0,75,Score in Half,Moon Slits Bottom Panel,Yes 100 Envelopes A2
Majestic,Silk,5.5 x 8.5,Vertical,Rectangle,16PT C2S,No Coating,Silk,n/a,4/0,75,Score in Half,Moon Slits Bottom Panel,Yes 100 Envelopes A2
Majestic,Silk,4.25 x 11,Horizontal,Rectangle,16PT C2S,No Coating,Silk,n/a,4/1,75,Score in Half,Moon Slits Bottom Panel,Yes 100 Envelopes A2
Majestic,Silk,5.5 x 8.5,Horizontal,Rectangle,16PT C2S,No Coating,Silk,n/a,4/1,75,Score in Half,Moon Slits Bottom Panel,Yes 100 Envelopes A2
Majestic,Silk,4.25 x 11,Vertical,Rectangle,16PT C2S,No Coating,Silk,n/a,4/1,75,Score in Half,Moon Slits Bottom Panel,Yes 100 Envelopes A2
Majestic,Silk,5.5 x 8.5,Vertical,Rectangle,16PT C2S,No Coating,Silk,n/a,4/1,75,Score in Half,Moon Slits Bottom Panel,Yes 100 Envelopes A2
Majestic,Silk,4.25 x 11,Horizontal,Rectangle,16PT C2S,No Coating,Silk,n/a,4/4,75,Score in Half,Moon Slits Bottom Panel,Yes 100 Envelopes A2
Majestic,Silk,5.5 x 8.5,Horizontal,Rectangle,16PT C2S,No Coating,Silk,n/a,4/4,75,Score in Half,Moon Slits Bottom Panel,Yes 100 Envelopes A2
Majestic,Silk,4.25 x 11,Vertical,Rectangle,16PT C2S,No Coating,Silk,n/a,4/4,75,Score in Half,Moon Slits Bottom Panel,Yes 100 Envelopes A2
Majestic,Silk,5.5 x 8.5,Vertical,Rectangle,16PT C2S,No Coating,Silk,n/a,4/4,75,Score in Half,Moon Slits Bottom Panel,Yes 100 Envelopes A2
Majestic,Silk,4.25 x 11,Horizontal,Rectangle,16PT C2S,No Coating,Silk,n/a,4/0,100,Score in Half,Moon Slits Bottom Panel,Yes 100 Envelopes A2
Majestic,Silk,5.5 x 8.5,Horizontal,Rectangle,16PT C2S,No Coating,Silk,n/a,4/0,100,Score in Half,Moon Slits Bottom Panel,Yes 100 Envelopes A2
Majestic,Silk,4.25 x 11,Vertical,Rectangle,16PT C2S,No Coating,Silk,n/a,4/0,100,Score in Half,Moon Slits Bottom Panel,Yes 100 Envelopes A2
Majestic,Silk,5.5 x 8.5,Vertical,Rectangle,16PT C2S,No Coating,Silk,n/a,4/0,100,Score in Half,Moon Slits Bottom Panel,Yes 100 Envelopes A2
Majestic,Silk,4.25 x 11,Horizontal,Rectangle,16PT C2S,No Coating,Silk,n/a,4/1,100,Score in Half,Moon Slits Bottom Panel,Yes 100 Envelopes A2
Majestic,Silk,5.5 x 8.5,Horizontal,Rectangle,16PT C2S,No Coating,Silk,n/a,4/1,100,Score in Half,Moon Slits Bottom Panel,Yes 100 Envelopes A2
Majestic,Silk,4.25 x 11,Vertical,Rectangle,16PT C2S,No Coating,Silk,n/a,4/1,100,Score in Half,Moon Slits Bottom Panel,Yes 100 Envelopes A2
Majestic,Silk,5.5 x 8.5,Vertical,Rectangle,16PT C2S,No Coating,Silk,n/a,4/1,100,Score in Half,Moon Slits Bottom Panel,Yes 100 Envelopes A2
Majestic,Silk,4.25 x 11,Horizontal,Rectangle,16PT C2S,No Coating,Silk,n/a,4/4,100,Score in Half,Moon Slits Bottom Panel,Yes 100 Envelopes A2
Majestic,Silk,5.5 x 8.5,Horizontal,Rectangle,16PT C2S,No Coating,Silk,n/a,4/4,100,Score in Half,Moon Slits Bottom Panel,Yes 100 Envelopes A2
Majestic,Silk,4.25 x 11,Vertical,Rectangle,16PT C2S,No Coating,Silk,n/a,4/4,100,Score in Half,Moon Slits Bottom Panel,Yes 100 Envelopes A2
Majestic,Silk,5.5 x 8.5,Vertical,Rectangle,16PT C2S,No Coating,Silk,n/a,4/4,100,Score in Half,Moon Slits Bottom Panel,Yes 100 Envelopes A2
Majestic,Silk,4.25 x 11,Horizontal,Rectangle,16PT C2S,No Coating,Silk,n/a,4/0,250,Score in Half,Moon Slits Bottom Panel,Yes 100 Envelopes A2
Majestic,Silk,5.5 x 8.5,Horizontal,Rectangle,16PT C2S,No Coating,Silk,n/a,4/0,250,Score in Half,Moon Slits Bottom Panel,Yes 100 Envelopes A2
Majestic,Silk,4.25 x 11,Vertical,Rectangle,16PT C2S,No Coating,Silk,n/a,4/0,250,Score in Half,Moon Slits Bottom Panel,Yes 100 Envelopes A2
Majestic,Silk,5.5 x 8.5,Vertical,Rectangle,16PT C2S,No Coating,Silk,n/a,4/0,250,Score in Half,Moon Slits Bottom Panel,Yes 100 Envelopes A2
Majestic,Silk,4.25 x 11,Horizontal,Rectangle,16PT C2S,No Coating,Silk,n/a,4/1,250,Score in Half,Moon Slits Bottom Panel,Yes 100 Envelopes A2
Majestic,Silk,5.5 x 8.5,Horizontal,Rectangle,16PT C2S,No Coating,Silk,n/a,4/1,250,Score in Half,Moon Slits Bottom Panel,Yes 100 Envelopes A2
Majestic,Silk,4.25 x 11,Vertical,Rectangle,16PT C2S,No Coating,Silk,n/a,4/1,250,Score in Half,Moon Slits Bottom Panel,Yes 100 Envelopes A2
Majestic,Silk,5.5 x 8.5,Vertical,Rectangle,16PT C2S,No Coating,Silk,n/a,4/1,250,Score in Half,Moon Slits Bottom Panel,Yes 100 Envelopes A2
Majestic,Silk,4.25 x 11,Horizontal,Rectangle,16PT C2S,No Coating,Silk,n/a,4/4,250,Score in Half,Moon Slits Bottom Panel,Yes 100 Envelopes A2
Majestic,Silk,5.5 x 8.5,Horizontal,Rectangle,16PT C2S,No Coating,Silk,n/a,4/4,250,Score in Half,Moon Slits Bottom Panel,Yes 100 Envelopes A2
Majestic,Silk,4.25 x 11,Vertical,Rectangle,16PT C2S,No Coating,Silk,n/a,4/4,250,Score in Half,Moon Slits Bottom Panel,Yes 100 Envelopes A2
Majestic,Silk,5.5 x 8.5,Vertical,Rectangle,16PT C2S,No Coating,Silk,n/a,4/4,250,Score in Half,Moon Slits Bottom Panel,Yes 100 Envelopes A2
Majestic,Silk,4.25 x 11,Horizontal,Rectangle,16PT C2S,No Coating,Silk,n/a,4/0,500,Score in Half,Moon Slits Bottom Panel,Yes 100 Envelopes A2
Majestic,Silk,5.5 x 8.5,Horizontal,Rectangle,16PT C2S,No Coating,Silk,n/a,4/0,500,Score in Half,Moon Slits Bottom Panel,Yes 100 Envelopes A2
Majestic,Silk,4.25 x 11,Vertical,Rectangle,16PT C2S,No Coating,Silk,n/a,4/0,500,Score in Half,Moon Slits Bottom Panel,Yes 100 Envelopes A2
Majestic,Silk,5.5 x 8.5,Vertical,Rectangle,16PT C2S,No Coating,Silk,n/a,4/0,500,Score in Half,Moon Slits Bottom Panel,Yes 100 Envelopes A2
Majestic,Silk,4.25 x 11,Horizontal,Rectangle,16PT C2S,No Coating,Silk,n/a,4/1,500,Score in Half,Moon Slits Bottom Panel,Yes 100 Envelopes A2
Majestic,Silk,5.5 x 8.5,Horizontal,Rectangle,16PT C2S,No Coating,Silk,n/a,4/1,500,Score in Half,Moon Slits Bottom Panel,Yes 100 Envelopes A2
Majestic,Silk,4.25 x 11,Vertical,Rectangle,16PT C2S,No Coating,Silk,n/a,4/1,500,Score in Half,Moon Slits Bottom Panel,Yes 100 Envelopes A2
Majestic,Silk,5.5 x 8.5,Vertical,Rectangle,16PT C2S,No Coating,Silk,n/a,4/1,500,Score in Half,Moon Slits Bottom Panel,Yes 100 Envelopes A2
Majestic,Silk,4.25 x 11,Horizontal,Rectangle,16PT C2S,No Coating,Silk,n/a,4/4,500,Score in Half,Moon Slits Bottom Panel,Yes 100 Envelopes A2
Majestic,Silk,5.5 x 8.5,Horizontal,Rectangle,16PT C2S,No Coating,Silk,n/a,4/4,500,Score in Half,Moon Slits Bottom Panel,Yes 100 Envelopes A2
Majestic,Silk,4.25 x 11,Vertical,Rectangle,16PT C2S,No Coating,Silk,n/a,4/4,500,Score in Half,Moon Slits Bottom Panel,Yes 100 Envelopes A2
Majestic,Silk,5.5 x 8.5,Vertical,Rectangle,16PT C2S,No Coating,Silk,n/a,4/4,500,Score in Half,Moon Slits Bottom Panel,Yes 100 Envelopes A2
Majestic,Silk,4.25 x 11,Horizontal,Rectangle,16PT C2S,No Coating,Silk,n/a,4/0,1000,Score in Half,Moon Slits Bottom Panel,Yes 100 Envelopes A2
Majestic,Silk,5.5 x 8.5,Horizontal,Rectangle,16PT C2S,No Coating,Silk,n/a,4/0,1000,Score in Half,Moon Slits Bottom Panel,Yes 100 Envelopes A2
Majestic,Silk,4.25 x 11,Vertical,Rectangle,16PT C2S,No Coating,Silk,n/a,4/0,1000,Score in Half,Moon Slits Bottom Panel,Yes 100 Envelopes A2
Majestic,Silk,5.5 x 8.5,Vertical,Rectangle,16PT C2S,No Coating,Silk,n/a,4/0,1000,Score in Half,Moon Slits Bottom Panel,Yes 100 Envelopes A2
Majestic,Silk,4.25 x 11,Horizontal,Rectangle,16PT C2S,No Coating,Silk,n/a,4/1,1000,Score in Half,Moon Slits Bottom Panel,Yes 100 Envelopes A2
Majestic,Silk,4.25 x 11,Vertical,Rectangle,16PT C2S,No Coating,Silk,n/a,4/1,250,Score in Half,Slide Slits Right Panel,Yes 75 Envelopes A2
Majestic,Silk,4.25 x 11,Vertical,Rectangle,16PT C2S,No Coating,Silk,n/a,4/1,1000,Score in Half,Moon Slits Bottom Panel,Yes 100 Envelopes A2
Majestic,Silk,5.5 x 8.5,Vertical,Rectangle,16PT C2S,No Coating,Silk,n/a,4/1,1000,Score in Half,Moon Slits Bottom Panel,Yes 100 Envelopes A2
Majestic,Silk,4.25 x 11,Horizontal,Rectangle,16PT C2S,No Coating,Silk,n/a,4/4,1000,Score in Half,Moon Slits Bottom Panel,Yes 100 Envelopes A2
Majestic,Silk,5.5 x 8.5,Horizontal,Rectangle,16PT C2S,No Coating,Silk,n/a,4/4,1000,Score in Half,Moon Slits Bottom Panel,Yes 100 Envelopes A2
Majestic,Silk,4.25 x 11,Vertical,Rectangle,16PT C2S,No Coating,Silk,n/a,4/4,1000,Score in Half,Moon Slits Bottom Panel,Yes 100 Envelopes A2
Majestic,Silk,5.5 x 8.5,Vertical,Rectangle,16PT C2S,No Coating,Silk,n/a,4/4,1000,Score in Half,Moon Slits Bottom Panel,Yes 100 Envelopes A2
Majestic,Silk,5.5 x 8.5,Horizontal,Rectangle,16PT C2S,No Coating,Silk,n/a,4/1,1000,Score in Half,Moon Slits Bottom Panel,Yes 100 Envelopes A2
Majestic,Silk,5.5 x 8.5,Horizontal,Rectangle,16PT C2S,No Coating,Silk,n/a,4/0,2500,Score in Half,Moon Slits Bottom Panel,Yes 100 Envelopes A2
Majestic,Silk,4.25 x 11,Vertical,Rectangle,16PT C2S,No Coating,Silk,n/a,4/0,2500,Score in Half,Moon Slits Bottom Panel,Yes 100 Envelopes A2
Majestic,Silk,5.5 x 8.5,Vertical,Rectangle,16PT C2S,No Coating,Silk,n/a,4/0,2500,Score in Half,Moon Slits Bottom Panel,Yes 100 Envelopes A2
Majestic,Silk,4.25 x 11,Horizontal,Rectangle,16PT C2S,No Coating,Silk,n/a,4/1,2500,Score in Half,Moon Slits Bottom Panel,Yes 100 Envelopes A2
Majestic,Silk,5.5 x 8.5,Horizontal,Rectangle,16PT C2S,No Coating,Silk,n/a,4/1,2500,Score in Half,Moon Slits Bottom Panel,Yes 100 Envelopes A2
Majestic,Silk,4.25 x 11,Vertical,Rectangle,16PT C2S,No Coating,Silk,n/a,4/1,2500,Score in Half,Moon Slits Bottom Panel,Yes 100 Envelopes A2
Majestic,Silk,5.5 x 8.5,Vertical,Rectangle,16PT C2S,No Coating,Silk,n/a,4/1,2500,Score in Half,Moon Slits Bottom Panel,Yes 100 Envelopes A2
Majestic,Silk,4.25 x 11,Horizontal,Rectangle,16PT C2S,No Coating,Silk,n/a,4/4,2500,Score in Half,Moon Slits Bottom Panel,Yes 100 Envelopes A2
Majestic,Silk,4.25 x 11,Horizontal,Rectangle,16PT C2S,No Coating,Silk,n/a,4/0,2500,Score in Half,Moon Slits Bottom Panel,Yes 100 Envelopes A2
Majestic,Silk,4.25 x 11,Vertical,Rectangle,16PT C2S,No Coating,Silk,n/a,4/4,2500,Score in Half,Moon Slits Bottom Panel,Yes 100 Envelopes A2
Majestic,Silk,5.5 x 8.5,Vertical,Rectangle,16PT C2S,No Coating,Silk,n/a,4/4,2500,Score in Half,Moon Slits Bottom Panel,Yes 100 Envelopes A2
Majestic,Silk,5.5 x 8.5,Vertical,Rectangle,16PT C2S,No Coating,Silk,n/a,4/0,250,Score in Half,Slide Slits Right Panel,Yes 75 Envelopes A2
Majestic,Silk,5.5 x 8.5,Horizontal,Rectangle,16PT C2S,No Coating,Silk,n/a,4/0,5000,Score in Half,Moon Slits Bottom Panel,Yes 100 Envelopes A2
Majestic,Silk,4.25 x 11,Vertical,Rectangle,16PT C2S,No Coating,Silk,n/a,4/0,5000,Score in Half,Moon Slits Bottom Panel,Yes 100 Envelopes A2
Majestic,Silk,5.5 x 8.5,Vertical,Rectangle,16PT C2S,No Coating,Silk,n/a,4/0,5000,Score in Half,Moon Slits Bottom Panel,Yes 100 Envelopes A2
Majestic,Silk,4.25 x 11,Horizontal,Rectangle,16PT C2S,No Coating,Silk,n/a,4/1,5000,Score in Half,Moon Slits Bottom Panel,Yes 100 Envelopes A2
Majestic,Silk,5.5 x 8.5,Horizontal,Rectangle,16PT C2S,No Coating,Silk,n/a,4/1,5000,Score in Half,Moon Slits Bottom Panel,Yes 100 Envelopes A2
Majestic,Silk,4.25 x 11,Vertical,Rectangle,16PT C2S,No Coating,Silk,n/a,4/1,5000,Score in Half,Moon Slits Bottom Panel,Yes 100 Envelopes A2
Majestic,Silk,5.5 x 8.5,Vertical,Rectangle,16PT C2S,No Coating,Silk,n/a,4/1,5000,Score in Half,Moon Slits Bottom Panel,Yes 100 Envelopes A2
Majestic,Silk,4.25 x 11,Horizontal,Rectangle,16PT C2S,No Coating,Silk,n/a,4/0,5000,Score in Half,Moon Slits Bottom Panel,Yes 100 Envelopes A2
Majestic,Silk,5.5 x 8.5,Horizontal,Rectangle,16PT C2S,No Coating,Silk,n/a,4/4,5000,Score in Half,Moon Slits Bottom Panel,Yes 100 Envelopes A2
Majestic,Silk,5.5 x 8.5,Vertical,Rectangle,16PT C2S,No Coating,Silk,n/a,4/4,5000,Score in Half,Moon Slits Bottom Panel,Yes 100 Envelopes A2
Majestic,Silk,4.25 x 11,Vertical,Rectangle,16PT C2S,No Coating,Silk,n/a,4/4,5000,Score in Half,Moon Slits Bottom Panel,Yes 100 Envelopes A2
Majestic,Silk,4.25 x 11,Horizontal,Rectangle,16PT C2S,No Coating,Silk,n/a,4/0,10000,Score in Half,Moon Slits Bottom Panel,Yes 100 Envelopes A2
Majestic,Silk,5.5 x 8.5,Horizontal,Rectangle,16PT C2S,No Coating,Silk,n/a,4/4,2500,Score in Half,Moon Slits Bottom Panel,Yes 100 Envelopes A2
Majestic,Silk,4.25 x 11,Vertical,Rectangle,16PT C2S,No Coating,Silk,n/a,4/0,10000,Score in Half,Moon Slits Bottom Panel,Yes 100 Envelopes A2
Majestic,Silk,4.25 x 11,Horizontal,Rectangle,16PT C2S,No Coating,Silk,n/a,4/1,10000,Score in Half,Moon Slits Bottom Panel,Yes 100 Envelopes A2
Majestic,Silk,5.5 x 8.5,Horizontal,Rectangle,16PT C2S,No Coating,Silk,n/a,4/1,10000,Score in Half,Moon Slits Bottom Panel,Yes 100 Envelopes A2
Majestic,Silk,4.25 x 11,Horizontal,Rectangle,16PT C2S,No Coating,Silk,n/a,4/4,5000,Score in Half,Moon Slits Bottom Panel,Yes 100 Envelopes A2
Majestic,Silk,4.25 x 11,Vertical,Rectangle,16PT C2S,No Coating,Silk,n/a,4/1,10000,Score in Half,Moon Slits Bottom Panel,Yes 100 Envelopes A2
Majestic,Silk,5.5 x 8.5,Vertical,Rectangle,16PT C2S,No Coating,Silk,n/a,4/1,10000,Score in Half,Moon Slits Bottom Panel,Yes 100 Envelopes A2
Majestic,Silk,4.25 x 11,Horizontal,Rectangle,16PT C2S,No Coating,Silk,n/a,4/4,10000,Score in Half,Moon Slits Bottom Panel,Yes 100 Envelopes A2
Majestic,Silk,5.5 x 8.5,Horizontal,Rectangle,16PT C2S,No Coating,Silk,n/a,4/4,10000,Score in Half,Moon Slits Bottom Panel,Yes 100 Envelopes A2
Majestic,Silk,4.25 x 11,Vertical,Rectangle,16PT C2S,No Coating,Silk,n/a,4/4,10000,Score in Half,Moon Slits Bottom Panel,Yes 100 Envelopes A2
Majestic,Silk,5.5 x 8.5,Vertical,Rectangle,16PT C2S,No Coating,Silk,n/a,4/4,10000,Score in Half,Moon Slits Bottom Panel,Yes 100 Envelopes A2
Majestic,Silk,4.25 x 11,Horizontal,Rectangle,16PT C2S,No Coating,Silk,n/a,4/0,25,Score in Half,Moon Slits Right Panel,Yes 100 Envelopes A2
Majestic,Silk,5.5 x 8.5,Horizontal,Rectangle,16PT C2S,No Coating,Silk,n/a,4/0,25,Score in Half,Moon Slits Right Panel,Yes 100 Envelopes A2
Majestic,Silk,4.25 x 11,Vertical,Rectangle,16PT C2S,No Coating,Silk,n/a,4/0,25,Score in Half,Moon Slits Right Panel,Yes 100 Envelopes A2
Majestic,Silk,5.5 x 8.5,Vertical,Rectangle,16PT C2S,No Coating,Silk,n/a,4/0,25,Score in Half,Moon Slits Right Panel,Yes 100 Envelopes A2
Majestic,Silk,4.25 x 11,Horizontal,Rectangle,16PT C2S,No Coating,Silk,n/a,4/1,25,Score in Half,Moon Slits Right Panel,Yes 100 Envelopes A2
Majestic,Silk,5.5 x 8.5,Horizontal,Rectangle,16PT C2S,No Coating,Silk,n/a,4/1,25,Score in Half,Moon Slits Right Panel,Yes 100 Envelopes A2
Majestic,Silk,4.25 x 11,Vertical,Rectangle,16PT C2S,No Coating,Silk,n/a,4/1,25,Score in Half,Moon Slits Right Panel,Yes 100 Envelopes A2
Majestic,Silk,5.5 x 8.5,Vertical,Rectangle,16PT C2S,No Coating,Silk,n/a,4/1,25,Score in Half,Moon Slits Right Panel,Yes 100 Envelopes A2
Majestic,Silk,4.25 x 11,Horizontal,Rectangle,16PT C2S,No Coating,Silk,n/a,4/4,25,Score in Half,Moon Slits Right Panel,Yes 100 Envelopes A2
Majestic,Silk,4.25 x 11,Vertical,Rectangle,16PT C2S,No Coating,Silk,n/a,4/4,25,Score in Half,Moon Slits Right Panel,Yes 100 Envelopes A2
Majestic,Silk,5.5 x 8.5,Horizontal,Rectangle,16PT C2S,No Coating,Silk,n/a,4/4,25,Score in Half,Moon Slits Right Panel,Yes 100 Envelopes A2
Majestic,Silk,5.5 x 8.5,Vertical,Rectangle,16PT C2S,No Coating,Silk,n/a,4/4,25,Score in Half,Moon Slits Right Panel,Yes 100 Envelopes A2
Majestic,Silk,4.25 x 11,Horizontal,Rectangle,16PT C2S,No Coating,Silk,n/a,4/0,50,Score in Half,Moon Slits Right Panel,Yes 100 Envelopes A2
Majestic,Silk,5.5 x 8.5,Horizontal,Rectangle,16PT C2S,No Coating,Silk,n/a,4/0,50,Score in Half,Moon Slits Right Panel,Yes 100 Envelopes A2
Majestic,Silk,4.25 x 11,Vertical,Rectangle,16PT C2S,No Coating,Silk,n/a,4/0,50,Score in Half,Moon Slits Right Panel,Yes 100 Envelopes A2
Majestic,Silk,5.5 x 8.5,Vertical,Rectangle,16PT C2S,No Coating,Silk,n/a,4/0,50,Score in Half,Moon Slits Right Panel,Yes 100 Envelopes A2
Majestic,Silk,4.25 x 11,Horizontal,Rectangle,16PT C2S,No Coating,Silk,n/a,4/1,50,Score in Half,Moon Slits Right Panel,Yes 100 Envelopes A2
Majestic,Silk,5.5 x 8.5,Horizontal,Rectangle,16PT C2S,No Coating,Silk,n/a,4/1,50,Score in Half,Moon Slits Right Panel,Yes 100 Envelopes A2
Majestic,Silk,4.25 x 11,Vertical,Rectangle,16PT C2S,No Coating,Silk,n/a,4/1,50,Score in Half,Moon Slits Right Panel,Yes 100 Envelopes A2
Majestic,Silk,5.5 x 8.5,Vertical,Rectangle,16PT C2S,No Coating,Silk,n/a,4/1,50,Score in Half,Moon Slits Right Panel,Yes 100 Envelopes A2
Majestic,Silk,4.25 x 11,Horizontal,Rectangle,16PT C2S,No Coating,Silk,n/a,4/4,50,Score in Half,Moon Slits Right Panel,Yes 100 Envelopes A2
Majestic,Silk,5.5 x 8.5,Horizontal,Rectangle,16PT C2S,No Coating,Silk,n/a,4/4,50,Score in Half,Moon Slits Right Panel,Yes 100 Envelopes A2
Majestic,Silk,4.25 x 11,Vertical,Rectangle,16PT C2S,No Coating,Silk,n/a,4/4,50,Score in Half,Moon Slits Right Panel,Yes 100 Envelopes A2
Majestic,Silk,5.5 x 8.5,Vertical,Rectangle,16PT C2S,No Coating,Silk,n/a,4/4,50,Score in Half,Moon Slits Right Panel,Yes 100 Envelopes A2
Majestic,Silk,4.25 x 11,Horizontal,Rectangle,16PT C2S,No Coating,Silk,n/a,4/0,75,Score in Half,Moon Slits Right Panel,Yes 100 Envelopes A2
Majestic,Silk,5.5 x 8.5,Horizontal,Rectangle,16PT C2S,No Coating,Silk,n/a,4/0,75,Score in Half,Moon Slits Right Panel,Yes 100 Envelopes A2
Majestic,Silk,4.25 x 11,Vertical,Rectangle,16PT C2S,No Coating,Silk,n/a,4/0,75,Score in Half,Moon Slits Right Panel,Yes 100 Envelopes A2
Majestic,Silk,5.5 x 8.5,Vertical,Rectangle,16PT C2S,No Coating,Silk,n/a,4/0,75,Score in Half,Moon Slits Right Panel,Yes 100 Envelopes A2
Majestic,Silk,4.25 x 11,Horizontal,Rectangle,16PT C2S,No Coating,Silk,n/a,4/1,75,Score in Half,Moon Slits Right Panel,Yes 100 Envelopes A2
Majestic,Silk,5.5 x 8.5,Horizontal,Rectangle,16PT C2S,No Coating,Silk,n/a,4/1,75,Score in Half,Moon Slits Right Panel,Yes 100 Envelopes A2
Majestic,Silk,4.25 x 11,Vertical,Rectangle,16PT C2S,No Coating,Silk,n/a,4/1,75,Score in Half,Moon Slits Right Panel,Yes 100 Envelopes A2
Majestic,Silk,5.5 x 8.5,Vertical,Rectangle,16PT C2S,No Coating,Silk,n/a,4/1,75,Score in Half,Moon Slits Right Panel,Yes 100 Envelopes A2
Majestic,Silk,4.25 x 11,Horizontal,Rectangle,16PT C2S,No Coating,Silk,n/a,4/4,75,Score in Half,Moon Slits Right Panel,Yes 100 Envelopes A2
Majestic,Silk,5.5 x 8.5,Horizontal,Rectangle,16PT C2S,No Coating,Silk,n/a,4/4,75,Score in Half,Moon Slits Right Panel,Yes 100 Envelopes A2
Majestic,Silk,4.25 x 11,Vertical,Rectangle,16PT C2S,No Coating,Silk,n/a,4/4,75,Score in Half,Moon Slits Right Panel,Yes 100 Envelopes A2
Majestic,Silk,5.5 x 8.5,Vertical,Rectangle,16PT C2S,No Coating,Silk,n/a,4/4,75,Score in Half,Moon Slits Right Panel,Yes 100 Envelopes A2
Majestic,Silk,4.25 x 11,Horizontal,Rectangle,16PT C2S,No Coating,Silk,n/a,4/0,100,Score in Half,Moon Slits Right Panel,Yes 100 Envelopes A2
Majestic,Silk,5.5 x 8.5,Horizontal,Rectangle,16PT C2S,No Coating,Silk,n/a,4/0,100,Score in Half,Moon Slits Right Panel,Yes 100 Envelopes A2
Majestic,Silk,4.25 x 11,Vertical,Rectangle,16PT C2S,No Coating,Silk,n/a,4/0,100,Score in Half,Moon Slits Right Panel,Yes 100 Envelopes A2
Majestic,Silk,5.5 x 8.5,Vertical,Rectangle,16PT C2S,No Coating,Silk,n/a,4/0,100,Score in Half,Moon Slits Right Panel,Yes 100 Envelopes A2
Majestic,Silk,4.25 x 11,Horizontal,Rectangle,16PT C2S,No Coating,Silk,n/a,4/1,100,Score in Half,Moon Slits Right Panel,Yes 100 Envelopes A2
Majestic,Silk,5.5 x 8.5,Horizontal,Rectangle,16PT C2S,No Coating,Silk,n/a,4/1,100,Score in Half,Moon Slits Right Panel,Yes 100 Envelopes A2
Majestic,Silk,4.25 x 11,Vertical,Rectangle,16PT C2S,No Coating,Silk,n/a,4/1,100,Score in Half,Moon Slits Right Panel,Yes 100 Envelopes A2
Majestic,Silk,5.5 x 8.5,Vertical,Rectangle,16PT C2S,No Coating,Silk,n/a,4/1,100,Score in Half,Moon Slits Right Panel,Yes 100 Envelopes A2
Majestic,Silk,4.25 x 11,Horizontal,Rectangle,16PT C2S,No Coating,Silk,n/a,4/4,100,Score in Half,Moon Slits Right Panel,Yes 100 Envelopes A2
Majestic,Silk,5.5 x 8.5,Horizontal,Rectangle,16PT C2S,No Coating,Silk,n/a,4/4,100,Score in Half,Moon Slits Right Panel,Yes 100 Envelopes A2
Majestic,Silk,4.25 x 11,Vertical,Rectangle,16PT C2S,No Coating,Silk,n/a,4/4,100,Score in Half,Moon Slits Right Panel,Yes 100 Envelopes A2
Majestic,Silk,5.5 x 8.5,Vertical,Rectangle,16PT C2S,No Coating,Silk,n/a,4/4,100,Score in Half,Moon Slits Right Panel,Yes 100 Envelopes A2
Majestic,Silk,4.25 x 11,Horizontal,Rectangle,16PT C2S,No Coating,Silk,n/a,4/0,250,Score in Half,Moon Slits Right Panel,Yes 100 Envelopes A2
Majestic,Silk,4.25 x 11,Vertical,Rectangle,16PT C2S,No Coating,Silk,n/a,4/0,250,Score in Half,Moon Slits Right Panel,Yes 100 Envelopes A2
Majestic,Silk,5.5 x 8.5,Horizontal,Rectangle,16PT C2S,No Coating,Silk,n/a,4/0,250,Score in Half,Moon Slits Right Panel,Yes 100 Envelopes A2
Majestic,Silk,5.5 x 8.5,Vertical,Rectangle,16PT C2S,No Coating,Silk,n/a,4/0,250,Score in Half,Moon Slits Right Panel,Yes 100 Envelopes A2
Majestic,Silk,4.25 x 11,Horizontal,Rectangle,16PT C2S,No Coating,Silk,n/a,4/1,250,Score in Half,Moon Slits Right Panel,Yes 100 Envelopes A2
Majestic,Silk,5.5 x 8.5,Horizontal,Rectangle,16PT C2S,No Coating,Silk,n/a,4/1,250,Score in Half,Moon Slits Right Panel,Yes 100 Envelopes A2
Majestic,Silk,4.25 x 11,Vertical,Rectangle,16PT C2S,No Coating,Silk,n/a,4/1,250,Score in Half,Moon Slits Right Panel,Yes 100 Envelopes A2
Majestic,Silk,5.5 x 8.5,Vertical,Rectangle,16PT C2S,No Coating,Silk,n/a,4/1,250,Score in Half,Moon Slits Right Panel,Yes 100 Envelopes A2
Majestic,Silk,4.25 x 11,Horizontal,Rectangle,16PT C2S,No Coating,Silk,n/a,4/4,250,Score in Half,Moon Slits Right Panel,Yes 100 Envelopes A2
Majestic,Silk,5.5 x 8.5,Horizontal,Rectangle,16PT C2S,No Coating,Silk,n/a,4/4,250,Score in Half,Moon Slits Right Panel,Yes 100 Envelopes A2
Majestic,Silk,4.25 x 11,Vertical,Rectangle,16PT C2S,No Coating,Silk,n/a,4/4,250,Score in Half,Moon Slits Right Panel,Yes 100 Envelopes A2
Majestic,Silk,5.5 x 8.5,Vertical,Rectangle,16PT C2S,No Coating,Silk,n/a,4/4,250,Score in Half,Moon Slits Right Panel,Yes 100 Envelopes A2
Majestic,Silk,4.25 x 11,Horizontal,Rectangle,16PT C2S,No Coating,Silk,n/a,4/0,500,Score in Half,Moon Slits Right Panel,Yes 100 Envelopes A2
Majestic,Silk,5.5 x 8.5,Horizontal,Rectangle,16PT C2S,No Coating,Silk,n/a,4/0,500,Score in Half,Moon Slits Right Panel,Yes 100 Envelopes A2
Majestic,Silk,4.25 x 11,Vertical,Rectangle,16PT C2S,No Coating,Silk,n/a,4/0,500,Score in Half,Moon Slits Right Panel,Yes 100 Envelopes A2
Majestic,Silk,5.5 x 8.5,Vertical,Rectangle,16PT C2S,No Coating,Silk,n/a,4/0,500,Score in Half,Moon Slits Right Panel,Yes 100 Envelopes A2
Majestic,Silk,4.25 x 11,Horizontal,Rectangle,16PT C2S,No Coating,Silk,n/a,4/1,500,Score in Half,Moon Slits Right Panel,Yes 100 Envelopes A2
Majestic,Silk,5.5 x 8.5,Horizontal,Rectangle,16PT C2S,No Coating,Silk,n/a,4/1,500,Score in Half,Moon Slits Right Panel,Yes 100 Envelopes A2
Majestic,Silk,4.25 x 11,Vertical,Rectangle,16PT C2S,No Coating,Silk,n/a,4/1,500,Score in Half,Moon Slits Right Panel,Yes 100 Envelopes A2
Majestic,Silk,5.5 x 8.5,Vertical,Rectangle,16PT C2S,No Coating,Silk,n/a,4/1,500,Score in Half,Moon Slits Right Panel,Yes 100 Envelopes A2
Majestic,Silk,4.25 x 11,Horizontal,Rectangle,16PT C2S,No Coating,Silk,n/a,4/4,500,Score in Half,Moon Slits Right Panel,Yes 100 Envelopes A2
Majestic,Silk,5.5 x 8.5,Horizontal,Rectangle,16PT C2S,No Coating,Silk,n/a,4/4,500,Score in Half,Moon Slits Right Panel,Yes 100 Envelopes A2
Majestic,Silk,4.25 x 11,Vertical,Rectangle,16PT C2S,No Coating,Silk,n/a,4/4,500,Score in Half,Moon Slits Right Panel,Yes 100 Envelopes A2
Majestic,Silk,5.5 x 8.5,Vertical,Rectangle,16PT C2S,No Coating,Silk,n/a,4/4,500,Score in Half,Moon Slits Right Panel,Yes 100 Envelopes A2
Majestic,Silk,4.25 x 11,Horizontal,Rectangle,16PT C2S,No Coating,Silk,n/a,4/0,1000,Score in Half,Moon Slits Right Panel,Yes 100 Envelopes A2
Majestic,Silk,5.5 x 8.5,Horizontal,Rectangle,16PT C2S,No Coating,Silk,n/a,4/0,10000,Score in Half,Moon Slits Bottom Panel,Yes 100 Envelopes A2
Majestic,Silk,4.25 x 11,Vertical,Rectangle,16PT C2S,No Coating,Silk,n/a,4/0,1000,Score in Half,Moon Slits Right Panel,Yes 100 Envelopes A2
Majestic,Silk,5.5 x 8.5,Vertical,Rectangle,16PT C2S,No Coating,Silk,n/a,4/0,10000,Score in Half,Moon Slits Bottom Panel,Yes 100 Envelopes A2
Majestic,Silk,4.25 x 11,Horizontal,Rectangle,16PT C2S,No Coating,Silk,n/a,4/1,1000,Score in Half,Moon Slits Right Panel,Yes 100 Envelopes A2
Majestic,Silk,5.5 x 8.5,Horizontal,Rectangle,16PT C2S,No Coating,Silk,n/a,4/1,1000,Score in Half,Moon Slits Right Panel,Yes 100 Envelopes A2
Majestic,Silk,4.25 x 11,Vertical,Rectangle,16PT C2S,No Coating,Silk,n/a,4/1,1000,Score in Half,Moon Slits Right Panel,Yes 100 Envelopes A2
Majestic,Silk,5.5 x 8.5,Vertical,Rectangle,16PT C2S,No Coating,Silk,n/a,4/1,1000,Score in Half,Moon Slits Right Panel,Yes 100 Envelopes A2
Majestic,Silk,4.25 x 11,Horizontal,Rectangle,16PT C2S,No Coating,Silk,n/a,4/4,1000,Score in Half,Moon Slits Right Panel,Yes 100 Envelopes A2
Majestic,Silk,5.5 x 8.5,Horizontal,Rectangle,16PT C2S,No Coating,Silk,n/a,4/4,1000,Score in Half,Moon Slits Right Panel,Yes 100 Envelopes A2
Majestic,Silk,4.25 x 11,Vertical,Rectangle,16PT C2S,No Coating,Silk,n/a,4/4,1000,Score in Half,Moon Slits Right Panel,Yes 100 Envelopes A2
Majestic,Silk,5.5 x 8.5,Horizontal,Rectangle,16PT C2S,No Coating,Silk,n/a,4/0,1000,Score in Half,Moon Slits Right Panel,Yes 100 Envelopes A2
Majestic,Silk,4.25 x 11,Horizontal,Rectangle,16PT C2S,No Coating,Silk,n/a,4/0,2500,Score in Half,Moon Slits Right Panel,Yes 100 Envelopes A2
Majestic,Silk,5.5 x 8.5,Horizontal,Rectangle,16PT C2S,No Coating,Silk,n/a,4/0,2500,Score in Half,Moon Slits Right Panel,Yes 100 Envelopes A2
Majestic,Silk,4.25 x 11,Vertical,Rectangle,16PT C2S,No Coating,Silk,n/a,4/0,2500,Score in Half,Moon Slits Right Panel,Yes 100 Envelopes A2
Majestic,Silk,5.5 x 8.5,Vertical,Rectangle,16PT C2S,No Coating,Silk,n/a,4/0,2500,Score in Half,Moon Slits Right Panel,Yes 100 Envelopes A2
Majestic,Silk,4.25 x 11,Horizontal,Rectangle,16PT C2S,No Coating,Silk,n/a,4/1,2500,Score in Half,Moon Slits Right Panel,Yes 100 Envelopes A2
Majestic,Silk,5.5 x 8.5,Horizontal,Rectangle,16PT C2S,No Coating,Silk,n/a,4/1,2500,Score in Half,Moon Slits Right Panel,Yes 100 Envelopes A2
Majestic,Silk,5.5 x 8.5,Vertical,Rectangle,16PT C2S,No Coating,Silk,n/a,4/4,1000,Score in Half,Moon Slits Right Panel,Yes 100 Envelopes A2
Majestic,Silk,5.5 x 8.5,Vertical,Rectangle,16PT C2S,No Coating,Silk,n/a,4/1,2500,Score in Half,Moon Slits Right Panel,Yes 100 Envelopes A2
Majestic,Silk,4.25 x 11,Horizontal,Rectangle,16PT C2S,No Coating,Silk,n/a,4/4,2500,Score in Half,Moon Slits Right Panel,Yes 100 Envelopes A2
Majestic,Silk,5.5 x 8.5,Horizontal,Rectangle,16PT C2S,No Coating,Silk,n/a,4/4,2500,Score in Half,Moon Slits Right Panel,Yes 100 Envelopes A2
Majestic,Silk,4.25 x 11,Vertical,Rectangle,16PT C2S,No Coating,Silk,n/a,4/4,2500,Score in Half,Moon Slits Right Panel,Yes 100 Envelopes A2
Majestic,Silk,5.5 x 8.5,Vertical,Rectangle,16PT C2S,No Coating,Silk,n/a,4/4,2500,Score in Half,Moon Slits Right Panel,Yes 100 Envelopes A2
Majestic,Silk,4.25 x 11,Horizontal,Rectangle,16PT C2S,No Coating,Silk,n/a,4/0,5000,Score in Half,Moon Slits Right Panel,Yes 100 Envelopes A2
Majestic,Silk,5.5 x 8.5,Horizontal,Rectangle,16PT C2S,No Coating,Silk,n/a,4/0,5000,Score in Half,Moon Slits Right Panel,Yes 100 Envelopes A2
Majestic,Silk,4.25 x 11,Vertical,Rectangle,16PT C2S,No Coating,Silk,n/a,4/0,5000,Score in Half,Moon Slits Right Panel,Yes 100 Envelopes A2
Majestic,Silk,5.5 x 8.5,Vertical,Rectangle,16PT C2S,No Coating,Silk,n/a,4/0,5000,Score in Half,Moon Slits Right Panel,Yes 100 Envelopes A2
Majestic,Silk,4.25 x 11,Horizontal,Rectangle,16PT C2S,No Coating,Silk,n/a,4/1,5000,Score in Half,Moon Slits Right Panel,Yes 100 Envelopes A2
Majestic,Silk,5.5 x 8.5,Horizontal,Rectangle,16PT C2S,No Coating,Silk,n/a,4/1,5000,Score in Half,Moon Slits Right Panel,Yes 100 Envelopes A2
Majestic,Silk,4.25 x 11,Vertical,Rectangle,16PT C2S,No Coating,Silk,n/a,4/1,5000,Score in Half,Moon Slits Right Panel,Yes 100 Envelopes A2
Majestic,Silk,4.25 x 11,Horizontal,Rectangle,16PT C2S,No Coating,Silk,n/a,4/1,75,Score in Half,Slide Slits Right Panel,Yes 75 Envelopes A2
Majestic,Silk,4.25 x 11,Horizontal,Rectangle,16PT C2S,No Coating,Silk,n/a,4/4,5000,Score in Half,Moon Slits Right Panel,Yes 100 Envelopes A2
Majestic,Silk,5.5 x 8.5,Horizontal,Rectangle,16PT C2S,No Coating,Silk,n/a,4/4,5000,Score in Half,Moon Slits Right Panel,Yes 100 Envelopes A2
Majestic,Silk,4.25 x 11,Vertical,Rectangle,16PT C2S,No Coating,Silk,n/a,4/4,5000,Score in Half,Moon Slits Right Panel,Yes 100 Envelopes A2
Majestic,Silk,5.5 x 8.5,Vertical,Rectangle,16PT C2S,No Coating,Silk,n/a,4/4,5000,Score in Half,Moon Slits Right Panel,Yes 100 Envelopes A2
Majestic,Silk,4.25 x 11,Horizontal,Rectangle,16PT C2S,No Coating,Silk,n/a,4/0,10000,Score in Half,Moon Slits Right Panel,Yes 100 Envelopes A2
Majestic,Silk,5.5 x 8.5,Horizontal,Rectangle,16PT C2S,No Coating,Silk,n/a,4/0,10000,Score in Half,Moon Slits Right Panel,Yes 100 Envelopes A2
Majestic,Silk,4.25 x 11,Vertical,Rectangle,16PT C2S,No Coating,Silk,n/a,4/0,10000,Score in Half,Moon Slits Right Panel,Yes 100 Envelopes A2
Majestic,Silk,5.5 x 8.5,Vertical,Rectangle,16PT C2S,No Coating,Silk,n/a,4/0,10000,Score in Half,Moon Slits Right Panel,Yes 100 Envelopes A2
Majestic,Silk,4.25 x 11,Horizontal,Rectangle,16PT C2S,No Coating,Silk,n/a,4/1,10000,Score in Half,Moon Slits Right Panel,Yes 100 Envelopes A2
Majestic,Silk,5.5 x 8.5,Horizontal,Rectangle,16PT C2S,No Coating,Silk,n/a,4/1,10000,Score in Half,Moon Slits Right Panel,Yes 100 Envelopes A2
Majestic,Silk,4.25 x 11,Vertical,Rectangle,16PT C2S,No Coating,Silk,n/a,4/1,10000,Score in Half,Moon Slits Right Panel,Yes 100 Envelopes A2
Majestic,Silk,5.5 x 8.5,Vertical,Rectangle,16PT C2S,No Coating,Silk,n/a,4/1,10000,Score in Half,Moon Slits Right Panel,Yes 100 Envelopes A2
Majestic,Silk,5.5 x 8.5,Horizontal,Rectangle,16PT C2S,No Coating,Silk,n/a,4/4,10000,Score in Half,Moon Slits Right Panel,Yes 100 Envelopes A2
Majestic,Silk,4.25 x 11,Vertical,Rectangle,16PT C2S,No Coating,Silk,n/a,4/4,10000,Score in Half,Moon Slits Right Panel,Yes 100 Envelopes A2
Majestic,Silk,4.25 x 11,Horizontal,Rectangle,16PT C2S,No Coating,Silk,n/a,4/4,10000,Score in Half,Moon Slits Right Panel,Yes 100 Envelopes A2
Majestic,Silk,5.5 x 8.5,Vertical,Rectangle,16PT C2S,No Coating,Silk,n/a,4/4,10000,Score in Half,Moon Slits Right Panel,Yes 100 Envelopes A2
Majestic,Silk,4.25 x 11,Horizontal,Rectangle,16PT C2S,No Coating,Silk,n/a,4/0,25,Score in Half,No Gift Cards Slits,Yes 100 Envelopes A2
Majestic,Silk,5.5 x 8.5,Horizontal,Rectangle,16PT C2S,No Coating,Silk,n/a,4/0,25,Score in Half,No Gift Cards Slits,Yes 100 Envelopes A2
Majestic,Silk,4.25 x 11,Vertical,Rectangle,16PT C2S,No Coating,Silk,n/a,4/1,2500,Score in Half,Moon Slits Right Panel,Yes 100 Envelopes A2
Majestic,Silk,5.5 x 8.5,Vertical,Rectangle,16PT C2S,No Coating,Silk,n/a,4/0,25,Score in Half,No Gift Cards Slits,Yes 100 Envelopes A2
Majestic,Silk,4.25 x 11,Horizontal,Rectangle,16PT C2S,No Coating,Silk,n/a,4/1,25,Score in Half,No Gift Cards Slits,Yes 100 Envelopes A2
Majestic,Silk,5.5 x 8.5,Horizontal,Rectangle,16PT C2S,No Coating,Silk,n/a,4/1,25,Score in Half,No Gift Cards Slits,Yes 100 Envelopes A2
Majestic,Silk,4.25 x 11,Vertical,Rectangle,16PT C2S,No Coating,Silk,n/a,4/1,25,Score in Half,No Gift Cards Slits,Yes 100 Envelopes A2
Majestic,Silk,5.5 x 8.5,Vertical,Rectangle,16PT C2S,No Coating,Silk,n/a,4/1,25,Score in Half,No Gift Cards Slits,Yes 100 Envelopes A2
Majestic,Silk,4.25 x 11,Horizontal,Rectangle,16PT C2S,No Coating,Silk,n/a,4/4,25,Score in Half,No Gift Cards Slits,Yes 100 Envelopes A2
Majestic,Silk,5.5 x 8.5,Horizontal,Rectangle,16PT C2S,No Coating,Silk,n/a,4/4,25,Score in Half,No Gift Cards Slits,Yes 100 Envelopes A2
Majestic,Silk,4.25 x 11,Vertical,Rectangle,16PT C2S,No Coating,Silk,n/a,4/4,25,Score in Half,No Gift Cards Slits,Yes 100 Envelopes A2
Majestic,Silk,5.5 x 8.5,Vertical,Rectangle,16PT C2S,No Coating,Silk,n/a,4/4,25,Score in Half,No Gift Cards Slits,Yes 100 Envelopes A2
Majestic,Silk,4.25 x 11,Horizontal,Rectangle,16PT C2S,No Coating,Silk,n/a,4/0,50,Score in Half,No Gift Cards Slits,Yes 100 Envelopes A2
Majestic,Silk,5.5 x 8.5,Horizontal,Rectangle,16PT C2S,No Coating,Silk,n/a,4/0,50,Score in Half,No Gift Cards Slits,Yes 100 Envelopes A2
Majestic,Silk,5.5 x 8.5,Vertical,Rectangle,16PT C2S,No Coating,Silk,n/a,4/1,5000,Score in Half,Moon Slits Right Panel,Yes 100 Envelopes A2
Majestic,Silk,5.5 x 8.5,Vertical,Rectangle,16PT C2S,No Coating,Silk,n/a,4/0,50,Score in Half,No Gift Cards Slits,Yes 100 Envelopes A2
Majestic,Silk,4.25 x 11,Horizontal,Rectangle,16PT C2S,No Coating,Silk,n/a,4/1,50,Score in Half,No Gift Cards Slits,Yes 100 Envelopes A2
Majestic,Silk,5.5 x 8.5,Horizontal,Rectangle,16PT C2S,No Coating,Silk,n/a,4/1,50,Score in Half,No Gift Cards Slits,Yes 100 Envelopes A2
Majestic,Silk,4.25 x 11,Vertical,Rectangle,16PT C2S,No Coating,Silk,n/a,4/1,50,Score in Half,No Gift Cards Slits,Yes 100 Envelopes A2
Majestic,Silk,5.5 x 8.5,Vertical,Rectangle,16PT C2S,No Coating,Silk,n/a,4/1,50,Score in Half,No Gift Cards Slits,Yes 100 Envelopes A2
Majestic,Silk,4.25 x 11,Horizontal,Rectangle,16PT C2S,No Coating,Silk,n/a,4/4,50,Score in Half,No Gift Cards Slits,Yes 100 Envelopes A2
Majestic,Silk,5.5 x 8.5,Horizontal,Rectangle,16PT C2S,No Coating,Silk,n/a,4/4,50,Score in Half,No Gift Cards Slits,Yes 100 Envelopes A2
Majestic,Silk,4.25 x 11,Vertical,Rectangle,16PT C2S,No Coating,Silk,n/a,4/4,50,Score in Half,No Gift Cards Slits,Yes 100 Envelopes A2
Majestic,Silk,5.5 x 8.5,Vertical,Rectangle,16PT C2S,No Coating,Silk,n/a,4/4,50,Score in Half,No Gift Cards Slits,Yes 100 Envelopes A2
Majestic,Silk,4.25 x 11,Horizontal,Rectangle,16PT C2S,No Coating,Silk,n/a,4/0,75,Score in Half,No Gift Cards Slits,Yes 100 Envelopes A2
Majestic,Silk,5.5 x 8.5,Horizontal,Rectangle,16PT C2S,No Coating,Silk,n/a,4/0,75,Score in Half,No Gift Cards Slits,Yes 100 Envelopes A2
Majestic,Silk,4.25 x 11,Vertical,Rectangle,16PT C2S,No Coating,Silk,n/a,4/0,75,Score in Half,No Gift Cards Slits,Yes 100 Envelopes A2
Majestic,Silk,5.5 x 8.5,Vertical,Rectangle,16PT C2S,No Coating,Silk,n/a,4/0,75,Score in Half,No Gift Cards Slits,Yes 100 Envelopes A2
Majestic,Silk,4.25 x 11,Horizontal,Rectangle,16PT C2S,No Coating,Silk,n/a,4/1,75,Score in Half,No Gift Cards Slits,Yes 100 Envelopes A2
Majestic,Silk,5.5 x 8.5,Horizontal,Rectangle,16PT C2S,No Coating,Silk,n/a,4/1,75,Score in Half,No Gift Cards Slits,Yes 100 Envelopes A2
Majestic,Silk,4.25 x 11,Vertical,Rectangle,16PT C2S,No Coating,Silk,n/a,4/1,75,Score in Half,No Gift Cards Slits,Yes 100 Envelopes A2
Majestic,Silk,5.5 x 8.5,Vertical,Rectangle,16PT C2S,No Coating,Silk,n/a,4/1,75,Score in Half,No Gift Cards Slits,Yes 100 Envelopes A2
Majestic,Silk,4.25 x 11,Horizontal,Rectangle,16PT C2S,No Coating,Silk,n/a,4/4,75,Score in Half,No Gift Cards Slits,Yes 100 Envelopes A2
Majestic,Silk,5.5 x 8.5,Horizontal,Rectangle,16PT C2S,No Coating,Silk,n/a,4/4,75,Score in Half,No Gift Cards Slits,Yes 100 Envelopes A2
Majestic,Silk,4.25 x 11,Vertical,Rectangle,16PT C2S,No Coating,Silk,n/a,4/4,75,Score in Half,No Gift Cards Slits,Yes 100 Envelopes A2
Majestic,Silk,5.5 x 8.5,Vertical,Rectangle,16PT C2S,No Coating,Silk,n/a,4/4,75,Score in Half,No Gift Cards Slits,Yes 100 Envelopes A2
Majestic,Silk,4.25 x 11,Horizontal,Rectangle,16PT C2S,No Coating,Silk,n/a,4/0,100,Score in Half,No Gift Cards Slits,Yes 100 Envelopes A2
Majestic,Silk,5.5 x 8.5,Horizontal,Rectangle,16PT C2S,No Coating,Silk,n/a,4/0,100,Score in Half,No Gift Cards Slits,Yes 100 Envelopes A2
Majestic,Silk,4.25 x 11,Vertical,Rectangle,16PT C2S,No Coating,Silk,n/a,4/0,25,Score in Half,No Gift Cards Slits,Yes 100 Envelopes A2
Majestic,Silk,5.5 x 8.5,Vertical,Rectangle,16PT C2S,No Coating,Silk,n/a,4/0,100,Score in Half,No Gift Cards Slits,Yes 100 Envelopes A2
Majestic,Silk,4.25 x 11,Vertical,Rectangle,16PT C2S,No Coating,Silk,n/a,4/0,50,Score in Half,No Gift Cards Slits,Yes 100 Envelopes A2
Majestic,Silk,5.5 x 8.5,Horizontal,Rectangle,16PT C2S,No Coating,Silk,n/a,4/1,100,Score in Half,No Gift Cards Slits,Yes 100 Envelopes A2
Majestic,Silk,4.25 x 11,Vertical,Rectangle,16PT C2S,No Coating,Silk,n/a,4/1,100,Score in Half,No Gift Cards Slits,Yes 100 Envelopes A2
Majestic,Silk,5.5 x 8.5,Vertical,Rectangle,16PT C2S,No Coating,Silk,n/a,4/1,100,Score in Half,No Gift Cards Slits,Yes 100 Envelopes A2
Majestic,Silk,4.25 x 11,Horizontal,Rectangle,16PT C2S,No Coating,Silk,n/a,4/4,100,Score in Half,No Gift Cards Slits,Yes 100 Envelopes A2
Majestic,Silk,5.5 x 8.5,Horizontal,Rectangle,16PT C2S,No Coating,Silk,n/a,4/4,100,Score in Half,No Gift Cards Slits,Yes 100 Envelopes A2
Majestic,Silk,4.25 x 11,Vertical,Rectangle,16PT C2S,No Coating,Silk,n/a,4/4,100,Score in Half,No Gift Cards Slits,Yes 100 Envelopes A2
Majestic,Silk,5.5 x 8.5,Vertical,Rectangle,16PT C2S,No Coating,Silk,n/a,4/4,100,Score in Half,No Gift Cards Slits,Yes 100 Envelopes A2
Majestic,Silk,4.25 x 11,Horizontal,Rectangle,16PT C2S,No Coating,Silk,n/a,4/0,250,Score in Half,No Gift Cards Slits,Yes 100 Envelopes A2
Majestic,Silk,5.5 x 8.5,Horizontal,Rectangle,16PT C2S,No Coating,Silk,n/a,4/0,250,Score in Half,No Gift Cards Slits,Yes 100 Envelopes A2
Majestic,Silk,4.25 x 11,Vertical,Rectangle,16PT C2S,No Coating,Silk,n/a,4/0,250,Score in Half,No Gift Cards Slits,Yes 100 Envelopes A2
Majestic,Silk,5.5 x 8.5,Vertical,Rectangle,16PT C2S,No Coating,Silk,n/a,4/0,250,Score in Half,No Gift Cards Slits,Yes 100 Envelopes A2
Majestic,Silk,4.25 x 11,Horizontal,Rectangle,16PT C2S,No Coating,Silk,n/a,4/1,250,Score in Half,No Gift Cards Slits,Yes 100 Envelopes A2
Majestic,Silk,5.5 x 8.5,Horizontal,Rectangle,16PT C2S,No Coating,Silk,n/a,4/1,250,Score in Half,No Gift Cards Slits,Yes 100 Envelopes A2
Majestic,Silk,4.25 x 11,Vertical,Rectangle,16PT C2S,No Coating,Silk,n/a,4/1,250,Score in Half,No Gift Cards Slits,Yes 100 Envelopes A2
Majestic,Silk,4.25 x 11,Horizontal,Rectangle,16PT C2S,No Coating,Silk,n/a,4/1,100,Score in Half,No Gift Cards Slits,Yes 100 Envelopes A2
Majestic,Silk,4.25 x 11,Horizontal,Rectangle,16PT C2S,No Coating,Silk,n/a,4/4,250,Score in Half,No Gift Cards Slits,Yes 100 Envelopes A2
Majestic,Silk,5.5 x 8.5,Horizontal,Rectangle,16PT C2S,No Coating,Silk,n/a,4/4,250,Score in Half,No Gift Cards Slits,Yes 100 Envelopes A2
Majestic,Silk,4.25 x 11,Vertical,Rectangle,16PT C2S,No Coating,Silk,n/a,4/4,250,Score in Half,No Gift Cards Slits,Yes 100 Envelopes A2
Majestic,Silk,5.5 x 8.5,Vertical,Rectangle,16PT C2S,No Coating,Silk,n/a,4/4,250,Score in Half,No Gift Cards Slits,Yes 100 Envelopes A2
Majestic,Silk,4.25 x 11,Horizontal,Rectangle,16PT C2S,No Coating,Silk,n/a,4/0,500,Score in Half,No Gift Cards Slits,Yes 100 Envelopes A2
Majestic,Silk,5.5 x 8.5,Horizontal,Rectangle,16PT C2S,No Coating,Silk,n/a,4/0,500,Score in Half,No Gift Cards Slits,Yes 100 Envelopes A2
Majestic,Silk,4.25 x 11,Vertical,Rectangle,16PT C2S,No Coating,Silk,n/a,4/0,500,Score in Half,No Gift Cards Slits,Yes 100 Envelopes A2
Majestic,Silk,5.5 x 8.5,Vertical,Rectangle,16PT C2S,No Coating,Silk,n/a,4/0,500,Score in Half,No Gift Cards Slits,Yes 100 Envelopes A2
Majestic,Silk,4.25 x 11,Horizontal,Rectangle,16PT C2S,No Coating,Silk,n/a,4/1,500,Score in Half,No Gift Cards Slits,Yes 100 Envelopes A2
Majestic,Silk,5.5 x 8.5,Horizontal,Rectangle,16PT C2S,No Coating,Silk,n/a,4/1,500,Score in Half,No Gift Cards Slits,Yes 100 Envelopes A2
Majestic,Silk,4.25 x 11,Vertical,Rectangle,16PT C2S,No Coating,Silk,n/a,4/1,500,Score in Half,No Gift Cards Slits,Yes 100 Envelopes A2
Majestic,Silk,5.5 x 8.5,Vertical,Rectangle,16PT C2S,No Coating,Silk,n/a,4/1,500,Score in Half,No Gift Cards Slits,Yes 100 Envelopes A2
Majestic,Silk,5.5 x 8.5,Vertical,Rectangle,16PT C2S,No Coating,Silk,n/a,4/1,250,Score in Half,No Gift Cards Slits,Yes 100 Envelopes A2
Majestic,Silk,4.25 x 11,Horizontal,Rectangle,16PT C2S,No Coating,Silk,n/a,4/4,500,Score in Half,No Gift Cards Slits,Yes 100 Envelopes A2
Majestic,Silk,4.25 x 11,Vertical,Rectangle,16PT C2S,No Coating,Silk,n/a,4/4,500,Score in Half,No Gift Cards Slits,Yes 100 Envelopes A2
Majestic,Silk,5.5 x 8.5,Vertical,Rectangle,16PT C2S,No Coating,Silk,n/a,4/4,500,Score in Half,No Gift Cards Slits,Yes 100 Envelopes A2
Majestic,Silk,4.25 x 11,Horizontal,Rectangle,16PT C2S,No Coating,Silk,n/a,4/0,1000,Score in Half,No Gift Cards Slits,Yes 100 Envelopes A2
Majestic,Silk,5.5 x 8.5,Horizontal,Rectangle,16PT C2S,No Coating,Silk,n/a,4/0,1000,Score in Half,No Gift Cards Slits,Yes 100 Envelopes A2
Majestic,Silk,4.25 x 11,Vertical,Rectangle,16PT C2S,No Coating,Silk,n/a,4/0,1000,Score in Half,No Gift Cards Slits,Yes 100 Envelopes A2
Majestic,Silk,5.5 x 8.5,Vertical,Rectangle,16PT C2S,No Coating,Silk,n/a,4/0,1000,Score in Half,No Gift Cards Slits,Yes 100 Envelopes A2
Majestic,Silk,4.25 x 11,Horizontal,Rectangle,16PT C2S,No Coating,Silk,n/a,4/1,1000,Score in Half,No Gift Cards Slits,Yes 100 Envelopes A2
Majestic,Silk,5.5 x 8.5,Horizontal,Rectangle,16PT C2S,No Coating,Silk,n/a,4/1,1000,Score in Half,No Gift Cards Slits,Yes 100 Envelopes A2
Majestic,Silk,4.25 x 11,Vertical,Rectangle,16PT C2S,No Coating,Silk,n/a,4/1,1000,Score in Half,No Gift Cards Slits,Yes 100 Envelopes A2
Majestic,Silk,5.5 x 8.5,Vertical,Rectangle,16PT C2S,No Coating,Silk,n/a,4/1,1000,Score in Half,No Gift Cards Slits,Yes 100 Envelopes A2
Majestic,Silk,4.25 x 11,Horizontal,Rectangle,16PT C2S,No Coating,Silk,n/a,4/4,1000,Score in Half,No Gift Cards Slits,Yes 100 Envelopes A2
Majestic,Silk,5.5 x 8.5,Horizontal,Rectangle,16PT C2S,No Coating,Silk,n/a,4/4,1000,Score in Half,No Gift Cards Slits,Yes 100 Envelopes A2
Majestic,Silk,4.25 x 11,Vertical,Rectangle,16PT C2S,No Coating,Silk,n/a,4/4,1000,Score in Half,No Gift Cards Slits,Yes 100 Envelopes A2
Majestic,Silk,5.5 x 8.5,Vertical,Rectangle,16PT C2S,No Coating,Silk,n/a,4/4,1000,Score in Half,No Gift Cards Slits,Yes 100 Envelopes A2
Majestic,Silk,4.25 x 11,Horizontal,Rectangle,16PT C2S,No Coating,Silk,n/a,4/0,2500,Score in Half,No Gift Cards Slits,Yes 100 Envelopes A2
Majestic,Silk,5.5 x 8.5,Horizontal,Rectangle,16PT C2S,No Coating,Silk,n/a,4/0,2500,Score in Half,No Gift Cards Slits,Yes 100 Envelopes A2
Majestic,Silk,4.25 x 11,Vertical,Rectangle,16PT C2S,No Coating,Silk,n/a,4/0,2500,Score in Half,No Gift Cards Slits,Yes 100 Envelopes A2
Majestic,Silk,5.5 x 8.5,Vertical,Rectangle,16PT C2S,No Coating,Silk,n/a,4/0,2500,Score in Half,No Gift Cards Slits,Yes 100 Envelopes A2
Majestic,Silk,4.25 x 11,Horizontal,Rectangle,16PT C2S,No Coating,Silk,n/a,4/1,2500,Score in Half,No Gift Cards Slits,Yes 100 Envelopes A2
Majestic,Silk,5.5 x 8.5,Horizontal,Rectangle,16PT C2S,No Coating,Silk,n/a,4/1,2500,Score in Half,No Gift Cards Slits,Yes 100 Envelopes A2
Majestic,Silk,4.25 x 11,Vertical,Rectangle,16PT C2S,No Coating,Silk,n/a,4/1,2500,Score in Half,No Gift Cards Slits,Yes 100 Envelopes A2
Majestic,Silk,5.5 x 8.5,Vertical,Rectangle,16PT C2S,No Coating,Silk,n/a,4/1,2500,Score in Half,No Gift Cards Slits,Yes 100 Envelopes A2
Majestic,Silk,4.25 x 11,Horizontal,Rectangle,16PT C2S,No Coating,Silk,n/a,4/4,2500,Score in Half,No Gift Cards Slits,Yes 100 Envelopes A2
Majestic,Silk,5.5 x 8.5,Horizontal,Rectangle,16PT C2S,No Coating,Silk,n/a,4/4,2500,Score in Half,No Gift Cards Slits,Yes 100 Envelopes A2
Majestic,Silk,4.25 x 11,Vertical,Rectangle,16PT C2S,No Coating,Silk,n/a,4/4,2500,Score in Half,No Gift Cards Slits,Yes 100 Envelopes A2
Majestic,Silk,5.5 x 8.5,Vertical,Rectangle,16PT C2S,No Coating,Silk,n/a,4/4,2500,Score in Half,No Gift Cards Slits,Yes 100 Envelopes A2
Majestic,Silk,4.25 x 11,Horizontal,Rectangle,16PT C2S,No Coating,Silk,n/a,4/0,5000,Score in Half,No Gift Cards Slits,Yes 100 Envelopes A2
Majestic,Silk,5.5 x 8.5,Horizontal,Rectangle,16PT C2S,No Coating,Silk,n/a,4/0,5000,Score in Half,No Gift Cards Slits,Yes 100 Envelopes A2
Majestic,Silk,4.25 x 11,Vertical,Rectangle,16PT C2S,No Coating,Silk,n/a,4/0,5000,Score in Half,No Gift Cards Slits,Yes 100 Envelopes A2
Majestic,Silk,5.5 x 8.5,Vertical,Rectangle,16PT C2S,No Coating,Silk,n/a,4/0,5000,Score in Half,No Gift Cards Slits,Yes 100 Envelopes A2
Majestic,Silk,4.25 x 11,Horizontal,Rectangle,16PT C2S,No Coating,Silk,n/a,4/1,5000,Score in Half,No Gift Cards Slits,Yes 100 Envelopes A2
Majestic,Silk,5.5 x 8.5,Horizontal,Rectangle,16PT C2S,No Coating,Silk,n/a,4/1,5000,Score in Half,No Gift Cards Slits,Yes 100 Envelopes A2
Majestic,Silk,4.25 x 11,Vertical,Rectangle,16PT C2S,No Coating,Silk,n/a,4/1,5000,Score in Half,No Gift Cards Slits,Yes 100 Envelopes A2
Majestic,Silk,5.5 x 8.5,Vertical,Rectangle,16PT C2S,No Coating,Silk,n/a,4/1,5000,Score in Half,No Gift Cards Slits,Yes 100 Envelopes A2
Majestic,Silk,4.25 x 11,Horizontal,Rectangle,16PT C2S,No Coating,Silk,n/a,4/4,5000,Score in Half,No Gift Cards Slits,Yes 100 Envelopes A2
Majestic,Silk,5.5 x 8.5,Horizontal,Rectangle,16PT C2S,No Coating,Silk,n/a,4/4,5000,Score in Half,No Gift Cards Slits,Yes 100 Envelopes A2
Majestic,Silk,4.25 x 11,Vertical,Rectangle,16PT C2S,No Coating,Silk,n/a,4/4,5000,Score in Half,No Gift Cards Slits,Yes 100 Envelopes A2
Majestic,Silk,5.5 x 8.5,Vertical,Rectangle,16PT C2S,No Coating,Silk,n/a,4/4,5000,Score in Half,No Gift Cards Slits,Yes 100 Envelopes A2
Majestic,Silk,4.25 x 11,Horizontal,Rectangle,16PT C2S,No Coating,Silk,n/a,4/0,10000,Score in Half,No Gift Cards Slits,Yes 100 Envelopes A2
Majestic,Silk,5.5 x 8.5,Horizontal,Rectangle,16PT C2S,No Coating,Silk,n/a,4/0,10000,Score in Half,No Gift Cards Slits,Yes 100 Envelopes A2
Majestic,Silk,4.25 x 11,Vertical,Rectangle,16PT C2S,No Coating,Silk,n/a,4/0,10000,Score in Half,No Gift Cards Slits,Yes 100 Envelopes A2
Majestic,Silk,5.5 x 8.5,Vertical,Rectangle,16PT C2S,No Coating,Silk,n/a,4/0,10000,Score in Half,No Gift Cards Slits,Yes 100 Envelopes A2
Majestic,Silk,4.25 x 11,Horizontal,Rectangle,16PT C2S,No Coating,Silk,n/a,4/1,10000,Score in Half,No Gift Cards Slits,Yes 100 Envelopes A2
Majestic,Silk,5.5 x 8.5,Horizontal,Rectangle,16PT C2S,No Coating,Silk,n/a,4/1,10000,Score in Half,No Gift Cards Slits,Yes 100 Envelopes A2
Majestic,Silk,4.25 x 11,Vertical,Rectangle,16PT C2S,No Coating,Silk,n/a,4/1,10000,Score in Half,No Gift Cards Slits,Yes 100 Envelopes A2
Majestic,Silk,5.5 x 8.5,Vertical,Rectangle,16PT C2S,No Coating,Silk,n/a,4/1,10000,Score in Half,No Gift Cards Slits,Yes 100 Envelopes A2
Majestic,Silk,4.25 x 11,Vertical,Rectangle,16PT C2S,No Coating,Silk,n/a,4/0,100,Score in Half,No Gift Cards Slits,Yes 100 Envelopes A2
Majestic,Silk,5.5 x 8.5,Horizontal,Rectangle,16PT C2S,No Coating,Silk,n/a,4/4,10000,Score in Half,No Gift Cards Slits,Yes 100 Envelopes A2
Majestic,Silk,4.25 x 11,Vertical,Rectangle,16PT C2S,No Coating,Silk,n/a,4/4,10000,Score in Half,No Gift Cards Slits,Yes 100 Envelopes A2
Majestic,Silk,5.5 x 8.5,Vertical,Rectangle,16PT C2S,No Coating,Silk,n/a,4/4,10000,Score in Half,No Gift Cards Slits,Yes 100 Envelopes A2
Majestic,Silk,4.25 x 11,Horizontal,Rectangle,16PT C2S,No Coating,Silk,n/a,4/0,25,Score in Half,Slide Slits Bottom Panel,Yes 100 Envelopes A2
Majestic,Silk,5.5 x 8.5,Horizontal,Rectangle,16PT C2S,No Coating,Silk,n/a,4/0,25,Score in Half,Slide Slits Bottom Panel,Yes 100 Envelopes A2
Majestic,Silk,4.25 x 11,Vertical,Rectangle,16PT C2S,No Coating,Silk,n/a,4/0,25,Score in Half,Slide Slits Bottom Panel,Yes 100 Envelopes A2
Majestic,Silk,5.5 x 8.5,Vertical,Rectangle,16PT C2S,No Coating,Silk,n/a,4/0,25,Score in Half,Slide Slits Bottom Panel,Yes 100 Envelopes A2
Majestic,Silk,4.25 x 11,Horizontal,Rectangle,16PT C2S,No Coating,Silk,n/a,4/1,25,Score in Half,Slide Slits Bottom Panel,Yes 100 Envelopes A2
Majestic,Silk,5.5 x 8.5,Horizontal,Rectangle,16PT C2S,No Coating,Silk,n/a,4/1,25,Score in Half,Slide Slits Bottom Panel,Yes 100 Envelopes A2
Majestic,Silk,4.25 x 11,Vertical,Rectangle,16PT C2S,No Coating,Silk,n/a,4/1,25,Score in Half,Slide Slits Bottom Panel,Yes 100 Envelopes A2
Majestic,Silk,5.5 x 8.5,Vertical,Rectangle,16PT C2S,No Coating,Silk,n/a,4/1,25,Score in Half,Slide Slits Bottom Panel,Yes 100 Envelopes A2
Majestic,Silk,4.25 x 11,Horizontal,Rectangle,16PT C2S,No Coating,Silk,n/a,4/4,25,Score in Half,Slide Slits Bottom Panel,Yes 100 Envelopes A2
Majestic,Silk,5.5 x 8.5,Horizontal,Rectangle,16PT C2S,No Coating,Silk,n/a,4/4,25,Score in Half,Slide Slits Bottom Panel,Yes 100 Envelopes A2
Majestic,Silk,4.25 x 11,Vertical,Rectangle,16PT C2S,No Coating,Silk,n/a,4/4,25,Score in Half,Slide Slits Bottom Panel,Yes 100 Envelopes A2
Majestic,Silk,5.5 x 8.5,Vertical,Rectangle,16PT C2S,No Coating,Silk,n/a,4/4,25,Score in Half,Slide Slits Bottom Panel,Yes 100 Envelopes A2
Majestic,Silk,4.25 x 11,Horizontal,Rectangle,16PT C2S,No Coating,Silk,n/a,4/0,50,Score in Half,Slide Slits Bottom Panel,Yes 100 Envelopes A2
Majestic,Silk,5.5 x 8.5,Horizontal,Rectangle,16PT C2S,No Coating,Silk,n/a,4/0,50,Score in Half,Slide Slits Bottom Panel,Yes 100 Envelopes A2
Majestic,Silk,4.25 x 11,Vertical,Rectangle,16PT C2S,No Coating,Silk,n/a,4/0,50,Score in Half,Slide Slits Bottom Panel,Yes 100 Envelopes A2
Majestic,Silk,5.5 x 8.5,Vertical,Rectangle,16PT C2S,No Coating,Silk,n/a,4/0,50,Score in Half,Slide Slits Bottom Panel,Yes 100 Envelopes A2
Majestic,Silk,4.25 x 11,Horizontal,Rectangle,16PT C2S,No Coating,Silk,n/a,4/1,50,Score in Half,Slide Slits Bottom Panel,Yes 100 Envelopes A2
Majestic,Silk,5.5 x 8.5,Horizontal,Rectangle,16PT C2S,No Coating,Silk,n/a,4/1,50,Score in Half,Slide Slits Bottom Panel,Yes 100 Envelopes A2
Majestic,Silk,4.25 x 11,Vertical,Rectangle,16PT C2S,No Coating,Silk,n/a,4/1,50,Score in Half,Slide Slits Bottom Panel,Yes 100 Envelopes A2
Majestic,Silk,5.5 x 8.5,Vertical,Rectangle,16PT C2S,No Coating,Silk,n/a,4/1,50,Score in Half,Slide Slits Bottom Panel,Yes 100 Envelopes A2
Majestic,Silk,4.25 x 11,Horizontal,Rectangle,16PT C2S,No Coating,Silk,n/a,4/4,50,Score in Half,Slide Slits Bottom Panel,Yes 100 Envelopes A2
Majestic,Silk,5.5 x 8.5,Horizontal,Rectangle,16PT C2S,No Coating,Silk,n/a,4/4,50,Score in Half,Slide Slits Bottom Panel,Yes 100 Envelopes A2
Majestic,Silk,4.25 x 11,Vertical,Rectangle,16PT C2S,No Coating,Silk,n/a,4/4,50,Score in Half,Slide Slits Bottom Panel,Yes 100 Envelopes A2
Majestic,Silk,5.5 x 8.5,Vertical,Rectangle,16PT C2S,No Coating,Silk,n/a,4/4,50,Score in Half,Slide Slits Bottom Panel,Yes 100 Envelopes A2
Majestic,Silk,4.25 x 11,Horizontal,Rectangle,16PT C2S,No Coating,Silk,n/a,4/0,75,Score in Half,Slide Slits Bottom Panel,Yes 100 Envelopes A2
Majestic,Silk,5.5 x 8.5,Horizontal,Rectangle,16PT C2S,No Coating,Silk,n/a,4/0,75,Score in Half,Slide Slits Bottom Panel,Yes 100 Envelopes A2
Majestic,Silk,4.25 x 11,Vertical,Rectangle,16PT C2S,No Coating,Silk,n/a,4/0,75,Score in Half,Slide Slits Bottom Panel,Yes 100 Envelopes A2
Majestic,Silk,5.5 x 8.5,Vertical,Rectangle,16PT C2S,No Coating,Silk,n/a,4/0,75,Score in Half,Slide Slits Bottom Panel,Yes 100 Envelopes A2
Majestic,Silk,4.25 x 11,Horizontal,Rectangle,16PT C2S,No Coating,Silk,n/a,4/1,75,Score in Half,Slide Slits Bottom Panel,Yes 100 Envelopes A2
Majestic,Silk,5.5 x 8.5,Horizontal,Rectangle,16PT C2S,No Coating,Silk,n/a,4/1,75,Score in Half,Slide Slits Bottom Panel,Yes 100 Envelopes A2
Majestic,Silk,4.25 x 11,Vertical,Rectangle,16PT C2S,No Coating,Silk,n/a,4/1,75,Score in Half,Slide Slits Bottom Panel,Yes 100 Envelopes A2
Majestic,Silk,5.5 x 8.5,Vertical,Rectangle,16PT C2S,No Coating,Silk,n/a,4/1,75,Score in Half,Slide Slits Bottom Panel,Yes 100 Envelopes A2
Majestic,Silk,4.25 x 11,Horizontal,Rectangle,16PT C2S,No Coating,Silk,n/a,4/4,75,Score in Half,Slide Slits Bottom Panel,Yes 100 Envelopes A2
Majestic,Silk,5.5 x 8.5,Horizontal,Rectangle,16PT C2S,No Coating,Silk,n/a,4/4,75,Score in Half,Slide Slits Bottom Panel,Yes 100 Envelopes A2
Majestic,Silk,4.25 x 11,Horizontal,Rectangle,16PT C2S,No Coating,Silk,n/a,4/4,10000,Score in Half,No Gift Cards Slits,Yes 100 Envelopes A2
Majestic,Silk,5.5 x 8.5,Vertical,Rectangle,16PT C2S,No Coating,Silk,n/a,4/4,75,Score in Half,Slide Slits Bottom Panel,Yes 100 Envelopes A2
Majestic,Silk,4.25 x 11,Horizontal,Rectangle,16PT C2S,No Coating,Silk,n/a,4/0,100,Score in Half,Slide Slits Bottom Panel,Yes 100 Envelopes A2
Majestic,Silk,5.5 x 8.5,Horizontal,Rectangle,16PT C2S,No Coating,Silk,n/a,4/0,100,Score in Half,Slide Slits Bottom Panel,Yes 100 Envelopes A2
Majestic,Silk,4.25 x 11,Vertical,Rectangle,16PT C2S,No Coating,Silk,n/a,4/0,100,Score in Half,Slide Slits Bottom Panel,Yes 100 Envelopes A2
Majestic,Silk,5.5 x 8.5,Vertical,Rectangle,16PT C2S,No Coating,Silk,n/a,4/0,100,Score in Half,Slide Slits Bottom Panel,Yes 100 Envelopes A2
Majestic,Silk,4.25 x 11,Horizontal,Rectangle,16PT C2S,No Coating,Silk,n/a,4/1,100,Score in Half,Slide Slits Bottom Panel,Yes 100 Envelopes A2
Majestic,Silk,5.5 x 8.5,Horizontal,Rectangle,16PT C2S,No Coating,Silk,n/a,4/1,100,Score in Half,Slide Slits Bottom Panel,Yes 100 Envelopes A2
Majestic,Silk,4.25 x 11,Vertical,Rectangle,16PT C2S,No Coating,Silk,n/a,4/1,100,Score in Half,Slide Slits Bottom Panel,Yes 100 Envelopes A2
Majestic,Silk,5.5 x 8.5,Vertical,Rectangle,16PT C2S,No Coating,Silk,n/a,4/1,100,Score in Half,Slide Slits Bottom Panel,Yes 100 Envelopes A2
Majestic,Silk,4.25 x 11,Horizontal,Rectangle,16PT C2S,No Coating,Silk,n/a,4/4,100,Score in Half,Slide Slits Bottom Panel,Yes 100 Envelopes A2
Majestic,Silk,5.5 x 8.5,Horizontal,Rectangle,16PT C2S,No Coating,Silk,n/a,4/4,100,Score in Half,Slide Slits Bottom Panel,Yes 100 Envelopes A2
Majestic,Silk,4.25 x 11,Vertical,Rectangle,16PT C2S,No Coating,Silk,n/a,4/4,100,Score in Half,Slide Slits Bottom Panel,Yes 100 Envelopes A2
Majestic,Silk,5.5 x 8.5,Horizontal,Rectangle,16PT C2S,No Coating,Silk,n/a,4/0,250,Score in Half,Slide Slits Bottom Panel,Yes 100 Envelopes A2
Majestic,Silk,4.25 x 11,Horizontal,Rectangle,16PT C2S,No Coating,Silk,n/a,4/0,250,Score in Half,Slide Slits Bottom Panel,Yes 100 Envelopes A2
Majestic,Silk,5.5 x 8.5,Vertical,Rectangle,16PT C2S,No Coating,Silk,n/a,4/0,250,Score in Half,Slide Slits Bottom Panel,Yes 100 Envelopes A2
Majestic,Silk,4.25 x 11,Vertical,Rectangle,16PT C2S,No Coating,Silk,n/a,4/0,250,Score in Half,Slide Slits Bottom Panel,Yes 100 Envelopes A2
Majestic,Silk,4.25 x 11,Horizontal,Rectangle,16PT C2S,No Coating,Silk,n/a,4/1,250,Score in Half,Slide Slits Bottom Panel,Yes 100 Envelopes A2
Majestic,Silk,5.5 x 8.5,Vertical,Rectangle,16PT C2S,No Coating,Silk,n/a,4/4,100,Score in Half,Slide Slits Bottom Panel,Yes 100 Envelopes A2
Majestic,Silk,5.5 x 8.5,Horizontal,Rectangle,16PT C2S,No Coating,Silk,n/a,4/1,250,Score in Half,Slide Slits Bottom Panel,Yes 100 Envelopes A2
Majestic,Silk,5.5 x 8.5,Horizontal,Rectangle,16PT C2S,No Coating,Silk,n/a,4/4,500,Score in Half,No Gift Cards Slits,Yes 100 Envelopes A2
Majestic,Silk,4.25 x 11,Vertical,Rectangle,16PT C2S,No Coating,Silk,n/a,4/1,250,Score in Half,Slide Slits Bottom Panel,Yes 100 Envelopes A2
Majestic,Silk,5.5 x 8.5,Vertical,Rectangle,16PT C2S,No Coating,Silk,n/a,4/1,250,Score in Half,Slide Slits Bottom Panel,Yes 100 Envelopes A2
Majestic,Silk,4.25 x 11,Horizontal,Rectangle,16PT C2S,No Coating,Silk,n/a,4/4,250,Score in Half,Slide Slits Bottom Panel,Yes 100 Envelopes A2
Majestic,Silk,5.5 x 8.5,Horizontal,Rectangle,16PT C2S,No Coating,Silk,n/a,4/4,250,Score in Half,Slide Slits Bottom Panel,Yes 100 Envelopes A2
Majestic,Silk,4.25 x 11,Vertical,Rectangle,16PT C2S,No Coating,Silk,n/a,4/4,250,Score in Half,Slide Slits Bottom Panel,Yes 100 Envelopes A2
Majestic,Silk,5.5 x 8.5,Vertical,Rectangle,16PT C2S,No Coating,Silk,n/a,4/4,250,Score in Half,Slide Slits Bottom Panel,Yes 100 Envelopes A2
Majestic,Silk,4.25 x 11,Horizontal,Rectangle,16PT C2S,No Coating,Silk,n/a,4/0,500,Score in Half,Slide Slits Bottom Panel,Yes 100 Envelopes A2
Majestic,Silk,4.25 x 11,Vertical,Rectangle,16PT C2S,No Coating,Silk,n/a,4/0,500,Score in Half,Slide Slits Bottom Panel,Yes 100 Envelopes A2
Majestic,Silk,5.5 x 8.5,Horizontal,Rectangle,16PT C2S,No Coating,Silk,n/a,4/0,500,Score in Half,Slide Slits Bottom Panel,Yes 100 Envelopes A2
Majestic,Silk,4.25 x 11,Horizontal,Rectangle,16PT C2S,No Coating,Silk,n/a,4/1,500,Score in Half,Slide Slits Bottom Panel,Yes 100 Envelopes A2
Majestic,Silk,5.5 x 8.5,Horizontal,Rectangle,16PT C2S,No Coating,Silk,n/a,4/1,500,Score in Half,Slide Slits Bottom Panel,Yes 100 Envelopes A2
Majestic,Silk,4.25 x 11,Vertical,Rectangle,16PT C2S,No Coating,Silk,n/a,4/1,500,Score in Half,Slide Slits Bottom Panel,Yes 100 Envelopes A2
Majestic,Silk,5.5 x 8.5,Vertical,Rectangle,16PT C2S,No Coating,Silk,n/a,4/1,500,Score in Half,Slide Slits Bottom Panel,Yes 100 Envelopes A2
Majestic,Silk,4.25 x 11,Horizontal,Rectangle,16PT C2S,No Coating,Silk,n/a,4/4,500,Score in Half,Slide Slits Bottom Panel,Yes 100 Envelopes A2
Majestic,Silk,5.5 x 8.5,Horizontal,Rectangle,16PT C2S,No Coating,Silk,n/a,4/4,500,Score in Half,Slide Slits Bottom Panel,Yes 100 Envelopes A2
Majestic,Silk,4.25 x 11,Vertical,Rectangle,16PT C2S,No Coating,Silk,n/a,4/4,500,Score in Half,Slide Slits Bottom Panel,Yes 100 Envelopes A2
Majestic,Silk,5.5 x 8.5,Vertical,Rectangle,16PT C2S,No Coating,Silk,n/a,4/4,500,Score in Half,Slide Slits Bottom Panel,Yes 100 Envelopes A2
Majestic,Silk,4.25 x 11,Horizontal,Rectangle,16PT C2S,No Coating,Silk,n/a,4/0,1000,Score in Half,Slide Slits Bottom Panel,Yes 100 Envelopes A2
Majestic,Silk,5.5 x 8.5,Horizontal,Rectangle,16PT C2S,No Coating,Silk,n/a,4/0,1000,Score in Half,Slide Slits Bottom Panel,Yes 100 Envelopes A2
Majestic,Silk,4.25 x 11,Vertical,Rectangle,16PT C2S,No Coating,Silk,n/a,4/0,1000,Score in Half,Slide Slits Bottom Panel,Yes 100 Envelopes A2
Majestic,Silk,5.5 x 8.5,Vertical,Rectangle,16PT C2S,No Coating,Silk,n/a,4/0,1000,Score in Half,Slide Slits Bottom Panel,Yes 100 Envelopes A2
Majestic,Silk,4.25 x 11,Horizontal,Rectangle,16PT C2S,No Coating,Silk,n/a,4/1,1000,Score in Half,Slide Slits Bottom Panel,Yes 100 Envelopes A2
Majestic,Silk,4.25 x 11,Vertical,Rectangle,16PT C2S,No Coating,Silk,n/a,4/4,75,Score in Half,Slide Slits Bottom Panel,Yes 100 Envelopes A2
Majestic,Silk,4.25 x 11,Vertical,Rectangle,16PT C2S,No Coating,Silk,n/a,4/1,1000,Score in Half,Slide Slits Bottom Panel,Yes 100 Envelopes A2
Majestic,Silk,5.5 x 8.5,Horizontal,Rectangle,16PT C2S,No Coating,Silk,n/a,4/1,1000,Score in Half,Slide Slits Bottom Panel,Yes 100 Envelopes A2
Majestic,Silk,4.25 x 11,Horizontal,Rectangle,16PT C2S,No Coating,Silk,n/a,4/4,1000,Score in Half,Slide Slits Bottom Panel,Yes 100 Envelopes A2
Majestic,Silk,5.5 x 8.5,Horizontal,Rectangle,16PT C2S,No Coating,Silk,n/a,4/4,1000,Score in Half,Slide Slits Bottom Panel,Yes 100 Envelopes A2
Majestic,Silk,4.25 x 11,Vertical,Rectangle,16PT C2S,No Coating,Silk,n/a,4/4,1000,Score in Half,Slide Slits Bottom Panel,Yes 100 Envelopes A2
Majestic,Silk,5.5 x 8.5,Vertical,Rectangle,16PT C2S,No Coating,Silk,n/a,4/0,500,Score in Half,Slide Slits Bottom Panel,Yes 100 Envelopes A2
Majestic,Silk,4.25 x 11,Horizontal,Rectangle,16PT C2S,No Coating,Silk,n/a,4/0,2500,Score in Half,Slide Slits Bottom Panel,Yes 100 Envelopes A2
Majestic,Silk,5.5 x 8.5,Horizontal,Rectangle,16PT C2S,No Coating,Silk,n/a,4/0,2500,Score in Half,Slide Slits Bottom Panel,Yes 100 Envelopes A2
Majestic,Silk,4.25 x 11,Vertical,Rectangle,16PT C2S,No Coating,Silk,n/a,4/0,2500,Score in Half,Slide Slits Bottom Panel,Yes 100 Envelopes A2
Majestic,Silk,5.5 x 8.5,Vertical,Rectangle,16PT C2S,No Coating,Silk,n/a,4/0,2500,Score in Half,Slide Slits Bottom Panel,Yes 100 Envelopes A2
Majestic,Silk,4.25 x 11,Horizontal,Rectangle,16PT C2S,No Coating,Silk,n/a,4/1,2500,Score in Half,Slide Slits Bottom Panel,Yes 100 Envelopes A2
Majestic,Silk,5.5 x 8.5,Horizontal,Rectangle,16PT C2S,No Coating,Silk,n/a,4/1,2500,Score in Half,Slide Slits Bottom Panel,Yes 100 Envelopes A2
Majestic,Silk,4.25 x 11,Vertical,Rectangle,16PT C2S,No Coating,Silk,n/a,4/1,2500,Score in Half,Slide Slits Bottom Panel,Yes 100 Envelopes A2
Majestic,Silk,5.5 x 8.5,Vertical,Rectangle,16PT C2S,No Coating,Silk,n/a,4/1,2500,Score in Half,Slide Slits Bottom Panel,Yes 100 Envelopes A2
Majestic,Silk,4.25 x 11,Horizontal,Rectangle,16PT C2S,No Coating,Silk,n/a,4/4,2500,Score in Half,Slide Slits Bottom Panel,Yes 100 Envelopes A2
Majestic,Silk,5.5 x 8.5,Horizontal,Rectangle,16PT C2S,No Coating,Silk,n/a,4/4,2500,Score in Half,Slide Slits Bottom Panel,Yes 100 Envelopes A2
Majestic,Silk,4.25 x 11,Vertical,Rectangle,16PT C2S,No Coating,Silk,n/a,4/4,2500,Score in Half,Slide Slits Bottom Panel,Yes 100 Envelopes A2
Majestic,Silk,5.5 x 8.5,Vertical,Rectangle,16PT C2S,No Coating,Silk,n/a,4/4,2500,Score in Half,Slide Slits Bottom Panel,Yes 100 Envelopes A2
Majestic,Silk,4.25 x 11,Horizontal,Rectangle,16PT C2S,No Coating,Silk,n/a,4/0,5000,Score in Half,Slide Slits Bottom Panel,Yes 100 Envelopes A2
Majestic,Silk,5.5 x 8.5,Horizontal,Rectangle,16PT C2S,No Coating,Silk,n/a,4/0,5000,Score in Half,Slide Slits Bottom Panel,Yes 100 Envelopes A2
Majestic,Silk,5.5 x 8.5,Vertical,Rectangle,16PT C2S,No Coating,Silk,n/a,4/4,1000,Score in Half,Slide Slits Bottom Panel,Yes 100 Envelopes A2
Majestic,Silk,5.5 x 8.5,Vertical,Rectangle,16PT C2S,No Coating,Silk,n/a,4/0,5000,Score in Half,Slide Slits Bottom Panel,Yes 100 Envelopes A2
Majestic,Silk,4.25 x 11,Horizontal,Rectangle,16PT C2S,No Coating,Silk,n/a,4/1,5000,Score in Half,Slide Slits Bottom Panel,Yes 100 Envelopes A2
Majestic,Silk,5.5 x 8.5,Horizontal,Rectangle,16PT C2S,No Coating,Silk,n/a,4/1,5000,Score in Half,Slide Slits Bottom Panel,Yes 100 Envelopes A2
Majestic,Silk,4.25 x 11,Vertical,Rectangle,16PT C2S,No Coating,Silk,n/a,4/1,5000,Score in Half,Slide Slits Bottom Panel,Yes 100 Envelopes A2
Majestic,Silk,5.5 x 8.5,Vertical,Rectangle,16PT C2S,No Coating,Silk,n/a,4/1,5000,Score in Half,Slide Slits Bottom Panel,Yes 100 Envelopes A2
Majestic,Silk,4.25 x 11,Horizontal,Rectangle,16PT C2S,No Coating,Silk,n/a,4/4,5000,Score in Half,Slide Slits Bottom Panel,Yes 100 Envelopes A2
Majestic,Silk,5.5 x 8.5,Horizontal,Rectangle,16PT C2S,No Coating,Silk,n/a,4/4,5000,Score in Half,Slide Slits Bottom Panel,Yes 100 Envelopes A2
Majestic,Silk,4.25 x 11,Vertical,Rectangle,16PT C2S,No Coating,Silk,n/a,4/4,5000,Score in Half,Slide Slits Bottom Panel,Yes 100 Envelopes A2
Majestic,Silk,4.25 x 11,Vertical,Rectangle,16PT C2S,No Coating,Silk,n/a,4/0,5000,Score in Half,Slide Slits Bottom Panel,Yes 100 Envelopes A2
Majestic,Silk,4.25 x 11,Horizontal,Rectangle,16PT C2S,No Coating,Silk,n/a,4/0,10000,Score in Half,Slide Slits Bottom Panel,Yes 100 Envelopes A2
Majestic,Silk,5.5 x 8.5,Horizontal,Rectangle,16PT C2S,No Coating,Silk,n/a,4/0,10000,Score in Half,Slide Slits Bottom Panel,Yes 100 Envelopes A2
Majestic,Silk,4.25 x 11,Vertical,Rectangle,16PT C2S,No Coating,Silk,n/a,4/0,10000,Score in Half,Slide Slits Bottom Panel,Yes 100 Envelopes A2
Majestic,Silk,5.5 x 8.5,Vertical,Rectangle,16PT C2S,No Coating,Silk,n/a,4/0,10000,Score in Half,Slide Slits Bottom Panel,Yes 100 Envelopes A2
Majestic,Silk,4.25 x 11,Horizontal,Rectangle,16PT C2S,No Coating,Silk,n/a,4/1,10000,Score in Half,Slide Slits Bottom Panel,Yes 100 Envelopes A2
Majestic,Silk,5.5 x 8.5,Vertical,Rectangle,16PT C2S,No Coating,Silk,n/a,4/4,5000,Score in Half,Slide Slits Bottom Panel,Yes 100 Envelopes A2
Majestic,Silk,4.25 x 11,Vertical,Rectangle,16PT C2S,No Coating,Silk,n/a,4/1,10000,Score in Half,Slide Slits Bottom Panel,Yes 100 Envelopes A2
Majestic,Silk,5.5 x 8.5,Vertical,Rectangle,16PT C2S,No Coating,Silk,n/a,4/1,10000,Score in Half,Slide Slits Bottom Panel,Yes 100 Envelopes A2
Majestic,Silk,4.25 x 11,Horizontal,Rectangle,16PT C2S,No Coating,Silk,n/a,4/4,10000,Score in Half,Slide Slits Bottom Panel,Yes 100 Envelopes A2
Majestic,Silk,5.5 x 8.5,Horizontal,Rectangle,16PT C2S,No Coating,Silk,n/a,4/4,10000,Score in Half,Slide Slits Bottom Panel,Yes 100 Envelopes A2
Majestic,Silk,4.25 x 11,Vertical,Rectangle,16PT C2S,No Coating,Silk,n/a,4/4,10000,Score in Half,Slide Slits Bottom Panel,Yes 100 Envelopes A2
Majestic,Silk,5.5 x 8.5,Vertical,Rectangle,16PT C2S,No Coating,Silk,n/a,4/4,10000,Score in Half,Slide Slits Bottom Panel,Yes 100 Envelopes A2
Majestic,Silk,4.25 x 11,Horizontal,Rectangle,16PT C2S,No Coating,Silk,n/a,4/0,25,Score in Half,Slide Slits Right Panel,Yes 100 Envelopes A2
Majestic,Silk,5.5 x 8.5,Horizontal,Rectangle,16PT C2S,No Coating,Silk,n/a,4/0,25,Score in Half,Slide Slits Right Panel,Yes 100 Envelopes A2
Majestic,Silk,4.25 x 11,Vertical,Rectangle,16PT C2S,No Coating,Silk,n/a,4/0,25,Score in Half,Slide Slits Right Panel,Yes 100 Envelopes A2
Majestic,Silk,5.5 x 8.5,Vertical,Rectangle,16PT C2S,No Coating,Silk,n/a,4/0,25,Score in Half,Slide Slits Right Panel,Yes 100 Envelopes A2
Majestic,Silk,4.25 x 11,Horizontal,Rectangle,16PT C2S,No Coating,Silk,n/a,4/1,25,Score in Half,Slide Slits Right Panel,Yes 100 Envelopes A2
Majestic,Silk,5.5 x 8.5,Horizontal,Rectangle,16PT C2S,No Coating,Silk,n/a,4/1,25,Score in Half,Slide Slits Right Panel,Yes 100 Envelopes A2
Majestic,Silk,5.5 x 8.5,Horizontal,Rectangle,16PT C2S,No Coating,Silk,n/a,4/1,10000,Score in Half,Slide Slits Bottom Panel,Yes 100 Envelopes A2
Majestic,Silk,5.5 x 8.5,Vertical,Rectangle,16PT C2S,No Coating,Silk,n/a,4/1,25,Score in Half,Slide Slits Right Panel,Yes 100 Envelopes A2
Majestic,Silk,4.25 x 11,Horizontal,Rectangle,16PT C2S,No Coating,Silk,n/a,4/4,25,Score in Half,Slide Slits Right Panel,Yes 100 Envelopes A2
Majestic,Silk,5.5 x 8.5,Vertical,Rectangle,16PT C2S,No Coating,Silk,n/a,4/0,1000,Score in Half,Moon Slits Right Panel,Yes 100 Envelopes A2
Majestic,Silk,5.5 x 8.5,Vertical,Rectangle,16PT C2S,No Coating,Silk,n/a,4/1,1000,Score in Half,Slide Slits Bottom Panel,Yes 100 Envelopes A2
Majestic,Silk,5.5 x 8.5,Vertical,Rectangle,16PT C2S,No Coating,Silk,n/a,4/4,25,Score in Half,Slide Slits Right Panel,Yes 100 Envelopes A2
Majestic,Silk,4.25 x 11,Horizontal,Rectangle,16PT C2S,No Coating,Silk,n/a,4/0,50,Score in Half,Slide Slits Right Panel,Yes 100 Envelopes A2
Majestic,Silk,5.5 x 8.5,Horizontal,Rectangle,16PT C2S,No Coating,Silk,n/a,4/0,50,Score in Half,Slide Slits Right Panel,Yes 100 Envelopes A2
Majestic,Silk,4.25 x 11,Vertical,Rectangle,16PT C2S,No Coating,Silk,n/a,4/0,50,Score in Half,Slide Slits Right Panel,Yes 100 Envelopes A2
Majestic,Silk,5.5 x 8.5,Vertical,Rectangle,16PT C2S,No Coating,Silk,n/a,4/0,50,Score in Half,Slide Slits Right Panel,Yes 100 Envelopes A2
Majestic,Silk,4.25 x 11,Horizontal,Rectangle,16PT C2S,No Coating,Silk,n/a,4/1,50,Score in Half,Slide Slits Right Panel,Yes 100 Envelopes A2
Majestic,Silk,5.5 x 8.5,Horizontal,Rectangle,16PT C2S,No Coating,Silk,n/a,4/1,50,Score in Half,Slide Slits Right Panel,Yes 100 Envelopes A2
Majestic,Silk,4.25 x 11,Vertical,Rectangle,16PT C2S,No Coating,Silk,n/a,4/1,50,Score in Half,Slide Slits Right Panel,Yes 100 Envelopes A2
Majestic,Silk,5.5 x 8.5,Vertical,Rectangle,16PT C2S,No Coating,Silk,n/a,4/1,50,Score in Half,Slide Slits Right Panel,Yes 100 Envelopes A2
Majestic,Silk,4.25 x 11,Horizontal,Rectangle,16PT C2S,No Coating,Silk,n/a,4/4,50,Score in Half,Slide Slits Right Panel,Yes 100 Envelopes A2
Majestic,Silk,4.25 x 11,Vertical,Rectangle,16PT C2S,No Coating,Silk,n/a,4/4,50,Score in Half,Slide Slits Right Panel,Yes 100 Envelopes A2
Majestic,Silk,5.5 x 8.5,Horizontal,Rectangle,16PT C2S,No Coating,Silk,n/a,4/4,50,Score in Half,Slide Slits Right Panel,Yes 100 Envelopes A2
Majestic,Silk,5.5 x 8.5,Vertical,Rectangle,16PT C2S,No Coating,Silk,n/a,4/4,50,Score in Half,Slide Slits Right Panel,Yes 100 Envelopes A2
Majestic,Silk,4.25 x 11,Horizontal,Rectangle,16PT C2S,No Coating,Silk,n/a,4/0,75,Score in Half,Slide Slits Right Panel,Yes 100 Envelopes A2
Majestic,Silk,5.5 x 8.5,Horizontal,Rectangle,16PT C2S,No Coating,Silk,n/a,4/0,75,Score in Half,Slide Slits Right Panel,Yes 100 Envelopes A2
Majestic,Silk,5.5 x 8.5,Vertical,Rectangle,16PT C2S,No Coating,Silk,n/a,4/0,75,Score in Half,Slide Slits Right Panel,Yes 100 Envelopes A2
Majestic,Silk,4.25 x 11,Horizontal,Rectangle,16PT C2S,No Coating,Silk,n/a,4/1,75,Score in Half,Slide Slits Right Panel,Yes 100 Envelopes A2
Majestic,Silk,5.5 x 8.5,Horizontal,Rectangle,16PT C2S,No Coating,Silk,n/a,4/1,75,Score in Half,Slide Slits Right Panel,Yes 100 Envelopes A2
Majestic,Silk,4.25 x 11,Vertical,Rectangle,16PT C2S,No Coating,Silk,n/a,4/0,75,Score in Half,Slide Slits Right Panel,Yes 100 Envelopes A2
Majestic,Silk,4.25 x 11,Vertical,Rectangle,16PT C2S,No Coating,Silk,n/a,4/1,75,Score in Half,Slide Slits Right Panel,Yes 100 Envelopes A2
Majestic,Silk,5.5 x 8.5,Vertical,Rectangle,16PT C2S,No Coating,Silk,n/a,4/1,75,Score in Half,Slide Slits Right Panel,Yes 100 Envelopes A2
Majestic,Silk,4.25 x 11,Horizontal,Rectangle,16PT C2S,No Coating,Silk,n/a,4/4,75,Score in Half,Slide Slits Right Panel,Yes 100 Envelopes A2
Majestic,Silk,4.25 x 11,Vertical,Rectangle,16PT C2S,No Coating,Silk,n/a,4/4,75,Score in Half,Slide Slits Right Panel,Yes 100 Envelopes A2
Majestic,Silk,5.5 x 8.5,Vertical,Rectangle,16PT C2S,No Coating,Silk,n/a,4/4,75,Score in Half,Slide Slits Right Panel,Yes 100 Envelopes A2
Majestic,Silk,5.5 x 8.5,Horizontal,Rectangle,16PT C2S,No Coating,Silk,n/a,4/4,75,Score in Half,Slide Slits Right Panel,Yes 100 Envelopes A2
Majestic,Silk,4.25 x 11,Horizontal,Rectangle,16PT C2S,No Coating,Silk,n/a,4/0,100,Score in Half,Slide Slits Right Panel,Yes 100 Envelopes A2
Majestic,Silk,5.5 x 8.5,Horizontal,Rectangle,16PT C2S,No Coating,Silk,n/a,4/0,100,Score in Half,Slide Slits Right Panel,Yes 100 Envelopes A2
Majestic,Silk,5.5 x 8.5,Vertical,Rectangle,16PT C2S,No Coating,Silk,n/a,4/0,100,Score in Half,Slide Slits Right Panel,Yes 100 Envelopes A2
Majestic,Silk,4.25 x 11,Vertical,Rectangle,16PT C2S,No Coating,Silk,n/a,4/1,100,Score in Half,Slide Slits Right Panel,Yes 100 Envelopes A2
Majestic,Silk,5.5 x 8.5,Horizontal,Rectangle,16PT C2S,No Coating,Silk,n/a,4/1,100,Score in Half,Slide Slits Right Panel,Yes 100 Envelopes A2
Majestic,Silk,4.25 x 11,Horizontal,Rectangle,16PT C2S,No Coating,Silk,n/a,4/1,100,Score in Half,Slide Slits Right Panel,Yes 100 Envelopes A2
Majestic,Silk,5.5 x 8.5,Vertical,Rectangle,16PT C2S,No Coating,Silk,n/a,4/1,100,Score in Half,Slide Slits Right Panel,Yes 100 Envelopes A2
Majestic,Silk,5.5 x 8.5,Horizontal,Rectangle,16PT C2S,No Coating,Silk,n/a,4/4,100,Score in Half,Slide Slits Right Panel,Yes 100 Envelopes A2
Majestic,Silk,4.25 x 11,Horizontal,Rectangle,16PT C2S,No Coating,Silk,n/a,4/4,100,Score in Half,Slide Slits Right Panel,Yes 100 Envelopes A2
Majestic,Silk,4.25 x 11,Vertical,Rectangle,16PT C2S,No Coating,Silk,n/a,4/0,100,Score in Half,Slide Slits Right Panel,Yes 100 Envelopes A2
Majestic,Silk,4.25 x 11,Vertical,Rectangle,16PT C2S,No Coating,Silk,n/a,4/4,100,Score in Half,Slide Slits Right Panel,Yes 100 Envelopes A2
Majestic,Silk,5.5 x 8.5,Vertical,Rectangle,16PT C2S,No Coating,Silk,n/a,4/4,100,Score in Half,Slide Slits Right Panel,Yes 100 Envelopes A2
Majestic,Silk,4.25 x 11,Horizontal,Rectangle,16PT C2S,No Coating,Silk,n/a,4/0,250,Score in Half,Slide Slits Right Panel,Yes 100 Envelopes A2
Majestic,Silk,4.25 x 11,Vertical,Rectangle,16PT C2S,No Coating,Silk,n/a,4/0,250,Score in Half,Slide Slits Right Panel,Yes 100 Envelopes A2
Majestic,Silk,5.5 x 8.5,Horizontal,Rectangle,16PT C2S,No Coating,Silk,n/a,4/0,250,Score in Half,Slide Slits Right Panel,Yes 100 Envelopes A2
Majestic,Silk,5.5 x 8.5,Horizontal,Rectangle,16PT C2S,No Coating,Silk,n/a,4/1,250,Score in Half,Slide Slits Right Panel,Yes 100 Envelopes A2
Majestic,Silk,4.25 x 11,Horizontal,Rectangle,16PT C2S,No Coating,Silk,n/a,4/1,250,Score in Half,Slide Slits Right Panel,Yes 100 Envelopes A2
Majestic,Silk,5.5 x 8.5,Vertical,Rectangle,16PT C2S,No Coating,Silk,n/a,4/0,250,Score in Half,Slide Slits Right Panel,Yes 100 Envelopes A2
Majestic,Silk,4.25 x 11,Vertical,Rectangle,16PT C2S,No Coating,Silk,n/a,4/1,250,Score in Half,Slide Slits Right Panel,Yes 100 Envelopes A2
Majestic,Silk,5.5 x 8.5,Vertical,Rectangle,16PT C2S,No Coating,Silk,n/a,4/1,250,Score in Half,Slide Slits Right Panel,Yes 100 Envelopes A2
Majestic,Silk,4.25 x 11,Vertical,Rectangle,16PT C2S,No Coating,Silk,n/a,4/4,250,Score in Half,Slide Slits Right Panel,Yes 100 Envelopes A2
Majestic,Silk,5.5 x 8.5,Vertical,Rectangle,16PT C2S,No Coating,Silk,n/a,4/4,250,Score in Half,Slide Slits Right Panel,Yes 100 Envelopes A2
Majestic,Silk,4.25 x 11,Horizontal,Rectangle,16PT C2S,No Coating,Silk,n/a,4/4,250,Score in Half,Slide Slits Right Panel,Yes 100 Envelopes A2
Majestic,Silk,5.5 x 8.5,Horizontal,Rectangle,16PT C2S,No Coating,Silk,n/a,4/4,250,Score in Half,Slide Slits Right Panel,Yes 100 Envelopes A2
Majestic,Silk,4.25 x 11,Horizontal,Rectangle,16PT C2S,No Coating,Silk,n/a,4/0,500,Score in Half,Slide Slits Right Panel,Yes 100 Envelopes A2
Majestic,Silk,5.5 x 8.5,Horizontal,Rectangle,16PT C2S,No Coating,Silk,n/a,4/0,500,Score in Half,Slide Slits Right Panel,Yes 100 Envelopes A2
Majestic,Silk,5.5 x 8.5,Vertical,Rectangle,16PT C2S,No Coating,Silk,n/a,4/0,500,Score in Half,Slide Slits Right Panel,Yes 100 Envelopes A2
Majestic,Silk,4.25 x 11,Vertical,Rectangle,16PT C2S,No Coating,Silk,n/a,4/0,500,Score in Half,Slide Slits Right Panel,Yes 100 Envelopes A2
Majestic,Silk,4.25 x 11,Horizontal,Rectangle,16PT C2S,No Coating,Silk,n/a,4/1,500,Score in Half,Slide Slits Right Panel,Yes 100 Envelopes A2
Majestic,Silk,5.5 x 8.5,Horizontal,Rectangle,16PT C2S,No Coating,Silk,n/a,4/1,500,Score in Half,Slide Slits Right Panel,Yes 100 Envelopes A2
Majestic,Silk,4.25 x 11,Vertical,Rectangle,16PT C2S,No Coating,Silk,n/a,4/1,500,Score in Half,Slide Slits Right Panel,Yes 100 Envelopes A2
Majestic,Silk,5.5 x 8.5,Vertical,Rectangle,16PT C2S,No Coating,Silk,n/a,4/1,500,Score in Half,Slide Slits Right Panel,Yes 100 Envelopes A2
Majestic,Silk,4.25 x 11,Horizontal,Rectangle,16PT C2S,No Coating,Silk,n/a,4/4,500,Score in Half,Slide Slits Right Panel,Yes 100 Envelopes A2
Majestic,Silk,4.25 x 11,Vertical,Rectangle,16PT C2S,No Coating,Silk,n/a,4/4,25,Score in Half,Slide Slits Right Panel,Yes 100 Envelopes A2
Majestic,Silk,5.5 x 8.5,Vertical,Rectangle,16PT C2S,No Coating,Silk,n/a,4/4,500,Score in Half,Slide Slits Right Panel,Yes 100 Envelopes A2
Majestic,Silk,5.5 x 8.5,Horizontal,Rectangle,16PT C2S,No Coating,Silk,n/a,4/4,500,Score in Half,Slide Slits Right Panel,Yes 100 Envelopes A2
Majestic,Silk,5.5 x 8.5,Horizontal,Rectangle,16PT C2S,No Coating,Silk,n/a,4/0,1000,Score in Half,Slide Slits Right Panel,Yes 100 Envelopes A2
Majestic,Silk,4.25 x 11,Vertical,Rectangle,16PT C2S,No Coating,Silk,n/a,4/0,1000,Score in Half,Slide Slits Right Panel,Yes 100 Envelopes A2
Majestic,Silk,4.25 x 11,Horizontal,Rectangle,16PT C2S,No Coating,Silk,n/a,4/0,1000,Score in Half,Slide Slits Right Panel,Yes 100 Envelopes A2
Majestic,Silk,5.5 x 8.5,Vertical,Rectangle,16PT C2S,No Coating,Silk,n/a,4/0,1000,Score in Half,Slide Slits Right Panel,Yes 100 Envelopes A2
Majestic,Silk,4.25 x 11,Horizontal,Rectangle,16PT C2S,No Coating,Silk,n/a,4/1,1000,Score in Half,Slide Slits Right Panel,Yes 100 Envelopes A2
Majestic,Silk,5.5 x 8.5,Horizontal,Rectangle,16PT C2S,No Coating,Silk,n/a,4/1,1000,Score in Half,Slide Slits Right Panel,Yes 100 Envelopes A2
Majestic,Silk,4.25 x 11,Vertical,Rectangle,16PT C2S,No Coating,Silk,n/a,4/1,1000,Score in Half,Slide Slits Right Panel,Yes 100 Envelopes A2
Majestic,Silk,5.5 x 8.5,Vertical,Rectangle,16PT C2S,No Coating,Silk,n/a,4/1,1000,Score in Half,Slide Slits Right Panel,Yes 100 Envelopes A2
Majestic,Silk,4.25 x 11,Horizontal,Rectangle,16PT C2S,No Coating,Silk,n/a,4/4,1000,Score in Half,Slide Slits Right Panel,Yes 100 Envelopes A2
Majestic,Silk,4.25 x 11,Vertical,Rectangle,16PT C2S,No Coating,Silk,n/a,4/4,1000,Score in Half,Slide Slits Right Panel,Yes 100 Envelopes A2
Majestic,Silk,5.5 x 8.5,Vertical,Rectangle,16PT C2S,No Coating,Silk,n/a,4/4,1000,Score in Half,Slide Slits Right Panel,Yes 100 Envelopes A2
Majestic,Silk,4.25 x 11,Vertical,Rectangle,16PT C2S,No Coating,Silk,n/a,4/0,2500,Score in Half,Slide Slits Right Panel,Yes 100 Envelopes A2
Majestic,Silk,5.5 x 8.5,Horizontal,Rectangle,16PT C2S,No Coating,Silk,n/a,4/0,2500,Score in Half,Slide Slits Right Panel,Yes 100 Envelopes A2
Majestic,Silk,4.25 x 11,Horizontal,Rectangle,16PT C2S,No Coating,Silk,n/a,4/0,2500,Score in Half,Slide Slits Right Panel,Yes 100 Envelopes A2
Majestic,Silk,5.5 x 8.5,Vertical,Rectangle,16PT C2S,No Coating,Silk,n/a,4/0,2500,Score in Half,Slide Slits Right Panel,Yes 100 Envelopes A2
Majestic,Silk,4.25 x 11,Horizontal,Rectangle,16PT C2S,No Coating,Silk,n/a,4/1,2500,Score in Half,Slide Slits Right Panel,Yes 100 Envelopes A2
Majestic,Silk,4.25 x 11,Vertical,Rectangle,16PT C2S,No Coating,Silk,n/a,4/4,500,Score in Half,Slide Slits Right Panel,Yes 100 Envelopes A2
Majestic,Silk,5.5 x 8.5,Vertical,Rectangle,16PT C2S,No Coating,Silk,n/a,4/1,2500,Score in Half,Slide Slits Right Panel,Yes 100 Envelopes A2
Majestic,Silk,5.5 x 8.5,Horizontal,Rectangle,16PT C2S,No Coating,Silk,n/a,4/4,1000,Score in Half,Slide Slits Right Panel,Yes 100 Envelopes A2
Majestic,Silk,5.5 x 8.5,Horizontal,Rectangle,16PT C2S,No Coating,Silk,n/a,4/1,2500,Score in Half,Slide Slits Right Panel,Yes 100 Envelopes A2
Majestic,Silk,4.25 x 11,Horizontal,Rectangle,16PT C2S,No Coating,Silk,n/a,4/4,2500,Score in Half,Slide Slits Right Panel,Yes 100 Envelopes A2
Majestic,Silk,5.5 x 8.5,Horizontal,Rectangle,16PT C2S,No Coating,Silk,n/a,4/4,2500,Score in Half,Slide Slits Right Panel,Yes 100 Envelopes A2
Majestic,Silk,5.5 x 8.5,Vertical,Rectangle,16PT C2S,No Coating,Silk,n/a,4/4,2500,Score in Half,Slide Slits Right Panel,Yes 100 Envelopes A2
Majestic,Silk,4.25 x 11,Vertical,Rectangle,16PT C2S,No Coating,Silk,n/a,4/4,2500,Score in Half,Slide Slits Right Panel,Yes 100 Envelopes A2
Majestic,Silk,5.5 x 8.5,Horizontal,Rectangle,16PT C2S,No Coating,Silk,n/a,4/0,5000,Score in Half,Slide Slits Right Panel,Yes 100 Envelopes A2
Majestic,Silk,4.25 x 11,Horizontal,Rectangle,16PT C2S,No Coating,Silk,n/a,4/0,5000,Score in Half,Slide Slits Right Panel,Yes 100 Envelopes A2
Majestic,Silk,4.25 x 11,Vertical,Rectangle,16PT C2S,No Coating,Silk,n/a,4/0,5000,Score in Half,Slide Slits Right Panel,Yes 100 Envelopes A2
Majestic,Silk,4.25 x 11,Vertical,Rectangle,16PT C2S,No Coating,Silk,n/a,4/1,2500,Score in Half,Slide Slits Right Panel,Yes 100 Envelopes A2
Majestic,Silk,5.5 x 8.5,Horizontal,Rectangle,16PT C2S,No Coating,Silk,n/a,4/1,5000,Score in Half,Slide Slits Right Panel,Yes 100 Envelopes A2
Majestic,Silk,4.25 x 11,Horizontal,Rectangle,16PT C2S,No Coating,Silk,n/a,4/1,5000,Score in Half,Slide Slits Right Panel,Yes 100 Envelopes A2
Majestic,Silk,5.5 x 8.5,Vertical,Rectangle,16PT C2S,No Coating,Silk,n/a,4/1,5000,Score in Half,Slide Slits Right Panel,Yes 100 Envelopes A2
Majestic,Silk,4.25 x 11,Vertical,Rectangle,16PT C2S,No Coating,Silk,n/a,4/1,5000,Score in Half,Slide Slits Right Panel,Yes 100 Envelopes A2
Majestic,Silk,5.5 x 8.5,Horizontal,Rectangle,16PT C2S,No Coating,Silk,n/a,4/4,5000,Score in Half,Slide Slits Right Panel,Yes 100 Envelopes A2
Majestic,Silk,5.5 x 8.5,Vertical,Rectangle,16PT C2S,No Coating,Silk,n/a,4/0,5000,Score in Half,Slide Slits Right Panel,Yes 100 Envelopes A2
Majestic,Silk,4.25 x 11,Vertical,Rectangle,16PT C2S,No Coating,Silk,n/a,4/4,5000,Score in Half,Slide Slits Right Panel,Yes 100 Envelopes A2
Majestic,Silk,5.5 x 8.5,Vertical,Rectangle,16PT C2S,No Coating,Silk,n/a,4/4,5000,Score in Half,Slide Slits Right Panel,Yes 100 Envelopes A2
Majestic,Silk,4.25 x 11,Horizontal,Rectangle,16PT C2S,No Coating,Silk,n/a,4/0,10000,Score in Half,Slide Slits Right Panel,Yes 100 Envelopes A2
Majestic,Silk,5.5 x 8.5,Horizontal,Rectangle,16PT C2S,No Coating,Silk,n/a,4/0,10000,Score in Half,Slide Slits Right Panel,Yes 100 Envelopes A2
Majestic,Silk,4.25 x 11,Vertical,Rectangle,16PT C2S,No Coating,Silk,n/a,4/0,10000,Score in Half,Slide Slits Right Panel,Yes 100 Envelopes A2
Majestic,Silk,5.5 x 8.5,Vertical,Rectangle,16PT C2S,No Coating,Silk,n/a,4/0,10000,Score in Half,Slide Slits Right Panel,Yes 100 Envelopes A2
Majestic,Silk,5.5 x 8.5,Horizontal,Rectangle,16PT C2S,No Coating,Silk,n/a,4/4,25,Score in Half,Slide Slits Right Panel,Yes 100 Envelopes A2
Majestic,Silk,4.25 x 11,Vertical,Rectangle,16PT C2S,No Coating,Silk,n/a,4/1,25,Score in Half,Slide Slits Right Panel,Yes 100 Envelopes A2
Majestic,Silk,4.25 x 11,Vertical,Rectangle,16PT C2S,No Coating,Silk,n/a,4/1,10000,Score in Half,Slide Slits Right Panel,Yes 100 Envelopes A2
Majestic,Silk,5.5 x 8.5,Vertical,Rectangle,16PT C2S,No Coating,Silk,n/a,4/1,10000,Score in Half,Slide Slits Right Panel,Yes 100 Envelopes A2
Majestic,Silk,4.25 x 11,Horizontal,Rectangle,16PT C2S,No Coating,Silk,n/a,4/4,10000,Score in Half,Slide Slits Right Panel,Yes 100 Envelopes A2
Majestic,Silk,5.5 x 8.5,Horizontal,Rectangle,16PT C2S,No Coating,Silk,n/a,4/4,10000,Score in Half,Slide Slits Right Panel,Yes 100 Envelopes A2
Majestic,Silk,5.5 x 8.5,Horizontal,Rectangle,16PT C2S,No Coating,Silk,n/a,4/1,10000,Score in Half,Slide Slits Right Panel,Yes 100 Envelopes A2
Majestic,Silk,5.5 x 8.5,Vertical,Rectangle,16PT C2S,No Coating,Silk,n/a,4/4,10000,Score in Half,Slide Slits Right Panel,Yes 100 Envelopes A2
Majestic,Silk,4.25 x 11,Horizontal,Rectangle,16PT C2S,No Coating,Silk,n/a,4/0,25,Score in Half,Moon Slits Bottom Panel,Yes 250 Envelopes A2
Majestic,Silk,5.5 x 8.5,Horizontal,Rectangle,16PT C2S,No Coating,Silk,n/a,4/0,25,Score in Half,Moon Slits Bottom Panel,Yes 250 Envelopes A2
Majestic,Silk,4.25 x 11,Vertical,Rectangle,16PT C2S,No Coating,Silk,n/a,4/0,25,Score in Half,Moon Slits Bottom Panel,Yes 250 Envelopes A2
Majestic,Silk,5.5 x 8.5,Vertical,Rectangle,16PT C2S,No Coating,Silk,n/a,4/0,25,Score in Half,Moon Slits Bottom Panel,Yes 250 Envelopes A2
Majestic,Silk,4.25 x 11,Horizontal,Rectangle,16PT C2S,No Coating,Silk,n/a,4/1,25,Score in Half,Moon Slits Bottom Panel,Yes 250 Envelopes A2
Majestic,Silk,5.5 x 8.5,Horizontal,Rectangle,16PT C2S,No Coating,Silk,n/a,4/1,25,Score in Half,Moon Slits Bottom Panel,Yes 250 Envelopes A2
Majestic,Silk,4.25 x 11,Vertical,Rectangle,16PT C2S,No Coating,Silk,n/a,4/1,25,Score in Half,Moon Slits Bottom Panel,Yes 250 Envelopes A2
Majestic,Silk,5.5 x 8.5,Vertical,Rectangle,16PT C2S,No Coating,Silk,n/a,4/1,25,Score in Half,Moon Slits Bottom Panel,Yes 250 Envelopes A2
Majestic,Silk,4.25 x 11,Horizontal,Rectangle,16PT C2S,No Coating,Silk,n/a,4/4,25,Score in Half,Moon Slits Bottom Panel,Yes 250 Envelopes A2
Majestic,Silk,5.5 x 8.5,Horizontal,Rectangle,16PT C2S,No Coating,Silk,n/a,4/4,25,Score in Half,Moon Slits Bottom Panel,Yes 250 Envelopes A2
Majestic,Silk,4.25 x 11,Vertical,Rectangle,16PT C2S,No Coating,Silk,n/a,4/4,25,Score in Half,Moon Slits Bottom Panel,Yes 250 Envelopes A2
Majestic,Silk,5.5 x 8.5,Vertical,Rectangle,16PT C2S,No Coating,Silk,n/a,4/4,25,Score in Half,Moon Slits Bottom Panel,Yes 250 Envelopes A2
Majestic,Silk,4.25 x 11,Horizontal,Rectangle,16PT C2S,No Coating,Silk,n/a,4/0,50,Score in Half,Moon Slits Bottom Panel,Yes 250 Envelopes A2
Majestic,Silk,5.5 x 8.5,Horizontal,Rectangle,16PT C2S,No Coating,Silk,n/a,4/0,50,Score in Half,Moon Slits Bottom Panel,Yes 250 Envelopes A2
Majestic,Silk,4.25 x 11,Vertical,Rectangle,16PT C2S,No Coating,Silk,n/a,4/0,50,Score in Half,Moon Slits Bottom Panel,Yes 250 Envelopes A2
Majestic,Silk,4.25 x 11,Horizontal,Rectangle,16PT C2S,No Coating,Silk,n/a,4/1,50,Score in Half,Moon Slits Bottom Panel,Yes 250 Envelopes A2
Majestic,Silk,5.5 x 8.5,Vertical,Rectangle,16PT C2S,No Coating,Silk,n/a,4/0,50,Score in Half,Moon Slits Bottom Panel,Yes 250 Envelopes A2
Majestic,Silk,5.5 x 8.5,Horizontal,Rectangle,16PT C2S,No Coating,Silk,n/a,4/1,50,Score in Half,Moon Slits Bottom Panel,Yes 250 Envelopes A2
Majestic,Silk,4.25 x 11,Vertical,Rectangle,16PT C2S,No Coating,Silk,n/a,4/1,50,Score in Half,Moon Slits Bottom Panel,Yes 250 Envelopes A2
Majestic,Silk,4.25 x 11,Horizontal,Rectangle,16PT C2S,No Coating,Silk,n/a,4/1,10000,Score in Half,Slide Slits Right Panel,Yes 100 Envelopes A2
Majestic,Silk,5.5 x 8.5,Vertical,Rectangle,16PT C2S,No Coating,Silk,n/a,4/1,50,Score in Half,Moon Slits Bottom Panel,Yes 250 Envelopes A2
Majestic,Silk,4.25 x 11,Vertical,Rectangle,16PT C2S,No Coating,Silk,n/a,4/4,10000,Score in Half,Slide Slits Right Panel,Yes 100 Envelopes A2
Majestic,Silk,4.25 x 11,Vertical,Rectangle,16PT C2S,No Coating,Silk,n/a,4/4,50,Score in Half,Moon Slits Bottom Panel,Yes 250 Envelopes A2
Majestic,Silk,5.5 x 8.5,Vertical,Rectangle,16PT C2S,No Coating,Silk,n/a,4/4,50,Score in Half,Moon Slits Bottom Panel,Yes 250 Envelopes A2
Majestic,Silk,4.25 x 11,Horizontal,Rectangle,16PT C2S,No Coating,Silk,n/a,4/0,75,Score in Half,Moon Slits Bottom Panel,Yes 250 Envelopes A2
Majestic,Silk,5.5 x 8.5,Horizontal,Rectangle,16PT C2S,No Coating,Silk,n/a,4/0,75,Score in Half,Moon Slits Bottom Panel,Yes 250 Envelopes A2
Majestic,Silk,4.25 x 11,Vertical,Rectangle,16PT C2S,No Coating,Silk,n/a,4/0,75,Score in Half,Moon Slits Bottom Panel,Yes 250 Envelopes A2
Majestic,Silk,5.5 x 8.5,Vertical,Rectangle,16PT C2S,No Coating,Silk,n/a,4/0,75,Score in Half,Moon Slits Bottom Panel,Yes 250 Envelopes A2
Majestic,Silk,4.25 x 11,Horizontal,Rectangle,16PT C2S,No Coating,Silk,n/a,4/1,75,Score in Half,Moon Slits Bottom Panel,Yes 250 Envelopes A2
Majestic,Silk,5.5 x 8.5,Horizontal,Rectangle,16PT C2S,No Coating,Silk,n/a,4/1,75,Score in Half,Moon Slits Bottom Panel,Yes 250 Envelopes A2
Majestic,Silk,4.25 x 11,Vertical,Rectangle,16PT C2S,No Coating,Silk,n/a,4/1,75,Score in Half,Moon Slits Bottom Panel,Yes 250 Envelopes A2
Majestic,Silk,5.5 x 8.5,Vertical,Rectangle,16PT C2S,No Coating,Silk,n/a,4/1,75,Score in Half,Moon Slits Bottom Panel,Yes 250 Envelopes A2
Majestic,Silk,4.25 x 11,Horizontal,Rectangle,16PT C2S,No Coating,Silk,n/a,4/4,75,Score in Half,Moon Slits Bottom Panel,Yes 250 Envelopes A2
Majestic,Silk,5.5 x 8.5,Horizontal,Rectangle,16PT C2S,No Coating,Silk,n/a,4/4,75,Score in Half,Moon Slits Bottom Panel,Yes 250 Envelopes A2
Majestic,Silk,4.25 x 11,Vertical,Rectangle,16PT C2S,No Coating,Silk,n/a,4/4,75,Score in Half,Moon Slits Bottom Panel,Yes 250 Envelopes A2
Majestic,Silk,5.5 x 8.5,Vertical,Rectangle,16PT C2S,No Coating,Silk,n/a,4/4,75,Score in Half,Moon Slits Bottom Panel,Yes 250 Envelopes A2
Majestic,Silk,4.25 x 11,Horizontal,Rectangle,16PT C2S,No Coating,Silk,n/a,4/0,100,Score in Half,Moon Slits Bottom Panel,Yes 250 Envelopes A2
Majestic,Silk,5.5 x 8.5,Horizontal,Rectangle,16PT C2S,No Coating,Silk,n/a,4/0,100,Score in Half,Moon Slits Bottom Panel,Yes 250 Envelopes A2
Majestic,Silk,4.25 x 11,Vertical,Rectangle,16PT C2S,No Coating,Silk,n/a,4/0,100,Score in Half,Moon Slits Bottom Panel,Yes 250 Envelopes A2
Majestic,Silk,4.25 x 11,Horizontal,Rectangle,16PT C2S,No Coating,Silk,n/a,4/4,50,Score in Half,Moon Slits Bottom Panel,Yes 250 Envelopes A2
Majestic,Silk,4.25 x 11,Horizontal,Rectangle,16PT C2S,No Coating,Silk,n/a,4/1,100,Score in Half,Moon Slits Bottom Panel,Yes 250 Envelopes A2
Majestic,Silk,5.5 x 8.5,Horizontal,Rectangle,16PT C2S,No Coating,Silk,n/a,4/1,100,Score in Half,Moon Slits Bottom Panel,Yes 250 Envelopes A2
Majestic,Silk,4.25 x 11,Vertical,Rectangle,16PT C2S,No Coating,Silk,n/a,4/1,100,Score in Half,Moon Slits Bottom Panel,Yes 250 Envelopes A2
Majestic,Silk,5.5 x 8.5,Vertical,Rectangle,16PT C2S,No Coating,Silk,n/a,4/1,100,Score in Half,Moon Slits Bottom Panel,Yes 250 Envelopes A2
Majestic,Silk,4.25 x 11,Horizontal,Rectangle,16PT C2S,No Coating,Silk,n/a,4/4,100,Score in Half,Moon Slits Bottom Panel,Yes 250 Envelopes A2
Majestic,Silk,5.5 x 8.5,Horizontal,Rectangle,16PT C2S,No Coating,Silk,n/a,4/4,100,Score in Half,Moon Slits Bottom Panel,Yes 250 Envelopes A2
Majestic,Silk,4.25 x 11,Vertical,Rectangle,16PT C2S,No Coating,Silk,n/a,4/4,100,Score in Half,Moon Slits Bottom Panel,Yes 250 Envelopes A2
Majestic,Silk,5.5 x 8.5,Vertical,Rectangle,16PT C2S,No Coating,Silk,n/a,4/4,100,Score in Half,Moon Slits Bottom Panel,Yes 250 Envelopes A2
Majestic,Silk,4.25 x 11,Horizontal,Rectangle,16PT C2S,No Coating,Silk,n/a,4/0,250,Score in Half,Moon Slits Bottom Panel,Yes 250 Envelopes A2
Majestic,Silk,5.5 x 8.5,Horizontal,Rectangle,16PT C2S,No Coating,Silk,n/a,4/0,250,Score in Half,Moon Slits Bottom Panel,Yes 250 Envelopes A2
Majestic,Silk,4.25 x 11,Vertical,Rectangle,16PT C2S,No Coating,Silk,n/a,4/0,250,Score in Half,Moon Slits Bottom Panel,Yes 250 Envelopes A2
Majestic,Silk,5.5 x 8.5,Vertical,Rectangle,16PT C2S,No Coating,Silk,n/a,4/0,250,Score in Half,Moon Slits Bottom Panel,Yes 250 Envelopes A2
Majestic,Silk,4.25 x 11,Horizontal,Rectangle,16PT C2S,No Coating,Silk,n/a,4/1,250,Score in Half,Moon Slits Bottom Panel,Yes 250 Envelopes A2
Majestic,Silk,5.5 x 8.5,Horizontal,Rectangle,16PT C2S,No Coating,Silk,n/a,4/1,250,Score in Half,Moon Slits Bottom Panel,Yes 250 Envelopes A2
Majestic,Silk,4.25 x 11,Vertical,Rectangle,16PT C2S,No Coating,Silk,n/a,4/1,250,Score in Half,Moon Slits Bottom Panel,Yes 250 Envelopes A2
Majestic,Silk,5.5 x 8.5,Vertical,Rectangle,16PT C2S,No Coating,Silk,n/a,4/1,250,Score in Half,Moon Slits Bottom Panel,Yes 250 Envelopes A2
Majestic,Silk,4.25 x 11,Horizontal,Rectangle,16PT C2S,No Coating,Silk,n/a,4/4,250,Score in Half,Moon Slits Bottom Panel,Yes 250 Envelopes A2
Majestic,Silk,5.5 x 8.5,Horizontal,Rectangle,16PT C2S,No Coating,Silk,n/a,4/4,250,Score in Half,Moon Slits Bottom Panel,Yes 250 Envelopes A2
Majestic,Silk,5.5 x 8.5,Vertical,Rectangle,16PT C2S,No Coating,Silk,n/a,4/0,100,Score in Half,Moon Slits Bottom Panel,Yes 250 Envelopes A2
Majestic,Silk,4.25 x 11,Vertical,Rectangle,16PT C2S,No Coating,Silk,n/a,4/4,250,Score in Half,Moon Slits Bottom Panel,Yes 250 Envelopes A2
Majestic,Silk,4.25 x 11,Horizontal,Rectangle,16PT C2S,No Coating,Silk,n/a,4/0,500,Score in Half,Moon Slits Bottom Panel,Yes 250 Envelopes A2
Majestic,Silk,5.5 x 8.5,Horizontal,Rectangle,16PT C2S,No Coating,Silk,n/a,4/0,500,Score in Half,Moon Slits Bottom Panel,Yes 250 Envelopes A2
Majestic,Silk,4.25 x 11,Vertical,Rectangle,16PT C2S,No Coating,Silk,n/a,4/0,500,Score in Half,Moon Slits Bottom Panel,Yes 250 Envelopes A2
Majestic,Silk,5.5 x 8.5,Vertical,Rectangle,16PT C2S,No Coating,Silk,n/a,4/0,500,Score in Half,Moon Slits Bottom Panel,Yes 250 Envelopes A2
Majestic,Silk,4.25 x 11,Horizontal,Rectangle,16PT C2S,No Coating,Silk,n/a,4/1,500,Score in Half,Moon Slits Bottom Panel,Yes 250 Envelopes A2
Majestic,Silk,5.5 x 8.5,Horizontal,Rectangle,16PT C2S,No Coating,Silk,n/a,4/1,500,Score in Half,Moon Slits Bottom Panel,Yes 250 Envelopes A2
Majestic,Silk,4.25 x 11,Vertical,Rectangle,16PT C2S,No Coating,Silk,n/a,4/1,500,Score in Half,Moon Slits Bottom Panel,Yes 250 Envelopes A2
Majestic,Silk,5.5 x 8.5,Vertical,Rectangle,16PT C2S,No Coating,Silk,n/a,4/1,500,Score in Half,Moon Slits Bottom Panel,Yes 250 Envelopes A2
Majestic,Silk,4.25 x 11,Horizontal,Rectangle,16PT C2S,No Coating,Silk,n/a,4/4,500,Score in Half,Moon Slits Bottom Panel,Yes 250 Envelopes A2
Majestic,Silk,4.25 x 11,Horizontal,Rectangle,16PT C2S,No Coating,Silk,n/a,4/4,5000,Score in Half,Slide Slits Right Panel,Yes 100 Envelopes A2
Majestic,Silk,5.5 x 8.5,Horizontal,Rectangle,16PT C2S,No Coating,Silk,n/a,4/4,50,Score in Half,Moon Slits Bottom Panel,Yes 250 Envelopes A2
Majestic,Silk,4.25 x 11,Vertical,Rectangle,16PT C2S,No Coating,Silk,n/a,4/4,500,Score in Half,Moon Slits Bottom Panel,Yes 250 Envelopes A2
Majestic,Silk,5.5 x 8.5,Vertical,Rectangle,16PT C2S,No Coating,Silk,n/a,4/4,500,Score in Half,Moon Slits Bottom Panel,Yes 250 Envelopes A2
Majestic,Silk,4.25 x 11,Horizontal,Rectangle,16PT C2S,No Coating,Silk,n/a,4/0,1000,Score in Half,Moon Slits Bottom Panel,Yes 250 Envelopes A2
Majestic,Silk,5.5 x 8.5,Horizontal,Rectangle,16PT C2S,No Coating,Silk,n/a,4/0,1000,Score in Half,Moon Slits Bottom Panel,Yes 250 Envelopes A2
Majestic,Silk,5.5 x 8.5,Vertical,Rectangle,16PT C2S,No Coating,Silk,n/a,4/0,1000,Score in Half,Moon Slits Bottom Panel,Yes 250 Envelopes A2
Majestic,Silk,4.25 x 11,Horizontal,Rectangle,16PT C2S,No Coating,Silk,n/a,4/1,1000,Score in Half,Moon Slits Bottom Panel,Yes 250 Envelopes A2
Majestic,Silk,5.5 x 8.5,Horizontal,Rectangle,16PT C2S,No Coating,Silk,n/a,4/1,1000,Score in Half,Moon Slits Bottom Panel,Yes 250 Envelopes A2
Majestic,Silk,4.25 x 11,Vertical,Rectangle,16PT C2S,No Coating,Silk,n/a,4/1,1000,Score in Half,Moon Slits Bottom Panel,Yes 250 Envelopes A2
Majestic,Silk,5.5 x 8.5,Vertical,Rectangle,16PT C2S,No Coating,Silk,n/a,4/1,1000,Score in Half,Moon Slits Bottom Panel,Yes 250 Envelopes A2
Majestic,Silk,4.25 x 11,Horizontal,Rectangle,16PT C2S,No Coating,Silk,n/a,4/4,1000,Score in Half,Moon Slits Bottom Panel,Yes 250 Envelopes A2
Majestic,Silk,5.5 x 8.5,Horizontal,Rectangle,16PT C2S,No Coating,Silk,n/a,4/4,1000,Score in Half,Moon Slits Bottom Panel,Yes 250 Envelopes A2
Majestic,Silk,4.25 x 11,Vertical,Rectangle,16PT C2S,No Coating,Silk,n/a,4/4,1000,Score in Half,Moon Slits Bottom Panel,Yes 250 Envelopes A2
Majestic,Silk,5.5 x 8.5,Vertical,Rectangle,16PT C2S,No Coating,Silk,n/a,4/4,1000,Score in Half,Moon Slits Bottom Panel,Yes 250 Envelopes A2
Majestic,Silk,4.25 x 11,Horizontal,Rectangle,16PT C2S,No Coating,Silk,n/a,4/0,2500,Score in Half,Moon Slits Bottom Panel,Yes 250 Envelopes A2
Majestic,Silk,5.5 x 8.5,Horizontal,Rectangle,16PT C2S,No Coating,Silk,n/a,4/0,2500,Score in Half,Moon Slits Bottom Panel,Yes 250 Envelopes A2
Majestic,Silk,5.5 x 8.5,Horizontal,Rectangle,16PT C2S,No Coating,Silk,n/a,4/4,500,Score in Half,Moon Slits Bottom Panel,Yes 250 Envelopes A2
Majestic,Silk,5.5 x 8.5,Vertical,Rectangle,16PT C2S,No Coating,Silk,n/a,4/0,2500,Score in Half,Moon Slits Bottom Panel,Yes 250 Envelopes A2
Majestic,Silk,4.25 x 11,Horizontal,Rectangle,16PT C2S,No Coating,Silk,n/a,4/1,2500,Score in Half,Moon Slits Bottom Panel,Yes 250 Envelopes A2
Majestic,Silk,5.5 x 8.5,Horizontal,Rectangle,16PT C2S,No Coating,Silk,n/a,4/1,2500,Score in Half,Moon Slits Bottom Panel,Yes 250 Envelopes A2
Majestic,Silk,4.25 x 11,Vertical,Rectangle,16PT C2S,No Coating,Silk,n/a,4/1,2500,Score in Half,Moon Slits Bottom Panel,Yes 250 Envelopes A2
Majestic,Silk,5.5 x 8.5,Vertical,Rectangle,16PT C2S,No Coating,Silk,n/a,4/1,2500,Score in Half,Moon Slits Bottom Panel,Yes 250 Envelopes A2
Majestic,Silk,4.25 x 11,Horizontal,Rectangle,16PT C2S,No Coating,Silk,n/a,4/4,2500,Score in Half,Moon Slits Bottom Panel,Yes 250 Envelopes A2
Majestic,Silk,5.5 x 8.5,Horizontal,Rectangle,16PT C2S,No Coating,Silk,n/a,4/4,2500,Score in Half,Moon Slits Bottom Panel,Yes 250 Envelopes A2
Majestic,Silk,4.25 x 11,Horizontal,Rectangle,16PT C2S,No Coating,Silk,n/a,4/0,5000,Score in Half,Moon Slits Bottom Panel,Yes 250 Envelopes A2
Majestic,Silk,4.25 x 11,Vertical,Rectangle,16PT C2S,No Coating,Silk,n/a,4/0,2500,Score in Half,Moon Slits Bottom Panel,Yes 250 Envelopes A2
Majestic,Silk,4.25 x 11,Vertical,Rectangle,16PT C2S,No Coating,Silk,n/a,4/4,2500,Score in Half,Moon Slits Bottom Panel,Yes 250 Envelopes A2
Majestic,Silk,5.5 x 8.5,Horizontal,Rectangle,16PT C2S,No Coating,Silk,n/a,4/0,5000,Score in Half,Moon Slits Bottom Panel,Yes 250 Envelopes A2
Majestic,Silk,4.25 x 11,Vertical,Rectangle,16PT C2S,No Coating,Silk,n/a,4/0,5000,Score in Half,Moon Slits Bottom Panel,Yes 250 Envelopes A2
Majestic,Silk,4.25 x 11,Vertical,Rectangle,16PT C2S,No Coating,Silk,n/a,4/0,1000,Score in Half,Moon Slits Bottom Panel,Yes 250 Envelopes A2
Majestic,Silk,4.25 x 11,Horizontal,Rectangle,16PT C2S,No Coating,Silk,n/a,4/1,5000,Score in Half,Moon Slits Bottom Panel,Yes 250 Envelopes A2
Majestic,Silk,5.5 x 8.5,Horizontal,Rectangle,16PT C2S,No Coating,Silk,n/a,4/1,5000,Score in Half,Moon Slits Bottom Panel,Yes 250 Envelopes A2
Majestic,Silk,4.25 x 11,Vertical,Rectangle,16PT C2S,No Coating,Silk,n/a,4/1,5000,Score in Half,Moon Slits Bottom Panel,Yes 250 Envelopes A2
Majestic,Silk,5.5 x 8.5,Vertical,Rectangle,16PT C2S,No Coating,Silk,n/a,4/1,5000,Score in Half,Moon Slits Bottom Panel,Yes 250 Envelopes A2
Majestic,Silk,4.25 x 11,Horizontal,Rectangle,16PT C2S,No Coating,Silk,n/a,4/4,5000,Score in Half,Moon Slits Bottom Panel,Yes 250 Envelopes A2
Majestic,Silk,5.5 x 8.5,Vertical,Rectangle,16PT C2S,No Coating,Silk,n/a,4/4,250,Score in Half,Moon Slits Bottom Panel,Yes 250 Envelopes A2
Majestic,Silk,4.25 x 11,Vertical,Rectangle,16PT C2S,No Coating,Silk,n/a,4/4,5000,Score in Half,Moon Slits Bottom Panel,Yes 250 Envelopes A2
Majestic,Silk,5.5 x 8.5,Vertical,Rectangle,16PT C2S,No Coating,Silk,n/a,4/4,5000,Score in Half,Moon Slits Bottom Panel,Yes 250 Envelopes A2
Majestic,Silk,4.25 x 11,Horizontal,Rectangle,16PT C2S,No Coating,Silk,n/a,4/0,10000,Score in Half,Moon Slits Bottom Panel,Yes 250 Envelopes A2
Majestic,Silk,5.5 x 8.5,Horizontal,Rectangle,16PT C2S,No Coating,Silk,n/a,4/0,10000,Score in Half,Moon Slits Bottom Panel,Yes 250 Envelopes A2
Majestic,Silk,4.25 x 11,Vertical,Rectangle,16PT C2S,No Coating,Silk,n/a,4/0,10000,Score in Half,Moon Slits Bottom Panel,Yes 250 Envelopes A2
Majestic,Silk,5.5 x 8.5,Vertical,Rectangle,16PT C2S,No Coating,Silk,n/a,4/0,10000,Score in Half,Moon Slits Bottom Panel,Yes 250 Envelopes A2
Majestic,Silk,4.25 x 11,Horizontal,Rectangle,16PT C2S,No Coating,Silk,n/a,4/1,10000,Score in Half,Moon Slits Bottom Panel,Yes 250 Envelopes A2
Majestic,Silk,5.5 x 8.5,Horizontal,Rectangle,16PT C2S,No Coating,Silk,n/a,4/1,10000,Score in Half,Moon Slits Bottom Panel,Yes 250 Envelopes A2
Majestic,Silk,4.25 x 11,Vertical,Rectangle,16PT C2S,No Coating,Silk,n/a,4/1,10000,Score in Half,Moon Slits Bottom Panel,Yes 250 Envelopes A2
Majestic,Silk,5.5 x 8.5,Vertical,Rectangle,16PT C2S,No Coating,Silk,n/a,4/1,10000,Score in Half,Moon Slits Bottom Panel,Yes 250 Envelopes A2
Majestic,Silk,4.25 x 11,Horizontal,Rectangle,16PT C2S,No Coating,Silk,n/a,4/4,10000,Score in Half,Moon Slits Bottom Panel,Yes 250 Envelopes A2
Majestic,Silk,5.5 x 8.5,Horizontal,Rectangle,16PT C2S,No Coating,Silk,n/a,4/4,10000,Score in Half,Moon Slits Bottom Panel,Yes 250 Envelopes A2
Majestic,Silk,5.5 x 8.5,Horizontal,Rectangle,16PT C2S,No Coating,Silk,n/a,4/4,5000,Score in Half,Moon Slits Bottom Panel,Yes 250 Envelopes A2
Majestic,Silk,5.5 x 8.5,Vertical,Rectangle,16PT C2S,No Coating,Silk,n/a,4/4,10000,Score in Half,Moon Slits Bottom Panel,Yes 250 Envelopes A2
Majestic,Silk,4.25 x 11,Horizontal,Rectangle,16PT C2S,No Coating,Silk,n/a,4/0,25,Score in Half,Moon Slits Right Panel,Yes 250 Envelopes A2
Majestic,Silk,5.5 x 8.5,Horizontal,Rectangle,16PT C2S,No Coating,Silk,n/a,4/0,25,Score in Half,Moon Slits Right Panel,Yes 250 Envelopes A2
Majestic,Silk,4.25 x 11,Vertical,Rectangle,16PT C2S,No Coating,Silk,n/a,4/4,10000,Score in Half,Moon Slits Bottom Panel,Yes 250 Envelopes A2
Majestic,Silk,5.5 x 8.5,Vertical,Rectangle,16PT C2S,No Coating,Silk,n/a,4/0,5000,Score in Half,Moon Slits Bottom Panel,Yes 250 Envelopes A2
Majestic,Silk,4.25 x 11,Horizontal,Rectangle,16PT C2S,No Coating,Silk,n/a,4/1,25,Score in Half,Moon Slits Right Panel,Yes 250 Envelopes A2
Majestic,Silk,5.5 x 8.5,Horizontal,Rectangle,16PT C2S,No Coating,Silk,n/a,4/1,25,Score in Half,Moon Slits Right Panel,Yes 250 Envelopes A2
Majestic,Silk,4.25 x 11,Vertical,Rectangle,16PT C2S,No Coating,Silk,n/a,4/1,25,Score in Half,Moon Slits Right Panel,Yes 250 Envelopes A2
Majestic,Silk,5.5 x 8.5,Vertical,Rectangle,16PT C2S,No Coating,Silk,n/a,4/1,25,Score in Half,Moon Slits Right Panel,Yes 250 Envelopes A2
Majestic,Silk,4.25 x 11,Horizontal,Rectangle,16PT C2S,No Coating,Silk,n/a,4/4,25,Score in Half,Moon Slits Right Panel,Yes 250 Envelopes A2
Majestic,Silk,5.5 x 8.5,Horizontal,Rectangle,16PT C2S,No Coating,Silk,n/a,4/4,25,Score in Half,Moon Slits Right Panel,Yes 250 Envelopes A2
Majestic,Silk,4.25 x 11,Vertical,Rectangle,16PT C2S,No Coating,Silk,n/a,4/4,25,Score in Half,Moon Slits Right Panel,Yes 250 Envelopes A2
Majestic,Silk,5.5 x 8.5,Vertical,Rectangle,16PT C2S,No Coating,Silk,n/a,4/4,25,Score in Half,Moon Slits Right Panel,Yes 250 Envelopes A2
Majestic,Silk,5.5 x 8.5,Vertical,Rectangle,16PT C2S,No Coating,Silk,n/a,4/4,2500,Score in Half,Moon Slits Bottom Panel,Yes 250 Envelopes A2
Majestic,Silk,4.25 x 11,Horizontal,Rectangle,16PT C2S,No Coating,Silk,n/a,4/0,50,Score in Half,Moon Slits Right Panel,Yes 250 Envelopes A2
Majestic,Silk,4.25 x 11,Vertical,Rectangle,16PT C2S,No Coating,Silk,n/a,4/0,50,Score in Half,Moon Slits Right Panel,Yes 250 Envelopes A2
Majestic,Silk,5.5 x 8.5,Vertical,Rectangle,16PT C2S,No Coating,Silk,n/a,4/0,50,Score in Half,Moon Slits Right Panel,Yes 250 Envelopes A2
Majestic,Silk,4.25 x 11,Horizontal,Rectangle,16PT C2S,No Coating,Silk,n/a,4/1,50,Score in Half,Moon Slits Right Panel,Yes 250 Envelopes A2
Majestic,Silk,5.5 x 8.5,Horizontal,Rectangle,16PT C2S,No Coating,Silk,n/a,4/0,50,Score in Half,Moon Slits Right Panel,Yes 250 Envelopes A2
Majestic,Silk,4.25 x 11,Vertical,Rectangle,16PT C2S,No Coating,Silk,n/a,4/1,50,Score in Half,Moon Slits Right Panel,Yes 250 Envelopes A2
Majestic,Silk,4.25 x 11,Horizontal,Rectangle,16PT C2S,No Coating,Silk,n/a,4/4,50,Score in Half,Moon Slits Right Panel,Yes 250 Envelopes A2
Majestic,Silk,5.5 x 8.5,Vertical,Rectangle,16PT C2S,No Coating,Silk,n/a,4/1,50,Score in Half,Moon Slits Right Panel,Yes 250 Envelopes A2
Majestic,Silk,5.5 x 8.5,Horizontal,Rectangle,16PT C2S,No Coating,Silk,n/a,4/4,50,Score in Half,Moon Slits Right Panel,Yes 250 Envelopes A2
Majestic,Silk,5.5 x 8.5,Vertical,Rectangle,16PT C2S,No Coating,Silk,n/a,4/4,50,Score in Half,Moon Slits Right Panel,Yes 250 Envelopes A2
Majestic,Silk,4.25 x 11,Horizontal,Rectangle,16PT C2S,No Coating,Silk,n/a,4/0,75,Score in Half,Moon Slits Right Panel,Yes 250 Envelopes A2
Majestic,Silk,5.5 x 8.5,Horizontal,Rectangle,16PT C2S,No Coating,Silk,n/a,4/0,75,Score in Half,Moon Slits Right Panel,Yes 250 Envelopes A2
Majestic,Silk,4.25 x 11,Vertical,Rectangle,16PT C2S,No Coating,Silk,n/a,4/4,50,Score in Half,Moon Slits Right Panel,Yes 250 Envelopes A2
Majestic,Silk,4.25 x 11,Vertical,Rectangle,16PT C2S,No Coating,Silk,n/a,4/0,75,Score in Half,Moon Slits Right Panel,Yes 250 Envelopes A2
Majestic,Silk,5.5 x 8.5,Vertical,Rectangle,16PT C2S,No Coating,Silk,n/a,4/0,75,Score in Half,Moon Slits Right Panel,Yes 250 Envelopes A2
Majestic,Silk,5.5 x 8.5,Horizontal,Rectangle,16PT C2S,No Coating,Silk,n/a,4/1,75,Score in Half,Moon Slits Right Panel,Yes 250 Envelopes A2
Majestic,Silk,4.25 x 11,Horizontal,Rectangle,16PT C2S,No Coating,Silk,n/a,4/1,75,Score in Half,Moon Slits Right Panel,Yes 250 Envelopes A2
Majestic,Silk,4.25 x 11,Horizontal,Rectangle,16PT C2S,No Coating,Silk,n/a,4/4,75,Score in Half,Moon Slits Right Panel,Yes 250 Envelopes A2
Majestic,Silk,4.25 x 11,Vertical,Rectangle,16PT C2S,No Coating,Silk,n/a,4/1,75,Score in Half,Moon Slits Right Panel,Yes 250 Envelopes A2
Majestic,Silk,5.5 x 8.5,Vertical,Rectangle,16PT C2S,No Coating,Silk,n/a,4/1,75,Score in Half,Moon Slits Right Panel,Yes 250 Envelopes A2
Majestic,Silk,5.5 x 8.5,Horizontal,Rectangle,16PT C2S,No Coating,Silk,n/a,4/4,75,Score in Half,Moon Slits Right Panel,Yes 250 Envelopes A2
Majestic,Silk,4.25 x 11,Vertical,Rectangle,16PT C2S,No Coating,Silk,n/a,4/4,75,Score in Half,Moon Slits Right Panel,Yes 250 Envelopes A2
Majestic,Silk,5.5 x 8.5,Horizontal,Rectangle,16PT C2S,No Coating,Silk,n/a,4/0,100,Score in Half,Moon Slits Right Panel,Yes 250 Envelopes A2
Majestic,Silk,4.25 x 11,Horizontal,Rectangle,16PT C2S,No Coating,Silk,n/a,4/0,100,Score in Half,Moon Slits Right Panel,Yes 250 Envelopes A2
Majestic,Silk,5.5 x 8.5,Vertical,Rectangle,16PT C2S,No Coating,Silk,n/a,4/4,75,Score in Half,Moon Slits Right Panel,Yes 250 Envelopes A2
Majestic,Silk,4.25 x 11,Vertical,Rectangle,16PT C2S,No Coating,Silk,n/a,4/0,100,Score in Half,Moon Slits Right Panel,Yes 250 Envelopes A2
Majestic,Silk,5.5 x 8.5,Vertical,Rectangle,16PT C2S,No Coating,Silk,n/a,4/0,100,Score in Half,Moon Slits Right Panel,Yes 250 Envelopes A2
Majestic,Silk,5.5 x 8.5,Horizontal,Rectangle,16PT C2S,No Coating,Silk,n/a,4/1,50,Score in Half,Moon Slits Right Panel,Yes 250 Envelopes A2
Majestic,Silk,5.5 x 8.5,Horizontal,Rectangle,16PT C2S,No Coating,Silk,n/a,4/1,100,Score in Half,Moon Slits Right Panel,Yes 250 Envelopes A2
Majestic,Silk,4.25 x 11,Vertical,Rectangle,16PT C2S,No Coating,Silk,n/a,4/1,100,Score in Half,Moon Slits Right Panel,Yes 250 Envelopes A2
Majestic,Silk,5.5 x 8.5,Vertical,Rectangle,16PT C2S,No Coating,Silk,n/a,4/1,100,Score in Half,Moon Slits Right Panel,Yes 250 Envelopes A2
Majestic,Silk,4.25 x 11,Horizontal,Rectangle,16PT C2S,No Coating,Silk,n/a,4/4,100,Score in Half,Moon Slits Right Panel,Yes 250 Envelopes A2
Majestic,Silk,4.25 x 11,Horizontal,Rectangle,16PT C2S,No Coating,Silk,n/a,4/1,100,Score in Half,Moon Slits Right Panel,Yes 250 Envelopes A2
Majestic,Silk,4.25 x 11,Vertical,Rectangle,16PT C2S,No Coating,Silk,n/a,4/4,100,Score in Half,Moon Slits Right Panel,Yes 250 Envelopes A2
Majestic,Silk,5.5 x 8.5,Vertical,Rectangle,16PT C2S,No Coating,Silk,n/a,4/4,100,Score in Half,Moon Slits Right Panel,Yes 250 Envelopes A2
Majestic,Silk,4.25 x 11,Horizontal,Rectangle,16PT C2S,No Coating,Silk,n/a,4/0,250,Score in Half,Moon Slits Right Panel,Yes 250 Envelopes A2
Majestic,Silk,5.5 x 8.5,Horizontal,Rectangle,16PT C2S,No Coating,Silk,n/a,4/0,250,Score in Half,Moon Slits Right Panel,Yes 250 Envelopes A2
Majestic,Silk,4.25 x 11,Vertical,Rectangle,16PT C2S,No Coating,Silk,n/a,4/0,250,Score in Half,Moon Slits Right Panel,Yes 250 Envelopes A2
Majestic,Silk,5.5 x 8.5,Vertical,Rectangle,16PT C2S,No Coating,Silk,n/a,4/0,250,Score in Half,Moon Slits Right Panel,Yes 250 Envelopes A2
Majestic,Silk,4.25 x 11,Horizontal,Rectangle,16PT C2S,No Coating,Silk,n/a,4/1,250,Score in Half,Moon Slits Right Panel,Yes 250 Envelopes A2
Majestic,Silk,5.5 x 8.5,Horizontal,Rectangle,16PT C2S,No Coating,Silk,n/a,4/1,250,Score in Half,Moon Slits Right Panel,Yes 250 Envelopes A2
Majestic,Silk,4.25 x 11,Vertical,Rectangle,16PT C2S,No Coating,Silk,n/a,4/1,250,Score in Half,Moon Slits Right Panel,Yes 250 Envelopes A2
Majestic,Silk,5.5 x 8.5,Vertical,Rectangle,16PT C2S,No Coating,Silk,n/a,4/1,250,Score in Half,Moon Slits Right Panel,Yes 250 Envelopes A2
Majestic,Silk,4.25 x 11,Horizontal,Rectangle,16PT C2S,No Coating,Silk,n/a,4/4,250,Score in Half,Moon Slits Right Panel,Yes 250 Envelopes A2
Majestic,Silk,4.25 x 11,Vertical,Rectangle,16PT C2S,No Coating,Silk,n/a,4/4,250,Score in Half,Moon Slits Right Panel,Yes 250 Envelopes A2
Majestic,Silk,5.5 x 8.5,Horizontal,Rectangle,16PT C2S,No Coating,Silk,n/a,4/4,250,Score in Half,Moon Slits Right Panel,Yes 250 Envelopes A2
Majestic,Silk,5.5 x 8.5,Vertical,Rectangle,16PT C2S,No Coating,Silk,n/a,4/4,250,Score in Half,Moon Slits Right Panel,Yes 250 Envelopes A2
Majestic,Silk,4.25 x 11,Horizontal,Rectangle,16PT C2S,No Coating,Silk,n/a,4/0,500,Score in Half,Moon Slits Right Panel,Yes 250 Envelopes A2
Majestic,Silk,5.5 x 8.5,Horizontal,Rectangle,16PT C2S,No Coating,Silk,n/a,4/0,500,Score in Half,Moon Slits Right Panel,Yes 250 Envelopes A2
Majestic,Silk,5.5 x 8.5,Vertical,Rectangle,16PT C2S,No Coating,Silk,n/a,4/0,25,Score in Half,Moon Slits Right Panel,Yes 250 Envelopes A2
Majestic,Silk,4.25 x 11,Horizontal,Rectangle,16PT C2S,No Coating,Silk,n/a,4/1,500,Score in Half,Moon Slits Right Panel,Yes 250 Envelopes A2
Majestic,Silk,5.5 x 8.5,Horizontal,Rectangle,16PT C2S,No Coating,Silk,n/a,4/1,500,Score in Half,Moon Slits Right Panel,Yes 250 Envelopes A2
Majestic,Silk,5.5 x 8.5,Vertical,Rectangle,16PT C2S,No Coating,Silk,n/a,4/0,500,Score in Half,Moon Slits Right Panel,Yes 250 Envelopes A2
Majestic,Silk,4.25 x 11,Vertical,Rectangle,16PT C2S,No Coating,Silk,n/a,4/1,500,Score in Half,Moon Slits Right Panel,Yes 250 Envelopes A2
Majestic,Silk,5.5 x 8.5,Vertical,Rectangle,16PT C2S,No Coating,Silk,n/a,4/1,500,Score in Half,Moon Slits Right Panel,Yes 250 Envelopes A2
Majestic,Silk,4.25 x 11,Horizontal,Rectangle,16PT C2S,No Coating,Silk,n/a,4/4,500,Score in Half,Moon Slits Right Panel,Yes 250 Envelopes A2
Majestic,Silk,4.25 x 11,Vertical,Rectangle,16PT C2S,No Coating,Silk,n/a,4/4,500,Score in Half,Moon Slits Right Panel,Yes 250 Envelopes A2
Majestic,Silk,5.5 x 8.5,Vertical,Rectangle,16PT C2S,No Coating,Silk,n/a,4/4,500,Score in Half,Moon Slits Right Panel,Yes 250 Envelopes A2
Majestic,Silk,4.25 x 11,Horizontal,Rectangle,16PT C2S,No Coating,Silk,n/a,4/0,1000,Score in Half,Moon Slits Right Panel,Yes 250 Envelopes A2
Majestic,Silk,5.5 x 8.5,Horizontal,Rectangle,16PT C2S,No Coating,Silk,n/a,4/4,500,Score in Half,Moon Slits Right Panel,Yes 250 Envelopes A2
Majestic,Silk,5.5 x 8.5,Horizontal,Rectangle,16PT C2S,No Coating,Silk,n/a,4/4,100,Score in Half,Moon Slits Right Panel,Yes 250 Envelopes A2
Majestic,Silk,5.5 x 8.5,Horizontal,Rectangle,16PT C2S,No Coating,Silk,n/a,4/0,1000,Score in Half,Moon Slits Right Panel,Yes 250 Envelopes A2
Majestic,Silk,5.5 x 8.5,Vertical,Rectangle,16PT C2S,No Coating,Silk,n/a,4/0,1000,Score in Half,Moon Slits Right Panel,Yes 250 Envelopes A2
Majestic,Silk,4.25 x 11,Vertical,Rectangle,16PT C2S,No Coating,Silk,n/a,4/0,1000,Score in Half,Moon Slits Right Panel,Yes 250 Envelopes A2
Majestic,Silk,5.5 x 8.5,Horizontal,Rectangle,16PT C2S,No Coating,Silk,n/a,4/1,1000,Score in Half,Moon Slits Right Panel,Yes 250 Envelopes A2
Majestic,Silk,4.25 x 11,Vertical,Rectangle,16PT C2S,No Coating,Silk,n/a,4/1,1000,Score in Half,Moon Slits Right Panel,Yes 250 Envelopes A2
Majestic,Silk,5.5 x 8.5,Vertical,Rectangle,16PT C2S,No Coating,Silk,n/a,4/1,1000,Score in Half,Moon Slits Right Panel,Yes 250 Envelopes A2
Majestic,Silk,4.25 x 11,Horizontal,Rectangle,16PT C2S,No Coating,Silk,n/a,4/4,1000,Score in Half,Moon Slits Right Panel,Yes 250 Envelopes A2
Majestic,Silk,5.5 x 8.5,Horizontal,Rectangle,16PT C2S,No Coating,Silk,n/a,4/4,1000,Score in Half,Moon Slits Right Panel,Yes 250 Envelopes A2
Majestic,Silk,4.25 x 11,Vertical,Rectangle,16PT C2S,No Coating,Silk,n/a,4/4,1000,Score in Half,Moon Slits Right Panel,Yes 250 Envelopes A2
Majestic,Silk,5.5 x 8.5,Vertical,Rectangle,16PT C2S,No Coating,Silk,n/a,4/4,1000,Score in Half,Moon Slits Right Panel,Yes 250 Envelopes A2
Majestic,Silk,4.25 x 11,Vertical,Rectangle,16PT C2S,No Coating,Silk,n/a,4/0,500,Score in Half,Moon Slits Right Panel,Yes 250 Envelopes A2
Majestic,Silk,4.25 x 11,Horizontal,Rectangle,16PT C2S,No Coating,Silk,n/a,4/0,2500,Score in Half,Moon Slits Right Panel,Yes 250 Envelopes A2
Majestic,Silk,5.5 x 8.5,Horizontal,Rectangle,16PT C2S,No Coating,Silk,n/a,4/0,2500,Score in Half,Moon Slits Right Panel,Yes 250 Envelopes A2
Majestic,Silk,4.25 x 11,Vertical,Rectangle,16PT C2S,No Coating,Silk,n/a,4/0,2500,Score in Half,Moon Slits Right Panel,Yes 250 Envelopes A2
Majestic,Silk,5.5 x 8.5,Vertical,Rectangle,16PT C2S,No Coating,Silk,n/a,4/0,2500,Score in Half,Moon Slits Right Panel,Yes 250 Envelopes A2
Majestic,Silk,5.5 x 8.5,Vertical,Rectangle,16PT C2S,No Coating,Silk,n/a,4/1,2500,Score in Half,Moon Slits Right Panel,Yes 250 Envelopes A2
Majestic,Silk,4.25 x 11,Vertical,Rectangle,16PT C2S,No Coating,Silk,n/a,4/1,2500,Score in Half,Moon Slits Right Panel,Yes 250 Envelopes A2
Majestic,Silk,5.5 x 8.5,Horizontal,Rectangle,16PT C2S,No Coating,Silk,n/a,4/1,2500,Score in Half,Moon Slits Right Panel,Yes 250 Envelopes A2
Majestic,Silk,4.25 x 11,Horizontal,Rectangle,16PT C2S,No Coating,Silk,n/a,4/4,2500,Score in Half,Moon Slits Right Panel,Yes 250 Envelopes A2
Majestic,Silk,5.5 x 8.5,Horizontal,Rectangle,16PT C2S,No Coating,Silk,n/a,4/4,2500,Score in Half,Moon Slits Right Panel,Yes 250 Envelopes A2
Majestic,Silk,4.25 x 11,Vertical,Rectangle,16PT C2S,No Coating,Silk,n/a,4/4,2500,Score in Half,Moon Slits Right Panel,Yes 250 Envelopes A2
Majestic,Silk,4.25 x 11,Horizontal,Rectangle,16PT C2S,No Coating,Silk,n/a,4/1,2500,Score in Half,Moon Slits Right Panel,Yes 250 Envelopes A2
Majestic,Silk,4.25 x 11,Vertical,Rectangle,16PT C2S,No Coating,Silk,n/a,4/0,25,Score in Half,Moon Slits Right Panel,Yes 250 Envelopes A2
Majestic,Silk,4.25 x 11,Vertical,Rectangle,16PT C2S,No Coating,Silk,n/a,4/0,5000,Score in Half,Moon Slits Right Panel,Yes 250 Envelopes A2
Majestic,Silk,5.5 x 8.5,Horizontal,Rectangle,16PT C2S,No Coating,Silk,n/a,4/0,5000,Score in Half,Moon Slits Right Panel,Yes 250 Envelopes A2
Majestic,Silk,5.5 x 8.5,Vertical,Rectangle,16PT C2S,No Coating,Silk,n/a,4/0,5000,Score in Half,Moon Slits Right Panel,Yes 250 Envelopes A2
Majestic,Silk,4.25 x 11,Horizontal,Rectangle,16PT C2S,No Coating,Silk,n/a,4/1,5000,Score in Half,Moon Slits Right Panel,Yes 250 Envelopes A2
Majestic,Silk,5.5 x 8.5,Vertical,Rectangle,16PT C2S,No Coating,Silk,n/a,4/4,2500,Score in Half,Moon Slits Right Panel,Yes 250 Envelopes A2
Majestic,Silk,5.5 x 8.5,Vertical,Rectangle,16PT C2S,No Coating,Silk,n/a,4/1,5000,Score in Half,Moon Slits Right Panel,Yes 250 Envelopes A2
Majestic,Silk,4.25 x 11,Vertical,Rectangle,16PT C2S,No Coating,Silk,n/a,4/1,5000,Score in Half,Moon Slits Right Panel,Yes 250 Envelopes A2
Majestic,Silk,4.25 x 11,Horizontal,Rectangle,16PT C2S,No Coating,Silk,n/a,4/4,5000,Score in Half,Moon Slits Right Panel,Yes 250 Envelopes A2
Majestic,Silk,5.5 x 8.5,Horizontal,Rectangle,16PT C2S,No Coating,Silk,n/a,4/4,5000,Score in Half,Moon Slits Right Panel,Yes 250 Envelopes A2
Majestic,Silk,4.25 x 11,Vertical,Rectangle,16PT C2S,No Coating,Silk,n/a,4/4,5000,Score in Half,Moon Slits Right Panel,Yes 250 Envelopes A2
Majestic,Silk,5.5 x 8.5,Vertical,Rectangle,16PT C2S,No Coating,Silk,n/a,4/4,5000,Score in Half,Moon Slits Right Panel,Yes 250 Envelopes A2
Majestic,Silk,4.25 x 11,Horizontal,Rectangle,16PT C2S,No Coating,Silk,n/a,4/0,10000,Score in Half,Moon Slits Right Panel,Yes 250 Envelopes A2
Majestic,Silk,5.5 x 8.5,Horizontal,Rectangle,16PT C2S,No Coating,Silk,n/a,4/0,10000,Score in Half,Moon Slits Right Panel,Yes 250 Envelopes A2
Majestic,Silk,4.25 x 11,Vertical,Rectangle,16PT C2S,No Coating,Silk,n/a,4/0,10000,Score in Half,Moon Slits Right Panel,Yes 250 Envelopes A2
Majestic,Silk,5.5 x 8.5,Vertical,Rectangle,16PT C2S,No Coating,Silk,n/a,4/0,10000,Score in Half,Moon Slits Right Panel,Yes 250 Envelopes A2
Majestic,Silk,4.25 x 11,Horizontal,Rectangle,16PT C2S,No Coating,Silk,n/a,4/1,10000,Score in Half,Moon Slits Right Panel,Yes 250 Envelopes A2
Majestic,Silk,5.5 x 8.5,Horizontal,Rectangle,16PT C2S,No Coating,Silk,n/a,4/1,10000,Score in Half,Moon Slits Right Panel,Yes 250 Envelopes A2
Majestic,Silk,4.25 x 11,Vertical,Rectangle,16PT C2S,No Coating,Silk,n/a,4/1,10000,Score in Half,Moon Slits Right Panel,Yes 250 Envelopes A2
Majestic,Silk,5.5 x 8.5,Vertical,Rectangle,16PT C2S,No Coating,Silk,n/a,4/1,10000,Score in Half,Moon Slits Right Panel,Yes 250 Envelopes A2
Majestic,Silk,4.25 x 11,Horizontal,Rectangle,16PT C2S,No Coating,Silk,n/a,4/4,10000,Score in Half,Moon Slits Right Panel,Yes 250 Envelopes A2
Majestic,Silk,4.25 x 11,Vertical,Rectangle,16PT C2S,No Coating,Silk,n/a,4/4,10000,Score in Half,Moon Slits Right Panel,Yes 250 Envelopes A2
Majestic,Silk,5.5 x 8.5,Horizontal,Rectangle,16PT C2S,No Coating,Silk,n/a,4/4,10000,Score in Half,Moon Slits Right Panel,Yes 250 Envelopes A2
Majestic,Silk,5.5 x 8.5,Vertical,Rectangle,16PT C2S,No Coating,Silk,n/a,4/4,10000,Score in Half,Moon Slits Right Panel,Yes 250 Envelopes A2
Majestic,Silk,4.25 x 11,Horizontal,Rectangle,16PT C2S,No Coating,Silk,n/a,4/0,25,Score in Half,No Gift Cards Slits,Yes 250 Envelopes A2
Majestic,Silk,5.5 x 8.5,Horizontal,Rectangle,16PT C2S,No Coating,Silk,n/a,4/0,25,Score in Half,No Gift Cards Slits,Yes 250 Envelopes A2
Majestic,Silk,4.25 x 11,Horizontal,Rectangle,16PT C2S,No Coating,Silk,n/a,4/1,1000,Score in Half,Moon Slits Right Panel,Yes 250 Envelopes A2
Majestic,Silk,4.25 x 11,Horizontal,Rectangle,16PT C2S,No Coating,Silk,n/a,4/1,25,Score in Half,No Gift Cards Slits,Yes 250 Envelopes A2
Majestic,Silk,5.5 x 8.5,Horizontal,Rectangle,16PT C2S,No Coating,Silk,n/a,4/1,25,Score in Half,No Gift Cards Slits,Yes 250 Envelopes A2
Majestic,Silk,4.25 x 11,Vertical,Rectangle,16PT C2S,No Coating,Silk,n/a,4/0,25,Score in Half,No Gift Cards Slits,Yes 250 Envelopes A2
Majestic,Silk,4.25 x 11,Vertical,Rectangle,16PT C2S,No Coating,Silk,n/a,4/1,25,Score in Half,No Gift Cards Slits,Yes 250 Envelopes A2
Majestic,Silk,4.25 x 11,Horizontal,Rectangle,16PT C2S,No Coating,Silk,n/a,4/4,25,Score in Half,No Gift Cards Slits,Yes 250 Envelopes A2
Majestic,Silk,5.5 x 8.5,Vertical,Rectangle,16PT C2S,No Coating,Silk,n/a,4/1,25,Score in Half,No Gift Cards Slits,Yes 250 Envelopes A2
Majestic,Silk,5.5 x 8.5,Horizontal,Rectangle,16PT C2S,No Coating,Silk,n/a,4/4,25,Score in Half,No Gift Cards Slits,Yes 250 Envelopes A2
Majestic,Silk,4.25 x 11,Horizontal,Rectangle,16PT C2S,No Coating,Silk,n/a,4/0,5000,Score in Half,Moon Slits Right Panel,Yes 250 Envelopes A2
Majestic,Silk,4.25 x 11,Vertical,Rectangle,16PT C2S,No Coating,Silk,n/a,4/4,25,Score in Half,No Gift Cards Slits,Yes 250 Envelopes A2
Majestic,Silk,5.5 x 8.5,Vertical,Rectangle,16PT C2S,No Coating,Silk,n/a,4/4,25,Score in Half,No Gift Cards Slits,Yes 250 Envelopes A2
Majestic,Silk,4.25 x 11,Horizontal,Rectangle,16PT C2S,No Coating,Silk,n/a,4/0,50,Score in Half,No Gift Cards Slits,Yes 250 Envelopes A2
Majestic,Silk,5.5 x 8.5,Horizontal,Rectangle,16PT C2S,No Coating,Silk,n/a,4/0,50,Score in Half,No Gift Cards Slits,Yes 250 Envelopes A2
Majestic,Silk,4.25 x 11,Vertical,Rectangle,16PT C2S,No Coating,Silk,n/a,4/0,50,Score in Half,No Gift Cards Slits,Yes 250 Envelopes A2
Majestic,Silk,4.25 x 11,Horizontal,Rectangle,16PT C2S,No Coating,Silk,n/a,4/1,50,Score in Half,No Gift Cards Slits,Yes 250 Envelopes A2
Majestic,Silk,5.5 x 8.5,Vertical,Rectangle,16PT C2S,No Coating,Silk,n/a,4/0,50,Score in Half,No Gift Cards Slits,Yes 250 Envelopes A2
Majestic,Silk,5.5 x 8.5,Vertical,Rectangle,16PT C2S,No Coating,Silk,n/a,4/1,50,Score in Half,No Gift Cards Slits,Yes 250 Envelopes A2
Majestic,Silk,5.5 x 8.5,Vertical,Rectangle,16PT C2S,No Coating,Silk,n/a,4/0,25,Score in Half,No Gift Cards Slits,Yes 250 Envelopes A2
Majestic,Silk,4.25 x 11,Horizontal,Rectangle,16PT C2S,No Coating,Silk,n/a,4/4,50,Score in Half,No Gift Cards Slits,Yes 250 Envelopes A2
Majestic,Silk,4.25 x 11,Vertical,Rectangle,16PT C2S,No Coating,Silk,n/a,4/4,50,Score in Half,No Gift Cards Slits,Yes 250 Envelopes A2
Majestic,Silk,5.5 x 8.5,Horizontal,Rectangle,16PT C2S,No Coating,Silk,n/a,4/4,50,Score in Half,No Gift Cards Slits,Yes 250 Envelopes A2
Majestic,Silk,5.5 x 8.5,Horizontal,Rectangle,16PT C2S,No Coating,Silk,n/a,4/1,5000,Score in Half,Moon Slits Right Panel,Yes 250 Envelopes A2
Majestic,Silk,5.5 x 8.5,Horizontal,Rectangle,16PT C2S,No Coating,Silk,n/a,4/0,75,Score in Half,No Gift Cards Slits,Yes 250 Envelopes A2
Majestic,Silk,4.25 x 11,Vertical,Rectangle,16PT C2S,No Coating,Silk,n/a,4/0,75,Score in Half,No Gift Cards Slits,Yes 250 Envelopes A2
Majestic,Silk,4.25 x 11,Horizontal,Rectangle,16PT C2S,No Coating,Silk,n/a,4/0,75,Score in Half,No Gift Cards Slits,Yes 250 Envelopes A2
Majestic,Silk,5.5 x 8.5,Vertical,Rectangle,16PT C2S,No Coating,Silk,n/a,4/0,75,Score in Half,No Gift Cards Slits,Yes 250 Envelopes A2
Majestic,Silk,4.25 x 11,Vertical,Rectangle,16PT C2S,No Coating,Silk,n/a,4/1,50,Score in Half,No Gift Cards Slits,Yes 250 Envelopes A2
Majestic,Silk,5.5 x 8.5,Horizontal,Rectangle,16PT C2S,No Coating,Silk,n/a,4/1,75,Score in Half,No Gift Cards Slits,Yes 250 Envelopes A2
Majestic,Silk,4.25 x 11,Vertical,Rectangle,16PT C2S,No Coating,Silk,n/a,4/1,75,Score in Half,No Gift Cards Slits,Yes 250 Envelopes A2
Majestic,Silk,5.5 x 8.5,Vertical,Rectangle,16PT C2S,No Coating,Silk,n/a,4/1,75,Score in Half,No Gift Cards Slits,Yes 250 Envelopes A2
Majestic,Silk,4.25 x 11,Horizontal,Rectangle,16PT C2S,No Coating,Silk,n/a,4/4,75,Score in Half,No Gift Cards Slits,Yes 250 Envelopes A2
Majestic,Silk,4.25 x 11,Vertical,Rectangle,16PT C2S,No Coating,Silk,n/a,4/4,75,Score in Half,No Gift Cards Slits,Yes 250 Envelopes A2
Majestic,Silk,5.5 x 8.5,Horizontal,Rectangle,16PT C2S,No Coating,Silk,n/a,4/4,75,Score in Half,No Gift Cards Slits,Yes 250 Envelopes A2
Majestic,Silk,5.5 x 8.5,Vertical,Rectangle,16PT C2S,No Coating,Silk,n/a,4/4,75,Score in Half,No Gift Cards Slits,Yes 250 Envelopes A2
Majestic,Silk,4.25 x 11,Horizontal,Rectangle,16PT C2S,No Coating,Silk,n/a,4/0,100,Score in Half,No Gift Cards Slits,Yes 250 Envelopes A2
Majestic,Silk,5.5 x 8.5,Horizontal,Rectangle,16PT C2S,No Coating,Silk,n/a,4/0,100,Score in Half,No Gift Cards Slits,Yes 250 Envelopes A2
Majestic,Silk,4.25 x 11,Vertical,Rectangle,16PT C2S,No Coating,Silk,n/a,4/0,100,Score in Half,No Gift Cards Slits,Yes 250 Envelopes A2
Majestic,Silk,5.5 x 8.5,Vertical,Rectangle,16PT C2S,No Coating,Silk,n/a,4/0,100,Score in Half,No Gift Cards Slits,Yes 250 Envelopes A2
Majestic,Silk,4.25 x 11,Horizontal,Rectangle,16PT C2S,No Coating,Silk,n/a,4/1,100,Score in Half,No Gift Cards Slits,Yes 250 Envelopes A2
Majestic,Silk,5.5 x 8.5,Horizontal,Rectangle,16PT C2S,No Coating,Silk,n/a,4/1,100,Score in Half,No Gift Cards Slits,Yes 250 Envelopes A2
Majestic,Silk,5.5 x 8.5,Vertical,Rectangle,16PT C2S,No Coating,Silk,n/a,4/1,100,Score in Half,No Gift Cards Slits,Yes 250 Envelopes A2
Majestic,Silk,4.25 x 11,Vertical,Rectangle,16PT C2S,No Coating,Silk,n/a,4/1,100,Score in Half,No Gift Cards Slits,Yes 250 Envelopes A2
Majestic,Silk,4.25 x 11,Horizontal,Rectangle,16PT C2S,No Coating,Silk,n/a,4/4,100,Score in Half,No Gift Cards Slits,Yes 250 Envelopes A2
Majestic,Silk,5.5 x 8.5,Horizontal,Rectangle,16PT C2S,No Coating,Silk,n/a,4/1,50,Score in Half,No Gift Cards Slits,Yes 250 Envelopes A2
Majestic,Silk,4.25 x 11,Horizontal,Rectangle,16PT C2S,No Coating,Silk,n/a,4/1,75,Score in Half,No Gift Cards Slits,Yes 250 Envelopes A2
Majestic,Silk,5.5 x 8.5,Vertical,Rectangle,16PT C2S,No Coating,Silk,n/a,4/4,100,Score in Half,No Gift Cards Slits,Yes 250 Envelopes A2
Majestic,Silk,4.25 x 11,Horizontal,Rectangle,16PT C2S,No Coating,Silk,n/a,4/0,250,Score in Half,No Gift Cards Slits,Yes 250 Envelopes A2
Majestic,Silk,4.25 x 11,Vertical,Rectangle,16PT C2S,No Coating,Silk,n/a,4/4,100,Score in Half,No Gift Cards Slits,Yes 250 Envelopes A2
Majestic,Silk,5.5 x 8.5,Vertical,Rectangle,16PT C2S,No Coating,Silk,n/a,4/0,250,Score in Half,No Gift Cards Slits,Yes 250 Envelopes A2
Majestic,Silk,5.5 x 8.5,Horizontal,Rectangle,16PT C2S,No Coating,Silk,n/a,4/4,100,Score in Half,No Gift Cards Slits,Yes 250 Envelopes A2
Majestic,Silk,5.5 x 8.5,Horizontal,Rectangle,16PT C2S,No Coating,Silk,n/a,4/1,250,Score in Half,No Gift Cards Slits,Yes 250 Envelopes A2
Majestic,Silk,4.25 x 11,Horizontal,Rectangle,16PT C2S,No Coating,Silk,n/a,4/1,250,Score in Half,No Gift Cards Slits,Yes 250 Envelopes A2
Majestic,Silk,4.25 x 11,Vertical,Rectangle,16PT C2S,No Coating,Silk,n/a,4/1,250,Score in Half,No Gift Cards Slits,Yes 250 Envelopes A2
Majestic,Silk,5.5 x 8.5,Horizontal,Rectangle,16PT C2S,No Coating,Silk,n/a,4/0,250,Score in Half,No Gift Cards Slits,Yes 250 Envelopes A2
Majestic,Silk,5.5 x 8.5,Horizontal,Rectangle,16PT C2S,No Coating,Silk,n/a,4/4,250,Score in Half,No Gift Cards Slits,Yes 250 Envelopes A2
Majestic,Silk,4.25 x 11,Horizontal,Rectangle,16PT C2S,No Coating,Silk,n/a,4/4,250,Score in Half,No Gift Cards Slits,Yes 250 Envelopes A2
Majestic,Silk,5.5 x 8.5,Vertical,Rectangle,16PT C2S,No Coating,Silk,n/a,4/4,250,Score in Half,No Gift Cards Slits,Yes 250 Envelopes A2
Majestic,Silk,4.25 x 11,Vertical,Rectangle,16PT C2S,No Coating,Silk,n/a,4/4,250,Score in Half,No Gift Cards Slits,Yes 250 Envelopes A2
Majestic,Silk,4.25 x 11,Horizontal,Rectangle,16PT C2S,No Coating,Silk,n/a,4/0,500,Score in Half,No Gift Cards Slits,Yes 250 Envelopes A2
Majestic,Silk,4.25 x 11,Vertical,Rectangle,16PT C2S,No Coating,Silk,n/a,4/0,250,Score in Half,No Gift Cards Slits,Yes 250 Envelopes A2
Majestic,Silk,5.5 x 8.5,Vertical,Rectangle,16PT C2S,No Coating,Silk,n/a,4/0,500,Score in Half,No Gift Cards Slits,Yes 250 Envelopes A2
Majestic,Silk,4.25 x 11,Vertical,Rectangle,16PT C2S,No Coating,Silk,n/a,4/0,500,Score in Half,No Gift Cards Slits,Yes 250 Envelopes A2
Majestic,Silk,5.5 x 8.5,Vertical,Rectangle,16PT C2S,No Coating,Silk,n/a,4/1,250,Score in Half,No Gift Cards Slits,Yes 250 Envelopes A2
Majestic,Silk,4.25 x 11,Vertical,Rectangle,16PT C2S,No Coating,Silk,n/a,4/1,500,Score in Half,No Gift Cards Slits,Yes 250 Envelopes A2
Majestic,Silk,4.25 x 11,Horizontal,Rectangle,16PT C2S,No Coating,Silk,n/a,4/1,500,Score in Half,No Gift Cards Slits,Yes 250 Envelopes A2
Majestic,Silk,4.25 x 11,Horizontal,Rectangle,16PT C2S,No Coating,Silk,n/a,4/4,500,Score in Half,No Gift Cards Slits,Yes 250 Envelopes A2
Majestic,Silk,5.5 x 8.5,Horizontal,Rectangle,16PT C2S,No Coating,Silk,n/a,4/4,500,Score in Half,No Gift Cards Slits,Yes 250 Envelopes A2
Majestic,Silk,5.5 x 8.5,Vertical,Rectangle,16PT C2S,No Coating,Silk,n/a,4/4,500,Score in Half,No Gift Cards Slits,Yes 250 Envelopes A2
Majestic,Silk,5.5 x 8.5,Vertical,Rectangle,16PT C2S,No Coating,Silk,n/a,4/1,500,Score in Half,No Gift Cards Slits,Yes 250 Envelopes A2
Majestic,Silk,4.25 x 11,Horizontal,Rectangle,16PT C2S,No Coating,Silk,n/a,4/0,1000,Score in Half,No Gift Cards Slits,Yes 250 Envelopes A2
Majestic,Silk,4.25 x 11,Vertical,Rectangle,16PT C2S,No Coating,Silk,n/a,4/4,500,Score in Half,No Gift Cards Slits,Yes 250 Envelopes A2
Majestic,Silk,5.5 x 8.5,Horizontal,Rectangle,16PT C2S,No Coating,Silk,n/a,4/0,1000,Score in Half,No Gift Cards Slits,Yes 250 Envelopes A2
Majestic,Silk,5.5 x 8.5,Vertical,Rectangle,16PT C2S,No Coating,Silk,n/a,4/0,1000,Score in Half,No Gift Cards Slits,Yes 250 Envelopes A2
Majestic,Silk,4.25 x 11,Vertical,Rectangle,16PT C2S,No Coating,Silk,n/a,4/0,1000,Score in Half,No Gift Cards Slits,Yes 250 Envelopes A2
Majestic,Silk,5.5 x 8.5,Horizontal,Rectangle,16PT C2S,No Coating,Silk,n/a,4/1,1000,Score in Half,No Gift Cards Slits,Yes 250 Envelopes A2
Majestic,Silk,4.25 x 11,Horizontal,Rectangle,16PT C2S,No Coating,Silk,n/a,4/1,1000,Score in Half,No Gift Cards Slits,Yes 250 Envelopes A2
Majestic,Silk,4.25 x 11,Vertical,Rectangle,16PT C2S,No Coating,Silk,n/a,4/1,1000,Score in Half,No Gift Cards Slits,Yes 250 Envelopes A2
Majestic,Silk,5.5 x 8.5,Vertical,Rectangle,16PT C2S,No Coating,Silk,n/a,4/4,50,Score in Half,No Gift Cards Slits,Yes 250 Envelopes A2
Majestic,Silk,5.5 x 8.5,Vertical,Rectangle,16PT C2S,No Coating,Silk,n/a,4/1,1000,Score in Half,No Gift Cards Slits,Yes 250 Envelopes A2
Majestic,Silk,4.25 x 11,Vertical,Rectangle,16PT C2S,No Coating,Silk,n/a,4/4,1000,Score in Half,No Gift Cards Slits,Yes 250 Envelopes A2
Majestic,Silk,5.5 x 8.5,Horizontal,Rectangle,16PT C2S,No Coating,Silk,n/a,4/4,1000,Score in Half,No Gift Cards Slits,Yes 250 Envelopes A2
Majestic,Silk,5.5 x 8.5,Vertical,Rectangle,16PT C2S,No Coating,Silk,n/a,4/4,1000,Score in Half,No Gift Cards Slits,Yes 250 Envelopes A2
Majestic,Silk,4.25 x 11,Vertical,Rectangle,16PT C2S,No Coating,Silk,n/a,4/0,2500,Score in Half,No Gift Cards Slits,Yes 250 Envelopes A2
Majestic,Silk,5.5 x 8.5,Horizontal,Rectangle,16PT C2S,No Coating,Silk,n/a,4/1,500,Score in Half,No Gift Cards Slits,Yes 250 Envelopes A2
Majestic,Silk,4.25 x 11,Horizontal,Rectangle,16PT C2S,No Coating,Silk,n/a,4/0,2500,Score in Half,No Gift Cards Slits,Yes 250 Envelopes A2
Majestic,Silk,5.5 x 8.5,Vertical,Rectangle,16PT C2S,No Coating,Silk,n/a,4/0,2500,Score in Half,No Gift Cards Slits,Yes 250 Envelopes A2
Majestic,Silk,5.5 x 8.5,Horizontal,Rectangle,16PT C2S,No Coating,Silk,n/a,4/1,2500,Score in Half,No Gift Cards Slits,Yes 250 Envelopes A2
Majestic,Silk,4.25 x 11,Horizontal,Rectangle,16PT C2S,No Coating,Silk,n/a,4/1,2500,Score in Half,No Gift Cards Slits,Yes 250 Envelopes A2
Majestic,Silk,4.25 x 11,Vertical,Rectangle,16PT C2S,No Coating,Silk,n/a,4/1,2500,Score in Half,No Gift Cards Slits,Yes 250 Envelopes A2
Majestic,Silk,5.5 x 8.5,Vertical,Rectangle,16PT C2S,No Coating,Silk,n/a,4/1,2500,Score in Half,No Gift Cards Slits,Yes 250 Envelopes A2
Majestic,Silk,5.5 x 8.5,Horizontal,Rectangle,16PT C2S,No Coating,Silk,n/a,4/4,2500,Score in Half,No Gift Cards Slits,Yes 250 Envelopes A2
Majestic,Silk,4.25 x 11,Vertical,Rectangle,16PT C2S,No Coating,Silk,n/a,4/4,2500,Score in Half,No Gift Cards Slits,Yes 250 Envelopes A2
Majestic,Silk,5.5 x 8.5,Vertical,Rectangle,16PT C2S,No Coating,Silk,n/a,4/4,2500,Score in Half,No Gift Cards Slits,Yes 250 Envelopes A2
Majestic,Silk,4.25 x 11,Horizontal,Rectangle,16PT C2S,No Coating,Silk,n/a,4/4,2500,Score in Half,No Gift Cards Slits,Yes 250 Envelopes A2
Majestic,Silk,4.25 x 11,Horizontal,Rectangle,16PT C2S,No Coating,Silk,n/a,4/0,5000,Score in Half,No Gift Cards Slits,Yes 250 Envelopes A2
Majestic,Silk,5.5 x 8.5,Horizontal,Rectangle,16PT C2S,No Coating,Silk,n/a,4/0,2500,Score in Half,No Gift Cards Slits,Yes 250 Envelopes A2
Majestic,Silk,5.5 x 8.5,Horizontal,Rectangle,16PT C2S,No Coating,Silk,n/a,4/0,5000,Score in Half,No Gift Cards Slits,Yes 250 Envelopes A2
Majestic,Silk,5.5 x 8.5,Horizontal,Rectangle,16PT C2S,No Coating,Silk,n/a,4/0,500,Score in Half,No Gift Cards Slits,Yes 250 Envelopes A2
Majestic,Silk,5.5 x 8.5,Vertical,Rectangle,16PT C2S,No Coating,Silk,n/a,4/0,5000,Score in Half,No Gift Cards Slits,Yes 250 Envelopes A2
Majestic,Silk,5.5 x 8.5,Horizontal,Rectangle,16PT C2S,No Coating,Silk,n/a,4/1,5000,Score in Half,No Gift Cards Slits,Yes 250 Envelopes A2
Majestic,Silk,4.25 x 11,Horizontal,Rectangle,16PT C2S,No Coating,Silk,n/a,4/1,5000,Score in Half,No Gift Cards Slits,Yes 250 Envelopes A2
Majestic,Silk,5.5 x 8.5,Vertical,Rectangle,16PT C2S,No Coating,Silk,n/a,4/1,5000,Score in Half,No Gift Cards Slits,Yes 250 Envelopes A2
Majestic,Silk,5.5 x 8.5,Horizontal,Rectangle,16PT C2S,No Coating,Silk,n/a,4/4,5000,Score in Half,No Gift Cards Slits,Yes 250 Envelopes A2
Majestic,Silk,4.25 x 11,Horizontal,Rectangle,16PT C2S,No Coating,Silk,n/a,4/4,5000,Score in Half,No Gift Cards Slits,Yes 250 Envelopes A2
Majestic,Silk,4.25 x 11,Vertical,Rectangle,16PT C2S,No Coating,Silk,n/a,4/4,5000,Score in Half,No Gift Cards Slits,Yes 250 Envelopes A2
Majestic,Silk,5.5 x 8.5,Vertical,Rectangle,16PT C2S,No Coating,Silk,n/a,4/4,5000,Score in Half,No Gift Cards Slits,Yes 250 Envelopes A2
Majestic,Silk,4.25 x 11,Horizontal,Rectangle,16PT C2S,No Coating,Silk,n/a,4/0,10000,Score in Half,No Gift Cards Slits,Yes 250 Envelopes A2
Majestic,Silk,5.5 x 8.5,Horizontal,Rectangle,16PT C2S,No Coating,Silk,n/a,4/0,10000,Score in Half,No Gift Cards Slits,Yes 250 Envelopes A2
Majestic,Silk,4.25 x 11,Vertical,Rectangle,16PT C2S,No Coating,Silk,n/a,4/0,10000,Score in Half,No Gift Cards Slits,Yes 250 Envelopes A2
Majestic,Silk,5.5 x 8.5,Vertical,Rectangle,16PT C2S,No Coating,Silk,n/a,4/0,10000,Score in Half,No Gift Cards Slits,Yes 250 Envelopes A2
Majestic,Silk,4.25 x 11,Horizontal,Rectangle,16PT C2S,No Coating,Silk,n/a,4/1,10000,Score in Half,No Gift Cards Slits,Yes 250 Envelopes A2
Majestic,Silk,5.5 x 8.5,Horizontal,Rectangle,16PT C2S,No Coating,Silk,n/a,4/1,10000,Score in Half,No Gift Cards Slits,Yes 250 Envelopes A2
Majestic,Silk,4.25 x 11,Vertical,Rectangle,16PT C2S,No Coating,Silk,n/a,4/1,10000,Score in Half,No Gift Cards Slits,Yes 250 Envelopes A2
Majestic,Silk,5.5 x 8.5,Vertical,Rectangle,16PT C2S,No Coating,Silk,n/a,4/1,10000,Score in Half,No Gift Cards Slits,Yes 250 Envelopes A2
Majestic,Silk,4.25 x 11,Horizontal,Rectangle,16PT C2S,No Coating,Silk,n/a,4/4,10000,Score in Half,No Gift Cards Slits,Yes 250 Envelopes A2
Majestic,Silk,4.25 x 11,Vertical,Rectangle,16PT C2S,No Coating,Silk,n/a,4/1,5000,Score in Half,No Gift Cards Slits,Yes 250 Envelopes A2
Majestic,Silk,4.25 x 11,Vertical,Rectangle,16PT C2S,No Coating,Silk,n/a,4/4,10000,Score in Half,No Gift Cards Slits,Yes 250 Envelopes A2
Majestic,Silk,5.5 x 8.5,Vertical,Rectangle,16PT C2S,No Coating,Silk,n/a,4/4,10000,Score in Half,No Gift Cards Slits,Yes 250 Envelopes A2
Majestic,Silk,4.25 x 11,Horizontal,Rectangle,16PT C2S,No Coating,Silk,n/a,4/0,25,Score in Half,Slide Slits Bottom Panel,Yes 250 Envelopes A2
Majestic,Silk,5.5 x 8.5,Horizontal,Rectangle,16PT C2S,No Coating,Silk,n/a,4/0,25,Score in Half,Slide Slits Bottom Panel,Yes 250 Envelopes A2
Majestic,Silk,4.25 x 11,Vertical,Rectangle,16PT C2S,No Coating,Silk,n/a,4/0,25,Score in Half,Slide Slits Bottom Panel,Yes 250 Envelopes A2
Majestic,Silk,5.5 x 8.5,Vertical,Rectangle,16PT C2S,No Coating,Silk,n/a,4/0,25,Score in Half,Slide Slits Bottom Panel,Yes 250 Envelopes A2
Majestic,Silk,4.25 x 11,Horizontal,Rectangle,16PT C2S,No Coating,Silk,n/a,4/1,25,Score in Half,Slide Slits Bottom Panel,Yes 250 Envelopes A2
Majestic,Silk,5.5 x 8.5,Horizontal,Rectangle,16PT C2S,No Coating,Silk,n/a,4/1,25,Score in Half,Slide Slits Bottom Panel,Yes 250 Envelopes A2
Majestic,Silk,4.25 x 11,Vertical,Rectangle,16PT C2S,No Coating,Silk,n/a,4/1,25,Score in Half,Slide Slits Bottom Panel,Yes 250 Envelopes A2
Majestic,Silk,5.5 x 8.5,Vertical,Rectangle,16PT C2S,No Coating,Silk,n/a,4/1,25,Score in Half,Slide Slits Bottom Panel,Yes 250 Envelopes A2
Majestic,Silk,4.25 x 11,Horizontal,Rectangle,16PT C2S,No Coating,Silk,n/a,4/4,25,Score in Half,Slide Slits Bottom Panel,Yes 250 Envelopes A2
Majestic,Silk,4.25 x 11,Horizontal,Rectangle,16PT C2S,No Coating,Silk,n/a,4/4,1000,Score in Half,No Gift Cards Slits,Yes 250 Envelopes A2
Majestic,Silk,4.25 x 11,Vertical,Rectangle,16PT C2S,No Coating,Silk,n/a,4/4,25,Score in Half,Slide Slits Bottom Panel,Yes 250 Envelopes A2
Majestic,Silk,5.5 x 8.5,Vertical,Rectangle,16PT C2S,No Coating,Silk,n/a,4/4,25,Score in Half,Slide Slits Bottom Panel,Yes 250 Envelopes A2
Majestic,Silk,4.25 x 11,Horizontal,Rectangle,16PT C2S,No Coating,Silk,n/a,4/0,50,Score in Half,Slide Slits Bottom Panel,Yes 250 Envelopes A2
Majestic,Silk,5.5 x 8.5,Horizontal,Rectangle,16PT C2S,No Coating,Silk,n/a,4/0,50,Score in Half,Slide Slits Bottom Panel,Yes 250 Envelopes A2
Majestic,Silk,5.5 x 8.5,Horizontal,Rectangle,16PT C2S,No Coating,Silk,n/a,4/4,25,Score in Half,Slide Slits Bottom Panel,Yes 250 Envelopes A2
Majestic,Silk,5.5 x 8.5,Vertical,Rectangle,16PT C2S,No Coating,Silk,n/a,4/0,50,Score in Half,Slide Slits Bottom Panel,Yes 250 Envelopes A2
Majestic,Silk,4.25 x 11,Horizontal,Rectangle,16PT C2S,No Coating,Silk,n/a,4/1,50,Score in Half,Slide Slits Bottom Panel,Yes 250 Envelopes A2
Majestic,Silk,5.5 x 8.5,Horizontal,Rectangle,16PT C2S,No Coating,Silk,n/a,4/1,50,Score in Half,Slide Slits Bottom Panel,Yes 250 Envelopes A2
Majestic,Silk,4.25 x 11,Vertical,Rectangle,16PT C2S,No Coating,Silk,n/a,4/1,50,Score in Half,Slide Slits Bottom Panel,Yes 250 Envelopes A2
Majestic,Silk,5.5 x 8.5,Vertical,Rectangle,16PT C2S,No Coating,Silk,n/a,4/1,50,Score in Half,Slide Slits Bottom Panel,Yes 250 Envelopes A2
Majestic,Silk,4.25 x 11,Horizontal,Rectangle,16PT C2S,No Coating,Silk,n/a,4/4,50,Score in Half,Slide Slits Bottom Panel,Yes 250 Envelopes A2
Majestic,Silk,5.5 x 8.5,Horizontal,Rectangle,16PT C2S,No Coating,Silk,n/a,4/4,50,Score in Half,Slide Slits Bottom Panel,Yes 250 Envelopes A2
Majestic,Silk,4.25 x 11,Vertical,Rectangle,16PT C2S,No Coating,Silk,n/a,4/4,50,Score in Half,Slide Slits Bottom Panel,Yes 250 Envelopes A2
Majestic,Silk,5.5 x 8.5,Vertical,Rectangle,16PT C2S,No Coating,Silk,n/a,4/4,50,Score in Half,Slide Slits Bottom Panel,Yes 250 Envelopes A2
Majestic,Silk,4.25 x 11,Horizontal,Rectangle,16PT C2S,No Coating,Silk,n/a,4/0,75,Score in Half,Slide Slits Bottom Panel,Yes 250 Envelopes A2
Majestic,Silk,5.5 x 8.5,Horizontal,Rectangle,16PT C2S,No Coating,Silk,n/a,4/0,75,Score in Half,Slide Slits Bottom Panel,Yes 250 Envelopes A2
Majestic,Silk,4.25 x 11,Vertical,Rectangle,16PT C2S,No Coating,Silk,n/a,4/0,75,Score in Half,Slide Slits Bottom Panel,Yes 250 Envelopes A2
Majestic,Silk,5.5 x 8.5,Vertical,Rectangle,16PT C2S,No Coating,Silk,n/a,4/0,75,Score in Half,Slide Slits Bottom Panel,Yes 250 Envelopes A2
Majestic,Silk,4.25 x 11,Horizontal,Rectangle,16PT C2S,No Coating,Silk,n/a,4/1,75,Score in Half,Slide Slits Bottom Panel,Yes 250 Envelopes A2
Majestic,Silk,5.5 x 8.5,Horizontal,Rectangle,16PT C2S,No Coating,Silk,n/a,4/1,75,Score in Half,Slide Slits Bottom Panel,Yes 250 Envelopes A2
Majestic,Silk,4.25 x 11,Vertical,Rectangle,16PT C2S,No Coating,Silk,n/a,4/1,75,Score in Half,Slide Slits Bottom Panel,Yes 250 Envelopes A2
Majestic,Silk,5.5 x 8.5,Vertical,Rectangle,16PT C2S,No Coating,Silk,n/a,4/1,75,Score in Half,Slide Slits Bottom Panel,Yes 250 Envelopes A2
Majestic,Silk,4.25 x 11,Horizontal,Rectangle,16PT C2S,No Coating,Silk,n/a,4/4,75,Score in Half,Slide Slits Bottom Panel,Yes 250 Envelopes A2
Majestic,Silk,5.5 x 8.5,Horizontal,Rectangle,16PT C2S,No Coating,Silk,n/a,4/4,75,Score in Half,Slide Slits Bottom Panel,Yes 250 Envelopes A2
Majestic,Silk,4.25 x 11,Vertical,Rectangle,16PT C2S,No Coating,Silk,n/a,4/4,75,Score in Half,Slide Slits Bottom Panel,Yes 250 Envelopes A2
Majestic,Silk,5.5 x 8.5,Vertical,Rectangle,16PT C2S,No Coating,Silk,n/a,4/4,75,Score in Half,Slide Slits Bottom Panel,Yes 250 Envelopes A2
Majestic,Silk,4.25 x 11,Horizontal,Rectangle,16PT C2S,No Coating,Silk,n/a,4/0,100,Score in Half,Slide Slits Bottom Panel,Yes 250 Envelopes A2
Majestic,Silk,5.5 x 8.5,Horizontal,Rectangle,16PT C2S,No Coating,Silk,n/a,4/0,100,Score in Half,Slide Slits Bottom Panel,Yes 250 Envelopes A2
Majestic,Silk,4.25 x 11,Vertical,Rectangle,16PT C2S,No Coating,Silk,n/a,4/0,100,Score in Half,Slide Slits Bottom Panel,Yes 250 Envelopes A2
Majestic,Silk,5.5 x 8.5,Vertical,Rectangle,16PT C2S,No Coating,Silk,n/a,4/0,100,Score in Half,Slide Slits Bottom Panel,Yes 250 Envelopes A2
Majestic,Silk,4.25 x 11,Horizontal,Rectangle,16PT C2S,No Coating,Silk,n/a,4/1,100,Score in Half,Slide Slits Bottom Panel,Yes 250 Envelopes A2
Majestic,Silk,5.5 x 8.5,Horizontal,Rectangle,16PT C2S,No Coating,Silk,n/a,4/1,100,Score in Half,Slide Slits Bottom Panel,Yes 250 Envelopes A2
Majestic,Silk,4.25 x 11,Vertical,Rectangle,16PT C2S,No Coating,Silk,n/a,4/1,100,Score in Half,Slide Slits Bottom Panel,Yes 250 Envelopes A2
Majestic,Silk,5.5 x 8.5,Vertical,Rectangle,16PT C2S,No Coating,Silk,n/a,4/1,100,Score in Half,Slide Slits Bottom Panel,Yes 250 Envelopes A2
Majestic,Silk,5.5 x 8.5,Horizontal,Rectangle,16PT C2S,No Coating,Silk,n/a,4/4,10000,Score in Half,No Gift Cards Slits,Yes 250 Envelopes A2
Majestic,Silk,4.25 x 11,Horizontal,Rectangle,16PT C2S,No Coating,Silk,n/a,4/4,100,Score in Half,Slide Slits Bottom Panel,Yes 250 Envelopes A2
Majestic,Silk,4.25 x 11,Vertical,Rectangle,16PT C2S,No Coating,Silk,n/a,4/4,100,Score in Half,Slide Slits Bottom Panel,Yes 250 Envelopes A2
Majestic,Silk,4.25 x 11,Vertical,Rectangle,16PT C2S,No Coating,Silk,n/a,4/0,5000,Score in Half,No Gift Cards Slits,Yes 250 Envelopes A2
Majestic,Silk,4.25 x 11,Horizontal,Rectangle,16PT C2S,No Coating,Silk,n/a,4/0,250,Score in Half,Slide Slits Bottom Panel,Yes 250 Envelopes A2
Majestic,Silk,5.5 x 8.5,Horizontal,Rectangle,16PT C2S,No Coating,Silk,n/a,4/0,250,Score in Half,Slide Slits Bottom Panel,Yes 250 Envelopes A2
Majestic,Silk,5.5 x 8.5,Horizontal,Rectangle,16PT C2S,No Coating,Silk,n/a,4/4,100,Score in Half,Slide Slits Bottom Panel,Yes 250 Envelopes A2
Majestic,Silk,5.5 x 8.5,Vertical,Rectangle,16PT C2S,No Coating,Silk,n/a,4/0,250,Score in Half,Slide Slits Bottom Panel,Yes 250 Envelopes A2
Majestic,Silk,4.25 x 11,Horizontal,Rectangle,16PT C2S,No Coating,Silk,n/a,4/1,250,Score in Half,Slide Slits Bottom Panel,Yes 250 Envelopes A2
Majestic,Silk,4.25 x 11,Vertical,Rectangle,16PT C2S,No Coating,Silk,n/a,4/0,50,Score in Half,Slide Slits Bottom Panel,Yes 250 Envelopes A2
Majestic,Silk,4.25 x 11,Vertical,Rectangle,16PT C2S,No Coating,Silk,n/a,4/1,250,Score in Half,Slide Slits Bottom Panel,Yes 250 Envelopes A2
Majestic,Silk,5.5 x 8.5,Vertical,Rectangle,16PT C2S,No Coating,Silk,n/a,4/1,250,Score in Half,Slide Slits Bottom Panel,Yes 250 Envelopes A2
Majestic,Silk,4.25 x 11,Horizontal,Rectangle,16PT C2S,No Coating,Silk,n/a,4/4,250,Score in Half,Slide Slits Bottom Panel,Yes 250 Envelopes A2
Majestic,Silk,5.5 x 8.5,Horizontal,Rectangle,16PT C2S,No Coating,Silk,n/a,4/4,250,Score in Half,Slide Slits Bottom Panel,Yes 250 Envelopes A2
Majestic,Silk,4.25 x 11,Vertical,Rectangle,16PT C2S,No Coating,Silk,n/a,4/4,250,Score in Half,Slide Slits Bottom Panel,Yes 250 Envelopes A2
Majestic,Silk,5.5 x 8.5,Vertical,Rectangle,16PT C2S,No Coating,Silk,n/a,4/4,250,Score in Half,Slide Slits Bottom Panel,Yes 250 Envelopes A2
Majestic,Silk,4.25 x 11,Horizontal,Rectangle,16PT C2S,No Coating,Silk,n/a,4/0,500,Score in Half,Slide Slits Bottom Panel,Yes 250 Envelopes A2
Majestic,Silk,5.5 x 8.5,Horizontal,Rectangle,16PT C2S,No Coating,Silk,n/a,4/0,500,Score in Half,Slide Slits Bottom Panel,Yes 250 Envelopes A2
Majestic,Silk,4.25 x 11,Vertical,Rectangle,16PT C2S,No Coating,Silk,n/a,4/0,500,Score in Half,Slide Slits Bottom Panel,Yes 250 Envelopes A2
Majestic,Silk,5.5 x 8.5,Vertical,Rectangle,16PT C2S,No Coating,Silk,n/a,4/0,500,Score in Half,Slide Slits Bottom Panel,Yes 250 Envelopes A2
Majestic,Silk,4.25 x 11,Horizontal,Rectangle,16PT C2S,No Coating,Silk,n/a,4/1,500,Score in Half,Slide Slits Bottom Panel,Yes 250 Envelopes A2
Majestic,Silk,5.5 x 8.5,Horizontal,Rectangle,16PT C2S,No Coating,Silk,n/a,4/1,250,Score in Half,Slide Slits Bottom Panel,Yes 250 Envelopes A2
Majestic,Silk,4.25 x 11,Vertical,Rectangle,16PT C2S,No Coating,Silk,n/a,4/1,500,Score in Half,Slide Slits Bottom Panel,Yes 250 Envelopes A2
Majestic,Silk,5.5 x 8.5,Vertical,Rectangle,16PT C2S,No Coating,Silk,n/a,4/1,500,Score in Half,Slide Slits Bottom Panel,Yes 250 Envelopes A2
Majestic,Silk,4.25 x 11,Horizontal,Rectangle,16PT C2S,No Coating,Silk,n/a,4/4,500,Score in Half,Slide Slits Bottom Panel,Yes 250 Envelopes A2
Majestic,Silk,5.5 x 8.5,Horizontal,Rectangle,16PT C2S,No Coating,Silk,n/a,4/4,500,Score in Half,Slide Slits Bottom Panel,Yes 250 Envelopes A2
Majestic,Silk,4.25 x 11,Vertical,Rectangle,16PT C2S,No Coating,Silk,n/a,4/4,500,Score in Half,Slide Slits Bottom Panel,Yes 250 Envelopes A2
Majestic,Silk,5.5 x 8.5,Vertical,Rectangle,16PT C2S,No Coating,Silk,n/a,4/4,500,Score in Half,Slide Slits Bottom Panel,Yes 250 Envelopes A2
Majestic,Silk,4.25 x 11,Horizontal,Rectangle,16PT C2S,No Coating,Silk,n/a,4/0,1000,Score in Half,Slide Slits Bottom Panel,Yes 250 Envelopes A2
Majestic,Silk,5.5 x 8.5,Horizontal,Rectangle,16PT C2S,No Coating,Silk,n/a,4/0,1000,Score in Half,Slide Slits Bottom Panel,Yes 250 Envelopes A2
Majestic,Silk,4.25 x 11,Vertical,Rectangle,16PT C2S,No Coating,Silk,n/a,4/0,1000,Score in Half,Slide Slits Bottom Panel,Yes 250 Envelopes A2
Majestic,Silk,5.5 x 8.5,Vertical,Rectangle,16PT C2S,No Coating,Silk,n/a,4/0,1000,Score in Half,Slide Slits Bottom Panel,Yes 250 Envelopes A2
Majestic,Silk,4.25 x 11,Horizontal,Rectangle,16PT C2S,No Coating,Silk,n/a,4/1,1000,Score in Half,Slide Slits Bottom Panel,Yes 250 Envelopes A2
Majestic,Silk,5.5 x 8.5,Horizontal,Rectangle,16PT C2S,No Coating,Silk,n/a,4/1,1000,Score in Half,Slide Slits Bottom Panel,Yes 250 Envelopes A2
Majestic,Silk,4.25 x 11,Vertical,Rectangle,16PT C2S,No Coating,Silk,n/a,4/1,1000,Score in Half,Slide Slits Bottom Panel,Yes 250 Envelopes A2
Majestic,Silk,5.5 x 8.5,Vertical,Rectangle,16PT C2S,No Coating,Silk,n/a,4/1,1000,Score in Half,Slide Slits Bottom Panel,Yes 250 Envelopes A2
Majestic,Silk,4.25 x 11,Horizontal,Rectangle,16PT C2S,No Coating,Silk,n/a,4/4,1000,Score in Half,Slide Slits Bottom Panel,Yes 250 Envelopes A2
Majestic,Silk,4.25 x 11,Vertical,Rectangle,16PT C2S,No Coating,Silk,n/a,4/0,250,Score in Half,Slide Slits Bottom Panel,Yes 250 Envelopes A2
Majestic,Silk,4.25 x 11,Horizontal,Rectangle,16PT C2S,No Coating,Silk,n/a,4/0,2500,Score in Half,Slide Slits Bottom Panel,Yes 250 Envelopes A2
Majestic,Silk,5.5 x 8.5,Vertical,Rectangle,16PT C2S,No Coating,Silk,n/a,4/4,1000,Score in Half,Slide Slits Bottom Panel,Yes 250 Envelopes A2
Majestic,Silk,5.5 x 8.5,Vertical,Rectangle,16PT C2S,No Coating,Silk,n/a,4/4,100,Score in Half,Slide Slits Bottom Panel,Yes 250 Envelopes A2
Majestic,Silk,5.5 x 8.5,Horizontal,Rectangle,16PT C2S,No Coating,Silk,n/a,4/0,2500,Score in Half,Slide Slits Bottom Panel,Yes 250 Envelopes A2
Majestic,Silk,4.25 x 11,Vertical,Rectangle,16PT C2S,No Coating,Silk,n/a,4/0,2500,Score in Half,Slide Slits Bottom Panel,Yes 250 Envelopes A2
Majestic,Silk,5.5 x 8.5,Vertical,Rectangle,16PT C2S,No Coating,Silk,n/a,4/0,2500,Score in Half,Slide Slits Bottom Panel,Yes 250 Envelopes A2
Majestic,Silk,5.5 x 8.5,Horizontal,Rectangle,16PT C2S,No Coating,Silk,n/a,4/1,500,Score in Half,Slide Slits Bottom Panel,Yes 250 Envelopes A2
Majestic,Silk,4.25 x 11,Horizontal,Rectangle,16PT C2S,No Coating,Silk,n/a,4/1,2500,Score in Half,Slide Slits Bottom Panel,Yes 250 Envelopes A2
Majestic,Silk,4.25 x 11,Vertical,Rectangle,16PT C2S,No Coating,Silk,n/a,4/1,2500,Score in Half,Slide Slits Bottom Panel,Yes 250 Envelopes A2
Majestic,Silk,4.25 x 11,Horizontal,Rectangle,16PT C2S,No Coating,Silk,n/a,4/4,2500,Score in Half,Slide Slits Bottom Panel,Yes 250 Envelopes A2
Majestic,Silk,5.5 x 8.5,Horizontal,Rectangle,16PT C2S,No Coating,Silk,n/a,4/4,2500,Score in Half,Slide Slits Bottom Panel,Yes 250 Envelopes A2
Majestic,Silk,4.25 x 11,Vertical,Rectangle,16PT C2S,No Coating,Silk,n/a,4/4,1000,Score in Half,Slide Slits Bottom Panel,Yes 250 Envelopes A2
Majestic,Silk,4.25 x 11,Vertical,Rectangle,16PT C2S,No Coating,Silk,n/a,4/4,2500,Score in Half,Slide Slits Bottom Panel,Yes 250 Envelopes A2
Majestic,Silk,5.5 x 8.5,Vertical,Rectangle,16PT C2S,No Coating,Silk,n/a,4/4,2500,Score in Half,Slide Slits Bottom Panel,Yes 250 Envelopes A2
Majestic,Silk,5.5 x 8.5,Vertical,Rectangle,16PT C2S,No Coating,Silk,n/a,4/1,2500,Score in Half,Slide Slits Bottom Panel,Yes 250 Envelopes A2
Majestic,Silk,5.5 x 8.5,Horizontal,Rectangle,16PT C2S,No Coating,Silk,n/a,4/0,5000,Score in Half,Slide Slits Bottom Panel,Yes 250 Envelopes A2
Majestic,Silk,4.25 x 11,Vertical,Rectangle,16PT C2S,No Coating,Silk,n/a,4/0,5000,Score in Half,Slide Slits Bottom Panel,Yes 250 Envelopes A2
Majestic,Silk,5.5 x 8.5,Vertical,Rectangle,16PT C2S,No Coating,Silk,n/a,4/0,5000,Score in Half,Slide Slits Bottom Panel,Yes 250 Envelopes A2
Majestic,Silk,4.25 x 11,Horizontal,Rectangle,16PT C2S,No Coating,Silk,n/a,4/1,5000,Score in Half,Slide Slits Bottom Panel,Yes 250 Envelopes A2
Majestic,Silk,5.5 x 8.5,Horizontal,Rectangle,16PT C2S,No Coating,Silk,n/a,4/1,5000,Score in Half,Slide Slits Bottom Panel,Yes 250 Envelopes A2
Majestic,Silk,4.25 x 11,Vertical,Rectangle,16PT C2S,No Coating,Silk,n/a,4/1,5000,Score in Half,Slide Slits Bottom Panel,Yes 250 Envelopes A2
Majestic,Silk,5.5 x 8.5,Vertical,Rectangle,16PT C2S,No Coating,Silk,n/a,4/1,5000,Score in Half,Slide Slits Bottom Panel,Yes 250 Envelopes A2
Majestic,Silk,4.25 x 11,Horizontal,Rectangle,16PT C2S,No Coating,Silk,n/a,4/4,5000,Score in Half,Slide Slits Bottom Panel,Yes 250 Envelopes A2
Majestic,Silk,5.5 x 8.5,Horizontal,Rectangle,16PT C2S,No Coating,Silk,n/a,4/4,5000,Score in Half,Slide Slits Bottom Panel,Yes 250 Envelopes A2
Majestic,Silk,4.25 x 11,Vertical,Rectangle,16PT C2S,No Coating,Silk,n/a,4/4,5000,Score in Half,Slide Slits Bottom Panel,Yes 250 Envelopes A2
Majestic,Silk,5.5 x 8.5,Vertical,Rectangle,16PT C2S,No Coating,Silk,n/a,4/4,5000,Score in Half,Slide Slits Bottom Panel,Yes 250 Envelopes A2
Majestic,Silk,4.25 x 11,Horizontal,Rectangle,16PT C2S,No Coating,Silk,n/a,4/0,5000,Score in Half,Slide Slits Bottom Panel,Yes 250 Envelopes A2
Majestic,Silk,5.5 x 8.5,Horizontal,Rectangle,16PT C2S,No Coating,Silk,n/a,4/0,10000,Score in Half,Slide Slits Bottom Panel,Yes 250 Envelopes A2
Majestic,Silk,4.25 x 11,Horizontal,Rectangle,16PT C2S,No Coating,Silk,n/a,4/0,10000,Score in Half,Slide Slits Bottom Panel,Yes 250 Envelopes A2
Majestic,Silk,5.5 x 8.5,Vertical,Rectangle,16PT C2S,No Coating,Silk,n/a,4/0,10000,Score in Half,Slide Slits Bottom Panel,Yes 250 Envelopes A2
Majestic,Silk,4.25 x 11,Horizontal,Rectangle,16PT C2S,No Coating,Silk,n/a,4/1,10000,Score in Half,Slide Slits Bottom Panel,Yes 250 Envelopes A2
Majestic,Silk,5.5 x 8.5,Horizontal,Rectangle,16PT C2S,No Coating,Silk,n/a,4/1,10000,Score in Half,Slide Slits Bottom Panel,Yes 250 Envelopes A2
Majestic,Silk,4.25 x 11,Vertical,Rectangle,16PT C2S,No Coating,Silk,n/a,4/1,10000,Score in Half,Slide Slits Bottom Panel,Yes 250 Envelopes A2
Majestic,Silk,5.5 x 8.5,Vertical,Rectangle,16PT C2S,No Coating,Silk,n/a,4/1,10000,Score in Half,Slide Slits Bottom Panel,Yes 250 Envelopes A2
Majestic,Silk,4.25 x 11,Horizontal,Rectangle,16PT C2S,No Coating,Silk,n/a,4/4,10000,Score in Half,Slide Slits Bottom Panel,Yes 250 Envelopes A2
Majestic,Silk,5.5 x 8.5,Horizontal,Rectangle,16PT C2S,No Coating,Silk,n/a,4/4,10000,Score in Half,Slide Slits Bottom Panel,Yes 250 Envelopes A2
Majestic,Silk,4.25 x 11,Vertical,Rectangle,16PT C2S,No Coating,Silk,n/a,4/4,10000,Score in Half,Slide Slits Bottom Panel,Yes 250 Envelopes A2
Majestic,Silk,4.25 x 11,Vertical,Rectangle,16PT C2S,No Coating,Silk,n/a,4/0,10000,Score in Half,Slide Slits Bottom Panel,Yes 250 Envelopes A2
Majestic,Silk,4.25 x 11,Horizontal,Rectangle,16PT C2S,No Coating,Silk,n/a,4/0,25,Score in Half,Slide Slits Right Panel,Yes 250 Envelopes A2
Majestic,Silk,5.5 x 8.5,Horizontal,Rectangle,16PT C2S,No Coating,Silk,n/a,4/0,25,Score in Half,Slide Slits Right Panel,Yes 250 Envelopes A2
Majestic,Silk,4.25 x 11,Vertical,Rectangle,16PT C2S,No Coating,Silk,n/a,4/0,25,Score in Half,Slide Slits Right Panel,Yes 250 Envelopes A2
Majestic,Silk,5.5 x 8.5,Vertical,Rectangle,16PT C2S,No Coating,Silk,n/a,4/0,25,Score in Half,Slide Slits Right Panel,Yes 250 Envelopes A2
Majestic,Silk,4.25 x 11,Horizontal,Rectangle,16PT C2S,No Coating,Silk,n/a,4/1,25,Score in Half,Slide Slits Right Panel,Yes 250 Envelopes A2
Majestic,Silk,5.5 x 8.5,Horizontal,Rectangle,16PT C2S,No Coating,Silk,n/a,4/1,25,Score in Half,Slide Slits Right Panel,Yes 250 Envelopes A2
Majestic,Silk,4.25 x 11,Vertical,Rectangle,16PT C2S,No Coating,Silk,n/a,4/1,25,Score in Half,Slide Slits Right Panel,Yes 250 Envelopes A2
Majestic,Silk,5.5 x 8.5,Vertical,Rectangle,16PT C2S,No Coating,Silk,n/a,4/1,25,Score in Half,Slide Slits Right Panel,Yes 250 Envelopes A2
Majestic,Silk,4.25 x 11,Horizontal,Rectangle,16PT C2S,No Coating,Silk,n/a,4/4,25,Score in Half,Slide Slits Right Panel,Yes 250 Envelopes A2
Majestic,Silk,5.5 x 8.5,Horizontal,Rectangle,16PT C2S,No Coating,Silk,n/a,4/4,25,Score in Half,Slide Slits Right Panel,Yes 250 Envelopes A2
Majestic,Silk,4.25 x 11,Vertical,Rectangle,16PT C2S,No Coating,Silk,n/a,4/4,25,Score in Half,Slide Slits Right Panel,Yes 250 Envelopes A2
Majestic,Silk,5.5 x 8.5,Vertical,Rectangle,16PT C2S,No Coating,Silk,n/a,4/4,25,Score in Half,Slide Slits Right Panel,Yes 250 Envelopes A2
Majestic,Silk,4.25 x 11,Horizontal,Rectangle,16PT C2S,No Coating,Silk,n/a,4/0,50,Score in Half,Slide Slits Right Panel,Yes 250 Envelopes A2
Majestic,Silk,5.5 x 8.5,Horizontal,Rectangle,16PT C2S,No Coating,Silk,n/a,4/0,50,Score in Half,Slide Slits Right Panel,Yes 250 Envelopes A2
Majestic,Silk,5.5 x 8.5,Horizontal,Rectangle,16PT C2S,No Coating,Silk,n/a,4/1,2500,Score in Half,Slide Slits Bottom Panel,Yes 250 Envelopes A2
Majestic,Silk,4.25 x 11,Vertical,Rectangle,16PT C2S,No Coating,Silk,n/a,4/0,50,Score in Half,Slide Slits Right Panel,Yes 250 Envelopes A2
Majestic,Silk,4.25 x 11,Horizontal,Rectangle,16PT C2S,No Coating,Silk,n/a,4/1,50,Score in Half,Slide Slits Right Panel,Yes 250 Envelopes A2
Majestic,Silk,5.5 x 8.5,Horizontal,Rectangle,16PT C2S,No Coating,Silk,n/a,4/1,50,Score in Half,Slide Slits Right Panel,Yes 250 Envelopes A2
Majestic,Silk,4.25 x 11,Vertical,Rectangle,16PT C2S,No Coating,Silk,n/a,4/1,50,Score in Half,Slide Slits Right Panel,Yes 250 Envelopes A2
Majestic,Silk,5.5 x 8.5,Vertical,Rectangle,16PT C2S,No Coating,Silk,n/a,4/1,50,Score in Half,Slide Slits Right Panel,Yes 250 Envelopes A2
Majestic,Silk,4.25 x 11,Horizontal,Rectangle,16PT C2S,No Coating,Silk,n/a,4/4,50,Score in Half,Slide Slits Right Panel,Yes 250 Envelopes A2
Majestic,Silk,5.5 x 8.5,Horizontal,Rectangle,16PT C2S,No Coating,Silk,n/a,4/4,50,Score in Half,Slide Slits Right Panel,Yes 250 Envelopes A2
Majestic,Silk,4.25 x 11,Vertical,Rectangle,16PT C2S,No Coating,Silk,n/a,4/4,50,Score in Half,Slide Slits Right Panel,Yes 250 Envelopes A2
Majestic,Silk,5.5 x 8.5,Vertical,Rectangle,16PT C2S,No Coating,Silk,n/a,4/4,50,Score in Half,Slide Slits Right Panel,Yes 250 Envelopes A2
Majestic,Silk,4.25 x 11,Horizontal,Rectangle,16PT C2S,No Coating,Silk,n/a,4/0,75,Score in Half,Slide Slits Right Panel,Yes 250 Envelopes A2
Majestic,Silk,5.5 x 8.5,Horizontal,Rectangle,16PT C2S,No Coating,Silk,n/a,4/0,75,Score in Half,Slide Slits Right Panel,Yes 250 Envelopes A2
Majestic,Silk,4.25 x 11,Vertical,Rectangle,16PT C2S,No Coating,Silk,n/a,4/0,75,Score in Half,Slide Slits Right Panel,Yes 250 Envelopes A2
Majestic,Silk,5.5 x 8.5,Vertical,Rectangle,16PT C2S,No Coating,Silk,n/a,4/0,75,Score in Half,Slide Slits Right Panel,Yes 250 Envelopes A2
Majestic,Silk,5.5 x 8.5,Vertical,Rectangle,16PT C2S,No Coating,Silk,n/a,4/0,50,Score in Half,Slide Slits Right Panel,Yes 250 Envelopes A2
Majestic,Silk,5.5 x 8.5,Horizontal,Rectangle,16PT C2S,No Coating,Silk,n/a,4/1,75,Score in Half,Slide Slits Right Panel,Yes 250 Envelopes A2
Majestic,Silk,4.25 x 11,Vertical,Rectangle,16PT C2S,No Coating,Silk,n/a,4/1,75,Score in Half,Slide Slits Right Panel,Yes 250 Envelopes A2
Majestic,Silk,5.5 x 8.5,Vertical,Rectangle,16PT C2S,No Coating,Silk,n/a,4/1,75,Score in Half,Slide Slits Right Panel,Yes 250 Envelopes A2
Majestic,Silk,4.25 x 11,Horizontal,Rectangle,16PT C2S,No Coating,Silk,n/a,4/4,75,Score in Half,Slide Slits Right Panel,Yes 250 Envelopes A2
Majestic,Silk,5.5 x 8.5,Horizontal,Rectangle,16PT C2S,No Coating,Silk,n/a,4/4,75,Score in Half,Slide Slits Right Panel,Yes 250 Envelopes A2
Majestic,Silk,4.25 x 11,Vertical,Rectangle,16PT C2S,No Coating,Silk,n/a,4/4,75,Score in Half,Slide Slits Right Panel,Yes 250 Envelopes A2
Majestic,Silk,5.5 x 8.5,Vertical,Rectangle,16PT C2S,No Coating,Silk,n/a,4/4,75,Score in Half,Slide Slits Right Panel,Yes 250 Envelopes A2
Majestic,Silk,4.25 x 11,Horizontal,Rectangle,16PT C2S,No Coating,Silk,n/a,4/0,100,Score in Half,Slide Slits Right Panel,Yes 250 Envelopes A2
Majestic,Silk,5.5 x 8.5,Horizontal,Rectangle,16PT C2S,No Coating,Silk,n/a,4/0,100,Score in Half,Slide Slits Right Panel,Yes 250 Envelopes A2
Majestic,Silk,4.25 x 11,Vertical,Rectangle,16PT C2S,No Coating,Silk,n/a,4/0,100,Score in Half,Slide Slits Right Panel,Yes 250 Envelopes A2
Majestic,Silk,5.5 x 8.5,Vertical,Rectangle,16PT C2S,No Coating,Silk,n/a,4/0,100,Score in Half,Slide Slits Right Panel,Yes 250 Envelopes A2
Majestic,Silk,4.25 x 11,Horizontal,Rectangle,16PT C2S,No Coating,Silk,n/a,4/1,100,Score in Half,Slide Slits Right Panel,Yes 250 Envelopes A2
Majestic,Silk,4.25 x 11,Horizontal,Rectangle,16PT C2S,No Coating,Silk,n/a,4/1,75,Score in Half,Slide Slits Right Panel,Yes 250 Envelopes A2
Majestic,Silk,4.25 x 11,Vertical,Rectangle,16PT C2S,No Coating,Silk,n/a,4/1,100,Score in Half,Slide Slits Right Panel,Yes 250 Envelopes A2
Majestic,Silk,5.5 x 8.5,Vertical,Rectangle,16PT C2S,No Coating,Silk,n/a,4/1,100,Score in Half,Slide Slits Right Panel,Yes 250 Envelopes A2
Majestic,Silk,4.25 x 11,Horizontal,Rectangle,16PT C2S,No Coating,Silk,n/a,4/4,100,Score in Half,Slide Slits Right Panel,Yes 250 Envelopes A2
Majestic,Silk,5.5 x 8.5,Horizontal,Rectangle,16PT C2S,No Coating,Silk,n/a,4/4,100,Score in Half,Slide Slits Right Panel,Yes 250 Envelopes A2
Majestic,Silk,4.25 x 11,Vertical,Rectangle,16PT C2S,No Coating,Silk,n/a,4/4,100,Score in Half,Slide Slits Right Panel,Yes 250 Envelopes A2
Majestic,Silk,5.5 x 8.5,Vertical,Rectangle,16PT C2S,No Coating,Silk,n/a,4/4,100,Score in Half,Slide Slits Right Panel,Yes 250 Envelopes A2
Majestic,Silk,4.25 x 11,Horizontal,Rectangle,16PT C2S,No Coating,Silk,n/a,4/0,250,Score in Half,Slide Slits Right Panel,Yes 250 Envelopes A2
Majestic,Silk,5.5 x 8.5,Horizontal,Rectangle,16PT C2S,No Coating,Silk,n/a,4/0,250,Score in Half,Slide Slits Right Panel,Yes 250 Envelopes A2
Majestic,Silk,4.25 x 11,Vertical,Rectangle,16PT C2S,No Coating,Silk,n/a,4/0,250,Score in Half,Slide Slits Right Panel,Yes 250 Envelopes A2
Majestic,Silk,5.5 x 8.5,Vertical,Rectangle,16PT C2S,No Coating,Silk,n/a,4/0,250,Score in Half,Slide Slits Right Panel,Yes 250 Envelopes A2
Majestic,Silk,4.25 x 11,Horizontal,Rectangle,16PT C2S,No Coating,Silk,n/a,4/1,250,Score in Half,Slide Slits Right Panel,Yes 250 Envelopes A2
Majestic,Silk,5.5 x 8.5,Horizontal,Rectangle,16PT C2S,No Coating,Silk,n/a,4/1,250,Score in Half,Slide Slits Right Panel,Yes 250 Envelopes A2
Majestic,Silk,4.25 x 11,Vertical,Rectangle,16PT C2S,No Coating,Silk,n/a,4/1,250,Score in Half,Slide Slits Right Panel,Yes 250 Envelopes A2
Majestic,Silk,5.5 x 8.5,Vertical,Rectangle,16PT C2S,No Coating,Silk,n/a,4/1,250,Score in Half,Slide Slits Right Panel,Yes 250 Envelopes A2
Majestic,Silk,4.25 x 11,Horizontal,Rectangle,16PT C2S,No Coating,Silk,n/a,4/4,250,Score in Half,Slide Slits Right Panel,Yes 250 Envelopes A2
Majestic,Silk,5.5 x 8.5,Horizontal,Rectangle,16PT C2S,No Coating,Silk,n/a,4/4,250,Score in Half,Slide Slits Right Panel,Yes 250 Envelopes A2
Majestic,Silk,4.25 x 11,Vertical,Rectangle,16PT C2S,No Coating,Silk,n/a,4/4,250,Score in Half,Slide Slits Right Panel,Yes 250 Envelopes A2
Majestic,Silk,5.5 x 8.5,Vertical,Rectangle,16PT C2S,No Coating,Silk,n/a,4/4,250,Score in Half,Slide Slits Right Panel,Yes 250 Envelopes A2
Majestic,Silk,4.25 x 11,Horizontal,Rectangle,16PT C2S,No Coating,Silk,n/a,4/0,500,Score in Half,Slide Slits Right Panel,Yes 250 Envelopes A2
Majestic,Silk,5.5 x 8.5,Horizontal,Rectangle,16PT C2S,No Coating,Silk,n/a,4/0,500,Score in Half,Slide Slits Right Panel,Yes 250 Envelopes A2
Majestic,Silk,4.25 x 11,Vertical,Rectangle,16PT C2S,No Coating,Silk,n/a,4/0,500,Score in Half,Slide Slits Right Panel,Yes 250 Envelopes A2
Majestic,Silk,5.5 x 8.5,Vertical,Rectangle,16PT C2S,No Coating,Silk,n/a,4/0,500,Score in Half,Slide Slits Right Panel,Yes 250 Envelopes A2
Majestic,Silk,5.5 x 8.5,Horizontal,Rectangle,16PT C2S,No Coating,Silk,n/a,4/1,500,Score in Half,Slide Slits Right Panel,Yes 250 Envelopes A2
Majestic,Silk,4.25 x 11,Vertical,Rectangle,16PT C2S,No Coating,Silk,n/a,4/1,500,Score in Half,Slide Slits Right Panel,Yes 250 Envelopes A2
Majestic,Silk,4.25 x 11,Horizontal,Rectangle,16PT C2S,No Coating,Silk,n/a,4/1,500,Score in Half,Slide Slits Right Panel,Yes 250 Envelopes A2
Majestic,Silk,5.5 x 8.5,Vertical,Rectangle,16PT C2S,No Coating,Silk,n/a,4/1,500,Score in Half,Slide Slits Right Panel,Yes 250 Envelopes A2
Majestic,Silk,4.25 x 11,Horizontal,Rectangle,16PT C2S,No Coating,Silk,n/a,4/4,500,Score in Half,Slide Slits Right Panel,Yes 250 Envelopes A2
Majestic,Silk,5.5 x 8.5,Horizontal,Rectangle,16PT C2S,No Coating,Silk,n/a,4/4,500,Score in Half,Slide Slits Right Panel,Yes 250 Envelopes A2
Majestic,Silk,4.25 x 11,Vertical,Rectangle,16PT C2S,No Coating,Silk,n/a,4/4,500,Score in Half,Slide Slits Right Panel,Yes 250 Envelopes A2
Majestic,Silk,5.5 x 8.5,Vertical,Rectangle,16PT C2S,No Coating,Silk,n/a,4/4,500,Score in Half,Slide Slits Right Panel,Yes 250 Envelopes A2
Majestic,Silk,4.25 x 11,Horizontal,Rectangle,16PT C2S,No Coating,Silk,n/a,4/0,1000,Score in Half,Slide Slits Right Panel,Yes 250 Envelopes A2
Majestic,Silk,5.5 x 8.5,Horizontal,Rectangle,16PT C2S,No Coating,Silk,n/a,4/0,1000,Score in Half,Slide Slits Right Panel,Yes 250 Envelopes A2
Majestic,Silk,4.25 x 11,Vertical,Rectangle,16PT C2S,No Coating,Silk,n/a,4/0,1000,Score in Half,Slide Slits Right Panel,Yes 250 Envelopes A2
Majestic,Silk,5.5 x 8.5,Vertical,Rectangle,16PT C2S,No Coating,Silk,n/a,4/0,1000,Score in Half,Slide Slits Right Panel,Yes 250 Envelopes A2
Majestic,Silk,4.25 x 11,Horizontal,Rectangle,16PT C2S,No Coating,Silk,n/a,4/1,1000,Score in Half,Slide Slits Right Panel,Yes 250 Envelopes A2
Majestic,Silk,5.5 x 8.5,Horizontal,Rectangle,16PT C2S,No Coating,Silk,n/a,4/1,1000,Score in Half,Slide Slits Right Panel,Yes 250 Envelopes A2
Majestic,Silk,4.25 x 11,Vertical,Rectangle,16PT C2S,No Coating,Silk,n/a,4/1,1000,Score in Half,Slide Slits Right Panel,Yes 250 Envelopes A2
Majestic,Silk,5.5 x 8.5,Vertical,Rectangle,16PT C2S,No Coating,Silk,n/a,4/1,1000,Score in Half,Slide Slits Right Panel,Yes 250 Envelopes A2
Majestic,Silk,4.25 x 11,Horizontal,Rectangle,16PT C2S,No Coating,Silk,n/a,4/4,1000,Score in Half,Slide Slits Right Panel,Yes 250 Envelopes A2
Majestic,Silk,5.5 x 8.5,Horizontal,Rectangle,16PT C2S,No Coating,Silk,n/a,4/4,1000,Score in Half,Slide Slits Right Panel,Yes 250 Envelopes A2
Majestic,Silk,4.25 x 11,Vertical,Rectangle,16PT C2S,No Coating,Silk,n/a,4/4,1000,Score in Half,Slide Slits Right Panel,Yes 250 Envelopes A2
Majestic,Silk,5.5 x 8.5,Vertical,Rectangle,16PT C2S,No Coating,Silk,n/a,4/4,1000,Score in Half,Slide Slits Right Panel,Yes 250 Envelopes A2
Majestic,Silk,4.25 x 11,Horizontal,Rectangle,16PT C2S,No Coating,Silk,n/a,4/0,2500,Score in Half,Slide Slits Right Panel,Yes 250 Envelopes A2
Majestic,Silk,5.5 x 8.5,Horizontal,Rectangle,16PT C2S,No Coating,Silk,n/a,4/0,2500,Score in Half,Slide Slits Right Panel,Yes 250 Envelopes A2
Majestic,Silk,4.25 x 11,Vertical,Rectangle,16PT C2S,No Coating,Silk,n/a,4/0,2500,Score in Half,Slide Slits Right Panel,Yes 250 Envelopes A2
Majestic,Silk,5.5 x 8.5,Vertical,Rectangle,16PT C2S,No Coating,Silk,n/a,4/0,2500,Score in Half,Slide Slits Right Panel,Yes 250 Envelopes A2
Majestic,Silk,4.25 x 11,Horizontal,Rectangle,16PT C2S,No Coating,Silk,n/a,4/1,2500,Score in Half,Slide Slits Right Panel,Yes 250 Envelopes A2
Majestic,Silk,5.5 x 8.5,Horizontal,Rectangle,16PT C2S,No Coating,Silk,n/a,4/1,2500,Score in Half,Slide Slits Right Panel,Yes 250 Envelopes A2
Majestic,Silk,4.25 x 11,Vertical,Rectangle,16PT C2S,No Coating,Silk,n/a,4/1,2500,Score in Half,Slide Slits Right Panel,Yes 250 Envelopes A2
Majestic,Silk,5.5 x 8.5,Vertical,Rectangle,16PT C2S,No Coating,Silk,n/a,4/1,2500,Score in Half,Slide Slits Right Panel,Yes 250 Envelopes A2
Majestic,Silk,5.5 x 8.5,Horizontal,Rectangle,16PT C2S,No Coating,Silk,n/a,4/4,1000,Score in Half,Slide Slits Bottom Panel,Yes 250 Envelopes A2
Majestic,Silk,5.5 x 8.5,Horizontal,Rectangle,16PT C2S,No Coating,Silk,n/a,4/4,2500,Score in Half,Slide Slits Right Panel,Yes 250 Envelopes A2
Majestic,Silk,4.25 x 11,Vertical,Rectangle,16PT C2S,No Coating,Silk,n/a,4/4,2500,Score in Half,Slide Slits Right Panel,Yes 250 Envelopes A2
Majestic,Silk,5.5 x 8.5,Vertical,Rectangle,16PT C2S,No Coating,Silk,n/a,4/4,2500,Score in Half,Slide Slits Right Panel,Yes 250 Envelopes A2
Majestic,Silk,4.25 x 11,Horizontal,Rectangle,16PT C2S,No Coating,Silk,n/a,4/0,5000,Score in Half,Slide Slits Right Panel,Yes 250 Envelopes A2
Majestic,Silk,5.5 x 8.5,Horizontal,Rectangle,16PT C2S,No Coating,Silk,n/a,4/0,5000,Score in Half,Slide Slits Right Panel,Yes 250 Envelopes A2
Majestic,Silk,4.25 x 11,Vertical,Rectangle,16PT C2S,No Coating,Silk,n/a,4/0,5000,Score in Half,Slide Slits Right Panel,Yes 250 Envelopes A2
Majestic,Silk,5.5 x 8.5,Vertical,Rectangle,16PT C2S,No Coating,Silk,n/a,4/4,10000,Score in Half,Slide Slits Bottom Panel,Yes 250 Envelopes A2
Majestic,Silk,4.25 x 11,Horizontal,Rectangle,16PT C2S,No Coating,Silk,n/a,4/1,5000,Score in Half,Slide Slits Right Panel,Yes 250 Envelopes A2
Majestic,Silk,5.5 x 8.5,Horizontal,Rectangle,16PT C2S,No Coating,Silk,n/a,4/1,5000,Score in Half,Slide Slits Right Panel,Yes 250 Envelopes A2
Majestic,Silk,4.25 x 11,Vertical,Rectangle,16PT C2S,No Coating,Silk,n/a,4/1,5000,Score in Half,Slide Slits Right Panel,Yes 250 Envelopes A2
Majestic,Silk,5.5 x 8.5,Vertical,Rectangle,16PT C2S,No Coating,Silk,n/a,4/1,5000,Score in Half,Slide Slits Right Panel,Yes 250 Envelopes A2
Majestic,Silk,4.25 x 11,Horizontal,Rectangle,16PT C2S,No Coating,Silk,n/a,4/4,5000,Score in Half,Slide Slits Right Panel,Yes 250 Envelopes A2
Majestic,Silk,5.5 x 8.5,Horizontal,Rectangle,16PT C2S,No Coating,Silk,n/a,4/4,5000,Score in Half,Slide Slits Right Panel,Yes 250 Envelopes A2
Majestic,Silk,4.25 x 11,Vertical,Rectangle,16PT C2S,No Coating,Silk,n/a,4/4,5000,Score in Half,Slide Slits Right Panel,Yes 250 Envelopes A2
Majestic,Silk,5.5 x 8.5,Vertical,Rectangle,16PT C2S,No Coating,Silk,n/a,4/4,5000,Score in Half,Slide Slits Right Panel,Yes 250 Envelopes A2
Majestic,Silk,4.25 x 11,Horizontal,Rectangle,16PT C2S,No Coating,Silk,n/a,4/0,10000,Score in Half,Slide Slits Right Panel,Yes 250 Envelopes A2
Majestic,Silk,5.5 x 8.5,Horizontal,Rectangle,16PT C2S,No Coating,Silk,n/a,4/0,10000,Score in Half,Slide Slits Right Panel,Yes 250 Envelopes A2
Majestic,Silk,4.25 x 11,Vertical,Rectangle,16PT C2S,No Coating,Silk,n/a,4/0,10000,Score in Half,Slide Slits Right Panel,Yes 250 Envelopes A2
Majestic,Silk,5.5 x 8.5,Vertical,Rectangle,16PT C2S,No Coating,Silk,n/a,4/0,10000,Score in Half,Slide Slits Right Panel,Yes 250 Envelopes A2
Majestic,Silk,5.5 x 8.5,Horizontal,Rectangle,16PT C2S,No Coating,Silk,n/a,4/1,10000,Score in Half,Slide Slits Right Panel,Yes 250 Envelopes A2
Majestic,Silk,4.25 x 11,Horizontal,Rectangle,16PT C2S,No Coating,Silk,n/a,4/1,10000,Score in Half,Slide Slits Right Panel,Yes 250 Envelopes A2
Majestic,Silk,4.25 x 11,Vertical,Rectangle,16PT C2S,No Coating,Silk,n/a,4/1,10000,Score in Half,Slide Slits Right Panel,Yes 250 Envelopes A2
Majestic,Silk,5.5 x 8.5,Vertical,Rectangle,16PT C2S,No Coating,Silk,n/a,4/1,10000,Score in Half,Slide Slits Right Panel,Yes 250 Envelopes A2
Majestic,Silk,4.25 x 11,Horizontal,Rectangle,16PT C2S,No Coating,Silk,n/a,4/4,10000,Score in Half,Slide Slits Right Panel,Yes 250 Envelopes A2
Majestic,Silk,5.5 x 8.5,Horizontal,Rectangle,16PT C2S,No Coating,Silk,n/a,4/4,10000,Score in Half,Slide Slits Right Panel,Yes 250 Envelopes A2
Majestic,Silk,4.25 x 11,Vertical,Rectangle,16PT C2S,No Coating,Silk,n/a,4/4,10000,Score in Half,Slide Slits Right Panel,Yes 250 Envelopes A2
Majestic,Silk,4.25 x 11,Horizontal,Rectangle,16PT C2S,No Coating,Silk,n/a,4/4,2500,Score in Half,Slide Slits Right Panel,Yes 250 Envelopes A2
Majestic,Silk,4.25 x 11,Horizontal,Rectangle,16PT C2S,No Coating,Silk,n/a,4/0,25,Score in Half,Moon Slits Bottom Panel,Yes 500 Envelopes A2
Majestic,Silk,5.5 x 8.5,Horizontal,Rectangle,16PT C2S,No Coating,Silk,n/a,4/0,25,Score in Half,Moon Slits Bottom Panel,Yes 500 Envelopes A2
Majestic,Silk,4.25 x 11,Vertical,Rectangle,16PT C2S,No Coating,Silk,n/a,4/0,25,Score in Half,Moon Slits Bottom Panel,Yes 500 Envelopes A2
Majestic,Silk,5.5 x 8.5,Vertical,Rectangle,16PT C2S,No Coating,Silk,n/a,4/0,25,Score in Half,Moon Slits Bottom Panel,Yes 500 Envelopes A2
Majestic,Silk,4.25 x 11,Horizontal,Rectangle,16PT C2S,No Coating,Silk,n/a,4/1,25,Score in Half,Moon Slits Bottom Panel,Yes 500 Envelopes A2
Majestic,Silk,5.5 x 8.5,Horizontal,Rectangle,16PT C2S,No Coating,Silk,n/a,4/1,25,Score in Half,Moon Slits Bottom Panel,Yes 500 Envelopes A2
Majestic,Silk,4.25 x 11,Vertical,Rectangle,16PT C2S,No Coating,Silk,n/a,4/1,25,Score in Half,Moon Slits Bottom Panel,Yes 500 Envelopes A2
Majestic,Silk,5.5 x 8.5,Vertical,Rectangle,16PT C2S,No Coating,Silk,n/a,4/1,25,Score in Half,Moon Slits Bottom Panel,Yes 500 Envelopes A2
Majestic,Silk,4.25 x 11,Horizontal,Rectangle,16PT C2S,No Coating,Silk,n/a,4/4,25,Score in Half,Moon Slits Bottom Panel,Yes 500 Envelopes A2
Majestic,Silk,5.5 x 8.5,Horizontal,Rectangle,16PT C2S,No Coating,Silk,n/a,4/4,25,Score in Half,Moon Slits Bottom Panel,Yes 500 Envelopes A2
Majestic,Silk,5.5 x 8.5,Vertical,Rectangle,16PT C2S,No Coating,Silk,n/a,4/4,25,Score in Half,Moon Slits Bottom Panel,Yes 500 Envelopes A2
Majestic,Silk,5.5 x 8.5,Vertical,Rectangle,16PT C2S,No Coating,Silk,n/a,4/0,5000,Score in Half,Slide Slits Right Panel,Yes 250 Envelopes A2
Majestic,Silk,4.25 x 11,Horizontal,Rectangle,16PT C2S,No Coating,Silk,n/a,4/0,50,Score in Half,Moon Slits Bottom Panel,Yes 500 Envelopes A2
Majestic,Silk,4.25 x 11,Vertical,Rectangle,16PT C2S,No Coating,Silk,n/a,4/0,50,Score in Half,Moon Slits Bottom Panel,Yes 500 Envelopes A2
Majestic,Silk,5.5 x 8.5,Horizontal,Rectangle,16PT C2S,No Coating,Silk,n/a,4/0,50,Score in Half,Moon Slits Bottom Panel,Yes 500 Envelopes A2
Majestic,Silk,5.5 x 8.5,Vertical,Rectangle,16PT C2S,No Coating,Silk,n/a,4/0,50,Score in Half,Moon Slits Bottom Panel,Yes 500 Envelopes A2
Majestic,Silk,4.25 x 11,Horizontal,Rectangle,16PT C2S,No Coating,Silk,n/a,4/1,50,Score in Half,Moon Slits Bottom Panel,Yes 500 Envelopes A2
Majestic,Silk,5.5 x 8.5,Horizontal,Rectangle,16PT C2S,No Coating,Silk,n/a,4/1,50,Score in Half,Moon Slits Bottom Panel,Yes 500 Envelopes A2
Majestic,Silk,4.25 x 11,Vertical,Rectangle,16PT C2S,No Coating,Silk,n/a,4/1,50,Score in Half,Moon Slits Bottom Panel,Yes 500 Envelopes A2
Majestic,Silk,5.5 x 8.5,Vertical,Rectangle,16PT C2S,No Coating,Silk,n/a,4/1,50,Score in Half,Moon Slits Bottom Panel,Yes 500 Envelopes A2
Majestic,Silk,4.25 x 11,Horizontal,Rectangle,16PT C2S,No Coating,Silk,n/a,4/4,50,Score in Half,Moon Slits Bottom Panel,Yes 500 Envelopes A2
Majestic,Silk,5.5 x 8.5,Horizontal,Rectangle,16PT C2S,No Coating,Silk,n/a,4/4,50,Score in Half,Moon Slits Bottom Panel,Yes 500 Envelopes A2
Majestic,Silk,4.25 x 11,Vertical,Rectangle,16PT C2S,No Coating,Silk,n/a,4/4,50,Score in Half,Moon Slits Bottom Panel,Yes 500 Envelopes A2
Majestic,Silk,5.5 x 8.5,Vertical,Rectangle,16PT C2S,No Coating,Silk,n/a,4/4,50,Score in Half,Moon Slits Bottom Panel,Yes 500 Envelopes A2
Majestic,Silk,4.25 x 11,Horizontal,Rectangle,16PT C2S,No Coating,Silk,n/a,4/0,75,Score in Half,Moon Slits Bottom Panel,Yes 500 Envelopes A2
Majestic,Silk,5.5 x 8.5,Horizontal,Rectangle,16PT C2S,No Coating,Silk,n/a,4/0,75,Score in Half,Moon Slits Bottom Panel,Yes 500 Envelopes A2
Majestic,Silk,4.25 x 11,Vertical,Rectangle,16PT C2S,No Coating,Silk,n/a,4/0,75,Score in Half,Moon Slits Bottom Panel,Yes 500 Envelopes A2
Majestic,Silk,5.5 x 8.5,Vertical,Rectangle,16PT C2S,No Coating,Silk,n/a,4/0,75,Score in Half,Moon Slits Bottom Panel,Yes 500 Envelopes A2
Majestic,Silk,4.25 x 11,Horizontal,Rectangle,16PT C2S,No Coating,Silk,n/a,4/1,75,Score in Half,Moon Slits Bottom Panel,Yes 500 Envelopes A2
Majestic,Silk,5.5 x 8.5,Horizontal,Rectangle,16PT C2S,No Coating,Silk,n/a,4/1,75,Score in Half,Moon Slits Bottom Panel,Yes 500 Envelopes A2
Majestic,Silk,4.25 x 11,Vertical,Rectangle,16PT C2S,No Coating,Silk,n/a,4/1,75,Score in Half,Moon Slits Bottom Panel,Yes 500 Envelopes A2
Majestic,Silk,5.5 x 8.5,Vertical,Rectangle,16PT C2S,No Coating,Silk,n/a,4/1,75,Score in Half,Moon Slits Bottom Panel,Yes 500 Envelopes A2
Majestic,Silk,4.25 x 11,Horizontal,Rectangle,16PT C2S,No Coating,Silk,n/a,4/4,75,Score in Half,Moon Slits Bottom Panel,Yes 500 Envelopes A2
Majestic,Silk,5.5 x 8.5,Horizontal,Rectangle,16PT C2S,No Coating,Silk,n/a,4/4,75,Score in Half,Moon Slits Bottom Panel,Yes 500 Envelopes A2
Majestic,Silk,5.5 x 8.5,Vertical,Rectangle,16PT C2S,No Coating,Silk,n/a,4/4,75,Score in Half,Moon Slits Bottom Panel,Yes 500 Envelopes A2
Majestic,Silk,4.25 x 11,Vertical,Rectangle,16PT C2S,No Coating,Silk,n/a,4/4,75,Score in Half,Moon Slits Bottom Panel,Yes 500 Envelopes A2
Majestic,Silk,4.25 x 11,Horizontal,Rectangle,16PT C2S,No Coating,Silk,n/a,4/0,100,Score in Half,Moon Slits Bottom Panel,Yes 500 Envelopes A2
Majestic,Silk,4.25 x 11,Vertical,Rectangle,16PT C2S,No Coating,Silk,n/a,4/0,100,Score in Half,Moon Slits Bottom Panel,Yes 500 Envelopes A2
Majestic,Silk,5.5 x 8.5,Horizontal,Rectangle,16PT C2S,No Coating,Silk,n/a,4/0,100,Score in Half,Moon Slits Bottom Panel,Yes 500 Envelopes A2
Majestic,Silk,4.25 x 11,Horizontal,Rectangle,16PT C2S,No Coating,Silk,n/a,4/1,100,Score in Half,Moon Slits Bottom Panel,Yes 500 Envelopes A2
Majestic,Silk,5.5 x 8.5,Vertical,Rectangle,16PT C2S,No Coating,Silk,n/a,4/0,100,Score in Half,Moon Slits Bottom Panel,Yes 500 Envelopes A2
Majestic,Silk,5.5 x 8.5,Horizontal,Rectangle,16PT C2S,No Coating,Silk,n/a,4/1,100,Score in Half,Moon Slits Bottom Panel,Yes 500 Envelopes A2
Majestic,Silk,5.5 x 8.5,Vertical,Rectangle,16PT C2S,No Coating,Silk,n/a,4/1,100,Score in Half,Moon Slits Bottom Panel,Yes 500 Envelopes A2
Majestic,Silk,5.5 x 8.5,Horizontal,Rectangle,16PT C2S,No Coating,Silk,n/a,4/4,100,Score in Half,Moon Slits Bottom Panel,Yes 500 Envelopes A2
Majestic,Silk,4.25 x 11,Vertical,Rectangle,16PT C2S,No Coating,Silk,n/a,4/1,100,Score in Half,Moon Slits Bottom Panel,Yes 500 Envelopes A2
Majestic,Silk,4.25 x 11,Vertical,Rectangle,16PT C2S,No Coating,Silk,n/a,4/4,100,Score in Half,Moon Slits Bottom Panel,Yes 500 Envelopes A2
Majestic,Silk,4.25 x 11,Horizontal,Rectangle,16PT C2S,No Coating,Silk,n/a,4/4,100,Score in Half,Moon Slits Bottom Panel,Yes 500 Envelopes A2
Majestic,Silk,5.5 x 8.5,Vertical,Rectangle,16PT C2S,No Coating,Silk,n/a,4/4,10000,Score in Half,Slide Slits Right Panel,Yes 250 Envelopes A2
Majestic,Silk,5.5 x 8.5,Horizontal,Rectangle,16PT C2S,No Coating,Silk,n/a,4/0,250,Score in Half,Moon Slits Bottom Panel,Yes 500 Envelopes A2
Majestic,Silk,5.5 x 8.5,Vertical,Rectangle,16PT C2S,No Coating,Silk,n/a,4/0,250,Score in Half,Moon Slits Bottom Panel,Yes 500 Envelopes A2
Majestic,Silk,4.25 x 11,Horizontal,Rectangle,16PT C2S,No Coating,Silk,n/a,4/0,250,Score in Half,Moon Slits Bottom Panel,Yes 500 Envelopes A2
Majestic,Silk,4.25 x 11,Horizontal,Rectangle,16PT C2S,No Coating,Silk,n/a,4/1,250,Score in Half,Moon Slits Bottom Panel,Yes 500 Envelopes A2
Majestic,Silk,5.5 x 8.5,Horizontal,Rectangle,16PT C2S,No Coating,Silk,n/a,4/1,250,Score in Half,Moon Slits Bottom Panel,Yes 500 Envelopes A2
Majestic,Silk,4.25 x 11,Vertical,Rectangle,16PT C2S,No Coating,Silk,n/a,4/0,250,Score in Half,Moon Slits Bottom Panel,Yes 500 Envelopes A2
Majestic,Silk,5.5 x 8.5,Vertical,Rectangle,16PT C2S,No Coating,Silk,n/a,4/4,100,Score in Half,Moon Slits Bottom Panel,Yes 500 Envelopes A2
Majestic,Silk,5.5 x 8.5,Vertical,Rectangle,16PT C2S,No Coating,Silk,n/a,4/1,250,Score in Half,Moon Slits Bottom Panel,Yes 500 Envelopes A2
Majestic,Silk,4.25 x 11,Vertical,Rectangle,16PT C2S,No Coating,Silk,n/a,4/4,250,Score in Half,Moon Slits Bottom Panel,Yes 500 Envelopes A2
Majestic,Silk,5.5 x 8.5,Vertical,Rectangle,16PT C2S,No Coating,Silk,n/a,4/4,250,Score in Half,Moon Slits Bottom Panel,Yes 500 Envelopes A2
Majestic,Silk,4.25 x 11,Horizontal,Rectangle,16PT C2S,No Coating,Silk,n/a,4/4,250,Score in Half,Moon Slits Bottom Panel,Yes 500 Envelopes A2
Majestic,Silk,5.5 x 8.5,Horizontal,Rectangle,16PT C2S,No Coating,Silk,n/a,4/4,250,Score in Half,Moon Slits Bottom Panel,Yes 500 Envelopes A2
Majestic,Silk,4.25 x 11,Horizontal,Rectangle,16PT C2S,No Coating,Silk,n/a,4/0,500,Score in Half,Moon Slits Bottom Panel,Yes 500 Envelopes A2
Majestic,Silk,4.25 x 11,Vertical,Rectangle,16PT C2S,No Coating,Silk,n/a,4/1,250,Score in Half,Moon Slits Bottom Panel,Yes 500 Envelopes A2
Majestic,Silk,4.25 x 11,Vertical,Rectangle,16PT C2S,No Coating,Silk,n/a,4/0,500,Score in Half,Moon Slits Bottom Panel,Yes 500 Envelopes A2
Majestic,Silk,4.25 x 11,Horizontal,Rectangle,16PT C2S,No Coating,Silk,n/a,4/1,500,Score in Half,Moon Slits Bottom Panel,Yes 500 Envelopes A2
Majestic,Silk,5.5 x 8.5,Horizontal,Rectangle,16PT C2S,No Coating,Silk,n/a,4/1,500,Score in Half,Moon Slits Bottom Panel,Yes 500 Envelopes A2
Majestic,Silk,5.5 x 8.5,Vertical,Rectangle,16PT C2S,No Coating,Silk,n/a,4/0,500,Score in Half,Moon Slits Bottom Panel,Yes 500 Envelopes A2
Majestic,Silk,4.25 x 11,Vertical,Rectangle,16PT C2S,No Coating,Silk,n/a,4/1,500,Score in Half,Moon Slits Bottom Panel,Yes 500 Envelopes A2
Majestic,Silk,5.5 x 8.5,Vertical,Rectangle,16PT C2S,No Coating,Silk,n/a,4/1,500,Score in Half,Moon Slits Bottom Panel,Yes 500 Envelopes A2
Majestic,Silk,4.25 x 11,Horizontal,Rectangle,16PT C2S,No Coating,Silk,n/a,4/4,500,Score in Half,Moon Slits Bottom Panel,Yes 500 Envelopes A2
Majestic,Silk,5.5 x 8.5,Horizontal,Rectangle,16PT C2S,No Coating,Silk,n/a,4/4,500,Score in Half,Moon Slits Bottom Panel,Yes 500 Envelopes A2
Majestic,Silk,4.25 x 11,Vertical,Rectangle,16PT C2S,No Coating,Silk,n/a,4/4,500,Score in Half,Moon Slits Bottom Panel,Yes 500 Envelopes A2
Majestic,Silk,5.5 x 8.5,Vertical,Rectangle,16PT C2S,No Coating,Silk,n/a,4/4,500,Score in Half,Moon Slits Bottom Panel,Yes 500 Envelopes A2
Majestic,Silk,4.25 x 11,Vertical,Rectangle,16PT C2S,No Coating,Silk,n/a,4/4,25,Score in Half,Moon Slits Bottom Panel,Yes 500 Envelopes A2
Majestic,Silk,5.5 x 8.5,Horizontal,Rectangle,16PT C2S,No Coating,Silk,n/a,4/0,1000,Score in Half,Moon Slits Bottom Panel,Yes 500 Envelopes A2
Majestic,Silk,4.25 x 11,Vertical,Rectangle,16PT C2S,No Coating,Silk,n/a,4/0,1000,Score in Half,Moon Slits Bottom Panel,Yes 500 Envelopes A2
Majestic,Silk,5.5 x 8.5,Vertical,Rectangle,16PT C2S,No Coating,Silk,n/a,4/0,1000,Score in Half,Moon Slits Bottom Panel,Yes 500 Envelopes A2
Majestic,Silk,5.5 x 8.5,Horizontal,Rectangle,16PT C2S,No Coating,Silk,n/a,4/0,500,Score in Half,Moon Slits Bottom Panel,Yes 500 Envelopes A2
Majestic,Silk,5.5 x 8.5,Horizontal,Rectangle,16PT C2S,No Coating,Silk,n/a,4/1,1000,Score in Half,Moon Slits Bottom Panel,Yes 500 Envelopes A2
Majestic,Silk,4.25 x 11,Vertical,Rectangle,16PT C2S,No Coating,Silk,n/a,4/1,1000,Score in Half,Moon Slits Bottom Panel,Yes 500 Envelopes A2
Majestic,Silk,4.25 x 11,Horizontal,Rectangle,16PT C2S,No Coating,Silk,n/a,4/1,1000,Score in Half,Moon Slits Bottom Panel,Yes 500 Envelopes A2
Majestic,Silk,5.5 x 8.5,Horizontal,Rectangle,16PT C2S,No Coating,Silk,n/a,4/1,100,Score in Half,Slide Slits Right Panel,Yes 250 Envelopes A2
Majestic,Silk,5.5 x 8.5,Horizontal,Rectangle,16PT C2S,No Coating,Silk,n/a,4/4,1000,Score in Half,Moon Slits Bottom Panel,Yes 500 Envelopes A2
Majestic,Silk,4.25 x 11,Vertical,Rectangle,16PT C2S,No Coating,Silk,n/a,4/4,1000,Score in Half,Moon Slits Bottom Panel,Yes 500 Envelopes A2
Majestic,Silk,5.5 x 8.5,Vertical,Rectangle,16PT C2S,No Coating,Silk,n/a,4/4,1000,Score in Half,Moon Slits Bottom Panel,Yes 500 Envelopes A2
Majestic,Silk,4.25 x 11,Horizontal,Rectangle,16PT C2S,No Coating,Silk,n/a,4/0,2500,Score in Half,Moon Slits Bottom Panel,Yes 500 Envelopes A2
Majestic,Silk,5.5 x 8.5,Horizontal,Rectangle,16PT C2S,No Coating,Silk,n/a,4/0,2500,Score in Half,Moon Slits Bottom Panel,Yes 500 Envelopes A2
Majestic,Silk,4.25 x 11,Vertical,Rectangle,16PT C2S,No Coating,Silk,n/a,4/0,2500,Score in Half,Moon Slits Bottom Panel,Yes 500 Envelopes A2
Majestic,Silk,5.5 x 8.5,Vertical,Rectangle,16PT C2S,No Coating,Silk,n/a,4/0,2500,Score in Half,Moon Slits Bottom Panel,Yes 500 Envelopes A2
Majestic,Silk,4.25 x 11,Horizontal,Rectangle,16PT C2S,No Coating,Silk,n/a,4/1,2500,Score in Half,Moon Slits Bottom Panel,Yes 500 Envelopes A2
Majestic,Silk,4.25 x 11,Horizontal,Rectangle,16PT C2S,No Coating,Silk,n/a,4/0,1000,Score in Half,Moon Slits Bottom Panel,Yes 500 Envelopes A2
Majestic,Silk,4.25 x 11,Horizontal,Rectangle,16PT C2S,No Coating,Silk,n/a,4/4,1000,Score in Half,Moon Slits Bottom Panel,Yes 500 Envelopes A2
Majestic,Silk,5.5 x 8.5,Horizontal,Rectangle,16PT C2S,No Coating,Silk,n/a,4/1,2500,Score in Half,Moon Slits Bottom Panel,Yes 500 Envelopes A2
Majestic,Silk,4.25 x 11,Horizontal,Rectangle,16PT C2S,No Coating,Silk,n/a,4/4,2500,Score in Half,Moon Slits Bottom Panel,Yes 500 Envelopes A2
Majestic,Silk,5.5 x 8.5,Horizontal,Rectangle,16PT C2S,No Coating,Silk,n/a,4/4,2500,Score in Half,Moon Slits Bottom Panel,Yes 500 Envelopes A2
Majestic,Silk,4.25 x 11,Vertical,Rectangle,16PT C2S,No Coating,Silk,n/a,4/4,2500,Score in Half,Moon Slits Bottom Panel,Yes 500 Envelopes A2
Majestic,Silk,5.5 x 8.5,Vertical,Rectangle,16PT C2S,No Coating,Silk,n/a,4/4,2500,Score in Half,Moon Slits Bottom Panel,Yes 500 Envelopes A2
Majestic,Silk,4.25 x 11,Horizontal,Rectangle,16PT C2S,No Coating,Silk,n/a,4/0,5000,Score in Half,Moon Slits Bottom Panel,Yes 500 Envelopes A2
Majestic,Silk,5.5 x 8.5,Horizontal,Rectangle,16PT C2S,No Coating,Silk,n/a,4/0,5000,Score in Half,Moon Slits Bottom Panel,Yes 500 Envelopes A2
Majestic,Silk,4.25 x 11,Vertical,Rectangle,16PT C2S,No Coating,Silk,n/a,4/0,5000,Score in Half,Moon Slits Bottom Panel,Yes 500 Envelopes A2
Majestic,Silk,5.5 x 8.5,Vertical,Rectangle,16PT C2S,No Coating,Silk,n/a,4/0,5000,Score in Half,Moon Slits Bottom Panel,Yes 500 Envelopes A2
Majestic,Silk,4.25 x 11,Horizontal,Rectangle,16PT C2S,No Coating,Silk,n/a,4/1,5000,Score in Half,Moon Slits Bottom Panel,Yes 500 Envelopes A2
Majestic,Silk,5.5 x 8.5,Horizontal,Rectangle,16PT C2S,No Coating,Silk,n/a,4/1,5000,Score in Half,Moon Slits Bottom Panel,Yes 500 Envelopes A2
Majestic,Silk,4.25 x 11,Vertical,Rectangle,16PT C2S,No Coating,Silk,n/a,4/1,2500,Score in Half,Moon Slits Bottom Panel,Yes 500 Envelopes A2
Majestic,Silk,5.5 x 8.5,Vertical,Rectangle,16PT C2S,No Coating,Silk,n/a,4/1,5000,Score in Half,Moon Slits Bottom Panel,Yes 500 Envelopes A2
Majestic,Silk,4.25 x 11,Horizontal,Rectangle,16PT C2S,No Coating,Silk,n/a,4/4,5000,Score in Half,Moon Slits Bottom Panel,Yes 500 Envelopes A2
Majestic,Silk,5.5 x 8.5,Horizontal,Rectangle,16PT C2S,No Coating,Silk,n/a,4/4,5000,Score in Half,Moon Slits Bottom Panel,Yes 500 Envelopes A2
Majestic,Silk,4.25 x 11,Vertical,Rectangle,16PT C2S,No Coating,Silk,n/a,4/4,5000,Score in Half,Moon Slits Bottom Panel,Yes 500 Envelopes A2
Majestic,Silk,5.5 x 8.5,Vertical,Rectangle,16PT C2S,No Coating,Silk,n/a,4/4,5000,Score in Half,Moon Slits Bottom Panel,Yes 500 Envelopes A2
Majestic,Silk,4.25 x 11,Horizontal,Rectangle,16PT C2S,No Coating,Silk,n/a,4/0,10000,Score in Half,Moon Slits Bottom Panel,Yes 500 Envelopes A2
Majestic,Silk,5.5 x 8.5,Horizontal,Rectangle,16PT C2S,No Coating,Silk,n/a,4/0,10000,Score in Half,Moon Slits Bottom Panel,Yes 500 Envelopes A2
Majestic,Silk,4.25 x 11,Vertical,Rectangle,16PT C2S,No Coating,Silk,n/a,4/0,10000,Score in Half,Moon Slits Bottom Panel,Yes 500 Envelopes A2
Majestic,Silk,5.5 x 8.5,Vertical,Rectangle,16PT C2S,No Coating,Silk,n/a,4/0,10000,Score in Half,Moon Slits Bottom Panel,Yes 500 Envelopes A2
Majestic,Silk,4.25 x 11,Horizontal,Rectangle,16PT C2S,No Coating,Silk,n/a,4/1,10000,Score in Half,Moon Slits Bottom Panel,Yes 500 Envelopes A2
Majestic,Silk,5.5 x 8.5,Horizontal,Rectangle,16PT C2S,No Coating,Silk,n/a,4/1,10000,Score in Half,Moon Slits Bottom Panel,Yes 500 Envelopes A2
Majestic,Silk,4.25 x 11,Vertical,Rectangle,16PT C2S,No Coating,Silk,n/a,4/1,10000,Score in Half,Moon Slits Bottom Panel,Yes 500 Envelopes A2
Majestic,Silk,5.5 x 8.5,Vertical,Rectangle,16PT C2S,No Coating,Silk,n/a,4/1,10000,Score in Half,Moon Slits Bottom Panel,Yes 500 Envelopes A2
Majestic,Silk,4.25 x 11,Horizontal,Rectangle,16PT C2S,No Coating,Silk,n/a,4/4,10000,Score in Half,Moon Slits Bottom Panel,Yes 500 Envelopes A2
Majestic,Silk,5.5 x 8.5,Horizontal,Rectangle,16PT C2S,No Coating,Silk,n/a,4/4,10000,Score in Half,Moon Slits Bottom Panel,Yes 500 Envelopes A2
Majestic,Silk,4.25 x 11,Vertical,Rectangle,16PT C2S,No Coating,Silk,n/a,4/4,10000,Score in Half,Moon Slits Bottom Panel,Yes 500 Envelopes A2
Majestic,Silk,5.5 x 8.5,Vertical,Rectangle,16PT C2S,No Coating,Silk,n/a,4/1,2500,Score in Half,Moon Slits Bottom Panel,Yes 500 Envelopes A2
Majestic,Silk,4.25 x 11,Horizontal,Rectangle,16PT C2S,No Coating,Silk,n/a,4/0,25,Score in Half,Moon Slits Right Panel,Yes 500 Envelopes A2
Majestic,Silk,5.5 x 8.5,Horizontal,Rectangle,16PT C2S,No Coating,Silk,n/a,4/0,25,Score in Half,Moon Slits Right Panel,Yes 500 Envelopes A2
Majestic,Silk,4.25 x 11,Vertical,Rectangle,16PT C2S,No Coating,Silk,n/a,4/0,25,Score in Half,Moon Slits Right Panel,Yes 500 Envelopes A2
Majestic,Silk,5.5 x 8.5,Vertical,Rectangle,16PT C2S,No Coating,Silk,n/a,4/1,1000,Score in Half,Moon Slits Bottom Panel,Yes 500 Envelopes A2
Majestic,Silk,4.25 x 11,Horizontal,Rectangle,16PT C2S,No Coating,Silk,n/a,4/1,25,Score in Half,Moon Slits Right Panel,Yes 500 Envelopes A2
Majestic,Silk,5.5 x 8.5,Horizontal,Rectangle,16PT C2S,No Coating,Silk,n/a,4/1,25,Score in Half,Moon Slits Right Panel,Yes 500 Envelopes A2
Majestic,Silk,4.25 x 11,Vertical,Rectangle,16PT C2S,No Coating,Silk,n/a,4/1,25,Score in Half,Moon Slits Right Panel,Yes 500 Envelopes A2
Majestic,Silk,5.5 x 8.5,Vertical,Rectangle,16PT C2S,No Coating,Silk,n/a,4/1,25,Score in Half,Moon Slits Right Panel,Yes 500 Envelopes A2
Majestic,Silk,4.25 x 11,Horizontal,Rectangle,16PT C2S,No Coating,Silk,n/a,4/4,25,Score in Half,Moon Slits Right Panel,Yes 500 Envelopes A2
Majestic,Silk,5.5 x 8.5,Horizontal,Rectangle,16PT C2S,No Coating,Silk,n/a,4/4,25,Score in Half,Moon Slits Right Panel,Yes 500 Envelopes A2
Majestic,Silk,4.25 x 11,Vertical,Rectangle,16PT C2S,No Coating,Silk,n/a,4/4,25,Score in Half,Moon Slits Right Panel,Yes 500 Envelopes A2
Majestic,Silk,5.5 x 8.5,Vertical,Rectangle,16PT C2S,No Coating,Silk,n/a,4/4,10000,Score in Half,Moon Slits Bottom Panel,Yes 500 Envelopes A2
Majestic,Silk,4.25 x 11,Horizontal,Rectangle,16PT C2S,No Coating,Silk,n/a,4/0,50,Score in Half,Moon Slits Right Panel,Yes 500 Envelopes A2
Majestic,Silk,5.5 x 8.5,Horizontal,Rectangle,16PT C2S,No Coating,Silk,n/a,4/0,50,Score in Half,Moon Slits Right Panel,Yes 500 Envelopes A2
Majestic,Silk,4.25 x 11,Vertical,Rectangle,16PT C2S,No Coating,Silk,n/a,4/0,50,Score in Half,Moon Slits Right Panel,Yes 500 Envelopes A2
Majestic,Silk,5.5 x 8.5,Vertical,Rectangle,16PT C2S,No Coating,Silk,n/a,4/0,25,Score in Half,Moon Slits Right Panel,Yes 500 Envelopes A2
Majestic,Silk,4.25 x 11,Horizontal,Rectangle,16PT C2S,No Coating,Silk,n/a,4/1,50,Score in Half,Moon Slits Right Panel,Yes 500 Envelopes A2
Majestic,Silk,5.5 x 8.5,Horizontal,Rectangle,16PT C2S,No Coating,Silk,n/a,4/1,50,Score in Half,Moon Slits Right Panel,Yes 500 Envelopes A2
Majestic,Silk,4.25 x 11,Vertical,Rectangle,16PT C2S,No Coating,Silk,n/a,4/1,5000,Score in Half,Moon Slits Bottom Panel,Yes 500 Envelopes A2
Majestic,Silk,5.5 x 8.5,Vertical,Rectangle,16PT C2S,No Coating,Silk,n/a,4/1,50,Score in Half,Moon Slits Right Panel,Yes 500 Envelopes A2
Majestic,Silk,4.25 x 11,Horizontal,Rectangle,16PT C2S,No Coating,Silk,n/a,4/4,50,Score in Half,Moon Slits Right Panel,Yes 500 Envelopes A2
Majestic,Silk,5.5 x 8.5,Horizontal,Rectangle,16PT C2S,No Coating,Silk,n/a,4/4,50,Score in Half,Moon Slits Right Panel,Yes 500 Envelopes A2
Majestic,Silk,4.25 x 11,Vertical,Rectangle,16PT C2S,No Coating,Silk,n/a,4/4,50,Score in Half,Moon Slits Right Panel,Yes 500 Envelopes A2
Majestic,Silk,5.5 x 8.5,Vertical,Rectangle,16PT C2S,No Coating,Silk,n/a,4/4,50,Score in Half,Moon Slits Right Panel,Yes 500 Envelopes A2
Majestic,Silk,4.25 x 11,Horizontal,Rectangle,16PT C2S,No Coating,Silk,n/a,4/0,75,Score in Half,Moon Slits Right Panel,Yes 500 Envelopes A2
Majestic,Silk,5.5 x 8.5,Horizontal,Rectangle,16PT C2S,No Coating,Silk,n/a,4/0,75,Score in Half,Moon Slits Right Panel,Yes 500 Envelopes A2
Majestic,Silk,4.25 x 11,Vertical,Rectangle,16PT C2S,No Coating,Silk,n/a,4/0,75,Score in Half,Moon Slits Right Panel,Yes 500 Envelopes A2
Majestic,Silk,5.5 x 8.5,Vertical,Rectangle,16PT C2S,No Coating,Silk,n/a,4/0,75,Score in Half,Moon Slits Right Panel,Yes 500 Envelopes A2
Majestic,Silk,4.25 x 11,Horizontal,Rectangle,16PT C2S,No Coating,Silk,n/a,4/1,75,Score in Half,Moon Slits Right Panel,Yes 500 Envelopes A2
Majestic,Silk,5.5 x 8.5,Horizontal,Rectangle,16PT C2S,No Coating,Silk,n/a,4/1,75,Score in Half,Moon Slits Right Panel,Yes 500 Envelopes A2
Majestic,Silk,4.25 x 11,Vertical,Rectangle,16PT C2S,No Coating,Silk,n/a,4/1,75,Score in Half,Moon Slits Right Panel,Yes 500 Envelopes A2
Majestic,Silk,5.5 x 8.5,Vertical,Rectangle,16PT C2S,No Coating,Silk,n/a,4/1,75,Score in Half,Moon Slits Right Panel,Yes 500 Envelopes A2
Majestic,Silk,4.25 x 11,Vertical,Rectangle,16PT C2S,No Coating,Silk,n/a,4/1,50,Score in Half,Moon Slits Right Panel,Yes 500 Envelopes A2
Majestic,Silk,5.5 x 8.5,Horizontal,Rectangle,16PT C2S,No Coating,Silk,n/a,4/4,75,Score in Half,Moon Slits Right Panel,Yes 500 Envelopes A2
Majestic,Silk,4.25 x 11,Vertical,Rectangle,16PT C2S,No Coating,Silk,n/a,4/4,75,Score in Half,Moon Slits Right Panel,Yes 500 Envelopes A2
Majestic,Silk,5.5 x 8.5,Vertical,Rectangle,16PT C2S,No Coating,Silk,n/a,4/4,75,Score in Half,Moon Slits Right Panel,Yes 500 Envelopes A2
Majestic,Silk,4.25 x 11,Horizontal,Rectangle,16PT C2S,No Coating,Silk,n/a,4/0,100,Score in Half,Moon Slits Right Panel,Yes 500 Envelopes A2
Majestic,Silk,5.5 x 8.5,Horizontal,Rectangle,16PT C2S,No Coating,Silk,n/a,4/0,100,Score in Half,Moon Slits Right Panel,Yes 500 Envelopes A2
Majestic,Silk,5.5 x 8.5,Vertical,Rectangle,16PT C2S,No Coating,Silk,n/a,4/4,25,Score in Half,Moon Slits Right Panel,Yes 500 Envelopes A2
Majestic,Silk,5.5 x 8.5,Vertical,Rectangle,16PT C2S,No Coating,Silk,n/a,4/0,100,Score in Half,Moon Slits Right Panel,Yes 500 Envelopes A2
Majestic,Silk,4.25 x 11,Horizontal,Rectangle,16PT C2S,No Coating,Silk,n/a,4/1,100,Score in Half,Moon Slits Right Panel,Yes 500 Envelopes A2
Majestic,Silk,5.5 x 8.5,Horizontal,Rectangle,16PT C2S,No Coating,Silk,n/a,4/1,100,Score in Half,Moon Slits Right Panel,Yes 500 Envelopes A2
Majestic,Silk,4.25 x 11,Vertical,Rectangle,16PT C2S,No Coating,Silk,n/a,4/1,100,Score in Half,Moon Slits Right Panel,Yes 500 Envelopes A2
Majestic,Silk,5.5 x 8.5,Vertical,Rectangle,16PT C2S,No Coating,Silk,n/a,4/1,100,Score in Half,Moon Slits Right Panel,Yes 500 Envelopes A2
Majestic,Silk,4.25 x 11,Horizontal,Rectangle,16PT C2S,No Coating,Silk,n/a,4/4,100,Score in Half,Moon Slits Right Panel,Yes 500 Envelopes A2
Majestic,Silk,4.25 x 11,Vertical,Rectangle,16PT C2S,No Coating,Silk,n/a,4/0,100,Score in Half,Moon Slits Right Panel,Yes 500 Envelopes A2
Majestic,Silk,4.25 x 11,Vertical,Rectangle,16PT C2S,No Coating,Silk,n/a,4/4,100,Score in Half,Moon Slits Right Panel,Yes 500 Envelopes A2
Majestic,Silk,5.5 x 8.5,Vertical,Rectangle,16PT C2S,No Coating,Silk,n/a,4/4,100,Score in Half,Moon Slits Right Panel,Yes 500 Envelopes A2
Majestic,Silk,4.25 x 11,Horizontal,Rectangle,16PT C2S,No Coating,Silk,n/a,4/0,250,Score in Half,Moon Slits Right Panel,Yes 500 Envelopes A2
Majestic,Silk,4.25 x 11,Horizontal,Rectangle,16PT C2S,No Coating,Silk,n/a,4/4,75,Score in Half,Moon Slits Right Panel,Yes 500 Envelopes A2
Majestic,Silk,4.25 x 11,Vertical,Rectangle,16PT C2S,No Coating,Silk,n/a,4/0,250,Score in Half,Moon Slits Right Panel,Yes 500 Envelopes A2
Majestic,Silk,5.5 x 8.5,Vertical,Rectangle,16PT C2S,No Coating,Silk,n/a,4/0,250,Score in Half,Moon Slits Right Panel,Yes 500 Envelopes A2
Majestic,Silk,4.25 x 11,Horizontal,Rectangle,16PT C2S,No Coating,Silk,n/a,4/1,250,Score in Half,Moon Slits Right Panel,Yes 500 Envelopes A2
Majestic,Silk,5.5 x 8.5,Horizontal,Rectangle,16PT C2S,No Coating,Silk,n/a,4/1,250,Score in Half,Moon Slits Right Panel,Yes 500 Envelopes A2
Majestic,Silk,4.25 x 11,Vertical,Rectangle,16PT C2S,No Coating,Silk,n/a,4/1,250,Score in Half,Moon Slits Right Panel,Yes 500 Envelopes A2
Majestic,Silk,5.5 x 8.5,Vertical,Rectangle,16PT C2S,No Coating,Silk,n/a,4/1,250,Score in Half,Moon Slits Right Panel,Yes 500 Envelopes A2
Majestic,Silk,5.5 x 8.5,Vertical,Rectangle,16PT C2S,No Coating,Silk,n/a,4/0,50,Score in Half,Moon Slits Right Panel,Yes 500 Envelopes A2
Majestic,Silk,5.5 x 8.5,Horizontal,Rectangle,16PT C2S,No Coating,Silk,n/a,4/4,250,Score in Half,Moon Slits Right Panel,Yes 500 Envelopes A2
Majestic,Silk,4.25 x 11,Vertical,Rectangle,16PT C2S,No Coating,Silk,n/a,4/4,250,Score in Half,Moon Slits Right Panel,Yes 500 Envelopes A2
Majestic,Silk,5.5 x 8.5,Vertical,Rectangle,16PT C2S,No Coating,Silk,n/a,4/4,250,Score in Half,Moon Slits Right Panel,Yes 500 Envelopes A2
Majestic,Silk,4.25 x 11,Horizontal,Rectangle,16PT C2S,No Coating,Silk,n/a,4/0,500,Score in Half,Moon Slits Right Panel,Yes 500 Envelopes A2
Majestic,Silk,5.5 x 8.5,Horizontal,Rectangle,16PT C2S,No Coating,Silk,n/a,4/0,500,Score in Half,Moon Slits Right Panel,Yes 500 Envelopes A2
Majestic,Silk,4.25 x 11,Vertical,Rectangle,16PT C2S,No Coating,Silk,n/a,4/0,500,Score in Half,Moon Slits Right Panel,Yes 500 Envelopes A2
Majestic,Silk,5.5 x 8.5,Vertical,Rectangle,16PT C2S,No Coating,Silk,n/a,4/0,500,Score in Half,Moon Slits Right Panel,Yes 500 Envelopes A2
Majestic,Silk,4.25 x 11,Horizontal,Rectangle,16PT C2S,No Coating,Silk,n/a,4/1,500,Score in Half,Moon Slits Right Panel,Yes 500 Envelopes A2
Majestic,Silk,5.5 x 8.5,Horizontal,Rectangle,16PT C2S,No Coating,Silk,n/a,4/1,500,Score in Half,Moon Slits Right Panel,Yes 500 Envelopes A2
Majestic,Silk,4.25 x 11,Vertical,Rectangle,16PT C2S,No Coating,Silk,n/a,4/1,500,Score in Half,Moon Slits Right Panel,Yes 500 Envelopes A2
Majestic,Silk,5.5 x 8.5,Vertical,Rectangle,16PT C2S,No Coating,Silk,n/a,4/1,500,Score in Half,Moon Slits Right Panel,Yes 500 Envelopes A2
Majestic,Silk,4.25 x 11,Horizontal,Rectangle,16PT C2S,No Coating,Silk,n/a,4/4,250,Score in Half,Moon Slits Right Panel,Yes 500 Envelopes A2
Majestic,Silk,5.5 x 8.5,Horizontal,Rectangle,16PT C2S,No Coating,Silk,n/a,4/4,500,Score in Half,Moon Slits Right Panel,Yes 500 Envelopes A2
Majestic,Silk,4.25 x 11,Vertical,Rectangle,16PT C2S,No Coating,Silk,n/a,4/4,500,Score in Half,Moon Slits Right Panel,Yes 500 Envelopes A2
Majestic,Silk,5.5 x 8.5,Vertical,Rectangle,16PT C2S,No Coating,Silk,n/a,4/4,500,Score in Half,Moon Slits Right Panel,Yes 500 Envelopes A2
Majestic,Silk,4.25 x 11,Horizontal,Rectangle,16PT C2S,No Coating,Silk,n/a,4/0,1000,Score in Half,Moon Slits Right Panel,Yes 500 Envelopes A2
Majestic,Silk,5.5 x 8.5,Horizontal,Rectangle,16PT C2S,No Coating,Silk,n/a,4/0,1000,Score in Half,Moon Slits Right Panel,Yes 500 Envelopes A2
Majestic,Silk,4.25 x 11,Vertical,Rectangle,16PT C2S,No Coating,Silk,n/a,4/0,1000,Score in Half,Moon Slits Right Panel,Yes 500 Envelopes A2
Majestic,Silk,5.5 x 8.5,Vertical,Rectangle,16PT C2S,No Coating,Silk,n/a,4/0,1000,Score in Half,Moon Slits Right Panel,Yes 500 Envelopes A2
Majestic,Silk,5.5 x 8.5,Horizontal,Rectangle,16PT C2S,No Coating,Silk,n/a,4/0,250,Score in Half,Moon Slits Right Panel,Yes 500 Envelopes A2
Majestic,Silk,5.5 x 8.5,Horizontal,Rectangle,16PT C2S,No Coating,Silk,n/a,4/1,1000,Score in Half,Moon Slits Right Panel,Yes 500 Envelopes A2
Majestic,Silk,4.25 x 11,Vertical,Rectangle,16PT C2S,No Coating,Silk,n/a,4/1,1000,Score in Half,Moon Slits Right Panel,Yes 500 Envelopes A2
Majestic,Silk,5.5 x 8.5,Vertical,Rectangle,16PT C2S,No Coating,Silk,n/a,4/1,1000,Score in Half,Moon Slits Right Panel,Yes 500 Envelopes A2
Majestic,Silk,4.25 x 11,Horizontal,Rectangle,16PT C2S,No Coating,Silk,n/a,4/4,1000,Score in Half,Moon Slits Right Panel,Yes 500 Envelopes A2
Majestic,Silk,5.5 x 8.5,Horizontal,Rectangle,16PT C2S,No Coating,Silk,n/a,4/4,1000,Score in Half,Moon Slits Right Panel,Yes 500 Envelopes A2
Majestic,Silk,4.25 x 11,Vertical,Rectangle,16PT C2S,No Coating,Silk,n/a,4/4,1000,Score in Half,Moon Slits Right Panel,Yes 500 Envelopes A2
Majestic,Silk,5.5 x 8.5,Vertical,Rectangle,16PT C2S,No Coating,Silk,n/a,4/4,1000,Score in Half,Moon Slits Right Panel,Yes 500 Envelopes A2
Majestic,Silk,4.25 x 11,Horizontal,Rectangle,16PT C2S,No Coating,Silk,n/a,4/0,2500,Score in Half,Moon Slits Right Panel,Yes 500 Envelopes A2
Majestic,Silk,5.5 x 8.5,Horizontal,Rectangle,16PT C2S,No Coating,Silk,n/a,4/0,2500,Score in Half,Moon Slits Right Panel,Yes 500 Envelopes A2
Majestic,Silk,4.25 x 11,Vertical,Rectangle,16PT C2S,No Coating,Silk,n/a,4/0,2500,Score in Half,Moon Slits Right Panel,Yes 500 Envelopes A2
Majestic,Silk,5.5 x 8.5,Vertical,Rectangle,16PT C2S,No Coating,Silk,n/a,4/0,2500,Score in Half,Moon Slits Right Panel,Yes 500 Envelopes A2
Majestic,Silk,4.25 x 11,Horizontal,Rectangle,16PT C2S,No Coating,Silk,n/a,4/1,2500,Score in Half,Moon Slits Right Panel,Yes 500 Envelopes A2
Majestic,Silk,5.5 x 8.5,Horizontal,Rectangle,16PT C2S,No Coating,Silk,n/a,4/1,2500,Score in Half,Moon Slits Right Panel,Yes 500 Envelopes A2
Majestic,Silk,4.25 x 11,Vertical,Rectangle,16PT C2S,No Coating,Silk,n/a,4/1,2500,Score in Half,Moon Slits Right Panel,Yes 500 Envelopes A2
Majestic,Silk,5.5 x 8.5,Vertical,Rectangle,16PT C2S,No Coating,Silk,n/a,4/1,2500,Score in Half,Moon Slits Right Panel,Yes 500 Envelopes A2
Majestic,Silk,4.25 x 11,Horizontal,Rectangle,16PT C2S,No Coating,Silk,n/a,4/4,2500,Score in Half,Moon Slits Right Panel,Yes 500 Envelopes A2
Majestic,Silk,5.5 x 8.5,Horizontal,Rectangle,16PT C2S,No Coating,Silk,n/a,4/4,2500,Score in Half,Moon Slits Right Panel,Yes 500 Envelopes A2
Majestic,Silk,4.25 x 11,Vertical,Rectangle,16PT C2S,No Coating,Silk,n/a,4/4,2500,Score in Half,Moon Slits Right Panel,Yes 500 Envelopes A2
Majestic,Silk,5.5 x 8.5,Vertical,Rectangle,16PT C2S,No Coating,Silk,n/a,4/4,2500,Score in Half,Moon Slits Right Panel,Yes 500 Envelopes A2
Majestic,Silk,4.25 x 11,Horizontal,Rectangle,16PT C2S,No Coating,Silk,n/a,4/0,5000,Score in Half,Moon Slits Right Panel,Yes 500 Envelopes A2
Majestic,Silk,5.5 x 8.5,Horizontal,Rectangle,16PT C2S,No Coating,Silk,n/a,4/0,5000,Score in Half,Moon Slits Right Panel,Yes 500 Envelopes A2
Majestic,Silk,4.25 x 11,Vertical,Rectangle,16PT C2S,No Coating,Silk,n/a,4/0,5000,Score in Half,Moon Slits Right Panel,Yes 500 Envelopes A2
Majestic,Silk,5.5 x 8.5,Vertical,Rectangle,16PT C2S,No Coating,Silk,n/a,4/0,5000,Score in Half,Moon Slits Right Panel,Yes 500 Envelopes A2
Majestic,Silk,5.5 x 8.5,Horizontal,Rectangle,16PT C2S,No Coating,Silk,n/a,4/1,5000,Score in Half,Moon Slits Right Panel,Yes 500 Envelopes A2
Majestic,Silk,4.25 x 11,Horizontal,Rectangle,16PT C2S,No Coating,Silk,n/a,4/1,5000,Score in Half,Moon Slits Right Panel,Yes 500 Envelopes A2
Majestic,Silk,4.25 x 11,Vertical,Rectangle,16PT C2S,No Coating,Silk,n/a,4/1,5000,Score in Half,Moon Slits Right Panel,Yes 500 Envelopes A2
Majestic,Silk,5.5 x 8.5,Vertical,Rectangle,16PT C2S,No Coating,Silk,n/a,4/1,5000,Score in Half,Moon Slits Right Panel,Yes 500 Envelopes A2
Majestic,Silk,4.25 x 11,Horizontal,Rectangle,16PT C2S,No Coating,Silk,n/a,4/1,1000,Score in Half,Moon Slits Right Panel,Yes 500 Envelopes A2
Majestic,Silk,5.5 x 8.5,Horizontal,Rectangle,16PT C2S,No Coating,Silk,n/a,4/4,5000,Score in Half,Moon Slits Right Panel,Yes 500 Envelopes A2
Majestic,Silk,4.25 x 11,Vertical,Rectangle,16PT C2S,No Coating,Silk,n/a,4/4,5000,Score in Half,Moon Slits Right Panel,Yes 500 Envelopes A2
Majestic,Silk,5.5 x 8.5,Vertical,Rectangle,16PT C2S,No Coating,Silk,n/a,4/4,5000,Score in Half,Moon Slits Right Panel,Yes 500 Envelopes A2
Majestic,Silk,4.25 x 11,Horizontal,Rectangle,16PT C2S,No Coating,Silk,n/a,4/0,10000,Score in Half,Moon Slits Right Panel,Yes 500 Envelopes A2
Majestic,Silk,5.5 x 8.5,Horizontal,Rectangle,16PT C2S,No Coating,Silk,n/a,4/0,10000,Score in Half,Moon Slits Right Panel,Yes 500 Envelopes A2
Majestic,Silk,4.25 x 11,Vertical,Rectangle,16PT C2S,No Coating,Silk,n/a,4/0,10000,Score in Half,Moon Slits Right Panel,Yes 500 Envelopes A2
Majestic,Silk,5.5 x 8.5,Vertical,Rectangle,16PT C2S,No Coating,Silk,n/a,4/0,10000,Score in Half,Moon Slits Right Panel,Yes 500 Envelopes A2
Majestic,Silk,4.25 x 11,Horizontal,Rectangle,16PT C2S,No Coating,Silk,n/a,4/1,10000,Score in Half,Moon Slits Right Panel,Yes 500 Envelopes A2
Majestic,Silk,5.5 x 8.5,Horizontal,Rectangle,16PT C2S,No Coating,Silk,n/a,4/1,10000,Score in Half,Moon Slits Right Panel,Yes 500 Envelopes A2
Majestic,Silk,4.25 x 11,Vertical,Rectangle,16PT C2S,No Coating,Silk,n/a,4/1,10000,Score in Half,Moon Slits Right Panel,Yes 500 Envelopes A2
Majestic,Silk,4.25 x 11,Horizontal,Rectangle,16PT C2S,No Coating,Silk,n/a,4/4,500,Score in Half,Moon Slits Right Panel,Yes 500 Envelopes A2
Majestic,Silk,4.25 x 11,Horizontal,Rectangle,16PT C2S,No Coating,Silk,n/a,4/4,10000,Score in Half,Moon Slits Right Panel,Yes 500 Envelopes A2
Majestic,Silk,5.5 x 8.5,Horizontal,Rectangle,16PT C2S,No Coating,Silk,n/a,4/4,10000,Score in Half,Moon Slits Right Panel,Yes 500 Envelopes A2
Majestic,Silk,4.25 x 11,Vertical,Rectangle,16PT C2S,No Coating,Silk,n/a,4/4,10000,Score in Half,Moon Slits Right Panel,Yes 500 Envelopes A2
Majestic,Silk,5.5 x 8.5,Vertical,Rectangle,16PT C2S,No Coating,Silk,n/a,4/4,10000,Score in Half,Moon Slits Right Panel,Yes 500 Envelopes A2
Majestic,Silk,4.25 x 11,Horizontal,Rectangle,16PT C2S,No Coating,Silk,n/a,4/0,25,Score in Half,No Gift Cards Slits,Yes 500 Envelopes A2
Majestic,Silk,5.5 x 8.5,Vertical,Rectangle,16PT C2S,No Coating,Silk,n/a,4/1,10000,Score in Half,Moon Slits Right Panel,Yes 500 Envelopes A2
Majestic,Silk,4.25 x 11,Vertical,Rectangle,16PT C2S,No Coating,Silk,n/a,4/0,25,Score in Half,No Gift Cards Slits,Yes 500 Envelopes A2
Majestic,Silk,5.5 x 8.5,Vertical,Rectangle,16PT C2S,No Coating,Silk,n/a,4/0,25,Score in Half,No Gift Cards Slits,Yes 500 Envelopes A2
Majestic,Silk,4.25 x 11,Horizontal,Rectangle,16PT C2S,No Coating,Silk,n/a,4/1,25,Score in Half,No Gift Cards Slits,Yes 500 Envelopes A2
Majestic,Silk,5.5 x 8.5,Horizontal,Rectangle,16PT C2S,No Coating,Silk,n/a,4/1,25,Score in Half,No Gift Cards Slits,Yes 500 Envelopes A2
Majestic,Silk,4.25 x 11,Vertical,Rectangle,16PT C2S,No Coating,Silk,n/a,4/1,25,Score in Half,No Gift Cards Slits,Yes 500 Envelopes A2
Majestic,Silk,5.5 x 8.5,Vertical,Rectangle,16PT C2S,No Coating,Silk,n/a,4/1,25,Score in Half,No Gift Cards Slits,Yes 500 Envelopes A2
Majestic,Silk,4.25 x 11,Horizontal,Rectangle,16PT C2S,No Coating,Silk,n/a,4/4,25,Score in Half,No Gift Cards Slits,Yes 500 Envelopes A2
Majestic,Silk,5.5 x 8.5,Horizontal,Rectangle,16PT C2S,No Coating,Silk,n/a,4/4,25,Score in Half,No Gift Cards Slits,Yes 500 Envelopes A2
Majestic,Silk,4.25 x 11,Vertical,Rectangle,16PT C2S,No Coating,Silk,n/a,4/4,25,Score in Half,No Gift Cards Slits,Yes 500 Envelopes A2
Majestic,Silk,5.5 x 8.5,Vertical,Rectangle,16PT C2S,No Coating,Silk,n/a,4/4,25,Score in Half,No Gift Cards Slits,Yes 500 Envelopes A2
Majestic,Silk,4.25 x 11,Horizontal,Rectangle,16PT C2S,No Coating,Silk,n/a,4/0,50,Score in Half,No Gift Cards Slits,Yes 500 Envelopes A2
Majestic,Silk,5.5 x 8.5,Horizontal,Rectangle,16PT C2S,No Coating,Silk,n/a,4/0,50,Score in Half,No Gift Cards Slits,Yes 500 Envelopes A2
Majestic,Silk,4.25 x 11,Vertical,Rectangle,16PT C2S,No Coating,Silk,n/a,4/0,50,Score in Half,No Gift Cards Slits,Yes 500 Envelopes A2
Majestic,Silk,5.5 x 8.5,Vertical,Rectangle,16PT C2S,No Coating,Silk,n/a,4/0,50,Score in Half,No Gift Cards Slits,Yes 500 Envelopes A2
Majestic,Silk,4.25 x 11,Horizontal,Rectangle,16PT C2S,No Coating,Silk,n/a,4/1,50,Score in Half,No Gift Cards Slits,Yes 500 Envelopes A2
Majestic,Silk,5.5 x 8.5,Horizontal,Rectangle,16PT C2S,No Coating,Silk,n/a,4/1,50,Score in Half,No Gift Cards Slits,Yes 500 Envelopes A2
Majestic,Silk,4.25 x 11,Vertical,Rectangle,16PT C2S,No Coating,Silk,n/a,4/1,50,Score in Half,No Gift Cards Slits,Yes 500 Envelopes A2
Majestic,Silk,5.5 x 8.5,Vertical,Rectangle,16PT C2S,No Coating,Silk,n/a,4/1,50,Score in Half,No Gift Cards Slits,Yes 500 Envelopes A2
Majestic,Silk,4.25 x 11,Horizontal,Rectangle,16PT C2S,No Coating,Silk,n/a,4/4,50,Score in Half,No Gift Cards Slits,Yes 500 Envelopes A2
Majestic,Silk,5.5 x 8.5,Horizontal,Rectangle,16PT C2S,No Coating,Silk,n/a,4/4,50,Score in Half,No Gift Cards Slits,Yes 500 Envelopes A2
Majestic,Silk,5.5 x 8.5,Vertical,Rectangle,16PT C2S,No Coating,Silk,n/a,4/4,50,Score in Half,No Gift Cards Slits,Yes 500 Envelopes A2
Majestic,Silk,4.25 x 11,Vertical,Rectangle,16PT C2S,No Coating,Silk,n/a,4/4,50,Score in Half,No Gift Cards Slits,Yes 500 Envelopes A2
Majestic,Silk,4.25 x 11,Horizontal,Rectangle,16PT C2S,No Coating,Silk,n/a,4/0,75,Score in Half,No Gift Cards Slits,Yes 500 Envelopes A2
Majestic,Silk,5.5 x 8.5,Horizontal,Rectangle,16PT C2S,No Coating,Silk,n/a,4/0,75,Score in Half,No Gift Cards Slits,Yes 500 Envelopes A2
Majestic,Silk,4.25 x 11,Vertical,Rectangle,16PT C2S,No Coating,Silk,n/a,4/0,75,Score in Half,No Gift Cards Slits,Yes 500 Envelopes A2
Majestic,Silk,5.5 x 8.5,Vertical,Rectangle,16PT C2S,No Coating,Silk,n/a,4/0,75,Score in Half,No Gift Cards Slits,Yes 500 Envelopes A2
Majestic,Silk,4.25 x 11,Horizontal,Rectangle,16PT C2S,No Coating,Silk,n/a,4/1,75,Score in Half,No Gift Cards Slits,Yes 500 Envelopes A2
Majestic,Silk,4.25 x 11,Horizontal,Rectangle,16PT C2S,No Coating,Silk,n/a,4/4,5000,Score in Half,Moon Slits Right Panel,Yes 500 Envelopes A2
Majestic,Silk,4.25 x 11,Vertical,Rectangle,16PT C2S,No Coating,Silk,n/a,4/1,75,Score in Half,No Gift Cards Slits,Yes 500 Envelopes A2
Majestic,Silk,5.5 x 8.5,Vertical,Rectangle,16PT C2S,No Coating,Silk,n/a,4/1,75,Score in Half,No Gift Cards Slits,Yes 500 Envelopes A2
Majestic,Silk,4.25 x 11,Horizontal,Rectangle,16PT C2S,No Coating,Silk,n/a,4/4,75,Score in Half,No Gift Cards Slits,Yes 500 Envelopes A2
Majestic,Silk,5.5 x 8.5,Horizontal,Rectangle,16PT C2S,No Coating,Silk,n/a,4/4,75,Score in Half,No Gift Cards Slits,Yes 500 Envelopes A2
Majestic,Silk,4.25 x 11,Vertical,Rectangle,16PT C2S,No Coating,Silk,n/a,4/4,75,Score in Half,No Gift Cards Slits,Yes 500 Envelopes A2
Majestic,Silk,5.5 x 8.5,Vertical,Rectangle,16PT C2S,No Coating,Silk,n/a,4/4,75,Score in Half,No Gift Cards Slits,Yes 500 Envelopes A2
Majestic,Silk,4.25 x 11,Horizontal,Rectangle,16PT C2S,No Coating,Silk,n/a,4/0,100,Score in Half,No Gift Cards Slits,Yes 500 Envelopes A2
Majestic,Silk,5.5 x 8.5,Horizontal,Rectangle,16PT C2S,No Coating,Silk,n/a,4/0,100,Score in Half,No Gift Cards Slits,Yes 500 Envelopes A2
Majestic,Silk,4.25 x 11,Vertical,Rectangle,16PT C2S,No Coating,Silk,n/a,4/0,100,Score in Half,No Gift Cards Slits,Yes 500 Envelopes A2
Majestic,Silk,5.5 x 8.5,Vertical,Rectangle,16PT C2S,No Coating,Silk,n/a,4/0,100,Score in Half,No Gift Cards Slits,Yes 500 Envelopes A2
Majestic,Silk,4.25 x 11,Horizontal,Rectangle,16PT C2S,No Coating,Silk,n/a,4/1,100,Score in Half,No Gift Cards Slits,Yes 500 Envelopes A2
Majestic,Silk,5.5 x 8.5,Horizontal,Rectangle,16PT C2S,No Coating,Silk,n/a,4/1,100,Score in Half,No Gift Cards Slits,Yes 500 Envelopes A2
Majestic,Silk,5.5 x 8.5,Horizontal,Rectangle,16PT C2S,No Coating,Silk,n/a,4/1,75,Score in Half,No Gift Cards Slits,Yes 500 Envelopes A2
Majestic,Silk,5.5 x 8.5,Vertical,Rectangle,16PT C2S,No Coating,Silk,n/a,4/1,100,Score in Half,No Gift Cards Slits,Yes 500 Envelopes A2
Majestic,Silk,4.25 x 11,Horizontal,Rectangle,16PT C2S,No Coating,Silk,n/a,4/4,100,Score in Half,No Gift Cards Slits,Yes 500 Envelopes A2
Majestic,Silk,5.5 x 8.5,Horizontal,Rectangle,16PT C2S,No Coating,Silk,n/a,4/4,100,Score in Half,No Gift Cards Slits,Yes 500 Envelopes A2
Majestic,Silk,4.25 x 11,Vertical,Rectangle,16PT C2S,No Coating,Silk,n/a,4/4,100,Score in Half,No Gift Cards Slits,Yes 500 Envelopes A2
Majestic,Silk,5.5 x 8.5,Vertical,Rectangle,16PT C2S,No Coating,Silk,n/a,4/4,100,Score in Half,No Gift Cards Slits,Yes 500 Envelopes A2
Majestic,Silk,4.25 x 11,Horizontal,Rectangle,16PT C2S,No Coating,Silk,n/a,4/0,250,Score in Half,No Gift Cards Slits,Yes 500 Envelopes A2
Majestic,Silk,5.5 x 8.5,Horizontal,Rectangle,16PT C2S,No Coating,Silk,n/a,4/0,250,Score in Half,No Gift Cards Slits,Yes 500 Envelopes A2
Majestic,Silk,4.25 x 11,Vertical,Rectangle,16PT C2S,No Coating,Silk,n/a,4/0,250,Score in Half,No Gift Cards Slits,Yes 500 Envelopes A2
Majestic,Silk,5.5 x 8.5,Vertical,Rectangle,16PT C2S,No Coating,Silk,n/a,4/0,250,Score in Half,No Gift Cards Slits,Yes 500 Envelopes A2
Majestic,Silk,4.25 x 11,Horizontal,Rectangle,16PT C2S,No Coating,Silk,n/a,4/1,250,Score in Half,No Gift Cards Slits,Yes 500 Envelopes A2
Majestic,Silk,5.5 x 8.5,Horizontal,Rectangle,16PT C2S,No Coating,Silk,n/a,4/1,250,Score in Half,No Gift Cards Slits,Yes 500 Envelopes A2
Majestic,Silk,4.25 x 11,Vertical,Rectangle,16PT C2S,No Coating,Silk,n/a,4/1,250,Score in Half,No Gift Cards Slits,Yes 500 Envelopes A2
Majestic,Silk,5.5 x 8.5,Vertical,Rectangle,16PT C2S,No Coating,Silk,n/a,4/1,250,Score in Half,No Gift Cards Slits,Yes 500 Envelopes A2
Majestic,Silk,4.25 x 11,Horizontal,Rectangle,16PT C2S,No Coating,Silk,n/a,4/4,250,Score in Half,No Gift Cards Slits,Yes 500 Envelopes A2
Majestic,Silk,5.5 x 8.5,Horizontal,Rectangle,16PT C2S,No Coating,Silk,n/a,4/4,250,Score in Half,No Gift Cards Slits,Yes 500 Envelopes A2
Majestic,Silk,4.25 x 11,Vertical,Rectangle,16PT C2S,No Coating,Silk,n/a,4/4,250,Score in Half,No Gift Cards Slits,Yes 500 Envelopes A2
Majestic,Silk,5.5 x 8.5,Vertical,Rectangle,16PT C2S,No Coating,Silk,n/a,4/4,250,Score in Half,No Gift Cards Slits,Yes 500 Envelopes A2
Majestic,Silk,4.25 x 11,Horizontal,Rectangle,16PT C2S,No Coating,Silk,n/a,4/0,500,Score in Half,No Gift Cards Slits,Yes 500 Envelopes A2
Majestic,Silk,5.5 x 8.5,Horizontal,Rectangle,16PT C2S,No Coating,Silk,n/a,4/0,500,Score in Half,No Gift Cards Slits,Yes 500 Envelopes A2
Majestic,Silk,4.25 x 11,Vertical,Rectangle,16PT C2S,No Coating,Silk,n/a,4/0,500,Score in Half,No Gift Cards Slits,Yes 500 Envelopes A2
Majestic,Silk,5.5 x 8.5,Vertical,Rectangle,16PT C2S,No Coating,Silk,n/a,4/0,500,Score in Half,No Gift Cards Slits,Yes 500 Envelopes A2
Majestic,Silk,4.25 x 11,Horizontal,Rectangle,16PT C2S,No Coating,Silk,n/a,4/1,500,Score in Half,No Gift Cards Slits,Yes 500 Envelopes A2
Majestic,Silk,5.5 x 8.5,Horizontal,Rectangle,16PT C2S,No Coating,Silk,n/a,4/1,500,Score in Half,No Gift Cards Slits,Yes 500 Envelopes A2
Majestic,Silk,4.25 x 11,Vertical,Rectangle,16PT C2S,No Coating,Silk,n/a,4/1,500,Score in Half,No Gift Cards Slits,Yes 500 Envelopes A2
Majestic,Silk,5.5 x 8.5,Vertical,Rectangle,16PT C2S,No Coating,Silk,n/a,4/1,500,Score in Half,No Gift Cards Slits,Yes 500 Envelopes A2
Majestic,Silk,4.25 x 11,Horizontal,Rectangle,16PT C2S,No Coating,Silk,n/a,4/4,500,Score in Half,No Gift Cards Slits,Yes 500 Envelopes A2
Majestic,Silk,5.5 x 8.5,Horizontal,Rectangle,16PT C2S,No Coating,Silk,n/a,4/4,500,Score in Half,No Gift Cards Slits,Yes 500 Envelopes A2
Majestic,Silk,4.25 x 11,Vertical,Rectangle,16PT C2S,No Coating,Silk,n/a,4/4,500,Score in Half,No Gift Cards Slits,Yes 500 Envelopes A2
Majestic,Silk,5.5 x 8.5,Vertical,Rectangle,16PT C2S,No Coating,Silk,n/a,4/4,500,Score in Half,No Gift Cards Slits,Yes 500 Envelopes A2
Majestic,Silk,4.25 x 11,Horizontal,Rectangle,16PT C2S,No Coating,Silk,n/a,4/0,1000,Score in Half,No Gift Cards Slits,Yes 500 Envelopes A2
Majestic,Silk,5.5 x 8.5,Horizontal,Rectangle,16PT C2S,No Coating,Silk,n/a,4/0,1000,Score in Half,No Gift Cards Slits,Yes 500 Envelopes A2
Majestic,Silk,4.25 x 11,Vertical,Rectangle,16PT C2S,No Coating,Silk,n/a,4/0,1000,Score in Half,No Gift Cards Slits,Yes 500 Envelopes A2
Majestic,Silk,5.5 x 8.5,Vertical,Rectangle,16PT C2S,No Coating,Silk,n/a,4/0,1000,Score in Half,No Gift Cards Slits,Yes 500 Envelopes A2
Majestic,Silk,4.25 x 11,Horizontal,Rectangle,16PT C2S,No Coating,Silk,n/a,4/1,1000,Score in Half,No Gift Cards Slits,Yes 500 Envelopes A2
Majestic,Silk,5.5 x 8.5,Horizontal,Rectangle,16PT C2S,No Coating,Silk,n/a,4/1,1000,Score in Half,No Gift Cards Slits,Yes 500 Envelopes A2
Majestic,Silk,4.25 x 11,Vertical,Rectangle,16PT C2S,No Coating,Silk,n/a,4/1,1000,Score in Half,No Gift Cards Slits,Yes 500 Envelopes A2
Majestic,Silk,5.5 x 8.5,Vertical,Rectangle,16PT C2S,No Coating,Silk,n/a,4/1,1000,Score in Half,No Gift Cards Slits,Yes 500 Envelopes A2
Majestic,Silk,4.25 x 11,Horizontal,Rectangle,16PT C2S,No Coating,Silk,n/a,4/4,1000,Score in Half,No Gift Cards Slits,Yes 500 Envelopes A2
Majestic,Silk,5.5 x 8.5,Horizontal,Rectangle,16PT C2S,No Coating,Silk,n/a,4/4,1000,Score in Half,No Gift Cards Slits,Yes 500 Envelopes A2
Majestic,Silk,4.25 x 11,Vertical,Rectangle,16PT C2S,No Coating,Silk,n/a,4/4,1000,Score in Half,No Gift Cards Slits,Yes 500 Envelopes A2
Majestic,Silk,5.5 x 8.5,Vertical,Rectangle,16PT C2S,No Coating,Silk,n/a,4/4,1000,Score in Half,No Gift Cards Slits,Yes 500 Envelopes A2
Majestic,Silk,4.25 x 11,Horizontal,Rectangle,16PT C2S,No Coating,Silk,n/a,4/0,2500,Score in Half,No Gift Cards Slits,Yes 500 Envelopes A2
Majestic,Silk,5.5 x 8.5,Horizontal,Rectangle,16PT C2S,No Coating,Silk,n/a,4/0,2500,Score in Half,No Gift Cards Slits,Yes 500 Envelopes A2
Majestic,Silk,4.25 x 11,Vertical,Rectangle,16PT C2S,No Coating,Silk,n/a,4/0,2500,Score in Half,No Gift Cards Slits,Yes 500 Envelopes A2
Majestic,Silk,5.5 x 8.5,Vertical,Rectangle,16PT C2S,No Coating,Silk,n/a,4/0,2500,Score in Half,No Gift Cards Slits,Yes 500 Envelopes A2
Majestic,Silk,4.25 x 11,Horizontal,Rectangle,16PT C2S,No Coating,Silk,n/a,4/1,2500,Score in Half,No Gift Cards Slits,Yes 500 Envelopes A2
Majestic,Silk,4.25 x 11,Vertical,Rectangle,16PT C2S,No Coating,Silk,n/a,4/1,100,Score in Half,No Gift Cards Slits,Yes 500 Envelopes A2
Majestic,Silk,4.25 x 11,Vertical,Rectangle,16PT C2S,No Coating,Silk,n/a,4/1,2500,Score in Half,No Gift Cards Slits,Yes 500 Envelopes A2
Majestic,Silk,5.5 x 8.5,Vertical,Rectangle,16PT C2S,No Coating,Silk,n/a,4/1,2500,Score in Half,No Gift Cards Slits,Yes 500 Envelopes A2
Majestic,Silk,4.25 x 11,Horizontal,Rectangle,16PT C2S,No Coating,Silk,n/a,4/4,2500,Score in Half,No Gift Cards Slits,Yes 500 Envelopes A2
Majestic,Silk,5.5 x 8.5,Horizontal,Rectangle,16PT C2S,No Coating,Silk,n/a,4/4,2500,Score in Half,No Gift Cards Slits,Yes 500 Envelopes A2
Majestic,Silk,4.25 x 11,Vertical,Rectangle,16PT C2S,No Coating,Silk,n/a,4/4,2500,Score in Half,No Gift Cards Slits,Yes 500 Envelopes A2
Majestic,Silk,5.5 x 8.5,Vertical,Rectangle,16PT C2S,No Coating,Silk,n/a,4/4,2500,Score in Half,No Gift Cards Slits,Yes 500 Envelopes A2
Majestic,Silk,4.25 x 11,Horizontal,Rectangle,16PT C2S,No Coating,Silk,n/a,4/0,5000,Score in Half,No Gift Cards Slits,Yes 500 Envelopes A2
Majestic,Silk,5.5 x 8.5,Horizontal,Rectangle,16PT C2S,No Coating,Silk,n/a,4/0,5000,Score in Half,No Gift Cards Slits,Yes 500 Envelopes A2
Majestic,Silk,4.25 x 11,Vertical,Rectangle,16PT C2S,No Coating,Silk,n/a,4/0,5000,Score in Half,No Gift Cards Slits,Yes 500 Envelopes A2
Majestic,Silk,5.5 x 8.5,Vertical,Rectangle,16PT C2S,No Coating,Silk,n/a,4/0,5000,Score in Half,No Gift Cards Slits,Yes 500 Envelopes A2
Majestic,Silk,4.25 x 11,Horizontal,Rectangle,16PT C2S,No Coating,Silk,n/a,4/1,5000,Score in Half,No Gift Cards Slits,Yes 500 Envelopes A2
Majestic,Silk,5.5 x 8.5,Horizontal,Rectangle,16PT C2S,No Coating,Silk,n/a,4/4,100,Score in Half,Moon Slits Right Panel,Yes 500 Envelopes A2
Majestic,Silk,5.5 x 8.5,Horizontal,Rectangle,16PT C2S,No Coating,Silk,n/a,4/0,25,Score in Half,No Gift Cards Slits,Yes 500 Envelopes A2
Majestic,Silk,5.5 x 8.5,Vertical,Rectangle,16PT C2S,No Coating,Silk,n/a,4/1,5000,Score in Half,No Gift Cards Slits,Yes 500 Envelopes A2
Majestic,Silk,4.25 x 11,Horizontal,Rectangle,16PT C2S,No Coating,Silk,n/a,4/4,5000,Score in Half,No Gift Cards Slits,Yes 500 Envelopes A2
Majestic,Silk,5.5 x 8.5,Horizontal,Rectangle,16PT C2S,No Coating,Silk,n/a,4/4,5000,Score in Half,No Gift Cards Slits,Yes 500 Envelopes A2
Majestic,Silk,4.25 x 11,Vertical,Rectangle,16PT C2S,No Coating,Silk,n/a,4/4,5000,Score in Half,No Gift Cards Slits,Yes 500 Envelopes A2
Majestic,Silk,5.5 x 8.5,Vertical,Rectangle,16PT C2S,No Coating,Silk,n/a,4/4,5000,Score in Half,No Gift Cards Slits,Yes 500 Envelopes A2
Majestic,Silk,4.25 x 11,Horizontal,Rectangle,16PT C2S,No Coating,Silk,n/a,4/0,10000,Score in Half,No Gift Cards Slits,Yes 500 Envelopes A2
Majestic,Silk,5.5 x 8.5,Horizontal,Rectangle,16PT C2S,No Coating,Silk,n/a,4/0,10000,Score in Half,No Gift Cards Slits,Yes 500 Envelopes A2
Majestic,Silk,5.5 x 8.5,Horizontal,Rectangle,16PT C2S,No Coating,Silk,n/a,4/1,5000,Score in Half,No Gift Cards Slits,Yes 500 Envelopes A2
Majestic,Silk,5.5 x 8.5,Vertical,Rectangle,16PT C2S,No Coating,Silk,n/a,4/0,10000,Score in Half,No Gift Cards Slits,Yes 500 Envelopes A2
Majestic,Silk,4.25 x 11,Horizontal,Rectangle,16PT C2S,No Coating,Silk,n/a,4/1,10000,Score in Half,No Gift Cards Slits,Yes 500 Envelopes A2
Majestic,Silk,5.5 x 8.5,Horizontal,Rectangle,16PT C2S,No Coating,Silk,n/a,4/1,10000,Score in Half,No Gift Cards Slits,Yes 500 Envelopes A2
Majestic,Silk,4.25 x 11,Vertical,Rectangle,16PT C2S,No Coating,Silk,n/a,4/1,10000,Score in Half,No Gift Cards Slits,Yes 500 Envelopes A2
Majestic,Silk,5.5 x 8.5,Vertical,Rectangle,16PT C2S,No Coating,Silk,n/a,4/1,10000,Score in Half,No Gift Cards Slits,Yes 500 Envelopes A2
Majestic,Silk,4.25 x 11,Horizontal,Rectangle,16PT C2S,No Coating,Silk,n/a,4/4,10000,Score in Half,No Gift Cards Slits,Yes 500 Envelopes A2
Majestic,Silk,5.5 x 8.5,Horizontal,Rectangle,16PT C2S,No Coating,Silk,n/a,4/4,10000,Score in Half,No Gift Cards Slits,Yes 500 Envelopes A2
Majestic,Silk,4.25 x 11,Vertical,Rectangle,16PT C2S,No Coating,Silk,n/a,4/4,10000,Score in Half,No Gift Cards Slits,Yes 500 Envelopes A2
Majestic,Silk,5.5 x 8.5,Vertical,Rectangle,16PT C2S,No Coating,Silk,n/a,4/4,10000,Score in Half,No Gift Cards Slits,Yes 500 Envelopes A2
Majestic,Silk,4.25 x 11,Horizontal,Rectangle,16PT C2S,No Coating,Silk,n/a,4/0,25,Score in Half,Slide Slits Bottom Panel,Yes 500 Envelopes A2
Majestic,Silk,5.5 x 8.5,Horizontal,Rectangle,16PT C2S,No Coating,Silk,n/a,4/0,25,Score in Half,Slide Slits Bottom Panel,Yes 500 Envelopes A2
Majestic,Silk,4.25 x 11,Vertical,Rectangle,16PT C2S,No Coating,Silk,n/a,4/0,25,Score in Half,Slide Slits Bottom Panel,Yes 500 Envelopes A2
Majestic,Silk,5.5 x 8.5,Vertical,Rectangle,16PT C2S,No Coating,Silk,n/a,4/0,25,Score in Half,Slide Slits Bottom Panel,Yes 500 Envelopes A2
Majestic,Silk,4.25 x 11,Horizontal,Rectangle,16PT C2S,No Coating,Silk,n/a,4/1,25,Score in Half,Slide Slits Bottom Panel,Yes 500 Envelopes A2
Majestic,Silk,4.25 x 11,Vertical,Rectangle,16PT C2S,No Coating,Silk,n/a,4/1,5000,Score in Half,No Gift Cards Slits,Yes 500 Envelopes A2
Majestic,Silk,4.25 x 11,Vertical,Rectangle,16PT C2S,No Coating,Silk,n/a,4/1,25,Score in Half,Slide Slits Bottom Panel,Yes 500 Envelopes A2
Majestic,Silk,5.5 x 8.5,Vertical,Rectangle,16PT C2S,No Coating,Silk,n/a,4/1,25,Score in Half,Slide Slits Bottom Panel,Yes 500 Envelopes A2
Majestic,Silk,4.25 x 11,Horizontal,Rectangle,16PT C2S,No Coating,Silk,n/a,4/4,25,Score in Half,Slide Slits Bottom Panel,Yes 500 Envelopes A2
Majestic,Silk,5.5 x 8.5,Horizontal,Rectangle,16PT C2S,No Coating,Silk,n/a,4/4,25,Score in Half,Slide Slits Bottom Panel,Yes 500 Envelopes A2
Majestic,Silk,4.25 x 11,Vertical,Rectangle,16PT C2S,No Coating,Silk,n/a,4/4,25,Score in Half,Slide Slits Bottom Panel,Yes 500 Envelopes A2
Majestic,Silk,5.5 x 8.5,Vertical,Rectangle,16PT C2S,No Coating,Silk,n/a,4/4,25,Score in Half,Slide Slits Bottom Panel,Yes 500 Envelopes A2
Majestic,Silk,4.25 x 11,Horizontal,Rectangle,16PT C2S,No Coating,Silk,n/a,4/0,50,Score in Half,Slide Slits Bottom Panel,Yes 500 Envelopes A2
Majestic,Silk,5.5 x 8.5,Horizontal,Rectangle,16PT C2S,No Coating,Silk,n/a,4/0,50,Score in Half,Slide Slits Bottom Panel,Yes 500 Envelopes A2
Majestic,Silk,4.25 x 11,Vertical,Rectangle,16PT C2S,No Coating,Silk,n/a,4/0,50,Score in Half,Slide Slits Bottom Panel,Yes 500 Envelopes A2
Majestic,Silk,5.5 x 8.5,Vertical,Rectangle,16PT C2S,No Coating,Silk,n/a,4/0,50,Score in Half,Slide Slits Bottom Panel,Yes 500 Envelopes A2
Majestic,Silk,4.25 x 11,Horizontal,Rectangle,16PT C2S,No Coating,Silk,n/a,4/1,50,Score in Half,Slide Slits Bottom Panel,Yes 500 Envelopes A2
Majestic,Silk,5.5 x 8.5,Horizontal,Rectangle,16PT C2S,No Coating,Silk,n/a,4/1,50,Score in Half,Slide Slits Bottom Panel,Yes 500 Envelopes A2
Majestic,Silk,4.25 x 11,Vertical,Rectangle,16PT C2S,No Coating,Silk,n/a,4/1,50,Score in Half,Slide Slits Bottom Panel,Yes 500 Envelopes A2
Majestic,Silk,5.5 x 8.5,Vertical,Rectangle,16PT C2S,No Coating,Silk,n/a,4/1,50,Score in Half,Slide Slits Bottom Panel,Yes 500 Envelopes A2
Majestic,Silk,4.25 x 11,Horizontal,Rectangle,16PT C2S,No Coating,Silk,n/a,4/4,50,Score in Half,Slide Slits Bottom Panel,Yes 500 Envelopes A2
Majestic,Silk,5.5 x 8.5,Horizontal,Rectangle,16PT C2S,No Coating,Silk,n/a,4/4,50,Score in Half,Slide Slits Bottom Panel,Yes 500 Envelopes A2
Majestic,Silk,4.25 x 11,Vertical,Rectangle,16PT C2S,No Coating,Silk,n/a,4/4,50,Score in Half,Slide Slits Bottom Panel,Yes 500 Envelopes A2
Majestic,Silk,5.5 x 8.5,Vertical,Rectangle,16PT C2S,No Coating,Silk,n/a,4/4,50,Score in Half,Slide Slits Bottom Panel,Yes 500 Envelopes A2
Majestic,Silk,4.25 x 11,Horizontal,Rectangle,16PT C2S,No Coating,Silk,n/a,4/0,75,Score in Half,Slide Slits Bottom Panel,Yes 500 Envelopes A2
Majestic,Silk,5.5 x 8.5,Horizontal,Rectangle,16PT C2S,No Coating,Silk,n/a,4/0,75,Score in Half,Slide Slits Bottom Panel,Yes 500 Envelopes A2
Majestic,Silk,4.25 x 11,Vertical,Rectangle,16PT C2S,No Coating,Silk,n/a,4/0,75,Score in Half,Slide Slits Bottom Panel,Yes 500 Envelopes A2
Majestic,Silk,5.5 x 8.5,Vertical,Rectangle,16PT C2S,No Coating,Silk,n/a,4/0,75,Score in Half,Slide Slits Bottom Panel,Yes 500 Envelopes A2
Majestic,Silk,4.25 x 11,Horizontal,Rectangle,16PT C2S,No Coating,Silk,n/a,4/1,75,Score in Half,Slide Slits Bottom Panel,Yes 500 Envelopes A2
Majestic,Silk,5.5 x 8.5,Horizontal,Rectangle,16PT C2S,No Coating,Silk,n/a,4/1,75,Score in Half,Slide Slits Bottom Panel,Yes 500 Envelopes A2
Majestic,Silk,4.25 x 11,Vertical,Rectangle,16PT C2S,No Coating,Silk,n/a,4/1,75,Score in Half,Slide Slits Bottom Panel,Yes 500 Envelopes A2
Majestic,Silk,5.5 x 8.5,Vertical,Rectangle,16PT C2S,No Coating,Silk,n/a,4/1,75,Score in Half,Slide Slits Bottom Panel,Yes 500 Envelopes A2
Majestic,Silk,4.25 x 11,Horizontal,Rectangle,16PT C2S,No Coating,Silk,n/a,4/4,75,Score in Half,Slide Slits Bottom Panel,Yes 500 Envelopes A2
Majestic,Silk,5.5 x 8.5,Horizontal,Rectangle,16PT C2S,No Coating,Silk,n/a,4/4,75,Score in Half,Slide Slits Bottom Panel,Yes 500 Envelopes A2
Majestic,Silk,4.25 x 11,Vertical,Rectangle,16PT C2S,No Coating,Silk,n/a,4/4,75,Score in Half,Slide Slits Bottom Panel,Yes 500 Envelopes A2
Majestic,Silk,5.5 x 8.5,Vertical,Rectangle,16PT C2S,No Coating,Silk,n/a,4/4,75,Score in Half,Slide Slits Bottom Panel,Yes 500 Envelopes A2
Majestic,Silk,4.25 x 11,Horizontal,Rectangle,16PT C2S,No Coating,Silk,n/a,4/0,100,Score in Half,Slide Slits Bottom Panel,Yes 500 Envelopes A2
Majestic,Silk,5.5 x 8.5,Horizontal,Rectangle,16PT C2S,No Coating,Silk,n/a,4/1,2500,Score in Half,No Gift Cards Slits,Yes 500 Envelopes A2
Majestic,Silk,4.25 x 11,Vertical,Rectangle,16PT C2S,No Coating,Silk,n/a,4/0,100,Score in Half,Slide Slits Bottom Panel,Yes 500 Envelopes A2
Majestic,Silk,5.5 x 8.5,Vertical,Rectangle,16PT C2S,No Coating,Silk,n/a,4/0,100,Score in Half,Slide Slits Bottom Panel,Yes 500 Envelopes A2
Majestic,Silk,4.25 x 11,Horizontal,Rectangle,16PT C2S,No Coating,Silk,n/a,4/1,100,Score in Half,Slide Slits Bottom Panel,Yes 500 Envelopes A2
Majestic,Silk,5.5 x 8.5,Horizontal,Rectangle,16PT C2S,No Coating,Silk,n/a,4/1,100,Score in Half,Slide Slits Bottom Panel,Yes 500 Envelopes A2
Majestic,Silk,4.25 x 11,Vertical,Rectangle,16PT C2S,No Coating,Silk,n/a,4/1,100,Score in Half,Slide Slits Bottom Panel,Yes 500 Envelopes A2
Majestic,Silk,4.25 x 11,Vertical,Rectangle,16PT C2S,No Coating,Silk,n/a,4/0,10000,Score in Half,No Gift Cards Slits,Yes 500 Envelopes A2
Majestic,Silk,4.25 x 11,Horizontal,Rectangle,16PT C2S,No Coating,Silk,n/a,4/4,100,Score in Half,Slide Slits Bottom Panel,Yes 500 Envelopes A2
Majestic,Silk,5.5 x 8.5,Horizontal,Rectangle,16PT C2S,No Coating,Silk,n/a,4/4,100,Score in Half,Slide Slits Bottom Panel,Yes 500 Envelopes A2
Majestic,Silk,4.25 x 11,Vertical,Rectangle,16PT C2S,No Coating,Silk,n/a,4/4,100,Score in Half,Slide Slits Bottom Panel,Yes 500 Envelopes A2
Majestic,Silk,5.5 x 8.5,Vertical,Rectangle,16PT C2S,No Coating,Silk,n/a,4/4,100,Score in Half,Slide Slits Bottom Panel,Yes 500 Envelopes A2
Majestic,Silk,4.25 x 11,Horizontal,Rectangle,16PT C2S,No Coating,Silk,n/a,4/0,250,Score in Half,Slide Slits Bottom Panel,Yes 500 Envelopes A2
Majestic,Silk,5.5 x 8.5,Horizontal,Rectangle,16PT C2S,No Coating,Silk,n/a,4/1,25,Score in Half,Slide Slits Bottom Panel,Yes 500 Envelopes A2
Majestic,Silk,4.25 x 11,Vertical,Rectangle,16PT C2S,No Coating,Silk,n/a,4/0,250,Score in Half,Slide Slits Bottom Panel,Yes 500 Envelopes A2
Majestic,Silk,5.5 x 8.5,Vertical,Rectangle,16PT C2S,No Coating,Silk,n/a,4/0,250,Score in Half,Slide Slits Bottom Panel,Yes 500 Envelopes A2
Majestic,Silk,4.25 x 11,Horizontal,Rectangle,16PT C2S,No Coating,Silk,n/a,4/1,250,Score in Half,Slide Slits Bottom Panel,Yes 500 Envelopes A2
Majestic,Silk,5.5 x 8.5,Horizontal,Rectangle,16PT C2S,No Coating,Silk,n/a,4/1,250,Score in Half,Slide Slits Bottom Panel,Yes 500 Envelopes A2
Majestic,Silk,4.25 x 11,Vertical,Rectangle,16PT C2S,No Coating,Silk,n/a,4/1,250,Score in Half,Slide Slits Bottom Panel,Yes 500 Envelopes A2
Majestic,Silk,5.5 x 8.5,Vertical,Rectangle,16PT C2S,No Coating,Silk,n/a,4/1,100,Score in Half,Slide Slits Bottom Panel,Yes 500 Envelopes A2
Majestic,Silk,4.25 x 11,Horizontal,Rectangle,16PT C2S,No Coating,Silk,n/a,4/4,250,Score in Half,Slide Slits Bottom Panel,Yes 500 Envelopes A2
Majestic,Silk,5.5 x 8.5,Horizontal,Rectangle,16PT C2S,No Coating,Silk,n/a,4/4,250,Score in Half,Slide Slits Bottom Panel,Yes 500 Envelopes A2
Majestic,Silk,4.25 x 11,Vertical,Rectangle,16PT C2S,No Coating,Silk,n/a,4/4,250,Score in Half,Slide Slits Bottom Panel,Yes 500 Envelopes A2
Majestic,Silk,5.5 x 8.5,Vertical,Rectangle,16PT C2S,No Coating,Silk,n/a,4/4,250,Score in Half,Slide Slits Bottom Panel,Yes 500 Envelopes A2
Majestic,Silk,4.25 x 11,Horizontal,Rectangle,16PT C2S,No Coating,Silk,n/a,4/0,500,Score in Half,Slide Slits Bottom Panel,Yes 500 Envelopes A2
Majestic,Silk,5.5 x 8.5,Horizontal,Rectangle,16PT C2S,No Coating,Silk,n/a,4/0,500,Score in Half,Slide Slits Bottom Panel,Yes 500 Envelopes A2
Majestic,Silk,4.25 x 11,Vertical,Rectangle,16PT C2S,No Coating,Silk,n/a,4/0,500,Score in Half,Slide Slits Bottom Panel,Yes 500 Envelopes A2
Majestic,Silk,5.5 x 8.5,Vertical,Rectangle,16PT C2S,No Coating,Silk,n/a,4/0,500,Score in Half,Slide Slits Bottom Panel,Yes 500 Envelopes A2
Majestic,Silk,4.25 x 11,Horizontal,Rectangle,16PT C2S,No Coating,Silk,n/a,4/1,500,Score in Half,Slide Slits Bottom Panel,Yes 500 Envelopes A2
Majestic,Silk,5.5 x 8.5,Horizontal,Rectangle,16PT C2S,No Coating,Silk,n/a,4/1,500,Score in Half,Slide Slits Bottom Panel,Yes 500 Envelopes A2
Majestic,Silk,4.25 x 11,Vertical,Rectangle,16PT C2S,No Coating,Silk,n/a,4/1,500,Score in Half,Slide Slits Bottom Panel,Yes 500 Envelopes A2
Majestic,Silk,5.5 x 8.5,Vertical,Rectangle,16PT C2S,No Coating,Silk,n/a,4/1,500,Score in Half,Slide Slits Bottom Panel,Yes 500 Envelopes A2
Majestic,Silk,4.25 x 11,Horizontal,Rectangle,16PT C2S,No Coating,Silk,n/a,4/4,500,Score in Half,Slide Slits Bottom Panel,Yes 500 Envelopes A2
Majestic,Silk,5.5 x 8.5,Horizontal,Rectangle,16PT C2S,No Coating,Silk,n/a,4/4,500,Score in Half,Slide Slits Bottom Panel,Yes 500 Envelopes A2
Majestic,Silk,4.25 x 11,Vertical,Rectangle,16PT C2S,No Coating,Silk,n/a,4/4,500,Score in Half,Slide Slits Bottom Panel,Yes 500 Envelopes A2
Majestic,Silk,5.5 x 8.5,Vertical,Rectangle,16PT C2S,No Coating,Silk,n/a,4/4,500,Score in Half,Slide Slits Bottom Panel,Yes 500 Envelopes A2
Majestic,Silk,4.25 x 11,Horizontal,Rectangle,16PT C2S,No Coating,Silk,n/a,4/0,1000,Score in Half,Slide Slits Bottom Panel,Yes 500 Envelopes A2
Majestic,Silk,5.5 x 8.5,Horizontal,Rectangle,16PT C2S,No Coating,Silk,n/a,4/0,1000,Score in Half,Slide Slits Bottom Panel,Yes 500 Envelopes A2
Majestic,Silk,4.25 x 11,Vertical,Rectangle,16PT C2S,No Coating,Silk,n/a,4/0,1000,Score in Half,Slide Slits Bottom Panel,Yes 500 Envelopes A2
Majestic,Silk,5.5 x 8.5,Vertical,Rectangle,16PT C2S,No Coating,Silk,n/a,4/0,1000,Score in Half,Slide Slits Bottom Panel,Yes 500 Envelopes A2
Majestic,Silk,4.25 x 11,Horizontal,Rectangle,16PT C2S,No Coating,Silk,n/a,4/1,1000,Score in Half,Slide Slits Bottom Panel,Yes 500 Envelopes A2
Majestic,Silk,5.5 x 8.5,Horizontal,Rectangle,16PT C2S,No Coating,Silk,n/a,4/1,1000,Score in Half,Slide Slits Bottom Panel,Yes 500 Envelopes A2
Majestic,Silk,4.25 x 11,Vertical,Rectangle,16PT C2S,No Coating,Silk,n/a,4/1,1000,Score in Half,Slide Slits Bottom Panel,Yes 500 Envelopes A2
Majestic,Silk,5.5 x 8.5,Vertical,Rectangle,16PT C2S,No Coating,Silk,n/a,4/1,1000,Score in Half,Slide Slits Bottom Panel,Yes 500 Envelopes A2
Majestic,Silk,4.25 x 11,Horizontal,Rectangle,16PT C2S,No Coating,Silk,n/a,4/4,1000,Score in Half,Slide Slits Bottom Panel,Yes 500 Envelopes A2
Majestic,Silk,5.5 x 8.5,Horizontal,Rectangle,16PT C2S,No Coating,Silk,n/a,4/4,1000,Score in Half,Slide Slits Bottom Panel,Yes 500 Envelopes A2
Majestic,Silk,4.25 x 11,Vertical,Rectangle,16PT C2S,No Coating,Silk,n/a,4/4,1000,Score in Half,Slide Slits Bottom Panel,Yes 500 Envelopes A2
Majestic,Silk,5.5 x 8.5,Vertical,Rectangle,16PT C2S,No Coating,Silk,n/a,4/4,1000,Score in Half,Slide Slits Bottom Panel,Yes 500 Envelopes A2
Majestic,Silk,4.25 x 11,Horizontal,Rectangle,16PT C2S,No Coating,Silk,n/a,4/0,2500,Score in Half,Slide Slits Bottom Panel,Yes 500 Envelopes A2
Majestic,Silk,5.5 x 8.5,Horizontal,Rectangle,16PT C2S,No Coating,Silk,n/a,4/0,2500,Score in Half,Slide Slits Bottom Panel,Yes 500 Envelopes A2
Majestic,Silk,4.25 x 11,Vertical,Rectangle,16PT C2S,No Coating,Silk,n/a,4/0,2500,Score in Half,Slide Slits Bottom Panel,Yes 500 Envelopes A2
Majestic,Silk,5.5 x 8.5,Vertical,Rectangle,16PT C2S,No Coating,Silk,n/a,4/0,2500,Score in Half,Slide Slits Bottom Panel,Yes 500 Envelopes A2
Majestic,Silk,4.25 x 11,Horizontal,Rectangle,16PT C2S,No Coating,Silk,n/a,4/1,2500,Score in Half,Slide Slits Bottom Panel,Yes 500 Envelopes A2
Majestic,Silk,5.5 x 8.5,Horizontal,Rectangle,16PT C2S,No Coating,Silk,n/a,4/1,2500,Score in Half,Slide Slits Bottom Panel,Yes 500 Envelopes A2
Majestic,Silk,5.5 x 8.5,Horizontal,Rectangle,16PT C2S,No Coating,Silk,n/a,4/0,250,Score in Half,Slide Slits Bottom Panel,Yes 500 Envelopes A2
Majestic,Silk,5.5 x 8.5,Vertical,Rectangle,16PT C2S,No Coating,Silk,n/a,4/1,2500,Score in Half,Slide Slits Bottom Panel,Yes 500 Envelopes A2
Majestic,Silk,4.25 x 11,Horizontal,Rectangle,16PT C2S,No Coating,Silk,n/a,4/4,2500,Score in Half,Slide Slits Bottom Panel,Yes 500 Envelopes A2
Majestic,Silk,5.5 x 8.5,Horizontal,Rectangle,16PT C2S,No Coating,Silk,n/a,4/4,2500,Score in Half,Slide Slits Bottom Panel,Yes 500 Envelopes A2
Majestic,Silk,4.25 x 11,Vertical,Rectangle,16PT C2S,No Coating,Silk,n/a,4/4,2500,Score in Half,Slide Slits Bottom Panel,Yes 500 Envelopes A2
Majestic,Silk,5.5 x 8.5,Vertical,Rectangle,16PT C2S,No Coating,Silk,n/a,4/4,2500,Score in Half,Slide Slits Bottom Panel,Yes 500 Envelopes A2
Majestic,Silk,4.25 x 11,Horizontal,Rectangle,16PT C2S,No Coating,Silk,n/a,4/0,5000,Score in Half,Slide Slits Bottom Panel,Yes 500 Envelopes A2
Majestic,Silk,5.5 x 8.5,Horizontal,Rectangle,16PT C2S,No Coating,Silk,n/a,4/0,5000,Score in Half,Slide Slits Bottom Panel,Yes 500 Envelopes A2
Majestic,Silk,4.25 x 11,Vertical,Rectangle,16PT C2S,No Coating,Silk,n/a,4/0,5000,Score in Half,Slide Slits Bottom Panel,Yes 500 Envelopes A2
Majestic,Silk,5.5 x 8.5,Vertical,Rectangle,16PT C2S,No Coating,Silk,n/a,4/0,5000,Score in Half,Slide Slits Bottom Panel,Yes 500 Envelopes A2
Majestic,Silk,4.25 x 11,Horizontal,Rectangle,16PT C2S,No Coating,Silk,n/a,4/1,5000,Score in Half,Slide Slits Bottom Panel,Yes 500 Envelopes A2
Majestic,Silk,5.5 x 8.5,Horizontal,Rectangle,16PT C2S,No Coating,Silk,n/a,4/1,5000,Score in Half,Slide Slits Bottom Panel,Yes 500 Envelopes A2
Majestic,Silk,4.25 x 11,Vertical,Rectangle,16PT C2S,No Coating,Silk,n/a,4/1,5000,Score in Half,Slide Slits Bottom Panel,Yes 500 Envelopes A2
Majestic,Silk,5.5 x 8.5,Vertical,Rectangle,16PT C2S,No Coating,Silk,n/a,4/1,5000,Score in Half,Slide Slits Bottom Panel,Yes 500 Envelopes A2
Majestic,Silk,4.25 x 11,Horizontal,Rectangle,16PT C2S,No Coating,Silk,n/a,4/4,5000,Score in Half,Slide Slits Bottom Panel,Yes 500 Envelopes A2
Majestic,Silk,4.25 x 11,Vertical,Rectangle,16PT C2S,No Coating,Silk,n/a,4/4,5000,Score in Half,Slide Slits Bottom Panel,Yes 500 Envelopes A2
Majestic,Silk,5.5 x 8.5,Horizontal,Rectangle,16PT C2S,No Coating,Silk,n/a,4/4,5000,Score in Half,Slide Slits Bottom Panel,Yes 500 Envelopes A2
Majestic,Silk,5.5 x 8.5,Vertical,Rectangle,16PT C2S,No Coating,Silk,n/a,4/4,5000,Score in Half,Slide Slits Bottom Panel,Yes 500 Envelopes A2
Majestic,Silk,4.25 x 11,Horizontal,Rectangle,16PT C2S,No Coating,Silk,n/a,4/0,10000,Score in Half,Slide Slits Bottom Panel,Yes 500 Envelopes A2
Majestic,Silk,5.5 x 8.5,Horizontal,Rectangle,16PT C2S,No Coating,Silk,n/a,4/0,10000,Score in Half,Slide Slits Bottom Panel,Yes 500 Envelopes A2
Majestic,Silk,4.25 x 11,Vertical,Rectangle,16PT C2S,No Coating,Silk,n/a,4/0,10000,Score in Half,Slide Slits Bottom Panel,Yes 500 Envelopes A2
Majestic,Silk,5.5 x 8.5,Vertical,Rectangle,16PT C2S,No Coating,Silk,n/a,4/0,10000,Score in Half,Slide Slits Bottom Panel,Yes 500 Envelopes A2
Majestic,Silk,4.25 x 11,Horizontal,Rectangle,16PT C2S,No Coating,Silk,n/a,4/1,10000,Score in Half,Slide Slits Bottom Panel,Yes 500 Envelopes A2
Majestic,Silk,5.5 x 8.5,Horizontal,Rectangle,16PT C2S,No Coating,Silk,n/a,4/1,10000,Score in Half,Slide Slits Bottom Panel,Yes 500 Envelopes A2
Majestic,Silk,4.25 x 11,Vertical,Rectangle,16PT C2S,No Coating,Silk,n/a,4/1,10000,Score in Half,Slide Slits Bottom Panel,Yes 500 Envelopes A2
Majestic,Silk,5.5 x 8.5,Vertical,Rectangle,16PT C2S,No Coating,Silk,n/a,4/1,10000,Score in Half,Slide Slits Bottom Panel,Yes 500 Envelopes A2
Majestic,Silk,4.25 x 11,Horizontal,Rectangle,16PT C2S,No Coating,Silk,n/a,4/4,10000,Score in Half,Slide Slits Bottom Panel,Yes 500 Envelopes A2
Majestic,Silk,5.5 x 8.5,Horizontal,Rectangle,16PT C2S,No Coating,Silk,n/a,4/4,10000,Score in Half,Slide Slits Bottom Panel,Yes 500 Envelopes A2
Majestic,Silk,4.25 x 11,Vertical,Rectangle,16PT C2S,No Coating,Silk,n/a,4/4,10000,Score in Half,Slide Slits Bottom Panel,Yes 500 Envelopes A2
Majestic,Silk,5.5 x 8.5,Vertical,Rectangle,16PT C2S,No Coating,Silk,n/a,4/4,10000,Score in Half,Slide Slits Bottom Panel,Yes 500 Envelopes A2
Majestic,Silk,4.25 x 11,Horizontal,Rectangle,16PT C2S,No Coating,Silk,n/a,4/0,25,Score in Half,Slide Slits Right Panel,Yes 500 Envelopes A2
Majestic,Silk,5.5 x 8.5,Horizontal,Rectangle,16PT C2S,No Coating,Silk,n/a,4/0,25,Score in Half,Slide Slits Right Panel,Yes 500 Envelopes A2
Majestic,Silk,4.25 x 11,Vertical,Rectangle,16PT C2S,No Coating,Silk,n/a,4/0,25,Score in Half,Slide Slits Right Panel,Yes 500 Envelopes A2
Majestic,Silk,5.5 x 8.5,Vertical,Rectangle,16PT C2S,No Coating,Silk,n/a,4/0,25,Score in Half,Slide Slits Right Panel,Yes 500 Envelopes A2
Majestic,Silk,4.25 x 11,Horizontal,Rectangle,16PT C2S,No Coating,Silk,n/a,4/1,25,Score in Half,Slide Slits Right Panel,Yes 500 Envelopes A2
Majestic,Silk,5.5 x 8.5,Horizontal,Rectangle,16PT C2S,No Coating,Silk,n/a,4/1,25,Score in Half,Slide Slits Right Panel,Yes 500 Envelopes A2
Majestic,Silk,4.25 x 11,Vertical,Rectangle,16PT C2S,No Coating,Silk,n/a,4/1,25,Score in Half,Slide Slits Right Panel,Yes 500 Envelopes A2
Majestic,Silk,5.5 x 8.5,Vertical,Rectangle,16PT C2S,No Coating,Silk,n/a,4/1,25,Score in Half,Slide Slits Right Panel,Yes 500 Envelopes A2
Majestic,Silk,4.25 x 11,Horizontal,Rectangle,16PT C2S,No Coating,Silk,n/a,4/4,25,Score in Half,Slide Slits Right Panel,Yes 500 Envelopes A2
Majestic,Silk,5.5 x 8.5,Horizontal,Rectangle,16PT C2S,No Coating,Silk,n/a,4/4,25,Score in Half,Slide Slits Right Panel,Yes 500 Envelopes A2
Majestic,Silk,4.25 x 11,Vertical,Rectangle,16PT C2S,No Coating,Silk,n/a,4/4,25,Score in Half,Slide Slits Right Panel,Yes 500 Envelopes A2
Majestic,Silk,5.5 x 8.5,Vertical,Rectangle,16PT C2S,No Coating,Silk,n/a,4/4,25,Score in Half,Slide Slits Right Panel,Yes 500 Envelopes A2
Majestic,Silk,4.25 x 11,Horizontal,Rectangle,16PT C2S,No Coating,Silk,n/a,4/0,50,Score in Half,Slide Slits Right Panel,Yes 500 Envelopes A2
Majestic,Silk,5.5 x 8.5,Horizontal,Rectangle,16PT C2S,No Coating,Silk,n/a,4/0,50,Score in Half,Slide Slits Right Panel,Yes 500 Envelopes A2
Majestic,Silk,4.25 x 11,Vertical,Rectangle,16PT C2S,No Coating,Silk,n/a,4/0,50,Score in Half,Slide Slits Right Panel,Yes 500 Envelopes A2
Majestic,Silk,5.5 x 8.5,Vertical,Rectangle,16PT C2S,No Coating,Silk,n/a,4/0,50,Score in Half,Slide Slits Right Panel,Yes 500 Envelopes A2
Majestic,Silk,4.25 x 11,Horizontal,Rectangle,16PT C2S,No Coating,Silk,n/a,4/1,50,Score in Half,Slide Slits Right Panel,Yes 500 Envelopes A2
Majestic,Silk,5.5 x 8.5,Horizontal,Rectangle,16PT C2S,No Coating,Silk,n/a,4/1,50,Score in Half,Slide Slits Right Panel,Yes 500 Envelopes A2
Majestic,Silk,4.25 x 11,Vertical,Rectangle,16PT C2S,No Coating,Silk,n/a,4/1,50,Score in Half,Slide Slits Right Panel,Yes 500 Envelopes A2
Majestic,Silk,5.5 x 8.5,Vertical,Rectangle,16PT C2S,No Coating,Silk,n/a,4/1,50,Score in Half,Slide Slits Right Panel,Yes 500 Envelopes A2
Majestic,Silk,4.25 x 11,Horizontal,Rectangle,16PT C2S,No Coating,Silk,n/a,4/4,50,Score in Half,Slide Slits Right Panel,Yes 500 Envelopes A2
Majestic,Silk,5.5 x 8.5,Horizontal,Rectangle,16PT C2S,No Coating,Silk,n/a,4/4,50,Score in Half,Slide Slits Right Panel,Yes 500 Envelopes A2
Majestic,Silk,4.25 x 11,Vertical,Rectangle,16PT C2S,No Coating,Silk,n/a,4/4,50,Score in Half,Slide Slits Right Panel,Yes 500 Envelopes A2
Majestic,Silk,5.5 x 8.5,Vertical,Rectangle,16PT C2S,No Coating,Silk,n/a,4/4,50,Score in Half,Slide Slits Right Panel,Yes 500 Envelopes A2
Majestic,Silk,4.25 x 11,Horizontal,Rectangle,16PT C2S,No Coating,Silk,n/a,4/0,75,Score in Half,Slide Slits Right Panel,Yes 500 Envelopes A2
Majestic,Silk,5.5 x 8.5,Horizontal,Rectangle,16PT C2S,No Coating,Silk,n/a,4/0,75,Score in Half,Slide Slits Right Panel,Yes 500 Envelopes A2
Majestic,Silk,4.25 x 11,Vertical,Rectangle,16PT C2S,No Coating,Silk,n/a,4/0,75,Score in Half,Slide Slits Right Panel,Yes 500 Envelopes A2
Majestic,Silk,5.5 x 8.5,Vertical,Rectangle,16PT C2S,No Coating,Silk,n/a,4/0,75,Score in Half,Slide Slits Right Panel,Yes 500 Envelopes A2
Majestic,Silk,4.25 x 11,Horizontal,Rectangle,16PT C2S,No Coating,Silk,n/a,4/1,75,Score in Half,Slide Slits Right Panel,Yes 500 Envelopes A2
Majestic,Silk,5.5 x 8.5,Horizontal,Rectangle,16PT C2S,No Coating,Silk,n/a,4/1,75,Score in Half,Slide Slits Right Panel,Yes 500 Envelopes A2
Majestic,Silk,4.25 x 11,Vertical,Rectangle,16PT C2S,No Coating,Silk,n/a,4/1,75,Score in Half,Slide Slits Right Panel,Yes 500 Envelopes A2
Majestic,Silk,5.5 x 8.5,Vertical,Rectangle,16PT C2S,No Coating,Silk,n/a,4/1,75,Score in Half,Slide Slits Right Panel,Yes 500 Envelopes A2
Majestic,Silk,4.25 x 11,Horizontal,Rectangle,16PT C2S,No Coating,Silk,n/a,4/4,75,Score in Half,Slide Slits Right Panel,Yes 500 Envelopes A2
Majestic,Silk,5.5 x 8.5,Horizontal,Rectangle,16PT C2S,No Coating,Silk,n/a,4/4,75,Score in Half,Slide Slits Right Panel,Yes 500 Envelopes A2
Majestic,Silk,4.25 x 11,Vertical,Rectangle,16PT C2S,No Coating,Silk,n/a,4/4,75,Score in Half,Slide Slits Right Panel,Yes 500 Envelopes A2
Majestic,Silk,5.5 x 8.5,Vertical,Rectangle,16PT C2S,No Coating,Silk,n/a,4/4,75,Score in Half,Slide Slits Right Panel,Yes 500 Envelopes A2
Majestic,Silk,4.25 x 11,Horizontal,Rectangle,16PT C2S,No Coating,Silk,n/a,4/0,100,Score in Half,Slide Slits Right Panel,Yes 500 Envelopes A2
Majestic,Silk,5.5 x 8.5,Horizontal,Rectangle,16PT C2S,No Coating,Silk,n/a,4/0,100,Score in Half,Slide Slits Right Panel,Yes 500 Envelopes A2
Majestic,Silk,4.25 x 11,Vertical,Rectangle,16PT C2S,No Coating,Silk,n/a,4/0,100,Score in Half,Slide Slits Right Panel,Yes 500 Envelopes A2
Majestic,Silk,5.5 x 8.5,Vertical,Rectangle,16PT C2S,No Coating,Silk,n/a,4/0,100,Score in Half,Slide Slits Right Panel,Yes 500 Envelopes A2
Majestic,Silk,4.25 x 11,Horizontal,Rectangle,16PT C2S,No Coating,Silk,n/a,4/1,100,Score in Half,Slide Slits Right Panel,Yes 500 Envelopes A2
Majestic,Silk,5.5 x 8.5,Horizontal,Rectangle,16PT C2S,No Coating,Silk,n/a,4/0,100,Score in Half,Slide Slits Bottom Panel,Yes 500 Envelopes A2
Majestic,Silk,4.25 x 11,Vertical,Rectangle,16PT C2S,No Coating,Silk,n/a,4/1,100,Score in Half,Slide Slits Right Panel,Yes 500 Envelopes A2
Majestic,Silk,5.5 x 8.5,Vertical,Rectangle,16PT C2S,No Coating,Silk,n/a,4/1,100,Score in Half,Slide Slits Right Panel,Yes 500 Envelopes A2
Majestic,Silk,4.25 x 11,Vertical,Rectangle,16PT C2S,No Coating,Silk,n/a,4/1,2500,Score in Half,Slide Slits Bottom Panel,Yes 500 Envelopes A2
Majestic,Silk,5.5 x 8.5,Horizontal,Rectangle,16PT C2S,No Coating,Silk,n/a,4/1,100,Score in Half,Slide Slits Right Panel,Yes 500 Envelopes A2
Majestic,Silk,4.25 x 11,Vertical,Rectangle,16PT C2S,No Coating,Silk,n/a,4/4,100,Score in Half,Slide Slits Right Panel,Yes 500 Envelopes A2
Majestic,Silk,4.25 x 11,Horizontal,Rectangle,16PT C2S,No Coating,Silk,n/a,4/4,100,Score in Half,Slide Slits Right Panel,Yes 500 Envelopes A2
Majestic,Silk,4.25 x 11,Horizontal,Rectangle,16PT C2S,No Coating,Silk,n/a,4/0,250,Score in Half,Slide Slits Right Panel,Yes 500 Envelopes A2
Majestic,Silk,5.5 x 8.5,Horizontal,Rectangle,16PT C2S,No Coating,Silk,n/a,4/0,250,Score in Half,Slide Slits Right Panel,Yes 500 Envelopes A2
Majestic,Silk,4.25 x 11,Vertical,Rectangle,16PT C2S,No Coating,Silk,n/a,4/0,250,Score in Half,Slide Slits Right Panel,Yes 500 Envelopes A2
Majestic,Silk,5.5 x 8.5,Vertical,Rectangle,16PT C2S,No Coating,Silk,n/a,4/0,250,Score in Half,Slide Slits Right Panel,Yes 500 Envelopes A2
Majestic,Silk,5.5 x 8.5,Vertical,Rectangle,16PT C2S,No Coating,Silk,n/a,4/1,250,Score in Half,Slide Slits Bottom Panel,Yes 500 Envelopes A2
Majestic,Silk,5.5 x 8.5,Horizontal,Rectangle,16PT C2S,No Coating,Silk,n/a,4/1,250,Score in Half,Slide Slits Right Panel,Yes 500 Envelopes A2
Majestic,Silk,4.25 x 11,Vertical,Rectangle,16PT C2S,No Coating,Silk,n/a,4/1,250,Score in Half,Slide Slits Right Panel,Yes 500 Envelopes A2
Majestic,Silk,5.5 x 8.5,Vertical,Rectangle,16PT C2S,No Coating,Silk,n/a,4/1,250,Score in Half,Slide Slits Right Panel,Yes 500 Envelopes A2
Majestic,Silk,4.25 x 11,Horizontal,Rectangle,16PT C2S,No Coating,Silk,n/a,4/4,250,Score in Half,Slide Slits Right Panel,Yes 500 Envelopes A2
Majestic,Silk,5.5 x 8.5,Vertical,Rectangle,16PT C2S,No Coating,Silk,n/a,4/4,100,Score in Half,Slide Slits Right Panel,Yes 500 Envelopes A2
Majestic,Silk,4.25 x 11,Vertical,Rectangle,16PT C2S,No Coating,Silk,n/a,4/4,250,Score in Half,Slide Slits Right Panel,Yes 500 Envelopes A2
Majestic,Silk,4.25 x 11,Horizontal,Rectangle,16PT C2S,No Coating,Silk,n/a,4/1,250,Score in Half,Slide Slits Right Panel,Yes 500 Envelopes A2
Majestic,Silk,4.25 x 11,Horizontal,Rectangle,16PT C2S,No Coating,Silk,n/a,4/0,500,Score in Half,Slide Slits Right Panel,Yes 500 Envelopes A2
Majestic,Silk,5.5 x 8.5,Horizontal,Rectangle,16PT C2S,No Coating,Silk,n/a,4/0,500,Score in Half,Slide Slits Right Panel,Yes 500 Envelopes A2
Majestic,Silk,4.25 x 11,Vertical,Rectangle,16PT C2S,No Coating,Silk,n/a,4/0,500,Score in Half,Slide Slits Right Panel,Yes 500 Envelopes A2
Majestic,Silk,5.5 x 8.5,Vertical,Rectangle,16PT C2S,No Coating,Silk,n/a,4/0,500,Score in Half,Slide Slits Right Panel,Yes 500 Envelopes A2
Majestic,Silk,4.25 x 11,Horizontal,Rectangle,16PT C2S,No Coating,Silk,n/a,4/1,500,Score in Half,Slide Slits Right Panel,Yes 500 Envelopes A2
Majestic,Silk,5.5 x 8.5,Vertical,Rectangle,16PT C2S,No Coating,Silk,n/a,4/4,250,Score in Half,Slide Slits Right Panel,Yes 500 Envelopes A2
Majestic,Silk,4.25 x 11,Vertical,Rectangle,16PT C2S,No Coating,Silk,n/a,4/1,500,Score in Half,Slide Slits Right Panel,Yes 500 Envelopes A2
Majestic,Silk,5.5 x 8.5,Vertical,Rectangle,16PT C2S,No Coating,Silk,n/a,4/1,500,Score in Half,Slide Slits Right Panel,Yes 500 Envelopes A2
Majestic,Silk,4.25 x 11,Horizontal,Rectangle,16PT C2S,No Coating,Silk,n/a,4/4,500,Score in Half,Slide Slits Right Panel,Yes 500 Envelopes A2
Majestic,Silk,5.5 x 8.5,Horizontal,Rectangle,16PT C2S,No Coating,Silk,n/a,4/4,500,Score in Half,Slide Slits Right Panel,Yes 500 Envelopes A2
Majestic,Silk,4.25 x 11,Vertical,Rectangle,16PT C2S,No Coating,Silk,n/a,4/4,500,Score in Half,Slide Slits Right Panel,Yes 500 Envelopes A2
Majestic,Silk,5.5 x 8.5,Vertical,Rectangle,16PT C2S,No Coating,Silk,n/a,4/4,500,Score in Half,Slide Slits Right Panel,Yes 500 Envelopes A2
Majestic,Silk,4.25 x 11,Horizontal,Rectangle,16PT C2S,No Coating,Silk,n/a,4/0,1000,Score in Half,Slide Slits Right Panel,Yes 500 Envelopes A2
Majestic,Silk,5.5 x 8.5,Horizontal,Rectangle,16PT C2S,No Coating,Silk,n/a,4/0,1000,Score in Half,Slide Slits Right Panel,Yes 500 Envelopes A2
Majestic,Silk,4.25 x 11,Vertical,Rectangle,16PT C2S,No Coating,Silk,n/a,4/0,1000,Score in Half,Slide Slits Right Panel,Yes 500 Envelopes A2
Majestic,Silk,5.5 x 8.5,Vertical,Rectangle,16PT C2S,No Coating,Silk,n/a,4/0,1000,Score in Half,Slide Slits Right Panel,Yes 500 Envelopes A2
Majestic,Silk,4.25 x 11,Horizontal,Rectangle,16PT C2S,No Coating,Silk,n/a,4/1,1000,Score in Half,Slide Slits Right Panel,Yes 500 Envelopes A2
Majestic,Silk,5.5 x 8.5,Horizontal,Rectangle,16PT C2S,No Coating,Silk,n/a,4/1,1000,Score in Half,Slide Slits Right Panel,Yes 500 Envelopes A2
Majestic,Silk,4.25 x 11,Vertical,Rectangle,16PT C2S,No Coating,Silk,n/a,4/1,1000,Score in Half,Slide Slits Right Panel,Yes 500 Envelopes A2
Majestic,Silk,5.5 x 8.5,Vertical,Rectangle,16PT C2S,No Coating,Silk,n/a,4/1,1000,Score in Half,Slide Slits Right Panel,Yes 500 Envelopes A2
Majestic,Silk,4.25 x 11,Horizontal,Rectangle,16PT C2S,No Coating,Silk,n/a,4/4,1000,Score in Half,Slide Slits Right Panel,Yes 500 Envelopes A2
Majestic,Silk,5.5 x 8.5,Horizontal,Rectangle,16PT C2S,No Coating,Silk,n/a,4/4,1000,Score in Half,Slide Slits Right Panel,Yes 500 Envelopes A2
Majestic,Silk,4.25 x 11,Vertical,Rectangle,16PT C2S,No Coating,Silk,n/a,4/4,1000,Score in Half,Slide Slits Right Panel,Yes 500 Envelopes A2
Majestic,Silk,5.5 x 8.5,Vertical,Rectangle,16PT C2S,No Coating,Silk,n/a,4/4,1000,Score in Half,Slide Slits Right Panel,Yes 500 Envelopes A2
Majestic,Silk,4.25 x 11,Horizontal,Rectangle,16PT C2S,No Coating,Silk,n/a,4/0,2500,Score in Half,Slide Slits Right Panel,Yes 500 Envelopes A2
Majestic,Silk,5.5 x 8.5,Horizontal,Rectangle,16PT C2S,No Coating,Silk,n/a,4/0,2500,Score in Half,Slide Slits Right Panel,Yes 500 Envelopes A2
Majestic,Silk,4.25 x 11,Vertical,Rectangle,16PT C2S,No Coating,Silk,n/a,4/0,2500,Score in Half,Slide Slits Right Panel,Yes 500 Envelopes A2
Majestic,Silk,5.5 x 8.5,Vertical,Rectangle,16PT C2S,No Coating,Silk,n/a,4/0,2500,Score in Half,Slide Slits Right Panel,Yes 500 Envelopes A2
Majestic,Silk,4.25 x 11,Horizontal,Rectangle,16PT C2S,No Coating,Silk,n/a,4/1,2500,Score in Half,Slide Slits Right Panel,Yes 500 Envelopes A2
Majestic,Silk,5.5 x 8.5,Horizontal,Rectangle,16PT C2S,No Coating,Silk,n/a,4/1,2500,Score in Half,Slide Slits Right Panel,Yes 500 Envelopes A2
Majestic,Silk,4.25 x 11,Vertical,Rectangle,16PT C2S,No Coating,Silk,n/a,4/1,2500,Score in Half,Slide Slits Right Panel,Yes 500 Envelopes A2
Majestic,Silk,5.5 x 8.5,Vertical,Rectangle,16PT C2S,No Coating,Silk,n/a,4/1,2500,Score in Half,Slide Slits Right Panel,Yes 500 Envelopes A2
Majestic,Silk,4.25 x 11,Horizontal,Rectangle,16PT C2S,No Coating,Silk,n/a,4/4,2500,Score in Half,Slide Slits Right Panel,Yes 500 Envelopes A2
Majestic,Silk,5.5 x 8.5,Horizontal,Rectangle,16PT C2S,No Coating,Silk,n/a,4/4,2500,Score in Half,Slide Slits Right Panel,Yes 500 Envelopes A2
Majestic,Silk,4.25 x 11,Vertical,Rectangle,16PT C2S,No Coating,Silk,n/a,4/4,2500,Score in Half,Slide Slits Right Panel,Yes 500 Envelopes A2
Majestic,Silk,5.5 x 8.5,Vertical,Rectangle,16PT C2S,No Coating,Silk,n/a,4/4,2500,Score in Half,Slide Slits Right Panel,Yes 500 Envelopes A2
Majestic,Silk,4.25 x 11,Horizontal,Rectangle,16PT C2S,No Coating,Silk,n/a,4/0,5000,Score in Half,Slide Slits Right Panel,Yes 500 Envelopes A2
Majestic,Silk,5.5 x 8.5,Horizontal,Rectangle,16PT C2S,No Coating,Silk,n/a,4/0,5000,Score in Half,Slide Slits Right Panel,Yes 500 Envelopes A2
Majestic,Silk,4.25 x 11,Vertical,Rectangle,16PT C2S,No Coating,Silk,n/a,4/0,5000,Score in Half,Slide Slits Right Panel,Yes 500 Envelopes A2
Majestic,Silk,5.5 x 8.5,Vertical,Rectangle,16PT C2S,No Coating,Silk,n/a,4/0,5000,Score in Half,Slide Slits Right Panel,Yes 500 Envelopes A2
Majestic,Silk,4.25 x 11,Horizontal,Rectangle,16PT C2S,No Coating,Silk,n/a,4/1,5000,Score in Half,Slide Slits Right Panel,Yes 500 Envelopes A2
Majestic,Silk,5.5 x 8.5,Horizontal,Rectangle,16PT C2S,No Coating,Silk,n/a,4/1,5000,Score in Half,Slide Slits Right Panel,Yes 500 Envelopes A2
Majestic,Silk,4.25 x 11,Vertical,Rectangle,16PT C2S,No Coating,Silk,n/a,4/1,5000,Score in Half,Slide Slits Right Panel,Yes 500 Envelopes A2
Majestic,Silk,5.5 x 8.5,Vertical,Rectangle,16PT C2S,No Coating,Silk,n/a,4/1,5000,Score in Half,Slide Slits Right Panel,Yes 500 Envelopes A2
Majestic,Silk,4.25 x 11,Horizontal,Rectangle,16PT C2S,No Coating,Silk,n/a,4/4,5000,Score in Half,Slide Slits Right Panel,Yes 500 Envelopes A2
Majestic,Silk,5.5 x 8.5,Horizontal,Rectangle,16PT C2S,No Coating,Silk,n/a,4/4,5000,Score in Half,Slide Slits Right Panel,Yes 500 Envelopes A2
Majestic,Silk,4.25 x 11,Vertical,Rectangle,16PT C2S,No Coating,Silk,n/a,4/4,5000,Score in Half,Slide Slits Right Panel,Yes 500 Envelopes A2
Majestic,Silk,5.5 x 8.5,Vertical,Rectangle,16PT C2S,No Coating,Silk,n/a,4/4,5000,Score in Half,Slide Slits Right Panel,Yes 500 Envelopes A2
Majestic,Silk,4.25 x 11,Horizontal,Rectangle,16PT C2S,No Coating,Silk,n/a,4/0,10000,Score in Half,Slide Slits Right Panel,Yes 500 Envelopes A2
Majestic,Silk,5.5 x 8.5,Horizontal,Rectangle,16PT C2S,No Coating,Silk,n/a,4/0,10000,Score in Half,Slide Slits Right Panel,Yes 500 Envelopes A2
Majestic,Silk,4.25 x 11,Vertical,Rectangle,16PT C2S,No Coating,Silk,n/a,4/0,10000,Score in Half,Slide Slits Right Panel,Yes 500 Envelopes A2
Majestic,Silk,5.5 x 8.5,Vertical,Rectangle,16PT C2S,No Coating,Silk,n/a,4/0,10000,Score in Half,Slide Slits Right Panel,Yes 500 Envelopes A2
Majestic,Silk,4.25 x 11,Horizontal,Rectangle,16PT C2S,No Coating,Silk,n/a,4/1,10000,Score in Half,Slide Slits Right Panel,Yes 500 Envelopes A2
Majestic,Silk,5.5 x 8.5,Horizontal,Rectangle,16PT C2S,No Coating,Silk,n/a,4/1,10000,Score in Half,Slide Slits Right Panel,Yes 500 Envelopes A2
Majestic,Silk,4.25 x 11,Vertical,Rectangle,16PT C2S,No Coating,Silk,n/a,4/1,10000,Score in Half,Slide Slits Right Panel,Yes 500 Envelopes A2
Majestic,Silk,5.5 x 8.5,Vertical,Rectangle,16PT C2S,No Coating,Silk,n/a,4/1,10000,Score in Half,Slide Slits Right Panel,Yes 500 Envelopes A2
Majestic,Silk,4.25 x 11,Horizontal,Rectangle,16PT C2S,No Coating,Silk,n/a,4/4,10000,Score in Half,Slide Slits Right Panel,Yes 500 Envelopes A2
Majestic,Silk,5.5 x 8.5,Horizontal,Rectangle,16PT C2S,No Coating,Silk,n/a,4/4,10000,Score in Half,Slide Slits Right Panel,Yes 500 Envelopes A2
Majestic,Silk,4.25 x 11,Vertical,Rectangle,16PT C2S,No Coating,Silk,n/a,4/4,10000,Score in Half,Slide Slits Right Panel,Yes 500 Envelopes A2
Majestic,Silk,5.5 x 8.5,Vertical,Rectangle,16PT C2S,No Coating,Silk,n/a,4/4,10000,Score in Half,Slide Slits Right Panel,Yes 500 Envelopes A2
Majestic,Silk,4.25 x 11,Horizontal,Rectangle,16PT C2S,No Coating,Silk,n/a,4/0,25,Score in Half,Moon Slits Bottom Panel,Yes 1000 Envelopes A2
Majestic,Silk,5.5 x 8.5,Horizontal,Rectangle,16PT C2S,No Coating,Silk,n/a,4/0,25,Score in Half,Moon Slits Bottom Panel,Yes 1000 Envelopes A2
Majestic,Silk,4.25 x 11,Vertical,Rectangle,16PT C2S,No Coating,Silk,n/a,4/0,25,Score in Half,Moon Slits Bottom Panel,Yes 1000 Envelopes A2
Majestic,Silk,5.5 x 8.5,Vertical,Rectangle,16PT C2S,No Coating,Silk,n/a,4/0,25,Score in Half,Moon Slits Bottom Panel,Yes 1000 Envelopes A2
Majestic,Silk,5.5 x 8.5,Horizontal,Rectangle,16PT C2S,No Coating,Silk,n/a,4/4,100,Score in Half,Slide Slits Right Panel,Yes 500 Envelopes A2
Majestic,Silk,5.5 x 8.5,Horizontal,Rectangle,16PT C2S,No Coating,Silk,n/a,4/4,250,Score in Half,Slide Slits Right Panel,Yes 500 Envelopes A2
Majestic,Silk,4.25 x 11,Vertical,Rectangle,16PT C2S,No Coating,Silk,n/a,4/1,25,Score in Half,Moon Slits Bottom Panel,Yes 1000 Envelopes A2
Majestic,Silk,5.5 x 8.5,Vertical,Rectangle,16PT C2S,No Coating,Silk,n/a,4/1,25,Score in Half,Moon Slits Bottom Panel,Yes 1000 Envelopes A2
Majestic,Silk,4.25 x 11,Horizontal,Rectangle,16PT C2S,No Coating,Silk,n/a,4/4,25,Score in Half,Moon Slits Bottom Panel,Yes 1000 Envelopes A2
Majestic,Silk,5.5 x 8.5,Horizontal,Rectangle,16PT C2S,No Coating,Silk,n/a,4/4,25,Score in Half,Moon Slits Bottom Panel,Yes 1000 Envelopes A2
Majestic,Silk,4.25 x 11,Vertical,Rectangle,16PT C2S,No Coating,Silk,n/a,4/4,25,Score in Half,Moon Slits Bottom Panel,Yes 1000 Envelopes A2
Majestic,Silk,5.5 x 8.5,Vertical,Rectangle,16PT C2S,No Coating,Silk,n/a,4/4,25,Score in Half,Moon Slits Bottom Panel,Yes 1000 Envelopes A2
Majestic,Silk,4.25 x 11,Horizontal,Rectangle,16PT C2S,No Coating,Silk,n/a,4/0,50,Score in Half,Moon Slits Bottom Panel,Yes 1000 Envelopes A2
Majestic,Silk,5.5 x 8.5,Horizontal,Rectangle,16PT C2S,No Coating,Silk,n/a,4/0,50,Score in Half,Moon Slits Bottom Panel,Yes 1000 Envelopes A2
Majestic,Silk,4.25 x 11,Vertical,Rectangle,16PT C2S,No Coating,Silk,n/a,4/0,50,Score in Half,Moon Slits Bottom Panel,Yes 1000 Envelopes A2
Majestic,Silk,5.5 x 8.5,Vertical,Rectangle,16PT C2S,No Coating,Silk,n/a,4/0,50,Score in Half,Moon Slits Bottom Panel,Yes 1000 Envelopes A2
Majestic,Silk,4.25 x 11,Horizontal,Rectangle,16PT C2S,No Coating,Silk,n/a,4/1,50,Score in Half,Moon Slits Bottom Panel,Yes 1000 Envelopes A2
Majestic,Silk,5.5 x 8.5,Horizontal,Rectangle,16PT C2S,No Coating,Silk,n/a,4/1,50,Score in Half,Moon Slits Bottom Panel,Yes 1000 Envelopes A2
Majestic,Silk,4.25 x 11,Vertical,Rectangle,16PT C2S,No Coating,Silk,n/a,4/1,50,Score in Half,Moon Slits Bottom Panel,Yes 1000 Envelopes A2
Majestic,Silk,5.5 x 8.5,Vertical,Rectangle,16PT C2S,No Coating,Silk,n/a,4/1,50,Score in Half,Moon Slits Bottom Panel,Yes 1000 Envelopes A2
Majestic,Silk,4.25 x 11,Horizontal,Rectangle,16PT C2S,No Coating,Silk,n/a,4/4,50,Score in Half,Moon Slits Bottom Panel,Yes 1000 Envelopes A2
Majestic,Silk,5.5 x 8.5,Horizontal,Rectangle,16PT C2S,No Coating,Silk,n/a,4/4,50,Score in Half,Moon Slits Bottom Panel,Yes 1000 Envelopes A2
Majestic,Silk,4.25 x 11,Vertical,Rectangle,16PT C2S,No Coating,Silk,n/a,4/4,50,Score in Half,Moon Slits Bottom Panel,Yes 1000 Envelopes A2
Majestic,Silk,5.5 x 8.5,Vertical,Rectangle,16PT C2S,No Coating,Silk,n/a,4/4,50,Score in Half,Moon Slits Bottom Panel,Yes 1000 Envelopes A2
Majestic,Silk,4.25 x 11,Horizontal,Rectangle,16PT C2S,No Coating,Silk,n/a,4/0,75,Score in Half,Moon Slits Bottom Panel,Yes 1000 Envelopes A2
Majestic,Silk,5.5 x 8.5,Horizontal,Rectangle,16PT C2S,No Coating,Silk,n/a,4/0,75,Score in Half,Moon Slits Bottom Panel,Yes 1000 Envelopes A2
Majestic,Silk,4.25 x 11,Vertical,Rectangle,16PT C2S,No Coating,Silk,n/a,4/0,75,Score in Half,Moon Slits Bottom Panel,Yes 1000 Envelopes A2
Majestic,Silk,5.5 x 8.5,Vertical,Rectangle,16PT C2S,No Coating,Silk,n/a,4/0,75,Score in Half,Moon Slits Bottom Panel,Yes 1000 Envelopes A2
Majestic,Silk,4.25 x 11,Horizontal,Rectangle,16PT C2S,No Coating,Silk,n/a,4/1,75,Score in Half,Moon Slits Bottom Panel,Yes 1000 Envelopes A2
Majestic,Silk,5.5 x 8.5,Horizontal,Rectangle,16PT C2S,No Coating,Silk,n/a,4/1,75,Score in Half,Moon Slits Bottom Panel,Yes 1000 Envelopes A2
Majestic,Silk,4.25 x 11,Vertical,Rectangle,16PT C2S,No Coating,Silk,n/a,4/1,75,Score in Half,Moon Slits Bottom Panel,Yes 1000 Envelopes A2
Majestic,Silk,5.5 x 8.5,Vertical,Rectangle,16PT C2S,No Coating,Silk,n/a,4/1,75,Score in Half,Moon Slits Bottom Panel,Yes 1000 Envelopes A2
Majestic,Silk,4.25 x 11,Horizontal,Rectangle,16PT C2S,No Coating,Silk,n/a,4/4,75,Score in Half,Moon Slits Bottom Panel,Yes 1000 Envelopes A2
Majestic,Silk,5.5 x 8.5,Horizontal,Rectangle,16PT C2S,No Coating,Silk,n/a,4/4,75,Score in Half,Moon Slits Bottom Panel,Yes 1000 Envelopes A2
Majestic,Silk,4.25 x 11,Vertical,Rectangle,16PT C2S,No Coating,Silk,n/a,4/4,75,Score in Half,Moon Slits Bottom Panel,Yes 1000 Envelopes A2
Majestic,Silk,5.5 x 8.5,Vertical,Rectangle,16PT C2S,No Coating,Silk,n/a,4/4,75,Score in Half,Moon Slits Bottom Panel,Yes 1000 Envelopes A2
Majestic,Silk,4.25 x 11,Horizontal,Rectangle,16PT C2S,No Coating,Silk,n/a,4/0,100,Score in Half,Moon Slits Bottom Panel,Yes 1000 Envelopes A2
Majestic,Silk,5.5 x 8.5,Horizontal,Rectangle,16PT C2S,No Coating,Silk,n/a,4/0,100,Score in Half,Moon Slits Bottom Panel,Yes 1000 Envelopes A2
Majestic,Silk,4.25 x 11,Vertical,Rectangle,16PT C2S,No Coating,Silk,n/a,4/0,100,Score in Half,Moon Slits Bottom Panel,Yes 1000 Envelopes A2
Majestic,Silk,5.5 x 8.5,Vertical,Rectangle,16PT C2S,No Coating,Silk,n/a,4/0,100,Score in Half,Moon Slits Bottom Panel,Yes 1000 Envelopes A2
Majestic,Silk,4.25 x 11,Horizontal,Rectangle,16PT C2S,No Coating,Silk,n/a,4/1,100,Score in Half,Moon Slits Bottom Panel,Yes 1000 Envelopes A2
Majestic,Silk,5.5 x 8.5,Horizontal,Rectangle,16PT C2S,No Coating,Silk,n/a,4/1,100,Score in Half,Moon Slits Bottom Panel,Yes 1000 Envelopes A2
Majestic,Silk,4.25 x 11,Vertical,Rectangle,16PT C2S,No Coating,Silk,n/a,4/1,100,Score in Half,Moon Slits Bottom Panel,Yes 1000 Envelopes A2
Majestic,Silk,5.5 x 8.5,Vertical,Rectangle,16PT C2S,No Coating,Silk,n/a,4/1,100,Score in Half,Moon Slits Bottom Panel,Yes 1000 Envelopes A2
Majestic,Silk,4.25 x 11,Horizontal,Rectangle,16PT C2S,No Coating,Silk,n/a,4/4,100,Score in Half,Moon Slits Bottom Panel,Yes 1000 Envelopes A2
Majestic,Silk,5.5 x 8.5,Horizontal,Rectangle,16PT C2S,No Coating,Silk,n/a,4/4,100,Score in Half,Moon Slits Bottom Panel,Yes 1000 Envelopes A2
Majestic,Silk,4.25 x 11,Vertical,Rectangle,16PT C2S,No Coating,Silk,n/a,4/4,100,Score in Half,Moon Slits Bottom Panel,Yes 1000 Envelopes A2
Majestic,Silk,5.5 x 8.5,Vertical,Rectangle,16PT C2S,No Coating,Silk,n/a,4/4,100,Score in Half,Moon Slits Bottom Panel,Yes 1000 Envelopes A2
Majestic,Silk,4.25 x 11,Horizontal,Rectangle,16PT C2S,No Coating,Silk,n/a,4/0,250,Score in Half,Moon Slits Bottom Panel,Yes 1000 Envelopes A2
Majestic,Silk,5.5 x 8.5,Horizontal,Rectangle,16PT C2S,No Coating,Silk,n/a,4/0,250,Score in Half,Moon Slits Bottom Panel,Yes 1000 Envelopes A2
Majestic,Silk,4.25 x 11,Vertical,Rectangle,16PT C2S,No Coating,Silk,n/a,4/0,250,Score in Half,Moon Slits Bottom Panel,Yes 1000 Envelopes A2
Majestic,Silk,5.5 x 8.5,Vertical,Rectangle,16PT C2S,No Coating,Silk,n/a,4/0,250,Score in Half,Moon Slits Bottom Panel,Yes 1000 Envelopes A2
Majestic,Silk,4.25 x 11,Horizontal,Rectangle,16PT C2S,No Coating,Silk,n/a,4/1,250,Score in Half,Moon Slits Bottom Panel,Yes 1000 Envelopes A2
Majestic,Silk,5.5 x 8.5,Horizontal,Rectangle,16PT C2S,No Coating,Silk,n/a,4/1,250,Score in Half,Moon Slits Bottom Panel,Yes 1000 Envelopes A2
Majestic,Silk,4.25 x 11,Vertical,Rectangle,16PT C2S,No Coating,Silk,n/a,4/1,250,Score in Half,Moon Slits Bottom Panel,Yes 1000 Envelopes A2
Majestic,Silk,5.5 x 8.5,Vertical,Rectangle,16PT C2S,No Coating,Silk,n/a,4/1,250,Score in Half,Moon Slits Bottom Panel,Yes 1000 Envelopes A2
Majestic,Silk,4.25 x 11,Horizontal,Rectangle,16PT C2S,No Coating,Silk,n/a,4/4,250,Score in Half,Moon Slits Bottom Panel,Yes 1000 Envelopes A2
Majestic,Silk,5.5 x 8.5,Horizontal,Rectangle,16PT C2S,No Coating,Silk,n/a,4/4,250,Score in Half,Moon Slits Bottom Panel,Yes 1000 Envelopes A2
Majestic,Silk,4.25 x 11,Vertical,Rectangle,16PT C2S,No Coating,Silk,n/a,4/4,250,Score in Half,Moon Slits Bottom Panel,Yes 1000 Envelopes A2
Majestic,Silk,5.5 x 8.5,Vertical,Rectangle,16PT C2S,No Coating,Silk,n/a,4/4,250,Score in Half,Moon Slits Bottom Panel,Yes 1000 Envelopes A2
Majestic,Silk,4.25 x 11,Horizontal,Rectangle,16PT C2S,No Coating,Silk,n/a,4/0,500,Score in Half,Moon Slits Bottom Panel,Yes 1000 Envelopes A2
Majestic,Silk,5.5 x 8.5,Horizontal,Rectangle,16PT C2S,No Coating,Silk,n/a,4/0,500,Score in Half,Moon Slits Bottom Panel,Yes 1000 Envelopes A2
Majestic,Silk,4.25 x 11,Vertical,Rectangle,16PT C2S,No Coating,Silk,n/a,4/0,500,Score in Half,Moon Slits Bottom Panel,Yes 1000 Envelopes A2
Majestic,Silk,5.5 x 8.5,Vertical,Rectangle,16PT C2S,No Coating,Silk,n/a,4/0,500,Score in Half,Moon Slits Bottom Panel,Yes 1000 Envelopes A2
Majestic,Silk,4.25 x 11,Horizontal,Rectangle,16PT C2S,No Coating,Silk,n/a,4/1,500,Score in Half,Moon Slits Bottom Panel,Yes 1000 Envelopes A2
Majestic,Silk,5.5 x 8.5,Horizontal,Rectangle,16PT C2S,No Coating,Silk,n/a,4/1,500,Score in Half,Moon Slits Bottom Panel,Yes 1000 Envelopes A2
Majestic,Silk,4.25 x 11,Vertical,Rectangle,16PT C2S,No Coating,Silk,n/a,4/1,500,Score in Half,Moon Slits Bottom Panel,Yes 1000 Envelopes A2
Majestic,Silk,5.5 x 8.5,Vertical,Rectangle,16PT C2S,No Coating,Silk,n/a,4/1,500,Score in Half,Moon Slits Bottom Panel,Yes 1000 Envelopes A2
Majestic,Silk,4.25 x 11,Horizontal,Rectangle,16PT C2S,No Coating,Silk,n/a,4/4,500,Score in Half,Moon Slits Bottom Panel,Yes 1000 Envelopes A2
Majestic,Silk,5.5 x 8.5,Horizontal,Rectangle,16PT C2S,No Coating,Silk,n/a,4/4,500,Score in Half,Moon Slits Bottom Panel,Yes 1000 Envelopes A2
Majestic,Silk,4.25 x 11,Vertical,Rectangle,16PT C2S,No Coating,Silk,n/a,4/4,500,Score in Half,Moon Slits Bottom Panel,Yes 1000 Envelopes A2
Majestic,Silk,5.5 x 8.5,Vertical,Rectangle,16PT C2S,No Coating,Silk,n/a,4/4,500,Score in Half,Moon Slits Bottom Panel,Yes 1000 Envelopes A2
Majestic,Silk,4.25 x 11,Horizontal,Rectangle,16PT C2S,No Coating,Silk,n/a,4/0,1000,Score in Half,Moon Slits Bottom Panel,Yes 1000 Envelopes A2
Majestic,Silk,5.5 x 8.5,Horizontal,Rectangle,16PT C2S,No Coating,Silk,n/a,4/0,1000,Score in Half,Moon Slits Bottom Panel,Yes 1000 Envelopes A2
Majestic,Silk,4.25 x 11,Vertical,Rectangle,16PT C2S,No Coating,Silk,n/a,4/0,1000,Score in Half,Moon Slits Bottom Panel,Yes 1000 Envelopes A2
Majestic,Silk,5.5 x 8.5,Vertical,Rectangle,16PT C2S,No Coating,Silk,n/a,4/0,1000,Score in Half,Moon Slits Bottom Panel,Yes 1000 Envelopes A2
Majestic,Silk,4.25 x 11,Horizontal,Rectangle,16PT C2S,No Coating,Silk,n/a,4/1,1000,Score in Half,Moon Slits Bottom Panel,Yes 1000 Envelopes A2
Majestic,Silk,5.5 x 8.5,Horizontal,Rectangle,16PT C2S,No Coating,Silk,n/a,4/1,1000,Score in Half,Moon Slits Bottom Panel,Yes 1000 Envelopes A2
Majestic,Silk,4.25 x 11,Vertical,Rectangle,16PT C2S,No Coating,Silk,n/a,4/1,1000,Score in Half,Moon Slits Bottom Panel,Yes 1000 Envelopes A2
Majestic,Silk,5.5 x 8.5,Vertical,Rectangle,16PT C2S,No Coating,Silk,n/a,4/1,1000,Score in Half,Moon Slits Bottom Panel,Yes 1000 Envelopes A2
Majestic,Silk,4.25 x 11,Horizontal,Rectangle,16PT C2S,No Coating,Silk,n/a,4/4,1000,Score in Half,Moon Slits Bottom Panel,Yes 1000 Envelopes A2
Majestic,Silk,5.5 x 8.5,Horizontal,Rectangle,16PT C2S,No Coating,Silk,n/a,4/4,1000,Score in Half,Moon Slits Bottom Panel,Yes 1000 Envelopes A2
Majestic,Silk,4.25 x 11,Vertical,Rectangle,16PT C2S,No Coating,Silk,n/a,4/4,1000,Score in Half,Moon Slits Bottom Panel,Yes 1000 Envelopes A2
Majestic,Silk,5.5 x 8.5,Vertical,Rectangle,16PT C2S,No Coating,Silk,n/a,4/4,1000,Score in Half,Moon Slits Bottom Panel,Yes 1000 Envelopes A2
Majestic,Silk,4.25 x 11,Horizontal,Rectangle,16PT C2S,No Coating,Silk,n/a,4/0,2500,Score in Half,Moon Slits Bottom Panel,Yes 1000 Envelopes A2
Majestic,Silk,5.5 x 8.5,Horizontal,Rectangle,16PT C2S,No Coating,Silk,n/a,4/0,2500,Score in Half,Moon Slits Bottom Panel,Yes 1000 Envelopes A2
Majestic,Silk,4.25 x 11,Vertical,Rectangle,16PT C2S,No Coating,Silk,n/a,4/0,2500,Score in Half,Moon Slits Bottom Panel,Yes 1000 Envelopes A2
Majestic,Silk,5.5 x 8.5,Vertical,Rectangle,16PT C2S,No Coating,Silk,n/a,4/0,2500,Score in Half,Moon Slits Bottom Panel,Yes 1000 Envelopes A2
Majestic,Silk,4.25 x 11,Horizontal,Rectangle,16PT C2S,No Coating,Silk,n/a,4/1,2500,Score in Half,Moon Slits Bottom Panel,Yes 1000 Envelopes A2
Majestic,Silk,5.5 x 8.5,Horizontal,Rectangle,16PT C2S,No Coating,Silk,n/a,4/1,2500,Score in Half,Moon Slits Bottom Panel,Yes 1000 Envelopes A2
Majestic,Silk,4.25 x 11,Vertical,Rectangle,16PT C2S,No Coating,Silk,n/a,4/1,2500,Score in Half,Moon Slits Bottom Panel,Yes 1000 Envelopes A2
Majestic,Silk,5.5 x 8.5,Vertical,Rectangle,16PT C2S,No Coating,Silk,n/a,4/1,2500,Score in Half,Moon Slits Bottom Panel,Yes 1000 Envelopes A2
Majestic,Silk,4.25 x 11,Horizontal,Rectangle,16PT C2S,No Coating,Silk,n/a,4/4,2500,Score in Half,Moon Slits Bottom Panel,Yes 1000 Envelopes A2
Majestic,Silk,5.5 x 8.5,Horizontal,Rectangle,16PT C2S,No Coating,Silk,n/a,4/4,2500,Score in Half,Moon Slits Bottom Panel,Yes 1000 Envelopes A2
Majestic,Silk,4.25 x 11,Vertical,Rectangle,16PT C2S,No Coating,Silk,n/a,4/4,2500,Score in Half,Moon Slits Bottom Panel,Yes 1000 Envelopes A2
Majestic,Silk,5.5 x 8.5,Vertical,Rectangle,16PT C2S,No Coating,Silk,n/a,4/4,2500,Score in Half,Moon Slits Bottom Panel,Yes 1000 Envelopes A2
Majestic,Silk,4.25 x 11,Horizontal,Rectangle,16PT C2S,No Coating,Silk,n/a,4/0,5000,Score in Half,Moon Slits Bottom Panel,Yes 1000 Envelopes A2
Majestic,Silk,5.5 x 8.5,Horizontal,Rectangle,16PT C2S,No Coating,Silk,n/a,4/0,5000,Score in Half,Moon Slits Bottom Panel,Yes 1000 Envelopes A2
Majestic,Silk,4.25 x 11,Vertical,Rectangle,16PT C2S,No Coating,Silk,n/a,4/0,5000,Score in Half,Moon Slits Bottom Panel,Yes 1000 Envelopes A2
Majestic,Silk,5.5 x 8.5,Vertical,Rectangle,16PT C2S,No Coating,Silk,n/a,4/0,5000,Score in Half,Moon Slits Bottom Panel,Yes 1000 Envelopes A2
Majestic,Silk,4.25 x 11,Horizontal,Rectangle,16PT C2S,No Coating,Silk,n/a,4/1,5000,Score in Half,Moon Slits Bottom Panel,Yes 1000 Envelopes A2
Majestic,Silk,5.5 x 8.5,Horizontal,Rectangle,16PT C2S,No Coating,Silk,n/a,4/1,5000,Score in Half,Moon Slits Bottom Panel,Yes 1000 Envelopes A2
Majestic,Silk,4.25 x 11,Vertical,Rectangle,16PT C2S,No Coating,Silk,n/a,4/1,5000,Score in Half,Moon Slits Bottom Panel,Yes 1000 Envelopes A2
Majestic,Silk,5.5 x 8.5,Vertical,Rectangle,16PT C2S,No Coating,Silk,n/a,4/1,5000,Score in Half,Moon Slits Bottom Panel,Yes 1000 Envelopes A2
Majestic,Silk,4.25 x 11,Horizontal,Rectangle,16PT C2S,No Coating,Silk,n/a,4/4,5000,Score in Half,Moon Slits Bottom Panel,Yes 1000 Envelopes A2
Majestic,Silk,5.5 x 8.5,Horizontal,Rectangle,16PT C2S,No Coating,Silk,n/a,4/4,5000,Score in Half,Moon Slits Bottom Panel,Yes 1000 Envelopes A2
Majestic,Silk,4.25 x 11,Vertical,Rectangle,16PT C2S,No Coating,Silk,n/a,4/4,5000,Score in Half,Moon Slits Bottom Panel,Yes 1000 Envelopes A2
Majestic,Silk,5.5 x 8.5,Vertical,Rectangle,16PT C2S,No Coating,Silk,n/a,4/4,5000,Score in Half,Moon Slits Bottom Panel,Yes 1000 Envelopes A2
Majestic,Silk,4.25 x 11,Horizontal,Rectangle,16PT C2S,No Coating,Silk,n/a,4/0,10000,Score in Half,Moon Slits Bottom Panel,Yes 1000 Envelopes A2
Majestic,Silk,5.5 x 8.5,Horizontal,Rectangle,16PT C2S,No Coating,Silk,n/a,4/0,10000,Score in Half,Moon Slits Bottom Panel,Yes 1000 Envelopes A2
Majestic,Silk,4.25 x 11,Vertical,Rectangle,16PT C2S,No Coating,Silk,n/a,4/0,10000,Score in Half,Moon Slits Bottom Panel,Yes 1000 Envelopes A2
Majestic,Silk,5.5 x 8.5,Vertical,Rectangle,16PT C2S,No Coating,Silk,n/a,4/0,10000,Score in Half,Moon Slits Bottom Panel,Yes 1000 Envelopes A2
Majestic,Silk,4.25 x 11,Horizontal,Rectangle,16PT C2S,No Coating,Silk,n/a,4/1,10000,Score in Half,Moon Slits Bottom Panel,Yes 1000 Envelopes A2
Majestic,Silk,5.5 x 8.5,Horizontal,Rectangle,16PT C2S,No Coating,Silk,n/a,4/1,10000,Score in Half,Moon Slits Bottom Panel,Yes 1000 Envelopes A2
Majestic,Silk,4.25 x 11,Vertical,Rectangle,16PT C2S,No Coating,Silk,n/a,4/1,10000,Score in Half,Moon Slits Bottom Panel,Yes 1000 Envelopes A2
Majestic,Silk,5.5 x 8.5,Vertical,Rectangle,16PT C2S,No Coating,Silk,n/a,4/1,10000,Score in Half,Moon Slits Bottom Panel,Yes 1000 Envelopes A2
Majestic,Silk,4.25 x 11,Horizontal,Rectangle,16PT C2S,No Coating,Silk,n/a,4/4,10000,Score in Half,Moon Slits Bottom Panel,Yes 1000 Envelopes A2
Majestic,Silk,5.5 x 8.5,Horizontal,Rectangle,16PT C2S,No Coating,Silk,n/a,4/1,25,Score in Half,Moon Slits Bottom Panel,Yes 1000 Envelopes A2
Majestic,Silk,4.25 x 11,Vertical,Rectangle,16PT C2S,No Coating,Silk,n/a,4/4,10000,Score in Half,Moon Slits Bottom Panel,Yes 1000 Envelopes A2
Majestic,Silk,5.5 x 8.5,Vertical,Rectangle,16PT C2S,No Coating,Silk,n/a,4/4,10000,Score in Half,Moon Slits Bottom Panel,Yes 1000 Envelopes A2
Majestic,Silk,4.25 x 11,Horizontal,Rectangle,16PT C2S,No Coating,Silk,n/a,4/0,25,Score in Half,Moon Slits Right Panel,Yes 1000 Envelopes A2
Majestic,Silk,5.5 x 8.5,Horizontal,Rectangle,16PT C2S,No Coating,Silk,n/a,4/0,25,Score in Half,Moon Slits Right Panel,Yes 1000 Envelopes A2
Majestic,Silk,4.25 x 11,Vertical,Rectangle,16PT C2S,No Coating,Silk,n/a,4/0,25,Score in Half,Moon Slits Right Panel,Yes 1000 Envelopes A2
Majestic,Silk,5.5 x 8.5,Vertical,Rectangle,16PT C2S,No Coating,Silk,n/a,4/0,25,Score in Half,Moon Slits Right Panel,Yes 1000 Envelopes A2
Majestic,Silk,4.25 x 11,Horizontal,Rectangle,16PT C2S,No Coating,Silk,n/a,4/1,25,Score in Half,Moon Slits Right Panel,Yes 1000 Envelopes A2
Majestic,Silk,5.5 x 8.5,Horizontal,Rectangle,16PT C2S,No Coating,Silk,n/a,4/1,25,Score in Half,Moon Slits Right Panel,Yes 1000 Envelopes A2
Majestic,Silk,4.25 x 11,Vertical,Rectangle,16PT C2S,No Coating,Silk,n/a,4/1,25,Score in Half,Moon Slits Right Panel,Yes 1000 Envelopes A2
Majestic,Silk,5.5 x 8.5,Vertical,Rectangle,16PT C2S,No Coating,Silk,n/a,4/1,25,Score in Half,Moon Slits Right Panel,Yes 1000 Envelopes A2
Majestic,Silk,4.25 x 11,Horizontal,Rectangle,16PT C2S,No Coating,Silk,n/a,4/4,25,Score in Half,Moon Slits Right Panel,Yes 1000 Envelopes A2
Majestic,Silk,5.5 x 8.5,Horizontal,Rectangle,16PT C2S,No Coating,Silk,n/a,4/4,25,Score in Half,Moon Slits Right Panel,Yes 1000 Envelopes A2
Majestic,Silk,4.25 x 11,Vertical,Rectangle,16PT C2S,No Coating,Silk,n/a,4/4,25,Score in Half,Moon Slits Right Panel,Yes 1000 Envelopes A2
Majestic,Silk,5.5 x 8.5,Vertical,Rectangle,16PT C2S,No Coating,Silk,n/a,4/4,25,Score in Half,Moon Slits Right Panel,Yes 1000 Envelopes A2
Majestic,Silk,4.25 x 11,Horizontal,Rectangle,16PT C2S,No Coating,Silk,n/a,4/0,50,Score in Half,Moon Slits Right Panel,Yes 1000 Envelopes A2
Majestic,Silk,5.5 x 8.5,Horizontal,Rectangle,16PT C2S,No Coating,Silk,n/a,4/0,50,Score in Half,Moon Slits Right Panel,Yes 1000 Envelopes A2
Majestic,Silk,5.5 x 8.5,Horizontal,Rectangle,16PT C2S,No Coating,Silk,n/a,4/4,10000,Score in Half,Moon Slits Bottom Panel,Yes 1000 Envelopes A2
Majestic,Silk,4.25 x 11,Vertical,Rectangle,16PT C2S,No Coating,Silk,n/a,4/0,50,Score in Half,Moon Slits Right Panel,Yes 1000 Envelopes A2
Majestic,Silk,4.25 x 11,Horizontal,Rectangle,16PT C2S,No Coating,Silk,n/a,4/1,50,Score in Half,Moon Slits Right Panel,Yes 1000 Envelopes A2
Majestic,Silk,5.5 x 8.5,Horizontal,Rectangle,16PT C2S,No Coating,Silk,n/a,4/1,50,Score in Half,Moon Slits Right Panel,Yes 1000 Envelopes A2
Majestic,Silk,4.25 x 11,Vertical,Rectangle,16PT C2S,No Coating,Silk,n/a,4/1,50,Score in Half,Moon Slits Right Panel,Yes 1000 Envelopes A2
Majestic,Silk,5.5 x 8.5,Vertical,Rectangle,16PT C2S,No Coating,Silk,n/a,4/1,50,Score in Half,Moon Slits Right Panel,Yes 1000 Envelopes A2
Majestic,Silk,4.25 x 11,Horizontal,Rectangle,16PT C2S,No Coating,Silk,n/a,4/4,50,Score in Half,Moon Slits Right Panel,Yes 1000 Envelopes A2
Majestic,Silk,5.5 x 8.5,Vertical,Rectangle,16PT C2S,No Coating,Silk,n/a,4/0,50,Score in Half,Moon Slits Right Panel,Yes 1000 Envelopes A2
Majestic,Silk,4.25 x 11,Vertical,Rectangle,16PT C2S,No Coating,Silk,n/a,4/4,50,Score in Half,Moon Slits Right Panel,Yes 1000 Envelopes A2
Majestic,Silk,5.5 x 8.5,Vertical,Rectangle,16PT C2S,No Coating,Silk,n/a,4/4,50,Score in Half,Moon Slits Right Panel,Yes 1000 Envelopes A2
Majestic,Silk,4.25 x 11,Horizontal,Rectangle,16PT C2S,No Coating,Silk,n/a,4/0,75,Score in Half,Moon Slits Right Panel,Yes 1000 Envelopes A2
Majestic,Silk,5.5 x 8.5,Horizontal,Rectangle,16PT C2S,No Coating,Silk,n/a,4/0,75,Score in Half,Moon Slits Right Panel,Yes 1000 Envelopes A2
Majestic,Silk,4.25 x 11,Vertical,Rectangle,16PT C2S,No Coating,Silk,n/a,4/0,75,Score in Half,Moon Slits Right Panel,Yes 1000 Envelopes A2
Majestic,Silk,5.5 x 8.5,Vertical,Rectangle,16PT C2S,No Coating,Silk,n/a,4/0,75,Score in Half,Moon Slits Right Panel,Yes 1000 Envelopes A2
Majestic,Silk,4.25 x 11,Horizontal,Rectangle,16PT C2S,No Coating,Silk,n/a,4/1,75,Score in Half,Moon Slits Right Panel,Yes 1000 Envelopes A2
Majestic,Silk,5.5 x 8.5,Horizontal,Rectangle,16PT C2S,No Coating,Silk,n/a,4/1,75,Score in Half,Moon Slits Right Panel,Yes 1000 Envelopes A2
Majestic,Silk,4.25 x 11,Vertical,Rectangle,16PT C2S,No Coating,Silk,n/a,4/1,75,Score in Half,Moon Slits Right Panel,Yes 1000 Envelopes A2
Majestic,Silk,5.5 x 8.5,Vertical,Rectangle,16PT C2S,No Coating,Silk,n/a,4/1,75,Score in Half,Moon Slits Right Panel,Yes 1000 Envelopes A2
Majestic,Silk,4.25 x 11,Horizontal,Rectangle,16PT C2S,No Coating,Silk,n/a,4/4,75,Score in Half,Moon Slits Right Panel,Yes 1000 Envelopes A2
Majestic,Silk,5.5 x 8.5,Horizontal,Rectangle,16PT C2S,No Coating,Silk,n/a,4/4,75,Score in Half,Moon Slits Right Panel,Yes 1000 Envelopes A2
Majestic,Silk,4.25 x 11,Vertical,Rectangle,16PT C2S,No Coating,Silk,n/a,4/4,75,Score in Half,Moon Slits Right Panel,Yes 1000 Envelopes A2
Majestic,Silk,5.5 x 8.5,Vertical,Rectangle,16PT C2S,No Coating,Silk,n/a,4/4,75,Score in Half,Moon Slits Right Panel,Yes 1000 Envelopes A2
Majestic,Silk,4.25 x 11,Horizontal,Rectangle,16PT C2S,No Coating,Silk,n/a,4/0,100,Score in Half,Moon Slits Right Panel,Yes 1000 Envelopes A2
Majestic,Silk,5.5 x 8.5,Horizontal,Rectangle,16PT C2S,No Coating,Silk,n/a,4/0,100,Score in Half,Moon Slits Right Panel,Yes 1000 Envelopes A2
Majestic,Silk,4.25 x 11,Vertical,Rectangle,16PT C2S,No Coating,Silk,n/a,4/0,100,Score in Half,Moon Slits Right Panel,Yes 1000 Envelopes A2
Majestic,Silk,5.5 x 8.5,Vertical,Rectangle,16PT C2S,No Coating,Silk,n/a,4/0,100,Score in Half,Moon Slits Right Panel,Yes 1000 Envelopes A2
Majestic,Silk,4.25 x 11,Horizontal,Rectangle,16PT C2S,No Coating,Silk,n/a,4/1,100,Score in Half,Moon Slits Right Panel,Yes 1000 Envelopes A2
Majestic,Silk,5.5 x 8.5,Horizontal,Rectangle,16PT C2S,No Coating,Silk,n/a,4/1,100,Score in Half,Moon Slits Right Panel,Yes 1000 Envelopes A2
Majestic,Silk,4.25 x 11,Vertical,Rectangle,16PT C2S,No Coating,Silk,n/a,4/1,100,Score in Half,Moon Slits Right Panel,Yes 1000 Envelopes A2
Majestic,Silk,5.5 x 8.5,Vertical,Rectangle,16PT C2S,No Coating,Silk,n/a,4/1,100,Score in Half,Moon Slits Right Panel,Yes 1000 Envelopes A2
Majestic,Silk,4.25 x 11,Horizontal,Rectangle,16PT C2S,No Coating,Silk,n/a,4/4,100,Score in Half,Moon Slits Right Panel,Yes 1000 Envelopes A2
Majestic,Silk,5.5 x 8.5,Horizontal,Rectangle,16PT C2S,No Coating,Silk,n/a,4/4,100,Score in Half,Moon Slits Right Panel,Yes 1000 Envelopes A2
Majestic,Silk,4.25 x 11,Vertical,Rectangle,16PT C2S,No Coating,Silk,n/a,4/4,100,Score in Half,Moon Slits Right Panel,Yes 1000 Envelopes A2
Majestic,Silk,5.5 x 8.5,Vertical,Rectangle,16PT C2S,No Coating,Silk,n/a,4/4,100,Score in Half,Moon Slits Right Panel,Yes 1000 Envelopes A2
Majestic,Silk,4.25 x 11,Horizontal,Rectangle,16PT C2S,No Coating,Silk,n/a,4/0,250,Score in Half,Moon Slits Right Panel,Yes 1000 Envelopes A2
Majestic,Silk,5.5 x 8.5,Horizontal,Rectangle,16PT C2S,No Coating,Silk,n/a,4/0,250,Score in Half,Moon Slits Right Panel,Yes 1000 Envelopes A2
Majestic,Silk,4.25 x 11,Vertical,Rectangle,16PT C2S,No Coating,Silk,n/a,4/0,250,Score in Half,Moon Slits Right Panel,Yes 1000 Envelopes A2
Majestic,Silk,5.5 x 8.5,Vertical,Rectangle,16PT C2S,No Coating,Silk,n/a,4/0,250,Score in Half,Moon Slits Right Panel,Yes 1000 Envelopes A2
Majestic,Silk,4.25 x 11,Horizontal,Rectangle,16PT C2S,No Coating,Silk,n/a,4/1,250,Score in Half,Moon Slits Right Panel,Yes 1000 Envelopes A2
Majestic,Silk,5.5 x 8.5,Horizontal,Rectangle,16PT C2S,No Coating,Silk,n/a,4/1,250,Score in Half,Moon Slits Right Panel,Yes 1000 Envelopes A2
Majestic,Silk,4.25 x 11,Vertical,Rectangle,16PT C2S,No Coating,Silk,n/a,4/1,250,Score in Half,Moon Slits Right Panel,Yes 1000 Envelopes A2
Majestic,Silk,5.5 x 8.5,Vertical,Rectangle,16PT C2S,No Coating,Silk,n/a,4/1,250,Score in Half,Moon Slits Right Panel,Yes 1000 Envelopes A2
Majestic,Silk,4.25 x 11,Horizontal,Rectangle,16PT C2S,No Coating,Silk,n/a,4/1,25,Score in Half,Moon Slits Bottom Panel,Yes 1000 Envelopes A2
Majestic,Silk,5.5 x 8.5,Horizontal,Rectangle,16PT C2S,No Coating,Silk,n/a,4/4,250,Score in Half,Moon Slits Right Panel,Yes 1000 Envelopes A2
Majestic,Silk,4.25 x 11,Vertical,Rectangle,16PT C2S,No Coating,Silk,n/a,4/4,250,Score in Half,Moon Slits Right Panel,Yes 1000 Envelopes A2
Majestic,Silk,5.5 x 8.5,Vertical,Rectangle,16PT C2S,No Coating,Silk,n/a,4/4,250,Score in Half,Moon Slits Right Panel,Yes 1000 Envelopes A2
Majestic,Silk,4.25 x 11,Horizontal,Rectangle,16PT C2S,No Coating,Silk,n/a,4/0,500,Score in Half,Moon Slits Right Panel,Yes 1000 Envelopes A2
Majestic,Silk,4.25 x 11,Vertical,Rectangle,16PT C2S,No Coating,Silk,n/a,4/0,500,Score in Half,Moon Slits Right Panel,Yes 1000 Envelopes A2
Majestic,Silk,5.5 x 8.5,Horizontal,Rectangle,16PT C2S,No Coating,Silk,n/a,4/0,500,Score in Half,Moon Slits Right Panel,Yes 1000 Envelopes A2
Majestic,Silk,5.5 x 8.5,Vertical,Rectangle,16PT C2S,No Coating,Silk,n/a,4/0,500,Score in Half,Moon Slits Right Panel,Yes 1000 Envelopes A2
Majestic,Silk,4.25 x 11,Horizontal,Rectangle,16PT C2S,No Coating,Silk,n/a,4/1,500,Score in Half,Moon Slits Right Panel,Yes 1000 Envelopes A2
Majestic,Silk,5.5 x 8.5,Horizontal,Rectangle,16PT C2S,No Coating,Silk,n/a,4/1,500,Score in Half,Moon Slits Right Panel,Yes 1000 Envelopes A2
Majestic,Silk,4.25 x 11,Vertical,Rectangle,16PT C2S,No Coating,Silk,n/a,4/1,500,Score in Half,Moon Slits Right Panel,Yes 1000 Envelopes A2
Majestic,Silk,5.5 x 8.5,Vertical,Rectangle,16PT C2S,No Coating,Silk,n/a,4/1,500,Score in Half,Moon Slits Right Panel,Yes 1000 Envelopes A2
Majestic,Silk,4.25 x 11,Horizontal,Rectangle,16PT C2S,No Coating,Silk,n/a,4/4,500,Score in Half,Moon Slits Right Panel,Yes 1000 Envelopes A2
Majestic,Silk,4.25 x 11,Horizontal,Rectangle,16PT C2S,No Coating,Silk,n/a,4/4,250,Score in Half,Moon Slits Right Panel,Yes 1000 Envelopes A2
Majestic,Silk,5.5 x 8.5,Horizontal,Rectangle,16PT C2S,No Coating,Silk,n/a,4/1,500,Score in Half,Slide Slits Right Panel,Yes 500 Envelopes A2
Majestic,Silk,5.5 x 8.5,Vertical,Rectangle,16PT C2S,No Coating,Silk,n/a,4/4,500,Score in Half,Moon Slits Right Panel,Yes 1000 Envelopes A2
Majestic,Silk,4.25 x 11,Horizontal,Rectangle,16PT C2S,No Coating,Silk,n/a,4/0,1000,Score in Half,Moon Slits Right Panel,Yes 1000 Envelopes A2
Majestic,Silk,5.5 x 8.5,Horizontal,Rectangle,16PT C2S,No Coating,Silk,n/a,4/0,1000,Score in Half,Moon Slits Right Panel,Yes 1000 Envelopes A2
Majestic,Silk,4.25 x 11,Vertical,Rectangle,16PT C2S,No Coating,Silk,n/a,4/0,1000,Score in Half,Moon Slits Right Panel,Yes 1000 Envelopes A2
Majestic,Silk,5.5 x 8.5,Vertical,Rectangle,16PT C2S,No Coating,Silk,n/a,4/0,1000,Score in Half,Moon Slits Right Panel,Yes 1000 Envelopes A2
Majestic,Silk,4.25 x 11,Horizontal,Rectangle,16PT C2S,No Coating,Silk,n/a,4/1,1000,Score in Half,Moon Slits Right Panel,Yes 1000 Envelopes A2
Majestic,Silk,5.5 x 8.5,Horizontal,Rectangle,16PT C2S,No Coating,Silk,n/a,4/1,1000,Score in Half,Moon Slits Right Panel,Yes 1000 Envelopes A2
Majestic,Silk,4.25 x 11,Vertical,Rectangle,16PT C2S,No Coating,Silk,n/a,4/1,1000,Score in Half,Moon Slits Right Panel,Yes 1000 Envelopes A2
Majestic,Silk,5.5 x 8.5,Vertical,Rectangle,16PT C2S,No Coating,Silk,n/a,4/1,1000,Score in Half,Moon Slits Right Panel,Yes 1000 Envelopes A2
Majestic,Silk,4.25 x 11,Horizontal,Rectangle,16PT C2S,No Coating,Silk,n/a,4/4,1000,Score in Half,Moon Slits Right Panel,Yes 1000 Envelopes A2
Majestic,Silk,5.5 x 8.5,Horizontal,Rectangle,16PT C2S,No Coating,Silk,n/a,4/4,1000,Score in Half,Moon Slits Right Panel,Yes 1000 Envelopes A2
Majestic,Silk,4.25 x 11,Vertical,Rectangle,16PT C2S,No Coating,Silk,n/a,4/4,1000,Score in Half,Moon Slits Right Panel,Yes 1000 Envelopes A2
Majestic,Silk,5.5 x 8.5,Vertical,Rectangle,16PT C2S,No Coating,Silk,n/a,4/4,1000,Score in Half,Moon Slits Right Panel,Yes 1000 Envelopes A2
Majestic,Silk,4.25 x 11,Horizontal,Rectangle,16PT C2S,No Coating,Silk,n/a,4/0,2500,Score in Half,Moon Slits Right Panel,Yes 1000 Envelopes A2
Majestic,Silk,5.5 x 8.5,Horizontal,Rectangle,16PT C2S,No Coating,Silk,n/a,4/0,2500,Score in Half,Moon Slits Right Panel,Yes 1000 Envelopes A2
Majestic,Silk,4.25 x 11,Vertical,Rectangle,16PT C2S,No Coating,Silk,n/a,4/0,2500,Score in Half,Moon Slits Right Panel,Yes 1000 Envelopes A2
Majestic,Silk,5.5 x 8.5,Vertical,Rectangle,16PT C2S,No Coating,Silk,n/a,4/0,2500,Score in Half,Moon Slits Right Panel,Yes 1000 Envelopes A2
Majestic,Silk,4.25 x 11,Horizontal,Rectangle,16PT C2S,No Coating,Silk,n/a,4/1,2500,Score in Half,Moon Slits Right Panel,Yes 1000 Envelopes A2
Majestic,Silk,5.5 x 8.5,Horizontal,Rectangle,16PT C2S,No Coating,Silk,n/a,4/1,2500,Score in Half,Moon Slits Right Panel,Yes 1000 Envelopes A2
Majestic,Silk,4.25 x 11,Vertical,Rectangle,16PT C2S,No Coating,Silk,n/a,4/1,2500,Score in Half,Moon Slits Right Panel,Yes 1000 Envelopes A2
Majestic,Silk,5.5 x 8.5,Vertical,Rectangle,16PT C2S,No Coating,Silk,n/a,4/1,2500,Score in Half,Moon Slits Right Panel,Yes 1000 Envelopes A2
Majestic,Silk,4.25 x 11,Horizontal,Rectangle,16PT C2S,No Coating,Silk,n/a,4/4,2500,Score in Half,Moon Slits Right Panel,Yes 1000 Envelopes A2
Majestic,Silk,5.5 x 8.5,Horizontal,Rectangle,16PT C2S,No Coating,Silk,n/a,4/4,2500,Score in Half,Moon Slits Right Panel,Yes 1000 Envelopes A2
Majestic,Silk,4.25 x 11,Vertical,Rectangle,16PT C2S,No Coating,Silk,n/a,4/4,2500,Score in Half,Moon Slits Right Panel,Yes 1000 Envelopes A2
Majestic,Silk,5.5 x 8.5,Vertical,Rectangle,16PT C2S,No Coating,Silk,n/a,4/4,2500,Score in Half,Moon Slits Right Panel,Yes 1000 Envelopes A2
Majestic,Silk,4.25 x 11,Horizontal,Rectangle,16PT C2S,No Coating,Silk,n/a,4/0,5000,Score in Half,Moon Slits Right Panel,Yes 1000 Envelopes A2
Majestic,Silk,5.5 x 8.5,Horizontal,Rectangle,16PT C2S,No Coating,Silk,n/a,4/0,5000,Score in Half,Moon Slits Right Panel,Yes 1000 Envelopes A2
Majestic,Silk,4.25 x 11,Vertical,Rectangle,16PT C2S,No Coating,Silk,n/a,4/0,5000,Score in Half,Moon Slits Right Panel,Yes 1000 Envelopes A2
Majestic,Silk,5.5 x 8.5,Vertical,Rectangle,16PT C2S,No Coating,Silk,n/a,4/0,5000,Score in Half,Moon Slits Right Panel,Yes 1000 Envelopes A2
Majestic,Silk,4.25 x 11,Horizontal,Rectangle,16PT C2S,No Coating,Silk,n/a,4/1,5000,Score in Half,Moon Slits Right Panel,Yes 1000 Envelopes A2
Majestic,Silk,5.5 x 8.5,Horizontal,Rectangle,16PT C2S,No Coating,Silk,n/a,4/1,5000,Score in Half,Moon Slits Right Panel,Yes 1000 Envelopes A2
Majestic,Silk,4.25 x 11,Vertical,Rectangle,16PT C2S,No Coating,Silk,n/a,4/1,5000,Score in Half,Moon Slits Right Panel,Yes 1000 Envelopes A2
Majestic,Silk,5.5 x 8.5,Vertical,Rectangle,16PT C2S,No Coating,Silk,n/a,4/1,5000,Score in Half,Moon Slits Right Panel,Yes 1000 Envelopes A2
Majestic,Silk,4.25 x 11,Horizontal,Rectangle,16PT C2S,No Coating,Silk,n/a,4/4,5000,Score in Half,Moon Slits Right Panel,Yes 1000 Envelopes A2
Majestic,Silk,5.5 x 8.5,Horizontal,Rectangle,16PT C2S,No Coating,Silk,n/a,4/4,5000,Score in Half,Moon Slits Right Panel,Yes 1000 Envelopes A2
Majestic,Silk,4.25 x 11,Vertical,Rectangle,16PT C2S,No Coating,Silk,n/a,4/4,5000,Score in Half,Moon Slits Right Panel,Yes 1000 Envelopes A2
Majestic,Silk,5.5 x 8.5,Vertical,Rectangle,16PT C2S,No Coating,Silk,n/a,4/4,5000,Score in Half,Moon Slits Right Panel,Yes 1000 Envelopes A2
Majestic,Silk,5.5 x 8.5,Horizontal,Rectangle,16PT C2S,No Coating,Silk,n/a,4/4,500,Score in Half,Moon Slits Right Panel,Yes 1000 Envelopes A2
Majestic,Silk,5.5 x 8.5,Horizontal,Rectangle,16PT C2S,No Coating,Silk,n/a,4/0,10000,Score in Half,Moon Slits Right Panel,Yes 1000 Envelopes A2
Majestic,Silk,4.25 x 11,Vertical,Rectangle,16PT C2S,No Coating,Silk,n/a,4/0,10000,Score in Half,Moon Slits Right Panel,Yes 1000 Envelopes A2
Majestic,Silk,5.5 x 8.5,Vertical,Rectangle,16PT C2S,No Coating,Silk,n/a,4/0,10000,Score in Half,Moon Slits Right Panel,Yes 1000 Envelopes A2
Majestic,Silk,4.25 x 11,Horizontal,Rectangle,16PT C2S,No Coating,Silk,n/a,4/1,10000,Score in Half,Moon Slits Right Panel,Yes 1000 Envelopes A2
Majestic,Silk,5.5 x 8.5,Horizontal,Rectangle,16PT C2S,No Coating,Silk,n/a,4/1,10000,Score in Half,Moon Slits Right Panel,Yes 1000 Envelopes A2
Majestic,Silk,4.25 x 11,Vertical,Rectangle,16PT C2S,No Coating,Silk,n/a,4/1,10000,Score in Half,Moon Slits Right Panel,Yes 1000 Envelopes A2
Majestic,Silk,5.5 x 8.5,Vertical,Rectangle,16PT C2S,No Coating,Silk,n/a,4/1,10000,Score in Half,Moon Slits Right Panel,Yes 1000 Envelopes A2
Majestic,Silk,4.25 x 11,Horizontal,Rectangle,16PT C2S,No Coating,Silk,n/a,4/4,10000,Score in Half,Moon Slits Right Panel,Yes 1000 Envelopes A2
Majestic,Silk,5.5 x 8.5,Horizontal,Rectangle,16PT C2S,No Coating,Silk,n/a,4/4,10000,Score in Half,Moon Slits Right Panel,Yes 1000 Envelopes A2
Majestic,Silk,4.25 x 11,Vertical,Rectangle,16PT C2S,No Coating,Silk,n/a,4/4,10000,Score in Half,Moon Slits Right Panel,Yes 1000 Envelopes A2
Majestic,Silk,5.5 x 8.5,Vertical,Rectangle,16PT C2S,No Coating,Silk,n/a,4/4,10000,Score in Half,Moon Slits Right Panel,Yes 1000 Envelopes A2
Majestic,Silk,4.25 x 11,Vertical,Rectangle,16PT C2S,No Coating,Silk,n/a,4/4,500,Score in Half,Moon Slits Right Panel,Yes 1000 Envelopes A2
Majestic,Silk,5.5 x 8.5,Horizontal,Rectangle,16PT C2S,No Coating,Silk,n/a,4/0,25,Score in Half,No Gift Cards Slits,Yes 1000 Envelopes A2
Majestic,Silk,4.25 x 11,Vertical,Rectangle,16PT C2S,No Coating,Silk,n/a,4/0,25,Score in Half,No Gift Cards Slits,Yes 1000 Envelopes A2
Majestic,Silk,5.5 x 8.5,Vertical,Rectangle,16PT C2S,No Coating,Silk,n/a,4/0,25,Score in Half,No Gift Cards Slits,Yes 1000 Envelopes A2
Majestic,Silk,4.25 x 11,Horizontal,Rectangle,16PT C2S,No Coating,Silk,n/a,4/1,25,Score in Half,No Gift Cards Slits,Yes 1000 Envelopes A2
Majestic,Silk,5.5 x 8.5,Horizontal,Rectangle,16PT C2S,No Coating,Silk,n/a,4/1,25,Score in Half,No Gift Cards Slits,Yes 1000 Envelopes A2
Majestic,Silk,4.25 x 11,Vertical,Rectangle,16PT C2S,No Coating,Silk,n/a,4/1,25,Score in Half,No Gift Cards Slits,Yes 1000 Envelopes A2
Majestic,Silk,5.5 x 8.5,Vertical,Rectangle,16PT C2S,No Coating,Silk,n/a,4/1,25,Score in Half,No Gift Cards Slits,Yes 1000 Envelopes A2
Majestic,Silk,4.25 x 11,Horizontal,Rectangle,16PT C2S,No Coating,Silk,n/a,4/4,25,Score in Half,No Gift Cards Slits,Yes 1000 Envelopes A2
Majestic,Silk,5.5 x 8.5,Horizontal,Rectangle,16PT C2S,No Coating,Silk,n/a,4/4,25,Score in Half,No Gift Cards Slits,Yes 1000 Envelopes A2
Majestic,Silk,4.25 x 11,Vertical,Rectangle,16PT C2S,No Coating,Silk,n/a,4/4,25,Score in Half,No Gift Cards Slits,Yes 1000 Envelopes A2
Majestic,Silk,5.5 x 8.5,Vertical,Rectangle,16PT C2S,No Coating,Silk,n/a,4/4,25,Score in Half,No Gift Cards Slits,Yes 1000 Envelopes A2
Majestic,Silk,4.25 x 11,Horizontal,Rectangle,16PT C2S,No Coating,Silk,n/a,4/0,50,Score in Half,No Gift Cards Slits,Yes 1000 Envelopes A2
Majestic,Silk,5.5 x 8.5,Horizontal,Rectangle,16PT C2S,No Coating,Silk,n/a,4/0,50,Score in Half,No Gift Cards Slits,Yes 1000 Envelopes A2
Majestic,Silk,4.25 x 11,Vertical,Rectangle,16PT C2S,No Coating,Silk,n/a,4/0,50,Score in Half,No Gift Cards Slits,Yes 1000 Envelopes A2
Majestic,Silk,5.5 x 8.5,Vertical,Rectangle,16PT C2S,No Coating,Silk,n/a,4/0,50,Score in Half,No Gift Cards Slits,Yes 1000 Envelopes A2
Majestic,Silk,4.25 x 11,Horizontal,Rectangle,16PT C2S,No Coating,Silk,n/a,4/1,50,Score in Half,No Gift Cards Slits,Yes 1000 Envelopes A2
Majestic,Silk,5.5 x 8.5,Horizontal,Rectangle,16PT C2S,No Coating,Silk,n/a,4/1,50,Score in Half,No Gift Cards Slits,Yes 1000 Envelopes A2
Majestic,Silk,4.25 x 11,Vertical,Rectangle,16PT C2S,No Coating,Silk,n/a,4/1,50,Score in Half,No Gift Cards Slits,Yes 1000 Envelopes A2
Majestic,Silk,5.5 x 8.5,Vertical,Rectangle,16PT C2S,No Coating,Silk,n/a,4/1,50,Score in Half,No Gift Cards Slits,Yes 1000 Envelopes A2
Majestic,Silk,4.25 x 11,Horizontal,Rectangle,16PT C2S,No Coating,Silk,n/a,4/4,50,Score in Half,No Gift Cards Slits,Yes 1000 Envelopes A2
Majestic,Silk,5.5 x 8.5,Horizontal,Rectangle,16PT C2S,No Coating,Silk,n/a,4/4,50,Score in Half,No Gift Cards Slits,Yes 1000 Envelopes A2
Majestic,Silk,4.25 x 11,Vertical,Rectangle,16PT C2S,No Coating,Silk,n/a,4/4,50,Score in Half,No Gift Cards Slits,Yes 1000 Envelopes A2
Majestic,Silk,5.5 x 8.5,Horizontal,Rectangle,16PT C2S,No Coating,Silk,n/a,4/4,50,Score in Half,Moon Slits Right Panel,Yes 1000 Envelopes A2
Majestic,Silk,4.25 x 11,Horizontal,Rectangle,16PT C2S,No Coating,Silk,n/a,4/0,10000,Score in Half,Moon Slits Right Panel,Yes 1000 Envelopes A2
Majestic,Silk,5.5 x 8.5,Horizontal,Rectangle,16PT C2S,No Coating,Silk,n/a,4/0,75,Score in Half,No Gift Cards Slits,Yes 1000 Envelopes A2
Majestic,Silk,4.25 x 11,Vertical,Rectangle,16PT C2S,No Coating,Silk,n/a,4/0,75,Score in Half,No Gift Cards Slits,Yes 1000 Envelopes A2
Majestic,Silk,5.5 x 8.5,Vertical,Rectangle,16PT C2S,No Coating,Silk,n/a,4/0,75,Score in Half,No Gift Cards Slits,Yes 1000 Envelopes A2
Majestic,Silk,4.25 x 11,Horizontal,Rectangle,16PT C2S,No Coating,Silk,n/a,4/0,25,Score in Half,No Gift Cards Slits,Yes 1000 Envelopes A2
Majestic,Silk,5.5 x 8.5,Horizontal,Rectangle,16PT C2S,No Coating,Silk,n/a,4/1,75,Score in Half,No Gift Cards Slits,Yes 1000 Envelopes A2
Majestic,Silk,4.25 x 11,Vertical,Rectangle,16PT C2S,No Coating,Silk,n/a,4/1,75,Score in Half,No Gift Cards Slits,Yes 1000 Envelopes A2
Majestic,Silk,5.5 x 8.5,Vertical,Rectangle,16PT C2S,No Coating,Silk,n/a,4/1,75,Score in Half,No Gift Cards Slits,Yes 1000 Envelopes A2
Majestic,Silk,4.25 x 11,Horizontal,Rectangle,16PT C2S,No Coating,Silk,n/a,4/4,75,Score in Half,No Gift Cards Slits,Yes 1000 Envelopes A2
Majestic,Silk,5.5 x 8.5,Horizontal,Rectangle,16PT C2S,No Coating,Silk,n/a,4/4,75,Score in Half,No Gift Cards Slits,Yes 1000 Envelopes A2
Majestic,Silk,4.25 x 11,Vertical,Rectangle,16PT C2S,No Coating,Silk,n/a,4/4,75,Score in Half,No Gift Cards Slits,Yes 1000 Envelopes A2
Majestic,Silk,5.5 x 8.5,Vertical,Rectangle,16PT C2S,No Coating,Silk,n/a,4/4,75,Score in Half,No Gift Cards Slits,Yes 1000 Envelopes A2
Majestic,Silk,4.25 x 11,Horizontal,Rectangle,16PT C2S,No Coating,Silk,n/a,4/0,100,Score in Half,No Gift Cards Slits,Yes 1000 Envelopes A2
Majestic,Silk,5.5 x 8.5,Horizontal,Rectangle,16PT C2S,No Coating,Silk,n/a,4/0,100,Score in Half,No Gift Cards Slits,Yes 1000 Envelopes A2
Majestic,Silk,4.25 x 11,Vertical,Rectangle,16PT C2S,No Coating,Silk,n/a,4/0,100,Score in Half,No Gift Cards Slits,Yes 1000 Envelopes A2
Majestic,Silk,5.5 x 8.5,Vertical,Rectangle,16PT C2S,No Coating,Silk,n/a,4/0,100,Score in Half,No Gift Cards Slits,Yes 1000 Envelopes A2
Majestic,Silk,4.25 x 11,Horizontal,Rectangle,16PT C2S,No Coating,Silk,n/a,4/0,75,Score in Half,No Gift Cards Slits,Yes 1000 Envelopes A2
Majestic,Silk,5.5 x 8.5,Horizontal,Rectangle,16PT C2S,No Coating,Silk,n/a,4/1,100,Score in Half,No Gift Cards Slits,Yes 1000 Envelopes A2
Majestic,Silk,4.25 x 11,Vertical,Rectangle,16PT C2S,No Coating,Silk,n/a,4/1,100,Score in Half,No Gift Cards Slits,Yes 1000 Envelopes A2
Majestic,Silk,5.5 x 8.5,Vertical,Rectangle,16PT C2S,No Coating,Silk,n/a,4/1,100,Score in Half,No Gift Cards Slits,Yes 1000 Envelopes A2
Majestic,Silk,4.25 x 11,Horizontal,Rectangle,16PT C2S,No Coating,Silk,n/a,4/4,100,Score in Half,No Gift Cards Slits,Yes 1000 Envelopes A2
Majestic,Silk,5.5 x 8.5,Horizontal,Rectangle,16PT C2S,No Coating,Silk,n/a,4/4,100,Score in Half,No Gift Cards Slits,Yes 1000 Envelopes A2
Majestic,Silk,4.25 x 11,Vertical,Rectangle,16PT C2S,No Coating,Silk,n/a,4/4,100,Score in Half,No Gift Cards Slits,Yes 1000 Envelopes A2
Majestic,Silk,5.5 x 8.5,Vertical,Rectangle,16PT C2S,No Coating,Silk,n/a,4/4,100,Score in Half,No Gift Cards Slits,Yes 1000 Envelopes A2
Majestic,Silk,4.25 x 11,Horizontal,Rectangle,16PT C2S,No Coating,Silk,n/a,4/0,250,Score in Half,No Gift Cards Slits,Yes 1000 Envelopes A2
Majestic,Silk,5.5 x 8.5,Horizontal,Rectangle,16PT C2S,No Coating,Silk,n/a,4/0,250,Score in Half,No Gift Cards Slits,Yes 1000 Envelopes A2
Majestic,Silk,4.25 x 11,Vertical,Rectangle,16PT C2S,No Coating,Silk,n/a,4/0,250,Score in Half,No Gift Cards Slits,Yes 1000 Envelopes A2
Majestic,Silk,5.5 x 8.5,Vertical,Rectangle,16PT C2S,No Coating,Silk,n/a,4/4,50,Score in Half,No Gift Cards Slits,Yes 1000 Envelopes A2
Majestic,Silk,4.25 x 11,Horizontal,Rectangle,16PT C2S,No Coating,Silk,n/a,4/1,250,Score in Half,No Gift Cards Slits,Yes 1000 Envelopes A2
Majestic,Silk,4.25 x 11,Horizontal,Rectangle,16PT C2S,No Coating,Silk,n/a,4/1,75,Score in Half,No Gift Cards Slits,Yes 1000 Envelopes A2
Majestic,Silk,4.25 x 11,Vertical,Rectangle,16PT C2S,No Coating,Silk,n/a,4/1,250,Score in Half,No Gift Cards Slits,Yes 1000 Envelopes A2
Majestic,Silk,5.5 x 8.5,Vertical,Rectangle,16PT C2S,No Coating,Silk,n/a,4/1,250,Score in Half,No Gift Cards Slits,Yes 1000 Envelopes A2
Majestic,Silk,4.25 x 11,Horizontal,Rectangle,16PT C2S,No Coating,Silk,n/a,4/4,250,Score in Half,No Gift Cards Slits,Yes 1000 Envelopes A2
Majestic,Silk,5.5 x 8.5,Vertical,Rectangle,16PT C2S,No Coating,Silk,n/a,4/0,250,Score in Half,No Gift Cards Slits,Yes 1000 Envelopes A2
Majestic,Silk,4.25 x 11,Vertical,Rectangle,16PT C2S,No Coating,Silk,n/a,4/4,250,Score in Half,No Gift Cards Slits,Yes 1000 Envelopes A2
Majestic,Silk,5.5 x 8.5,Vertical,Rectangle,16PT C2S,No Coating,Silk,n/a,4/4,250,Score in Half,No Gift Cards Slits,Yes 1000 Envelopes A2
Majestic,Silk,4.25 x 11,Horizontal,Rectangle,16PT C2S,No Coating,Silk,n/a,4/0,500,Score in Half,No Gift Cards Slits,Yes 1000 Envelopes A2
Majestic,Silk,5.5 x 8.5,Horizontal,Rectangle,16PT C2S,No Coating,Silk,n/a,4/4,250,Score in Half,No Gift Cards Slits,Yes 1000 Envelopes A2
Majestic,Silk,4.25 x 11,Vertical,Rectangle,16PT C2S,No Coating,Silk,n/a,4/0,500,Score in Half,No Gift Cards Slits,Yes 1000 Envelopes A2
Majestic,Silk,5.5 x 8.5,Vertical,Rectangle,16PT C2S,No Coating,Silk,n/a,4/0,500,Score in Half,No Gift Cards Slits,Yes 1000 Envelopes A2
Majestic,Silk,4.25 x 11,Horizontal,Rectangle,16PT C2S,No Coating,Silk,n/a,4/1,500,Score in Half,No Gift Cards Slits,Yes 1000 Envelopes A2
Majestic,Silk,5.5 x 8.5,Horizontal,Rectangle,16PT C2S,No Coating,Silk,n/a,4/1,250,Score in Half,No Gift Cards Slits,Yes 1000 Envelopes A2
Majestic,Silk,4.25 x 11,Vertical,Rectangle,16PT C2S,No Coating,Silk,n/a,4/1,500,Score in Half,No Gift Cards Slits,Yes 1000 Envelopes A2
Majestic,Silk,5.5 x 8.5,Vertical,Rectangle,16PT C2S,No Coating,Silk,n/a,4/1,500,Score in Half,No Gift Cards Slits,Yes 1000 Envelopes A2
Majestic,Silk,4.25 x 11,Horizontal,Rectangle,16PT C2S,No Coating,Silk,n/a,4/4,500,Score in Half,No Gift Cards Slits,Yes 1000 Envelopes A2
Majestic,Silk,5.5 x 8.5,Horizontal,Rectangle,16PT C2S,No Coating,Silk,n/a,4/4,500,Score in Half,No Gift Cards Slits,Yes 1000 Envelopes A2
Majestic,Silk,4.25 x 11,Vertical,Rectangle,16PT C2S,No Coating,Silk,n/a,4/4,500,Score in Half,No Gift Cards Slits,Yes 1000 Envelopes A2
Majestic,Silk,5.5 x 8.5,Horizontal,Rectangle,16PT C2S,No Coating,Silk,n/a,4/1,500,Score in Half,No Gift Cards Slits,Yes 1000 Envelopes A2
Majestic,Silk,4.25 x 11,Horizontal,Rectangle,16PT C2S,No Coating,Silk,n/a,4/0,1000,Score in Half,No Gift Cards Slits,Yes 1000 Envelopes A2
Majestic,Silk,5.5 x 8.5,Horizontal,Rectangle,16PT C2S,No Coating,Silk,n/a,4/0,1000,Score in Half,No Gift Cards Slits,Yes 1000 Envelopes A2
Majestic,Silk,4.25 x 11,Vertical,Rectangle,16PT C2S,No Coating,Silk,n/a,4/0,1000,Score in Half,No Gift Cards Slits,Yes 1000 Envelopes A2
Majestic,Silk,5.5 x 8.5,Vertical,Rectangle,16PT C2S,No Coating,Silk,n/a,4/0,1000,Score in Half,No Gift Cards Slits,Yes 1000 Envelopes A2
Majestic,Silk,4.25 x 11,Horizontal,Rectangle,16PT C2S,No Coating,Silk,n/a,4/1,1000,Score in Half,No Gift Cards Slits,Yes 1000 Envelopes A2
Majestic,Silk,5.5 x 8.5,Horizontal,Rectangle,16PT C2S,No Coating,Silk,n/a,4/1,1000,Score in Half,No Gift Cards Slits,Yes 1000 Envelopes A2
Majestic,Silk,4.25 x 11,Vertical,Rectangle,16PT C2S,No Coating,Silk,n/a,4/1,1000,Score in Half,No Gift Cards Slits,Yes 1000 Envelopes A2
Majestic,Silk,5.5 x 8.5,Vertical,Rectangle,16PT C2S,No Coating,Silk,n/a,4/1,1000,Score in Half,No Gift Cards Slits,Yes 1000 Envelopes A2
Majestic,Silk,4.25 x 11,Horizontal,Rectangle,16PT C2S,No Coating,Silk,n/a,4/4,1000,Score in Half,No Gift Cards Slits,Yes 1000 Envelopes A2
Majestic,Silk,5.5 x 8.5,Horizontal,Rectangle,16PT C2S,No Coating,Silk,n/a,4/4,1000,Score in Half,No Gift Cards Slits,Yes 1000 Envelopes A2
Majestic,Silk,4.25 x 11,Vertical,Rectangle,16PT C2S,No Coating,Silk,n/a,4/4,1000,Score in Half,No Gift Cards Slits,Yes 1000 Envelopes A2
Majestic,Silk,5.5 x 8.5,Vertical,Rectangle,16PT C2S,No Coating,Silk,n/a,4/4,1000,Score in Half,No Gift Cards Slits,Yes 1000 Envelopes A2
Majestic,Silk,4.25 x 11,Horizontal,Rectangle,16PT C2S,No Coating,Silk,n/a,4/0,2500,Score in Half,No Gift Cards Slits,Yes 1000 Envelopes A2
Majestic,Silk,5.5 x 8.5,Horizontal,Rectangle,16PT C2S,No Coating,Silk,n/a,4/0,2500,Score in Half,No Gift Cards Slits,Yes 1000 Envelopes A2
Majestic,Silk,4.25 x 11,Vertical,Rectangle,16PT C2S,No Coating,Silk,n/a,4/0,2500,Score in Half,No Gift Cards Slits,Yes 1000 Envelopes A2
Majestic,Silk,5.5 x 8.5,Vertical,Rectangle,16PT C2S,No Coating,Silk,n/a,4/0,2500,Score in Half,No Gift Cards Slits,Yes 1000 Envelopes A2
Majestic,Silk,4.25 x 11,Horizontal,Rectangle,16PT C2S,No Coating,Silk,n/a,4/1,2500,Score in Half,No Gift Cards Slits,Yes 1000 Envelopes A2
Majestic,Silk,4.25 x 11,Vertical,Rectangle,16PT C2S,No Coating,Silk,n/a,4/1,2500,Score in Half,No Gift Cards Slits,Yes 1000 Envelopes A2
Majestic,Silk,5.5 x 8.5,Horizontal,Rectangle,16PT C2S,No Coating,Silk,n/a,4/1,2500,Score in Half,No Gift Cards Slits,Yes 1000 Envelopes A2
Majestic,Silk,5.5 x 8.5,Vertical,Rectangle,16PT C2S,No Coating,Silk,n/a,4/1,2500,Score in Half,No Gift Cards Slits,Yes 1000 Envelopes A2
Majestic,Silk,5.5 x 8.5,Horizontal,Rectangle,16PT C2S,No Coating,Silk,n/a,4/4,2500,Score in Half,No Gift Cards Slits,Yes 1000 Envelopes A2
Majestic,Silk,4.25 x 11,Vertical,Rectangle,16PT C2S,No Coating,Silk,n/a,4/4,2500,Score in Half,No Gift Cards Slits,Yes 1000 Envelopes A2
Majestic,Silk,4.25 x 11,Horizontal,Rectangle,16PT C2S,No Coating,Silk,n/a,4/4,2500,Score in Half,No Gift Cards Slits,Yes 1000 Envelopes A2
Majestic,Silk,5.5 x 8.5,Vertical,Rectangle,16PT C2S,No Coating,Silk,n/a,4/4,2500,Score in Half,No Gift Cards Slits,Yes 1000 Envelopes A2
Majestic,Silk,5.5 x 8.5,Horizontal,Rectangle,16PT C2S,No Coating,Silk,n/a,4/0,5000,Score in Half,No Gift Cards Slits,Yes 1000 Envelopes A2
Majestic,Silk,4.25 x 11,Horizontal,Rectangle,16PT C2S,No Coating,Silk,n/a,4/0,5000,Score in Half,No Gift Cards Slits,Yes 1000 Envelopes A2
Majestic,Silk,4.25 x 11,Vertical,Rectangle,16PT C2S,No Coating,Silk,n/a,4/0,5000,Score in Half,No Gift Cards Slits,Yes 1000 Envelopes A2
Majestic,Silk,5.5 x 8.5,Vertical,Rectangle,16PT C2S,No Coating,Silk,n/a,4/0,5000,Score in Half,No Gift Cards Slits,Yes 1000 Envelopes A2
Majestic,Silk,4.25 x 11,Horizontal,Rectangle,16PT C2S,No Coating,Silk,n/a,4/1,5000,Score in Half,No Gift Cards Slits,Yes 1000 Envelopes A2
Majestic,Silk,5.5 x 8.5,Vertical,Rectangle,16PT C2S,No Coating,Silk,n/a,4/1,5000,Score in Half,No Gift Cards Slits,Yes 1000 Envelopes A2
Majestic,Silk,4.25 x 11,Horizontal,Rectangle,16PT C2S,No Coating,Silk,n/a,4/4,5000,Score in Half,No Gift Cards Slits,Yes 1000 Envelopes A2
Majestic,Silk,5.5 x 8.5,Horizontal,Rectangle,16PT C2S,No Coating,Silk,n/a,4/1,5000,Score in Half,No Gift Cards Slits,Yes 1000 Envelopes A2
Majestic,Silk,4.25 x 11,Vertical,Rectangle,16PT C2S,No Coating,Silk,n/a,4/1,5000,Score in Half,No Gift Cards Slits,Yes 1000 Envelopes A2
Majestic,Silk,5.5 x 8.5,Horizontal,Rectangle,16PT C2S,No Coating,Silk,n/a,4/4,5000,Score in Half,No Gift Cards Slits,Yes 1000 Envelopes A2
Majestic,Silk,4.25 x 11,Vertical,Rectangle,16PT C2S,No Coating,Silk,n/a,4/4,5000,Score in Half,No Gift Cards Slits,Yes 1000 Envelopes A2
Majestic,Silk,5.5 x 8.5,Vertical,Rectangle,16PT C2S,No Coating,Silk,n/a,4/4,5000,Score in Half,No Gift Cards Slits,Yes 1000 Envelopes A2
Majestic,Silk,5.5 x 8.5,Horizontal,Rectangle,16PT C2S,No Coating,Silk,n/a,4/0,10000,Score in Half,No Gift Cards Slits,Yes 1000 Envelopes A2
Majestic,Silk,4.25 x 11,Vertical,Rectangle,16PT C2S,No Coating,Silk,n/a,4/0,10000,Score in Half,No Gift Cards Slits,Yes 1000 Envelopes A2
Majestic,Silk,4.25 x 11,Horizontal,Rectangle,16PT C2S,No Coating,Silk,n/a,4/0,10000,Score in Half,No Gift Cards Slits,Yes 1000 Envelopes A2
Majestic,Silk,5.5 x 8.5,Vertical,Rectangle,16PT C2S,No Coating,Silk,n/a,4/0,10000,Score in Half,No Gift Cards Slits,Yes 1000 Envelopes A2
Majestic,Silk,4.25 x 11,Horizontal,Rectangle,16PT C2S,No Coating,Silk,n/a,4/1,10000,Score in Half,No Gift Cards Slits,Yes 1000 Envelopes A2
Majestic,Silk,5.5 x 8.5,Horizontal,Rectangle,16PT C2S,No Coating,Silk,n/a,4/1,10000,Score in Half,No Gift Cards Slits,Yes 1000 Envelopes A2
Majestic,Silk,5.5 x 8.5,Vertical,Rectangle,16PT C2S,No Coating,Silk,n/a,4/1,10000,Score in Half,No Gift Cards Slits,Yes 1000 Envelopes A2
Majestic,Silk,4.25 x 11,Vertical,Rectangle,16PT C2S,No Coating,Silk,n/a,4/1,10000,Score in Half,No Gift Cards Slits,Yes 1000 Envelopes A2
Majestic,Silk,4.25 x 11,Horizontal,Rectangle,16PT C2S,No Coating,Silk,n/a,4/4,10000,Score in Half,No Gift Cards Slits,Yes 1000 Envelopes A2
Majestic,Silk,5.5 x 8.5,Horizontal,Rectangle,16PT C2S,No Coating,Silk,n/a,4/4,10000,Score in Half,No Gift Cards Slits,Yes 1000 Envelopes A2
Majestic,Silk,4.25 x 11,Vertical,Rectangle,16PT C2S,No Coating,Silk,n/a,4/4,10000,Score in Half,No Gift Cards Slits,Yes 1000 Envelopes A2
Majestic,Silk,5.5 x 8.5,Vertical,Rectangle,16PT C2S,No Coating,Silk,n/a,4/4,10000,Score in Half,No Gift Cards Slits,Yes 1000 Envelopes A2
Majestic,Silk,4.25 x 11,Horizontal,Rectangle,16PT C2S,No Coating,Silk,n/a,4/0,25,Score in Half,Slide Slits Bottom Panel,Yes 1000 Envelopes A2
Majestic,Silk,5.5 x 8.5,Horizontal,Rectangle,16PT C2S,No Coating,Silk,n/a,4/0,25,Score in Half,Slide Slits Bottom Panel,Yes 1000 Envelopes A2
Majestic,Silk,4.25 x 11,Vertical,Rectangle,16PT C2S,No Coating,Silk,n/a,4/0,25,Score in Half,Slide Slits Bottom Panel,Yes 1000 Envelopes A2
Majestic,Silk,4.25 x 11,Horizontal,Rectangle,16PT C2S,No Coating,Silk,n/a,4/1,25,Score in Half,Slide Slits Bottom Panel,Yes 1000 Envelopes A2
Majestic,Silk,5.5 x 8.5,Horizontal,Rectangle,16PT C2S,No Coating,Silk,n/a,4/1,25,Score in Half,Slide Slits Bottom Panel,Yes 1000 Envelopes A2
Majestic,Silk,4.25 x 11,Vertical,Rectangle,16PT C2S,No Coating,Silk,n/a,4/1,25,Score in Half,Slide Slits Bottom Panel,Yes 1000 Envelopes A2
Majestic,Silk,5.5 x 8.5,Vertical,Rectangle,16PT C2S,No Coating,Silk,n/a,4/0,25,Score in Half,Slide Slits Bottom Panel,Yes 1000 Envelopes A2
Majestic,Silk,5.5 x 8.5,Vertical,Rectangle,16PT C2S,No Coating,Silk,n/a,4/1,25,Score in Half,Slide Slits Bottom Panel,Yes 1000 Envelopes A2
Majestic,Silk,4.25 x 11,Horizontal,Rectangle,16PT C2S,No Coating,Silk,n/a,4/4,25,Score in Half,Slide Slits Bottom Panel,Yes 1000 Envelopes A2
Majestic,Silk,5.5 x 8.5,Horizontal,Rectangle,16PT C2S,No Coating,Silk,n/a,4/4,25,Score in Half,Slide Slits Bottom Panel,Yes 1000 Envelopes A2
Majestic,Silk,4.25 x 11,Horizontal,Rectangle,16PT C2S,No Coating,Silk,n/a,4/0,50,Score in Half,Slide Slits Bottom Panel,Yes 1000 Envelopes A2
Majestic,Silk,5.5 x 8.5,Horizontal,Rectangle,16PT C2S,No Coating,Silk,n/a,4/0,50,Score in Half,Slide Slits Bottom Panel,Yes 1000 Envelopes A2
Majestic,Silk,5.5 x 8.5,Vertical,Rectangle,16PT C2S,No Coating,Silk,n/a,4/4,25,Score in Half,Slide Slits Bottom Panel,Yes 1000 Envelopes A2
Majestic,Silk,4.25 x 11,Vertical,Rectangle,16PT C2S,No Coating,Silk,n/a,4/0,50,Score in Half,Slide Slits Bottom Panel,Yes 1000 Envelopes A2
Majestic,Silk,4.25 x 11,Vertical,Rectangle,16PT C2S,No Coating,Silk,n/a,4/4,25,Score in Half,Slide Slits Bottom Panel,Yes 1000 Envelopes A2
Majestic,Silk,5.5 x 8.5,Vertical,Rectangle,16PT C2S,No Coating,Silk,n/a,4/0,50,Score in Half,Slide Slits Bottom Panel,Yes 1000 Envelopes A2
Majestic,Silk,4.25 x 11,Horizontal,Rectangle,16PT C2S,No Coating,Silk,n/a,4/1,50,Score in Half,Slide Slits Bottom Panel,Yes 1000 Envelopes A2
Majestic,Silk,5.5 x 8.5,Horizontal,Rectangle,16PT C2S,No Coating,Silk,n/a,4/1,50,Score in Half,Slide Slits Bottom Panel,Yes 1000 Envelopes A2
Majestic,Silk,4.25 x 11,Vertical,Rectangle,16PT C2S,No Coating,Silk,n/a,4/1,50,Score in Half,Slide Slits Bottom Panel,Yes 1000 Envelopes A2
Majestic,Silk,5.5 x 8.5,Vertical,Rectangle,16PT C2S,No Coating,Silk,n/a,4/1,50,Score in Half,Slide Slits Bottom Panel,Yes 1000 Envelopes A2
Majestic,Silk,4.25 x 11,Horizontal,Rectangle,16PT C2S,No Coating,Silk,n/a,4/4,50,Score in Half,Slide Slits Bottom Panel,Yes 1000 Envelopes A2
Majestic,Silk,5.5 x 8.5,Horizontal,Rectangle,16PT C2S,No Coating,Silk,n/a,4/4,50,Score in Half,Slide Slits Bottom Panel,Yes 1000 Envelopes A2
Majestic,Silk,4.25 x 11,Vertical,Rectangle,16PT C2S,No Coating,Silk,n/a,4/4,50,Score in Half,Slide Slits Bottom Panel,Yes 1000 Envelopes A2
Majestic,Silk,5.5 x 8.5,Vertical,Rectangle,16PT C2S,No Coating,Silk,n/a,4/4,50,Score in Half,Slide Slits Bottom Panel,Yes 1000 Envelopes A2
Majestic,Silk,4.25 x 11,Horizontal,Rectangle,16PT C2S,No Coating,Silk,n/a,4/0,75,Score in Half,Slide Slits Bottom Panel,Yes 1000 Envelopes A2
Majestic,Silk,5.5 x 8.5,Horizontal,Rectangle,16PT C2S,No Coating,Silk,n/a,4/0,75,Score in Half,Slide Slits Bottom Panel,Yes 1000 Envelopes A2
Majestic,Silk,4.25 x 11,Vertical,Rectangle,16PT C2S,No Coating,Silk,n/a,4/0,75,Score in Half,Slide Slits Bottom Panel,Yes 1000 Envelopes A2
Majestic,Silk,5.5 x 8.5,Vertical,Rectangle,16PT C2S,No Coating,Silk,n/a,4/0,75,Score in Half,Slide Slits Bottom Panel,Yes 1000 Envelopes A2
Majestic,Silk,4.25 x 11,Horizontal,Rectangle,16PT C2S,No Coating,Silk,n/a,4/1,75,Score in Half,Slide Slits Bottom Panel,Yes 1000 Envelopes A2
Majestic,Silk,5.5 x 8.5,Horizontal,Rectangle,16PT C2S,No Coating,Silk,n/a,4/1,75,Score in Half,Slide Slits Bottom Panel,Yes 1000 Envelopes A2
Majestic,Silk,4.25 x 11,Vertical,Rectangle,16PT C2S,No Coating,Silk,n/a,4/1,75,Score in Half,Slide Slits Bottom Panel,Yes 1000 Envelopes A2
Majestic,Silk,5.5 x 8.5,Vertical,Rectangle,16PT C2S,No Coating,Silk,n/a,4/1,75,Score in Half,Slide Slits Bottom Panel,Yes 1000 Envelopes A2
Majestic,Silk,4.25 x 11,Horizontal,Rectangle,16PT C2S,No Coating,Silk,n/a,4/4,75,Score in Half,Slide Slits Bottom Panel,Yes 1000 Envelopes A2
Majestic,Silk,5.5 x 8.5,Horizontal,Rectangle,16PT C2S,No Coating,Silk,n/a,4/4,75,Score in Half,Slide Slits Bottom Panel,Yes 1000 Envelopes A2
Majestic,Silk,4.25 x 11,Vertical,Rectangle,16PT C2S,No Coating,Silk,n/a,4/4,75,Score in Half,Slide Slits Bottom Panel,Yes 1000 Envelopes A2
Majestic,Silk,5.5 x 8.5,Vertical,Rectangle,16PT C2S,No Coating,Silk,n/a,4/4,75,Score in Half,Slide Slits Bottom Panel,Yes 1000 Envelopes A2
Majestic,Silk,4.25 x 11,Horizontal,Rectangle,16PT C2S,No Coating,Silk,n/a,4/0,100,Score in Half,Slide Slits Bottom Panel,Yes 1000 Envelopes A2
Majestic,Silk,5.5 x 8.5,Horizontal,Rectangle,16PT C2S,No Coating,Silk,n/a,4/0,100,Score in Half,Slide Slits Bottom Panel,Yes 1000 Envelopes A2
Majestic,Silk,4.25 x 11,Vertical,Rectangle,16PT C2S,No Coating,Silk,n/a,4/0,100,Score in Half,Slide Slits Bottom Panel,Yes 1000 Envelopes A2
Majestic,Silk,5.5 x 8.5,Vertical,Rectangle,16PT C2S,No Coating,Silk,n/a,4/0,100,Score in Half,Slide Slits Bottom Panel,Yes 1000 Envelopes A2
Majestic,Silk,4.25 x 11,Horizontal,Rectangle,16PT C2S,No Coating,Silk,n/a,4/1,100,Score in Half,Slide Slits Bottom Panel,Yes 1000 Envelopes A2
Majestic,Silk,5.5 x 8.5,Horizontal,Rectangle,16PT C2S,No Coating,Silk,n/a,4/1,100,Score in Half,Slide Slits Bottom Panel,Yes 1000 Envelopes A2
Majestic,Silk,4.25 x 11,Vertical,Rectangle,16PT C2S,No Coating,Silk,n/a,4/1,100,Score in Half,Slide Slits Bottom Panel,Yes 1000 Envelopes A2
Majestic,Silk,5.5 x 8.5,Vertical,Rectangle,16PT C2S,No Coating,Silk,n/a,4/1,100,Score in Half,Slide Slits Bottom Panel,Yes 1000 Envelopes A2
Majestic,Silk,4.25 x 11,Horizontal,Rectangle,16PT C2S,No Coating,Silk,n/a,4/4,100,Score in Half,Slide Slits Bottom Panel,Yes 1000 Envelopes A2
Majestic,Silk,5.5 x 8.5,Horizontal,Rectangle,16PT C2S,No Coating,Silk,n/a,4/4,100,Score in Half,Slide Slits Bottom Panel,Yes 1000 Envelopes A2
Majestic,Silk,4.25 x 11,Vertical,Rectangle,16PT C2S,No Coating,Silk,n/a,4/4,100,Score in Half,Slide Slits Bottom Panel,Yes 1000 Envelopes A2
Majestic,Silk,5.5 x 8.5,Vertical,Rectangle,16PT C2S,No Coating,Silk,n/a,4/4,100,Score in Half,Slide Slits Bottom Panel,Yes 1000 Envelopes A2
Majestic,Silk,4.25 x 11,Horizontal,Rectangle,16PT C2S,No Coating,Silk,n/a,4/0,250,Score in Half,Slide Slits Bottom Panel,Yes 1000 Envelopes A2
Majestic,Silk,5.5 x 8.5,Horizontal,Rectangle,16PT C2S,No Coating,Silk,n/a,4/0,250,Score in Half,Slide Slits Bottom Panel,Yes 1000 Envelopes A2
Majestic,Silk,5.5 x 8.5,Horizontal,Rectangle,16PT C2S,No Coating,Silk,n/a,4/0,500,Score in Half,No Gift Cards Slits,Yes 1000 Envelopes A2
Majestic,Silk,4.25 x 11,Vertical,Rectangle,16PT C2S,No Coating,Silk,n/a,4/0,250,Score in Half,Slide Slits Bottom Panel,Yes 1000 Envelopes A2
Majestic,Silk,4.25 x 11,Horizontal,Rectangle,16PT C2S,No Coating,Silk,n/a,4/1,250,Score in Half,Slide Slits Bottom Panel,Yes 1000 Envelopes A2
Majestic,Silk,5.5 x 8.5,Horizontal,Rectangle,16PT C2S,No Coating,Silk,n/a,4/1,250,Score in Half,Slide Slits Bottom Panel,Yes 1000 Envelopes A2
Majestic,Silk,4.25 x 11,Vertical,Rectangle,16PT C2S,No Coating,Silk,n/a,4/1,250,Score in Half,Slide Slits Bottom Panel,Yes 1000 Envelopes A2
Majestic,Silk,5.5 x 8.5,Vertical,Rectangle,16PT C2S,No Coating,Silk,n/a,4/1,250,Score in Half,Slide Slits Bottom Panel,Yes 1000 Envelopes A2
Majestic,Silk,4.25 x 11,Horizontal,Rectangle,16PT C2S,No Coating,Silk,n/a,4/4,250,Score in Half,Slide Slits Bottom Panel,Yes 1000 Envelopes A2
Majestic,Silk,5.5 x 8.5,Horizontal,Rectangle,16PT C2S,No Coating,Silk,n/a,4/4,250,Score in Half,Slide Slits Bottom Panel,Yes 1000 Envelopes A2
Majestic,Silk,4.25 x 11,Vertical,Rectangle,16PT C2S,No Coating,Silk,n/a,4/4,250,Score in Half,Slide Slits Bottom Panel,Yes 1000 Envelopes A2
Majestic,Silk,5.5 x 8.5,Vertical,Rectangle,16PT C2S,No Coating,Silk,n/a,4/4,250,Score in Half,Slide Slits Bottom Panel,Yes 1000 Envelopes A2
Majestic,Silk,4.25 x 11,Horizontal,Rectangle,16PT C2S,No Coating,Silk,n/a,4/0,500,Score in Half,Slide Slits Bottom Panel,Yes 1000 Envelopes A2
Majestic,Silk,5.5 x 8.5,Horizontal,Rectangle,16PT C2S,No Coating,Silk,n/a,4/0,500,Score in Half,Slide Slits Bottom Panel,Yes 1000 Envelopes A2
Majestic,Silk,4.25 x 11,Vertical,Rectangle,16PT C2S,No Coating,Silk,n/a,4/0,500,Score in Half,Slide Slits Bottom Panel,Yes 1000 Envelopes A2
Majestic,Silk,5.5 x 8.5,Vertical,Rectangle,16PT C2S,No Coating,Silk,n/a,4/0,500,Score in Half,Slide Slits Bottom Panel,Yes 1000 Envelopes A2
Majestic,Silk,4.25 x 11,Horizontal,Rectangle,16PT C2S,No Coating,Silk,n/a,4/1,500,Score in Half,Slide Slits Bottom Panel,Yes 1000 Envelopes A2
Majestic,Silk,5.5 x 8.5,Horizontal,Rectangle,16PT C2S,No Coating,Silk,n/a,4/1,500,Score in Half,Slide Slits Bottom Panel,Yes 1000 Envelopes A2
Majestic,Silk,4.25 x 11,Vertical,Rectangle,16PT C2S,No Coating,Silk,n/a,4/1,500,Score in Half,Slide Slits Bottom Panel,Yes 1000 Envelopes A2
Majestic,Silk,5.5 x 8.5,Vertical,Rectangle,16PT C2S,No Coating,Silk,n/a,4/1,500,Score in Half,Slide Slits Bottom Panel,Yes 1000 Envelopes A2
Majestic,Silk,4.25 x 11,Horizontal,Rectangle,16PT C2S,No Coating,Silk,n/a,4/4,500,Score in Half,Slide Slits Bottom Panel,Yes 1000 Envelopes A2
Majestic,Silk,5.5 x 8.5,Horizontal,Rectangle,16PT C2S,No Coating,Silk,n/a,4/4,500,Score in Half,Slide Slits Bottom Panel,Yes 1000 Envelopes A2
Majestic,Silk,4.25 x 11,Vertical,Rectangle,16PT C2S,No Coating,Silk,n/a,4/4,500,Score in Half,Slide Slits Bottom Panel,Yes 1000 Envelopes A2
Majestic,Silk,5.5 x 8.5,Vertical,Rectangle,16PT C2S,No Coating,Silk,n/a,4/4,500,Score in Half,Slide Slits Bottom Panel,Yes 1000 Envelopes A2
Majestic,Silk,4.25 x 11,Horizontal,Rectangle,16PT C2S,No Coating,Silk,n/a,4/0,1000,Score in Half,Slide Slits Bottom Panel,Yes 1000 Envelopes A2
Majestic,Silk,5.5 x 8.5,Horizontal,Rectangle,16PT C2S,No Coating,Silk,n/a,4/0,1000,Score in Half,Slide Slits Bottom Panel,Yes 1000 Envelopes A2
Majestic,Silk,4.25 x 11,Vertical,Rectangle,16PT C2S,No Coating,Silk,n/a,4/0,1000,Score in Half,Slide Slits Bottom Panel,Yes 1000 Envelopes A2
Majestic,Silk,5.5 x 8.5,Vertical,Rectangle,16PT C2S,No Coating,Silk,n/a,4/0,1000,Score in Half,Slide Slits Bottom Panel,Yes 1000 Envelopes A2
Majestic,Silk,4.25 x 11,Horizontal,Rectangle,16PT C2S,No Coating,Silk,n/a,4/1,1000,Score in Half,Slide Slits Bottom Panel,Yes 1000 Envelopes A2
Majestic,Silk,5.5 x 8.5,Horizontal,Rectangle,16PT C2S,No Coating,Silk,n/a,4/1,1000,Score in Half,Slide Slits Bottom Panel,Yes 1000 Envelopes A2
Majestic,Silk,4.25 x 11,Vertical,Rectangle,16PT C2S,No Coating,Silk,n/a,4/1,1000,Score in Half,Slide Slits Bottom Panel,Yes 1000 Envelopes A2
Majestic,Silk,5.5 x 8.5,Vertical,Rectangle,16PT C2S,No Coating,Silk,n/a,4/1,1000,Score in Half,Slide Slits Bottom Panel,Yes 1000 Envelopes A2
Majestic,Silk,4.25 x 11,Horizontal,Rectangle,16PT C2S,No Coating,Silk,n/a,4/4,1000,Score in Half,Slide Slits Bottom Panel,Yes 1000 Envelopes A2
Majestic,Silk,5.5 x 8.5,Horizontal,Rectangle,16PT C2S,No Coating,Silk,n/a,4/4,1000,Score in Half,Slide Slits Bottom Panel,Yes 1000 Envelopes A2
Majestic,Silk,4.25 x 11,Vertical,Rectangle,16PT C2S,No Coating,Silk,n/a,4/4,1000,Score in Half,Slide Slits Bottom Panel,Yes 1000 Envelopes A2
Majestic,Silk,5.5 x 8.5,Vertical,Rectangle,16PT C2S,No Coating,Silk,n/a,4/4,1000,Score in Half,Slide Slits Bottom Panel,Yes 1000 Envelopes A2
Majestic,Silk,4.25 x 11,Horizontal,Rectangle,16PT C2S,No Coating,Silk,n/a,4/0,2500,Score in Half,Slide Slits Bottom Panel,Yes 1000 Envelopes A2
Majestic,Silk,5.5 x 8.5,Horizontal,Rectangle,16PT C2S,No Coating,Silk,n/a,4/0,2500,Score in Half,Slide Slits Bottom Panel,Yes 1000 Envelopes A2
Majestic,Silk,4.25 x 11,Vertical,Rectangle,16PT C2S,No Coating,Silk,n/a,4/0,2500,Score in Half,Slide Slits Bottom Panel,Yes 1000 Envelopes A2
Majestic,Silk,5.5 x 8.5,Vertical,Rectangle,16PT C2S,No Coating,Silk,n/a,4/0,2500,Score in Half,Slide Slits Bottom Panel,Yes 1000 Envelopes A2
Majestic,Silk,4.25 x 11,Horizontal,Rectangle,16PT C2S,No Coating,Silk,n/a,4/1,2500,Score in Half,Slide Slits Bottom Panel,Yes 1000 Envelopes A2
Majestic,Silk,5.5 x 8.5,Horizontal,Rectangle,16PT C2S,No Coating,Silk,n/a,4/1,2500,Score in Half,Slide Slits Bottom Panel,Yes 1000 Envelopes A2
Majestic,Silk,4.25 x 11,Vertical,Rectangle,16PT C2S,No Coating,Silk,n/a,4/1,2500,Score in Half,Slide Slits Bottom Panel,Yes 1000 Envelopes A2
Majestic,Silk,5.5 x 8.5,Vertical,Rectangle,16PT C2S,No Coating,Silk,n/a,4/1,2500,Score in Half,Slide Slits Bottom Panel,Yes 1000 Envelopes A2
Majestic,Silk,4.25 x 11,Horizontal,Rectangle,16PT C2S,No Coating,Silk,n/a,4/4,2500,Score in Half,Slide Slits Bottom Panel,Yes 1000 Envelopes A2
Majestic,Silk,5.5 x 8.5,Horizontal,Rectangle,16PT C2S,No Coating,Silk,n/a,4/4,2500,Score in Half,Slide Slits Bottom Panel,Yes 1000 Envelopes A2
Majestic,Silk,4.25 x 11,Vertical,Rectangle,16PT C2S,No Coating,Silk,n/a,4/4,2500,Score in Half,Slide Slits Bottom Panel,Yes 1000 Envelopes A2
Majestic,Silk,5.5 x 8.5,Vertical,Rectangle,16PT C2S,No Coating,Silk,n/a,4/4,2500,Score in Half,Slide Slits Bottom Panel,Yes 1000 Envelopes A2
Majestic,Silk,4.25 x 11,Horizontal,Rectangle,16PT C2S,No Coating,Silk,n/a,4/0,5000,Score in Half,Slide Slits Bottom Panel,Yes 1000 Envelopes A2
Majestic,Silk,5.5 x 8.5,Horizontal,Rectangle,16PT C2S,No Coating,Silk,n/a,4/0,5000,Score in Half,Slide Slits Bottom Panel,Yes 1000 Envelopes A2
Majestic,Silk,5.5 x 8.5,Vertical,Rectangle,16PT C2S,No Coating,Silk,n/a,4/0,5000,Score in Half,Slide Slits Bottom Panel,Yes 1000 Envelopes A2
Majestic,Silk,4.25 x 11,Vertical,Rectangle,16PT C2S,No Coating,Silk,n/a,4/0,5000,Score in Half,Slide Slits Bottom Panel,Yes 1000 Envelopes A2
Majestic,Silk,4.25 x 11,Horizontal,Rectangle,16PT C2S,No Coating,Silk,n/a,4/1,5000,Score in Half,Slide Slits Bottom Panel,Yes 1000 Envelopes A2
Majestic,Silk,5.5 x 8.5,Horizontal,Rectangle,16PT C2S,No Coating,Silk,n/a,4/1,5000,Score in Half,Slide Slits Bottom Panel,Yes 1000 Envelopes A2
Majestic,Silk,4.25 x 11,Vertical,Rectangle,16PT C2S,No Coating,Silk,n/a,4/1,5000,Score in Half,Slide Slits Bottom Panel,Yes 1000 Envelopes A2
Majestic,Silk,5.5 x 8.5,Vertical,Rectangle,16PT C2S,No Coating,Silk,n/a,4/1,5000,Score in Half,Slide Slits Bottom Panel,Yes 1000 Envelopes A2
Majestic,Silk,4.25 x 11,Horizontal,Rectangle,16PT C2S,No Coating,Silk,n/a,4/4,5000,Score in Half,Slide Slits Bottom Panel,Yes 1000 Envelopes A2
Majestic,Silk,5.5 x 8.5,Horizontal,Rectangle,16PT C2S,No Coating,Silk,n/a,4/4,5000,Score in Half,Slide Slits Bottom Panel,Yes 1000 Envelopes A2
Majestic,Silk,4.25 x 11,Vertical,Rectangle,16PT C2S,No Coating,Silk,n/a,4/4,5000,Score in Half,Slide Slits Bottom Panel,Yes 1000 Envelopes A2
Majestic,Silk,4.25 x 11,Horizontal,Rectangle,16PT C2S,No Coating,Silk,n/a,4/0,10000,Score in Half,Slide Slits Bottom Panel,Yes 1000 Envelopes A2
Majestic,Silk,5.5 x 8.5,Vertical,Rectangle,16PT C2S,No Coating,Silk,n/a,4/4,5000,Score in Half,Slide Slits Bottom Panel,Yes 1000 Envelopes A2
Majestic,Silk,5.5 x 8.5,Horizontal,Rectangle,16PT C2S,No Coating,Silk,n/a,4/0,10000,Score in Half,Slide Slits Bottom Panel,Yes 1000 Envelopes A2
Majestic,Silk,4.25 x 11,Vertical,Rectangle,16PT C2S,No Coating,Silk,n/a,4/0,10000,Score in Half,Slide Slits Bottom Panel,Yes 1000 Envelopes A2
Majestic,Silk,5.5 x 8.5,Vertical,Rectangle,16PT C2S,No Coating,Silk,n/a,4/0,10000,Score in Half,Slide Slits Bottom Panel,Yes 1000 Envelopes A2
Majestic,Silk,5.5 x 8.5,Horizontal,Rectangle,16PT C2S,No Coating,Silk,n/a,4/1,10000,Score in Half,Slide Slits Bottom Panel,Yes 1000 Envelopes A2
Majestic,Silk,4.25 x 11,Horizontal,Rectangle,16PT C2S,No Coating,Silk,n/a,4/1,10000,Score in Half,Slide Slits Bottom Panel,Yes 1000 Envelopes A2
Majestic,Silk,5.5 x 8.5,Vertical,Rectangle,16PT C2S,No Coating,Silk,n/a,4/1,10000,Score in Half,Slide Slits Bottom Panel,Yes 1000 Envelopes A2
Majestic,Silk,4.25 x 11,Vertical,Rectangle,16PT C2S,No Coating,Silk,n/a,4/4,10000,Score in Half,Slide Slits Bottom Panel,Yes 1000 Envelopes A2
Majestic,Silk,4.25 x 11,Vertical,Rectangle,16PT C2S,No Coating,Silk,n/a,4/1,10000,Score in Half,Slide Slits Bottom Panel,Yes 1000 Envelopes A2
Majestic,Silk,5.5 x 8.5,Horizontal,Rectangle,16PT C2S,No Coating,Silk,n/a,4/4,10000,Score in Half,Slide Slits Bottom Panel,Yes 1000 Envelopes A2
Majestic,Silk,4.25 x 11,Horizontal,Rectangle,16PT C2S,No Coating,Silk,n/a,4/4,10000,Score in Half,Slide Slits Bottom Panel,Yes 1000 Envelopes A2
Majestic,Silk,5.5 x 8.5,Vertical,Rectangle,16PT C2S,No Coating,Silk,n/a,4/4,10000,Score in Half,Slide Slits Bottom Panel,Yes 1000 Envelopes A2
Majestic,Silk,4.25 x 11,Horizontal,Rectangle,16PT C2S,No Coating,Silk,n/a,4/0,25,Score in Half,Slide Slits Right Panel,Yes 1000 Envelopes A2
Majestic,Silk,4.25 x 11,Vertical,Rectangle,16PT C2S,No Coating,Silk,n/a,4/0,25,Score in Half,Slide Slits Right Panel,Yes 1000 Envelopes A2
Majestic,Silk,5.5 x 8.5,Vertical,Rectangle,16PT C2S,No Coating,Silk,n/a,4/0,25,Score in Half,Slide Slits Right Panel,Yes 1000 Envelopes A2
Majestic,Silk,5.5 x 8.5,Horizontal,Rectangle,16PT C2S,No Coating,Silk,n/a,4/0,25,Score in Half,Slide Slits Right Panel,Yes 1000 Envelopes A2
Majestic,Silk,4.25 x 11,Horizontal,Rectangle,16PT C2S,No Coating,Silk,n/a,4/1,25,Score in Half,Slide Slits Right Panel,Yes 1000 Envelopes A2
Majestic,Silk,5.5 x 8.5,Horizontal,Rectangle,16PT C2S,No Coating,Silk,n/a,4/1,25,Score in Half,Slide Slits Right Panel,Yes 1000 Envelopes A2
Majestic,Silk,5.5 x 8.5,Vertical,Rectangle,16PT C2S,No Coating,Silk,n/a,4/1,25,Score in Half,Slide Slits Right Panel,Yes 1000 Envelopes A2
Majestic,Silk,4.25 x 11,Horizontal,Rectangle,16PT C2S,No Coating,Silk,n/a,4/4,25,Score in Half,Slide Slits Right Panel,Yes 1000 Envelopes A2
Majestic,Silk,4.25 x 11,Vertical,Rectangle,16PT C2S,No Coating,Silk,n/a,4/1,25,Score in Half,Slide Slits Right Panel,Yes 1000 Envelopes A2
Majestic,Silk,5.5 x 8.5,Horizontal,Rectangle,16PT C2S,No Coating,Silk,n/a,4/4,25,Score in Half,Slide Slits Right Panel,Yes 1000 Envelopes A2
Majestic,Silk,4.25 x 11,Vertical,Rectangle,16PT C2S,No Coating,Silk,n/a,4/4,25,Score in Half,Slide Slits Right Panel,Yes 1000 Envelopes A2
Majestic,Silk,4.25 x 11,Horizontal,Rectangle,16PT C2S,No Coating,Silk,n/a,4/0,50,Score in Half,Slide Slits Right Panel,Yes 1000 Envelopes A2
Majestic,Silk,5.5 x 8.5,Vertical,Rectangle,16PT C2S,No Coating,Silk,n/a,4/4,25,Score in Half,Slide Slits Right Panel,Yes 1000 Envelopes A2
Majestic,Silk,4.25 x 11,Vertical,Rectangle,16PT C2S,No Coating,Silk,n/a,4/0,50,Score in Half,Slide Slits Right Panel,Yes 1000 Envelopes A2
Majestic,Silk,5.5 x 8.5,Horizontal,Rectangle,16PT C2S,No Coating,Silk,n/a,4/0,50,Score in Half,Slide Slits Right Panel,Yes 1000 Envelopes A2
Majestic,Silk,4.25 x 11,Horizontal,Rectangle,16PT C2S,No Coating,Silk,n/a,4/1,50,Score in Half,Slide Slits Right Panel,Yes 1000 Envelopes A2
Majestic,Silk,5.5 x 8.5,Vertical,Rectangle,16PT C2S,No Coating,Silk,n/a,4/0,50,Score in Half,Slide Slits Right Panel,Yes 1000 Envelopes A2
Majestic,Silk,5.5 x 8.5,Horizontal,Rectangle,16PT C2S,No Coating,Silk,n/a,4/1,50,Score in Half,Slide Slits Right Panel,Yes 1000 Envelopes A2
Majestic,Silk,5.5 x 8.5,Vertical,Rectangle,16PT C2S,No Coating,Silk,n/a,4/1,50,Score in Half,Slide Slits Right Panel,Yes 1000 Envelopes A2
Majestic,Silk,4.25 x 11,Horizontal,Rectangle,16PT C2S,No Coating,Silk,n/a,4/4,50,Score in Half,Slide Slits Right Panel,Yes 1000 Envelopes A2
Majestic,Silk,5.5 x 8.5,Horizontal,Rectangle,16PT C2S,No Coating,Silk,n/a,4/4,50,Score in Half,Slide Slits Right Panel,Yes 1000 Envelopes A2
Majestic,Silk,4.25 x 11,Vertical,Rectangle,16PT C2S,No Coating,Silk,n/a,4/1,50,Score in Half,Slide Slits Right Panel,Yes 1000 Envelopes A2
Majestic,Silk,5.5 x 8.5,Vertical,Rectangle,16PT C2S,No Coating,Silk,n/a,4/4,50,Score in Half,Slide Slits Right Panel,Yes 1000 Envelopes A2
Majestic,Silk,4.25 x 11,Horizontal,Rectangle,16PT C2S,No Coating,Silk,n/a,4/0,75,Score in Half,Slide Slits Right Panel,Yes 1000 Envelopes A2
Majestic,Silk,4.25 x 11,Vertical,Rectangle,16PT C2S,No Coating,Silk,n/a,4/4,50,Score in Half,Slide Slits Right Panel,Yes 1000 Envelopes A2
Majestic,Silk,5.5 x 8.5,Horizontal,Rectangle,16PT C2S,No Coating,Silk,n/a,4/0,75,Score in Half,Slide Slits Right Panel,Yes 1000 Envelopes A2
Majestic,Silk,4.25 x 11,Vertical,Rectangle,16PT C2S,No Coating,Silk,n/a,4/0,75,Score in Half,Slide Slits Right Panel,Yes 1000 Envelopes A2
Majestic,Silk,5.5 x 8.5,Vertical,Rectangle,16PT C2S,No Coating,Silk,n/a,4/0,75,Score in Half,Slide Slits Right Panel,Yes 1000 Envelopes A2
Majestic,Silk,4.25 x 11,Horizontal,Rectangle,16PT C2S,No Coating,Silk,n/a,4/1,75,Score in Half,Slide Slits Right Panel,Yes 1000 Envelopes A2
Majestic,Silk,5.5 x 8.5,Horizontal,Rectangle,16PT C2S,No Coating,Silk,n/a,4/1,75,Score in Half,Slide Slits Right Panel,Yes 1000 Envelopes A2
Majestic,Silk,4.25 x 11,Vertical,Rectangle,16PT C2S,No Coating,Silk,n/a,4/1,75,Score in Half,Slide Slits Right Panel,Yes 1000 Envelopes A2
Majestic,Silk,5.5 x 8.5,Vertical,Rectangle,16PT C2S,No Coating,Silk,n/a,4/1,75,Score in Half,Slide Slits Right Panel,Yes 1000 Envelopes A2
Majestic,Silk,4.25 x 11,Horizontal,Rectangle,16PT C2S,No Coating,Silk,n/a,4/4,75,Score in Half,Slide Slits Right Panel,Yes 1000 Envelopes A2
Majestic,Silk,4.25 x 11,Vertical,Rectangle,16PT C2S,No Coating,Silk,n/a,4/4,75,Score in Half,Slide Slits Right Panel,Yes 1000 Envelopes A2
Majestic,Silk,5.5 x 8.5,Vertical,Rectangle,16PT C2S,No Coating,Silk,n/a,4/4,75,Score in Half,Slide Slits Right Panel,Yes 1000 Envelopes A2
Majestic,Silk,5.5 x 8.5,Horizontal,Rectangle,16PT C2S,No Coating,Silk,n/a,4/4,75,Score in Half,Slide Slits Right Panel,Yes 1000 Envelopes A2
Majestic,Silk,4.25 x 11,Vertical,Rectangle,16PT C2S,No Coating,Silk,n/a,4/0,100,Score in Half,Slide Slits Right Panel,Yes 1000 Envelopes A2
Majestic,Silk,4.25 x 11,Horizontal,Rectangle,16PT C2S,No Coating,Silk,n/a,4/0,100,Score in Half,Slide Slits Right Panel,Yes 1000 Envelopes A2
Majestic,Silk,5.5 x 8.5,Horizontal,Rectangle,16PT C2S,No Coating,Silk,n/a,4/0,100,Score in Half,Slide Slits Right Panel,Yes 1000 Envelopes A2
Majestic,Silk,5.5 x 8.5,Vertical,Rectangle,16PT C2S,No Coating,Silk,n/a,4/0,100,Score in Half,Slide Slits Right Panel,Yes 1000 Envelopes A2
Majestic,Silk,4.25 x 11,Horizontal,Rectangle,16PT C2S,No Coating,Silk,n/a,4/1,100,Score in Half,Slide Slits Right Panel,Yes 1000 Envelopes A2
Majestic,Silk,4.25 x 11,Vertical,Rectangle,16PT C2S,No Coating,Silk,n/a,4/1,100,Score in Half,Slide Slits Right Panel,Yes 1000 Envelopes A2
Majestic,Silk,5.5 x 8.5,Horizontal,Rectangle,16PT C2S,No Coating,Silk,n/a,4/1,100,Score in Half,Slide Slits Right Panel,Yes 1000 Envelopes A2
Majestic,Silk,5.5 x 8.5,Vertical,Rectangle,16PT C2S,No Coating,Silk,n/a,4/1,100,Score in Half,Slide Slits Right Panel,Yes 1000 Envelopes A2
Majestic,Silk,4.25 x 11,Horizontal,Rectangle,16PT C2S,No Coating,Silk,n/a,4/4,100,Score in Half,Slide Slits Right Panel,Yes 1000 Envelopes A2
Majestic,Silk,5.5 x 8.5,Horizontal,Rectangle,16PT C2S,No Coating,Silk,n/a,4/4,100,Score in Half,Slide Slits Right Panel,Yes 1000 Envelopes A2
Majestic,Silk,4.25 x 11,Horizontal,Rectangle,16PT C2S,No Coating,Silk,n/a,4/0,250,Score in Half,Slide Slits Right Panel,Yes 1000 Envelopes A2
Majestic,Silk,4.25 x 11,Vertical,Rectangle,16PT C2S,No Coating,Silk,n/a,4/4,100,Score in Half,Slide Slits Right Panel,Yes 1000 Envelopes A2
Majestic,Silk,5.5 x 8.5,Vertical,Rectangle,16PT C2S,No Coating,Silk,n/a,4/4,100,Score in Half,Slide Slits Right Panel,Yes 1000 Envelopes A2
Majestic,Silk,5.5 x 8.5,Horizontal,Rectangle,16PT C2S,No Coating,Silk,n/a,4/0,250,Score in Half,Slide Slits Right Panel,Yes 1000 Envelopes A2
Majestic,Silk,4.25 x 11,Vertical,Rectangle,16PT C2S,No Coating,Silk,n/a,4/0,250,Score in Half,Slide Slits Right Panel,Yes 1000 Envelopes A2
Majestic,Silk,5.5 x 8.5,Horizontal,Rectangle,16PT C2S,No Coating,Silk,n/a,4/1,250,Score in Half,Slide Slits Right Panel,Yes 1000 Envelopes A2
Majestic,Silk,4.25 x 11,Vertical,Rectangle,16PT C2S,No Coating,Silk,n/a,4/1,250,Score in Half,Slide Slits Right Panel,Yes 1000 Envelopes A2
Majestic,Silk,4.25 x 11,Horizontal,Rectangle,16PT C2S,No Coating,Silk,n/a,4/1,250,Score in Half,Slide Slits Right Panel,Yes 1000 Envelopes A2
Majestic,Silk,5.5 x 8.5,Vertical,Rectangle,16PT C2S,No Coating,Silk,n/a,4/0,250,Score in Half,Slide Slits Right Panel,Yes 1000 Envelopes A2
Majestic,Silk,5.5 x 8.5,Vertical,Rectangle,16PT C2S,No Coating,Silk,n/a,4/1,250,Score in Half,Slide Slits Right Panel,Yes 1000 Envelopes A2
Majestic,Silk,4.25 x 11,Horizontal,Rectangle,16PT C2S,No Coating,Silk,n/a,4/4,250,Score in Half,Slide Slits Right Panel,Yes 1000 Envelopes A2
Majestic,Silk,4.25 x 11,Vertical,Rectangle,16PT C2S,No Coating,Silk,n/a,4/4,250,Score in Half,Slide Slits Right Panel,Yes 1000 Envelopes A2
Majestic,Silk,5.5 x 8.5,Horizontal,Rectangle,16PT C2S,No Coating,Silk,n/a,4/4,250,Score in Half,Slide Slits Right Panel,Yes 1000 Envelopes A2
Majestic,Silk,5.5 x 8.5,Vertical,Rectangle,16PT C2S,No Coating,Silk,n/a,4/4,250,Score in Half,Slide Slits Right Panel,Yes 1000 Envelopes A2
Majestic,Silk,4.25 x 11,Horizontal,Rectangle,16PT C2S,No Coating,Silk,n/a,4/0,500,Score in Half,Slide Slits Right Panel,Yes 1000 Envelopes A2
Majestic,Silk,4.25 x 11,Vertical,Rectangle,16PT C2S,No Coating,Silk,n/a,4/0,500,Score in Half,Slide Slits Right Panel,Yes 1000 Envelopes A2
Majestic,Silk,5.5 x 8.5,Vertical,Rectangle,16PT C2S,No Coating,Silk,n/a,4/4,500,Score in Half,No Gift Cards Slits,Yes 1000 Envelopes A2
Majestic,Silk,4.25 x 11,Horizontal,Rectangle,16PT C2S,No Coating,Silk,n/a,4/1,500,Score in Half,Slide Slits Right Panel,Yes 1000 Envelopes A2
Majestic,Silk,5.5 x 8.5,Horizontal,Rectangle,16PT C2S,No Coating,Silk,n/a,4/0,500,Score in Half,Slide Slits Right Panel,Yes 1000 Envelopes A2
Majestic,Silk,5.5 x 8.5,Horizontal,Rectangle,16PT C2S,No Coating,Silk,n/a,4/1,500,Score in Half,Slide Slits Right Panel,Yes 1000 Envelopes A2
Majestic,Silk,4.25 x 11,Vertical,Rectangle,16PT C2S,No Coating,Silk,n/a,4/1,500,Score in Half,Slide Slits Right Panel,Yes 1000 Envelopes A2
Majestic,Silk,5.5 x 8.5,Horizontal,Rectangle,16PT C2S,No Coating,Silk,n/a,4/4,500,Score in Half,Slide Slits Right Panel,Yes 1000 Envelopes A2
Majestic,Silk,5.5 x 8.5,Vertical,Rectangle,16PT C2S,No Coating,Silk,n/a,4/1,500,Score in Half,Slide Slits Right Panel,Yes 1000 Envelopes A2
Majestic,Silk,4.25 x 11,Vertical,Rectangle,16PT C2S,No Coating,Silk,n/a,4/4,500,Score in Half,Slide Slits Right Panel,Yes 1000 Envelopes A2
Majestic,Silk,4.25 x 11,Horizontal,Rectangle,16PT C2S,No Coating,Silk,n/a,4/4,500,Score in Half,Slide Slits Right Panel,Yes 1000 Envelopes A2
Majestic,Silk,5.5 x 8.5,Vertical,Rectangle,16PT C2S,No Coating,Silk,n/a,4/4,500,Score in Half,Slide Slits Right Panel,Yes 1000 Envelopes A2
Majestic,Silk,4.25 x 11,Horizontal,Rectangle,16PT C2S,No Coating,Silk,n/a,4/0,1000,Score in Half,Slide Slits Right Panel,Yes 1000 Envelopes A2
Majestic,Silk,5.5 x 8.5,Horizontal,Rectangle,16PT C2S,No Coating,Silk,n/a,4/0,1000,Score in Half,Slide Slits Right Panel,Yes 1000 Envelopes A2
Majestic,Silk,4.25 x 11,Vertical,Rectangle,16PT C2S,No Coating,Silk,n/a,4/0,1000,Score in Half,Slide Slits Right Panel,Yes 1000 Envelopes A2
Majestic,Silk,5.5 x 8.5,Vertical,Rectangle,16PT C2S,No Coating,Silk,n/a,4/0,1000,Score in Half,Slide Slits Right Panel,Yes 1000 Envelopes A2
Majestic,Silk,4.25 x 11,Horizontal,Rectangle,16PT C2S,No Coating,Silk,n/a,4/1,1000,Score in Half,Slide Slits Right Panel,Yes 1000 Envelopes A2
Majestic,Silk,5.5 x 8.5,Horizontal,Rectangle,16PT C2S,No Coating,Silk,n/a,4/1,1000,Score in Half,Slide Slits Right Panel,Yes 1000 Envelopes A2
Majestic,Silk,4.25 x 11,Vertical,Rectangle,16PT C2S,No Coating,Silk,n/a,4/1,1000,Score in Half,Slide Slits Right Panel,Yes 1000 Envelopes A2
Majestic,Silk,5.5 x 8.5,Vertical,Rectangle,16PT C2S,No Coating,Silk,n/a,4/1,1000,Score in Half,Slide Slits Right Panel,Yes 1000 Envelopes A2
Majestic,Silk,4.25 x 11,Horizontal,Rectangle,16PT C2S,No Coating,Silk,n/a,4/4,1000,Score in Half,Slide Slits Right Panel,Yes 1000 Envelopes A2
Majestic,Silk,5.5 x 8.5,Horizontal,Rectangle,16PT C2S,No Coating,Silk,n/a,4/4,1000,Score in Half,Slide Slits Right Panel,Yes 1000 Envelopes A2
Majestic,Silk,4.25 x 11,Vertical,Rectangle,16PT C2S,No Coating,Silk,n/a,4/4,1000,Score in Half,Slide Slits Right Panel,Yes 1000 Envelopes A2
Majestic,Silk,5.5 x 8.5,Vertical,Rectangle,16PT C2S,No Coating,Silk,n/a,4/4,1000,Score in Half,Slide Slits Right Panel,Yes 1000 Envelopes A2
Majestic,Silk,4.25 x 11,Horizontal,Rectangle,16PT C2S,No Coating,Silk,n/a,4/0,2500,Score in Half,Slide Slits Right Panel,Yes 1000 Envelopes A2
Majestic,Silk,5.5 x 8.5,Horizontal,Rectangle,16PT C2S,No Coating,Silk,n/a,4/0,2500,Score in Half,Slide Slits Right Panel,Yes 1000 Envelopes A2
Majestic,Silk,4.25 x 11,Vertical,Rectangle,16PT C2S,No Coating,Silk,n/a,4/0,2500,Score in Half,Slide Slits Right Panel,Yes 1000 Envelopes A2
Majestic,Silk,5.5 x 8.5,Vertical,Rectangle,16PT C2S,No Coating,Silk,n/a,4/0,2500,Score in Half,Slide Slits Right Panel,Yes 1000 Envelopes A2
Majestic,Silk,4.25 x 11,Horizontal,Rectangle,16PT C2S,No Coating,Silk,n/a,4/1,2500,Score in Half,Slide Slits Right Panel,Yes 1000 Envelopes A2
Majestic,Silk,5.5 x 8.5,Horizontal,Rectangle,16PT C2S,No Coating,Silk,n/a,4/1,2500,Score in Half,Slide Slits Right Panel,Yes 1000 Envelopes A2
Majestic,Silk,4.25 x 11,Horizontal,Rectangle,16PT C2S,No Coating,Silk,n/a,4/1,100,Score in Half,No Gift Cards Slits,Yes 1000 Envelopes A2
Majestic,Silk,5.5 x 8.5,Vertical,Rectangle,16PT C2S,No Coating,Silk,n/a,4/0,500,Score in Half,Slide Slits Right Panel,Yes 1000 Envelopes A2
Majestic,Silk,5.5 x 8.5,Horizontal,Rectangle,16PT C2S,No Coating,Silk,n/a,4/4,2500,Score in Half,Slide Slits Right Panel,Yes 1000 Envelopes A2
Majestic,Silk,4.25 x 11,Vertical,Rectangle,16PT C2S,No Coating,Silk,n/a,4/1,2500,Score in Half,Slide Slits Right Panel,Yes 1000 Envelopes A2
Majestic,Silk,4.25 x 11,Horizontal,Rectangle,16PT C2S,No Coating,Silk,n/a,4/4,2500,Score in Half,Slide Slits Right Panel,Yes 1000 Envelopes A2
Majestic,Silk,5.5 x 8.5,Vertical,Rectangle,16PT C2S,No Coating,Silk,n/a,4/4,2500,Score in Half,Slide Slits Right Panel,Yes 1000 Envelopes A2
Majestic,Silk,5.5 x 8.5,Horizontal,Rectangle,16PT C2S,No Coating,Silk,n/a,4/0,5000,Score in Half,Slide Slits Right Panel,Yes 1000 Envelopes A2
Majestic,Silk,5.5 x 8.5,Vertical,Rectangle,16PT C2S,No Coating,Silk,n/a,4/1,2500,Score in Half,Slide Slits Right Panel,Yes 1000 Envelopes A2
Majestic,Silk,4.25 x 11,Horizontal,Rectangle,16PT C2S,No Coating,Silk,n/a,4/0,5000,Score in Half,Slide Slits Right Panel,Yes 1000 Envelopes A2
Majestic,Silk,5.5 x 8.5,Vertical,Rectangle,16PT C2S,No Coating,Silk,n/a,4/0,5000,Score in Half,Slide Slits Right Panel,Yes 1000 Envelopes A2
Majestic,Silk,4.25 x 11,Horizontal,Rectangle,16PT C2S,No Coating,Silk,n/a,4/1,5000,Score in Half,Slide Slits Right Panel,Yes 1000 Envelopes A2
Majestic,Silk,5.5 x 8.5,Horizontal,Rectangle,16PT C2S,No Coating,Silk,n/a,4/1,5000,Score in Half,Slide Slits Right Panel,Yes 1000 Envelopes A2
Majestic,Silk,4.25 x 11,Vertical,Rectangle,16PT C2S,No Coating,Silk,n/a,4/1,5000,Score in Half,Slide Slits Right Panel,Yes 1000 Envelopes A2
Majestic,Silk,4.25 x 11,Horizontal,Rectangle,16PT C2S,No Coating,Silk,n/a,4/4,5000,Score in Half,Slide Slits Right Panel,Yes 1000 Envelopes A2
Majestic,Silk,5.5 x 8.5,Vertical,Rectangle,16PT C2S,No Coating,Silk,n/a,4/1,5000,Score in Half,Slide Slits Right Panel,Yes 1000 Envelopes A2
Majestic,Silk,4.25 x 11,Vertical,Rectangle,16PT C2S,No Coating,Silk,n/a,4/4,5000,Score in Half,Slide Slits Right Panel,Yes 1000 Envelopes A2
Majestic,Silk,5.5 x 8.5,Horizontal,Rectangle,16PT C2S,No Coating,Silk,n/a,4/4,5000,Score in Half,Slide Slits Right Panel,Yes 1000 Envelopes A2
Majestic,Silk,5.5 x 8.5,Vertical,Rectangle,16PT C2S,No Coating,Silk,n/a,4/4,5000,Score in Half,Slide Slits Right Panel,Yes 1000 Envelopes A2
Majestic,Silk,5.5 x 8.5,Horizontal,Rectangle,16PT C2S,No Coating,Silk,n/a,4/0,10000,Score in Half,Slide Slits Right Panel,Yes 1000 Envelopes A2
Majestic,Silk,4.25 x 11,Vertical,Rectangle,16PT C2S,No Coating,Silk,n/a,4/0,10000,Score in Half,Slide Slits Right Panel,Yes 1000 Envelopes A2
Majestic,Silk,4.25 x 11,Horizontal,Rectangle,16PT C2S,No Coating,Silk,n/a,4/0,10000,Score in Half,Slide Slits Right Panel,Yes 1000 Envelopes A2
Majestic,Silk,5.5 x 8.5,Vertical,Rectangle,16PT C2S,No Coating,Silk,n/a,4/0,10000,Score in Half,Slide Slits Right Panel,Yes 1000 Envelopes A2
Majestic,Silk,4.25 x 11,Horizontal,Rectangle,16PT C2S,No Coating,Silk,n/a,4/1,10000,Score in Half,Slide Slits Right Panel,Yes 1000 Envelopes A2
Majestic,Silk,5.5 x 8.5,Horizontal,Rectangle,16PT C2S,No Coating,Silk,n/a,4/1,10000,Score in Half,Slide Slits Right Panel,Yes 1000 Envelopes A2
Majestic,Silk,4.25 x 11,Vertical,Rectangle,16PT C2S,No Coating,Silk,n/a,4/1,10000,Score in Half,Slide Slits Right Panel,Yes 1000 Envelopes A2
Majestic,Silk,5.5 x 8.5,Vertical,Rectangle,16PT C2S,No Coating,Silk,n/a,4/1,10000,Score in Half,Slide Slits Right Panel,Yes 1000 Envelopes A2
Majestic,Silk,4.25 x 11,Horizontal,Rectangle,16PT C2S,No Coating,Silk,n/a,4/4,10000,Score in Half,Slide Slits Right Panel,Yes 1000 Envelopes A2
Majestic,Silk,5.5 x 8.5,Horizontal,Rectangle,16PT C2S,No Coating,Silk,n/a,4/4,10000,Score in Half,Slide Slits Right Panel,Yes 1000 Envelopes A2
Majestic,Silk,4.25 x 11,Vertical,Rectangle,16PT C2S,No Coating,Silk,n/a,4/4,10000,Score in Half,Slide Slits Right Panel,Yes 1000 Envelopes A2
Majestic,Silk,5.5 x 8.5,Vertical,Rectangle,16PT C2S,No Coating,Silk,n/a,4/4,10000,Score in Half,Slide Slits Right Panel,Yes 1000 Envelopes A2
Majestic,Silk,4.25 x 11,Horizontal,Rectangle,16PT C2S,No Coating,Silk,n/a,4/0,25,Score in Half,Moon Slits Bottom Panel,Yes 2500 Envelopes A2
Majestic,Silk,5.5 x 8.5,Horizontal,Rectangle,16PT C2S,No Coating,Silk,n/a,4/0,25,Score in Half,Moon Slits Bottom Panel,Yes 2500 Envelopes A2
Majestic,Silk,4.25 x 11,Vertical,Rectangle,16PT C2S,No Coating,Silk,n/a,4/0,25,Score in Half,Moon Slits Bottom Panel,Yes 2500 Envelopes A2
Majestic,Silk,5.5 x 8.5,Vertical,Rectangle,16PT C2S,No Coating,Silk,n/a,4/0,25,Score in Half,Moon Slits Bottom Panel,Yes 2500 Envelopes A2
Majestic,Silk,4.25 x 11,Horizontal,Rectangle,16PT C2S,No Coating,Silk,n/a,4/1,25,Score in Half,Moon Slits Bottom Panel,Yes 2500 Envelopes A2
Majestic,Silk,5.5 x 8.5,Horizontal,Rectangle,16PT C2S,No Coating,Silk,n/a,4/1,25,Score in Half,Moon Slits Bottom Panel,Yes 2500 Envelopes A2
Majestic,Silk,4.25 x 11,Vertical,Rectangle,16PT C2S,No Coating,Silk,n/a,4/1,25,Score in Half,Moon Slits Bottom Panel,Yes 2500 Envelopes A2
Majestic,Silk,5.5 x 8.5,Vertical,Rectangle,16PT C2S,No Coating,Silk,n/a,4/1,25,Score in Half,Moon Slits Bottom Panel,Yes 2500 Envelopes A2
Majestic,Silk,4.25 x 11,Horizontal,Rectangle,16PT C2S,No Coating,Silk,n/a,4/4,25,Score in Half,Moon Slits Bottom Panel,Yes 2500 Envelopes A2
Majestic,Silk,5.5 x 8.5,Horizontal,Rectangle,16PT C2S,No Coating,Silk,n/a,4/4,25,Score in Half,Moon Slits Bottom Panel,Yes 2500 Envelopes A2
Majestic,Silk,4.25 x 11,Vertical,Rectangle,16PT C2S,No Coating,Silk,n/a,4/4,25,Score in Half,Moon Slits Bottom Panel,Yes 2500 Envelopes A2
Majestic,Silk,5.5 x 8.5,Vertical,Rectangle,16PT C2S,No Coating,Silk,n/a,4/4,25,Score in Half,Moon Slits Bottom Panel,Yes 2500 Envelopes A2
Majestic,Silk,4.25 x 11,Horizontal,Rectangle,16PT C2S,No Coating,Silk,n/a,4/0,50,Score in Half,Moon Slits Bottom Panel,Yes 2500 Envelopes A2
Majestic,Silk,5.5 x 8.5,Horizontal,Rectangle,16PT C2S,No Coating,Silk,n/a,4/0,50,Score in Half,Moon Slits Bottom Panel,Yes 2500 Envelopes A2
Majestic,Silk,4.25 x 11,Vertical,Rectangle,16PT C2S,No Coating,Silk,n/a,4/0,50,Score in Half,Moon Slits Bottom Panel,Yes 2500 Envelopes A2
Majestic,Silk,5.5 x 8.5,Vertical,Rectangle,16PT C2S,No Coating,Silk,n/a,4/0,50,Score in Half,Moon Slits Bottom Panel,Yes 2500 Envelopes A2
Majestic,Silk,4.25 x 11,Horizontal,Rectangle,16PT C2S,No Coating,Silk,n/a,4/1,50,Score in Half,Moon Slits Bottom Panel,Yes 2500 Envelopes A2
Majestic,Silk,5.5 x 8.5,Horizontal,Rectangle,16PT C2S,No Coating,Silk,n/a,4/1,50,Score in Half,Moon Slits Bottom Panel,Yes 2500 Envelopes A2
Majestic,Silk,4.25 x 11,Vertical,Rectangle,16PT C2S,No Coating,Silk,n/a,4/1,50,Score in Half,Moon Slits Bottom Panel,Yes 2500 Envelopes A2
Majestic,Silk,4.25 x 11,Horizontal,Rectangle,16PT C2S,No Coating,Silk,n/a,4/4,50,Score in Half,Moon Slits Bottom Panel,Yes 2500 Envelopes A2
Majestic,Silk,5.5 x 8.5,Horizontal,Rectangle,16PT C2S,No Coating,Silk,n/a,4/4,50,Score in Half,Moon Slits Bottom Panel,Yes 2500 Envelopes A2
Majestic,Silk,5.5 x 8.5,Vertical,Rectangle,16PT C2S,No Coating,Silk,n/a,4/1,50,Score in Half,Moon Slits Bottom Panel,Yes 2500 Envelopes A2
Majestic,Silk,4.25 x 11,Vertical,Rectangle,16PT C2S,No Coating,Silk,n/a,4/4,50,Score in Half,Moon Slits Bottom Panel,Yes 2500 Envelopes A2
Majestic,Silk,5.5 x 8.5,Vertical,Rectangle,16PT C2S,No Coating,Silk,n/a,4/4,50,Score in Half,Moon Slits Bottom Panel,Yes 2500 Envelopes A2
Majestic,Silk,5.5 x 8.5,Horizontal,Rectangle,16PT C2S,No Coating,Silk,n/a,4/0,75,Score in Half,Moon Slits Bottom Panel,Yes 2500 Envelopes A2
Majestic,Silk,4.25 x 11,Horizontal,Rectangle,16PT C2S,No Coating,Silk,n/a,4/0,75,Score in Half,Moon Slits Bottom Panel,Yes 2500 Envelopes A2
Majestic,Silk,4.25 x 11,Vertical,Rectangle,16PT C2S,No Coating,Silk,n/a,4/0,75,Score in Half,Moon Slits Bottom Panel,Yes 2500 Envelopes A2
Majestic,Silk,5.5 x 8.5,Vertical,Rectangle,16PT C2S,No Coating,Silk,n/a,4/0,75,Score in Half,Moon Slits Bottom Panel,Yes 2500 Envelopes A2
Majestic,Silk,4.25 x 11,Horizontal,Rectangle,16PT C2S,No Coating,Silk,n/a,4/1,75,Score in Half,Moon Slits Bottom Panel,Yes 2500 Envelopes A2
Majestic,Silk,5.5 x 8.5,Horizontal,Rectangle,16PT C2S,No Coating,Silk,n/a,4/1,75,Score in Half,Moon Slits Bottom Panel,Yes 2500 Envelopes A2
Majestic,Silk,4.25 x 11,Vertical,Rectangle,16PT C2S,No Coating,Silk,n/a,4/1,75,Score in Half,Moon Slits Bottom Panel,Yes 2500 Envelopes A2
Majestic,Silk,5.5 x 8.5,Vertical,Rectangle,16PT C2S,No Coating,Silk,n/a,4/1,75,Score in Half,Moon Slits Bottom Panel,Yes 2500 Envelopes A2
Majestic,Silk,4.25 x 11,Horizontal,Rectangle,16PT C2S,No Coating,Silk,n/a,4/4,75,Score in Half,Moon Slits Bottom Panel,Yes 2500 Envelopes A2
Majestic,Silk,5.5 x 8.5,Horizontal,Rectangle,16PT C2S,No Coating,Silk,n/a,4/4,75,Score in Half,Moon Slits Bottom Panel,Yes 2500 Envelopes A2
Majestic,Silk,4.25 x 11,Vertical,Rectangle,16PT C2S,No Coating,Silk,n/a,4/4,75,Score in Half,Moon Slits Bottom Panel,Yes 2500 Envelopes A2
Majestic,Silk,5.5 x 8.5,Vertical,Rectangle,16PT C2S,No Coating,Silk,n/a,4/4,75,Score in Half,Moon Slits Bottom Panel,Yes 2500 Envelopes A2
Majestic,Silk,4.25 x 11,Horizontal,Rectangle,16PT C2S,No Coating,Silk,n/a,4/0,100,Score in Half,Moon Slits Bottom Panel,Yes 2500 Envelopes A2
Majestic,Silk,5.5 x 8.5,Horizontal,Rectangle,16PT C2S,No Coating,Silk,n/a,4/0,100,Score in Half,Moon Slits Bottom Panel,Yes 2500 Envelopes A2
Majestic,Silk,4.25 x 11,Vertical,Rectangle,16PT C2S,No Coating,Silk,n/a,4/0,100,Score in Half,Moon Slits Bottom Panel,Yes 2500 Envelopes A2
Majestic,Silk,5.5 x 8.5,Vertical,Rectangle,16PT C2S,No Coating,Silk,n/a,4/0,100,Score in Half,Moon Slits Bottom Panel,Yes 2500 Envelopes A2
Majestic,Silk,5.5 x 8.5,Horizontal,Rectangle,16PT C2S,No Coating,Silk,n/a,4/1,100,Score in Half,Moon Slits Bottom Panel,Yes 2500 Envelopes A2
Majestic,Silk,4.25 x 11,Vertical,Rectangle,16PT C2S,No Coating,Silk,n/a,4/1,100,Score in Half,Moon Slits Bottom Panel,Yes 2500 Envelopes A2
Majestic,Silk,5.5 x 8.5,Vertical,Rectangle,16PT C2S,No Coating,Silk,n/a,4/1,100,Score in Half,Moon Slits Bottom Panel,Yes 2500 Envelopes A2
Majestic,Silk,4.25 x 11,Horizontal,Rectangle,16PT C2S,No Coating,Silk,n/a,4/1,100,Score in Half,Moon Slits Bottom Panel,Yes 2500 Envelopes A2
Majestic,Silk,4.25 x 11,Horizontal,Rectangle,16PT C2S,No Coating,Silk,n/a,4/4,100,Score in Half,Moon Slits Bottom Panel,Yes 2500 Envelopes A2
Majestic,Silk,5.5 x 8.5,Horizontal,Rectangle,16PT C2S,No Coating,Silk,n/a,4/4,100,Score in Half,Moon Slits Bottom Panel,Yes 2500 Envelopes A2
Majestic,Silk,4.25 x 11,Vertical,Rectangle,16PT C2S,No Coating,Silk,n/a,4/4,100,Score in Half,Moon Slits Bottom Panel,Yes 2500 Envelopes A2
Majestic,Silk,5.5 x 8.5,Vertical,Rectangle,16PT C2S,No Coating,Silk,n/a,4/4,100,Score in Half,Moon Slits Bottom Panel,Yes 2500 Envelopes A2
Majestic,Silk,4.25 x 11,Horizontal,Rectangle,16PT C2S,No Coating,Silk,n/a,4/0,250,Score in Half,Moon Slits Bottom Panel,Yes 2500 Envelopes A2
Majestic,Silk,5.5 x 8.5,Horizontal,Rectangle,16PT C2S,No Coating,Silk,n/a,4/0,250,Score in Half,Moon Slits Bottom Panel,Yes 2500 Envelopes A2
Majestic,Silk,4.25 x 11,Vertical,Rectangle,16PT C2S,No Coating,Silk,n/a,4/0,250,Score in Half,Moon Slits Bottom Panel,Yes 2500 Envelopes A2
Majestic,Silk,5.5 x 8.5,Vertical,Rectangle,16PT C2S,No Coating,Silk,n/a,4/0,250,Score in Half,Moon Slits Bottom Panel,Yes 2500 Envelopes A2
Majestic,Silk,4.25 x 11,Horizontal,Rectangle,16PT C2S,No Coating,Silk,n/a,4/1,250,Score in Half,Moon Slits Bottom Panel,Yes 2500 Envelopes A2
Majestic,Silk,5.5 x 8.5,Horizontal,Rectangle,16PT C2S,No Coating,Silk,n/a,4/1,250,Score in Half,Moon Slits Bottom Panel,Yes 2500 Envelopes A2
Majestic,Silk,4.25 x 11,Vertical,Rectangle,16PT C2S,No Coating,Silk,n/a,4/1,250,Score in Half,Moon Slits Bottom Panel,Yes 2500 Envelopes A2
Majestic,Silk,5.5 x 8.5,Vertical,Rectangle,16PT C2S,No Coating,Silk,n/a,4/1,250,Score in Half,Moon Slits Bottom Panel,Yes 2500 Envelopes A2
Majestic,Silk,4.25 x 11,Horizontal,Rectangle,16PT C2S,No Coating,Silk,n/a,4/4,250,Score in Half,Moon Slits Bottom Panel,Yes 2500 Envelopes A2
Majestic,Silk,5.5 x 8.5,Horizontal,Rectangle,16PT C2S,No Coating,Silk,n/a,4/4,250,Score in Half,Moon Slits Bottom Panel,Yes 2500 Envelopes A2
Majestic,Silk,4.25 x 11,Vertical,Rectangle,16PT C2S,No Coating,Silk,n/a,4/4,250,Score in Half,Moon Slits Bottom Panel,Yes 2500 Envelopes A2
Majestic,Silk,5.5 x 8.5,Vertical,Rectangle,16PT C2S,No Coating,Silk,n/a,4/4,250,Score in Half,Moon Slits Bottom Panel,Yes 2500 Envelopes A2
Majestic,Silk,4.25 x 11,Horizontal,Rectangle,16PT C2S,No Coating,Silk,n/a,4/0,500,Score in Half,Moon Slits Bottom Panel,Yes 2500 Envelopes A2
Majestic,Silk,5.5 x 8.5,Horizontal,Rectangle,16PT C2S,No Coating,Silk,n/a,4/0,500,Score in Half,Moon Slits Bottom Panel,Yes 2500 Envelopes A2
Majestic,Silk,4.25 x 11,Vertical,Rectangle,16PT C2S,No Coating,Silk,n/a,4/0,500,Score in Half,Moon Slits Bottom Panel,Yes 2500 Envelopes A2
Majestic,Silk,5.5 x 8.5,Vertical,Rectangle,16PT C2S,No Coating,Silk,n/a,4/0,500,Score in Half,Moon Slits Bottom Panel,Yes 2500 Envelopes A2
Majestic,Silk,4.25 x 11,Horizontal,Rectangle,16PT C2S,No Coating,Silk,n/a,4/1,500,Score in Half,Moon Slits Bottom Panel,Yes 2500 Envelopes A2
Majestic,Silk,5.5 x 8.5,Horizontal,Rectangle,16PT C2S,No Coating,Silk,n/a,4/1,500,Score in Half,Moon Slits Bottom Panel,Yes 2500 Envelopes A2
Majestic,Silk,4.25 x 11,Vertical,Rectangle,16PT C2S,No Coating,Silk,n/a,4/1,500,Score in Half,Moon Slits Bottom Panel,Yes 2500 Envelopes A2
Majestic,Silk,5.5 x 8.5,Vertical,Rectangle,16PT C2S,No Coating,Silk,n/a,4/1,500,Score in Half,Moon Slits Bottom Panel,Yes 2500 Envelopes A2
Majestic,Silk,4.25 x 11,Horizontal,Rectangle,16PT C2S,No Coating,Silk,n/a,4/4,500,Score in Half,Moon Slits Bottom Panel,Yes 2500 Envelopes A2
Majestic,Silk,5.5 x 8.5,Horizontal,Rectangle,16PT C2S,No Coating,Silk,n/a,4/4,500,Score in Half,Moon Slits Bottom Panel,Yes 2500 Envelopes A2
Majestic,Silk,4.25 x 11,Vertical,Rectangle,16PT C2S,No Coating,Silk,n/a,4/4,500,Score in Half,Moon Slits Bottom Panel,Yes 2500 Envelopes A2
Majestic,Silk,5.5 x 8.5,Vertical,Rectangle,16PT C2S,No Coating,Silk,n/a,4/4,500,Score in Half,Moon Slits Bottom Panel,Yes 2500 Envelopes A2
Majestic,Silk,4.25 x 11,Horizontal,Rectangle,16PT C2S,No Coating,Silk,n/a,4/0,1000,Score in Half,Moon Slits Bottom Panel,Yes 2500 Envelopes A2
Majestic,Silk,5.5 x 8.5,Horizontal,Rectangle,16PT C2S,No Coating,Silk,n/a,4/0,1000,Score in Half,Moon Slits Bottom Panel,Yes 2500 Envelopes A2
Majestic,Silk,4.25 x 11,Vertical,Rectangle,16PT C2S,No Coating,Silk,n/a,4/0,1000,Score in Half,Moon Slits Bottom Panel,Yes 2500 Envelopes A2
Majestic,Silk,5.5 x 8.5,Vertical,Rectangle,16PT C2S,No Coating,Silk,n/a,4/0,1000,Score in Half,Moon Slits Bottom Panel,Yes 2500 Envelopes A2
Majestic,Silk,4.25 x 11,Horizontal,Rectangle,16PT C2S,No Coating,Silk,n/a,4/1,1000,Score in Half,Moon Slits Bottom Panel,Yes 2500 Envelopes A2
Majestic,Silk,5.5 x 8.5,Horizontal,Rectangle,16PT C2S,No Coating,Silk,n/a,4/1,1000,Score in Half,Moon Slits Bottom Panel,Yes 2500 Envelopes A2
Majestic,Silk,4.25 x 11,Vertical,Rectangle,16PT C2S,No Coating,Silk,n/a,4/1,1000,Score in Half,Moon Slits Bottom Panel,Yes 2500 Envelopes A2
Majestic,Silk,5.5 x 8.5,Vertical,Rectangle,16PT C2S,No Coating,Silk,n/a,4/1,1000,Score in Half,Moon Slits Bottom Panel,Yes 2500 Envelopes A2
Majestic,Silk,4.25 x 11,Horizontal,Rectangle,16PT C2S,No Coating,Silk,n/a,4/4,1000,Score in Half,Moon Slits Bottom Panel,Yes 2500 Envelopes A2
Majestic,Silk,5.5 x 8.5,Horizontal,Rectangle,16PT C2S,No Coating,Silk,n/a,4/4,1000,Score in Half,Moon Slits Bottom Panel,Yes 2500 Envelopes A2
Majestic,Silk,4.25 x 11,Vertical,Rectangle,16PT C2S,No Coating,Silk,n/a,4/4,1000,Score in Half,Moon Slits Bottom Panel,Yes 2500 Envelopes A2
Majestic,Silk,4.25 x 11,Horizontal,Rectangle,16PT C2S,No Coating,Silk,n/a,4/0,2500,Score in Half,Moon Slits Bottom Panel,Yes 2500 Envelopes A2
Majestic,Silk,5.5 x 8.5,Horizontal,Rectangle,16PT C2S,No Coating,Silk,n/a,4/0,2500,Score in Half,Moon Slits Bottom Panel,Yes 2500 Envelopes A2
Majestic,Silk,5.5 x 8.5,Vertical,Rectangle,16PT C2S,No Coating,Silk,n/a,4/4,1000,Score in Half,Moon Slits Bottom Panel,Yes 2500 Envelopes A2
Majestic,Silk,4.25 x 11,Vertical,Rectangle,16PT C2S,No Coating,Silk,n/a,4/0,2500,Score in Half,Moon Slits Bottom Panel,Yes 2500 Envelopes A2
Majestic,Silk,5.5 x 8.5,Vertical,Rectangle,16PT C2S,No Coating,Silk,n/a,4/0,2500,Score in Half,Moon Slits Bottom Panel,Yes 2500 Envelopes A2
Majestic,Silk,4.25 x 11,Horizontal,Rectangle,16PT C2S,No Coating,Silk,n/a,4/1,2500,Score in Half,Moon Slits Bottom Panel,Yes 2500 Envelopes A2
Majestic,Silk,5.5 x 8.5,Horizontal,Rectangle,16PT C2S,No Coating,Silk,n/a,4/1,2500,Score in Half,Moon Slits Bottom Panel,Yes 2500 Envelopes A2
Majestic,Silk,4.25 x 11,Vertical,Rectangle,16PT C2S,No Coating,Silk,n/a,4/1,2500,Score in Half,Moon Slits Bottom Panel,Yes 2500 Envelopes A2
Majestic,Silk,5.5 x 8.5,Vertical,Rectangle,16PT C2S,No Coating,Silk,n/a,4/1,2500,Score in Half,Moon Slits Bottom Panel,Yes 2500 Envelopes A2
Majestic,Silk,4.25 x 11,Horizontal,Rectangle,16PT C2S,No Coating,Silk,n/a,4/4,2500,Score in Half,Moon Slits Bottom Panel,Yes 2500 Envelopes A2
Majestic,Silk,4.25 x 11,Vertical,Rectangle,16PT C2S,No Coating,Silk,n/a,4/4,2500,Score in Half,Moon Slits Bottom Panel,Yes 2500 Envelopes A2
Majestic,Silk,5.5 x 8.5,Horizontal,Rectangle,16PT C2S,No Coating,Silk,n/a,4/4,2500,Score in Half,Moon Slits Bottom Panel,Yes 2500 Envelopes A2
Majestic,Silk,5.5 x 8.5,Vertical,Rectangle,16PT C2S,No Coating,Silk,n/a,4/4,2500,Score in Half,Moon Slits Bottom Panel,Yes 2500 Envelopes A2
Majestic,Silk,5.5 x 8.5,Horizontal,Rectangle,16PT C2S,No Coating,Silk,n/a,4/0,5000,Score in Half,Moon Slits Bottom Panel,Yes 2500 Envelopes A2
Majestic,Silk,4.25 x 11,Vertical,Rectangle,16PT C2S,No Coating,Silk,n/a,4/0,5000,Score in Half,Moon Slits Bottom Panel,Yes 2500 Envelopes A2
Majestic,Silk,4.25 x 11,Horizontal,Rectangle,16PT C2S,No Coating,Silk,n/a,4/0,5000,Score in Half,Moon Slits Bottom Panel,Yes 2500 Envelopes A2
Majestic,Silk,5.5 x 8.5,Vertical,Rectangle,16PT C2S,No Coating,Silk,n/a,4/0,5000,Score in Half,Moon Slits Bottom Panel,Yes 2500 Envelopes A2
Majestic,Silk,4.25 x 11,Horizontal,Rectangle,16PT C2S,No Coating,Silk,n/a,4/1,5000,Score in Half,Moon Slits Bottom Panel,Yes 2500 Envelopes A2
Majestic,Silk,5.5 x 8.5,Horizontal,Rectangle,16PT C2S,No Coating,Silk,n/a,4/1,5000,Score in Half,Moon Slits Bottom Panel,Yes 2500 Envelopes A2
Majestic,Silk,4.25 x 11,Vertical,Rectangle,16PT C2S,No Coating,Silk,n/a,4/1,5000,Score in Half,Moon Slits Bottom Panel,Yes 2500 Envelopes A2
Majestic,Silk,5.5 x 8.5,Vertical,Rectangle,16PT C2S,No Coating,Silk,n/a,4/0,250,Score in Half,Slide Slits Bottom Panel,Yes 1000 Envelopes A2
Majestic,Silk,4.25 x 11,Horizontal,Rectangle,16PT C2S,No Coating,Silk,n/a,4/4,5000,Score in Half,Moon Slits Bottom Panel,Yes 2500 Envelopes A2
Majestic,Silk,5.5 x 8.5,Horizontal,Rectangle,16PT C2S,No Coating,Silk,n/a,4/4,5000,Score in Half,Moon Slits Bottom Panel,Yes 2500 Envelopes A2
Majestic,Silk,4.25 x 11,Vertical,Rectangle,16PT C2S,No Coating,Silk,n/a,4/4,5000,Score in Half,Moon Slits Bottom Panel,Yes 2500 Envelopes A2
Majestic,Silk,5.5 x 8.5,Vertical,Rectangle,16PT C2S,No Coating,Silk,n/a,4/4,5000,Score in Half,Moon Slits Bottom Panel,Yes 2500 Envelopes A2
Majestic,Silk,4.25 x 11,Horizontal,Rectangle,16PT C2S,No Coating,Silk,n/a,4/0,10000,Score in Half,Moon Slits Bottom Panel,Yes 2500 Envelopes A2
Majestic,Silk,5.5 x 8.5,Horizontal,Rectangle,16PT C2S,No Coating,Silk,n/a,4/0,10000,Score in Half,Moon Slits Bottom Panel,Yes 2500 Envelopes A2
Majestic,Silk,4.25 x 11,Vertical,Rectangle,16PT C2S,No Coating,Silk,n/a,4/0,5000,Score in Half,Slide Slits Right Panel,Yes 1000 Envelopes A2
Majestic,Silk,5.5 x 8.5,Vertical,Rectangle,16PT C2S,No Coating,Silk,n/a,4/0,10000,Score in Half,Moon Slits Bottom Panel,Yes 2500 Envelopes A2
Majestic,Silk,4.25 x 11,Vertical,Rectangle,16PT C2S,No Coating,Silk,n/a,4/0,10000,Score in Half,Moon Slits Bottom Panel,Yes 2500 Envelopes A2
Majestic,Silk,5.5 x 8.5,Horizontal,Rectangle,16PT C2S,No Coating,Silk,n/a,4/1,10000,Score in Half,Moon Slits Bottom Panel,Yes 2500 Envelopes A2
Majestic,Silk,4.25 x 11,Vertical,Rectangle,16PT C2S,No Coating,Silk,n/a,4/1,10000,Score in Half,Moon Slits Bottom Panel,Yes 2500 Envelopes A2
Majestic,Silk,5.5 x 8.5,Vertical,Rectangle,16PT C2S,No Coating,Silk,n/a,4/1,10000,Score in Half,Moon Slits Bottom Panel,Yes 2500 Envelopes A2
Majestic,Silk,4.25 x 11,Horizontal,Rectangle,16PT C2S,No Coating,Silk,n/a,4/4,10000,Score in Half,Moon Slits Bottom Panel,Yes 2500 Envelopes A2
Majestic,Silk,4.25 x 11,Horizontal,Rectangle,16PT C2S,No Coating,Silk,n/a,4/1,10000,Score in Half,Moon Slits Bottom Panel,Yes 2500 Envelopes A2
Majestic,Silk,5.5 x 8.5,Vertical,Rectangle,16PT C2S,No Coating,Silk,n/a,4/4,10000,Score in Half,Moon Slits Bottom Panel,Yes 2500 Envelopes A2
Majestic,Silk,4.25 x 11,Vertical,Rectangle,16PT C2S,No Coating,Silk,n/a,4/4,10000,Score in Half,Moon Slits Bottom Panel,Yes 2500 Envelopes A2
Majestic,Silk,4.25 x 11,Horizontal,Rectangle,16PT C2S,No Coating,Silk,n/a,4/0,25,Score in Half,Moon Slits Right Panel,Yes 2500 Envelopes A2
Majestic,Silk,5.5 x 8.5,Horizontal,Rectangle,16PT C2S,No Coating,Silk,n/a,4/0,25,Score in Half,Moon Slits Right Panel,Yes 2500 Envelopes A2
Majestic,Silk,4.25 x 11,Vertical,Rectangle,16PT C2S,No Coating,Silk,n/a,4/0,25,Score in Half,Moon Slits Right Panel,Yes 2500 Envelopes A2
Majestic,Silk,5.5 x 8.5,Vertical,Rectangle,16PT C2S,No Coating,Silk,n/a,4/0,25,Score in Half,Moon Slits Right Panel,Yes 2500 Envelopes A2
Majestic,Silk,4.25 x 11,Horizontal,Rectangle,16PT C2S,No Coating,Silk,n/a,4/1,25,Score in Half,Moon Slits Right Panel,Yes 2500 Envelopes A2
Majestic,Silk,5.5 x 8.5,Horizontal,Rectangle,16PT C2S,No Coating,Silk,n/a,4/1,25,Score in Half,Moon Slits Right Panel,Yes 2500 Envelopes A2
Majestic,Silk,4.25 x 11,Vertical,Rectangle,16PT C2S,No Coating,Silk,n/a,4/1,25,Score in Half,Moon Slits Right Panel,Yes 2500 Envelopes A2
Majestic,Silk,5.5 x 8.5,Vertical,Rectangle,16PT C2S,No Coating,Silk,n/a,4/1,25,Score in Half,Moon Slits Right Panel,Yes 2500 Envelopes A2
Majestic,Silk,4.25 x 11,Horizontal,Rectangle,16PT C2S,No Coating,Silk,n/a,4/4,25,Score in Half,Moon Slits Right Panel,Yes 2500 Envelopes A2
Majestic,Silk,5.5 x 8.5,Horizontal,Rectangle,16PT C2S,No Coating,Silk,n/a,4/4,25,Score in Half,Moon Slits Right Panel,Yes 2500 Envelopes A2
Majestic,Silk,4.25 x 11,Vertical,Rectangle,16PT C2S,No Coating,Silk,n/a,4/4,25,Score in Half,Moon Slits Right Panel,Yes 2500 Envelopes A2
Majestic,Silk,5.5 x 8.5,Vertical,Rectangle,16PT C2S,No Coating,Silk,n/a,4/4,25,Score in Half,Moon Slits Right Panel,Yes 2500 Envelopes A2
Majestic,Silk,4.25 x 11,Horizontal,Rectangle,16PT C2S,No Coating,Silk,n/a,4/0,50,Score in Half,Moon Slits Right Panel,Yes 2500 Envelopes A2
Majestic,Silk,4.25 x 11,Vertical,Rectangle,16PT C2S,No Coating,Silk,n/a,4/0,50,Score in Half,Moon Slits Right Panel,Yes 2500 Envelopes A2
Majestic,Silk,5.5 x 8.5,Vertical,Rectangle,16PT C2S,No Coating,Silk,n/a,4/0,50,Score in Half,Moon Slits Right Panel,Yes 2500 Envelopes A2
Majestic,Silk,5.5 x 8.5,Horizontal,Rectangle,16PT C2S,No Coating,Silk,n/a,4/0,50,Score in Half,Moon Slits Right Panel,Yes 2500 Envelopes A2
Majestic,Silk,4.25 x 11,Horizontal,Rectangle,16PT C2S,No Coating,Silk,n/a,4/1,50,Score in Half,Moon Slits Right Panel,Yes 2500 Envelopes A2
Majestic,Silk,5.5 x 8.5,Horizontal,Rectangle,16PT C2S,No Coating,Silk,n/a,4/4,10000,Score in Half,Moon Slits Bottom Panel,Yes 2500 Envelopes A2
Majestic,Silk,4.25 x 11,Vertical,Rectangle,16PT C2S,No Coating,Silk,n/a,4/1,50,Score in Half,Moon Slits Right Panel,Yes 2500 Envelopes A2
Majestic,Silk,5.5 x 8.5,Vertical,Rectangle,16PT C2S,No Coating,Silk,n/a,4/1,50,Score in Half,Moon Slits Right Panel,Yes 2500 Envelopes A2
Majestic,Silk,4.25 x 11,Horizontal,Rectangle,16PT C2S,No Coating,Silk,n/a,4/4,50,Score in Half,Moon Slits Right Panel,Yes 2500 Envelopes A2
Majestic,Silk,5.5 x 8.5,Horizontal,Rectangle,16PT C2S,No Coating,Silk,n/a,4/4,50,Score in Half,Moon Slits Right Panel,Yes 2500 Envelopes A2
Majestic,Silk,4.25 x 11,Vertical,Rectangle,16PT C2S,No Coating,Silk,n/a,4/4,50,Score in Half,Moon Slits Right Panel,Yes 2500 Envelopes A2
Majestic,Silk,5.5 x 8.5,Vertical,Rectangle,16PT C2S,No Coating,Silk,n/a,4/4,50,Score in Half,Moon Slits Right Panel,Yes 2500 Envelopes A2
Majestic,Silk,4.25 x 11,Horizontal,Rectangle,16PT C2S,No Coating,Silk,n/a,4/0,75,Score in Half,Moon Slits Right Panel,Yes 2500 Envelopes A2
Majestic,Silk,5.5 x 8.5,Horizontal,Rectangle,16PT C2S,No Coating,Silk,n/a,4/0,75,Score in Half,Moon Slits Right Panel,Yes 2500 Envelopes A2
Majestic,Silk,4.25 x 11,Vertical,Rectangle,16PT C2S,No Coating,Silk,n/a,4/0,75,Score in Half,Moon Slits Right Panel,Yes 2500 Envelopes A2
Majestic,Silk,5.5 x 8.5,Vertical,Rectangle,16PT C2S,No Coating,Silk,n/a,4/0,75,Score in Half,Moon Slits Right Panel,Yes 2500 Envelopes A2
Majestic,Silk,5.5 x 8.5,Vertical,Rectangle,16PT C2S,No Coating,Silk,n/a,4/1,5000,Score in Half,Moon Slits Bottom Panel,Yes 2500 Envelopes A2
Majestic,Silk,5.5 x 8.5,Horizontal,Rectangle,16PT C2S,No Coating,Silk,n/a,4/1,75,Score in Half,Moon Slits Right Panel,Yes 2500 Envelopes A2
Majestic,Silk,4.25 x 11,Horizontal,Rectangle,16PT C2S,No Coating,Silk,n/a,4/1,75,Score in Half,Moon Slits Right Panel,Yes 2500 Envelopes A2
Majestic,Silk,5.5 x 8.5,Vertical,Rectangle,16PT C2S,No Coating,Silk,n/a,4/1,75,Score in Half,Moon Slits Right Panel,Yes 2500 Envelopes A2
Majestic,Silk,4.25 x 11,Horizontal,Rectangle,16PT C2S,No Coating,Silk,n/a,4/4,75,Score in Half,Moon Slits Right Panel,Yes 2500 Envelopes A2
Majestic,Silk,5.5 x 8.5,Horizontal,Rectangle,16PT C2S,No Coating,Silk,n/a,4/4,75,Score in Half,Moon Slits Right Panel,Yes 2500 Envelopes A2
Majestic,Silk,4.25 x 11,Vertical,Rectangle,16PT C2S,No Coating,Silk,n/a,4/4,75,Score in Half,Moon Slits Right Panel,Yes 2500 Envelopes A2
Majestic,Silk,5.5 x 8.5,Vertical,Rectangle,16PT C2S,No Coating,Silk,n/a,4/4,75,Score in Half,Moon Slits Right Panel,Yes 2500 Envelopes A2
Majestic,Silk,4.25 x 11,Horizontal,Rectangle,16PT C2S,No Coating,Silk,n/a,4/0,100,Score in Half,Moon Slits Right Panel,Yes 2500 Envelopes A2
Majestic,Silk,4.25 x 11,Vertical,Rectangle,16PT C2S,No Coating,Silk,n/a,4/0,100,Score in Half,Moon Slits Right Panel,Yes 2500 Envelopes A2
Majestic,Silk,5.5 x 8.5,Horizontal,Rectangle,16PT C2S,No Coating,Silk,n/a,4/0,100,Score in Half,Moon Slits Right Panel,Yes 2500 Envelopes A2
Majestic,Silk,5.5 x 8.5,Vertical,Rectangle,16PT C2S,No Coating,Silk,n/a,4/0,100,Score in Half,Moon Slits Right Panel,Yes 2500 Envelopes A2
Majestic,Silk,4.25 x 11,Vertical,Rectangle,16PT C2S,No Coating,Silk,n/a,4/1,75,Score in Half,Moon Slits Right Panel,Yes 2500 Envelopes A2
Majestic,Silk,5.5 x 8.5,Horizontal,Rectangle,16PT C2S,No Coating,Silk,n/a,4/1,100,Score in Half,Moon Slits Right Panel,Yes 2500 Envelopes A2
Majestic,Silk,4.25 x 11,Vertical,Rectangle,16PT C2S,No Coating,Silk,n/a,4/1,100,Score in Half,Moon Slits Right Panel,Yes 2500 Envelopes A2
Majestic,Silk,5.5 x 8.5,Vertical,Rectangle,16PT C2S,No Coating,Silk,n/a,4/1,100,Score in Half,Moon Slits Right Panel,Yes 2500 Envelopes A2
Majestic,Silk,4.25 x 11,Horizontal,Rectangle,16PT C2S,No Coating,Silk,n/a,4/4,100,Score in Half,Moon Slits Right Panel,Yes 2500 Envelopes A2
Majestic,Silk,5.5 x 8.5,Horizontal,Rectangle,16PT C2S,No Coating,Silk,n/a,4/4,100,Score in Half,Moon Slits Right Panel,Yes 2500 Envelopes A2
Majestic,Silk,4.25 x 11,Vertical,Rectangle,16PT C2S,No Coating,Silk,n/a,4/4,100,Score in Half,Moon Slits Right Panel,Yes 2500 Envelopes A2
Majestic,Silk,5.5 x 8.5,Vertical,Rectangle,16PT C2S,No Coating,Silk,n/a,4/4,100,Score in Half,Moon Slits Right Panel,Yes 2500 Envelopes A2
Majestic,Silk,4.25 x 11,Horizontal,Rectangle,16PT C2S,No Coating,Silk,n/a,4/0,250,Score in Half,Moon Slits Right Panel,Yes 2500 Envelopes A2
Majestic,Silk,5.5 x 8.5,Horizontal,Rectangle,16PT C2S,No Coating,Silk,n/a,4/0,250,Score in Half,Moon Slits Right Panel,Yes 2500 Envelopes A2
Majestic,Silk,5.5 x 8.5,Vertical,Rectangle,16PT C2S,No Coating,Silk,n/a,4/0,250,Score in Half,Moon Slits Right Panel,Yes 2500 Envelopes A2
Majestic,Silk,4.25 x 11,Vertical,Rectangle,16PT C2S,No Coating,Silk,n/a,4/0,250,Score in Half,Moon Slits Right Panel,Yes 2500 Envelopes A2
Majestic,Silk,4.25 x 11,Horizontal,Rectangle,16PT C2S,No Coating,Silk,n/a,4/1,250,Score in Half,Moon Slits Right Panel,Yes 2500 Envelopes A2
Majestic,Silk,5.5 x 8.5,Horizontal,Rectangle,16PT C2S,No Coating,Silk,n/a,4/1,250,Score in Half,Moon Slits Right Panel,Yes 2500 Envelopes A2
Majestic,Silk,4.25 x 11,Vertical,Rectangle,16PT C2S,No Coating,Silk,n/a,4/1,250,Score in Half,Moon Slits Right Panel,Yes 2500 Envelopes A2
Majestic,Silk,5.5 x 8.5,Vertical,Rectangle,16PT C2S,No Coating,Silk,n/a,4/1,250,Score in Half,Moon Slits Right Panel,Yes 2500 Envelopes A2
Majestic,Silk,4.25 x 11,Horizontal,Rectangle,16PT C2S,No Coating,Silk,n/a,4/4,250,Score in Half,Moon Slits Right Panel,Yes 2500 Envelopes A2
Majestic,Silk,5.5 x 8.5,Horizontal,Rectangle,16PT C2S,No Coating,Silk,n/a,4/4,250,Score in Half,Moon Slits Right Panel,Yes 2500 Envelopes A2
Majestic,Silk,4.25 x 11,Vertical,Rectangle,16PT C2S,No Coating,Silk,n/a,4/4,250,Score in Half,Moon Slits Right Panel,Yes 2500 Envelopes A2
Majestic,Silk,5.5 x 8.5,Vertical,Rectangle,16PT C2S,No Coating,Silk,n/a,4/4,250,Score in Half,Moon Slits Right Panel,Yes 2500 Envelopes A2
Majestic,Silk,4.25 x 11,Horizontal,Rectangle,16PT C2S,No Coating,Silk,n/a,4/0,500,Score in Half,Moon Slits Right Panel,Yes 2500 Envelopes A2
Majestic,Silk,5.5 x 8.5,Horizontal,Rectangle,16PT C2S,No Coating,Silk,n/a,4/0,500,Score in Half,Moon Slits Right Panel,Yes 2500 Envelopes A2
Majestic,Silk,5.5 x 8.5,Horizontal,Rectangle,16PT C2S,No Coating,Silk,n/a,4/1,50,Score in Half,Moon Slits Right Panel,Yes 2500 Envelopes A2
Majestic,Silk,4.25 x 11,Horizontal,Rectangle,16PT C2S,No Coating,Silk,n/a,4/1,500,Score in Half,Moon Slits Right Panel,Yes 2500 Envelopes A2
Majestic,Silk,5.5 x 8.5,Vertical,Rectangle,16PT C2S,No Coating,Silk,n/a,4/0,500,Score in Half,Moon Slits Right Panel,Yes 2500 Envelopes A2
Majestic,Silk,5.5 x 8.5,Horizontal,Rectangle,16PT C2S,No Coating,Silk,n/a,4/1,500,Score in Half,Moon Slits Right Panel,Yes 2500 Envelopes A2
Majestic,Silk,4.25 x 11,Vertical,Rectangle,16PT C2S,No Coating,Silk,n/a,4/1,500,Score in Half,Moon Slits Right Panel,Yes 2500 Envelopes A2
Majestic,Silk,5.5 x 8.5,Vertical,Rectangle,16PT C2S,No Coating,Silk,n/a,4/1,500,Score in Half,Moon Slits Right Panel,Yes 2500 Envelopes A2
Majestic,Silk,4.25 x 11,Horizontal,Rectangle,16PT C2S,No Coating,Silk,n/a,4/4,500,Score in Half,Moon Slits Right Panel,Yes 2500 Envelopes A2
Majestic,Silk,5.5 x 8.5,Horizontal,Rectangle,16PT C2S,No Coating,Silk,n/a,4/4,500,Score in Half,Moon Slits Right Panel,Yes 2500 Envelopes A2
Majestic,Silk,4.25 x 11,Vertical,Rectangle,16PT C2S,No Coating,Silk,n/a,4/4,500,Score in Half,Moon Slits Right Panel,Yes 2500 Envelopes A2
Majestic,Silk,4.25 x 11,Horizontal,Rectangle,16PT C2S,No Coating,Silk,n/a,4/0,1000,Score in Half,Moon Slits Right Panel,Yes 2500 Envelopes A2
Majestic,Silk,5.5 x 8.5,Vertical,Rectangle,16PT C2S,No Coating,Silk,n/a,4/4,500,Score in Half,Moon Slits Right Panel,Yes 2500 Envelopes A2
Majestic,Silk,5.5 x 8.5,Horizontal,Rectangle,16PT C2S,No Coating,Silk,n/a,4/0,1000,Score in Half,Moon Slits Right Panel,Yes 2500 Envelopes A2
Majestic,Silk,4.25 x 11,Vertical,Rectangle,16PT C2S,No Coating,Silk,n/a,4/0,1000,Score in Half,Moon Slits Right Panel,Yes 2500 Envelopes A2
Majestic,Silk,5.5 x 8.5,Vertical,Rectangle,16PT C2S,No Coating,Silk,n/a,4/0,1000,Score in Half,Moon Slits Right Panel,Yes 2500 Envelopes A2
Majestic,Silk,4.25 x 11,Horizontal,Rectangle,16PT C2S,No Coating,Silk,n/a,4/1,1000,Score in Half,Moon Slits Right Panel,Yes 2500 Envelopes A2
Majestic,Silk,5.5 x 8.5,Horizontal,Rectangle,16PT C2S,No Coating,Silk,n/a,4/1,1000,Score in Half,Moon Slits Right Panel,Yes 2500 Envelopes A2
Majestic,Silk,4.25 x 11,Vertical,Rectangle,16PT C2S,No Coating,Silk,n/a,4/1,1000,Score in Half,Moon Slits Right Panel,Yes 2500 Envelopes A2
Majestic,Silk,5.5 x 8.5,Vertical,Rectangle,16PT C2S,No Coating,Silk,n/a,4/1,1000,Score in Half,Moon Slits Right Panel,Yes 2500 Envelopes A2
Majestic,Silk,4.25 x 11,Horizontal,Rectangle,16PT C2S,No Coating,Silk,n/a,4/4,1000,Score in Half,Moon Slits Right Panel,Yes 2500 Envelopes A2
Majestic,Silk,5.5 x 8.5,Horizontal,Rectangle,16PT C2S,No Coating,Silk,n/a,4/4,1000,Score in Half,Moon Slits Right Panel,Yes 2500 Envelopes A2
Majestic,Silk,4.25 x 11,Vertical,Rectangle,16PT C2S,No Coating,Silk,n/a,4/4,1000,Score in Half,Moon Slits Right Panel,Yes 2500 Envelopes A2
Majestic,Silk,5.5 x 8.5,Vertical,Rectangle,16PT C2S,No Coating,Silk,n/a,4/4,1000,Score in Half,Moon Slits Right Panel,Yes 2500 Envelopes A2
Majestic,Silk,4.25 x 11,Horizontal,Rectangle,16PT C2S,No Coating,Silk,n/a,4/0,2500,Score in Half,Moon Slits Right Panel,Yes 2500 Envelopes A2
Majestic,Silk,5.5 x 8.5,Horizontal,Rectangle,16PT C2S,No Coating,Silk,n/a,4/0,2500,Score in Half,Moon Slits Right Panel,Yes 2500 Envelopes A2
Majestic,Silk,4.25 x 11,Vertical,Rectangle,16PT C2S,No Coating,Silk,n/a,4/0,2500,Score in Half,Moon Slits Right Panel,Yes 2500 Envelopes A2
Majestic,Silk,5.5 x 8.5,Vertical,Rectangle,16PT C2S,No Coating,Silk,n/a,4/0,2500,Score in Half,Moon Slits Right Panel,Yes 2500 Envelopes A2
Majestic,Silk,5.5 x 8.5,Horizontal,Rectangle,16PT C2S,No Coating,Silk,n/a,4/1,2500,Score in Half,Moon Slits Right Panel,Yes 2500 Envelopes A2
Majestic,Silk,5.5 x 8.5,Vertical,Rectangle,16PT C2S,No Coating,Silk,n/a,4/1,2500,Score in Half,Moon Slits Right Panel,Yes 2500 Envelopes A2
Majestic,Silk,4.25 x 11,Horizontal,Rectangle,16PT C2S,No Coating,Silk,n/a,4/1,2500,Score in Half,Moon Slits Right Panel,Yes 2500 Envelopes A2
Majestic,Silk,5.5 x 8.5,Horizontal,Rectangle,16PT C2S,No Coating,Silk,n/a,4/4,2500,Score in Half,Moon Slits Right Panel,Yes 2500 Envelopes A2
Majestic,Silk,4.25 x 11,Vertical,Rectangle,16PT C2S,No Coating,Silk,n/a,4/1,2500,Score in Half,Moon Slits Right Panel,Yes 2500 Envelopes A2
Majestic,Silk,4.25 x 11,Horizontal,Rectangle,16PT C2S,No Coating,Silk,n/a,4/4,2500,Score in Half,Moon Slits Right Panel,Yes 2500 Envelopes A2
Majestic,Silk,4.25 x 11,Vertical,Rectangle,16PT C2S,No Coating,Silk,n/a,4/4,2500,Score in Half,Moon Slits Right Panel,Yes 2500 Envelopes A2
Majestic,Silk,5.5 x 8.5,Vertical,Rectangle,16PT C2S,No Coating,Silk,n/a,4/4,2500,Score in Half,Moon Slits Right Panel,Yes 2500 Envelopes A2
Majestic,Silk,4.25 x 11,Vertical,Rectangle,16PT C2S,No Coating,Silk,n/a,4/0,5000,Score in Half,Moon Slits Right Panel,Yes 2500 Envelopes A2
Majestic,Silk,5.5 x 8.5,Vertical,Rectangle,16PT C2S,No Coating,Silk,n/a,4/0,5000,Score in Half,Moon Slits Right Panel,Yes 2500 Envelopes A2
Majestic,Silk,5.5 x 8.5,Horizontal,Rectangle,16PT C2S,No Coating,Silk,n/a,4/0,5000,Score in Half,Moon Slits Right Panel,Yes 2500 Envelopes A2
Majestic,Silk,4.25 x 11,Horizontal,Rectangle,16PT C2S,No Coating,Silk,n/a,4/1,100,Score in Half,Moon Slits Right Panel,Yes 2500 Envelopes A2
Majestic,Silk,4.25 x 11,Horizontal,Rectangle,16PT C2S,No Coating,Silk,n/a,4/1,5000,Score in Half,Moon Slits Right Panel,Yes 2500 Envelopes A2
Majestic,Silk,5.5 x 8.5,Horizontal,Rectangle,16PT C2S,No Coating,Silk,n/a,4/1,5000,Score in Half,Moon Slits Right Panel,Yes 2500 Envelopes A2
Majestic,Silk,4.25 x 11,Horizontal,Rectangle,16PT C2S,No Coating,Silk,n/a,4/4,5000,Score in Half,Moon Slits Right Panel,Yes 2500 Envelopes A2
Majestic,Silk,5.5 x 8.5,Horizontal,Rectangle,16PT C2S,No Coating,Silk,n/a,4/4,5000,Score in Half,Moon Slits Right Panel,Yes 2500 Envelopes A2
Majestic,Silk,5.5 x 8.5,Vertical,Rectangle,16PT C2S,No Coating,Silk,n/a,4/1,5000,Score in Half,Moon Slits Right Panel,Yes 2500 Envelopes A2
Majestic,Silk,4.25 x 11,Vertical,Rectangle,16PT C2S,No Coating,Silk,n/a,4/1,5000,Score in Half,Moon Slits Right Panel,Yes 2500 Envelopes A2
Majestic,Silk,4.25 x 11,Vertical,Rectangle,16PT C2S,No Coating,Silk,n/a,4/4,5000,Score in Half,Moon Slits Right Panel,Yes 2500 Envelopes A2
Majestic,Silk,5.5 x 8.5,Vertical,Rectangle,16PT C2S,No Coating,Silk,n/a,4/4,5000,Score in Half,Moon Slits Right Panel,Yes 2500 Envelopes A2
Majestic,Silk,4.25 x 11,Vertical,Rectangle,16PT C2S,No Coating,Silk,n/a,4/0,10000,Score in Half,Moon Slits Right Panel,Yes 2500 Envelopes A2
Majestic,Silk,5.5 x 8.5,Horizontal,Rectangle,16PT C2S,No Coating,Silk,n/a,4/0,10000,Score in Half,Moon Slits Right Panel,Yes 2500 Envelopes A2
Majestic,Silk,4.25 x 11,Horizontal,Rectangle,16PT C2S,No Coating,Silk,n/a,4/0,10000,Score in Half,Moon Slits Right Panel,Yes 2500 Envelopes A2
Majestic,Silk,5.5 x 8.5,Vertical,Rectangle,16PT C2S,No Coating,Silk,n/a,4/0,10000,Score in Half,Moon Slits Right Panel,Yes 2500 Envelopes A2
Majestic,Silk,4.25 x 11,Horizontal,Rectangle,16PT C2S,No Coating,Silk,n/a,4/1,10000,Score in Half,Moon Slits Right Panel,Yes 2500 Envelopes A2
Majestic,Silk,4.25 x 11,Vertical,Rectangle,16PT C2S,No Coating,Silk,n/a,4/1,10000,Score in Half,Moon Slits Right Panel,Yes 2500 Envelopes A2
Majestic,Silk,4.25 x 11,Horizontal,Rectangle,16PT C2S,No Coating,Silk,n/a,4/4,10000,Score in Half,Moon Slits Right Panel,Yes 2500 Envelopes A2
Majestic,Silk,5.5 x 8.5,Vertical,Rectangle,16PT C2S,No Coating,Silk,n/a,4/1,10000,Score in Half,Moon Slits Right Panel,Yes 2500 Envelopes A2
Majestic,Silk,5.5 x 8.5,Horizontal,Rectangle,16PT C2S,No Coating,Silk,n/a,4/1,10000,Score in Half,Moon Slits Right Panel,Yes 2500 Envelopes A2
Majestic,Silk,5.5 x 8.5,Horizontal,Rectangle,16PT C2S,No Coating,Silk,n/a,4/4,10000,Score in Half,Moon Slits Right Panel,Yes 2500 Envelopes A2
Majestic,Silk,4.25 x 11,Vertical,Rectangle,16PT C2S,No Coating,Silk,n/a,4/4,10000,Score in Half,Moon Slits Right Panel,Yes 2500 Envelopes A2
Majestic,Silk,5.5 x 8.5,Horizontal,Rectangle,16PT C2S,No Coating,Silk,n/a,4/0,25,Score in Half,No Gift Cards Slits,Yes 2500 Envelopes A2
Majestic,Silk,4.25 x 11,Vertical,Rectangle,16PT C2S,No Coating,Silk,n/a,4/0,25,Score in Half,No Gift Cards Slits,Yes 2500 Envelopes A2
Majestic,Silk,4.25 x 11,Horizontal,Rectangle,16PT C2S,No Coating,Silk,n/a,4/0,25,Score in Half,No Gift Cards Slits,Yes 2500 Envelopes A2
Majestic,Silk,5.5 x 8.5,Vertical,Rectangle,16PT C2S,No Coating,Silk,n/a,4/4,10000,Score in Half,Moon Slits Right Panel,Yes 2500 Envelopes A2
Majestic,Silk,5.5 x 8.5,Vertical,Rectangle,16PT C2S,No Coating,Silk,n/a,4/0,25,Score in Half,No Gift Cards Slits,Yes 2500 Envelopes A2
Majestic,Silk,4.25 x 11,Horizontal,Rectangle,16PT C2S,No Coating,Silk,n/a,4/1,25,Score in Half,No Gift Cards Slits,Yes 2500 Envelopes A2
Majestic,Silk,5.5 x 8.5,Vertical,Rectangle,16PT C2S,No Coating,Silk,n/a,4/1,25,Score in Half,No Gift Cards Slits,Yes 2500 Envelopes A2
Majestic,Silk,4.25 x 11,Vertical,Rectangle,16PT C2S,No Coating,Silk,n/a,4/4,2500,Score in Half,Slide Slits Right Panel,Yes 1000 Envelopes A2
Majestic,Silk,5.5 x 8.5,Horizontal,Rectangle,16PT C2S,No Coating,Silk,n/a,4/1,25,Score in Half,No Gift Cards Slits,Yes 2500 Envelopes A2
Majestic,Silk,4.25 x 11,Vertical,Rectangle,16PT C2S,No Coating,Silk,n/a,4/1,25,Score in Half,No Gift Cards Slits,Yes 2500 Envelopes A2
Majestic,Silk,5.5 x 8.5,Horizontal,Rectangle,16PT C2S,No Coating,Silk,n/a,4/4,25,Score in Half,No Gift Cards Slits,Yes 2500 Envelopes A2
Majestic,Silk,5.5 x 8.5,Horizontal,Rectangle,16PT C2S,No Coating,Silk,n/a,4/0,50,Score in Half,No Gift Cards Slits,Yes 2500 Envelopes A2
Majestic,Silk,4.25 x 11,Vertical,Rectangle,16PT C2S,No Coating,Silk,n/a,4/4,25,Score in Half,No Gift Cards Slits,Yes 2500 Envelopes A2
Majestic,Silk,5.5 x 8.5,Vertical,Rectangle,16PT C2S,No Coating,Silk,n/a,4/4,25,Score in Half,No Gift Cards Slits,Yes 2500 Envelopes A2
Majestic,Silk,4.25 x 11,Horizontal,Rectangle,16PT C2S,No Coating,Silk,n/a,4/0,50,Score in Half,No Gift Cards Slits,Yes 2500 Envelopes A2
Majestic,Silk,4.25 x 11,Vertical,Rectangle,16PT C2S,No Coating,Silk,n/a,4/0,50,Score in Half,No Gift Cards Slits,Yes 2500 Envelopes A2
Majestic,Silk,5.5 x 8.5,Horizontal,Rectangle,16PT C2S,No Coating,Silk,n/a,4/1,50,Score in Half,No Gift Cards Slits,Yes 2500 Envelopes A2
Majestic,Silk,4.25 x 11,Horizontal,Rectangle,16PT C2S,No Coating,Silk,n/a,4/1,50,Score in Half,No Gift Cards Slits,Yes 2500 Envelopes A2
Majestic,Silk,5.5 x 8.5,Vertical,Rectangle,16PT C2S,No Coating,Silk,n/a,4/0,50,Score in Half,No Gift Cards Slits,Yes 2500 Envelopes A2
Majestic,Silk,4.25 x 11,Vertical,Rectangle,16PT C2S,No Coating,Silk,n/a,4/1,50,Score in Half,No Gift Cards Slits,Yes 2500 Envelopes A2
Majestic,Silk,5.5 x 8.5,Vertical,Rectangle,16PT C2S,No Coating,Silk,n/a,4/1,50,Score in Half,No Gift Cards Slits,Yes 2500 Envelopes A2
Majestic,Silk,5.5 x 8.5,Horizontal,Rectangle,16PT C2S,No Coating,Silk,n/a,4/4,50,Score in Half,No Gift Cards Slits,Yes 2500 Envelopes A2
Majestic,Silk,4.25 x 11,Vertical,Rectangle,16PT C2S,No Coating,Silk,n/a,4/4,50,Score in Half,No Gift Cards Slits,Yes 2500 Envelopes A2
Majestic,Silk,4.25 x 11,Horizontal,Rectangle,16PT C2S,No Coating,Silk,n/a,4/4,50,Score in Half,No Gift Cards Slits,Yes 2500 Envelopes A2
Majestic,Silk,5.5 x 8.5,Vertical,Rectangle,16PT C2S,No Coating,Silk,n/a,4/4,50,Score in Half,No Gift Cards Slits,Yes 2500 Envelopes A2
Majestic,Silk,4.25 x 11,Horizontal,Rectangle,16PT C2S,No Coating,Silk,n/a,4/0,75,Score in Half,No Gift Cards Slits,Yes 2500 Envelopes A2
Majestic,Silk,5.5 x 8.5,Horizontal,Rectangle,16PT C2S,No Coating,Silk,n/a,4/0,75,Score in Half,No Gift Cards Slits,Yes 2500 Envelopes A2
Majestic,Silk,5.5 x 8.5,Vertical,Rectangle,16PT C2S,No Coating,Silk,n/a,4/0,75,Score in Half,No Gift Cards Slits,Yes 2500 Envelopes A2
Majestic,Silk,4.25 x 11,Horizontal,Rectangle,16PT C2S,No Coating,Silk,n/a,4/1,75,Score in Half,No Gift Cards Slits,Yes 2500 Envelopes A2
Majestic,Silk,4.25 x 11,Vertical,Rectangle,16PT C2S,No Coating,Silk,n/a,4/0,75,Score in Half,No Gift Cards Slits,Yes 2500 Envelopes A2
Majestic,Silk,5.5 x 8.5,Horizontal,Rectangle,16PT C2S,No Coating,Silk,n/a,4/1,75,Score in Half,No Gift Cards Slits,Yes 2500 Envelopes A2
Majestic,Silk,5.5 x 8.5,Vertical,Rectangle,16PT C2S,No Coating,Silk,n/a,4/1,75,Score in Half,No Gift Cards Slits,Yes 2500 Envelopes A2
Majestic,Silk,4.25 x 11,Horizontal,Rectangle,16PT C2S,No Coating,Silk,n/a,4/4,75,Score in Half,No Gift Cards Slits,Yes 2500 Envelopes A2
Majestic,Silk,5.5 x 8.5,Horizontal,Rectangle,16PT C2S,No Coating,Silk,n/a,4/4,75,Score in Half,No Gift Cards Slits,Yes 2500 Envelopes A2
Majestic,Silk,4.25 x 11,Vertical,Rectangle,16PT C2S,No Coating,Silk,n/a,4/1,75,Score in Half,No Gift Cards Slits,Yes 2500 Envelopes A2
Majestic,Silk,4.25 x 11,Vertical,Rectangle,16PT C2S,No Coating,Silk,n/a,4/4,75,Score in Half,No Gift Cards Slits,Yes 2500 Envelopes A2
Majestic,Silk,5.5 x 8.5,Vertical,Rectangle,16PT C2S,No Coating,Silk,n/a,4/4,75,Score in Half,No Gift Cards Slits,Yes 2500 Envelopes A2
Majestic,Silk,4.25 x 11,Horizontal,Rectangle,16PT C2S,No Coating,Silk,n/a,4/0,100,Score in Half,No Gift Cards Slits,Yes 2500 Envelopes A2
Majestic,Silk,5.5 x 8.5,Horizontal,Rectangle,16PT C2S,No Coating,Silk,n/a,4/0,100,Score in Half,No Gift Cards Slits,Yes 2500 Envelopes A2
Majestic,Silk,4.25 x 11,Vertical,Rectangle,16PT C2S,No Coating,Silk,n/a,4/0,100,Score in Half,No Gift Cards Slits,Yes 2500 Envelopes A2
Majestic,Silk,4.25 x 11,Horizontal,Rectangle,16PT C2S,No Coating,Silk,n/a,4/1,100,Score in Half,No Gift Cards Slits,Yes 2500 Envelopes A2
Majestic,Silk,5.5 x 8.5,Vertical,Rectangle,16PT C2S,No Coating,Silk,n/a,4/0,100,Score in Half,No Gift Cards Slits,Yes 2500 Envelopes A2
Majestic,Silk,4.25 x 11,Vertical,Rectangle,16PT C2S,No Coating,Silk,n/a,4/1,100,Score in Half,No Gift Cards Slits,Yes 2500 Envelopes A2
Majestic,Silk,5.5 x 8.5,Horizontal,Rectangle,16PT C2S,No Coating,Silk,n/a,4/1,100,Score in Half,No Gift Cards Slits,Yes 2500 Envelopes A2
Majestic,Silk,5.5 x 8.5,Vertical,Rectangle,16PT C2S,No Coating,Silk,n/a,4/1,100,Score in Half,No Gift Cards Slits,Yes 2500 Envelopes A2
Majestic,Silk,4.25 x 11,Horizontal,Rectangle,16PT C2S,No Coating,Silk,n/a,4/4,100,Score in Half,No Gift Cards Slits,Yes 2500 Envelopes A2
Majestic,Silk,4.25 x 11,Horizontal,Rectangle,16PT C2S,No Coating,Silk,n/a,4/0,250,Score in Half,No Gift Cards Slits,Yes 2500 Envelopes A2
Majestic,Silk,5.5 x 8.5,Horizontal,Rectangle,16PT C2S,No Coating,Silk,n/a,4/4,100,Score in Half,No Gift Cards Slits,Yes 2500 Envelopes A2
Majestic,Silk,5.5 x 8.5,Vertical,Rectangle,16PT C2S,No Coating,Silk,n/a,4/4,100,Score in Half,No Gift Cards Slits,Yes 2500 Envelopes A2
Majestic,Silk,4.25 x 11,Vertical,Rectangle,16PT C2S,No Coating,Silk,n/a,4/4,100,Score in Half,No Gift Cards Slits,Yes 2500 Envelopes A2
Majestic,Silk,5.5 x 8.5,Horizontal,Rectangle,16PT C2S,No Coating,Silk,n/a,4/0,250,Score in Half,No Gift Cards Slits,Yes 2500 Envelopes A2
Majestic,Silk,4.25 x 11,Vertical,Rectangle,16PT C2S,No Coating,Silk,n/a,4/0,250,Score in Half,No Gift Cards Slits,Yes 2500 Envelopes A2
Majestic,Silk,5.5 x 8.5,Vertical,Rectangle,16PT C2S,No Coating,Silk,n/a,4/0,250,Score in Half,No Gift Cards Slits,Yes 2500 Envelopes A2
Majestic,Silk,4.25 x 11,Horizontal,Rectangle,16PT C2S,No Coating,Silk,n/a,4/1,250,Score in Half,No Gift Cards Slits,Yes 2500 Envelopes A2
Majestic,Silk,5.5 x 8.5,Horizontal,Rectangle,16PT C2S,No Coating,Silk,n/a,4/1,250,Score in Half,No Gift Cards Slits,Yes 2500 Envelopes A2
Majestic,Silk,4.25 x 11,Horizontal,Rectangle,16PT C2S,No Coating,Silk,n/a,4/4,250,Score in Half,No Gift Cards Slits,Yes 2500 Envelopes A2
Majestic,Silk,5.5 x 8.5,Vertical,Rectangle,16PT C2S,No Coating,Silk,n/a,4/1,250,Score in Half,No Gift Cards Slits,Yes 2500 Envelopes A2
Majestic,Silk,5.5 x 8.5,Horizontal,Rectangle,16PT C2S,No Coating,Silk,n/a,4/4,250,Score in Half,No Gift Cards Slits,Yes 2500 Envelopes A2
Majestic,Silk,4.25 x 11,Vertical,Rectangle,16PT C2S,No Coating,Silk,n/a,4/1,250,Score in Half,No Gift Cards Slits,Yes 2500 Envelopes A2
Majestic,Silk,4.25 x 11,Vertical,Rectangle,16PT C2S,No Coating,Silk,n/a,4/4,250,Score in Half,No Gift Cards Slits,Yes 2500 Envelopes A2
Majestic,Silk,5.5 x 8.5,Vertical,Rectangle,16PT C2S,No Coating,Silk,n/a,4/4,250,Score in Half,No Gift Cards Slits,Yes 2500 Envelopes A2
Majestic,Silk,4.25 x 11,Vertical,Rectangle,16PT C2S,No Coating,Silk,n/a,4/0,500,Score in Half,No Gift Cards Slits,Yes 2500 Envelopes A2
Majestic,Silk,5.5 x 8.5,Horizontal,Rectangle,16PT C2S,No Coating,Silk,n/a,4/0,500,Score in Half,No Gift Cards Slits,Yes 2500 Envelopes A2
Majestic,Silk,5.5 x 8.5,Vertical,Rectangle,16PT C2S,No Coating,Silk,n/a,4/0,500,Score in Half,No Gift Cards Slits,Yes 2500 Envelopes A2
Majestic,Silk,4.25 x 11,Horizontal,Rectangle,16PT C2S,No Coating,Silk,n/a,4/0,500,Score in Half,No Gift Cards Slits,Yes 2500 Envelopes A2
Majestic,Silk,4.25 x 11,Horizontal,Rectangle,16PT C2S,No Coating,Silk,n/a,4/1,500,Score in Half,No Gift Cards Slits,Yes 2500 Envelopes A2
Majestic,Silk,5.5 x 8.5,Horizontal,Rectangle,16PT C2S,No Coating,Silk,n/a,4/1,500,Score in Half,No Gift Cards Slits,Yes 2500 Envelopes A2
Majestic,Silk,4.25 x 11,Vertical,Rectangle,16PT C2S,No Coating,Silk,n/a,4/1,500,Score in Half,No Gift Cards Slits,Yes 2500 Envelopes A2
Majestic,Silk,5.5 x 8.5,Vertical,Rectangle,16PT C2S,No Coating,Silk,n/a,4/1,500,Score in Half,No Gift Cards Slits,Yes 2500 Envelopes A2
Majestic,Silk,4.25 x 11,Horizontal,Rectangle,16PT C2S,No Coating,Silk,n/a,4/4,500,Score in Half,No Gift Cards Slits,Yes 2500 Envelopes A2
Majestic,Silk,5.5 x 8.5,Horizontal,Rectangle,16PT C2S,No Coating,Silk,n/a,4/4,500,Score in Half,No Gift Cards Slits,Yes 2500 Envelopes A2
Majestic,Silk,4.25 x 11,Horizontal,Rectangle,16PT C2S,No Coating,Silk,n/a,4/0,1000,Score in Half,No Gift Cards Slits,Yes 2500 Envelopes A2
Majestic,Silk,5.5 x 8.5,Horizontal,Rectangle,16PT C2S,No Coating,Silk,n/a,4/0,1000,Score in Half,No Gift Cards Slits,Yes 2500 Envelopes A2
Majestic,Silk,4.25 x 11,Vertical,Rectangle,16PT C2S,No Coating,Silk,n/a,4/4,500,Score in Half,No Gift Cards Slits,Yes 2500 Envelopes A2
Majestic,Silk,5.5 x 8.5,Vertical,Rectangle,16PT C2S,No Coating,Silk,n/a,4/4,500,Score in Half,No Gift Cards Slits,Yes 2500 Envelopes A2
Majestic,Silk,4.25 x 11,Vertical,Rectangle,16PT C2S,No Coating,Silk,n/a,4/0,1000,Score in Half,No Gift Cards Slits,Yes 2500 Envelopes A2
Majestic,Silk,5.5 x 8.5,Vertical,Rectangle,16PT C2S,No Coating,Silk,n/a,4/0,1000,Score in Half,No Gift Cards Slits,Yes 2500 Envelopes A2
Majestic,Silk,4.25 x 11,Horizontal,Rectangle,16PT C2S,No Coating,Silk,n/a,4/1,1000,Score in Half,No Gift Cards Slits,Yes 2500 Envelopes A2
Majestic,Silk,4.25 x 11,Vertical,Rectangle,16PT C2S,No Coating,Silk,n/a,4/1,1000,Score in Half,No Gift Cards Slits,Yes 2500 Envelopes A2
Majestic,Silk,5.5 x 8.5,Vertical,Rectangle,16PT C2S,No Coating,Silk,n/a,4/1,1000,Score in Half,No Gift Cards Slits,Yes 2500 Envelopes A2
Majestic,Silk,5.5 x 8.5,Horizontal,Rectangle,16PT C2S,No Coating,Silk,n/a,4/1,1000,Score in Half,No Gift Cards Slits,Yes 2500 Envelopes A2
Majestic,Silk,4.25 x 11,Vertical,Rectangle,16PT C2S,No Coating,Silk,n/a,4/4,1000,Score in Half,No Gift Cards Slits,Yes 2500 Envelopes A2
Majestic,Silk,5.5 x 8.5,Horizontal,Rectangle,16PT C2S,No Coating,Silk,n/a,4/4,1000,Score in Half,No Gift Cards Slits,Yes 2500 Envelopes A2
Majestic,Silk,4.25 x 11,Horizontal,Rectangle,16PT C2S,No Coating,Silk,n/a,4/4,1000,Score in Half,No Gift Cards Slits,Yes 2500 Envelopes A2
Majestic,Silk,5.5 x 8.5,Vertical,Rectangle,16PT C2S,No Coating,Silk,n/a,4/4,1000,Score in Half,No Gift Cards Slits,Yes 2500 Envelopes A2
Majestic,Silk,4.25 x 11,Horizontal,Rectangle,16PT C2S,No Coating,Silk,n/a,4/0,2500,Score in Half,No Gift Cards Slits,Yes 2500 Envelopes A2
Majestic,Silk,5.5 x 8.5,Horizontal,Rectangle,16PT C2S,No Coating,Silk,n/a,4/0,2500,Score in Half,No Gift Cards Slits,Yes 2500 Envelopes A2
Majestic,Silk,4.25 x 11,Vertical,Rectangle,16PT C2S,No Coating,Silk,n/a,4/0,2500,Score in Half,No Gift Cards Slits,Yes 2500 Envelopes A2
Majestic,Silk,5.5 x 8.5,Vertical,Rectangle,16PT C2S,No Coating,Silk,n/a,4/0,2500,Score in Half,No Gift Cards Slits,Yes 2500 Envelopes A2
Majestic,Silk,5.5 x 8.5,Horizontal,Rectangle,16PT C2S,No Coating,Silk,n/a,4/1,2500,Score in Half,No Gift Cards Slits,Yes 2500 Envelopes A2
Majestic,Silk,4.25 x 11,Horizontal,Rectangle,16PT C2S,No Coating,Silk,n/a,4/1,2500,Score in Half,No Gift Cards Slits,Yes 2500 Envelopes A2
Majestic,Silk,4.25 x 11,Horizontal,Rectangle,16PT C2S,No Coating,Silk,n/a,4/4,2500,Score in Half,No Gift Cards Slits,Yes 2500 Envelopes A2
Majestic,Silk,5.5 x 8.5,Horizontal,Rectangle,16PT C2S,No Coating,Silk,n/a,4/4,2500,Score in Half,No Gift Cards Slits,Yes 2500 Envelopes A2
Majestic,Silk,4.25 x 11,Vertical,Rectangle,16PT C2S,No Coating,Silk,n/a,4/1,2500,Score in Half,No Gift Cards Slits,Yes 2500 Envelopes A2
Majestic,Silk,5.5 x 8.5,Vertical,Rectangle,16PT C2S,No Coating,Silk,n/a,4/1,2500,Score in Half,No Gift Cards Slits,Yes 2500 Envelopes A2
Majestic,Silk,4.25 x 11,Vertical,Rectangle,16PT C2S,No Coating,Silk,n/a,4/4,2500,Score in Half,No Gift Cards Slits,Yes 2500 Envelopes A2
Majestic,Silk,5.5 x 8.5,Vertical,Rectangle,16PT C2S,No Coating,Silk,n/a,4/4,2500,Score in Half,No Gift Cards Slits,Yes 2500 Envelopes A2
Majestic,Silk,4.25 x 11,Vertical,Rectangle,16PT C2S,No Coating,Silk,n/a,4/0,5000,Score in Half,No Gift Cards Slits,Yes 2500 Envelopes A2
Majestic,Silk,4.25 x 11,Horizontal,Rectangle,16PT C2S,No Coating,Silk,n/a,4/0,5000,Score in Half,No Gift Cards Slits,Yes 2500 Envelopes A2
Majestic,Silk,5.5 x 8.5,Vertical,Rectangle,16PT C2S,No Coating,Silk,n/a,4/0,5000,Score in Half,No Gift Cards Slits,Yes 2500 Envelopes A2
Majestic,Silk,5.5 x 8.5,Horizontal,Rectangle,16PT C2S,No Coating,Silk,n/a,4/0,5000,Score in Half,No Gift Cards Slits,Yes 2500 Envelopes A2
Majestic,Silk,4.25 x 11,Horizontal,Rectangle,16PT C2S,No Coating,Silk,n/a,4/1,5000,Score in Half,No Gift Cards Slits,Yes 2500 Envelopes A2
Majestic,Silk,4.25 x 11,Vertical,Rectangle,16PT C2S,No Coating,Silk,n/a,4/1,5000,Score in Half,No Gift Cards Slits,Yes 2500 Envelopes A2
Majestic,Silk,5.5 x 8.5,Vertical,Rectangle,16PT C2S,No Coating,Silk,n/a,4/1,5000,Score in Half,No Gift Cards Slits,Yes 2500 Envelopes A2
Majestic,Silk,5.5 x 8.5,Horizontal,Rectangle,16PT C2S,No Coating,Silk,n/a,4/1,5000,Score in Half,No Gift Cards Slits,Yes 2500 Envelopes A2
Majestic,Silk,4.25 x 11,Horizontal,Rectangle,16PT C2S,No Coating,Silk,n/a,4/4,5000,Score in Half,No Gift Cards Slits,Yes 2500 Envelopes A2
Majestic,Silk,5.5 x 8.5,Horizontal,Rectangle,16PT C2S,No Coating,Silk,n/a,4/4,5000,Score in Half,No Gift Cards Slits,Yes 2500 Envelopes A2
Majestic,Silk,5.5 x 8.5,Vertical,Rectangle,16PT C2S,No Coating,Silk,n/a,4/4,5000,Score in Half,No Gift Cards Slits,Yes 2500 Envelopes A2
Majestic,Silk,5.5 x 8.5,Horizontal,Rectangle,16PT C2S,No Coating,Silk,n/a,4/0,10000,Score in Half,No Gift Cards Slits,Yes 2500 Envelopes A2
Majestic,Silk,4.25 x 11,Horizontal,Rectangle,16PT C2S,No Coating,Silk,n/a,4/0,10000,Score in Half,No Gift Cards Slits,Yes 2500 Envelopes A2
Majestic,Silk,4.25 x 11,Vertical,Rectangle,16PT C2S,No Coating,Silk,n/a,4/4,5000,Score in Half,No Gift Cards Slits,Yes 2500 Envelopes A2
Majestic,Silk,4.25 x 11,Vertical,Rectangle,16PT C2S,No Coating,Silk,n/a,4/0,10000,Score in Half,No Gift Cards Slits,Yes 2500 Envelopes A2
Majestic,Silk,5.5 x 8.5,Vertical,Rectangle,16PT C2S,No Coating,Silk,n/a,4/0,10000,Score in Half,No Gift Cards Slits,Yes 2500 Envelopes A2
Majestic,Silk,4.25 x 11,Vertical,Rectangle,16PT C2S,No Coating,Silk,n/a,4/1,10000,Score in Half,No Gift Cards Slits,Yes 2500 Envelopes A2
Majestic,Silk,5.5 x 8.5,Vertical,Rectangle,16PT C2S,No Coating,Silk,n/a,4/1,10000,Score in Half,No Gift Cards Slits,Yes 2500 Envelopes A2
Majestic,Silk,5.5 x 8.5,Horizontal,Rectangle,16PT C2S,No Coating,Silk,n/a,4/1,10000,Score in Half,No Gift Cards Slits,Yes 2500 Envelopes A2
Majestic,Silk,4.25 x 11,Horizontal,Rectangle,16PT C2S,No Coating,Silk,n/a,4/1,10000,Score in Half,No Gift Cards Slits,Yes 2500 Envelopes A2
Majestic,Silk,4.25 x 11,Horizontal,Rectangle,16PT C2S,No Coating,Silk,n/a,4/4,10000,Score in Half,No Gift Cards Slits,Yes 2500 Envelopes A2
Majestic,Silk,5.5 x 8.5,Horizontal,Rectangle,16PT C2S,No Coating,Silk,n/a,4/4,10000,Score in Half,No Gift Cards Slits,Yes 2500 Envelopes A2
Majestic,Silk,4.25 x 11,Horizontal,Rectangle,16PT C2S,No Coating,Silk,n/a,4/0,25,Score in Half,Slide Slits Bottom Panel,Yes 2500 Envelopes A2
Majestic,Silk,4.25 x 11,Vertical,Rectangle,16PT C2S,No Coating,Silk,n/a,4/4,10000,Score in Half,No Gift Cards Slits,Yes 2500 Envelopes A2
Majestic,Silk,5.5 x 8.5,Horizontal,Rectangle,16PT C2S,No Coating,Silk,n/a,4/0,25,Score in Half,Slide Slits Bottom Panel,Yes 2500 Envelopes A2
Majestic,Silk,5.5 x 8.5,Vertical,Rectangle,16PT C2S,No Coating,Silk,n/a,4/4,10000,Score in Half,No Gift Cards Slits,Yes 2500 Envelopes A2
Majestic,Silk,4.25 x 11,Vertical,Rectangle,16PT C2S,No Coating,Silk,n/a,4/0,25,Score in Half,Slide Slits Bottom Panel,Yes 2500 Envelopes A2
Majestic,Silk,5.5 x 8.5,Vertical,Rectangle,16PT C2S,No Coating,Silk,n/a,4/0,25,Score in Half,Slide Slits Bottom Panel,Yes 2500 Envelopes A2
Majestic,Silk,4.25 x 11,Horizontal,Rectangle,16PT C2S,No Coating,Silk,n/a,4/1,25,Score in Half,Slide Slits Bottom Panel,Yes 2500 Envelopes A2
Majestic,Silk,5.5 x 8.5,Horizontal,Rectangle,16PT C2S,No Coating,Silk,n/a,4/1,25,Score in Half,Slide Slits Bottom Panel,Yes 2500 Envelopes A2
Majestic,Silk,5.5 x 8.5,Vertical,Rectangle,16PT C2S,No Coating,Silk,n/a,4/1,25,Score in Half,Slide Slits Bottom Panel,Yes 2500 Envelopes A2
Majestic,Silk,4.25 x 11,Vertical,Rectangle,16PT C2S,No Coating,Silk,n/a,4/1,25,Score in Half,Slide Slits Bottom Panel,Yes 2500 Envelopes A2
Majestic,Silk,5.5 x 8.5,Horizontal,Rectangle,16PT C2S,No Coating,Silk,n/a,4/4,25,Score in Half,Slide Slits Bottom Panel,Yes 2500 Envelopes A2
Majestic,Silk,5.5 x 8.5,Vertical,Rectangle,16PT C2S,No Coating,Silk,n/a,4/4,25,Score in Half,Slide Slits Bottom Panel,Yes 2500 Envelopes A2
Majestic,Silk,4.25 x 11,Vertical,Rectangle,16PT C2S,No Coating,Silk,n/a,4/4,25,Score in Half,Slide Slits Bottom Panel,Yes 2500 Envelopes A2
Majestic,Silk,4.25 x 11,Horizontal,Rectangle,16PT C2S,No Coating,Silk,n/a,4/0,50,Score in Half,Slide Slits Bottom Panel,Yes 2500 Envelopes A2
Majestic,Silk,5.5 x 8.5,Horizontal,Rectangle,16PT C2S,No Coating,Silk,n/a,4/0,50,Score in Half,Slide Slits Bottom Panel,Yes 2500 Envelopes A2
Majestic,Silk,4.25 x 11,Vertical,Rectangle,16PT C2S,No Coating,Silk,n/a,4/0,50,Score in Half,Slide Slits Bottom Panel,Yes 2500 Envelopes A2
Majestic,Silk,5.5 x 8.5,Vertical,Rectangle,16PT C2S,No Coating,Silk,n/a,4/0,50,Score in Half,Slide Slits Bottom Panel,Yes 2500 Envelopes A2
Majestic,Silk,4.25 x 11,Horizontal,Rectangle,16PT C2S,No Coating,Silk,n/a,4/4,25,Score in Half,Slide Slits Bottom Panel,Yes 2500 Envelopes A2
Majestic,Silk,4.25 x 11,Horizontal,Rectangle,16PT C2S,No Coating,Silk,n/a,4/1,50,Score in Half,Slide Slits Bottom Panel,Yes 2500 Envelopes A2
Majestic,Silk,5.5 x 8.5,Horizontal,Rectangle,16PT C2S,No Coating,Silk,n/a,4/1,50,Score in Half,Slide Slits Bottom Panel,Yes 2500 Envelopes A2
Majestic,Silk,4.25 x 11,Vertical,Rectangle,16PT C2S,No Coating,Silk,n/a,4/1,50,Score in Half,Slide Slits Bottom Panel,Yes 2500 Envelopes A2
Majestic,Silk,5.5 x 8.5,Vertical,Rectangle,16PT C2S,No Coating,Silk,n/a,4/1,50,Score in Half,Slide Slits Bottom Panel,Yes 2500 Envelopes A2
Majestic,Silk,4.25 x 11,Horizontal,Rectangle,16PT C2S,No Coating,Silk,n/a,4/4,50,Score in Half,Slide Slits Bottom Panel,Yes 2500 Envelopes A2
Majestic,Silk,5.5 x 8.5,Horizontal,Rectangle,16PT C2S,No Coating,Silk,n/a,4/4,50,Score in Half,Slide Slits Bottom Panel,Yes 2500 Envelopes A2
Majestic,Silk,4.25 x 11,Vertical,Rectangle,16PT C2S,No Coating,Silk,n/a,4/4,50,Score in Half,Slide Slits Bottom Panel,Yes 2500 Envelopes A2
Majestic,Silk,5.5 x 8.5,Vertical,Rectangle,16PT C2S,No Coating,Silk,n/a,4/4,50,Score in Half,Slide Slits Bottom Panel,Yes 2500 Envelopes A2
Majestic,Silk,4.25 x 11,Horizontal,Rectangle,16PT C2S,No Coating,Silk,n/a,4/0,75,Score in Half,Slide Slits Bottom Panel,Yes 2500 Envelopes A2
Majestic,Silk,5.5 x 8.5,Horizontal,Rectangle,16PT C2S,No Coating,Silk,n/a,4/0,75,Score in Half,Slide Slits Bottom Panel,Yes 2500 Envelopes A2
Majestic,Silk,4.25 x 11,Vertical,Rectangle,16PT C2S,No Coating,Silk,n/a,4/0,75,Score in Half,Slide Slits Bottom Panel,Yes 2500 Envelopes A2
Majestic,Silk,5.5 x 8.5,Vertical,Rectangle,16PT C2S,No Coating,Silk,n/a,4/0,75,Score in Half,Slide Slits Bottom Panel,Yes 2500 Envelopes A2
Majestic,Silk,4.25 x 11,Horizontal,Rectangle,16PT C2S,No Coating,Silk,n/a,4/1,75,Score in Half,Slide Slits Bottom Panel,Yes 2500 Envelopes A2
Majestic,Silk,4.25 x 11,Vertical,Rectangle,16PT C2S,No Coating,Silk,n/a,4/1,75,Score in Half,Slide Slits Bottom Panel,Yes 2500 Envelopes A2
Majestic,Silk,5.5 x 8.5,Horizontal,Rectangle,16PT C2S,No Coating,Silk,n/a,4/1,75,Score in Half,Slide Slits Bottom Panel,Yes 2500 Envelopes A2
Majestic,Silk,4.25 x 11,Horizontal,Rectangle,16PT C2S,No Coating,Silk,n/a,4/4,75,Score in Half,Slide Slits Bottom Panel,Yes 2500 Envelopes A2
Majestic,Silk,5.5 x 8.5,Vertical,Rectangle,16PT C2S,No Coating,Silk,n/a,4/1,75,Score in Half,Slide Slits Bottom Panel,Yes 2500 Envelopes A2
Majestic,Silk,5.5 x 8.5,Horizontal,Rectangle,16PT C2S,No Coating,Silk,n/a,4/4,75,Score in Half,Slide Slits Bottom Panel,Yes 2500 Envelopes A2
Majestic,Silk,5.5 x 8.5,Vertical,Rectangle,16PT C2S,No Coating,Silk,n/a,4/4,75,Score in Half,Slide Slits Bottom Panel,Yes 2500 Envelopes A2
Majestic,Silk,4.25 x 11,Horizontal,Rectangle,16PT C2S,No Coating,Silk,n/a,4/0,100,Score in Half,Slide Slits Bottom Panel,Yes 2500 Envelopes A2
Majestic,Silk,5.5 x 8.5,Horizontal,Rectangle,16PT C2S,No Coating,Silk,n/a,4/0,100,Score in Half,Slide Slits Bottom Panel,Yes 2500 Envelopes A2
Majestic,Silk,4.25 x 11,Vertical,Rectangle,16PT C2S,No Coating,Silk,n/a,4/4,75,Score in Half,Slide Slits Bottom Panel,Yes 2500 Envelopes A2
Majestic,Silk,4.25 x 11,Vertical,Rectangle,16PT C2S,No Coating,Silk,n/a,4/0,100,Score in Half,Slide Slits Bottom Panel,Yes 2500 Envelopes A2
Majestic,Silk,5.5 x 8.5,Vertical,Rectangle,16PT C2S,No Coating,Silk,n/a,4/0,100,Score in Half,Slide Slits Bottom Panel,Yes 2500 Envelopes A2
Majestic,Silk,4.25 x 11,Horizontal,Rectangle,16PT C2S,No Coating,Silk,n/a,4/1,100,Score in Half,Slide Slits Bottom Panel,Yes 2500 Envelopes A2
Majestic,Silk,5.5 x 8.5,Horizontal,Rectangle,16PT C2S,No Coating,Silk,n/a,4/1,100,Score in Half,Slide Slits Bottom Panel,Yes 2500 Envelopes A2
Majestic,Silk,4.25 x 11,Vertical,Rectangle,16PT C2S,No Coating,Silk,n/a,4/1,100,Score in Half,Slide Slits Bottom Panel,Yes 2500 Envelopes A2
Majestic,Silk,5.5 x 8.5,Vertical,Rectangle,16PT C2S,No Coating,Silk,n/a,4/1,100,Score in Half,Slide Slits Bottom Panel,Yes 2500 Envelopes A2
Majestic,Silk,4.25 x 11,Horizontal,Rectangle,16PT C2S,No Coating,Silk,n/a,4/4,100,Score in Half,Slide Slits Bottom Panel,Yes 2500 Envelopes A2
Majestic,Silk,4.25 x 11,Vertical,Rectangle,16PT C2S,No Coating,Silk,n/a,4/4,100,Score in Half,Slide Slits Bottom Panel,Yes 2500 Envelopes A2
Majestic,Silk,5.5 x 8.5,Vertical,Rectangle,16PT C2S,No Coating,Silk,n/a,4/4,100,Score in Half,Slide Slits Bottom Panel,Yes 2500 Envelopes A2
Majestic,Silk,4.25 x 11,Horizontal,Rectangle,16PT C2S,No Coating,Silk,n/a,4/0,250,Score in Half,Slide Slits Bottom Panel,Yes 2500 Envelopes A2
Majestic,Silk,5.5 x 8.5,Horizontal,Rectangle,16PT C2S,No Coating,Silk,n/a,4/4,100,Score in Half,Slide Slits Bottom Panel,Yes 2500 Envelopes A2
Majestic,Silk,5.5 x 8.5,Horizontal,Rectangle,16PT C2S,No Coating,Silk,n/a,4/0,250,Score in Half,Slide Slits Bottom Panel,Yes 2500 Envelopes A2
Majestic,Silk,4.25 x 11,Vertical,Rectangle,16PT C2S,No Coating,Silk,n/a,4/0,250,Score in Half,Slide Slits Bottom Panel,Yes 2500 Envelopes A2
Majestic,Silk,5.5 x 8.5,Vertical,Rectangle,16PT C2S,No Coating,Silk,n/a,4/0,250,Score in Half,Slide Slits Bottom Panel,Yes 2500 Envelopes A2
Majestic,Silk,4.25 x 11,Horizontal,Rectangle,16PT C2S,No Coating,Silk,n/a,4/1,250,Score in Half,Slide Slits Bottom Panel,Yes 2500 Envelopes A2
Majestic,Silk,5.5 x 8.5,Horizontal,Rectangle,16PT C2S,No Coating,Silk,n/a,4/1,250,Score in Half,Slide Slits Bottom Panel,Yes 2500 Envelopes A2
Majestic,Silk,4.25 x 11,Vertical,Rectangle,16PT C2S,No Coating,Silk,n/a,4/1,250,Score in Half,Slide Slits Bottom Panel,Yes 2500 Envelopes A2
Majestic,Silk,5.5 x 8.5,Vertical,Rectangle,16PT C2S,No Coating,Silk,n/a,4/1,250,Score in Half,Slide Slits Bottom Panel,Yes 2500 Envelopes A2
Majestic,Silk,4.25 x 11,Horizontal,Rectangle,16PT C2S,No Coating,Silk,n/a,4/4,250,Score in Half,Slide Slits Bottom Panel,Yes 2500 Envelopes A2
Majestic,Silk,5.5 x 8.5,Horizontal,Rectangle,16PT C2S,No Coating,Silk,n/a,4/4,250,Score in Half,Slide Slits Bottom Panel,Yes 2500 Envelopes A2
Majestic,Silk,4.25 x 11,Vertical,Rectangle,16PT C2S,No Coating,Silk,n/a,4/4,250,Score in Half,Slide Slits Bottom Panel,Yes 2500 Envelopes A2
Majestic,Silk,5.5 x 8.5,Vertical,Rectangle,16PT C2S,No Coating,Silk,n/a,4/4,250,Score in Half,Slide Slits Bottom Panel,Yes 2500 Envelopes A2
Majestic,Silk,4.25 x 11,Horizontal,Rectangle,16PT C2S,No Coating,Silk,n/a,4/0,500,Score in Half,Slide Slits Bottom Panel,Yes 2500 Envelopes A2
Majestic,Silk,5.5 x 8.5,Horizontal,Rectangle,16PT C2S,No Coating,Silk,n/a,4/0,500,Score in Half,Slide Slits Bottom Panel,Yes 2500 Envelopes A2
Majestic,Silk,4.25 x 11,Vertical,Rectangle,16PT C2S,No Coating,Silk,n/a,4/0,500,Score in Half,Slide Slits Bottom Panel,Yes 2500 Envelopes A2
Majestic,Silk,5.5 x 8.5,Vertical,Rectangle,16PT C2S,No Coating,Silk,n/a,4/0,500,Score in Half,Slide Slits Bottom Panel,Yes 2500 Envelopes A2
Majestic,Silk,4.25 x 11,Horizontal,Rectangle,16PT C2S,No Coating,Silk,n/a,4/1,500,Score in Half,Slide Slits Bottom Panel,Yes 2500 Envelopes A2
Majestic,Silk,5.5 x 8.5,Horizontal,Rectangle,16PT C2S,No Coating,Silk,n/a,4/1,500,Score in Half,Slide Slits Bottom Panel,Yes 2500 Envelopes A2
Majestic,Silk,4.25 x 11,Vertical,Rectangle,16PT C2S,No Coating,Silk,n/a,4/1,500,Score in Half,Slide Slits Bottom Panel,Yes 2500 Envelopes A2
Majestic,Silk,5.5 x 8.5,Vertical,Rectangle,16PT C2S,No Coating,Silk,n/a,4/1,500,Score in Half,Slide Slits Bottom Panel,Yes 2500 Envelopes A2
Majestic,Silk,4.25 x 11,Horizontal,Rectangle,16PT C2S,No Coating,Silk,n/a,4/4,500,Score in Half,Slide Slits Bottom Panel,Yes 2500 Envelopes A2
Majestic,Silk,5.5 x 8.5,Horizontal,Rectangle,16PT C2S,No Coating,Silk,n/a,4/4,500,Score in Half,Slide Slits Bottom Panel,Yes 2500 Envelopes A2
Majestic,Silk,4.25 x 11,Vertical,Rectangle,16PT C2S,No Coating,Silk,n/a,4/4,500,Score in Half,Slide Slits Bottom Panel,Yes 2500 Envelopes A2
Majestic,Silk,5.5 x 8.5,Vertical,Rectangle,16PT C2S,No Coating,Silk,n/a,4/4,500,Score in Half,Slide Slits Bottom Panel,Yes 2500 Envelopes A2
Majestic,Silk,4.25 x 11,Horizontal,Rectangle,16PT C2S,No Coating,Silk,n/a,4/0,1000,Score in Half,Slide Slits Bottom Panel,Yes 2500 Envelopes A2
Majestic,Silk,5.5 x 8.5,Horizontal,Rectangle,16PT C2S,No Coating,Silk,n/a,4/0,1000,Score in Half,Slide Slits Bottom Panel,Yes 2500 Envelopes A2
Majestic,Silk,4.25 x 11,Vertical,Rectangle,16PT C2S,No Coating,Silk,n/a,4/0,1000,Score in Half,Slide Slits Bottom Panel,Yes 2500 Envelopes A2
Majestic,Silk,5.5 x 8.5,Vertical,Rectangle,16PT C2S,No Coating,Silk,n/a,4/0,1000,Score in Half,Slide Slits Bottom Panel,Yes 2500 Envelopes A2
Majestic,Silk,4.25 x 11,Horizontal,Rectangle,16PT C2S,No Coating,Silk,n/a,4/1,1000,Score in Half,Slide Slits Bottom Panel,Yes 2500 Envelopes A2
Majestic,Silk,5.5 x 8.5,Horizontal,Rectangle,16PT C2S,No Coating,Silk,n/a,4/1,1000,Score in Half,Slide Slits Bottom Panel,Yes 2500 Envelopes A2
Majestic,Silk,4.25 x 11,Vertical,Rectangle,16PT C2S,No Coating,Silk,n/a,4/1,1000,Score in Half,Slide Slits Bottom Panel,Yes 2500 Envelopes A2
Majestic,Silk,5.5 x 8.5,Vertical,Rectangle,16PT C2S,No Coating,Silk,n/a,4/1,1000,Score in Half,Slide Slits Bottom Panel,Yes 2500 Envelopes A2
Majestic,Silk,4.25 x 11,Horizontal,Rectangle,16PT C2S,No Coating,Silk,n/a,4/4,1000,Score in Half,Slide Slits Bottom Panel,Yes 2500 Envelopes A2
Majestic,Silk,5.5 x 8.5,Horizontal,Rectangle,16PT C2S,No Coating,Silk,n/a,4/4,1000,Score in Half,Slide Slits Bottom Panel,Yes 2500 Envelopes A2
Majestic,Silk,4.25 x 11,Vertical,Rectangle,16PT C2S,No Coating,Silk,n/a,4/4,1000,Score in Half,Slide Slits Bottom Panel,Yes 2500 Envelopes A2
Majestic,Silk,5.5 x 8.5,Vertical,Rectangle,16PT C2S,No Coating,Silk,n/a,4/4,1000,Score in Half,Slide Slits Bottom Panel,Yes 2500 Envelopes A2
Majestic,Silk,4.25 x 11,Horizontal,Rectangle,16PT C2S,No Coating,Silk,n/a,4/0,2500,Score in Half,Slide Slits Bottom Panel,Yes 2500 Envelopes A2
Majestic,Silk,5.5 x 8.5,Horizontal,Rectangle,16PT C2S,No Coating,Silk,n/a,4/0,2500,Score in Half,Slide Slits Bottom Panel,Yes 2500 Envelopes A2
Majestic,Silk,4.25 x 11,Vertical,Rectangle,16PT C2S,No Coating,Silk,n/a,4/0,2500,Score in Half,Slide Slits Bottom Panel,Yes 2500 Envelopes A2
Majestic,Silk,5.5 x 8.5,Vertical,Rectangle,16PT C2S,No Coating,Silk,n/a,4/0,2500,Score in Half,Slide Slits Bottom Panel,Yes 2500 Envelopes A2
Majestic,Silk,4.25 x 11,Horizontal,Rectangle,16PT C2S,No Coating,Silk,n/a,4/1,2500,Score in Half,Slide Slits Bottom Panel,Yes 2500 Envelopes A2
Majestic,Silk,5.5 x 8.5,Horizontal,Rectangle,16PT C2S,No Coating,Silk,n/a,4/1,2500,Score in Half,Slide Slits Bottom Panel,Yes 2500 Envelopes A2
Majestic,Silk,4.25 x 11,Horizontal,Rectangle,16PT C2S,No Coating,Silk,n/a,4/0,5000,Score in Half,Moon Slits Right Panel,Yes 2500 Envelopes A2
Majestic,Silk,5.5 x 8.5,Vertical,Rectangle,16PT C2S,No Coating,Silk,n/a,4/1,2500,Score in Half,Slide Slits Bottom Panel,Yes 2500 Envelopes A2
Majestic,Silk,4.25 x 11,Horizontal,Rectangle,16PT C2S,No Coating,Silk,n/a,4/4,2500,Score in Half,Slide Slits Bottom Panel,Yes 2500 Envelopes A2
Majestic,Silk,5.5 x 8.5,Vertical,Rectangle,16PT C2S,No Coating,Silk,n/a,4/4,2500,Score in Half,Slide Slits Bottom Panel,Yes 2500 Envelopes A2
Majestic,Silk,5.5 x 8.5,Horizontal,Rectangle,16PT C2S,No Coating,Silk,n/a,4/4,2500,Score in Half,Slide Slits Bottom Panel,Yes 2500 Envelopes A2
Majestic,Silk,4.25 x 11,Vertical,Rectangle,16PT C2S,No Coating,Silk,n/a,4/4,2500,Score in Half,Slide Slits Bottom Panel,Yes 2500 Envelopes A2
Majestic,Silk,4.25 x 11,Horizontal,Rectangle,16PT C2S,No Coating,Silk,n/a,4/0,5000,Score in Half,Slide Slits Bottom Panel,Yes 2500 Envelopes A2
Majestic,Silk,5.5 x 8.5,Horizontal,Rectangle,16PT C2S,No Coating,Silk,n/a,4/0,5000,Score in Half,Slide Slits Bottom Panel,Yes 2500 Envelopes A2
Majestic,Silk,4.25 x 11,Vertical,Rectangle,16PT C2S,No Coating,Silk,n/a,4/0,5000,Score in Half,Slide Slits Bottom Panel,Yes 2500 Envelopes A2
Majestic,Silk,5.5 x 8.5,Vertical,Rectangle,16PT C2S,No Coating,Silk,n/a,4/0,5000,Score in Half,Slide Slits Bottom Panel,Yes 2500 Envelopes A2
Majestic,Silk,4.25 x 11,Horizontal,Rectangle,16PT C2S,No Coating,Silk,n/a,4/1,5000,Score in Half,Slide Slits Bottom Panel,Yes 2500 Envelopes A2
Majestic,Silk,5.5 x 8.5,Horizontal,Rectangle,16PT C2S,No Coating,Silk,n/a,4/1,5000,Score in Half,Slide Slits Bottom Panel,Yes 2500 Envelopes A2
Majestic,Silk,4.25 x 11,Vertical,Rectangle,16PT C2S,No Coating,Silk,n/a,4/1,5000,Score in Half,Slide Slits Bottom Panel,Yes 2500 Envelopes A2
Majestic,Silk,5.5 x 8.5,Vertical,Rectangle,16PT C2S,No Coating,Silk,n/a,4/1,5000,Score in Half,Slide Slits Bottom Panel,Yes 2500 Envelopes A2
Majestic,Silk,5.5 x 8.5,Horizontal,Rectangle,16PT C2S,No Coating,Silk,n/a,4/4,5000,Score in Half,Slide Slits Bottom Panel,Yes 2500 Envelopes A2
Majestic,Silk,4.25 x 11,Horizontal,Rectangle,16PT C2S,No Coating,Silk,n/a,4/4,5000,Score in Half,Slide Slits Bottom Panel,Yes 2500 Envelopes A2
Majestic,Silk,4.25 x 11,Vertical,Rectangle,16PT C2S,No Coating,Silk,n/a,4/4,5000,Score in Half,Slide Slits Bottom Panel,Yes 2500 Envelopes A2
Majestic,Silk,4.25 x 11,Horizontal,Rectangle,16PT C2S,No Coating,Silk,n/a,4/0,10000,Score in Half,Slide Slits Bottom Panel,Yes 2500 Envelopes A2
Majestic,Silk,5.5 x 8.5,Vertical,Rectangle,16PT C2S,No Coating,Silk,n/a,4/4,5000,Score in Half,Slide Slits Bottom Panel,Yes 2500 Envelopes A2
Majestic,Silk,5.5 x 8.5,Horizontal,Rectangle,16PT C2S,No Coating,Silk,n/a,4/0,10000,Score in Half,Slide Slits Bottom Panel,Yes 2500 Envelopes A2
Majestic,Silk,4.25 x 11,Vertical,Rectangle,16PT C2S,No Coating,Silk,n/a,4/0,10000,Score in Half,Slide Slits Bottom Panel,Yes 2500 Envelopes A2
Majestic,Silk,5.5 x 8.5,Vertical,Rectangle,16PT C2S,No Coating,Silk,n/a,4/0,10000,Score in Half,Slide Slits Bottom Panel,Yes 2500 Envelopes A2
Majestic,Silk,4.25 x 11,Horizontal,Rectangle,16PT C2S,No Coating,Silk,n/a,4/1,10000,Score in Half,Slide Slits Bottom Panel,Yes 2500 Envelopes A2
Majestic,Silk,5.5 x 8.5,Horizontal,Rectangle,16PT C2S,No Coating,Silk,n/a,4/1,10000,Score in Half,Slide Slits Bottom Panel,Yes 2500 Envelopes A2
Majestic,Silk,4.25 x 11,Vertical,Rectangle,16PT C2S,No Coating,Silk,n/a,4/1,10000,Score in Half,Slide Slits Bottom Panel,Yes 2500 Envelopes A2
Majestic,Silk,5.5 x 8.5,Vertical,Rectangle,16PT C2S,No Coating,Silk,n/a,4/1,10000,Score in Half,Slide Slits Bottom Panel,Yes 2500 Envelopes A2
Majestic,Silk,4.25 x 11,Horizontal,Rectangle,16PT C2S,No Coating,Silk,n/a,4/4,10000,Score in Half,Slide Slits Bottom Panel,Yes 2500 Envelopes A2
Majestic,Silk,5.5 x 8.5,Horizontal,Rectangle,16PT C2S,No Coating,Silk,n/a,4/4,10000,Score in Half,Slide Slits Bottom Panel,Yes 2500 Envelopes A2
Majestic,Silk,4.25 x 11,Vertical,Rectangle,16PT C2S,No Coating,Silk,n/a,4/4,10000,Score in Half,Slide Slits Bottom Panel,Yes 2500 Envelopes A2
Majestic,Silk,5.5 x 8.5,Vertical,Rectangle,16PT C2S,No Coating,Silk,n/a,4/4,10000,Score in Half,Slide Slits Bottom Panel,Yes 2500 Envelopes A2
Majestic,Silk,5.5 x 8.5,Horizontal,Rectangle,16PT C2S,No Coating,Silk,n/a,4/0,25,Score in Half,Slide Slits Right Panel,Yes 2500 Envelopes A2
Majestic,Silk,4.25 x 11,Vertical,Rectangle,16PT C2S,No Coating,Silk,n/a,4/0,25,Score in Half,Slide Slits Right Panel,Yes 2500 Envelopes A2
Majestic,Silk,5.5 x 8.5,Vertical,Rectangle,16PT C2S,No Coating,Silk,n/a,4/0,25,Score in Half,Slide Slits Right Panel,Yes 2500 Envelopes A2
Majestic,Silk,4.25 x 11,Horizontal,Rectangle,16PT C2S,No Coating,Silk,n/a,4/0,25,Score in Half,Slide Slits Right Panel,Yes 2500 Envelopes A2
Majestic,Silk,4.25 x 11,Horizontal,Rectangle,16PT C2S,No Coating,Silk,n/a,4/1,25,Score in Half,Slide Slits Right Panel,Yes 2500 Envelopes A2
Majestic,Silk,4.25 x 11,Vertical,Rectangle,16PT C2S,No Coating,Silk,n/a,4/1,25,Score in Half,Slide Slits Right Panel,Yes 2500 Envelopes A2
Majestic,Silk,5.5 x 8.5,Vertical,Rectangle,16PT C2S,No Coating,Silk,n/a,4/1,25,Score in Half,Slide Slits Right Panel,Yes 2500 Envelopes A2
Majestic,Silk,5.5 x 8.5,Horizontal,Rectangle,16PT C2S,No Coating,Silk,n/a,4/1,25,Score in Half,Slide Slits Right Panel,Yes 2500 Envelopes A2
Majestic,Silk,4.25 x 11,Horizontal,Rectangle,16PT C2S,No Coating,Silk,n/a,4/4,25,Score in Half,Slide Slits Right Panel,Yes 2500 Envelopes A2
Majestic,Silk,5.5 x 8.5,Horizontal,Rectangle,16PT C2S,No Coating,Silk,n/a,4/4,25,Score in Half,Slide Slits Right Panel,Yes 2500 Envelopes A2
Majestic,Silk,4.25 x 11,Vertical,Rectangle,16PT C2S,No Coating,Silk,n/a,4/4,25,Score in Half,Slide Slits Right Panel,Yes 2500 Envelopes A2
Majestic,Silk,4.25 x 11,Horizontal,Rectangle,16PT C2S,No Coating,Silk,n/a,4/0,50,Score in Half,Slide Slits Right Panel,Yes 2500 Envelopes A2
Majestic,Silk,5.5 x 8.5,Horizontal,Rectangle,16PT C2S,No Coating,Silk,n/a,4/0,50,Score in Half,Slide Slits Right Panel,Yes 2500 Envelopes A2
Majestic,Silk,5.5 x 8.5,Vertical,Rectangle,16PT C2S,No Coating,Silk,n/a,4/4,25,Score in Half,Slide Slits Right Panel,Yes 2500 Envelopes A2
Majestic,Silk,4.25 x 11,Vertical,Rectangle,16PT C2S,No Coating,Silk,n/a,4/0,50,Score in Half,Slide Slits Right Panel,Yes 2500 Envelopes A2
Majestic,Silk,5.5 x 8.5,Vertical,Rectangle,16PT C2S,No Coating,Silk,n/a,4/0,50,Score in Half,Slide Slits Right Panel,Yes 2500 Envelopes A2
Majestic,Silk,4.25 x 11,Horizontal,Rectangle,16PT C2S,No Coating,Silk,n/a,4/1,50,Score in Half,Slide Slits Right Panel,Yes 2500 Envelopes A2
Majestic,Silk,5.5 x 8.5,Horizontal,Rectangle,16PT C2S,No Coating,Silk,n/a,4/1,50,Score in Half,Slide Slits Right Panel,Yes 2500 Envelopes A2
Majestic,Silk,4.25 x 11,Vertical,Rectangle,16PT C2S,No Coating,Silk,n/a,4/1,50,Score in Half,Slide Slits Right Panel,Yes 2500 Envelopes A2
Majestic,Silk,4.25 x 11,Horizontal,Rectangle,16PT C2S,No Coating,Silk,n/a,4/4,50,Score in Half,Slide Slits Right Panel,Yes 2500 Envelopes A2
Majestic,Silk,5.5 x 8.5,Vertical,Rectangle,16PT C2S,No Coating,Silk,n/a,4/1,50,Score in Half,Slide Slits Right Panel,Yes 2500 Envelopes A2
Majestic,Silk,5.5 x 8.5,Horizontal,Rectangle,16PT C2S,No Coating,Silk,n/a,4/4,50,Score in Half,Slide Slits Right Panel,Yes 2500 Envelopes A2
Majestic,Silk,4.25 x 11,Vertical,Rectangle,16PT C2S,No Coating,Silk,n/a,4/4,50,Score in Half,Slide Slits Right Panel,Yes 2500 Envelopes A2
Majestic,Silk,5.5 x 8.5,Vertical,Rectangle,16PT C2S,No Coating,Silk,n/a,4/4,50,Score in Half,Slide Slits Right Panel,Yes 2500 Envelopes A2
Majestic,Silk,4.25 x 11,Horizontal,Rectangle,16PT C2S,No Coating,Silk,n/a,4/0,75,Score in Half,Slide Slits Right Panel,Yes 2500 Envelopes A2
Majestic,Silk,4.25 x 11,Vertical,Rectangle,16PT C2S,No Coating,Silk,n/a,4/0,500,Score in Half,Moon Slits Right Panel,Yes 2500 Envelopes A2
Majestic,Silk,4.25 x 11,Vertical,Rectangle,16PT C2S,No Coating,Silk,n/a,4/0,75,Score in Half,Slide Slits Right Panel,Yes 2500 Envelopes A2
Majestic,Silk,5.5 x 8.5,Vertical,Rectangle,16PT C2S,No Coating,Silk,n/a,4/0,75,Score in Half,Slide Slits Right Panel,Yes 2500 Envelopes A2
Majestic,Silk,4.25 x 11,Horizontal,Rectangle,16PT C2S,No Coating,Silk,n/a,4/1,75,Score in Half,Slide Slits Right Panel,Yes 2500 Envelopes A2
Majestic,Silk,5.5 x 8.5,Horizontal,Rectangle,16PT C2S,No Coating,Silk,n/a,4/1,75,Score in Half,Slide Slits Right Panel,Yes 2500 Envelopes A2
Majestic,Silk,5.5 x 8.5,Vertical,Rectangle,16PT C2S,No Coating,Silk,n/a,4/1,75,Score in Half,Slide Slits Right Panel,Yes 2500 Envelopes A2
Majestic,Silk,4.25 x 11,Vertical,Rectangle,16PT C2S,No Coating,Silk,n/a,4/1,75,Score in Half,Slide Slits Right Panel,Yes 2500 Envelopes A2
Majestic,Silk,4.25 x 11,Horizontal,Rectangle,16PT C2S,No Coating,Silk,n/a,4/4,75,Score in Half,Slide Slits Right Panel,Yes 2500 Envelopes A2
Majestic,Silk,5.5 x 8.5,Horizontal,Rectangle,16PT C2S,No Coating,Silk,n/a,4/4,75,Score in Half,Slide Slits Right Panel,Yes 2500 Envelopes A2
Majestic,Silk,4.25 x 11,Vertical,Rectangle,16PT C2S,No Coating,Silk,n/a,4/4,75,Score in Half,Slide Slits Right Panel,Yes 2500 Envelopes A2
Majestic,Silk,4.25 x 11,Horizontal,Rectangle,16PT C2S,No Coating,Silk,n/a,4/0,100,Score in Half,Slide Slits Right Panel,Yes 2500 Envelopes A2
Majestic,Silk,5.5 x 8.5,Horizontal,Rectangle,16PT C2S,No Coating,Silk,n/a,4/0,100,Score in Half,Slide Slits Right Panel,Yes 2500 Envelopes A2
Majestic,Silk,4.25 x 11,Vertical,Rectangle,16PT C2S,No Coating,Silk,n/a,4/0,100,Score in Half,Slide Slits Right Panel,Yes 2500 Envelopes A2
Majestic,Silk,5.5 x 8.5,Vertical,Rectangle,16PT C2S,No Coating,Silk,n/a,4/4,75,Score in Half,Slide Slits Right Panel,Yes 2500 Envelopes A2
Majestic,Silk,5.5 x 8.5,Vertical,Rectangle,16PT C2S,No Coating,Silk,n/a,4/0,100,Score in Half,Slide Slits Right Panel,Yes 2500 Envelopes A2
Majestic,Silk,5.5 x 8.5,Horizontal,Rectangle,16PT C2S,No Coating,Silk,n/a,4/1,100,Score in Half,Slide Slits Right Panel,Yes 2500 Envelopes A2
Majestic,Silk,4.25 x 11,Horizontal,Rectangle,16PT C2S,No Coating,Silk,n/a,4/1,100,Score in Half,Slide Slits Right Panel,Yes 2500 Envelopes A2
Majestic,Silk,4.25 x 11,Vertical,Rectangle,16PT C2S,No Coating,Silk,n/a,4/1,100,Score in Half,Slide Slits Right Panel,Yes 2500 Envelopes A2
Majestic,Silk,5.5 x 8.5,Vertical,Rectangle,16PT C2S,No Coating,Silk,n/a,4/1,100,Score in Half,Slide Slits Right Panel,Yes 2500 Envelopes A2
Majestic,Silk,4.25 x 11,Horizontal,Rectangle,16PT C2S,No Coating,Silk,n/a,4/4,100,Score in Half,Slide Slits Right Panel,Yes 2500 Envelopes A2
Majestic,Silk,5.5 x 8.5,Horizontal,Rectangle,16PT C2S,No Coating,Silk,n/a,4/4,100,Score in Half,Slide Slits Right Panel,Yes 2500 Envelopes A2
Majestic,Silk,4.25 x 11,Vertical,Rectangle,16PT C2S,No Coating,Silk,n/a,4/4,100,Score in Half,Slide Slits Right Panel,Yes 2500 Envelopes A2
Majestic,Silk,5.5 x 8.5,Vertical,Rectangle,16PT C2S,No Coating,Silk,n/a,4/4,100,Score in Half,Slide Slits Right Panel,Yes 2500 Envelopes A2
Majestic,Silk,4.25 x 11,Horizontal,Rectangle,16PT C2S,No Coating,Silk,n/a,4/0,250,Score in Half,Slide Slits Right Panel,Yes 2500 Envelopes A2
Majestic,Silk,4.25 x 11,Vertical,Rectangle,16PT C2S,No Coating,Silk,n/a,4/0,250,Score in Half,Slide Slits Right Panel,Yes 2500 Envelopes A2
Majestic,Silk,5.5 x 8.5,Vertical,Rectangle,16PT C2S,No Coating,Silk,n/a,4/0,250,Score in Half,Slide Slits Right Panel,Yes 2500 Envelopes A2
Majestic,Silk,4.25 x 11,Horizontal,Rectangle,16PT C2S,No Coating,Silk,n/a,4/1,250,Score in Half,Slide Slits Right Panel,Yes 2500 Envelopes A2
Majestic,Silk,5.5 x 8.5,Horizontal,Rectangle,16PT C2S,No Coating,Silk,n/a,4/0,250,Score in Half,Slide Slits Right Panel,Yes 2500 Envelopes A2
Majestic,Silk,5.5 x 8.5,Horizontal,Rectangle,16PT C2S,No Coating,Silk,n/a,4/1,250,Score in Half,Slide Slits Right Panel,Yes 2500 Envelopes A2
Majestic,Silk,4.25 x 11,Vertical,Rectangle,16PT C2S,No Coating,Silk,n/a,4/1,250,Score in Half,Slide Slits Right Panel,Yes 2500 Envelopes A2
Majestic,Silk,5.5 x 8.5,Vertical,Rectangle,16PT C2S,No Coating,Silk,n/a,4/1,250,Score in Half,Slide Slits Right Panel,Yes 2500 Envelopes A2
Majestic,Silk,4.25 x 11,Horizontal,Rectangle,16PT C2S,No Coating,Silk,n/a,4/4,250,Score in Half,Slide Slits Right Panel,Yes 2500 Envelopes A2
Majestic,Silk,4.25 x 11,Vertical,Rectangle,16PT C2S,No Coating,Silk,n/a,4/4,250,Score in Half,Slide Slits Right Panel,Yes 2500 Envelopes A2
Majestic,Silk,5.5 x 8.5,Vertical,Rectangle,16PT C2S,No Coating,Silk,n/a,4/4,250,Score in Half,Slide Slits Right Panel,Yes 2500 Envelopes A2
Majestic,Silk,5.5 x 8.5,Horizontal,Rectangle,16PT C2S,No Coating,Silk,n/a,4/4,250,Score in Half,Slide Slits Right Panel,Yes 2500 Envelopes A2
Majestic,Silk,5.5 x 8.5,Horizontal,Rectangle,16PT C2S,No Coating,Silk,n/a,4/0,500,Score in Half,Slide Slits Right Panel,Yes 2500 Envelopes A2
Majestic,Silk,4.25 x 11,Vertical,Rectangle,16PT C2S,No Coating,Silk,n/a,4/0,500,Score in Half,Slide Slits Right Panel,Yes 2500 Envelopes A2
Majestic,Silk,4.25 x 11,Horizontal,Rectangle,16PT C2S,No Coating,Silk,n/a,4/0,500,Score in Half,Slide Slits Right Panel,Yes 2500 Envelopes A2
Majestic,Silk,5.5 x 8.5,Vertical,Rectangle,16PT C2S,No Coating,Silk,n/a,4/0,500,Score in Half,Slide Slits Right Panel,Yes 2500 Envelopes A2
Majestic,Silk,4.25 x 11,Horizontal,Rectangle,16PT C2S,No Coating,Silk,n/a,4/1,500,Score in Half,Slide Slits Right Panel,Yes 2500 Envelopes A2
Majestic,Silk,5.5 x 8.5,Horizontal,Rectangle,16PT C2S,No Coating,Silk,n/a,4/1,500,Score in Half,Slide Slits Right Panel,Yes 2500 Envelopes A2
Majestic,Silk,5.5 x 8.5,Horizontal,Rectangle,16PT C2S,No Coating,Silk,n/a,4/4,500,Score in Half,Slide Slits Right Panel,Yes 2500 Envelopes A2
Majestic,Silk,4.25 x 11,Horizontal,Rectangle,16PT C2S,No Coating,Silk,n/a,4/4,500,Score in Half,Slide Slits Right Panel,Yes 2500 Envelopes A2
Majestic,Silk,4.25 x 11,Vertical,Rectangle,16PT C2S,No Coating,Silk,n/a,4/1,500,Score in Half,Slide Slits Right Panel,Yes 2500 Envelopes A2
Majestic,Silk,5.5 x 8.5,Vertical,Rectangle,16PT C2S,No Coating,Silk,n/a,4/1,500,Score in Half,Slide Slits Right Panel,Yes 2500 Envelopes A2
Majestic,Silk,4.25 x 11,Vertical,Rectangle,16PT C2S,No Coating,Silk,n/a,4/4,500,Score in Half,Slide Slits Right Panel,Yes 2500 Envelopes A2
Majestic,Silk,5.5 x 8.5,Vertical,Rectangle,16PT C2S,No Coating,Silk,n/a,4/4,500,Score in Half,Slide Slits Right Panel,Yes 2500 Envelopes A2
Majestic,Silk,5.5 x 8.5,Horizontal,Rectangle,16PT C2S,No Coating,Silk,n/a,4/0,1000,Score in Half,Slide Slits Right Panel,Yes 2500 Envelopes A2
Majestic,Silk,4.25 x 11,Horizontal,Rectangle,16PT C2S,No Coating,Silk,n/a,4/0,1000,Score in Half,Slide Slits Right Panel,Yes 2500 Envelopes A2
Majestic,Silk,4.25 x 11,Vertical,Rectangle,16PT C2S,No Coating,Silk,n/a,4/0,1000,Score in Half,Slide Slits Right Panel,Yes 2500 Envelopes A2
Majestic,Silk,4.25 x 11,Horizontal,Rectangle,16PT C2S,No Coating,Silk,n/a,4/1,1000,Score in Half,Slide Slits Right Panel,Yes 2500 Envelopes A2
Majestic,Silk,5.5 x 8.5,Horizontal,Rectangle,16PT C2S,No Coating,Silk,n/a,4/1,1000,Score in Half,Slide Slits Right Panel,Yes 2500 Envelopes A2
Majestic,Silk,4.25 x 11,Vertical,Rectangle,16PT C2S,No Coating,Silk,n/a,4/1,1000,Score in Half,Slide Slits Right Panel,Yes 2500 Envelopes A2
Majestic,Silk,5.5 x 8.5,Vertical,Rectangle,16PT C2S,No Coating,Silk,n/a,4/0,1000,Score in Half,Slide Slits Right Panel,Yes 2500 Envelopes A2
Majestic,Silk,5.5 x 8.5,Vertical,Rectangle,16PT C2S,No Coating,Silk,n/a,4/1,1000,Score in Half,Slide Slits Right Panel,Yes 2500 Envelopes A2
Majestic,Silk,4.25 x 11,Horizontal,Rectangle,16PT C2S,No Coating,Silk,n/a,4/4,1000,Score in Half,Slide Slits Right Panel,Yes 2500 Envelopes A2
Majestic,Silk,5.5 x 8.5,Horizontal,Rectangle,16PT C2S,No Coating,Silk,n/a,4/4,1000,Score in Half,Slide Slits Right Panel,Yes 2500 Envelopes A2
Majestic,Silk,4.25 x 11,Vertical,Rectangle,16PT C2S,No Coating,Silk,n/a,4/4,1000,Score in Half,Slide Slits Right Panel,Yes 2500 Envelopes A2
Majestic,Silk,5.5 x 8.5,Vertical,Rectangle,16PT C2S,No Coating,Silk,n/a,4/4,1000,Score in Half,Slide Slits Right Panel,Yes 2500 Envelopes A2
Majestic,Silk,4.25 x 11,Horizontal,Rectangle,16PT C2S,No Coating,Silk,n/a,4/0,2500,Score in Half,Slide Slits Right Panel,Yes 2500 Envelopes A2
Majestic,Silk,5.5 x 8.5,Horizontal,Rectangle,16PT C2S,No Coating,Silk,n/a,4/0,2500,Score in Half,Slide Slits Right Panel,Yes 2500 Envelopes A2
Majestic,Silk,5.5 x 8.5,Vertical,Rectangle,16PT C2S,No Coating,Silk,n/a,4/0,2500,Score in Half,Slide Slits Right Panel,Yes 2500 Envelopes A2
Majestic,Silk,4.25 x 11,Horizontal,Rectangle,16PT C2S,No Coating,Silk,n/a,4/1,2500,Score in Half,Slide Slits Right Panel,Yes 2500 Envelopes A2
Majestic,Silk,5.5 x 8.5,Horizontal,Rectangle,16PT C2S,No Coating,Silk,n/a,4/1,2500,Score in Half,Slide Slits Right Panel,Yes 2500 Envelopes A2
Majestic,Silk,4.25 x 11,Vertical,Rectangle,16PT C2S,No Coating,Silk,n/a,4/0,2500,Score in Half,Slide Slits Right Panel,Yes 2500 Envelopes A2
Majestic,Silk,4.25 x 11,Vertical,Rectangle,16PT C2S,No Coating,Silk,n/a,4/1,2500,Score in Half,Slide Slits Right Panel,Yes 2500 Envelopes A2
Majestic,Silk,5.5 x 8.5,Vertical,Rectangle,16PT C2S,No Coating,Silk,n/a,4/1,2500,Score in Half,Slide Slits Right Panel,Yes 2500 Envelopes A2
Majestic,Silk,5.5 x 8.5,Horizontal,Rectangle,16PT C2S,No Coating,Silk,n/a,4/4,2500,Score in Half,Slide Slits Right Panel,Yes 2500 Envelopes A2
Majestic,Silk,4.25 x 11,Vertical,Rectangle,16PT C2S,No Coating,Silk,n/a,4/4,2500,Score in Half,Slide Slits Right Panel,Yes 2500 Envelopes A2
Majestic,Silk,4.25 x 11,Horizontal,Rectangle,16PT C2S,No Coating,Silk,n/a,4/4,2500,Score in Half,Slide Slits Right Panel,Yes 2500 Envelopes A2
Majestic,Silk,5.5 x 8.5,Vertical,Rectangle,16PT C2S,No Coating,Silk,n/a,4/4,2500,Score in Half,Slide Slits Right Panel,Yes 2500 Envelopes A2
Majestic,Silk,4.25 x 11,Horizontal,Rectangle,16PT C2S,No Coating,Silk,n/a,4/0,5000,Score in Half,Slide Slits Right Panel,Yes 2500 Envelopes A2
Majestic,Silk,5.5 x 8.5,Horizontal,Rectangle,16PT C2S,No Coating,Silk,n/a,4/0,5000,Score in Half,Slide Slits Right Panel,Yes 2500 Envelopes A2
Majestic,Silk,5.5 x 8.5,Vertical,Rectangle,16PT C2S,No Coating,Silk,n/a,4/0,5000,Score in Half,Slide Slits Right Panel,Yes 2500 Envelopes A2
Majestic,Silk,4.25 x 11,Horizontal,Rectangle,16PT C2S,No Coating,Silk,n/a,4/1,5000,Score in Half,Slide Slits Right Panel,Yes 2500 Envelopes A2
Majestic,Silk,4.25 x 11,Vertical,Rectangle,16PT C2S,No Coating,Silk,n/a,4/0,5000,Score in Half,Slide Slits Right Panel,Yes 2500 Envelopes A2
Majestic,Silk,5.5 x 8.5,Horizontal,Rectangle,16PT C2S,No Coating,Silk,n/a,4/1,5000,Score in Half,Slide Slits Right Panel,Yes 2500 Envelopes A2
Majestic,Silk,4.25 x 11,Vertical,Rectangle,16PT C2S,No Coating,Silk,n/a,4/1,5000,Score in Half,Slide Slits Right Panel,Yes 2500 Envelopes A2
Majestic,Silk,5.5 x 8.5,Vertical,Rectangle,16PT C2S,No Coating,Silk,n/a,4/1,5000,Score in Half,Slide Slits Right Panel,Yes 2500 Envelopes A2
Majestic,Silk,5.5 x 8.5,Horizontal,Rectangle,16PT C2S,No Coating,Silk,n/a,4/4,5000,Score in Half,Slide Slits Right Panel,Yes 2500 Envelopes A2
Majestic,Silk,4.25 x 11,Horizontal,Rectangle,16PT C2S,No Coating,Silk,n/a,4/4,5000,Score in Half,Slide Slits Right Panel,Yes 2500 Envelopes A2
Majestic,Silk,4.25 x 11,Vertical,Rectangle,16PT C2S,No Coating,Silk,n/a,4/4,5000,Score in Half,Slide Slits Right Panel,Yes 2500 Envelopes A2
Majestic,Silk,5.5 x 8.5,Vertical,Rectangle,16PT C2S,No Coating,Silk,n/a,4/4,5000,Score in Half,Slide Slits Right Panel,Yes 2500 Envelopes A2
Majestic,Silk,4.25 x 11,Horizontal,Rectangle,16PT C2S,No Coating,Silk,n/a,4/0,10000,Score in Half,Slide Slits Right Panel,Yes 2500 Envelopes A2
Majestic,Silk,4.25 x 11,Vertical,Rectangle,16PT C2S,No Coating,Silk,n/a,4/0,10000,Score in Half,Slide Slits Right Panel,Yes 2500 Envelopes A2
Majestic,Silk,5.5 x 8.5,Vertical,Rectangle,16PT C2S,No Coating,Silk,n/a,4/0,10000,Score in Half,Slide Slits Right Panel,Yes 2500 Envelopes A2
Majestic,Silk,5.5 x 8.5,Horizontal,Rectangle,16PT C2S,No Coating,Silk,n/a,4/0,10000,Score in Half,Slide Slits Right Panel,Yes 2500 Envelopes A2
Majestic,Silk,4.25 x 11,Horizontal,Rectangle,16PT C2S,No Coating,Silk,n/a,4/1,10000,Score in Half,Slide Slits Right Panel,Yes 2500 Envelopes A2
Majestic,Silk,5.5 x 8.5,Horizontal,Rectangle,16PT C2S,No Coating,Silk,n/a,4/1,10000,Score in Half,Slide Slits Right Panel,Yes 2500 Envelopes A2
Majestic,Silk,4.25 x 11,Vertical,Rectangle,16PT C2S,No Coating,Silk,n/a,4/1,10000,Score in Half,Slide Slits Right Panel,Yes 2500 Envelopes A2
Majestic,Silk,4.25 x 11,Horizontal,Rectangle,16PT C2S,No Coating,Silk,n/a,4/4,10000,Score in Half,Slide Slits Right Panel,Yes 2500 Envelopes A2
Majestic,Silk,5.5 x 8.5,Horizontal,Rectangle,16PT C2S,No Coating,Silk,n/a,4/4,10000,Score in Half,Slide Slits Right Panel,Yes 2500 Envelopes A2
Majestic,Silk,4.25 x 11,Vertical,Rectangle,16PT C2S,No Coating,Silk,n/a,4/4,10000,Score in Half,Slide Slits Right Panel,Yes 2500 Envelopes A2
Majestic,Silk,5.5 x 8.5,Vertical,Rectangle,16PT C2S,No Coating,Silk,n/a,4/1,10000,Score in Half,Slide Slits Right Panel,Yes 2500 Envelopes A2
Majestic,Silk,5.5 x 8.5,Vertical,Rectangle,16PT C2S,No Coating,Silk,n/a,4/4,10000,Score in Half,Slide Slits Right Panel,Yes 2500 Envelopes A2
Majestic,Silk,4.25 x 11,Horizontal,Rectangle,16PT C2S,No Coating,Silk,n/a,4/0,25,Score in Half,Moon Slits Bottom Panel,Yes 5000 Envelopes A2
Majestic,Silk,5.5 x 8.5,Horizontal,Rectangle,16PT C2S,No Coating,Silk,n/a,4/0,25,Score in Half,Moon Slits Bottom Panel,Yes 5000 Envelopes A2
Majestic,Silk,4.25 x 11,Vertical,Rectangle,16PT C2S,No Coating,Silk,n/a,4/0,25,Score in Half,Moon Slits Bottom Panel,Yes 5000 Envelopes A2
Majestic,Silk,5.5 x 8.5,Vertical,Rectangle,16PT C2S,No Coating,Silk,n/a,4/0,25,Score in Half,Moon Slits Bottom Panel,Yes 5000 Envelopes A2
Majestic,Silk,4.25 x 11,Horizontal,Rectangle,16PT C2S,No Coating,Silk,n/a,4/1,25,Score in Half,Moon Slits Bottom Panel,Yes 5000 Envelopes A2
Majestic,Silk,5.5 x 8.5,Horizontal,Rectangle,16PT C2S,No Coating,Silk,n/a,4/1,25,Score in Half,Moon Slits Bottom Panel,Yes 5000 Envelopes A2
Majestic,Silk,4.25 x 11,Vertical,Rectangle,16PT C2S,No Coating,Silk,n/a,4/1,25,Score in Half,Moon Slits Bottom Panel,Yes 5000 Envelopes A2
Majestic,Silk,5.5 x 8.5,Vertical,Rectangle,16PT C2S,No Coating,Silk,n/a,4/1,25,Score in Half,Moon Slits Bottom Panel,Yes 5000 Envelopes A2
Majestic,Silk,4.25 x 11,Horizontal,Rectangle,16PT C2S,No Coating,Silk,n/a,4/4,25,Score in Half,Moon Slits Bottom Panel,Yes 5000 Envelopes A2
Majestic,Silk,5.5 x 8.5,Horizontal,Rectangle,16PT C2S,No Coating,Silk,n/a,4/4,25,Score in Half,Moon Slits Bottom Panel,Yes 5000 Envelopes A2
Majestic,Silk,4.25 x 11,Vertical,Rectangle,16PT C2S,No Coating,Silk,n/a,4/4,25,Score in Half,Moon Slits Bottom Panel,Yes 5000 Envelopes A2
Majestic,Silk,5.5 x 8.5,Vertical,Rectangle,16PT C2S,No Coating,Silk,n/a,4/4,25,Score in Half,Moon Slits Bottom Panel,Yes 5000 Envelopes A2
Majestic,Silk,4.25 x 11,Horizontal,Rectangle,16PT C2S,No Coating,Silk,n/a,4/0,50,Score in Half,Moon Slits Bottom Panel,Yes 5000 Envelopes A2
Majestic,Silk,5.5 x 8.5,Horizontal,Rectangle,16PT C2S,No Coating,Silk,n/a,4/0,50,Score in Half,Moon Slits Bottom Panel,Yes 5000 Envelopes A2
Majestic,Silk,4.25 x 11,Vertical,Rectangle,16PT C2S,No Coating,Silk,n/a,4/0,50,Score in Half,Moon Slits Bottom Panel,Yes 5000 Envelopes A2
Majestic,Silk,5.5 x 8.5,Vertical,Rectangle,16PT C2S,No Coating,Silk,n/a,4/0,50,Score in Half,Moon Slits Bottom Panel,Yes 5000 Envelopes A2
Majestic,Silk,4.25 x 11,Horizontal,Rectangle,16PT C2S,No Coating,Silk,n/a,4/1,50,Score in Half,Moon Slits Bottom Panel,Yes 5000 Envelopes A2
Majestic,Silk,5.5 x 8.5,Horizontal,Rectangle,16PT C2S,No Coating,Silk,n/a,4/1,50,Score in Half,Moon Slits Bottom Panel,Yes 5000 Envelopes A2
Majestic,Silk,4.25 x 11,Vertical,Rectangle,16PT C2S,No Coating,Silk,n/a,4/1,50,Score in Half,Moon Slits Bottom Panel,Yes 5000 Envelopes A2
Majestic,Silk,5.5 x 8.5,Vertical,Rectangle,16PT C2S,No Coating,Silk,n/a,4/1,50,Score in Half,Moon Slits Bottom Panel,Yes 5000 Envelopes A2
Majestic,Silk,5.5 x 8.5,Horizontal,Rectangle,16PT C2S,No Coating,Silk,n/a,4/4,50,Score in Half,Moon Slits Bottom Panel,Yes 5000 Envelopes A2
Majestic,Silk,4.25 x 11,Horizontal,Rectangle,16PT C2S,No Coating,Silk,n/a,4/4,50,Score in Half,Moon Slits Bottom Panel,Yes 5000 Envelopes A2
Majestic,Silk,4.25 x 11,Vertical,Rectangle,16PT C2S,No Coating,Silk,n/a,4/4,50,Score in Half,Moon Slits Bottom Panel,Yes 5000 Envelopes A2
Majestic,Silk,5.5 x 8.5,Vertical,Rectangle,16PT C2S,No Coating,Silk,n/a,4/4,50,Score in Half,Moon Slits Bottom Panel,Yes 5000 Envelopes A2
Majestic,Silk,4.25 x 11,Horizontal,Rectangle,16PT C2S,No Coating,Silk,n/a,4/0,75,Score in Half,Moon Slits Bottom Panel,Yes 5000 Envelopes A2
Majestic,Silk,4.25 x 11,Horizontal,Rectangle,16PT C2S,No Coating,Silk,n/a,4/4,25,Score in Half,No Gift Cards Slits,Yes 2500 Envelopes A2
Majestic,Silk,4.25 x 11,Vertical,Rectangle,16PT C2S,No Coating,Silk,n/a,4/0,75,Score in Half,Moon Slits Bottom Panel,Yes 5000 Envelopes A2
Majestic,Silk,5.5 x 8.5,Vertical,Rectangle,16PT C2S,No Coating,Silk,n/a,4/0,75,Score in Half,Moon Slits Bottom Panel,Yes 5000 Envelopes A2
Majestic,Silk,4.25 x 11,Horizontal,Rectangle,16PT C2S,No Coating,Silk,n/a,4/1,75,Score in Half,Moon Slits Bottom Panel,Yes 5000 Envelopes A2
Majestic,Silk,4.25 x 11,Vertical,Rectangle,16PT C2S,No Coating,Silk,n/a,4/1,75,Score in Half,Moon Slits Bottom Panel,Yes 5000 Envelopes A2
Majestic,Silk,5.5 x 8.5,Horizontal,Rectangle,16PT C2S,No Coating,Silk,n/a,4/1,75,Score in Half,Moon Slits Bottom Panel,Yes 5000 Envelopes A2
Majestic,Silk,5.5 x 8.5,Horizontal,Rectangle,16PT C2S,No Coating,Silk,n/a,4/0,75,Score in Half,Moon Slits Bottom Panel,Yes 5000 Envelopes A2
Majestic,Silk,5.5 x 8.5,Vertical,Rectangle,16PT C2S,No Coating,Silk,n/a,4/1,75,Score in Half,Moon Slits Bottom Panel,Yes 5000 Envelopes A2
Majestic,Silk,5.5 x 8.5,Horizontal,Rectangle,16PT C2S,No Coating,Silk,n/a,4/0,75,Score in Half,Slide Slits Right Panel,Yes 2500 Envelopes A2
Majestic,Silk,5.5 x 8.5,Horizontal,Rectangle,16PT C2S,No Coating,Silk,n/a,4/4,75,Score in Half,Moon Slits Bottom Panel,Yes 5000 Envelopes A2
Majestic,Silk,5.5 x 8.5,Vertical,Rectangle,16PT C2S,No Coating,Silk,n/a,4/4,75,Score in Half,Moon Slits Bottom Panel,Yes 5000 Envelopes A2
Majestic,Silk,4.25 x 11,Horizontal,Rectangle,16PT C2S,No Coating,Silk,n/a,4/0,100,Score in Half,Moon Slits Bottom Panel,Yes 5000 Envelopes A2
Majestic,Silk,5.5 x 8.5,Horizontal,Rectangle,16PT C2S,No Coating,Silk,n/a,4/0,100,Score in Half,Moon Slits Bottom Panel,Yes 5000 Envelopes A2
Majestic,Silk,4.25 x 11,Vertical,Rectangle,16PT C2S,No Coating,Silk,n/a,4/0,100,Score in Half,Moon Slits Bottom Panel,Yes 5000 Envelopes A2
Majestic,Silk,5.5 x 8.5,Vertical,Rectangle,16PT C2S,No Coating,Silk,n/a,4/0,100,Score in Half,Moon Slits Bottom Panel,Yes 5000 Envelopes A2
Majestic,Silk,4.25 x 11,Horizontal,Rectangle,16PT C2S,No Coating,Silk,n/a,4/1,100,Score in Half,Moon Slits Bottom Panel,Yes 5000 Envelopes A2
Majestic,Silk,4.25 x 11,Vertical,Rectangle,16PT C2S,No Coating,Silk,n/a,4/1,100,Score in Half,Moon Slits Bottom Panel,Yes 5000 Envelopes A2
Majestic,Silk,5.5 x 8.5,Horizontal,Rectangle,16PT C2S,No Coating,Silk,n/a,4/1,100,Score in Half,Moon Slits Bottom Panel,Yes 5000 Envelopes A2
Majestic,Silk,5.5 x 8.5,Vertical,Rectangle,16PT C2S,No Coating,Silk,n/a,4/1,100,Score in Half,Moon Slits Bottom Panel,Yes 5000 Envelopes A2
Majestic,Silk,4.25 x 11,Horizontal,Rectangle,16PT C2S,No Coating,Silk,n/a,4/4,100,Score in Half,Moon Slits Bottom Panel,Yes 5000 Envelopes A2
Majestic,Silk,5.5 x 8.5,Horizontal,Rectangle,16PT C2S,No Coating,Silk,n/a,4/4,100,Score in Half,Moon Slits Bottom Panel,Yes 5000 Envelopes A2
Majestic,Silk,5.5 x 8.5,Vertical,Rectangle,16PT C2S,No Coating,Silk,n/a,4/4,100,Score in Half,Moon Slits Bottom Panel,Yes 5000 Envelopes A2
Majestic,Silk,4.25 x 11,Vertical,Rectangle,16PT C2S,No Coating,Silk,n/a,4/4,100,Score in Half,Moon Slits Bottom Panel,Yes 5000 Envelopes A2
Majestic,Silk,4.25 x 11,Horizontal,Rectangle,16PT C2S,No Coating,Silk,n/a,4/0,250,Score in Half,Moon Slits Bottom Panel,Yes 5000 Envelopes A2
Majestic,Silk,5.5 x 8.5,Horizontal,Rectangle,16PT C2S,No Coating,Silk,n/a,4/0,250,Score in Half,Moon Slits Bottom Panel,Yes 5000 Envelopes A2
Majestic,Silk,4.25 x 11,Vertical,Rectangle,16PT C2S,No Coating,Silk,n/a,4/0,250,Score in Half,Moon Slits Bottom Panel,Yes 5000 Envelopes A2
Majestic,Silk,5.5 x 8.5,Vertical,Rectangle,16PT C2S,No Coating,Silk,n/a,4/0,250,Score in Half,Moon Slits Bottom Panel,Yes 5000 Envelopes A2
Majestic,Silk,4.25 x 11,Horizontal,Rectangle,16PT C2S,No Coating,Silk,n/a,4/1,250,Score in Half,Moon Slits Bottom Panel,Yes 5000 Envelopes A2
Majestic,Silk,4.25 x 11,Vertical,Rectangle,16PT C2S,No Coating,Silk,n/a,4/4,75,Score in Half,Moon Slits Bottom Panel,Yes 5000 Envelopes A2
Majestic,Silk,4.25 x 11,Vertical,Rectangle,16PT C2S,No Coating,Silk,n/a,4/1,250,Score in Half,Moon Slits Bottom Panel,Yes 5000 Envelopes A2
Majestic,Silk,5.5 x 8.5,Vertical,Rectangle,16PT C2S,No Coating,Silk,n/a,4/1,250,Score in Half,Moon Slits Bottom Panel,Yes 5000 Envelopes A2
Majestic,Silk,4.25 x 11,Horizontal,Rectangle,16PT C2S,No Coating,Silk,n/a,4/4,250,Score in Half,Moon Slits Bottom Panel,Yes 5000 Envelopes A2
Majestic,Silk,4.25 x 11,Vertical,Rectangle,16PT C2S,No Coating,Silk,n/a,4/4,250,Score in Half,Moon Slits Bottom Panel,Yes 5000 Envelopes A2
Majestic,Silk,5.5 x 8.5,Horizontal,Rectangle,16PT C2S,No Coating,Silk,n/a,4/4,250,Score in Half,Moon Slits Bottom Panel,Yes 5000 Envelopes A2
Majestic,Silk,4.25 x 11,Horizontal,Rectangle,16PT C2S,No Coating,Silk,n/a,4/0,500,Score in Half,Moon Slits Bottom Panel,Yes 5000 Envelopes A2
Majestic,Silk,5.5 x 8.5,Vertical,Rectangle,16PT C2S,No Coating,Silk,n/a,4/4,250,Score in Half,Moon Slits Bottom Panel,Yes 5000 Envelopes A2
Majestic,Silk,5.5 x 8.5,Horizontal,Rectangle,16PT C2S,No Coating,Silk,n/a,4/0,500,Score in Half,Moon Slits Bottom Panel,Yes 5000 Envelopes A2
Majestic,Silk,4.25 x 11,Vertical,Rectangle,16PT C2S,No Coating,Silk,n/a,4/0,500,Score in Half,Moon Slits Bottom Panel,Yes 5000 Envelopes A2
Majestic,Silk,5.5 x 8.5,Horizontal,Rectangle,16PT C2S,No Coating,Silk,n/a,4/1,250,Score in Half,Moon Slits Bottom Panel,Yes 5000 Envelopes A2
Majestic,Silk,4.25 x 11,Horizontal,Rectangle,16PT C2S,No Coating,Silk,n/a,4/1,500,Score in Half,Moon Slits Bottom Panel,Yes 5000 Envelopes A2
Majestic,Silk,5.5 x 8.5,Horizontal,Rectangle,16PT C2S,No Coating,Silk,n/a,4/1,500,Score in Half,Moon Slits Bottom Panel,Yes 5000 Envelopes A2
Majestic,Silk,5.5 x 8.5,Vertical,Rectangle,16PT C2S,No Coating,Silk,n/a,4/1,500,Score in Half,Moon Slits Bottom Panel,Yes 5000 Envelopes A2
Majestic,Silk,4.25 x 11,Vertical,Rectangle,16PT C2S,No Coating,Silk,n/a,4/1,500,Score in Half,Moon Slits Bottom Panel,Yes 5000 Envelopes A2
Majestic,Silk,4.25 x 11,Horizontal,Rectangle,16PT C2S,No Coating,Silk,n/a,4/4,500,Score in Half,Moon Slits Bottom Panel,Yes 5000 Envelopes A2
Majestic,Silk,4.25 x 11,Vertical,Rectangle,16PT C2S,No Coating,Silk,n/a,4/4,500,Score in Half,Moon Slits Bottom Panel,Yes 5000 Envelopes A2
Majestic,Silk,5.5 x 8.5,Vertical,Rectangle,16PT C2S,No Coating,Silk,n/a,4/4,500,Score in Half,Moon Slits Bottom Panel,Yes 5000 Envelopes A2
Majestic,Silk,5.5 x 8.5,Horizontal,Rectangle,16PT C2S,No Coating,Silk,n/a,4/4,500,Score in Half,Moon Slits Bottom Panel,Yes 5000 Envelopes A2
Majestic,Silk,4.25 x 11,Horizontal,Rectangle,16PT C2S,No Coating,Silk,n/a,4/0,1000,Score in Half,Moon Slits Bottom Panel,Yes 5000 Envelopes A2
Majestic,Silk,5.5 x 8.5,Horizontal,Rectangle,16PT C2S,No Coating,Silk,n/a,4/0,1000,Score in Half,Moon Slits Bottom Panel,Yes 5000 Envelopes A2
Majestic,Silk,4.25 x 11,Vertical,Rectangle,16PT C2S,No Coating,Silk,n/a,4/0,1000,Score in Half,Moon Slits Bottom Panel,Yes 5000 Envelopes A2
Majestic,Silk,5.5 x 8.5,Vertical,Rectangle,16PT C2S,No Coating,Silk,n/a,4/0,1000,Score in Half,Moon Slits Bottom Panel,Yes 5000 Envelopes A2
Majestic,Silk,4.25 x 11,Horizontal,Rectangle,16PT C2S,No Coating,Silk,n/a,4/1,1000,Score in Half,Moon Slits Bottom Panel,Yes 5000 Envelopes A2
Majestic,Silk,5.5 x 8.5,Horizontal,Rectangle,16PT C2S,No Coating,Silk,n/a,4/1,1000,Score in Half,Moon Slits Bottom Panel,Yes 5000 Envelopes A2
Majestic,Silk,4.25 x 11,Vertical,Rectangle,16PT C2S,No Coating,Silk,n/a,4/1,1000,Score in Half,Moon Slits Bottom Panel,Yes 5000 Envelopes A2
Majestic,Silk,5.5 x 8.5,Vertical,Rectangle,16PT C2S,No Coating,Silk,n/a,4/1,1000,Score in Half,Moon Slits Bottom Panel,Yes 5000 Envelopes A2
Majestic,Silk,4.25 x 11,Horizontal,Rectangle,16PT C2S,No Coating,Silk,n/a,4/4,1000,Score in Half,Moon Slits Bottom Panel,Yes 5000 Envelopes A2
Majestic,Silk,5.5 x 8.5,Horizontal,Rectangle,16PT C2S,No Coating,Silk,n/a,4/4,1000,Score in Half,Moon Slits Bottom Panel,Yes 5000 Envelopes A2
Majestic,Silk,4.25 x 11,Vertical,Rectangle,16PT C2S,No Coating,Silk,n/a,4/4,1000,Score in Half,Moon Slits Bottom Panel,Yes 5000 Envelopes A2
Majestic,Silk,5.5 x 8.5,Vertical,Rectangle,16PT C2S,No Coating,Silk,n/a,4/4,1000,Score in Half,Moon Slits Bottom Panel,Yes 5000 Envelopes A2
Majestic,Silk,4.25 x 11,Horizontal,Rectangle,16PT C2S,No Coating,Silk,n/a,4/0,2500,Score in Half,Moon Slits Bottom Panel,Yes 5000 Envelopes A2
Majestic,Silk,5.5 x 8.5,Horizontal,Rectangle,16PT C2S,No Coating,Silk,n/a,4/0,2500,Score in Half,Moon Slits Bottom Panel,Yes 5000 Envelopes A2
Majestic,Silk,4.25 x 11,Vertical,Rectangle,16PT C2S,No Coating,Silk,n/a,4/0,2500,Score in Half,Moon Slits Bottom Panel,Yes 5000 Envelopes A2
Majestic,Silk,5.5 x 8.5,Vertical,Rectangle,16PT C2S,No Coating,Silk,n/a,4/0,2500,Score in Half,Moon Slits Bottom Panel,Yes 5000 Envelopes A2
Majestic,Silk,4.25 x 11,Horizontal,Rectangle,16PT C2S,No Coating,Silk,n/a,4/1,2500,Score in Half,Moon Slits Bottom Panel,Yes 5000 Envelopes A2
Majestic,Silk,5.5 x 8.5,Horizontal,Rectangle,16PT C2S,No Coating,Silk,n/a,4/1,2500,Score in Half,Moon Slits Bottom Panel,Yes 5000 Envelopes A2
Majestic,Silk,4.25 x 11,Vertical,Rectangle,16PT C2S,No Coating,Silk,n/a,4/1,2500,Score in Half,Moon Slits Bottom Panel,Yes 5000 Envelopes A2
Majestic,Silk,5.5 x 8.5,Vertical,Rectangle,16PT C2S,No Coating,Silk,n/a,4/1,2500,Score in Half,Moon Slits Bottom Panel,Yes 5000 Envelopes A2
Majestic,Silk,4.25 x 11,Horizontal,Rectangle,16PT C2S,No Coating,Silk,n/a,4/4,2500,Score in Half,Moon Slits Bottom Panel,Yes 5000 Envelopes A2
Majestic,Silk,5.5 x 8.5,Horizontal,Rectangle,16PT C2S,No Coating,Silk,n/a,4/4,2500,Score in Half,Moon Slits Bottom Panel,Yes 5000 Envelopes A2
Majestic,Silk,4.25 x 11,Vertical,Rectangle,16PT C2S,No Coating,Silk,n/a,4/4,2500,Score in Half,Moon Slits Bottom Panel,Yes 5000 Envelopes A2
Majestic,Silk,5.5 x 8.5,Vertical,Rectangle,16PT C2S,No Coating,Silk,n/a,4/4,2500,Score in Half,Moon Slits Bottom Panel,Yes 5000 Envelopes A2
Majestic,Silk,4.25 x 11,Horizontal,Rectangle,16PT C2S,No Coating,Silk,n/a,4/0,5000,Score in Half,Moon Slits Bottom Panel,Yes 5000 Envelopes A2
Majestic,Silk,5.5 x 8.5,Horizontal,Rectangle,16PT C2S,No Coating,Silk,n/a,4/0,5000,Score in Half,Moon Slits Bottom Panel,Yes 5000 Envelopes A2
Majestic,Silk,4.25 x 11,Vertical,Rectangle,16PT C2S,No Coating,Silk,n/a,4/0,5000,Score in Half,Moon Slits Bottom Panel,Yes 5000 Envelopes A2
Majestic,Silk,5.5 x 8.5,Vertical,Rectangle,16PT C2S,No Coating,Silk,n/a,4/0,5000,Score in Half,Moon Slits Bottom Panel,Yes 5000 Envelopes A2
Majestic,Silk,5.5 x 8.5,Horizontal,Rectangle,16PT C2S,No Coating,Silk,n/a,4/1,5000,Score in Half,Moon Slits Bottom Panel,Yes 5000 Envelopes A2
Majestic,Silk,4.25 x 11,Horizontal,Rectangle,16PT C2S,No Coating,Silk,n/a,4/1,5000,Score in Half,Moon Slits Bottom Panel,Yes 5000 Envelopes A2
Majestic,Silk,4.25 x 11,Vertical,Rectangle,16PT C2S,No Coating,Silk,n/a,4/1,5000,Score in Half,Moon Slits Bottom Panel,Yes 5000 Envelopes A2
Majestic,Silk,5.5 x 8.5,Vertical,Rectangle,16PT C2S,No Coating,Silk,n/a,4/1,5000,Score in Half,Moon Slits Bottom Panel,Yes 5000 Envelopes A2
Majestic,Silk,4.25 x 11,Horizontal,Rectangle,16PT C2S,No Coating,Silk,n/a,4/4,5000,Score in Half,Moon Slits Bottom Panel,Yes 5000 Envelopes A2
Majestic,Silk,4.25 x 11,Vertical,Rectangle,16PT C2S,No Coating,Silk,n/a,4/4,5000,Score in Half,Moon Slits Bottom Panel,Yes 5000 Envelopes A2
Majestic,Silk,5.5 x 8.5,Horizontal,Rectangle,16PT C2S,No Coating,Silk,n/a,4/4,5000,Score in Half,Moon Slits Bottom Panel,Yes 5000 Envelopes A2
Majestic,Silk,5.5 x 8.5,Vertical,Rectangle,16PT C2S,No Coating,Silk,n/a,4/4,5000,Score in Half,Moon Slits Bottom Panel,Yes 5000 Envelopes A2
Majestic,Silk,4.25 x 11,Horizontal,Rectangle,16PT C2S,No Coating,Silk,n/a,4/0,10000,Score in Half,Moon Slits Bottom Panel,Yes 5000 Envelopes A2
Majestic,Silk,5.5 x 8.5,Horizontal,Rectangle,16PT C2S,No Coating,Silk,n/a,4/0,10000,Score in Half,Moon Slits Bottom Panel,Yes 5000 Envelopes A2
Majestic,Silk,5.5 x 8.5,Vertical,Rectangle,16PT C2S,No Coating,Silk,n/a,4/0,10000,Score in Half,Moon Slits Bottom Panel,Yes 5000 Envelopes A2
Majestic,Silk,4.25 x 11,Horizontal,Rectangle,16PT C2S,No Coating,Silk,n/a,4/1,10000,Score in Half,Moon Slits Bottom Panel,Yes 5000 Envelopes A2
Majestic,Silk,5.5 x 8.5,Horizontal,Rectangle,16PT C2S,No Coating,Silk,n/a,4/1,10000,Score in Half,Moon Slits Bottom Panel,Yes 5000 Envelopes A2
Majestic,Silk,4.25 x 11,Vertical,Rectangle,16PT C2S,No Coating,Silk,n/a,4/0,10000,Score in Half,Moon Slits Bottom Panel,Yes 5000 Envelopes A2
Majestic,Silk,4.25 x 11,Vertical,Rectangle,16PT C2S,No Coating,Silk,n/a,4/1,10000,Score in Half,Moon Slits Bottom Panel,Yes 5000 Envelopes A2
Majestic,Silk,5.5 x 8.5,Vertical,Rectangle,16PT C2S,No Coating,Silk,n/a,4/1,10000,Score in Half,Moon Slits Bottom Panel,Yes 5000 Envelopes A2
Majestic,Silk,5.5 x 8.5,Vertical,Rectangle,16PT C2S,No Coating,Silk,n/a,4/4,10000,Score in Half,Moon Slits Bottom Panel,Yes 5000 Envelopes A2
Majestic,Silk,4.25 x 11,Vertical,Rectangle,16PT C2S,No Coating,Silk,n/a,4/4,10000,Score in Half,Moon Slits Bottom Panel,Yes 5000 Envelopes A2
Majestic,Silk,4.25 x 11,Horizontal,Rectangle,16PT C2S,No Coating,Silk,n/a,4/4,10000,Score in Half,Moon Slits Bottom Panel,Yes 5000 Envelopes A2
Majestic,Silk,5.5 x 8.5,Horizontal,Rectangle,16PT C2S,No Coating,Silk,n/a,4/4,10000,Score in Half,Moon Slits Bottom Panel,Yes 5000 Envelopes A2
Majestic,Silk,5.5 x 8.5,Horizontal,Rectangle,16PT C2S,No Coating,Silk,n/a,4/0,25,Score in Half,Moon Slits Right Panel,Yes 5000 Envelopes A2
Majestic,Silk,5.5 x 8.5,Vertical,Rectangle,16PT C2S,No Coating,Silk,n/a,4/0,25,Score in Half,Moon Slits Right Panel,Yes 5000 Envelopes A2
Majestic,Silk,4.25 x 11,Vertical,Rectangle,16PT C2S,No Coating,Silk,n/a,4/0,25,Score in Half,Moon Slits Right Panel,Yes 5000 Envelopes A2
Majestic,Silk,4.25 x 11,Horizontal,Rectangle,16PT C2S,No Coating,Silk,n/a,4/1,25,Score in Half,Moon Slits Right Panel,Yes 5000 Envelopes A2
Majestic,Silk,4.25 x 11,Horizontal,Rectangle,16PT C2S,No Coating,Silk,n/a,4/0,25,Score in Half,Moon Slits Right Panel,Yes 5000 Envelopes A2
Majestic,Silk,4.25 x 11,Vertical,Rectangle,16PT C2S,No Coating,Silk,n/a,4/1,25,Score in Half,Moon Slits Right Panel,Yes 5000 Envelopes A2
Majestic,Silk,5.5 x 8.5,Vertical,Rectangle,16PT C2S,No Coating,Silk,n/a,4/1,25,Score in Half,Moon Slits Right Panel,Yes 5000 Envelopes A2
Majestic,Silk,5.5 x 8.5,Horizontal,Rectangle,16PT C2S,No Coating,Silk,n/a,4/1,25,Score in Half,Moon Slits Right Panel,Yes 5000 Envelopes A2
Majestic,Silk,5.5 x 8.5,Horizontal,Rectangle,16PT C2S,No Coating,Silk,n/a,4/4,25,Score in Half,Moon Slits Right Panel,Yes 5000 Envelopes A2
Majestic,Silk,4.25 x 11,Vertical,Rectangle,16PT C2S,No Coating,Silk,n/a,4/4,25,Score in Half,Moon Slits Right Panel,Yes 5000 Envelopes A2
Majestic,Silk,5.5 x 8.5,Vertical,Rectangle,16PT C2S,No Coating,Silk,n/a,4/4,25,Score in Half,Moon Slits Right Panel,Yes 5000 Envelopes A2
Majestic,Silk,4.25 x 11,Horizontal,Rectangle,16PT C2S,No Coating,Silk,n/a,4/4,25,Score in Half,Moon Slits Right Panel,Yes 5000 Envelopes A2
Majestic,Silk,5.5 x 8.5,Horizontal,Rectangle,16PT C2S,No Coating,Silk,n/a,4/0,50,Score in Half,Moon Slits Right Panel,Yes 5000 Envelopes A2
Majestic,Silk,4.25 x 11,Vertical,Rectangle,16PT C2S,No Coating,Silk,n/a,4/0,50,Score in Half,Moon Slits Right Panel,Yes 5000 Envelopes A2
Majestic,Silk,5.5 x 8.5,Vertical,Rectangle,16PT C2S,No Coating,Silk,n/a,4/0,50,Score in Half,Moon Slits Right Panel,Yes 5000 Envelopes A2
Majestic,Silk,4.25 x 11,Horizontal,Rectangle,16PT C2S,No Coating,Silk,n/a,4/0,50,Score in Half,Moon Slits Right Panel,Yes 5000 Envelopes A2
Majestic,Silk,4.25 x 11,Horizontal,Rectangle,16PT C2S,No Coating,Silk,n/a,4/1,50,Score in Half,Moon Slits Right Panel,Yes 5000 Envelopes A2
Majestic,Silk,5.5 x 8.5,Horizontal,Rectangle,16PT C2S,No Coating,Silk,n/a,4/1,50,Score in Half,Moon Slits Right Panel,Yes 5000 Envelopes A2
Majestic,Silk,4.25 x 11,Vertical,Rectangle,16PT C2S,No Coating,Silk,n/a,4/1,50,Score in Half,Moon Slits Right Panel,Yes 5000 Envelopes A2
Majestic,Silk,4.25 x 11,Horizontal,Rectangle,16PT C2S,No Coating,Silk,n/a,4/4,50,Score in Half,Moon Slits Right Panel,Yes 5000 Envelopes A2
Majestic,Silk,5.5 x 8.5,Horizontal,Rectangle,16PT C2S,No Coating,Silk,n/a,4/4,50,Score in Half,Moon Slits Right Panel,Yes 5000 Envelopes A2
Majestic,Silk,5.5 x 8.5,Vertical,Rectangle,16PT C2S,No Coating,Silk,n/a,4/1,50,Score in Half,Moon Slits Right Panel,Yes 5000 Envelopes A2
Majestic,Silk,4.25 x 11,Vertical,Rectangle,16PT C2S,No Coating,Silk,n/a,4/4,50,Score in Half,Moon Slits Right Panel,Yes 5000 Envelopes A2
Majestic,Silk,5.5 x 8.5,Vertical,Rectangle,16PT C2S,No Coating,Silk,n/a,4/4,50,Score in Half,Moon Slits Right Panel,Yes 5000 Envelopes A2
Majestic,Silk,4.25 x 11,Horizontal,Rectangle,16PT C2S,No Coating,Silk,n/a,4/0,75,Score in Half,Moon Slits Right Panel,Yes 5000 Envelopes A2
Majestic,Silk,4.25 x 11,Vertical,Rectangle,16PT C2S,No Coating,Silk,n/a,4/0,75,Score in Half,Moon Slits Right Panel,Yes 5000 Envelopes A2
Majestic,Silk,5.5 x 8.5,Horizontal,Rectangle,16PT C2S,No Coating,Silk,n/a,4/0,75,Score in Half,Moon Slits Right Panel,Yes 5000 Envelopes A2
Majestic,Silk,5.5 x 8.5,Vertical,Rectangle,16PT C2S,No Coating,Silk,n/a,4/0,75,Score in Half,Moon Slits Right Panel,Yes 5000 Envelopes A2
Majestic,Silk,5.5 x 8.5,Horizontal,Rectangle,16PT C2S,No Coating,Silk,n/a,4/1,75,Score in Half,Moon Slits Right Panel,Yes 5000 Envelopes A2
Majestic,Silk,4.25 x 11,Vertical,Rectangle,16PT C2S,No Coating,Silk,n/a,4/1,75,Score in Half,Moon Slits Right Panel,Yes 5000 Envelopes A2
Majestic,Silk,5.5 x 8.5,Vertical,Rectangle,16PT C2S,No Coating,Silk,n/a,4/1,75,Score in Half,Moon Slits Right Panel,Yes 5000 Envelopes A2
Majestic,Silk,4.25 x 11,Horizontal,Rectangle,16PT C2S,No Coating,Silk,n/a,4/4,75,Score in Half,Moon Slits Right Panel,Yes 5000 Envelopes A2
Majestic,Silk,4.25 x 11,Horizontal,Rectangle,16PT C2S,No Coating,Silk,n/a,4/1,75,Score in Half,Moon Slits Right Panel,Yes 5000 Envelopes A2
Majestic,Silk,5.5 x 8.5,Horizontal,Rectangle,16PT C2S,No Coating,Silk,n/a,4/4,75,Score in Half,Moon Slits Right Panel,Yes 5000 Envelopes A2
Majestic,Silk,5.5 x 8.5,Vertical,Rectangle,16PT C2S,No Coating,Silk,n/a,4/4,75,Score in Half,Moon Slits Right Panel,Yes 5000 Envelopes A2
Majestic,Silk,4.25 x 11,Vertical,Rectangle,16PT C2S,No Coating,Silk,n/a,4/4,75,Score in Half,Moon Slits Right Panel,Yes 5000 Envelopes A2
Majestic,Silk,4.25 x 11,Vertical,Rectangle,16PT C2S,No Coating,Silk,n/a,4/0,100,Score in Half,Moon Slits Right Panel,Yes 5000 Envelopes A2
Majestic,Silk,5.5 x 8.5,Horizontal,Rectangle,16PT C2S,No Coating,Silk,n/a,4/0,100,Score in Half,Moon Slits Right Panel,Yes 5000 Envelopes A2
Majestic,Silk,4.25 x 11,Horizontal,Rectangle,16PT C2S,No Coating,Silk,n/a,4/0,100,Score in Half,Moon Slits Right Panel,Yes 5000 Envelopes A2
Majestic,Silk,4.25 x 11,Horizontal,Rectangle,16PT C2S,No Coating,Silk,n/a,4/1,100,Score in Half,Moon Slits Right Panel,Yes 5000 Envelopes A2
Majestic,Silk,5.5 x 8.5,Vertical,Rectangle,16PT C2S,No Coating,Silk,n/a,4/0,100,Score in Half,Moon Slits Right Panel,Yes 5000 Envelopes A2
Majestic,Silk,4.25 x 11,Vertical,Rectangle,16PT C2S,No Coating,Silk,n/a,4/1,100,Score in Half,Moon Slits Right Panel,Yes 5000 Envelopes A2
Majestic,Silk,5.5 x 8.5,Horizontal,Rectangle,16PT C2S,No Coating,Silk,n/a,4/1,100,Score in Half,Moon Slits Right Panel,Yes 5000 Envelopes A2
Majestic,Silk,5.5 x 8.5,Vertical,Rectangle,16PT C2S,No Coating,Silk,n/a,4/1,100,Score in Half,Moon Slits Right Panel,Yes 5000 Envelopes A2
Majestic,Silk,5.5 x 8.5,Horizontal,Rectangle,16PT C2S,No Coating,Silk,n/a,4/4,100,Score in Half,Moon Slits Right Panel,Yes 5000 Envelopes A2
Majestic,Silk,5.5 x 8.5,Vertical,Rectangle,16PT C2S,No Coating,Silk,n/a,4/0,500,Score in Half,Moon Slits Bottom Panel,Yes 5000 Envelopes A2
Majestic,Silk,4.25 x 11,Vertical,Rectangle,16PT C2S,No Coating,Silk,n/a,4/4,100,Score in Half,Moon Slits Right Panel,Yes 5000 Envelopes A2
Majestic,Silk,5.5 x 8.5,Vertical,Rectangle,16PT C2S,No Coating,Silk,n/a,4/4,100,Score in Half,Moon Slits Right Panel,Yes 5000 Envelopes A2
Majestic,Silk,4.25 x 11,Horizontal,Rectangle,16PT C2S,No Coating,Silk,n/a,4/0,250,Score in Half,Moon Slits Right Panel,Yes 5000 Envelopes A2
Majestic,Silk,4.25 x 11,Vertical,Rectangle,16PT C2S,No Coating,Silk,n/a,4/0,250,Score in Half,Moon Slits Right Panel,Yes 5000 Envelopes A2
Majestic,Silk,5.5 x 8.5,Horizontal,Rectangle,16PT C2S,No Coating,Silk,n/a,4/0,250,Score in Half,Moon Slits Right Panel,Yes 5000 Envelopes A2
Majestic,Silk,5.5 x 8.5,Vertical,Rectangle,16PT C2S,No Coating,Silk,n/a,4/0,250,Score in Half,Moon Slits Right Panel,Yes 5000 Envelopes A2
Majestic,Silk,5.5 x 8.5,Horizontal,Rectangle,16PT C2S,No Coating,Silk,n/a,4/1,250,Score in Half,Moon Slits Right Panel,Yes 5000 Envelopes A2
Majestic,Silk,4.25 x 11,Vertical,Rectangle,16PT C2S,No Coating,Silk,n/a,4/1,250,Score in Half,Moon Slits Right Panel,Yes 5000 Envelopes A2
Majestic,Silk,4.25 x 11,Horizontal,Rectangle,16PT C2S,No Coating,Silk,n/a,4/1,250,Score in Half,Moon Slits Right Panel,Yes 5000 Envelopes A2
Majestic,Silk,4.25 x 11,Horizontal,Rectangle,16PT C2S,No Coating,Silk,n/a,4/4,250,Score in Half,Moon Slits Right Panel,Yes 5000 Envelopes A2
Majestic,Silk,5.5 x 8.5,Vertical,Rectangle,16PT C2S,No Coating,Silk,n/a,4/1,250,Score in Half,Moon Slits Right Panel,Yes 5000 Envelopes A2
Majestic,Silk,5.5 x 8.5,Horizontal,Rectangle,16PT C2S,No Coating,Silk,n/a,4/4,250,Score in Half,Moon Slits Right Panel,Yes 5000 Envelopes A2
Majestic,Silk,5.5 x 8.5,Vertical,Rectangle,16PT C2S,No Coating,Silk,n/a,4/4,250,Score in Half,Moon Slits Right Panel,Yes 5000 Envelopes A2
Majestic,Silk,4.25 x 11,Horizontal,Rectangle,16PT C2S,No Coating,Silk,n/a,4/0,500,Score in Half,Moon Slits Right Panel,Yes 5000 Envelopes A2
Majestic,Silk,4.25 x 11,Vertical,Rectangle,16PT C2S,No Coating,Silk,n/a,4/0,500,Score in Half,Moon Slits Right Panel,Yes 5000 Envelopes A2
Majestic,Silk,4.25 x 11,Vertical,Rectangle,16PT C2S,No Coating,Silk,n/a,4/4,250,Score in Half,Moon Slits Right Panel,Yes 5000 Envelopes A2
Majestic,Silk,5.5 x 8.5,Horizontal,Rectangle,16PT C2S,No Coating,Silk,n/a,4/0,500,Score in Half,Moon Slits Right Panel,Yes 5000 Envelopes A2
Majestic,Silk,5.5 x 8.5,Vertical,Rectangle,16PT C2S,No Coating,Silk,n/a,4/0,500,Score in Half,Moon Slits Right Panel,Yes 5000 Envelopes A2
Majestic,Silk,5.5 x 8.5,Horizontal,Rectangle,16PT C2S,No Coating,Silk,n/a,4/1,500,Score in Half,Moon Slits Right Panel,Yes 5000 Envelopes A2
Majestic,Silk,4.25 x 11,Vertical,Rectangle,16PT C2S,No Coating,Silk,n/a,4/1,500,Score in Half,Moon Slits Right Panel,Yes 5000 Envelopes A2
Majestic,Silk,5.5 x 8.5,Vertical,Rectangle,16PT C2S,No Coating,Silk,n/a,4/1,500,Score in Half,Moon Slits Right Panel,Yes 5000 Envelopes A2
Majestic,Silk,4.25 x 11,Horizontal,Rectangle,16PT C2S,No Coating,Silk,n/a,4/1,500,Score in Half,Moon Slits Right Panel,Yes 5000 Envelopes A2
Majestic,Silk,4.25 x 11,Vertical,Rectangle,16PT C2S,No Coating,Silk,n/a,4/4,500,Score in Half,Moon Slits Right Panel,Yes 5000 Envelopes A2
Majestic,Silk,5.5 x 8.5,Horizontal,Rectangle,16PT C2S,No Coating,Silk,n/a,4/4,500,Score in Half,Moon Slits Right Panel,Yes 5000 Envelopes A2
Majestic,Silk,5.5 x 8.5,Vertical,Rectangle,16PT C2S,No Coating,Silk,n/a,4/4,500,Score in Half,Moon Slits Right Panel,Yes 5000 Envelopes A2
Majestic,Silk,4.25 x 11,Horizontal,Rectangle,16PT C2S,No Coating,Silk,n/a,4/4,500,Score in Half,Moon Slits Right Panel,Yes 5000 Envelopes A2
Majestic,Silk,4.25 x 11,Horizontal,Rectangle,16PT C2S,No Coating,Silk,n/a,4/0,1000,Score in Half,Moon Slits Right Panel,Yes 5000 Envelopes A2
Majestic,Silk,5.5 x 8.5,Horizontal,Rectangle,16PT C2S,No Coating,Silk,n/a,4/0,1000,Score in Half,Moon Slits Right Panel,Yes 5000 Envelopes A2
Majestic,Silk,4.25 x 11,Vertical,Rectangle,16PT C2S,No Coating,Silk,n/a,4/0,1000,Score in Half,Moon Slits Right Panel,Yes 5000 Envelopes A2
Majestic,Silk,4.25 x 11,Horizontal,Rectangle,16PT C2S,No Coating,Silk,n/a,4/1,1000,Score in Half,Moon Slits Right Panel,Yes 5000 Envelopes A2
Majestic,Silk,4.25 x 11,Vertical,Rectangle,16PT C2S,No Coating,Silk,n/a,4/1,1000,Score in Half,Moon Slits Right Panel,Yes 5000 Envelopes A2
Majestic,Silk,5.5 x 8.5,Horizontal,Rectangle,16PT C2S,No Coating,Silk,n/a,4/1,1000,Score in Half,Moon Slits Right Panel,Yes 5000 Envelopes A2
Majestic,Silk,5.5 x 8.5,Vertical,Rectangle,16PT C2S,No Coating,Silk,n/a,4/0,1000,Score in Half,Moon Slits Right Panel,Yes 5000 Envelopes A2
Majestic,Silk,5.5 x 8.5,Horizontal,Rectangle,16PT C2S,No Coating,Silk,n/a,4/4,1000,Score in Half,Moon Slits Right Panel,Yes 5000 Envelopes A2
Majestic,Silk,5.5 x 8.5,Vertical,Rectangle,16PT C2S,No Coating,Silk,n/a,4/1,1000,Score in Half,Moon Slits Right Panel,Yes 5000 Envelopes A2
Majestic,Silk,4.25 x 11,Horizontal,Rectangle,16PT C2S,No Coating,Silk,n/a,4/4,1000,Score in Half,Moon Slits Right Panel,Yes 5000 Envelopes A2
Majestic,Silk,5.5 x 8.5,Vertical,Rectangle,16PT C2S,No Coating,Silk,n/a,4/4,1000,Score in Half,Moon Slits Right Panel,Yes 5000 Envelopes A2
Majestic,Silk,4.25 x 11,Vertical,Rectangle,16PT C2S,No Coating,Silk,n/a,4/4,1000,Score in Half,Moon Slits Right Panel,Yes 5000 Envelopes A2
Majestic,Silk,5.5 x 8.5,Horizontal,Rectangle,16PT C2S,No Coating,Silk,n/a,4/0,2500,Score in Half,Moon Slits Right Panel,Yes 5000 Envelopes A2
Majestic,Silk,4.25 x 11,Horizontal,Rectangle,16PT C2S,No Coating,Silk,n/a,4/0,2500,Score in Half,Moon Slits Right Panel,Yes 5000 Envelopes A2
Majestic,Silk,4.25 x 11,Vertical,Rectangle,16PT C2S,No Coating,Silk,n/a,4/0,2500,Score in Half,Moon Slits Right Panel,Yes 5000 Envelopes A2
Majestic,Silk,5.5 x 8.5,Vertical,Rectangle,16PT C2S,No Coating,Silk,n/a,4/0,2500,Score in Half,Moon Slits Right Panel,Yes 5000 Envelopes A2
Majestic,Silk,4.25 x 11,Horizontal,Rectangle,16PT C2S,No Coating,Silk,n/a,4/4,100,Score in Half,Moon Slits Right Panel,Yes 5000 Envelopes A2
Majestic,Silk,5.5 x 8.5,Horizontal,Rectangle,16PT C2S,No Coating,Silk,n/a,4/1,2500,Score in Half,Moon Slits Right Panel,Yes 5000 Envelopes A2
Majestic,Silk,4.25 x 11,Horizontal,Rectangle,16PT C2S,No Coating,Silk,n/a,4/1,2500,Score in Half,Moon Slits Right Panel,Yes 5000 Envelopes A2
Majestic,Silk,4.25 x 11,Horizontal,Rectangle,16PT C2S,No Coating,Silk,n/a,4/4,2500,Score in Half,Moon Slits Right Panel,Yes 5000 Envelopes A2
Majestic,Silk,5.5 x 8.5,Vertical,Rectangle,16PT C2S,No Coating,Silk,n/a,4/1,2500,Score in Half,Moon Slits Right Panel,Yes 5000 Envelopes A2
Majestic,Silk,4.25 x 11,Vertical,Rectangle,16PT C2S,No Coating,Silk,n/a,4/1,2500,Score in Half,Moon Slits Right Panel,Yes 5000 Envelopes A2
Majestic,Silk,5.5 x 8.5,Vertical,Rectangle,16PT C2S,No Coating,Silk,n/a,4/4,2500,Score in Half,Moon Slits Right Panel,Yes 5000 Envelopes A2
Majestic,Silk,4.25 x 11,Vertical,Rectangle,16PT C2S,No Coating,Silk,n/a,4/4,2500,Score in Half,Moon Slits Right Panel,Yes 5000 Envelopes A2
Majestic,Silk,5.5 x 8.5,Horizontal,Rectangle,16PT C2S,No Coating,Silk,n/a,4/4,2500,Score in Half,Moon Slits Right Panel,Yes 5000 Envelopes A2
Majestic,Silk,5.5 x 8.5,Horizontal,Rectangle,16PT C2S,No Coating,Silk,n/a,4/0,5000,Score in Half,Moon Slits Right Panel,Yes 5000 Envelopes A2
Majestic,Silk,4.25 x 11,Vertical,Rectangle,16PT C2S,No Coating,Silk,n/a,4/0,5000,Score in Half,Moon Slits Right Panel,Yes 5000 Envelopes A2
Majestic,Silk,5.5 x 8.5,Vertical,Rectangle,16PT C2S,No Coating,Silk,n/a,4/0,5000,Score in Half,Moon Slits Right Panel,Yes 5000 Envelopes A2
Majestic,Silk,4.25 x 11,Horizontal,Rectangle,16PT C2S,No Coating,Silk,n/a,4/1,5000,Score in Half,Moon Slits Right Panel,Yes 5000 Envelopes A2
Majestic,Silk,4.25 x 11,Vertical,Rectangle,16PT C2S,No Coating,Silk,n/a,4/1,5000,Score in Half,Moon Slits Right Panel,Yes 5000 Envelopes A2
Majestic,Silk,5.5 x 8.5,Horizontal,Rectangle,16PT C2S,No Coating,Silk,n/a,4/1,5000,Score in Half,Moon Slits Right Panel,Yes 5000 Envelopes A2
Majestic,Silk,4.25 x 11,Vertical,Rectangle,16PT C2S,No Coating,Silk,n/a,4/1,2500,Score in Half,Slide Slits Bottom Panel,Yes 2500 Envelopes A2
Majestic,Silk,5.5 x 8.5,Horizontal,Rectangle,16PT C2S,No Coating,Silk,n/a,4/4,5000,Score in Half,Moon Slits Right Panel,Yes 5000 Envelopes A2
Majestic,Silk,5.5 x 8.5,Vertical,Rectangle,16PT C2S,No Coating,Silk,n/a,4/1,5000,Score in Half,Moon Slits Right Panel,Yes 5000 Envelopes A2
Majestic,Silk,5.5 x 8.5,Vertical,Rectangle,16PT C2S,No Coating,Silk,n/a,4/4,5000,Score in Half,Moon Slits Right Panel,Yes 5000 Envelopes A2
Majestic,Silk,4.25 x 11,Vertical,Rectangle,16PT C2S,No Coating,Silk,n/a,4/4,5000,Score in Half,Moon Slits Right Panel,Yes 5000 Envelopes A2
Majestic,Silk,4.25 x 11,Horizontal,Rectangle,16PT C2S,No Coating,Silk,n/a,4/0,10000,Score in Half,Moon Slits Right Panel,Yes 5000 Envelopes A2
Majestic,Silk,4.25 x 11,Horizontal,Rectangle,16PT C2S,No Coating,Silk,n/a,4/4,5000,Score in Half,Moon Slits Right Panel,Yes 5000 Envelopes A2
Majestic,Silk,5.5 x 8.5,Horizontal,Rectangle,16PT C2S,No Coating,Silk,n/a,4/0,10000,Score in Half,Moon Slits Right Panel,Yes 5000 Envelopes A2
Majestic,Silk,4.25 x 11,Vertical,Rectangle,16PT C2S,No Coating,Silk,n/a,4/0,10000,Score in Half,Moon Slits Right Panel,Yes 5000 Envelopes A2
Majestic,Silk,5.5 x 8.5,Horizontal,Rectangle,16PT C2S,No Coating,Silk,n/a,4/1,10000,Score in Half,Moon Slits Right Panel,Yes 5000 Envelopes A2
Majestic,Silk,4.25 x 11,Vertical,Rectangle,16PT C2S,No Coating,Silk,n/a,4/1,10000,Score in Half,Moon Slits Right Panel,Yes 5000 Envelopes A2
Majestic,Silk,5.5 x 8.5,Vertical,Rectangle,16PT C2S,No Coating,Silk,n/a,4/0,10000,Score in Half,Moon Slits Right Panel,Yes 5000 Envelopes A2
Majestic,Silk,5.5 x 8.5,Vertical,Rectangle,16PT C2S,No Coating,Silk,n/a,4/1,10000,Score in Half,Moon Slits Right Panel,Yes 5000 Envelopes A2
Majestic,Silk,4.25 x 11,Horizontal,Rectangle,16PT C2S,No Coating,Silk,n/a,4/4,10000,Score in Half,Moon Slits Right Panel,Yes 5000 Envelopes A2
Majestic,Silk,5.5 x 8.5,Horizontal,Rectangle,16PT C2S,No Coating,Silk,n/a,4/4,10000,Score in Half,Moon Slits Right Panel,Yes 5000 Envelopes A2
Majestic,Silk,5.5 x 8.5,Vertical,Rectangle,16PT C2S,No Coating,Silk,n/a,4/4,10000,Score in Half,Moon Slits Right Panel,Yes 5000 Envelopes A2
Majestic,Silk,4.25 x 11,Vertical,Rectangle,16PT C2S,No Coating,Silk,n/a,4/4,10000,Score in Half,Moon Slits Right Panel,Yes 5000 Envelopes A2
Majestic,Silk,4.25 x 11,Horizontal,Rectangle,16PT C2S,No Coating,Silk,n/a,4/0,25,Score in Half,No Gift Cards Slits,Yes 5000 Envelopes A2
Majestic,Silk,5.5 x 8.5,Horizontal,Rectangle,16PT C2S,No Coating,Silk,n/a,4/0,25,Score in Half,No Gift Cards Slits,Yes 5000 Envelopes A2
Majestic,Silk,4.25 x 11,Vertical,Rectangle,16PT C2S,No Coating,Silk,n/a,4/0,25,Score in Half,No Gift Cards Slits,Yes 5000 Envelopes A2
Majestic,Silk,5.5 x 8.5,Vertical,Rectangle,16PT C2S,No Coating,Silk,n/a,4/0,25,Score in Half,No Gift Cards Slits,Yes 5000 Envelopes A2
Majestic,Silk,4.25 x 11,Horizontal,Rectangle,16PT C2S,No Coating,Silk,n/a,4/1,25,Score in Half,No Gift Cards Slits,Yes 5000 Envelopes A2
Majestic,Silk,5.5 x 8.5,Horizontal,Rectangle,16PT C2S,No Coating,Silk,n/a,4/1,25,Score in Half,No Gift Cards Slits,Yes 5000 Envelopes A2
Majestic,Silk,4.25 x 11,Vertical,Rectangle,16PT C2S,No Coating,Silk,n/a,4/1,25,Score in Half,No Gift Cards Slits,Yes 5000 Envelopes A2
Majestic,Silk,5.5 x 8.5,Vertical,Rectangle,16PT C2S,No Coating,Silk,n/a,4/1,25,Score in Half,No Gift Cards Slits,Yes 5000 Envelopes A2
Majestic,Silk,4.25 x 11,Horizontal,Rectangle,16PT C2S,No Coating,Silk,n/a,4/4,25,Score in Half,No Gift Cards Slits,Yes 5000 Envelopes A2
Majestic,Silk,5.5 x 8.5,Horizontal,Rectangle,16PT C2S,No Coating,Silk,n/a,4/4,25,Score in Half,No Gift Cards Slits,Yes 5000 Envelopes A2
Majestic,Silk,4.25 x 11,Vertical,Rectangle,16PT C2S,No Coating,Silk,n/a,4/4,25,Score in Half,No Gift Cards Slits,Yes 5000 Envelopes A2
Majestic,Silk,5.5 x 8.5,Vertical,Rectangle,16PT C2S,No Coating,Silk,n/a,4/4,25,Score in Half,No Gift Cards Slits,Yes 5000 Envelopes A2
Majestic,Silk,4.25 x 11,Horizontal,Rectangle,16PT C2S,No Coating,Silk,n/a,4/0,50,Score in Half,No Gift Cards Slits,Yes 5000 Envelopes A2
Majestic,Silk,5.5 x 8.5,Horizontal,Rectangle,16PT C2S,No Coating,Silk,n/a,4/0,50,Score in Half,No Gift Cards Slits,Yes 5000 Envelopes A2
Majestic,Silk,4.25 x 11,Vertical,Rectangle,16PT C2S,No Coating,Silk,n/a,4/0,50,Score in Half,No Gift Cards Slits,Yes 5000 Envelopes A2
Majestic,Silk,5.5 x 8.5,Vertical,Rectangle,16PT C2S,No Coating,Silk,n/a,4/0,50,Score in Half,No Gift Cards Slits,Yes 5000 Envelopes A2
Majestic,Silk,4.25 x 11,Horizontal,Rectangle,16PT C2S,No Coating,Silk,n/a,4/1,50,Score in Half,No Gift Cards Slits,Yes 5000 Envelopes A2
Majestic,Silk,5.5 x 8.5,Horizontal,Rectangle,16PT C2S,No Coating,Silk,n/a,4/1,50,Score in Half,No Gift Cards Slits,Yes 5000 Envelopes A2
Majestic,Silk,4.25 x 11,Vertical,Rectangle,16PT C2S,No Coating,Silk,n/a,4/1,50,Score in Half,No Gift Cards Slits,Yes 5000 Envelopes A2
Majestic,Silk,4.25 x 11,Horizontal,Rectangle,16PT C2S,No Coating,Silk,n/a,4/4,50,Score in Half,No Gift Cards Slits,Yes 5000 Envelopes A2
Majestic,Silk,5.5 x 8.5,Vertical,Rectangle,16PT C2S,No Coating,Silk,n/a,4/1,50,Score in Half,No Gift Cards Slits,Yes 5000 Envelopes A2
Majestic,Silk,4.25 x 11,Vertical,Rectangle,16PT C2S,No Coating,Silk,n/a,4/4,50,Score in Half,No Gift Cards Slits,Yes 5000 Envelopes A2
Majestic,Silk,5.5 x 8.5,Horizontal,Rectangle,16PT C2S,No Coating,Silk,n/a,4/4,50,Score in Half,No Gift Cards Slits,Yes 5000 Envelopes A2
Majestic,Silk,4.25 x 11,Horizontal,Rectangle,16PT C2S,No Coating,Silk,n/a,4/0,75,Score in Half,No Gift Cards Slits,Yes 5000 Envelopes A2
Majestic,Silk,5.5 x 8.5,Vertical,Rectangle,16PT C2S,No Coating,Silk,n/a,4/4,50,Score in Half,No Gift Cards Slits,Yes 5000 Envelopes A2
Majestic,Silk,5.5 x 8.5,Horizontal,Rectangle,16PT C2S,No Coating,Silk,n/a,4/0,75,Score in Half,No Gift Cards Slits,Yes 5000 Envelopes A2
Majestic,Silk,4.25 x 11,Vertical,Rectangle,16PT C2S,No Coating,Silk,n/a,4/0,75,Score in Half,No Gift Cards Slits,Yes 5000 Envelopes A2
Majestic,Silk,5.5 x 8.5,Vertical,Rectangle,16PT C2S,No Coating,Silk,n/a,4/0,75,Score in Half,No Gift Cards Slits,Yes 5000 Envelopes A2
Majestic,Silk,4.25 x 11,Horizontal,Rectangle,16PT C2S,No Coating,Silk,n/a,4/1,75,Score in Half,No Gift Cards Slits,Yes 5000 Envelopes A2
Majestic,Silk,5.5 x 8.5,Horizontal,Rectangle,16PT C2S,No Coating,Silk,n/a,4/1,75,Score in Half,No Gift Cards Slits,Yes 5000 Envelopes A2
Majestic,Silk,4.25 x 11,Vertical,Rectangle,16PT C2S,No Coating,Silk,n/a,4/1,75,Score in Half,No Gift Cards Slits,Yes 5000 Envelopes A2
Majestic,Silk,5.5 x 8.5,Vertical,Rectangle,16PT C2S,No Coating,Silk,n/a,4/1,75,Score in Half,No Gift Cards Slits,Yes 5000 Envelopes A2
Majestic,Silk,4.25 x 11,Horizontal,Rectangle,16PT C2S,No Coating,Silk,n/a,4/4,75,Score in Half,No Gift Cards Slits,Yes 5000 Envelopes A2
Majestic,Silk,5.5 x 8.5,Horizontal,Rectangle,16PT C2S,No Coating,Silk,n/a,4/4,75,Score in Half,No Gift Cards Slits,Yes 5000 Envelopes A2
Majestic,Silk,4.25 x 11,Vertical,Rectangle,16PT C2S,No Coating,Silk,n/a,4/4,75,Score in Half,No Gift Cards Slits,Yes 5000 Envelopes A2
Majestic,Silk,5.5 x 8.5,Vertical,Rectangle,16PT C2S,No Coating,Silk,n/a,4/4,75,Score in Half,No Gift Cards Slits,Yes 5000 Envelopes A2
Majestic,Silk,4.25 x 11,Horizontal,Rectangle,16PT C2S,No Coating,Silk,n/a,4/0,100,Score in Half,No Gift Cards Slits,Yes 5000 Envelopes A2
Majestic,Silk,5.5 x 8.5,Horizontal,Rectangle,16PT C2S,No Coating,Silk,n/a,4/0,100,Score in Half,No Gift Cards Slits,Yes 5000 Envelopes A2
Majestic,Silk,4.25 x 11,Horizontal,Rectangle,16PT C2S,No Coating,Silk,n/a,4/1,10000,Score in Half,Moon Slits Right Panel,Yes 5000 Envelopes A2
Majestic,Silk,4.25 x 11,Horizontal,Rectangle,16PT C2S,No Coating,Silk,n/a,4/1,100,Score in Half,No Gift Cards Slits,Yes 5000 Envelopes A2
Majestic,Silk,5.5 x 8.5,Horizontal,Rectangle,16PT C2S,No Coating,Silk,n/a,4/1,100,Score in Half,No Gift Cards Slits,Yes 5000 Envelopes A2
Majestic,Silk,4.25 x 11,Vertical,Rectangle,16PT C2S,No Coating,Silk,n/a,4/1,100,Score in Half,No Gift Cards Slits,Yes 5000 Envelopes A2
Majestic,Silk,5.5 x 8.5,Vertical,Rectangle,16PT C2S,No Coating,Silk,n/a,4/1,100,Score in Half,No Gift Cards Slits,Yes 5000 Envelopes A2
Majestic,Silk,4.25 x 11,Horizontal,Rectangle,16PT C2S,No Coating,Silk,n/a,4/4,100,Score in Half,No Gift Cards Slits,Yes 5000 Envelopes A2
Majestic,Silk,4.25 x 11,Vertical,Rectangle,16PT C2S,No Coating,Silk,n/a,4/4,100,Score in Half,No Gift Cards Slits,Yes 5000 Envelopes A2
Majestic,Silk,5.5 x 8.5,Vertical,Rectangle,16PT C2S,No Coating,Silk,n/a,4/0,100,Score in Half,No Gift Cards Slits,Yes 5000 Envelopes A2
Majestic,Silk,5.5 x 8.5,Vertical,Rectangle,16PT C2S,No Coating,Silk,n/a,4/4,100,Score in Half,No Gift Cards Slits,Yes 5000 Envelopes A2
Majestic,Silk,5.5 x 8.5,Horizontal,Rectangle,16PT C2S,No Coating,Silk,n/a,4/4,100,Score in Half,No Gift Cards Slits,Yes 5000 Envelopes A2
Majestic,Silk,4.25 x 11,Horizontal,Rectangle,16PT C2S,No Coating,Silk,n/a,4/0,250,Score in Half,No Gift Cards Slits,Yes 5000 Envelopes A2
Majestic,Silk,5.5 x 8.5,Horizontal,Rectangle,16PT C2S,No Coating,Silk,n/a,4/0,250,Score in Half,No Gift Cards Slits,Yes 5000 Envelopes A2
Majestic,Silk,4.25 x 11,Horizontal,Rectangle,16PT C2S,No Coating,Silk,n/a,4/1,250,Score in Half,No Gift Cards Slits,Yes 5000 Envelopes A2
Majestic,Silk,5.5 x 8.5,Vertical,Rectangle,16PT C2S,No Coating,Silk,n/a,4/0,250,Score in Half,No Gift Cards Slits,Yes 5000 Envelopes A2
Majestic,Silk,4.25 x 11,Vertical,Rectangle,16PT C2S,No Coating,Silk,n/a,4/0,250,Score in Half,No Gift Cards Slits,Yes 5000 Envelopes A2
Majestic,Silk,5.5 x 8.5,Horizontal,Rectangle,16PT C2S,No Coating,Silk,n/a,4/1,250,Score in Half,No Gift Cards Slits,Yes 5000 Envelopes A2
Majestic,Silk,4.25 x 11,Vertical,Rectangle,16PT C2S,No Coating,Silk,n/a,4/1,250,Score in Half,No Gift Cards Slits,Yes 5000 Envelopes A2
Majestic,Silk,4.25 x 11,Horizontal,Rectangle,16PT C2S,No Coating,Silk,n/a,4/4,250,Score in Half,No Gift Cards Slits,Yes 5000 Envelopes A2
Majestic,Silk,5.5 x 8.5,Horizontal,Rectangle,16PT C2S,No Coating,Silk,n/a,4/4,250,Score in Half,No Gift Cards Slits,Yes 5000 Envelopes A2
Majestic,Silk,4.25 x 11,Vertical,Rectangle,16PT C2S,No Coating,Silk,n/a,4/4,250,Score in Half,No Gift Cards Slits,Yes 5000 Envelopes A2
Majestic,Silk,5.5 x 8.5,Vertical,Rectangle,16PT C2S,No Coating,Silk,n/a,4/4,250,Score in Half,No Gift Cards Slits,Yes 5000 Envelopes A2
Majestic,Silk,4.25 x 11,Horizontal,Rectangle,16PT C2S,No Coating,Silk,n/a,4/0,500,Score in Half,No Gift Cards Slits,Yes 5000 Envelopes A2
Majestic,Silk,5.5 x 8.5,Horizontal,Rectangle,16PT C2S,No Coating,Silk,n/a,4/0,500,Score in Half,No Gift Cards Slits,Yes 5000 Envelopes A2
Majestic,Silk,4.25 x 11,Vertical,Rectangle,16PT C2S,No Coating,Silk,n/a,4/0,500,Score in Half,No Gift Cards Slits,Yes 5000 Envelopes A2
Majestic,Silk,5.5 x 8.5,Vertical,Rectangle,16PT C2S,No Coating,Silk,n/a,4/0,500,Score in Half,No Gift Cards Slits,Yes 5000 Envelopes A2
Majestic,Silk,4.25 x 11,Horizontal,Rectangle,16PT C2S,No Coating,Silk,n/a,4/1,500,Score in Half,No Gift Cards Slits,Yes 5000 Envelopes A2
Majestic,Silk,5.5 x 8.5,Horizontal,Rectangle,16PT C2S,No Coating,Silk,n/a,4/1,500,Score in Half,No Gift Cards Slits,Yes 5000 Envelopes A2
Majestic,Silk,4.25 x 11,Horizontal,Rectangle,16PT C2S,No Coating,Silk,n/a,4/0,5000,Score in Half,Moon Slits Right Panel,Yes 5000 Envelopes A2
Majestic,Silk,4.25 x 11,Horizontal,Rectangle,16PT C2S,No Coating,Silk,n/a,4/4,75,Score in Half,Moon Slits Bottom Panel,Yes 5000 Envelopes A2
Majestic,Silk,4.25 x 11,Horizontal,Rectangle,16PT C2S,No Coating,Silk,n/a,4/4,500,Score in Half,No Gift Cards Slits,Yes 5000 Envelopes A2
Majestic,Silk,5.5 x 8.5,Horizontal,Rectangle,16PT C2S,No Coating,Silk,n/a,4/4,500,Score in Half,No Gift Cards Slits,Yes 5000 Envelopes A2
Majestic,Silk,5.5 x 8.5,Vertical,Rectangle,16PT C2S,No Coating,Silk,n/a,4/4,500,Score in Half,No Gift Cards Slits,Yes 5000 Envelopes A2
Majestic,Silk,5.5 x 8.5,Vertical,Rectangle,16PT C2S,No Coating,Silk,n/a,4/1,500,Score in Half,No Gift Cards Slits,Yes 5000 Envelopes A2
Majestic,Silk,4.25 x 11,Horizontal,Rectangle,16PT C2S,No Coating,Silk,n/a,4/0,1000,Score in Half,No Gift Cards Slits,Yes 5000 Envelopes A2
Majestic,Silk,5.5 x 8.5,Horizontal,Rectangle,16PT C2S,No Coating,Silk,n/a,4/0,1000,Score in Half,No Gift Cards Slits,Yes 5000 Envelopes A2
Majestic,Silk,4.25 x 11,Vertical,Rectangle,16PT C2S,No Coating,Silk,n/a,4/0,1000,Score in Half,No Gift Cards Slits,Yes 5000 Envelopes A2
Majestic,Silk,5.5 x 8.5,Vertical,Rectangle,16PT C2S,No Coating,Silk,n/a,4/0,1000,Score in Half,No Gift Cards Slits,Yes 5000 Envelopes A2
Majestic,Silk,4.25 x 11,Horizontal,Rectangle,16PT C2S,No Coating,Silk,n/a,4/1,1000,Score in Half,No Gift Cards Slits,Yes 5000 Envelopes A2
Majestic,Silk,5.5 x 8.5,Horizontal,Rectangle,16PT C2S,No Coating,Silk,n/a,4/1,1000,Score in Half,No Gift Cards Slits,Yes 5000 Envelopes A2
Majestic,Silk,5.5 x 8.5,Vertical,Rectangle,16PT C2S,No Coating,Silk,n/a,4/1,250,Score in Half,No Gift Cards Slits,Yes 5000 Envelopes A2
Majestic,Silk,4.25 x 11,Vertical,Rectangle,16PT C2S,No Coating,Silk,n/a,4/1,1000,Score in Half,No Gift Cards Slits,Yes 5000 Envelopes A2
Majestic,Silk,5.5 x 8.5,Vertical,Rectangle,16PT C2S,No Coating,Silk,n/a,4/1,1000,Score in Half,No Gift Cards Slits,Yes 5000 Envelopes A2
Majestic,Silk,4.25 x 11,Horizontal,Rectangle,16PT C2S,No Coating,Silk,n/a,4/4,1000,Score in Half,No Gift Cards Slits,Yes 5000 Envelopes A2
Majestic,Silk,4.25 x 11,Vertical,Rectangle,16PT C2S,No Coating,Silk,n/a,4/4,1000,Score in Half,No Gift Cards Slits,Yes 5000 Envelopes A2
Majestic,Silk,5.5 x 8.5,Horizontal,Rectangle,16PT C2S,No Coating,Silk,n/a,4/0,2500,Score in Half,No Gift Cards Slits,Yes 5000 Envelopes A2
Majestic,Silk,4.25 x 11,Horizontal,Rectangle,16PT C2S,No Coating,Silk,n/a,4/0,2500,Score in Half,No Gift Cards Slits,Yes 5000 Envelopes A2
Majestic,Silk,5.5 x 8.5,Vertical,Rectangle,16PT C2S,No Coating,Silk,n/a,4/4,1000,Score in Half,No Gift Cards Slits,Yes 5000 Envelopes A2
Majestic,Silk,5.5 x 8.5,Horizontal,Rectangle,16PT C2S,No Coating,Silk,n/a,4/4,1000,Score in Half,No Gift Cards Slits,Yes 5000 Envelopes A2
Majestic,Silk,4.25 x 11,Vertical,Rectangle,16PT C2S,No Coating,Silk,n/a,4/0,2500,Score in Half,No Gift Cards Slits,Yes 5000 Envelopes A2
Majestic,Silk,4.25 x 11,Horizontal,Rectangle,16PT C2S,No Coating,Silk,n/a,4/1,2500,Score in Half,No Gift Cards Slits,Yes 5000 Envelopes A2
Majestic,Silk,5.5 x 8.5,Horizontal,Rectangle,16PT C2S,No Coating,Silk,n/a,4/1,2500,Score in Half,No Gift Cards Slits,Yes 5000 Envelopes A2
Majestic,Silk,4.25 x 11,Vertical,Rectangle,16PT C2S,No Coating,Silk,n/a,4/1,2500,Score in Half,No Gift Cards Slits,Yes 5000 Envelopes A2
Majestic,Silk,5.5 x 8.5,Vertical,Rectangle,16PT C2S,No Coating,Silk,n/a,4/1,2500,Score in Half,No Gift Cards Slits,Yes 5000 Envelopes A2
Majestic,Silk,4.25 x 11,Horizontal,Rectangle,16PT C2S,No Coating,Silk,n/a,4/4,2500,Score in Half,No Gift Cards Slits,Yes 5000 Envelopes A2
Majestic,Silk,5.5 x 8.5,Vertical,Rectangle,16PT C2S,No Coating,Silk,n/a,4/0,2500,Score in Half,No Gift Cards Slits,Yes 5000 Envelopes A2
Majestic,Silk,5.5 x 8.5,Horizontal,Rectangle,16PT C2S,No Coating,Silk,n/a,4/4,2500,Score in Half,No Gift Cards Slits,Yes 5000 Envelopes A2
Majestic,Silk,4.25 x 11,Vertical,Rectangle,16PT C2S,No Coating,Silk,n/a,4/4,2500,Score in Half,No Gift Cards Slits,Yes 5000 Envelopes A2
Majestic,Silk,4.25 x 11,Vertical,Rectangle,16PT C2S,No Coating,Silk,n/a,4/0,5000,Score in Half,No Gift Cards Slits,Yes 5000 Envelopes A2
Majestic,Silk,5.5 x 8.5,Vertical,Rectangle,16PT C2S,No Coating,Silk,n/a,4/4,2500,Score in Half,No Gift Cards Slits,Yes 5000 Envelopes A2
Majestic,Silk,4.25 x 11,Horizontal,Rectangle,16PT C2S,No Coating,Silk,n/a,4/0,5000,Score in Half,No Gift Cards Slits,Yes 5000 Envelopes A2
Majestic,Silk,5.5 x 8.5,Vertical,Rectangle,16PT C2S,No Coating,Silk,n/a,4/0,5000,Score in Half,No Gift Cards Slits,Yes 5000 Envelopes A2
Majestic,Silk,5.5 x 8.5,Horizontal,Rectangle,16PT C2S,No Coating,Silk,n/a,4/0,5000,Score in Half,No Gift Cards Slits,Yes 5000 Envelopes A2
Majestic,Silk,5.5 x 8.5,Horizontal,Rectangle,16PT C2S,No Coating,Silk,n/a,4/1,5000,Score in Half,No Gift Cards Slits,Yes 5000 Envelopes A2
Majestic,Silk,4.25 x 11,Horizontal,Rectangle,16PT C2S,No Coating,Silk,n/a,4/1,5000,Score in Half,No Gift Cards Slits,Yes 5000 Envelopes A2
Majestic,Silk,4.25 x 11,Horizontal,Rectangle,16PT C2S,No Coating,Silk,n/a,4/4,5000,Score in Half,No Gift Cards Slits,Yes 5000 Envelopes A2
Majestic,Silk,5.5 x 8.5,Vertical,Rectangle,16PT C2S,No Coating,Silk,n/a,4/1,5000,Score in Half,No Gift Cards Slits,Yes 5000 Envelopes A2
Majestic,Silk,4.25 x 11,Vertical,Rectangle,16PT C2S,No Coating,Silk,n/a,4/0,100,Score in Half,No Gift Cards Slits,Yes 5000 Envelopes A2
Majestic,Silk,4.25 x 11,Vertical,Rectangle,16PT C2S,No Coating,Silk,n/a,4/4,5000,Score in Half,No Gift Cards Slits,Yes 5000 Envelopes A2
Majestic,Silk,5.5 x 8.5,Vertical,Rectangle,16PT C2S,No Coating,Silk,n/a,4/4,5000,Score in Half,No Gift Cards Slits,Yes 5000 Envelopes A2
Majestic,Silk,4.25 x 11,Horizontal,Rectangle,16PT C2S,No Coating,Silk,n/a,4/0,10000,Score in Half,No Gift Cards Slits,Yes 5000 Envelopes A2
Majestic,Silk,4.25 x 11,Vertical,Rectangle,16PT C2S,No Coating,Silk,n/a,4/0,10000,Score in Half,No Gift Cards Slits,Yes 5000 Envelopes A2
Majestic,Silk,5.5 x 8.5,Vertical,Rectangle,16PT C2S,No Coating,Silk,n/a,4/0,10000,Score in Half,No Gift Cards Slits,Yes 5000 Envelopes A2
Majestic,Silk,4.25 x 11,Vertical,Rectangle,16PT C2S,No Coating,Silk,n/a,4/1,5000,Score in Half,No Gift Cards Slits,Yes 5000 Envelopes A2
Majestic,Silk,4.25 x 11,Horizontal,Rectangle,16PT C2S,No Coating,Silk,n/a,4/1,10000,Score in Half,No Gift Cards Slits,Yes 5000 Envelopes A2
Majestic,Silk,5.5 x 8.5,Horizontal,Rectangle,16PT C2S,No Coating,Silk,n/a,4/1,10000,Score in Half,No Gift Cards Slits,Yes 5000 Envelopes A2
Majestic,Silk,5.5 x 8.5,Horizontal,Rectangle,16PT C2S,No Coating,Silk,n/a,4/0,10000,Score in Half,No Gift Cards Slits,Yes 5000 Envelopes A2
Majestic,Silk,4.25 x 11,Vertical,Rectangle,16PT C2S,No Coating,Silk,n/a,4/1,10000,Score in Half,No Gift Cards Slits,Yes 5000 Envelopes A2
Majestic,Silk,4.25 x 11,Horizontal,Rectangle,16PT C2S,No Coating,Silk,n/a,4/4,10000,Score in Half,No Gift Cards Slits,Yes 5000 Envelopes A2
Majestic,Silk,5.5 x 8.5,Vertical,Rectangle,16PT C2S,No Coating,Silk,n/a,4/1,10000,Score in Half,No Gift Cards Slits,Yes 5000 Envelopes A2
Majestic,Silk,4.25 x 11,Vertical,Rectangle,16PT C2S,No Coating,Silk,n/a,4/4,10000,Score in Half,No Gift Cards Slits,Yes 5000 Envelopes A2
Majestic,Silk,5.5 x 8.5,Vertical,Rectangle,16PT C2S,No Coating,Silk,n/a,4/4,10000,Score in Half,No Gift Cards Slits,Yes 5000 Envelopes A2
Majestic,Silk,4.25 x 11,Horizontal,Rectangle,16PT C2S,No Coating,Silk,n/a,4/0,25,Score in Half,Slide Slits Bottom Panel,Yes 5000 Envelopes A2
Majestic,Silk,5.5 x 8.5,Horizontal,Rectangle,16PT C2S,No Coating,Silk,n/a,4/4,10000,Score in Half,No Gift Cards Slits,Yes 5000 Envelopes A2
Majestic,Silk,4.25 x 11,Vertical,Rectangle,16PT C2S,No Coating,Silk,n/a,4/0,25,Score in Half,Slide Slits Bottom Panel,Yes 5000 Envelopes A2
Majestic,Silk,5.5 x 8.5,Vertical,Rectangle,16PT C2S,No Coating,Silk,n/a,4/0,25,Score in Half,Slide Slits Bottom Panel,Yes 5000 Envelopes A2
Majestic,Silk,5.5 x 8.5,Horizontal,Rectangle,16PT C2S,No Coating,Silk,n/a,4/1,25,Score in Half,Slide Slits Bottom Panel,Yes 5000 Envelopes A2
Majestic,Silk,4.25 x 11,Horizontal,Rectangle,16PT C2S,No Coating,Silk,n/a,4/1,25,Score in Half,Slide Slits Bottom Panel,Yes 5000 Envelopes A2
Majestic,Silk,5.5 x 8.5,Horizontal,Rectangle,16PT C2S,No Coating,Silk,n/a,4/4,5000,Score in Half,No Gift Cards Slits,Yes 5000 Envelopes A2
Majestic,Silk,4.25 x 11,Vertical,Rectangle,16PT C2S,No Coating,Silk,n/a,4/1,25,Score in Half,Slide Slits Bottom Panel,Yes 5000 Envelopes A2
Majestic,Silk,5.5 x 8.5,Vertical,Rectangle,16PT C2S,No Coating,Silk,n/a,4/1,25,Score in Half,Slide Slits Bottom Panel,Yes 5000 Envelopes A2
Majestic,Silk,4.25 x 11,Horizontal,Rectangle,16PT C2S,No Coating,Silk,n/a,4/4,25,Score in Half,Slide Slits Bottom Panel,Yes 5000 Envelopes A2
Majestic,Silk,4.25 x 11,Vertical,Rectangle,16PT C2S,No Coating,Silk,n/a,4/4,25,Score in Half,Slide Slits Bottom Panel,Yes 5000 Envelopes A2
Majestic,Silk,5.5 x 8.5,Horizontal,Rectangle,16PT C2S,No Coating,Silk,n/a,4/4,25,Score in Half,Slide Slits Bottom Panel,Yes 5000 Envelopes A2
Majestic,Silk,5.5 x 8.5,Vertical,Rectangle,16PT C2S,No Coating,Silk,n/a,4/4,25,Score in Half,Slide Slits Bottom Panel,Yes 5000 Envelopes A2
Majestic,Silk,4.25 x 11,Horizontal,Rectangle,16PT C2S,No Coating,Silk,n/a,4/0,50,Score in Half,Slide Slits Bottom Panel,Yes 5000 Envelopes A2
Majestic,Silk,5.5 x 8.5,Horizontal,Rectangle,16PT C2S,No Coating,Silk,n/a,4/0,50,Score in Half,Slide Slits Bottom Panel,Yes 5000 Envelopes A2
Majestic,Silk,4.25 x 11,Vertical,Rectangle,16PT C2S,No Coating,Silk,n/a,4/0,50,Score in Half,Slide Slits Bottom Panel,Yes 5000 Envelopes A2
Majestic,Silk,5.5 x 8.5,Vertical,Rectangle,16PT C2S,No Coating,Silk,n/a,4/0,50,Score in Half,Slide Slits Bottom Panel,Yes 5000 Envelopes A2
Majestic,Silk,4.25 x 11,Horizontal,Rectangle,16PT C2S,No Coating,Silk,n/a,4/1,50,Score in Half,Slide Slits Bottom Panel,Yes 5000 Envelopes A2
Majestic,Silk,5.5 x 8.5,Horizontal,Rectangle,16PT C2S,No Coating,Silk,n/a,4/1,50,Score in Half,Slide Slits Bottom Panel,Yes 5000 Envelopes A2
Majestic,Silk,5.5 x 8.5,Vertical,Rectangle,16PT C2S,No Coating,Silk,n/a,4/1,50,Score in Half,Slide Slits Bottom Panel,Yes 5000 Envelopes A2
Majestic,Silk,4.25 x 11,Vertical,Rectangle,16PT C2S,No Coating,Silk,n/a,4/1,50,Score in Half,Slide Slits Bottom Panel,Yes 5000 Envelopes A2
Majestic,Silk,4.25 x 11,Vertical,Rectangle,16PT C2S,No Coating,Silk,n/a,4/4,500,Score in Half,No Gift Cards Slits,Yes 5000 Envelopes A2
Majestic,Silk,5.5 x 8.5,Horizontal,Rectangle,16PT C2S,No Coating,Silk,n/a,4/4,50,Score in Half,Slide Slits Bottom Panel,Yes 5000 Envelopes A2
Majestic,Silk,4.25 x 11,Vertical,Rectangle,16PT C2S,No Coating,Silk,n/a,4/4,50,Score in Half,Slide Slits Bottom Panel,Yes 5000 Envelopes A2
Majestic,Silk,4.25 x 11,Horizontal,Rectangle,16PT C2S,No Coating,Silk,n/a,4/0,75,Score in Half,Slide Slits Bottom Panel,Yes 5000 Envelopes A2
Majestic,Silk,5.5 x 8.5,Horizontal,Rectangle,16PT C2S,No Coating,Silk,n/a,4/0,75,Score in Half,Slide Slits Bottom Panel,Yes 5000 Envelopes A2
Majestic,Silk,5.5 x 8.5,Vertical,Rectangle,16PT C2S,No Coating,Silk,n/a,4/4,50,Score in Half,Slide Slits Bottom Panel,Yes 5000 Envelopes A2
Majestic,Silk,4.25 x 11,Vertical,Rectangle,16PT C2S,No Coating,Silk,n/a,4/0,75,Score in Half,Slide Slits Bottom Panel,Yes 5000 Envelopes A2
Majestic,Silk,5.5 x 8.5,Vertical,Rectangle,16PT C2S,No Coating,Silk,n/a,4/0,75,Score in Half,Slide Slits Bottom Panel,Yes 5000 Envelopes A2
Majestic,Silk,5.5 x 8.5,Horizontal,Rectangle,16PT C2S,No Coating,Silk,n/a,4/0,25,Score in Half,Slide Slits Bottom Panel,Yes 5000 Envelopes A2
Majestic,Silk,4.25 x 11,Vertical,Rectangle,16PT C2S,No Coating,Silk,n/a,4/1,75,Score in Half,Slide Slits Bottom Panel,Yes 5000 Envelopes A2
Majestic,Silk,5.5 x 8.5,Horizontal,Rectangle,16PT C2S,No Coating,Silk,n/a,4/1,75,Score in Half,Slide Slits Bottom Panel,Yes 5000 Envelopes A2
Majestic,Silk,5.5 x 8.5,Vertical,Rectangle,16PT C2S,No Coating,Silk,n/a,4/1,75,Score in Half,Slide Slits Bottom Panel,Yes 5000 Envelopes A2
Majestic,Silk,4.25 x 11,Horizontal,Rectangle,16PT C2S,No Coating,Silk,n/a,4/4,75,Score in Half,Slide Slits Bottom Panel,Yes 5000 Envelopes A2
Majestic,Silk,4.25 x 11,Vertical,Rectangle,16PT C2S,No Coating,Silk,n/a,4/1,500,Score in Half,No Gift Cards Slits,Yes 5000 Envelopes A2
Majestic,Silk,4.25 x 11,Vertical,Rectangle,16PT C2S,No Coating,Silk,n/a,4/4,75,Score in Half,Slide Slits Bottom Panel,Yes 5000 Envelopes A2
Majestic,Silk,5.5 x 8.5,Vertical,Rectangle,16PT C2S,No Coating,Silk,n/a,4/4,75,Score in Half,Slide Slits Bottom Panel,Yes 5000 Envelopes A2
Majestic,Silk,4.25 x 11,Horizontal,Rectangle,16PT C2S,No Coating,Silk,n/a,4/0,100,Score in Half,Slide Slits Bottom Panel,Yes 5000 Envelopes A2
Majestic,Silk,5.5 x 8.5,Horizontal,Rectangle,16PT C2S,No Coating,Silk,n/a,4/0,100,Score in Half,Slide Slits Bottom Panel,Yes 5000 Envelopes A2
Majestic,Silk,4.25 x 11,Vertical,Rectangle,16PT C2S,No Coating,Silk,n/a,4/0,100,Score in Half,Slide Slits Bottom Panel,Yes 5000 Envelopes A2
Majestic,Silk,4.25 x 11,Horizontal,Rectangle,16PT C2S,No Coating,Silk,n/a,4/1,75,Score in Half,Slide Slits Bottom Panel,Yes 5000 Envelopes A2
Majestic,Silk,5.5 x 8.5,Horizontal,Rectangle,16PT C2S,No Coating,Silk,n/a,4/1,100,Score in Half,Slide Slits Bottom Panel,Yes 5000 Envelopes A2
Majestic,Silk,4.25 x 11,Vertical,Rectangle,16PT C2S,No Coating,Silk,n/a,4/1,100,Score in Half,Slide Slits Bottom Panel,Yes 5000 Envelopes A2
Majestic,Silk,4.25 x 11,Horizontal,Rectangle,16PT C2S,No Coating,Silk,n/a,4/1,100,Score in Half,Slide Slits Bottom Panel,Yes 5000 Envelopes A2
Majestic,Silk,5.5 x 8.5,Vertical,Rectangle,16PT C2S,No Coating,Silk,n/a,4/1,100,Score in Half,Slide Slits Bottom Panel,Yes 5000 Envelopes A2
Majestic,Silk,4.25 x 11,Horizontal,Rectangle,16PT C2S,No Coating,Silk,n/a,4/4,100,Score in Half,Slide Slits Bottom Panel,Yes 5000 Envelopes A2
Majestic,Silk,5.5 x 8.5,Horizontal,Rectangle,16PT C2S,No Coating,Silk,n/a,4/4,100,Score in Half,Slide Slits Bottom Panel,Yes 5000 Envelopes A2
Majestic,Silk,4.25 x 11,Vertical,Rectangle,16PT C2S,No Coating,Silk,n/a,4/4,100,Score in Half,Slide Slits Bottom Panel,Yes 5000 Envelopes A2
Majestic,Silk,5.5 x 8.5,Vertical,Rectangle,16PT C2S,No Coating,Silk,n/a,4/4,100,Score in Half,Slide Slits Bottom Panel,Yes 5000 Envelopes A2
Majestic,Silk,4.25 x 11,Horizontal,Rectangle,16PT C2S,No Coating,Silk,n/a,4/0,250,Score in Half,Slide Slits Bottom Panel,Yes 5000 Envelopes A2
Majestic,Silk,4.25 x 11,Vertical,Rectangle,16PT C2S,No Coating,Silk,n/a,4/0,250,Score in Half,Slide Slits Bottom Panel,Yes 5000 Envelopes A2
Majestic,Silk,5.5 x 8.5,Horizontal,Rectangle,16PT C2S,No Coating,Silk,n/a,4/0,250,Score in Half,Slide Slits Bottom Panel,Yes 5000 Envelopes A2
Majestic,Silk,5.5 x 8.5,Vertical,Rectangle,16PT C2S,No Coating,Silk,n/a,4/0,250,Score in Half,Slide Slits Bottom Panel,Yes 5000 Envelopes A2
Majestic,Silk,4.25 x 11,Horizontal,Rectangle,16PT C2S,No Coating,Silk,n/a,4/1,250,Score in Half,Slide Slits Bottom Panel,Yes 5000 Envelopes A2
Majestic,Silk,5.5 x 8.5,Horizontal,Rectangle,16PT C2S,No Coating,Silk,n/a,4/1,250,Score in Half,Slide Slits Bottom Panel,Yes 5000 Envelopes A2
Majestic,Silk,4.25 x 11,Vertical,Rectangle,16PT C2S,No Coating,Silk,n/a,4/1,250,Score in Half,Slide Slits Bottom Panel,Yes 5000 Envelopes A2
Majestic,Silk,5.5 x 8.5,Horizontal,Rectangle,16PT C2S,No Coating,Silk,n/a,4/4,75,Score in Half,Slide Slits Bottom Panel,Yes 5000 Envelopes A2
Majestic,Silk,4.25 x 11,Horizontal,Rectangle,16PT C2S,No Coating,Silk,n/a,4/4,250,Score in Half,Slide Slits Bottom Panel,Yes 5000 Envelopes A2
Majestic,Silk,5.5 x 8.5,Horizontal,Rectangle,16PT C2S,No Coating,Silk,n/a,4/4,250,Score in Half,Slide Slits Bottom Panel,Yes 5000 Envelopes A2
Majestic,Silk,5.5 x 8.5,Vertical,Rectangle,16PT C2S,No Coating,Silk,n/a,4/4,250,Score in Half,Slide Slits Bottom Panel,Yes 5000 Envelopes A2
Majestic,Silk,4.25 x 11,Vertical,Rectangle,16PT C2S,No Coating,Silk,n/a,4/4,250,Score in Half,Slide Slits Bottom Panel,Yes 5000 Envelopes A2
Majestic,Silk,4.25 x 11,Horizontal,Rectangle,16PT C2S,No Coating,Silk,n/a,4/0,500,Score in Half,Slide Slits Bottom Panel,Yes 5000 Envelopes A2
Majestic,Silk,5.5 x 8.5,Horizontal,Rectangle,16PT C2S,No Coating,Silk,n/a,4/0,500,Score in Half,Slide Slits Bottom Panel,Yes 5000 Envelopes A2
Majestic,Silk,4.25 x 11,Vertical,Rectangle,16PT C2S,No Coating,Silk,n/a,4/0,500,Score in Half,Slide Slits Bottom Panel,Yes 5000 Envelopes A2
Majestic,Silk,5.5 x 8.5,Vertical,Rectangle,16PT C2S,No Coating,Silk,n/a,4/0,500,Score in Half,Slide Slits Bottom Panel,Yes 5000 Envelopes A2
Majestic,Silk,4.25 x 11,Horizontal,Rectangle,16PT C2S,No Coating,Silk,n/a,4/1,500,Score in Half,Slide Slits Bottom Panel,Yes 5000 Envelopes A2
Majestic,Silk,5.5 x 8.5,Horizontal,Rectangle,16PT C2S,No Coating,Silk,n/a,4/1,500,Score in Half,Slide Slits Bottom Panel,Yes 5000 Envelopes A2
Majestic,Silk,4.25 x 11,Vertical,Rectangle,16PT C2S,No Coating,Silk,n/a,4/1,500,Score in Half,Slide Slits Bottom Panel,Yes 5000 Envelopes A2
Majestic,Silk,5.5 x 8.5,Vertical,Rectangle,16PT C2S,No Coating,Silk,n/a,4/1,500,Score in Half,Slide Slits Bottom Panel,Yes 5000 Envelopes A2
Majestic,Silk,4.25 x 11,Horizontal,Rectangle,16PT C2S,No Coating,Silk,n/a,4/4,500,Score in Half,Slide Slits Bottom Panel,Yes 5000 Envelopes A2
Majestic,Silk,5.5 x 8.5,Horizontal,Rectangle,16PT C2S,No Coating,Silk,n/a,4/4,500,Score in Half,Slide Slits Bottom Panel,Yes 5000 Envelopes A2
Majestic,Silk,4.25 x 11,Vertical,Rectangle,16PT C2S,No Coating,Silk,n/a,4/4,500,Score in Half,Slide Slits Bottom Panel,Yes 5000 Envelopes A2
Majestic,Silk,5.5 x 8.5,Vertical,Rectangle,16PT C2S,No Coating,Silk,n/a,4/4,500,Score in Half,Slide Slits Bottom Panel,Yes 5000 Envelopes A2
Majestic,Silk,4.25 x 11,Horizontal,Rectangle,16PT C2S,No Coating,Silk,n/a,4/0,1000,Score in Half,Slide Slits Bottom Panel,Yes 5000 Envelopes A2
Majestic,Silk,5.5 x 8.5,Horizontal,Rectangle,16PT C2S,No Coating,Silk,n/a,4/0,1000,Score in Half,Slide Slits Bottom Panel,Yes 5000 Envelopes A2
Majestic,Silk,4.25 x 11,Vertical,Rectangle,16PT C2S,No Coating,Silk,n/a,4/0,1000,Score in Half,Slide Slits Bottom Panel,Yes 5000 Envelopes A2
Majestic,Silk,5.5 x 8.5,Vertical,Rectangle,16PT C2S,No Coating,Silk,n/a,4/0,1000,Score in Half,Slide Slits Bottom Panel,Yes 5000 Envelopes A2
Majestic,Silk,4.25 x 11,Horizontal,Rectangle,16PT C2S,No Coating,Silk,n/a,4/1,1000,Score in Half,Slide Slits Bottom Panel,Yes 5000 Envelopes A2
Majestic,Silk,5.5 x 8.5,Horizontal,Rectangle,16PT C2S,No Coating,Silk,n/a,4/1,1000,Score in Half,Slide Slits Bottom Panel,Yes 5000 Envelopes A2
Majestic,Silk,4.25 x 11,Vertical,Rectangle,16PT C2S,No Coating,Silk,n/a,4/1,1000,Score in Half,Slide Slits Bottom Panel,Yes 5000 Envelopes A2
Majestic,Silk,5.5 x 8.5,Vertical,Rectangle,16PT C2S,No Coating,Silk,n/a,4/1,1000,Score in Half,Slide Slits Bottom Panel,Yes 5000 Envelopes A2
Majestic,Silk,4.25 x 11,Horizontal,Rectangle,16PT C2S,No Coating,Silk,n/a,4/4,1000,Score in Half,Slide Slits Bottom Panel,Yes 5000 Envelopes A2
Majestic,Silk,5.5 x 8.5,Horizontal,Rectangle,16PT C2S,No Coating,Silk,n/a,4/4,1000,Score in Half,Slide Slits Bottom Panel,Yes 5000 Envelopes A2
Majestic,Silk,4.25 x 11,Vertical,Rectangle,16PT C2S,No Coating,Silk,n/a,4/4,1000,Score in Half,Slide Slits Bottom Panel,Yes 5000 Envelopes A2
Majestic,Silk,5.5 x 8.5,Vertical,Rectangle,16PT C2S,No Coating,Silk,n/a,4/4,1000,Score in Half,Slide Slits Bottom Panel,Yes 5000 Envelopes A2
Majestic,Silk,4.25 x 11,Horizontal,Rectangle,16PT C2S,No Coating,Silk,n/a,4/0,2500,Score in Half,Slide Slits Bottom Panel,Yes 5000 Envelopes A2
Majestic,Silk,5.5 x 8.5,Horizontal,Rectangle,16PT C2S,No Coating,Silk,n/a,4/0,2500,Score in Half,Slide Slits Bottom Panel,Yes 5000 Envelopes A2
Majestic,Silk,4.25 x 11,Vertical,Rectangle,16PT C2S,No Coating,Silk,n/a,4/0,2500,Score in Half,Slide Slits Bottom Panel,Yes 5000 Envelopes A2
Majestic,Silk,5.5 x 8.5,Vertical,Rectangle,16PT C2S,No Coating,Silk,n/a,4/0,2500,Score in Half,Slide Slits Bottom Panel,Yes 5000 Envelopes A2
Majestic,Silk,4.25 x 11,Horizontal,Rectangle,16PT C2S,No Coating,Silk,n/a,4/1,2500,Score in Half,Slide Slits Bottom Panel,Yes 5000 Envelopes A2
Majestic,Silk,5.5 x 8.5,Horizontal,Rectangle,16PT C2S,No Coating,Silk,n/a,4/1,2500,Score in Half,Slide Slits Bottom Panel,Yes 5000 Envelopes A2
Majestic,Silk,4.25 x 11,Vertical,Rectangle,16PT C2S,No Coating,Silk,n/a,4/1,2500,Score in Half,Slide Slits Bottom Panel,Yes 5000 Envelopes A2
Majestic,Silk,5.5 x 8.5,Vertical,Rectangle,16PT C2S,No Coating,Silk,n/a,4/1,2500,Score in Half,Slide Slits Bottom Panel,Yes 5000 Envelopes A2
Majestic,Silk,4.25 x 11,Horizontal,Rectangle,16PT C2S,No Coating,Silk,n/a,4/4,2500,Score in Half,Slide Slits Bottom Panel,Yes 5000 Envelopes A2
Majestic,Silk,5.5 x 8.5,Horizontal,Rectangle,16PT C2S,No Coating,Silk,n/a,4/4,2500,Score in Half,Slide Slits Bottom Panel,Yes 5000 Envelopes A2
Majestic,Silk,4.25 x 11,Vertical,Rectangle,16PT C2S,No Coating,Silk,n/a,4/4,2500,Score in Half,Slide Slits Bottom Panel,Yes 5000 Envelopes A2
Majestic,Silk,5.5 x 8.5,Vertical,Rectangle,16PT C2S,No Coating,Silk,n/a,4/4,2500,Score in Half,Slide Slits Bottom Panel,Yes 5000 Envelopes A2
Majestic,Silk,4.25 x 11,Horizontal,Rectangle,16PT C2S,No Coating,Silk,n/a,4/0,5000,Score in Half,Slide Slits Bottom Panel,Yes 5000 Envelopes A2
Majestic,Silk,5.5 x 8.5,Horizontal,Rectangle,16PT C2S,No Coating,Silk,n/a,4/0,5000,Score in Half,Slide Slits Bottom Panel,Yes 5000 Envelopes A2
Majestic,Silk,4.25 x 11,Vertical,Rectangle,16PT C2S,No Coating,Silk,n/a,4/0,5000,Score in Half,Slide Slits Bottom Panel,Yes 5000 Envelopes A2
Majestic,Silk,5.5 x 8.5,Vertical,Rectangle,16PT C2S,No Coating,Silk,n/a,4/0,5000,Score in Half,Slide Slits Bottom Panel,Yes 5000 Envelopes A2
Majestic,Silk,5.5 x 8.5,Horizontal,Rectangle,16PT C2S,No Coating,Silk,n/a,4/1,5000,Score in Half,Slide Slits Bottom Panel,Yes 5000 Envelopes A2
Majestic,Silk,4.25 x 11,Horizontal,Rectangle,16PT C2S,No Coating,Silk,n/a,4/1,5000,Score in Half,Slide Slits Bottom Panel,Yes 5000 Envelopes A2
Majestic,Silk,4.25 x 11,Vertical,Rectangle,16PT C2S,No Coating,Silk,n/a,4/1,5000,Score in Half,Slide Slits Bottom Panel,Yes 5000 Envelopes A2
Majestic,Silk,5.5 x 8.5,Vertical,Rectangle,16PT C2S,No Coating,Silk,n/a,4/1,5000,Score in Half,Slide Slits Bottom Panel,Yes 5000 Envelopes A2
Majestic,Silk,4.25 x 11,Horizontal,Rectangle,16PT C2S,No Coating,Silk,n/a,4/4,5000,Score in Half,Slide Slits Bottom Panel,Yes 5000 Envelopes A2
Majestic,Silk,5.5 x 8.5,Horizontal,Rectangle,16PT C2S,No Coating,Silk,n/a,4/4,5000,Score in Half,Slide Slits Bottom Panel,Yes 5000 Envelopes A2
Majestic,Silk,4.25 x 11,Vertical,Rectangle,16PT C2S,No Coating,Silk,n/a,4/4,5000,Score in Half,Slide Slits Bottom Panel,Yes 5000 Envelopes A2
Majestic,Silk,5.5 x 8.5,Vertical,Rectangle,16PT C2S,No Coating,Silk,n/a,4/4,5000,Score in Half,Slide Slits Bottom Panel,Yes 5000 Envelopes A2
Majestic,Silk,4.25 x 11,Horizontal,Rectangle,16PT C2S,No Coating,Silk,n/a,4/0,10000,Score in Half,Slide Slits Bottom Panel,Yes 5000 Envelopes A2
Majestic,Silk,5.5 x 8.5,Horizontal,Rectangle,16PT C2S,No Coating,Silk,n/a,4/0,10000,Score in Half,Slide Slits Bottom Panel,Yes 5000 Envelopes A2
Majestic,Silk,4.25 x 11,Vertical,Rectangle,16PT C2S,No Coating,Silk,n/a,4/0,10000,Score in Half,Slide Slits Bottom Panel,Yes 5000 Envelopes A2
Majestic,Silk,5.5 x 8.5,Vertical,Rectangle,16PT C2S,No Coating,Silk,n/a,4/0,10000,Score in Half,Slide Slits Bottom Panel,Yes 5000 Envelopes A2
Majestic,Silk,4.25 x 11,Horizontal,Rectangle,16PT C2S,No Coating,Silk,n/a,4/1,10000,Score in Half,Slide Slits Bottom Panel,Yes 5000 Envelopes A2
Majestic,Silk,5.5 x 8.5,Horizontal,Rectangle,16PT C2S,No Coating,Silk,n/a,4/1,10000,Score in Half,Slide Slits Bottom Panel,Yes 5000 Envelopes A2
Majestic,Silk,5.5 x 8.5,Vertical,Rectangle,16PT C2S,No Coating,Silk,n/a,4/1,10000,Score in Half,Slide Slits Bottom Panel,Yes 5000 Envelopes A2
Majestic,Silk,4.25 x 11,Vertical,Rectangle,16PT C2S,No Coating,Silk,n/a,4/1,10000,Score in Half,Slide Slits Bottom Panel,Yes 5000 Envelopes A2
Majestic,Silk,4.25 x 11,Horizontal,Rectangle,16PT C2S,No Coating,Silk,n/a,4/4,10000,Score in Half,Slide Slits Bottom Panel,Yes 5000 Envelopes A2
Majestic,Silk,5.5 x 8.5,Horizontal,Rectangle,16PT C2S,No Coating,Silk,n/a,4/4,10000,Score in Half,Slide Slits Bottom Panel,Yes 5000 Envelopes A2
Majestic,Silk,5.5 x 8.5,Vertical,Rectangle,16PT C2S,No Coating,Silk,n/a,4/4,10000,Score in Half,Slide Slits Bottom Panel,Yes 5000 Envelopes A2
Majestic,Silk,4.25 x 11,Vertical,Rectangle,16PT C2S,No Coating,Silk,n/a,4/4,10000,Score in Half,Slide Slits Bottom Panel,Yes 5000 Envelopes A2
Majestic,Silk,4.25 x 11,Horizontal,Rectangle,16PT C2S,No Coating,Silk,n/a,4/0,25,Score in Half,Slide Slits Right Panel,Yes 5000 Envelopes A2
Majestic,Silk,5.5 x 8.5,Horizontal,Rectangle,16PT C2S,No Coating,Silk,n/a,4/0,25,Score in Half,Slide Slits Right Panel,Yes 5000 Envelopes A2
Majestic,Silk,4.25 x 11,Vertical,Rectangle,16PT C2S,No Coating,Silk,n/a,4/0,25,Score in Half,Slide Slits Right Panel,Yes 5000 Envelopes A2
Majestic,Silk,5.5 x 8.5,Vertical,Rectangle,16PT C2S,No Coating,Silk,n/a,4/0,25,Score in Half,Slide Slits Right Panel,Yes 5000 Envelopes A2
Majestic,Silk,4.25 x 11,Horizontal,Rectangle,16PT C2S,No Coating,Silk,n/a,4/1,25,Score in Half,Slide Slits Right Panel,Yes 5000 Envelopes A2
Majestic,Silk,5.5 x 8.5,Horizontal,Rectangle,16PT C2S,No Coating,Silk,n/a,4/1,25,Score in Half,Slide Slits Right Panel,Yes 5000 Envelopes A2
Majestic,Silk,4.25 x 11,Vertical,Rectangle,16PT C2S,No Coating,Silk,n/a,4/1,25,Score in Half,Slide Slits Right Panel,Yes 5000 Envelopes A2
Majestic,Silk,5.5 x 8.5,Vertical,Rectangle,16PT C2S,No Coating,Silk,n/a,4/1,25,Score in Half,Slide Slits Right Panel,Yes 5000 Envelopes A2
Majestic,Silk,4.25 x 11,Horizontal,Rectangle,16PT C2S,No Coating,Silk,n/a,4/4,25,Score in Half,Slide Slits Right Panel,Yes 5000 Envelopes A2
Majestic,Silk,5.5 x 8.5,Horizontal,Rectangle,16PT C2S,No Coating,Silk,n/a,4/4,25,Score in Half,Slide Slits Right Panel,Yes 5000 Envelopes A2
Majestic,Silk,4.25 x 11,Vertical,Rectangle,16PT C2S,No Coating,Silk,n/a,4/4,25,Score in Half,Slide Slits Right Panel,Yes 5000 Envelopes A2
Majestic,Silk,5.5 x 8.5,Vertical,Rectangle,16PT C2S,No Coating,Silk,n/a,4/4,25,Score in Half,Slide Slits Right Panel,Yes 5000 Envelopes A2
Majestic,Silk,4.25 x 11,Horizontal,Rectangle,16PT C2S,No Coating,Silk,n/a,4/0,50,Score in Half,Slide Slits Right Panel,Yes 5000 Envelopes A2
Majestic,Silk,5.5 x 8.5,Horizontal,Rectangle,16PT C2S,No Coating,Silk,n/a,4/0,50,Score in Half,Slide Slits Right Panel,Yes 5000 Envelopes A2
Majestic,Silk,4.25 x 11,Vertical,Rectangle,16PT C2S,No Coating,Silk,n/a,4/0,50,Score in Half,Slide Slits Right Panel,Yes 5000 Envelopes A2
Majestic,Silk,5.5 x 8.5,Vertical,Rectangle,16PT C2S,No Coating,Silk,n/a,4/0,50,Score in Half,Slide Slits Right Panel,Yes 5000 Envelopes A2
Majestic,Silk,4.25 x 11,Horizontal,Rectangle,16PT C2S,No Coating,Silk,n/a,4/1,50,Score in Half,Slide Slits Right Panel,Yes 5000 Envelopes A2
Majestic,Silk,5.5 x 8.5,Horizontal,Rectangle,16PT C2S,No Coating,Silk,n/a,4/1,50,Score in Half,Slide Slits Right Panel,Yes 5000 Envelopes A2
Majestic,Silk,4.25 x 11,Vertical,Rectangle,16PT C2S,No Coating,Silk,n/a,4/1,50,Score in Half,Slide Slits Right Panel,Yes 5000 Envelopes A2
Majestic,Silk,5.5 x 8.5,Vertical,Rectangle,16PT C2S,No Coating,Silk,n/a,4/1,50,Score in Half,Slide Slits Right Panel,Yes 5000 Envelopes A2
Majestic,Silk,4.25 x 11,Horizontal,Rectangle,16PT C2S,No Coating,Silk,n/a,4/4,50,Score in Half,Slide Slits Right Panel,Yes 5000 Envelopes A2
Majestic,Silk,5.5 x 8.5,Horizontal,Rectangle,16PT C2S,No Coating,Silk,n/a,4/4,50,Score in Half,Slide Slits Right Panel,Yes 5000 Envelopes A2
Majestic,Silk,4.25 x 11,Vertical,Rectangle,16PT C2S,No Coating,Silk,n/a,4/4,50,Score in Half,Slide Slits Right Panel,Yes 5000 Envelopes A2
Majestic,Silk,5.5 x 8.5,Vertical,Rectangle,16PT C2S,No Coating,Silk,n/a,4/4,50,Score in Half,Slide Slits Right Panel,Yes 5000 Envelopes A2
Majestic,Silk,4.25 x 11,Horizontal,Rectangle,16PT C2S,No Coating,Silk,n/a,4/0,75,Score in Half,Slide Slits Right Panel,Yes 5000 Envelopes A2
Majestic,Silk,5.5 x 8.5,Horizontal,Rectangle,16PT C2S,No Coating,Silk,n/a,4/0,75,Score in Half,Slide Slits Right Panel,Yes 5000 Envelopes A2
Majestic,Silk,4.25 x 11,Vertical,Rectangle,16PT C2S,No Coating,Silk,n/a,4/0,75,Score in Half,Slide Slits Right Panel,Yes 5000 Envelopes A2
Majestic,Silk,5.5 x 8.5,Vertical,Rectangle,16PT C2S,No Coating,Silk,n/a,4/0,75,Score in Half,Slide Slits Right Panel,Yes 5000 Envelopes A2
Majestic,Silk,4.25 x 11,Horizontal,Rectangle,16PT C2S,No Coating,Silk,n/a,4/1,75,Score in Half,Slide Slits Right Panel,Yes 5000 Envelopes A2
Majestic,Silk,5.5 x 8.5,Horizontal,Rectangle,16PT C2S,No Coating,Silk,n/a,4/1,75,Score in Half,Slide Slits Right Panel,Yes 5000 Envelopes A2
Majestic,Silk,4.25 x 11,Vertical,Rectangle,16PT C2S,No Coating,Silk,n/a,4/1,75,Score in Half,Slide Slits Right Panel,Yes 5000 Envelopes A2
Majestic,Silk,5.5 x 8.5,Vertical,Rectangle,16PT C2S,No Coating,Silk,n/a,4/1,75,Score in Half,Slide Slits Right Panel,Yes 5000 Envelopes A2
Majestic,Silk,4.25 x 11,Horizontal,Rectangle,16PT C2S,No Coating,Silk,n/a,4/4,75,Score in Half,Slide Slits Right Panel,Yes 5000 Envelopes A2
Majestic,Silk,5.5 x 8.5,Horizontal,Rectangle,16PT C2S,No Coating,Silk,n/a,4/4,75,Score in Half,Slide Slits Right Panel,Yes 5000 Envelopes A2
Majestic,Silk,4.25 x 11,Vertical,Rectangle,16PT C2S,No Coating,Silk,n/a,4/4,75,Score in Half,Slide Slits Right Panel,Yes 5000 Envelopes A2
Majestic,Silk,5.5 x 8.5,Vertical,Rectangle,16PT C2S,No Coating,Silk,n/a,4/4,75,Score in Half,Slide Slits Right Panel,Yes 5000 Envelopes A2
Majestic,Silk,4.25 x 11,Horizontal,Rectangle,16PT C2S,No Coating,Silk,n/a,4/0,100,Score in Half,Slide Slits Right Panel,Yes 5000 Envelopes A2
Majestic,Silk,5.5 x 8.5,Horizontal,Rectangle,16PT C2S,No Coating,Silk,n/a,4/0,100,Score in Half,Slide Slits Right Panel,Yes 5000 Envelopes A2
Majestic,Silk,4.25 x 11,Vertical,Rectangle,16PT C2S,No Coating,Silk,n/a,4/0,100,Score in Half,Slide Slits Right Panel,Yes 5000 Envelopes A2
Majestic,Silk,5.5 x 8.5,Vertical,Rectangle,16PT C2S,No Coating,Silk,n/a,4/0,100,Score in Half,Slide Slits Right Panel,Yes 5000 Envelopes A2
Majestic,Silk,4.25 x 11,Horizontal,Rectangle,16PT C2S,No Coating,Silk,n/a,4/1,100,Score in Half,Slide Slits Right Panel,Yes 5000 Envelopes A2
Majestic,Silk,5.5 x 8.5,Horizontal,Rectangle,16PT C2S,No Coating,Silk,n/a,4/1,100,Score in Half,Slide Slits Right Panel,Yes 5000 Envelopes A2
Majestic,Silk,4.25 x 11,Vertical,Rectangle,16PT C2S,No Coating,Silk,n/a,4/1,100,Score in Half,Slide Slits Right Panel,Yes 5000 Envelopes A2
Majestic,Silk,5.5 x 8.5,Vertical,Rectangle,16PT C2S,No Coating,Silk,n/a,4/1,100,Score in Half,Slide Slits Right Panel,Yes 5000 Envelopes A2
Majestic,Silk,4.25 x 11,Horizontal,Rectangle,16PT C2S,No Coating,Silk,n/a,4/4,100,Score in Half,Slide Slits Right Panel,Yes 5000 Envelopes A2
Majestic,Silk,5.5 x 8.5,Horizontal,Rectangle,16PT C2S,No Coating,Silk,n/a,4/4,100,Score in Half,Slide Slits Right Panel,Yes 5000 Envelopes A2
Majestic,Silk,5.5 x 8.5,Vertical,Rectangle,16PT C2S,No Coating,Silk,n/a,4/4,100,Score in Half,Slide Slits Right Panel,Yes 5000 Envelopes A2
Majestic,Silk,4.25 x 11,Vertical,Rectangle,16PT C2S,No Coating,Silk,n/a,4/4,100,Score in Half,Slide Slits Right Panel,Yes 5000 Envelopes A2
Majestic,Silk,4.25 x 11,Horizontal,Rectangle,16PT C2S,No Coating,Silk,n/a,4/0,250,Score in Half,Slide Slits Right Panel,Yes 5000 Envelopes A2
Majestic,Silk,5.5 x 8.5,Horizontal,Rectangle,16PT C2S,No Coating,Silk,n/a,4/0,250,Score in Half,Slide Slits Right Panel,Yes 5000 Envelopes A2
Majestic,Silk,4.25 x 11,Vertical,Rectangle,16PT C2S,No Coating,Silk,n/a,4/0,250,Score in Half,Slide Slits Right Panel,Yes 5000 Envelopes A2
Majestic,Silk,5.5 x 8.5,Vertical,Rectangle,16PT C2S,No Coating,Silk,n/a,4/0,250,Score in Half,Slide Slits Right Panel,Yes 5000 Envelopes A2
Majestic,Silk,4.25 x 11,Horizontal,Rectangle,16PT C2S,No Coating,Silk,n/a,4/1,250,Score in Half,Slide Slits Right Panel,Yes 5000 Envelopes A2
Majestic,Silk,5.5 x 8.5,Horizontal,Rectangle,16PT C2S,No Coating,Silk,n/a,4/1,250,Score in Half,Slide Slits Right Panel,Yes 5000 Envelopes A2
Majestic,Silk,4.25 x 11,Vertical,Rectangle,16PT C2S,No Coating,Silk,n/a,4/1,250,Score in Half,Slide Slits Right Panel,Yes 5000 Envelopes A2
Majestic,Silk,5.5 x 8.5,Vertical,Rectangle,16PT C2S,No Coating,Silk,n/a,4/1,250,Score in Half,Slide Slits Right Panel,Yes 5000 Envelopes A2
Majestic,Silk,5.5 x 8.5,Horizontal,Rectangle,16PT C2S,No Coating,Silk,n/a,4/4,250,Score in Half,Slide Slits Right Panel,Yes 5000 Envelopes A2
Majestic,Silk,4.25 x 11,Horizontal,Rectangle,16PT C2S,No Coating,Silk,n/a,4/4,250,Score in Half,Slide Slits Right Panel,Yes 5000 Envelopes A2
Majestic,Silk,4.25 x 11,Vertical,Rectangle,16PT C2S,No Coating,Silk,n/a,4/4,250,Score in Half,Slide Slits Right Panel,Yes 5000 Envelopes A2
Majestic,Silk,5.5 x 8.5,Vertical,Rectangle,16PT C2S,No Coating,Silk,n/a,4/4,250,Score in Half,Slide Slits Right Panel,Yes 5000 Envelopes A2
Majestic,Silk,5.5 x 8.5,Horizontal,Rectangle,16PT C2S,No Coating,Silk,n/a,4/0,500,Score in Half,Slide Slits Right Panel,Yes 5000 Envelopes A2
Majestic,Silk,4.25 x 11,Horizontal,Rectangle,16PT C2S,No Coating,Silk,n/a,4/0,500,Score in Half,Slide Slits Right Panel,Yes 5000 Envelopes A2
Majestic,Silk,4.25 x 11,Vertical,Rectangle,16PT C2S,No Coating,Silk,n/a,4/0,500,Score in Half,Slide Slits Right Panel,Yes 5000 Envelopes A2
Majestic,Silk,5.5 x 8.5,Vertical,Rectangle,16PT C2S,No Coating,Silk,n/a,4/0,500,Score in Half,Slide Slits Right Panel,Yes 5000 Envelopes A2
Majestic,Silk,4.25 x 11,Horizontal,Rectangle,16PT C2S,No Coating,Silk,n/a,4/1,500,Score in Half,Slide Slits Right Panel,Yes 5000 Envelopes A2
Majestic,Silk,5.5 x 8.5,Horizontal,Rectangle,16PT C2S,No Coating,Silk,n/a,4/1,500,Score in Half,Slide Slits Right Panel,Yes 5000 Envelopes A2
Majestic,Silk,4.25 x 11,Vertical,Rectangle,16PT C2S,No Coating,Silk,n/a,4/1,500,Score in Half,Slide Slits Right Panel,Yes 5000 Envelopes A2
Majestic,Silk,5.5 x 8.5,Vertical,Rectangle,16PT C2S,No Coating,Silk,n/a,4/1,500,Score in Half,Slide Slits Right Panel,Yes 5000 Envelopes A2
Majestic,Silk,4.25 x 11,Horizontal,Rectangle,16PT C2S,No Coating,Silk,n/a,4/4,500,Score in Half,Slide Slits Right Panel,Yes 5000 Envelopes A2
Majestic,Silk,5.5 x 8.5,Horizontal,Rectangle,16PT C2S,No Coating,Silk,n/a,4/4,500,Score in Half,Slide Slits Right Panel,Yes 5000 Envelopes A2
Majestic,Silk,4.25 x 11,Vertical,Rectangle,16PT C2S,No Coating,Silk,n/a,4/4,500,Score in Half,Slide Slits Right Panel,Yes 5000 Envelopes A2
Majestic,Silk,5.5 x 8.5,Vertical,Rectangle,16PT C2S,No Coating,Silk,n/a,4/4,500,Score in Half,Slide Slits Right Panel,Yes 5000 Envelopes A2
Majestic,Silk,5.5 x 8.5,Horizontal,Rectangle,16PT C2S,No Coating,Silk,n/a,4/0,1000,Score in Half,Slide Slits Right Panel,Yes 5000 Envelopes A2
Majestic,Silk,4.25 x 11,Horizontal,Rectangle,16PT C2S,No Coating,Silk,n/a,4/0,1000,Score in Half,Slide Slits Right Panel,Yes 5000 Envelopes A2
Majestic,Silk,4.25 x 11,Vertical,Rectangle,16PT C2S,No Coating,Silk,n/a,4/0,1000,Score in Half,Slide Slits Right Panel,Yes 5000 Envelopes A2
Majestic,Silk,5.5 x 8.5,Vertical,Rectangle,16PT C2S,No Coating,Silk,n/a,4/0,1000,Score in Half,Slide Slits Right Panel,Yes 5000 Envelopes A2
Majestic,Silk,4.25 x 11,Horizontal,Rectangle,16PT C2S,No Coating,Silk,n/a,4/1,1000,Score in Half,Slide Slits Right Panel,Yes 5000 Envelopes A2
Majestic,Silk,5.5 x 8.5,Vertical,Rectangle,16PT C2S,No Coating,Silk,n/a,4/0,100,Score in Half,Slide Slits Bottom Panel,Yes 5000 Envelopes A2
Majestic,Silk,5.5 x 8.5,Vertical,Rectangle,16PT C2S,No Coating,Silk,n/a,4/1,250,Score in Half,Slide Slits Bottom Panel,Yes 5000 Envelopes A2
Majestic,Silk,5.5 x 8.5,Vertical,Rectangle,16PT C2S,No Coating,Silk,n/a,4/1,1000,Score in Half,Slide Slits Right Panel,Yes 5000 Envelopes A2
Majestic,Silk,4.25 x 11,Horizontal,Rectangle,16PT C2S,No Coating,Silk,n/a,4/4,1000,Score in Half,Slide Slits Right Panel,Yes 5000 Envelopes A2
Majestic,Silk,5.5 x 8.5,Horizontal,Rectangle,16PT C2S,No Coating,Silk,n/a,4/4,1000,Score in Half,Slide Slits Right Panel,Yes 5000 Envelopes A2
Majestic,Silk,4.25 x 11,Vertical,Rectangle,16PT C2S,No Coating,Silk,n/a,4/4,1000,Score in Half,Slide Slits Right Panel,Yes 5000 Envelopes A2
Majestic,Silk,5.5 x 8.5,Vertical,Rectangle,16PT C2S,No Coating,Silk,n/a,4/4,1000,Score in Half,Slide Slits Right Panel,Yes 5000 Envelopes A2
Majestic,Silk,4.25 x 11,Horizontal,Rectangle,16PT C2S,No Coating,Silk,n/a,4/0,2500,Score in Half,Slide Slits Right Panel,Yes 5000 Envelopes A2
Majestic,Silk,4.25 x 11,Vertical,Rectangle,16PT C2S,No Coating,Silk,n/a,4/0,2500,Score in Half,Slide Slits Right Panel,Yes 5000 Envelopes A2
Majestic,Silk,5.5 x 8.5,Horizontal,Rectangle,16PT C2S,No Coating,Silk,n/a,4/0,2500,Score in Half,Slide Slits Right Panel,Yes 5000 Envelopes A2
Majestic,Silk,5.5 x 8.5,Vertical,Rectangle,16PT C2S,No Coating,Silk,n/a,4/0,2500,Score in Half,Slide Slits Right Panel,Yes 5000 Envelopes A2
Majestic,Silk,4.25 x 11,Horizontal,Rectangle,16PT C2S,No Coating,Silk,n/a,4/1,2500,Score in Half,Slide Slits Right Panel,Yes 5000 Envelopes A2
Majestic,Silk,5.5 x 8.5,Horizontal,Rectangle,16PT C2S,No Coating,Silk,n/a,4/1,2500,Score in Half,Slide Slits Right Panel,Yes 5000 Envelopes A2
Majestic,Silk,4.25 x 11,Vertical,Rectangle,16PT C2S,No Coating,Silk,n/a,4/1,2500,Score in Half,Slide Slits Right Panel,Yes 5000 Envelopes A2
Majestic,Silk,5.5 x 8.5,Vertical,Rectangle,16PT C2S,No Coating,Silk,n/a,4/1,2500,Score in Half,Slide Slits Right Panel,Yes 5000 Envelopes A2
Majestic,Silk,4.25 x 11,Horizontal,Rectangle,16PT C2S,No Coating,Silk,n/a,4/4,2500,Score in Half,Slide Slits Right Panel,Yes 5000 Envelopes A2
Majestic,Silk,5.5 x 8.5,Horizontal,Rectangle,16PT C2S,No Coating,Silk,n/a,4/4,2500,Score in Half,Slide Slits Right Panel,Yes 5000 Envelopes A2
Majestic,Silk,4.25 x 11,Vertical,Rectangle,16PT C2S,No Coating,Silk,n/a,4/4,2500,Score in Half,Slide Slits Right Panel,Yes 5000 Envelopes A2
Majestic,Silk,5.5 x 8.5,Vertical,Rectangle,16PT C2S,No Coating,Silk,n/a,4/4,2500,Score in Half,Slide Slits Right Panel,Yes 5000 Envelopes A2
Majestic,Silk,4.25 x 11,Horizontal,Rectangle,16PT C2S,No Coating,Silk,n/a,4/0,5000,Score in Half,Slide Slits Right Panel,Yes 5000 Envelopes A2
Majestic,Silk,5.5 x 8.5,Horizontal,Rectangle,16PT C2S,No Coating,Silk,n/a,4/0,5000,Score in Half,Slide Slits Right Panel,Yes 5000 Envelopes A2
Majestic,Silk,4.25 x 11,Vertical,Rectangle,16PT C2S,No Coating,Silk,n/a,4/0,5000,Score in Half,Slide Slits Right Panel,Yes 5000 Envelopes A2
Majestic,Silk,5.5 x 8.5,Vertical,Rectangle,16PT C2S,No Coating,Silk,n/a,4/0,5000,Score in Half,Slide Slits Right Panel,Yes 5000 Envelopes A2
Majestic,Silk,4.25 x 11,Horizontal,Rectangle,16PT C2S,No Coating,Silk,n/a,4/1,5000,Score in Half,Slide Slits Right Panel,Yes 5000 Envelopes A2
Majestic,Silk,5.5 x 8.5,Horizontal,Rectangle,16PT C2S,No Coating,Silk,n/a,4/1,1000,Score in Half,Slide Slits Right Panel,Yes 5000 Envelopes A2
Majestic,Silk,4.25 x 11,Horizontal,Rectangle,16PT C2S,No Coating,Silk,n/a,4/4,50,Score in Half,Slide Slits Bottom Panel,Yes 5000 Envelopes A2
Majestic,Silk,4.25 x 11,Vertical,Rectangle,16PT C2S,No Coating,Silk,n/a,4/1,1000,Score in Half,Slide Slits Right Panel,Yes 5000 Envelopes A2
Majestic,Silk,4.25 x 11,Horizontal,Rectangle,16PT C2S,No Coating,Silk,n/a,4/4,5000,Score in Half,Slide Slits Right Panel,Yes 5000 Envelopes A2
Majestic,Silk,5.5 x 8.5,Horizontal,Rectangle,16PT C2S,No Coating,Silk,n/a,4/4,5000,Score in Half,Slide Slits Right Panel,Yes 5000 Envelopes A2
Majestic,Silk,4.25 x 11,Vertical,Rectangle,16PT C2S,No Coating,Silk,n/a,4/4,5000,Score in Half,Slide Slits Right Panel,Yes 5000 Envelopes A2
Majestic,Silk,5.5 x 8.5,Vertical,Rectangle,16PT C2S,No Coating,Silk,n/a,4/4,5000,Score in Half,Slide Slits Right Panel,Yes 5000 Envelopes A2
Majestic,Silk,4.25 x 11,Horizontal,Rectangle,16PT C2S,No Coating,Silk,n/a,4/0,10000,Score in Half,Slide Slits Right Panel,Yes 5000 Envelopes A2
Majestic,Silk,5.5 x 8.5,Horizontal,Rectangle,16PT C2S,No Coating,Silk,n/a,4/0,10000,Score in Half,Slide Slits Right Panel,Yes 5000 Envelopes A2
Majestic,Silk,4.25 x 11,Vertical,Rectangle,16PT C2S,No Coating,Silk,n/a,4/0,10000,Score in Half,Slide Slits Right Panel,Yes 5000 Envelopes A2
Majestic,Silk,5.5 x 8.5,Vertical,Rectangle,16PT C2S,No Coating,Silk,n/a,4/0,10000,Score in Half,Slide Slits Right Panel,Yes 5000 Envelopes A2
Majestic,Silk,4.25 x 11,Horizontal,Rectangle,16PT C2S,No Coating,Silk,n/a,4/1,10000,Score in Half,Slide Slits Right Panel,Yes 5000 Envelopes A2
Majestic,Silk,5.5 x 8.5,Horizontal,Rectangle,16PT C2S,No Coating,Silk,n/a,4/1,10000,Score in Half,Slide Slits Right Panel,Yes 5000 Envelopes A2
Majestic,Silk,4.25 x 11,Vertical,Rectangle,16PT C2S,No Coating,Silk,n/a,4/1,10000,Score in Half,Slide Slits Right Panel,Yes 5000 Envelopes A2
Majestic,Silk,4.25 x 11,Horizontal,Rectangle,16PT C2S,No Coating,Silk,n/a,4/4,10000,Score in Half,Slide Slits Right Panel,Yes 5000 Envelopes A2
Majestic,Silk,5.5 x 8.5,Vertical,Rectangle,16PT C2S,No Coating,Silk,n/a,4/1,10000,Score in Half,Slide Slits Right Panel,Yes 5000 Envelopes A2
Majestic,Silk,5.5 x 8.5,Horizontal,Rectangle,16PT C2S,No Coating,Silk,n/a,4/4,10000,Score in Half,Slide Slits Right Panel,Yes 5000 Envelopes A2
Majestic,Silk,4.25 x 11,Vertical,Rectangle,16PT C2S,No Coating,Silk,n/a,4/4,10000,Score in Half,Slide Slits Right Panel,Yes 5000 Envelopes A2
Majestic,Silk,5.5 x 8.5,Vertical,Rectangle,16PT C2S,No Coating,Silk,n/a,4/4,10000,Score in Half,Slide Slits Right Panel,Yes 5000 Envelopes A2
Majestic,Silk,4.25 x 11,Horizontal,Rectangle,16PT C2S,No Coating,Silk,n/a,4/0,25,Score in Half,Moon Slits Bottom Panel,Yes 10000 Envelopes A2
Majestic,Silk,4.25 x 11,Vertical,Rectangle,16PT C2S,No Coating,Silk,n/a,4/0,25,Score in Half,Moon Slits Bottom Panel,Yes 10000 Envelopes A2
Majestic,Silk,5.5 x 8.5,Horizontal,Rectangle,16PT C2S,No Coating,Silk,n/a,4/0,25,Score in Half,Moon Slits Bottom Panel,Yes 10000 Envelopes A2
Majestic,Silk,5.5 x 8.5,Horizontal,Rectangle,16PT C2S,No Coating,Silk,n/a,4/1,25,Score in Half,Moon Slits Bottom Panel,Yes 10000 Envelopes A2
Majestic,Silk,4.25 x 11,Vertical,Rectangle,16PT C2S,No Coating,Silk,n/a,4/1,25,Score in Half,Moon Slits Bottom Panel,Yes 10000 Envelopes A2
Majestic,Silk,4.25 x 11,Horizontal,Rectangle,16PT C2S,No Coating,Silk,n/a,4/1,25,Score in Half,Moon Slits Bottom Panel,Yes 10000 Envelopes A2
Majestic,Silk,5.5 x 8.5,Vertical,Rectangle,16PT C2S,No Coating,Silk,n/a,4/0,25,Score in Half,Moon Slits Bottom Panel,Yes 10000 Envelopes A2
Majestic,Silk,5.5 x 8.5,Vertical,Rectangle,16PT C2S,No Coating,Silk,n/a,4/1,25,Score in Half,Moon Slits Bottom Panel,Yes 10000 Envelopes A2
Majestic,Silk,4.25 x 11,Horizontal,Rectangle,16PT C2S,No Coating,Silk,n/a,4/4,25,Score in Half,Moon Slits Bottom Panel,Yes 10000 Envelopes A2
Majestic,Silk,5.5 x 8.5,Horizontal,Rectangle,16PT C2S,No Coating,Silk,n/a,4/4,25,Score in Half,Moon Slits Bottom Panel,Yes 10000 Envelopes A2
Majestic,Silk,4.25 x 11,Vertical,Rectangle,16PT C2S,No Coating,Silk,n/a,4/4,25,Score in Half,Moon Slits Bottom Panel,Yes 10000 Envelopes A2
Majestic,Silk,5.5 x 8.5,Vertical,Rectangle,16PT C2S,No Coating,Silk,n/a,4/4,25,Score in Half,Moon Slits Bottom Panel,Yes 10000 Envelopes A2
Majestic,Silk,4.25 x 11,Vertical,Rectangle,16PT C2S,No Coating,Silk,n/a,4/1,5000,Score in Half,Slide Slits Right Panel,Yes 5000 Envelopes A2
Majestic,Silk,5.5 x 8.5,Horizontal,Rectangle,16PT C2S,No Coating,Silk,n/a,4/0,50,Score in Half,Moon Slits Bottom Panel,Yes 10000 Envelopes A2
Majestic,Silk,4.25 x 11,Vertical,Rectangle,16PT C2S,No Coating,Silk,n/a,4/0,50,Score in Half,Moon Slits Bottom Panel,Yes 10000 Envelopes A2
Majestic,Silk,5.5 x 8.5,Vertical,Rectangle,16PT C2S,No Coating,Silk,n/a,4/0,50,Score in Half,Moon Slits Bottom Panel,Yes 10000 Envelopes A2
Majestic,Silk,4.25 x 11,Horizontal,Rectangle,16PT C2S,No Coating,Silk,n/a,4/1,50,Score in Half,Moon Slits Bottom Panel,Yes 10000 Envelopes A2
Majestic,Silk,4.25 x 11,Vertical,Rectangle,16PT C2S,No Coating,Silk,n/a,4/1,50,Score in Half,Moon Slits Bottom Panel,Yes 10000 Envelopes A2
Majestic,Silk,5.5 x 8.5,Horizontal,Rectangle,16PT C2S,No Coating,Silk,n/a,4/1,50,Score in Half,Moon Slits Bottom Panel,Yes 10000 Envelopes A2
Majestic,Silk,5.5 x 8.5,Vertical,Rectangle,16PT C2S,No Coating,Silk,n/a,4/1,50,Score in Half,Moon Slits Bottom Panel,Yes 10000 Envelopes A2
Majestic,Silk,4.25 x 11,Horizontal,Rectangle,16PT C2S,No Coating,Silk,n/a,4/4,50,Score in Half,Moon Slits Bottom Panel,Yes 10000 Envelopes A2
Majestic,Silk,5.5 x 8.5,Horizontal,Rectangle,16PT C2S,No Coating,Silk,n/a,4/4,50,Score in Half,Moon Slits Bottom Panel,Yes 10000 Envelopes A2
Majestic,Silk,5.5 x 8.5,Vertical,Rectangle,16PT C2S,No Coating,Silk,n/a,4/4,50,Score in Half,Moon Slits Bottom Panel,Yes 10000 Envelopes A2
Majestic,Silk,5.5 x 8.5,Horizontal,Rectangle,16PT C2S,No Coating,Silk,n/a,4/1,5000,Score in Half,Slide Slits Right Panel,Yes 5000 Envelopes A2
Majestic,Silk,4.25 x 11,Horizontal,Rectangle,16PT C2S,No Coating,Silk,n/a,4/0,75,Score in Half,Moon Slits Bottom Panel,Yes 10000 Envelopes A2
Majestic,Silk,5.5 x 8.5,Horizontal,Rectangle,16PT C2S,No Coating,Silk,n/a,4/0,75,Score in Half,Moon Slits Bottom Panel,Yes 10000 Envelopes A2
Majestic,Silk,4.25 x 11,Vertical,Rectangle,16PT C2S,No Coating,Silk,n/a,4/0,75,Score in Half,Moon Slits Bottom Panel,Yes 10000 Envelopes A2
Majestic,Silk,5.5 x 8.5,Vertical,Rectangle,16PT C2S,No Coating,Silk,n/a,4/0,75,Score in Half,Moon Slits Bottom Panel,Yes 10000 Envelopes A2
Majestic,Silk,4.25 x 11,Horizontal,Rectangle,16PT C2S,No Coating,Silk,n/a,4/1,75,Score in Half,Moon Slits Bottom Panel,Yes 10000 Envelopes A2
Majestic,Silk,5.5 x 8.5,Horizontal,Rectangle,16PT C2S,No Coating,Silk,n/a,4/1,75,Score in Half,Moon Slits Bottom Panel,Yes 10000 Envelopes A2
Majestic,Silk,4.25 x 11,Vertical,Rectangle,16PT C2S,No Coating,Silk,n/a,4/1,75,Score in Half,Moon Slits Bottom Panel,Yes 10000 Envelopes A2
Majestic,Silk,5.5 x 8.5,Vertical,Rectangle,16PT C2S,No Coating,Silk,n/a,4/1,75,Score in Half,Moon Slits Bottom Panel,Yes 10000 Envelopes A2
Majestic,Silk,4.25 x 11,Horizontal,Rectangle,16PT C2S,No Coating,Silk,n/a,4/4,75,Score in Half,Moon Slits Bottom Panel,Yes 10000 Envelopes A2
Majestic,Silk,5.5 x 8.5,Horizontal,Rectangle,16PT C2S,No Coating,Silk,n/a,4/4,75,Score in Half,Moon Slits Bottom Panel,Yes 10000 Envelopes A2
Majestic,Silk,4.25 x 11,Vertical,Rectangle,16PT C2S,No Coating,Silk,n/a,4/4,75,Score in Half,Moon Slits Bottom Panel,Yes 10000 Envelopes A2
Majestic,Silk,5.5 x 8.5,Vertical,Rectangle,16PT C2S,No Coating,Silk,n/a,4/4,75,Score in Half,Moon Slits Bottom Panel,Yes 10000 Envelopes A2
Majestic,Silk,4.25 x 11,Horizontal,Rectangle,16PT C2S,No Coating,Silk,n/a,4/0,100,Score in Half,Moon Slits Bottom Panel,Yes 10000 Envelopes A2
Majestic,Silk,5.5 x 8.5,Horizontal,Rectangle,16PT C2S,No Coating,Silk,n/a,4/0,100,Score in Half,Moon Slits Bottom Panel,Yes 10000 Envelopes A2
Majestic,Silk,4.25 x 11,Vertical,Rectangle,16PT C2S,No Coating,Silk,n/a,4/0,100,Score in Half,Moon Slits Bottom Panel,Yes 10000 Envelopes A2
Majestic,Silk,5.5 x 8.5,Vertical,Rectangle,16PT C2S,No Coating,Silk,n/a,4/0,100,Score in Half,Moon Slits Bottom Panel,Yes 10000 Envelopes A2
Majestic,Silk,4.25 x 11,Horizontal,Rectangle,16PT C2S,No Coating,Silk,n/a,4/1,100,Score in Half,Moon Slits Bottom Panel,Yes 10000 Envelopes A2
Majestic,Silk,5.5 x 8.5,Horizontal,Rectangle,16PT C2S,No Coating,Silk,n/a,4/1,100,Score in Half,Moon Slits Bottom Panel,Yes 10000 Envelopes A2
Majestic,Silk,4.25 x 11,Vertical,Rectangle,16PT C2S,No Coating,Silk,n/a,4/1,100,Score in Half,Moon Slits Bottom Panel,Yes 10000 Envelopes A2
Majestic,Silk,5.5 x 8.5,Vertical,Rectangle,16PT C2S,No Coating,Silk,n/a,4/1,100,Score in Half,Moon Slits Bottom Panel,Yes 10000 Envelopes A2
Majestic,Silk,4.25 x 11,Horizontal,Rectangle,16PT C2S,No Coating,Silk,n/a,4/4,100,Score in Half,Moon Slits Bottom Panel,Yes 10000 Envelopes A2
Majestic,Silk,5.5 x 8.5,Horizontal,Rectangle,16PT C2S,No Coating,Silk,n/a,4/4,100,Score in Half,Moon Slits Bottom Panel,Yes 10000 Envelopes A2
Majestic,Silk,4.25 x 11,Vertical,Rectangle,16PT C2S,No Coating,Silk,n/a,4/4,100,Score in Half,Moon Slits Bottom Panel,Yes 10000 Envelopes A2
Majestic,Silk,5.5 x 8.5,Vertical,Rectangle,16PT C2S,No Coating,Silk,n/a,4/4,100,Score in Half,Moon Slits Bottom Panel,Yes 10000 Envelopes A2
Majestic,Silk,4.25 x 11,Horizontal,Rectangle,16PT C2S,No Coating,Silk,n/a,4/0,250,Score in Half,Moon Slits Bottom Panel,Yes 10000 Envelopes A2
Majestic,Silk,5.5 x 8.5,Horizontal,Rectangle,16PT C2S,No Coating,Silk,n/a,4/0,250,Score in Half,Moon Slits Bottom Panel,Yes 10000 Envelopes A2
Majestic,Silk,4.25 x 11,Vertical,Rectangle,16PT C2S,No Coating,Silk,n/a,4/0,250,Score in Half,Moon Slits Bottom Panel,Yes 10000 Envelopes A2
Majestic,Silk,5.5 x 8.5,Vertical,Rectangle,16PT C2S,No Coating,Silk,n/a,4/0,250,Score in Half,Moon Slits Bottom Panel,Yes 10000 Envelopes A2
Majestic,Silk,4.25 x 11,Horizontal,Rectangle,16PT C2S,No Coating,Silk,n/a,4/1,250,Score in Half,Moon Slits Bottom Panel,Yes 10000 Envelopes A2
Majestic,Silk,5.5 x 8.5,Horizontal,Rectangle,16PT C2S,No Coating,Silk,n/a,4/1,250,Score in Half,Moon Slits Bottom Panel,Yes 10000 Envelopes A2
Majestic,Silk,4.25 x 11,Vertical,Rectangle,16PT C2S,No Coating,Silk,n/a,4/1,250,Score in Half,Moon Slits Bottom Panel,Yes 10000 Envelopes A2
Majestic,Silk,5.5 x 8.5,Vertical,Rectangle,16PT C2S,No Coating,Silk,n/a,4/1,250,Score in Half,Moon Slits Bottom Panel,Yes 10000 Envelopes A2
Majestic,Silk,4.25 x 11,Horizontal,Rectangle,16PT C2S,No Coating,Silk,n/a,4/4,250,Score in Half,Moon Slits Bottom Panel,Yes 10000 Envelopes A2
Majestic,Silk,5.5 x 8.5,Horizontal,Rectangle,16PT C2S,No Coating,Silk,n/a,4/4,250,Score in Half,Moon Slits Bottom Panel,Yes 10000 Envelopes A2
Majestic,Silk,4.25 x 11,Vertical,Rectangle,16PT C2S,No Coating,Silk,n/a,4/4,250,Score in Half,Moon Slits Bottom Panel,Yes 10000 Envelopes A2
Majestic,Silk,5.5 x 8.5,Vertical,Rectangle,16PT C2S,No Coating,Silk,n/a,4/4,250,Score in Half,Moon Slits Bottom Panel,Yes 10000 Envelopes A2
Majestic,Silk,4.25 x 11,Horizontal,Rectangle,16PT C2S,No Coating,Silk,n/a,4/0,500,Score in Half,Moon Slits Bottom Panel,Yes 10000 Envelopes A2
Majestic,Silk,5.5 x 8.5,Horizontal,Rectangle,16PT C2S,No Coating,Silk,n/a,4/0,500,Score in Half,Moon Slits Bottom Panel,Yes 10000 Envelopes A2
Majestic,Silk,4.25 x 11,Vertical,Rectangle,16PT C2S,No Coating,Silk,n/a,4/0,500,Score in Half,Moon Slits Bottom Panel,Yes 10000 Envelopes A2
Majestic,Silk,5.5 x 8.5,Vertical,Rectangle,16PT C2S,No Coating,Silk,n/a,4/0,500,Score in Half,Moon Slits Bottom Panel,Yes 10000 Envelopes A2
Majestic,Silk,4.25 x 11,Horizontal,Rectangle,16PT C2S,No Coating,Silk,n/a,4/1,500,Score in Half,Moon Slits Bottom Panel,Yes 10000 Envelopes A2
Majestic,Silk,5.5 x 8.5,Horizontal,Rectangle,16PT C2S,No Coating,Silk,n/a,4/1,500,Score in Half,Moon Slits Bottom Panel,Yes 10000 Envelopes A2
Majestic,Silk,4.25 x 11,Vertical,Rectangle,16PT C2S,No Coating,Silk,n/a,4/1,500,Score in Half,Moon Slits Bottom Panel,Yes 10000 Envelopes A2
Majestic,Silk,5.5 x 8.5,Vertical,Rectangle,16PT C2S,No Coating,Silk,n/a,4/1,500,Score in Half,Moon Slits Bottom Panel,Yes 10000 Envelopes A2
Majestic,Silk,4.25 x 11,Horizontal,Rectangle,16PT C2S,No Coating,Silk,n/a,4/4,500,Score in Half,Moon Slits Bottom Panel,Yes 10000 Envelopes A2
Majestic,Silk,5.5 x 8.5,Horizontal,Rectangle,16PT C2S,No Coating,Silk,n/a,4/4,500,Score in Half,Moon Slits Bottom Panel,Yes 10000 Envelopes A2
Majestic,Silk,4.25 x 11,Vertical,Rectangle,16PT C2S,No Coating,Silk,n/a,4/4,500,Score in Half,Moon Slits Bottom Panel,Yes 10000 Envelopes A2
Majestic,Silk,5.5 x 8.5,Vertical,Rectangle,16PT C2S,No Coating,Silk,n/a,4/4,500,Score in Half,Moon Slits Bottom Panel,Yes 10000 Envelopes A2
Majestic,Silk,4.25 x 11,Horizontal,Rectangle,16PT C2S,No Coating,Silk,n/a,4/0,1000,Score in Half,Moon Slits Bottom Panel,Yes 10000 Envelopes A2
Majestic,Silk,5.5 x 8.5,Horizontal,Rectangle,16PT C2S,No Coating,Silk,n/a,4/0,1000,Score in Half,Moon Slits Bottom Panel,Yes 10000 Envelopes A2
Majestic,Silk,4.25 x 11,Vertical,Rectangle,16PT C2S,No Coating,Silk,n/a,4/0,1000,Score in Half,Moon Slits Bottom Panel,Yes 10000 Envelopes A2
Majestic,Silk,5.5 x 8.5,Vertical,Rectangle,16PT C2S,No Coating,Silk,n/a,4/0,1000,Score in Half,Moon Slits Bottom Panel,Yes 10000 Envelopes A2
Majestic,Silk,4.25 x 11,Horizontal,Rectangle,16PT C2S,No Coating,Silk,n/a,4/1,1000,Score in Half,Moon Slits Bottom Panel,Yes 10000 Envelopes A2
Majestic,Silk,5.5 x 8.5,Horizontal,Rectangle,16PT C2S,No Coating,Silk,n/a,4/1,1000,Score in Half,Moon Slits Bottom Panel,Yes 10000 Envelopes A2
Majestic,Silk,4.25 x 11,Vertical,Rectangle,16PT C2S,No Coating,Silk,n/a,4/1,1000,Score in Half,Moon Slits Bottom Panel,Yes 10000 Envelopes A2
Majestic,Silk,5.5 x 8.5,Vertical,Rectangle,16PT C2S,No Coating,Silk,n/a,4/1,1000,Score in Half,Moon Slits Bottom Panel,Yes 10000 Envelopes A2
Majestic,Silk,4.25 x 11,Horizontal,Rectangle,16PT C2S,No Coating,Silk,n/a,4/4,1000,Score in Half,Moon Slits Bottom Panel,Yes 10000 Envelopes A2
Majestic,Silk,5.5 x 8.5,Horizontal,Rectangle,16PT C2S,No Coating,Silk,n/a,4/4,1000,Score in Half,Moon Slits Bottom Panel,Yes 10000 Envelopes A2
Majestic,Silk,4.25 x 11,Vertical,Rectangle,16PT C2S,No Coating,Silk,n/a,4/4,1000,Score in Half,Moon Slits Bottom Panel,Yes 10000 Envelopes A2
Majestic,Silk,5.5 x 8.5,Vertical,Rectangle,16PT C2S,No Coating,Silk,n/a,4/4,1000,Score in Half,Moon Slits Bottom Panel,Yes 10000 Envelopes A2
Majestic,Silk,4.25 x 11,Horizontal,Rectangle,16PT C2S,No Coating,Silk,n/a,4/0,2500,Score in Half,Moon Slits Bottom Panel,Yes 10000 Envelopes A2
Majestic,Silk,5.5 x 8.5,Horizontal,Rectangle,16PT C2S,No Coating,Silk,n/a,4/0,2500,Score in Half,Moon Slits Bottom Panel,Yes 10000 Envelopes A2
Majestic,Silk,4.25 x 11,Vertical,Rectangle,16PT C2S,No Coating,Silk,n/a,4/0,2500,Score in Half,Moon Slits Bottom Panel,Yes 10000 Envelopes A2
Majestic,Silk,5.5 x 8.5,Vertical,Rectangle,16PT C2S,No Coating,Silk,n/a,4/0,2500,Score in Half,Moon Slits Bottom Panel,Yes 10000 Envelopes A2
Majestic,Silk,4.25 x 11,Horizontal,Rectangle,16PT C2S,No Coating,Silk,n/a,4/1,2500,Score in Half,Moon Slits Bottom Panel,Yes 10000 Envelopes A2
Majestic,Silk,5.5 x 8.5,Horizontal,Rectangle,16PT C2S,No Coating,Silk,n/a,4/1,2500,Score in Half,Moon Slits Bottom Panel,Yes 10000 Envelopes A2
Majestic,Silk,4.25 x 11,Vertical,Rectangle,16PT C2S,No Coating,Silk,n/a,4/1,2500,Score in Half,Moon Slits Bottom Panel,Yes 10000 Envelopes A2
Majestic,Silk,5.5 x 8.5,Vertical,Rectangle,16PT C2S,No Coating,Silk,n/a,4/1,2500,Score in Half,Moon Slits Bottom Panel,Yes 10000 Envelopes A2
Majestic,Silk,4.25 x 11,Horizontal,Rectangle,16PT C2S,No Coating,Silk,n/a,4/4,2500,Score in Half,Moon Slits Bottom Panel,Yes 10000 Envelopes A2
Majestic,Silk,5.5 x 8.5,Horizontal,Rectangle,16PT C2S,No Coating,Silk,n/a,4/4,2500,Score in Half,Moon Slits Bottom Panel,Yes 10000 Envelopes A2
Majestic,Silk,4.25 x 11,Vertical,Rectangle,16PT C2S,No Coating,Silk,n/a,4/4,2500,Score in Half,Moon Slits Bottom Panel,Yes 10000 Envelopes A2
Majestic,Silk,5.5 x 8.5,Vertical,Rectangle,16PT C2S,No Coating,Silk,n/a,4/4,2500,Score in Half,Moon Slits Bottom Panel,Yes 10000 Envelopes A2
Majestic,Silk,4.25 x 11,Horizontal,Rectangle,16PT C2S,No Coating,Silk,n/a,4/0,5000,Score in Half,Moon Slits Bottom Panel,Yes 10000 Envelopes A2
Majestic,Silk,5.5 x 8.5,Horizontal,Rectangle,16PT C2S,No Coating,Silk,n/a,4/0,5000,Score in Half,Moon Slits Bottom Panel,Yes 10000 Envelopes A2
Majestic,Silk,4.25 x 11,Vertical,Rectangle,16PT C2S,No Coating,Silk,n/a,4/0,5000,Score in Half,Moon Slits Bottom Panel,Yes 10000 Envelopes A2
Majestic,Silk,5.5 x 8.5,Vertical,Rectangle,16PT C2S,No Coating,Silk,n/a,4/0,5000,Score in Half,Moon Slits Bottom Panel,Yes 10000 Envelopes A2
Majestic,Silk,4.25 x 11,Horizontal,Rectangle,16PT C2S,No Coating,Silk,n/a,4/1,5000,Score in Half,Moon Slits Bottom Panel,Yes 10000 Envelopes A2
Majestic,Silk,5.5 x 8.5,Horizontal,Rectangle,16PT C2S,No Coating,Silk,n/a,4/1,5000,Score in Half,Moon Slits Bottom Panel,Yes 10000 Envelopes A2
Majestic,Silk,4.25 x 11,Vertical,Rectangle,16PT C2S,No Coating,Silk,n/a,4/1,5000,Score in Half,Moon Slits Bottom Panel,Yes 10000 Envelopes A2
Majestic,Silk,5.5 x 8.5,Vertical,Rectangle,16PT C2S,No Coating,Silk,n/a,4/1,5000,Score in Half,Moon Slits Bottom Panel,Yes 10000 Envelopes A2
Majestic,Silk,4.25 x 11,Horizontal,Rectangle,16PT C2S,No Coating,Silk,n/a,4/4,5000,Score in Half,Moon Slits Bottom Panel,Yes 10000 Envelopes A2
Majestic,Silk,5.5 x 8.5,Horizontal,Rectangle,16PT C2S,No Coating,Silk,n/a,4/4,5000,Score in Half,Moon Slits Bottom Panel,Yes 10000 Envelopes A2
Majestic,Silk,4.25 x 11,Vertical,Rectangle,16PT C2S,No Coating,Silk,n/a,4/4,5000,Score in Half,Moon Slits Bottom Panel,Yes 10000 Envelopes A2
Majestic,Silk,5.5 x 8.5,Vertical,Rectangle,16PT C2S,No Coating,Silk,n/a,4/4,5000,Score in Half,Moon Slits Bottom Panel,Yes 10000 Envelopes A2
Majestic,Silk,4.25 x 11,Horizontal,Rectangle,16PT C2S,No Coating,Silk,n/a,4/0,10000,Score in Half,Moon Slits Bottom Panel,Yes 10000 Envelopes A2
Majestic,Silk,5.5 x 8.5,Horizontal,Rectangle,16PT C2S,No Coating,Silk,n/a,4/0,10000,Score in Half,Moon Slits Bottom Panel,Yes 10000 Envelopes A2
Majestic,Silk,4.25 x 11,Vertical,Rectangle,16PT C2S,No Coating,Silk,n/a,4/0,10000,Score in Half,Moon Slits Bottom Panel,Yes 10000 Envelopes A2
Majestic,Silk,5.5 x 8.5,Vertical,Rectangle,16PT C2S,No Coating,Silk,n/a,4/1,5000,Score in Half,Slide Slits Right Panel,Yes 5000 Envelopes A2
Majestic,Silk,4.25 x 11,Horizontal,Rectangle,16PT C2S,No Coating,Silk,n/a,4/1,10000,Score in Half,Moon Slits Bottom Panel,Yes 10000 Envelopes A2
Majestic,Silk,5.5 x 8.5,Horizontal,Rectangle,16PT C2S,No Coating,Silk,n/a,4/1,10000,Score in Half,Moon Slits Bottom Panel,Yes 10000 Envelopes A2
Majestic,Silk,4.25 x 11,Vertical,Rectangle,16PT C2S,No Coating,Silk,n/a,4/1,10000,Score in Half,Moon Slits Bottom Panel,Yes 10000 Envelopes A2
Majestic,Silk,5.5 x 8.5,Vertical,Rectangle,16PT C2S,No Coating,Silk,n/a,4/1,10000,Score in Half,Moon Slits Bottom Panel,Yes 10000 Envelopes A2
Majestic,Silk,5.5 x 8.5,Horizontal,Rectangle,16PT C2S,No Coating,Silk,n/a,4/4,10000,Score in Half,Moon Slits Bottom Panel,Yes 10000 Envelopes A2
Majestic,Silk,4.25 x 11,Horizontal,Rectangle,16PT C2S,No Coating,Silk,n/a,4/4,10000,Score in Half,Moon Slits Bottom Panel,Yes 10000 Envelopes A2
Majestic,Silk,4.25 x 11,Vertical,Rectangle,16PT C2S,No Coating,Silk,n/a,4/4,10000,Score in Half,Moon Slits Bottom Panel,Yes 10000 Envelopes A2
Majestic,Silk,5.5 x 8.5,Vertical,Rectangle,16PT C2S,No Coating,Silk,n/a,4/4,10000,Score in Half,Moon Slits Bottom Panel,Yes 10000 Envelopes A2
Majestic,Silk,4.25 x 11,Horizontal,Rectangle,16PT C2S,No Coating,Silk,n/a,4/0,25,Score in Half,Moon Slits Right Panel,Yes 10000 Envelopes A2
Majestic,Silk,5.5 x 8.5,Horizontal,Rectangle,16PT C2S,No Coating,Silk,n/a,4/0,25,Score in Half,Moon Slits Right Panel,Yes 10000 Envelopes A2
Majestic,Silk,4.25 x 11,Vertical,Rectangle,16PT C2S,No Coating,Silk,n/a,4/0,25,Score in Half,Moon Slits Right Panel,Yes 10000 Envelopes A2
Majestic,Silk,5.5 x 8.5,Vertical,Rectangle,16PT C2S,No Coating,Silk,n/a,4/0,25,Score in Half,Moon Slits Right Panel,Yes 10000 Envelopes A2
Majestic,Silk,4.25 x 11,Horizontal,Rectangle,16PT C2S,No Coating,Silk,n/a,4/1,25,Score in Half,Moon Slits Right Panel,Yes 10000 Envelopes A2
Majestic,Silk,5.5 x 8.5,Horizontal,Rectangle,16PT C2S,No Coating,Silk,n/a,4/1,25,Score in Half,Moon Slits Right Panel,Yes 10000 Envelopes A2
Majestic,Silk,4.25 x 11,Vertical,Rectangle,16PT C2S,No Coating,Silk,n/a,4/1,25,Score in Half,Moon Slits Right Panel,Yes 10000 Envelopes A2
Majestic,Silk,5.5 x 8.5,Vertical,Rectangle,16PT C2S,No Coating,Silk,n/a,4/1,25,Score in Half,Moon Slits Right Panel,Yes 10000 Envelopes A2
Majestic,Silk,4.25 x 11,Horizontal,Rectangle,16PT C2S,No Coating,Silk,n/a,4/4,25,Score in Half,Moon Slits Right Panel,Yes 10000 Envelopes A2
Majestic,Silk,5.5 x 8.5,Horizontal,Rectangle,16PT C2S,No Coating,Silk,n/a,4/4,25,Score in Half,Moon Slits Right Panel,Yes 10000 Envelopes A2
Majestic,Silk,4.25 x 11,Vertical,Rectangle,16PT C2S,No Coating,Silk,n/a,4/4,25,Score in Half,Moon Slits Right Panel,Yes 10000 Envelopes A2
Majestic,Silk,4.25 x 11,Horizontal,Rectangle,16PT C2S,No Coating,Silk,n/a,4/0,50,Score in Half,Moon Slits Right Panel,Yes 10000 Envelopes A2
Majestic,Silk,5.5 x 8.5,Vertical,Rectangle,16PT C2S,No Coating,Silk,n/a,4/4,25,Score in Half,Moon Slits Right Panel,Yes 10000 Envelopes A2
Majestic,Silk,5.5 x 8.5,Horizontal,Rectangle,16PT C2S,No Coating,Silk,n/a,4/0,50,Score in Half,Moon Slits Right Panel,Yes 10000 Envelopes A2
Majestic,Silk,5.5 x 8.5,Vertical,Rectangle,16PT C2S,No Coating,Silk,n/a,4/0,50,Score in Half,Moon Slits Right Panel,Yes 10000 Envelopes A2
Majestic,Silk,4.25 x 11,Horizontal,Rectangle,16PT C2S,No Coating,Silk,n/a,4/1,50,Score in Half,Moon Slits Right Panel,Yes 10000 Envelopes A2
Majestic,Silk,5.5 x 8.5,Horizontal,Rectangle,16PT C2S,No Coating,Silk,n/a,4/1,50,Score in Half,Moon Slits Right Panel,Yes 10000 Envelopes A2
Majestic,Silk,4.25 x 11,Vertical,Rectangle,16PT C2S,No Coating,Silk,n/a,4/1,50,Score in Half,Moon Slits Right Panel,Yes 10000 Envelopes A2
Majestic,Silk,4.25 x 11,Vertical,Rectangle,16PT C2S,No Coating,Silk,n/a,4/0,50,Score in Half,Moon Slits Right Panel,Yes 10000 Envelopes A2
Majestic,Silk,5.5 x 8.5,Vertical,Rectangle,16PT C2S,No Coating,Silk,n/a,4/1,50,Score in Half,Moon Slits Right Panel,Yes 10000 Envelopes A2
Majestic,Silk,4.25 x 11,Horizontal,Rectangle,16PT C2S,No Coating,Silk,n/a,4/4,50,Score in Half,Moon Slits Right Panel,Yes 10000 Envelopes A2
Majestic,Silk,5.5 x 8.5,Horizontal,Rectangle,16PT C2S,No Coating,Silk,n/a,4/4,50,Score in Half,Moon Slits Right Panel,Yes 10000 Envelopes A2
Majestic,Silk,4.25 x 11,Vertical,Rectangle,16PT C2S,No Coating,Silk,n/a,4/4,50,Score in Half,Moon Slits Right Panel,Yes 10000 Envelopes A2
Majestic,Silk,5.5 x 8.5,Vertical,Rectangle,16PT C2S,No Coating,Silk,n/a,4/4,50,Score in Half,Moon Slits Right Panel,Yes 10000 Envelopes A2
Majestic,Silk,4.25 x 11,Horizontal,Rectangle,16PT C2S,No Coating,Silk,n/a,4/0,75,Score in Half,Moon Slits Right Panel,Yes 10000 Envelopes A2
Majestic,Silk,5.5 x 8.5,Horizontal,Rectangle,16PT C2S,No Coating,Silk,n/a,4/0,75,Score in Half,Moon Slits Right Panel,Yes 10000 Envelopes A2
Majestic,Silk,4.25 x 11,Vertical,Rectangle,16PT C2S,No Coating,Silk,n/a,4/0,75,Score in Half,Moon Slits Right Panel,Yes 10000 Envelopes A2
Majestic,Silk,4.25 x 11,Horizontal,Rectangle,16PT C2S,No Coating,Silk,n/a,4/1,75,Score in Half,Moon Slits Right Panel,Yes 10000 Envelopes A2
Majestic,Silk,5.5 x 8.5,Vertical,Rectangle,16PT C2S,No Coating,Silk,n/a,4/0,75,Score in Half,Moon Slits Right Panel,Yes 10000 Envelopes A2
Majestic,Silk,4.25 x 11,Vertical,Rectangle,16PT C2S,No Coating,Silk,n/a,4/4,50,Score in Half,Moon Slits Bottom Panel,Yes 10000 Envelopes A2
Majestic,Silk,4.25 x 11,Vertical,Rectangle,16PT C2S,No Coating,Silk,n/a,4/1,75,Score in Half,Moon Slits Right Panel,Yes 10000 Envelopes A2
Majestic,Silk,5.5 x 8.5,Vertical,Rectangle,16PT C2S,No Coating,Silk,n/a,4/1,75,Score in Half,Moon Slits Right Panel,Yes 10000 Envelopes A2
Majestic,Silk,4.25 x 11,Horizontal,Rectangle,16PT C2S,No Coating,Silk,n/a,4/4,75,Score in Half,Moon Slits Right Panel,Yes 10000 Envelopes A2
Majestic,Silk,5.5 x 8.5,Horizontal,Rectangle,16PT C2S,No Coating,Silk,n/a,4/4,75,Score in Half,Moon Slits Right Panel,Yes 10000 Envelopes A2
Majestic,Silk,4.25 x 11,Vertical,Rectangle,16PT C2S,No Coating,Silk,n/a,4/4,75,Score in Half,Moon Slits Right Panel,Yes 10000 Envelopes A2
Majestic,Silk,5.5 x 8.5,Vertical,Rectangle,16PT C2S,No Coating,Silk,n/a,4/4,75,Score in Half,Moon Slits Right Panel,Yes 10000 Envelopes A2
Majestic,Silk,5.5 x 8.5,Horizontal,Rectangle,16PT C2S,No Coating,Silk,n/a,4/0,100,Score in Half,Moon Slits Right Panel,Yes 10000 Envelopes A2
Majestic,Silk,4.25 x 11,Horizontal,Rectangle,16PT C2S,No Coating,Silk,n/a,4/0,100,Score in Half,Moon Slits Right Panel,Yes 10000 Envelopes A2
Majestic,Silk,5.5 x 8.5,Horizontal,Rectangle,16PT C2S,No Coating,Silk,n/a,4/1,75,Score in Half,Moon Slits Right Panel,Yes 10000 Envelopes A2
Majestic,Silk,4.25 x 11,Vertical,Rectangle,16PT C2S,No Coating,Silk,n/a,4/0,100,Score in Half,Moon Slits Right Panel,Yes 10000 Envelopes A2
Majestic,Silk,4.25 x 11,Horizontal,Rectangle,16PT C2S,No Coating,Silk,n/a,4/1,100,Score in Half,Moon Slits Right Panel,Yes 10000 Envelopes A2
Majestic,Silk,5.5 x 8.5,Horizontal,Rectangle,16PT C2S,No Coating,Silk,n/a,4/1,100,Score in Half,Moon Slits Right Panel,Yes 10000 Envelopes A2
Majestic,Silk,4.25 x 11,Vertical,Rectangle,16PT C2S,No Coating,Silk,n/a,4/1,100,Score in Half,Moon Slits Right Panel,Yes 10000 Envelopes A2
Majestic,Silk,5.5 x 8.5,Vertical,Rectangle,16PT C2S,No Coating,Silk,n/a,4/1,100,Score in Half,Moon Slits Right Panel,Yes 10000 Envelopes A2
Majestic,Silk,4.25 x 11,Horizontal,Rectangle,16PT C2S,No Coating,Silk,n/a,4/4,100,Score in Half,Moon Slits Right Panel,Yes 10000 Envelopes A2
Majestic,Silk,5.5 x 8.5,Horizontal,Rectangle,16PT C2S,No Coating,Silk,n/a,4/4,100,Score in Half,Moon Slits Right Panel,Yes 10000 Envelopes A2
Majestic,Silk,4.25 x 11,Vertical,Rectangle,16PT C2S,No Coating,Silk,n/a,4/4,100,Score in Half,Moon Slits Right Panel,Yes 10000 Envelopes A2
Majestic,Silk,5.5 x 8.5,Vertical,Rectangle,16PT C2S,No Coating,Silk,n/a,4/4,100,Score in Half,Moon Slits Right Panel,Yes 10000 Envelopes A2
Majestic,Silk,4.25 x 11,Horizontal,Rectangle,16PT C2S,No Coating,Silk,n/a,4/0,250,Score in Half,Moon Slits Right Panel,Yes 10000 Envelopes A2
Majestic,Silk,5.5 x 8.5,Horizontal,Rectangle,16PT C2S,No Coating,Silk,n/a,4/0,250,Score in Half,Moon Slits Right Panel,Yes 10000 Envelopes A2
Majestic,Silk,4.25 x 11,Vertical,Rectangle,16PT C2S,No Coating,Silk,n/a,4/0,250,Score in Half,Moon Slits Right Panel,Yes 10000 Envelopes A2
Majestic,Silk,5.5 x 8.5,Vertical,Rectangle,16PT C2S,No Coating,Silk,n/a,4/0,250,Score in Half,Moon Slits Right Panel,Yes 10000 Envelopes A2
Majestic,Silk,4.25 x 11,Horizontal,Rectangle,16PT C2S,No Coating,Silk,n/a,4/1,250,Score in Half,Moon Slits Right Panel,Yes 10000 Envelopes A2
Majestic,Silk,5.5 x 8.5,Horizontal,Rectangle,16PT C2S,No Coating,Silk,n/a,4/1,250,Score in Half,Moon Slits Right Panel,Yes 10000 Envelopes A2
Majestic,Silk,4.25 x 11,Vertical,Rectangle,16PT C2S,No Coating,Silk,n/a,4/1,250,Score in Half,Moon Slits Right Panel,Yes 10000 Envelopes A2
Majestic,Silk,5.5 x 8.5,Vertical,Rectangle,16PT C2S,No Coating,Silk,n/a,4/1,250,Score in Half,Moon Slits Right Panel,Yes 10000 Envelopes A2
Majestic,Silk,5.5 x 8.5,Horizontal,Rectangle,16PT C2S,No Coating,Silk,n/a,4/4,250,Score in Half,Moon Slits Right Panel,Yes 10000 Envelopes A2
Majestic,Silk,4.25 x 11,Horizontal,Rectangle,16PT C2S,No Coating,Silk,n/a,4/4,250,Score in Half,Moon Slits Right Panel,Yes 10000 Envelopes A2
Majestic,Silk,4.25 x 11,Vertical,Rectangle,16PT C2S,No Coating,Silk,n/a,4/4,250,Score in Half,Moon Slits Right Panel,Yes 10000 Envelopes A2
Majestic,Silk,5.5 x 8.5,Vertical,Rectangle,16PT C2S,No Coating,Silk,n/a,4/4,250,Score in Half,Moon Slits Right Panel,Yes 10000 Envelopes A2
Majestic,Silk,4.25 x 11,Horizontal,Rectangle,16PT C2S,No Coating,Silk,n/a,4/0,500,Score in Half,Moon Slits Right Panel,Yes 10000 Envelopes A2
Majestic,Silk,5.5 x 8.5,Horizontal,Rectangle,16PT C2S,No Coating,Silk,n/a,4/0,500,Score in Half,Moon Slits Right Panel,Yes 10000 Envelopes A2
Majestic,Silk,5.5 x 8.5,Vertical,Rectangle,16PT C2S,No Coating,Silk,n/a,4/0,500,Score in Half,Moon Slits Right Panel,Yes 10000 Envelopes A2
Majestic,Silk,4.25 x 11,Vertical,Rectangle,16PT C2S,No Coating,Silk,n/a,4/0,500,Score in Half,Moon Slits Right Panel,Yes 10000 Envelopes A2
Majestic,Silk,4.25 x 11,Horizontal,Rectangle,16PT C2S,No Coating,Silk,n/a,4/1,500,Score in Half,Moon Slits Right Panel,Yes 10000 Envelopes A2
Majestic,Silk,5.5 x 8.5,Horizontal,Rectangle,16PT C2S,No Coating,Silk,n/a,4/1,500,Score in Half,Moon Slits Right Panel,Yes 10000 Envelopes A2
Majestic,Silk,5.5 x 8.5,Vertical,Rectangle,16PT C2S,No Coating,Silk,n/a,4/1,500,Score in Half,Moon Slits Right Panel,Yes 10000 Envelopes A2
Majestic,Silk,5.5 x 8.5,Horizontal,Rectangle,16PT C2S,No Coating,Silk,n/a,4/4,500,Score in Half,Moon Slits Right Panel,Yes 10000 Envelopes A2
Majestic,Silk,4.25 x 11,Vertical,Rectangle,16PT C2S,No Coating,Silk,n/a,4/4,500,Score in Half,Moon Slits Right Panel,Yes 10000 Envelopes A2
Majestic,Silk,4.25 x 11,Horizontal,Rectangle,16PT C2S,No Coating,Silk,n/a,4/0,50,Score in Half,Moon Slits Bottom Panel,Yes 10000 Envelopes A2
Majestic,Silk,4.25 x 11,Vertical,Rectangle,16PT C2S,No Coating,Silk,n/a,4/1,500,Score in Half,Moon Slits Right Panel,Yes 10000 Envelopes A2
Majestic,Silk,5.5 x 8.5,Vertical,Rectangle,16PT C2S,No Coating,Silk,n/a,4/4,500,Score in Half,Moon Slits Right Panel,Yes 10000 Envelopes A2
Majestic,Silk,4.25 x 11,Horizontal,Rectangle,16PT C2S,No Coating,Silk,n/a,4/0,1000,Score in Half,Moon Slits Right Panel,Yes 10000 Envelopes A2
Majestic,Silk,5.5 x 8.5,Horizontal,Rectangle,16PT C2S,No Coating,Silk,n/a,4/0,1000,Score in Half,Moon Slits Right Panel,Yes 10000 Envelopes A2
Majestic,Silk,4.25 x 11,Vertical,Rectangle,16PT C2S,No Coating,Silk,n/a,4/0,1000,Score in Half,Moon Slits Right Panel,Yes 10000 Envelopes A2
Majestic,Silk,5.5 x 8.5,Vertical,Rectangle,16PT C2S,No Coating,Silk,n/a,4/0,1000,Score in Half,Moon Slits Right Panel,Yes 10000 Envelopes A2
Majestic,Silk,4.25 x 11,Horizontal,Rectangle,16PT C2S,No Coating,Silk,n/a,4/1,1000,Score in Half,Moon Slits Right Panel,Yes 10000 Envelopes A2
Majestic,Silk,5.5 x 8.5,Horizontal,Rectangle,16PT C2S,No Coating,Silk,n/a,4/1,1000,Score in Half,Moon Slits Right Panel,Yes 10000 Envelopes A2
Majestic,Silk,4.25 x 11,Vertical,Rectangle,16PT C2S,No Coating,Silk,n/a,4/1,1000,Score in Half,Moon Slits Right Panel,Yes 10000 Envelopes A2
Majestic,Silk,5.5 x 8.5,Vertical,Rectangle,16PT C2S,No Coating,Silk,n/a,4/1,1000,Score in Half,Moon Slits Right Panel,Yes 10000 Envelopes A2
Majestic,Silk,5.5 x 8.5,Vertical,Rectangle,16PT C2S,No Coating,Silk,n/a,4/0,100,Score in Half,Moon Slits Right Panel,Yes 10000 Envelopes A2
Majestic,Silk,5.5 x 8.5,Horizontal,Rectangle,16PT C2S,No Coating,Silk,n/a,4/4,1000,Score in Half,Moon Slits Right Panel,Yes 10000 Envelopes A2
Majestic,Silk,4.25 x 11,Vertical,Rectangle,16PT C2S,No Coating,Silk,n/a,4/4,1000,Score in Half,Moon Slits Right Panel,Yes 10000 Envelopes A2
Majestic,Silk,5.5 x 8.5,Vertical,Rectangle,16PT C2S,No Coating,Silk,n/a,4/4,1000,Score in Half,Moon Slits Right Panel,Yes 10000 Envelopes A2
Majestic,Silk,4.25 x 11,Horizontal,Rectangle,16PT C2S,No Coating,Silk,n/a,4/0,2500,Score in Half,Moon Slits Right Panel,Yes 10000 Envelopes A2
Majestic,Silk,5.5 x 8.5,Horizontal,Rectangle,16PT C2S,No Coating,Silk,n/a,4/0,2500,Score in Half,Moon Slits Right Panel,Yes 10000 Envelopes A2
Majestic,Silk,4.25 x 11,Vertical,Rectangle,16PT C2S,No Coating,Silk,n/a,4/0,2500,Score in Half,Moon Slits Right Panel,Yes 10000 Envelopes A2
Majestic,Silk,5.5 x 8.5,Vertical,Rectangle,16PT C2S,No Coating,Silk,n/a,4/0,2500,Score in Half,Moon Slits Right Panel,Yes 10000 Envelopes A2
Majestic,Silk,4.25 x 11,Horizontal,Rectangle,16PT C2S,No Coating,Silk,n/a,4/1,2500,Score in Half,Moon Slits Right Panel,Yes 10000 Envelopes A2
Majestic,Silk,5.5 x 8.5,Horizontal,Rectangle,16PT C2S,No Coating,Silk,n/a,4/1,2500,Score in Half,Moon Slits Right Panel,Yes 10000 Envelopes A2
Majestic,Silk,4.25 x 11,Vertical,Rectangle,16PT C2S,No Coating,Silk,n/a,4/1,2500,Score in Half,Moon Slits Right Panel,Yes 10000 Envelopes A2
Majestic,Silk,5.5 x 8.5,Vertical,Rectangle,16PT C2S,No Coating,Silk,n/a,4/1,2500,Score in Half,Moon Slits Right Panel,Yes 10000 Envelopes A2
Majestic,Silk,4.25 x 11,Horizontal,Rectangle,16PT C2S,No Coating,Silk,n/a,4/4,2500,Score in Half,Moon Slits Right Panel,Yes 10000 Envelopes A2
Majestic,Silk,5.5 x 8.5,Horizontal,Rectangle,16PT C2S,No Coating,Silk,n/a,4/4,2500,Score in Half,Moon Slits Right Panel,Yes 10000 Envelopes A2
Majestic,Silk,4.25 x 11,Vertical,Rectangle,16PT C2S,No Coating,Silk,n/a,4/4,2500,Score in Half,Moon Slits Right Panel,Yes 10000 Envelopes A2
Majestic,Silk,5.5 x 8.5,Vertical,Rectangle,16PT C2S,No Coating,Silk,n/a,4/4,2500,Score in Half,Moon Slits Right Panel,Yes 10000 Envelopes A2
Majestic,Silk,4.25 x 11,Horizontal,Rectangle,16PT C2S,No Coating,Silk,n/a,4/0,5000,Score in Half,Moon Slits Right Panel,Yes 10000 Envelopes A2
Majestic,Silk,5.5 x 8.5,Horizontal,Rectangle,16PT C2S,No Coating,Silk,n/a,4/0,5000,Score in Half,Moon Slits Right Panel,Yes 10000 Envelopes A2
Majestic,Silk,4.25 x 11,Vertical,Rectangle,16PT C2S,No Coating,Silk,n/a,4/0,5000,Score in Half,Moon Slits Right Panel,Yes 10000 Envelopes A2
Majestic,Silk,5.5 x 8.5,Vertical,Rectangle,16PT C2S,No Coating,Silk,n/a,4/0,5000,Score in Half,Moon Slits Right Panel,Yes 10000 Envelopes A2
Majestic,Silk,4.25 x 11,Horizontal,Rectangle,16PT C2S,No Coating,Silk,n/a,4/1,5000,Score in Half,Moon Slits Right Panel,Yes 10000 Envelopes A2
Majestic,Silk,5.5 x 8.5,Horizontal,Rectangle,16PT C2S,No Coating,Silk,n/a,4/1,5000,Score in Half,Moon Slits Right Panel,Yes 10000 Envelopes A2
Majestic,Silk,4.25 x 11,Vertical,Rectangle,16PT C2S,No Coating,Silk,n/a,4/1,5000,Score in Half,Moon Slits Right Panel,Yes 10000 Envelopes A2
Majestic,Silk,5.5 x 8.5,Vertical,Rectangle,16PT C2S,No Coating,Silk,n/a,4/1,5000,Score in Half,Moon Slits Right Panel,Yes 10000 Envelopes A2
Majestic,Silk,4.25 x 11,Horizontal,Rectangle,16PT C2S,No Coating,Silk,n/a,4/4,5000,Score in Half,Moon Slits Right Panel,Yes 10000 Envelopes A2
Majestic,Silk,5.5 x 8.5,Horizontal,Rectangle,16PT C2S,No Coating,Silk,n/a,4/4,5000,Score in Half,Moon Slits Right Panel,Yes 10000 Envelopes A2
Majestic,Silk,4.25 x 11,Vertical,Rectangle,16PT C2S,No Coating,Silk,n/a,4/4,5000,Score in Half,Moon Slits Right Panel,Yes 10000 Envelopes A2
Majestic,Silk,5.5 x 8.5,Vertical,Rectangle,16PT C2S,No Coating,Silk,n/a,4/4,5000,Score in Half,Moon Slits Right Panel,Yes 10000 Envelopes A2
Majestic,Silk,4.25 x 11,Horizontal,Rectangle,16PT C2S,No Coating,Silk,n/a,4/0,10000,Score in Half,Moon Slits Right Panel,Yes 10000 Envelopes A2
Majestic,Silk,5.5 x 8.5,Horizontal,Rectangle,16PT C2S,No Coating,Silk,n/a,4/0,10000,Score in Half,Moon Slits Right Panel,Yes 10000 Envelopes A2
Majestic,Silk,4.25 x 11,Vertical,Rectangle,16PT C2S,No Coating,Silk,n/a,4/0,10000,Score in Half,Moon Slits Right Panel,Yes 10000 Envelopes A2
Majestic,Silk,5.5 x 8.5,Vertical,Rectangle,16PT C2S,No Coating,Silk,n/a,4/0,10000,Score in Half,Moon Slits Right Panel,Yes 10000 Envelopes A2
Majestic,Silk,4.25 x 11,Horizontal,Rectangle,16PT C2S,No Coating,Silk,n/a,4/1,10000,Score in Half,Moon Slits Right Panel,Yes 10000 Envelopes A2
Majestic,Silk,5.5 x 8.5,Horizontal,Rectangle,16PT C2S,No Coating,Silk,n/a,4/1,10000,Score in Half,Moon Slits Right Panel,Yes 10000 Envelopes A2
Majestic,Silk,4.25 x 11,Vertical,Rectangle,16PT C2S,No Coating,Silk,n/a,4/1,10000,Score in Half,Moon Slits Right Panel,Yes 10000 Envelopes A2
Majestic,Silk,5.5 x 8.5,Vertical,Rectangle,16PT C2S,No Coating,Silk,n/a,4/1,10000,Score in Half,Moon Slits Right Panel,Yes 10000 Envelopes A2
Majestic,Silk,4.25 x 11,Horizontal,Rectangle,16PT C2S,No Coating,Silk,n/a,4/4,10000,Score in Half,Moon Slits Right Panel,Yes 10000 Envelopes A2
Majestic,Silk,5.5 x 8.5,Horizontal,Rectangle,16PT C2S,No Coating,Silk,n/a,4/4,10000,Score in Half,Moon Slits Right Panel,Yes 10000 Envelopes A2
Majestic,Silk,4.25 x 11,Vertical,Rectangle,16PT C2S,No Coating,Silk,n/a,4/4,10000,Score in Half,Moon Slits Right Panel,Yes 10000 Envelopes A2
Majestic,Silk,5.5 x 8.5,Vertical,Rectangle,16PT C2S,No Coating,Silk,n/a,4/4,10000,Score in Half,Moon Slits Right Panel,Yes 10000 Envelopes A2
Majestic,Silk,4.25 x 11,Horizontal,Rectangle,16PT C2S,No Coating,Silk,n/a,4/0,25,Score in Half,No Gift Cards Slits,Yes 10000 Envelopes A2
Majestic,Silk,5.5 x 8.5,Horizontal,Rectangle,16PT C2S,No Coating,Silk,n/a,4/0,25,Score in Half,No Gift Cards Slits,Yes 10000 Envelopes A2
Majestic,Silk,4.25 x 11,Vertical,Rectangle,16PT C2S,No Coating,Silk,n/a,4/0,25,Score in Half,No Gift Cards Slits,Yes 10000 Envelopes A2
Majestic,Silk,5.5 x 8.5,Vertical,Rectangle,16PT C2S,No Coating,Silk,n/a,4/0,25,Score in Half,No Gift Cards Slits,Yes 10000 Envelopes A2
Majestic,Silk,4.25 x 11,Horizontal,Rectangle,16PT C2S,No Coating,Silk,n/a,4/1,25,Score in Half,No Gift Cards Slits,Yes 10000 Envelopes A2
Majestic,Silk,5.5 x 8.5,Horizontal,Rectangle,16PT C2S,No Coating,Silk,n/a,4/1,25,Score in Half,No Gift Cards Slits,Yes 10000 Envelopes A2
Majestic,Silk,4.25 x 11,Vertical,Rectangle,16PT C2S,No Coating,Silk,n/a,4/1,25,Score in Half,No Gift Cards Slits,Yes 10000 Envelopes A2
Majestic,Silk,5.5 x 8.5,Vertical,Rectangle,16PT C2S,No Coating,Silk,n/a,4/1,25,Score in Half,No Gift Cards Slits,Yes 10000 Envelopes A2
Majestic,Silk,4.25 x 11,Horizontal,Rectangle,16PT C2S,No Coating,Silk,n/a,4/4,25,Score in Half,No Gift Cards Slits,Yes 10000 Envelopes A2
Majestic,Silk,5.5 x 8.5,Horizontal,Rectangle,16PT C2S,No Coating,Silk,n/a,4/4,25,Score in Half,No Gift Cards Slits,Yes 10000 Envelopes A2
Majestic,Silk,4.25 x 11,Vertical,Rectangle,16PT C2S,No Coating,Silk,n/a,4/4,25,Score in Half,No Gift Cards Slits,Yes 10000 Envelopes A2
Majestic,Silk,5.5 x 8.5,Vertical,Rectangle,16PT C2S,No Coating,Silk,n/a,4/4,25,Score in Half,No Gift Cards Slits,Yes 10000 Envelopes A2
Majestic,Silk,4.25 x 11,Horizontal,Rectangle,16PT C2S,No Coating,Silk,n/a,4/0,50,Score in Half,No Gift Cards Slits,Yes 10000 Envelopes A2
Majestic,Silk,5.5 x 8.5,Horizontal,Rectangle,16PT C2S,No Coating,Silk,n/a,4/0,50,Score in Half,No Gift Cards Slits,Yes 10000 Envelopes A2
Majestic,Silk,4.25 x 11,Vertical,Rectangle,16PT C2S,No Coating,Silk,n/a,4/0,50,Score in Half,No Gift Cards Slits,Yes 10000 Envelopes A2
Majestic,Silk,5.5 x 8.5,Vertical,Rectangle,16PT C2S,No Coating,Silk,n/a,4/0,50,Score in Half,No Gift Cards Slits,Yes 10000 Envelopes A2
Majestic,Silk,4.25 x 11,Horizontal,Rectangle,16PT C2S,No Coating,Silk,n/a,4/1,50,Score in Half,No Gift Cards Slits,Yes 10000 Envelopes A2
Majestic,Silk,5.5 x 8.5,Horizontal,Rectangle,16PT C2S,No Coating,Silk,n/a,4/1,50,Score in Half,No Gift Cards Slits,Yes 10000 Envelopes A2
Majestic,Silk,4.25 x 11,Vertical,Rectangle,16PT C2S,No Coating,Silk,n/a,4/1,50,Score in Half,No Gift Cards Slits,Yes 10000 Envelopes A2
Majestic,Silk,5.5 x 8.5,Vertical,Rectangle,16PT C2S,No Coating,Silk,n/a,4/1,50,Score in Half,No Gift Cards Slits,Yes 10000 Envelopes A2
Majestic,Silk,4.25 x 11,Horizontal,Rectangle,16PT C2S,No Coating,Silk,n/a,4/4,50,Score in Half,No Gift Cards Slits,Yes 10000 Envelopes A2
Majestic,Silk,5.5 x 8.5,Horizontal,Rectangle,16PT C2S,No Coating,Silk,n/a,4/4,50,Score in Half,No Gift Cards Slits,Yes 10000 Envelopes A2
Majestic,Silk,4.25 x 11,Vertical,Rectangle,16PT C2S,No Coating,Silk,n/a,4/4,50,Score in Half,No Gift Cards Slits,Yes 10000 Envelopes A2
Majestic,Silk,5.5 x 8.5,Vertical,Rectangle,16PT C2S,No Coating,Silk,n/a,4/4,50,Score in Half,No Gift Cards Slits,Yes 10000 Envelopes A2
Majestic,Silk,4.25 x 11,Horizontal,Rectangle,16PT C2S,No Coating,Silk,n/a,4/0,75,Score in Half,No Gift Cards Slits,Yes 10000 Envelopes A2
Majestic,Silk,5.5 x 8.5,Horizontal,Rectangle,16PT C2S,No Coating,Silk,n/a,4/0,75,Score in Half,No Gift Cards Slits,Yes 10000 Envelopes A2
Majestic,Silk,4.25 x 11,Vertical,Rectangle,16PT C2S,No Coating,Silk,n/a,4/0,75,Score in Half,No Gift Cards Slits,Yes 10000 Envelopes A2
Majestic,Silk,5.5 x 8.5,Vertical,Rectangle,16PT C2S,No Coating,Silk,n/a,4/0,75,Score in Half,No Gift Cards Slits,Yes 10000 Envelopes A2
Majestic,Silk,4.25 x 11,Horizontal,Rectangle,16PT C2S,No Coating,Silk,n/a,4/1,75,Score in Half,No Gift Cards Slits,Yes 10000 Envelopes A2
Majestic,Silk,5.5 x 8.5,Horizontal,Rectangle,16PT C2S,No Coating,Silk,n/a,4/1,75,Score in Half,No Gift Cards Slits,Yes 10000 Envelopes A2
Majestic,Silk,4.25 x 11,Vertical,Rectangle,16PT C2S,No Coating,Silk,n/a,4/1,75,Score in Half,No Gift Cards Slits,Yes 10000 Envelopes A2
Majestic,Silk,5.5 x 8.5,Vertical,Rectangle,16PT C2S,No Coating,Silk,n/a,4/1,75,Score in Half,No Gift Cards Slits,Yes 10000 Envelopes A2
Majestic,Silk,4.25 x 11,Horizontal,Rectangle,16PT C2S,No Coating,Silk,n/a,4/4,75,Score in Half,No Gift Cards Slits,Yes 10000 Envelopes A2
Majestic,Silk,5.5 x 8.5,Horizontal,Rectangle,16PT C2S,No Coating,Silk,n/a,4/4,75,Score in Half,No Gift Cards Slits,Yes 10000 Envelopes A2
Majestic,Silk,4.25 x 11,Vertical,Rectangle,16PT C2S,No Coating,Silk,n/a,4/4,75,Score in Half,No Gift Cards Slits,Yes 10000 Envelopes A2
Majestic,Silk,4.25 x 11,Horizontal,Rectangle,16PT C2S,No Coating,Silk,n/a,4/4,500,Score in Half,Moon Slits Right Panel,Yes 10000 Envelopes A2
Majestic,Silk,4.25 x 11,Horizontal,Rectangle,16PT C2S,No Coating,Silk,n/a,4/0,100,Score in Half,No Gift Cards Slits,Yes 10000 Envelopes A2
Majestic,Silk,5.5 x 8.5,Horizontal,Rectangle,16PT C2S,No Coating,Silk,n/a,4/0,100,Score in Half,No Gift Cards Slits,Yes 10000 Envelopes A2
Majestic,Silk,4.25 x 11,Vertical,Rectangle,16PT C2S,No Coating,Silk,n/a,4/0,100,Score in Half,No Gift Cards Slits,Yes 10000 Envelopes A2
Majestic,Silk,5.5 x 8.5,Vertical,Rectangle,16PT C2S,No Coating,Silk,n/a,4/0,100,Score in Half,No Gift Cards Slits,Yes 10000 Envelopes A2
Majestic,Silk,4.25 x 11,Horizontal,Rectangle,16PT C2S,No Coating,Silk,n/a,4/1,100,Score in Half,No Gift Cards Slits,Yes 10000 Envelopes A2
Majestic,Silk,5.5 x 8.5,Horizontal,Rectangle,16PT C2S,No Coating,Silk,n/a,4/1,100,Score in Half,No Gift Cards Slits,Yes 10000 Envelopes A2
Majestic,Silk,4.25 x 11,Vertical,Rectangle,16PT C2S,No Coating,Silk,n/a,4/1,100,Score in Half,No Gift Cards Slits,Yes 10000 Envelopes A2
Majestic,Silk,4.25 x 11,Horizontal,Rectangle,16PT C2S,No Coating,Silk,n/a,4/4,100,Score in Half,No Gift Cards Slits,Yes 10000 Envelopes A2
Majestic,Silk,4.25 x 11,Horizontal,Rectangle,16PT C2S,No Coating,Silk,n/a,4/4,1000,Score in Half,Moon Slits Right Panel,Yes 10000 Envelopes A2
Majestic,Silk,5.5 x 8.5,Vertical,Rectangle,16PT C2S,No Coating,Silk,n/a,4/1,100,Score in Half,No Gift Cards Slits,Yes 10000 Envelopes A2
Majestic,Silk,4.25 x 11,Horizontal,Rectangle,16PT C2S,No Coating,Silk,n/a,4/0,250,Score in Half,No Gift Cards Slits,Yes 10000 Envelopes A2
Majestic,Silk,5.5 x 8.5,Horizontal,Rectangle,16PT C2S,No Coating,Silk,n/a,4/0,250,Score in Half,No Gift Cards Slits,Yes 10000 Envelopes A2
Majestic,Silk,4.25 x 11,Vertical,Rectangle,16PT C2S,No Coating,Silk,n/a,4/0,250,Score in Half,No Gift Cards Slits,Yes 10000 Envelopes A2
Majestic,Silk,4.25 x 11,Vertical,Rectangle,16PT C2S,No Coating,Silk,n/a,4/4,100,Score in Half,No Gift Cards Slits,Yes 10000 Envelopes A2
Majestic,Silk,5.5 x 8.5,Vertical,Rectangle,16PT C2S,No Coating,Silk,n/a,4/4,100,Score in Half,No Gift Cards Slits,Yes 10000 Envelopes A2
Majestic,Silk,5.5 x 8.5,Vertical,Rectangle,16PT C2S,No Coating,Silk,n/a,4/0,250,Score in Half,No Gift Cards Slits,Yes 10000 Envelopes A2
Majestic,Silk,4.25 x 11,Horizontal,Rectangle,16PT C2S,No Coating,Silk,n/a,4/1,250,Score in Half,No Gift Cards Slits,Yes 10000 Envelopes A2
Majestic,Silk,4.25 x 11,Vertical,Rectangle,16PT C2S,No Coating,Silk,n/a,4/1,250,Score in Half,No Gift Cards Slits,Yes 10000 Envelopes A2
Majestic,Silk,5.5 x 8.5,Vertical,Rectangle,16PT C2S,No Coating,Silk,n/a,4/1,250,Score in Half,No Gift Cards Slits,Yes 10000 Envelopes A2
Majestic,Silk,4.25 x 11,Horizontal,Rectangle,16PT C2S,No Coating,Silk,n/a,4/4,250,Score in Half,No Gift Cards Slits,Yes 10000 Envelopes A2
Majestic,Silk,5.5 x 8.5,Horizontal,Rectangle,16PT C2S,No Coating,Silk,n/a,4/1,250,Score in Half,No Gift Cards Slits,Yes 10000 Envelopes A2
Majestic,Silk,5.5 x 8.5,Horizontal,Rectangle,16PT C2S,No Coating,Silk,n/a,4/4,250,Score in Half,No Gift Cards Slits,Yes 10000 Envelopes A2
Majestic,Silk,4.25 x 11,Vertical,Rectangle,16PT C2S,No Coating,Silk,n/a,4/4,250,Score in Half,No Gift Cards Slits,Yes 10000 Envelopes A2
Majestic,Silk,4.25 x 11,Horizontal,Rectangle,16PT C2S,No Coating,Silk,n/a,4/0,500,Score in Half,No Gift Cards Slits,Yes 10000 Envelopes A2
Majestic,Silk,5.5 x 8.5,Vertical,Rectangle,16PT C2S,No Coating,Silk,n/a,4/4,250,Score in Half,No Gift Cards Slits,Yes 10000 Envelopes A2
Majestic,Silk,4.25 x 11,Vertical,Rectangle,16PT C2S,No Coating,Silk,n/a,4/0,500,Score in Half,No Gift Cards Slits,Yes 10000 Envelopes A2
Majestic,Silk,5.5 x 8.5,Vertical,Rectangle,16PT C2S,No Coating,Silk,n/a,4/0,500,Score in Half,No Gift Cards Slits,Yes 10000 Envelopes A2
Majestic,Silk,5.5 x 8.5,Horizontal,Rectangle,16PT C2S,No Coating,Silk,n/a,4/1,500,Score in Half,No Gift Cards Slits,Yes 10000 Envelopes A2
Majestic,Silk,4.25 x 11,Vertical,Rectangle,16PT C2S,No Coating,Silk,n/a,4/1,500,Score in Half,No Gift Cards Slits,Yes 10000 Envelopes A2
Majestic,Silk,4.25 x 11,Horizontal,Rectangle,16PT C2S,No Coating,Silk,n/a,4/1,500,Score in Half,No Gift Cards Slits,Yes 10000 Envelopes A2
Majestic,Silk,5.5 x 8.5,Vertical,Rectangle,16PT C2S,No Coating,Silk,n/a,4/1,500,Score in Half,No Gift Cards Slits,Yes 10000 Envelopes A2
Majestic,Silk,4.25 x 11,Horizontal,Rectangle,16PT C2S,No Coating,Silk,n/a,4/4,500,Score in Half,No Gift Cards Slits,Yes 10000 Envelopes A2
Majestic,Silk,5.5 x 8.5,Horizontal,Rectangle,16PT C2S,No Coating,Silk,n/a,4/0,500,Score in Half,No Gift Cards Slits,Yes 10000 Envelopes A2
Majestic,Silk,4.25 x 11,Vertical,Rectangle,16PT C2S,No Coating,Silk,n/a,4/4,500,Score in Half,No Gift Cards Slits,Yes 10000 Envelopes A2
Majestic,Silk,5.5 x 8.5,Horizontal,Rectangle,16PT C2S,No Coating,Silk,n/a,4/4,500,Score in Half,No Gift Cards Slits,Yes 10000 Envelopes A2
Majestic,Silk,5.5 x 8.5,Vertical,Rectangle,16PT C2S,No Coating,Silk,n/a,4/4,500,Score in Half,No Gift Cards Slits,Yes 10000 Envelopes A2
Majestic,Silk,5.5 x 8.5,Horizontal,Rectangle,16PT C2S,No Coating,Silk,n/a,4/0,1000,Score in Half,No Gift Cards Slits,Yes 10000 Envelopes A2
Majestic,Silk,4.25 x 11,Horizontal,Rectangle,16PT C2S,No Coating,Silk,n/a,4/0,1000,Score in Half,No Gift Cards Slits,Yes 10000 Envelopes A2
Majestic,Silk,4.25 x 11,Vertical,Rectangle,16PT C2S,No Coating,Silk,n/a,4/0,1000,Score in Half,No Gift Cards Slits,Yes 10000 Envelopes A2
Majestic,Silk,5.5 x 8.5,Vertical,Rectangle,16PT C2S,No Coating,Silk,n/a,4/0,1000,Score in Half,No Gift Cards Slits,Yes 10000 Envelopes A2
Majestic,Silk,4.25 x 11,Horizontal,Rectangle,16PT C2S,No Coating,Silk,n/a,4/1,1000,Score in Half,No Gift Cards Slits,Yes 10000 Envelopes A2
Majestic,Silk,5.5 x 8.5,Horizontal,Rectangle,16PT C2S,No Coating,Silk,n/a,4/1,1000,Score in Half,No Gift Cards Slits,Yes 10000 Envelopes A2
Majestic,Silk,4.25 x 11,Vertical,Rectangle,16PT C2S,No Coating,Silk,n/a,4/1,1000,Score in Half,No Gift Cards Slits,Yes 10000 Envelopes A2
Majestic,Silk,4.25 x 11,Horizontal,Rectangle,16PT C2S,No Coating,Silk,n/a,4/4,1000,Score in Half,No Gift Cards Slits,Yes 10000 Envelopes A2
Majestic,Silk,5.5 x 8.5,Horizontal,Rectangle,16PT C2S,No Coating,Silk,n/a,4/4,1000,Score in Half,No Gift Cards Slits,Yes 10000 Envelopes A2
Majestic,Silk,5.5 x 8.5,Vertical,Rectangle,16PT C2S,No Coating,Silk,n/a,4/1,1000,Score in Half,No Gift Cards Slits,Yes 10000 Envelopes A2
Majestic,Silk,4.25 x 11,Vertical,Rectangle,16PT C2S,No Coating,Silk,n/a,4/4,1000,Score in Half,No Gift Cards Slits,Yes 10000 Envelopes A2
Majestic,Silk,5.5 x 8.5,Vertical,Rectangle,16PT C2S,No Coating,Silk,n/a,4/4,1000,Score in Half,No Gift Cards Slits,Yes 10000 Envelopes A2
Majestic,Silk,4.25 x 11,Horizontal,Rectangle,16PT C2S,No Coating,Silk,n/a,4/0,2500,Score in Half,No Gift Cards Slits,Yes 10000 Envelopes A2
Majestic,Silk,5.5 x 8.5,Horizontal,Rectangle,16PT C2S,No Coating,Silk,n/a,4/0,2500,Score in Half,No Gift Cards Slits,Yes 10000 Envelopes A2
Majestic,Silk,4.25 x 11,Vertical,Rectangle,16PT C2S,No Coating,Silk,n/a,4/0,2500,Score in Half,No Gift Cards Slits,Yes 10000 Envelopes A2
Majestic,Silk,4.25 x 11,Horizontal,Rectangle,16PT C2S,No Coating,Silk,n/a,4/1,2500,Score in Half,No Gift Cards Slits,Yes 10000 Envelopes A2
Majestic,Silk,5.5 x 8.5,Horizontal,Rectangle,16PT C2S,No Coating,Silk,n/a,4/1,2500,Score in Half,No Gift Cards Slits,Yes 10000 Envelopes A2
Majestic,Silk,4.25 x 11,Vertical,Rectangle,16PT C2S,No Coating,Silk,n/a,4/1,2500,Score in Half,No Gift Cards Slits,Yes 10000 Envelopes A2
Majestic,Silk,5.5 x 8.5,Vertical,Rectangle,16PT C2S,No Coating,Silk,n/a,4/0,2500,Score in Half,No Gift Cards Slits,Yes 10000 Envelopes A2
Majestic,Silk,5.5 x 8.5,Vertical,Rectangle,16PT C2S,No Coating,Silk,n/a,4/1,2500,Score in Half,No Gift Cards Slits,Yes 10000 Envelopes A2
Majestic,Silk,4.25 x 11,Horizontal,Rectangle,16PT C2S,No Coating,Silk,n/a,4/4,2500,Score in Half,No Gift Cards Slits,Yes 10000 Envelopes A2
Majestic,Silk,5.5 x 8.5,Horizontal,Rectangle,16PT C2S,No Coating,Silk,n/a,4/4,2500,Score in Half,No Gift Cards Slits,Yes 10000 Envelopes A2
Majestic,Silk,5.5 x 8.5,Vertical,Rectangle,16PT C2S,No Coating,Silk,n/a,4/4,2500,Score in Half,No Gift Cards Slits,Yes 10000 Envelopes A2
Majestic,Silk,4.25 x 11,Horizontal,Rectangle,16PT C2S,No Coating,Silk,n/a,4/0,5000,Score in Half,No Gift Cards Slits,Yes 10000 Envelopes A2
Majestic,Silk,5.5 x 8.5,Horizontal,Rectangle,16PT C2S,No Coating,Silk,n/a,4/0,5000,Score in Half,No Gift Cards Slits,Yes 10000 Envelopes A2
Majestic,Silk,4.25 x 11,Vertical,Rectangle,16PT C2S,No Coating,Silk,n/a,4/4,2500,Score in Half,No Gift Cards Slits,Yes 10000 Envelopes A2
Majestic,Silk,4.25 x 11,Vertical,Rectangle,16PT C2S,No Coating,Silk,n/a,4/0,5000,Score in Half,No Gift Cards Slits,Yes 10000 Envelopes A2
Majestic,Silk,5.5 x 8.5,Vertical,Rectangle,16PT C2S,No Coating,Silk,n/a,4/0,5000,Score in Half,No Gift Cards Slits,Yes 10000 Envelopes A2
Majestic,Silk,4.25 x 11,Horizontal,Rectangle,16PT C2S,No Coating,Silk,n/a,4/1,5000,Score in Half,No Gift Cards Slits,Yes 10000 Envelopes A2
Majestic,Silk,5.5 x 8.5,Horizontal,Rectangle,16PT C2S,No Coating,Silk,n/a,4/1,5000,Score in Half,No Gift Cards Slits,Yes 10000 Envelopes A2
Majestic,Silk,5.5 x 8.5,Vertical,Rectangle,16PT C2S,No Coating,Silk,n/a,4/1,5000,Score in Half,No Gift Cards Slits,Yes 10000 Envelopes A2
Majestic,Silk,4.25 x 11,Vertical,Rectangle,16PT C2S,No Coating,Silk,n/a,4/1,5000,Score in Half,No Gift Cards Slits,Yes 10000 Envelopes A2
Majestic,Silk,4.25 x 11,Horizontal,Rectangle,16PT C2S,No Coating,Silk,n/a,4/4,5000,Score in Half,No Gift Cards Slits,Yes 10000 Envelopes A2
Majestic,Silk,5.5 x 8.5,Horizontal,Rectangle,16PT C2S,No Coating,Silk,n/a,4/4,5000,Score in Half,No Gift Cards Slits,Yes 10000 Envelopes A2
Majestic,Silk,4.25 x 11,Vertical,Rectangle,16PT C2S,No Coating,Silk,n/a,4/4,5000,Score in Half,No Gift Cards Slits,Yes 10000 Envelopes A2
Majestic,Silk,5.5 x 8.5,Vertical,Rectangle,16PT C2S,No Coating,Silk,n/a,4/4,5000,Score in Half,No Gift Cards Slits,Yes 10000 Envelopes A2
Majestic,Silk,4.25 x 11,Horizontal,Rectangle,16PT C2S,No Coating,Silk,n/a,4/0,10000,Score in Half,No Gift Cards Slits,Yes 10000 Envelopes A2
Majestic,Silk,5.5 x 8.5,Horizontal,Rectangle,16PT C2S,No Coating,Silk,n/a,4/0,10000,Score in Half,No Gift Cards Slits,Yes 10000 Envelopes A2
Majestic,Silk,4.25 x 11,Vertical,Rectangle,16PT C2S,No Coating,Silk,n/a,4/0,10000,Score in Half,No Gift Cards Slits,Yes 10000 Envelopes A2
Majestic,Silk,5.5 x 8.5,Vertical,Rectangle,16PT C2S,No Coating,Silk,n/a,4/0,10000,Score in Half,No Gift Cards Slits,Yes 10000 Envelopes A2
Majestic,Silk,4.25 x 11,Horizontal,Rectangle,16PT C2S,No Coating,Silk,n/a,4/1,10000,Score in Half,No Gift Cards Slits,Yes 10000 Envelopes A2
Majestic,Silk,5.5 x 8.5,Horizontal,Rectangle,16PT C2S,No Coating,Silk,n/a,4/1,10000,Score in Half,No Gift Cards Slits,Yes 10000 Envelopes A2
Majestic,Silk,4.25 x 11,Vertical,Rectangle,16PT C2S,No Coating,Silk,n/a,4/1,10000,Score in Half,No Gift Cards Slits,Yes 10000 Envelopes A2
Majestic,Silk,5.5 x 8.5,Vertical,Rectangle,16PT C2S,No Coating,Silk,n/a,4/1,10000,Score in Half,No Gift Cards Slits,Yes 10000 Envelopes A2
Majestic,Silk,4.25 x 11,Horizontal,Rectangle,16PT C2S,No Coating,Silk,n/a,4/4,10000,Score in Half,No Gift Cards Slits,Yes 10000 Envelopes A2
Majestic,Silk,5.5 x 8.5,Horizontal,Rectangle,16PT C2S,No Coating,Silk,n/a,4/4,10000,Score in Half,No Gift Cards Slits,Yes 10000 Envelopes A2
Majestic,Silk,5.5 x 8.5,Vertical,Rectangle,16PT C2S,No Coating,Silk,n/a,4/4,10000,Score in Half,No Gift Cards Slits,Yes 10000 Envelopes A2
Majestic,Silk,4.25 x 11,Horizontal,Rectangle,16PT C2S,No Coating,Silk,n/a,4/0,25,Score in Half,Slide Slits Bottom Panel,Yes 10000 Envelopes A2
Majestic,Silk,4.25 x 11,Vertical,Rectangle,16PT C2S,No Coating,Silk,n/a,4/4,10000,Score in Half,No Gift Cards Slits,Yes 10000 Envelopes A2
Majestic,Silk,5.5 x 8.5,Horizontal,Rectangle,16PT C2S,No Coating,Silk,n/a,4/0,25,Score in Half,Slide Slits Bottom Panel,Yes 10000 Envelopes A2
Majestic,Silk,4.25 x 11,Vertical,Rectangle,16PT C2S,No Coating,Silk,n/a,4/0,25,Score in Half,Slide Slits Bottom Panel,Yes 10000 Envelopes A2
Majestic,Silk,5.5 x 8.5,Vertical,Rectangle,16PT C2S,No Coating,Silk,n/a,4/0,25,Score in Half,Slide Slits Bottom Panel,Yes 10000 Envelopes A2
Majestic,Silk,4.25 x 11,Horizontal,Rectangle,16PT C2S,No Coating,Silk,n/a,4/1,25,Score in Half,Slide Slits Bottom Panel,Yes 10000 Envelopes A2
Majestic,Silk,5.5 x 8.5,Horizontal,Rectangle,16PT C2S,No Coating,Silk,n/a,4/1,25,Score in Half,Slide Slits Bottom Panel,Yes 10000 Envelopes A2
Majestic,Silk,4.25 x 11,Vertical,Rectangle,16PT C2S,No Coating,Silk,n/a,4/1,25,Score in Half,Slide Slits Bottom Panel,Yes 10000 Envelopes A2
Majestic,Silk,5.5 x 8.5,Vertical,Rectangle,16PT C2S,No Coating,Silk,n/a,4/1,25,Score in Half,Slide Slits Bottom Panel,Yes 10000 Envelopes A2
Majestic,Silk,4.25 x 11,Horizontal,Rectangle,16PT C2S,No Coating,Silk,n/a,4/4,25,Score in Half,Slide Slits Bottom Panel,Yes 10000 Envelopes A2
Majestic,Silk,5.5 x 8.5,Horizontal,Rectangle,16PT C2S,No Coating,Silk,n/a,4/4,25,Score in Half,Slide Slits Bottom Panel,Yes 10000 Envelopes A2
Majestic,Silk,4.25 x 11,Vertical,Rectangle,16PT C2S,No Coating,Silk,n/a,4/4,25,Score in Half,Slide Slits Bottom Panel,Yes 10000 Envelopes A2
Majestic,Silk,5.5 x 8.5,Vertical,Rectangle,16PT C2S,No Coating,Silk,n/a,4/4,25,Score in Half,Slide Slits Bottom Panel,Yes 10000 Envelopes A2
Majestic,Silk,4.25 x 11,Horizontal,Rectangle,16PT C2S,No Coating,Silk,n/a,4/0,50,Score in Half,Slide Slits Bottom Panel,Yes 10000 Envelopes A2
Majestic,Silk,5.5 x 8.5,Horizontal,Rectangle,16PT C2S,No Coating,Silk,n/a,4/0,50,Score in Half,Slide Slits Bottom Panel,Yes 10000 Envelopes A2
Majestic,Silk,4.25 x 11,Vertical,Rectangle,16PT C2S,No Coating,Silk,n/a,4/0,50,Score in Half,Slide Slits Bottom Panel,Yes 10000 Envelopes A2
Majestic,Silk,5.5 x 8.5,Vertical,Rectangle,16PT C2S,No Coating,Silk,n/a,4/0,50,Score in Half,Slide Slits Bottom Panel,Yes 10000 Envelopes A2
Majestic,Silk,4.25 x 11,Horizontal,Rectangle,16PT C2S,No Coating,Silk,n/a,4/1,50,Score in Half,Slide Slits Bottom Panel,Yes 10000 Envelopes A2
Majestic,Silk,5.5 x 8.5,Horizontal,Rectangle,16PT C2S,No Coating,Silk,n/a,4/1,50,Score in Half,Slide Slits Bottom Panel,Yes 10000 Envelopes A2
Majestic,Silk,4.25 x 11,Vertical,Rectangle,16PT C2S,No Coating,Silk,n/a,4/1,50,Score in Half,Slide Slits Bottom Panel,Yes 10000 Envelopes A2
Majestic,Silk,5.5 x 8.5,Vertical,Rectangle,16PT C2S,No Coating,Silk,n/a,4/1,50,Score in Half,Slide Slits Bottom Panel,Yes 10000 Envelopes A2
Majestic,Silk,5.5 x 8.5,Horizontal,Rectangle,16PT C2S,No Coating,Silk,n/a,4/4,50,Score in Half,Slide Slits Bottom Panel,Yes 10000 Envelopes A2
Majestic,Silk,4.25 x 11,Horizontal,Rectangle,16PT C2S,No Coating,Silk,n/a,4/4,50,Score in Half,Slide Slits Bottom Panel,Yes 10000 Envelopes A2
Majestic,Silk,4.25 x 11,Vertical,Rectangle,16PT C2S,No Coating,Silk,n/a,4/4,50,Score in Half,Slide Slits Bottom Panel,Yes 10000 Envelopes A2
Majestic,Silk,5.5 x 8.5,Vertical,Rectangle,16PT C2S,No Coating,Silk,n/a,4/4,75,Score in Half,No Gift Cards Slits,Yes 10000 Envelopes A2
Majestic,Silk,4.25 x 11,Horizontal,Rectangle,16PT C2S,No Coating,Silk,n/a,4/0,75,Score in Half,Slide Slits Bottom Panel,Yes 10000 Envelopes A2
Majestic,Silk,5.5 x 8.5,Horizontal,Rectangle,16PT C2S,No Coating,Silk,n/a,4/0,75,Score in Half,Slide Slits Bottom Panel,Yes 10000 Envelopes A2
Majestic,Silk,4.25 x 11,Vertical,Rectangle,16PT C2S,No Coating,Silk,n/a,4/0,75,Score in Half,Slide Slits Bottom Panel,Yes 10000 Envelopes A2
Majestic,Silk,5.5 x 8.5,Vertical,Rectangle,16PT C2S,No Coating,Silk,n/a,4/0,75,Score in Half,Slide Slits Bottom Panel,Yes 10000 Envelopes A2
Majestic,Silk,4.25 x 11,Horizontal,Rectangle,16PT C2S,No Coating,Silk,n/a,4/1,75,Score in Half,Slide Slits Bottom Panel,Yes 10000 Envelopes A2
Majestic,Silk,4.25 x 11,Vertical,Rectangle,16PT C2S,No Coating,Silk,n/a,4/1,75,Score in Half,Slide Slits Bottom Panel,Yes 10000 Envelopes A2
Majestic,Silk,5.5 x 8.5,Horizontal,Rectangle,16PT C2S,No Coating,Silk,n/a,4/1,75,Score in Half,Slide Slits Bottom Panel,Yes 10000 Envelopes A2
Majestic,Silk,5.5 x 8.5,Vertical,Rectangle,16PT C2S,No Coating,Silk,n/a,4/1,75,Score in Half,Slide Slits Bottom Panel,Yes 10000 Envelopes A2
Majestic,Silk,4.25 x 11,Horizontal,Rectangle,16PT C2S,No Coating,Silk,n/a,4/4,75,Score in Half,Slide Slits Bottom Panel,Yes 10000 Envelopes A2
Majestic,Silk,5.5 x 8.5,Horizontal,Rectangle,16PT C2S,No Coating,Silk,n/a,4/4,75,Score in Half,Slide Slits Bottom Panel,Yes 10000 Envelopes A2
Majestic,Silk,4.25 x 11,Vertical,Rectangle,16PT C2S,No Coating,Silk,n/a,4/4,75,Score in Half,Slide Slits Bottom Panel,Yes 10000 Envelopes A2
Majestic,Silk,5.5 x 8.5,Vertical,Rectangle,16PT C2S,No Coating,Silk,n/a,4/4,75,Score in Half,Slide Slits Bottom Panel,Yes 10000 Envelopes A2
Majestic,Silk,4.25 x 11,Horizontal,Rectangle,16PT C2S,No Coating,Silk,n/a,4/0,100,Score in Half,Slide Slits Bottom Panel,Yes 10000 Envelopes A2
Majestic,Silk,5.5 x 8.5,Horizontal,Rectangle,16PT C2S,No Coating,Silk,n/a,4/0,100,Score in Half,Slide Slits Bottom Panel,Yes 10000 Envelopes A2
Majestic,Silk,4.25 x 11,Vertical,Rectangle,16PT C2S,No Coating,Silk,n/a,4/0,100,Score in Half,Slide Slits Bottom Panel,Yes 10000 Envelopes A2
Majestic,Silk,5.5 x 8.5,Vertical,Rectangle,16PT C2S,No Coating,Silk,n/a,4/0,100,Score in Half,Slide Slits Bottom Panel,Yes 10000 Envelopes A2
Majestic,Silk,4.25 x 11,Horizontal,Rectangle,16PT C2S,No Coating,Silk,n/a,4/1,100,Score in Half,Slide Slits Bottom Panel,Yes 10000 Envelopes A2
Majestic,Silk,5.5 x 8.5,Horizontal,Rectangle,16PT C2S,No Coating,Silk,n/a,4/1,100,Score in Half,Slide Slits Bottom Panel,Yes 10000 Envelopes A2
Majestic,Silk,4.25 x 11,Vertical,Rectangle,16PT C2S,No Coating,Silk,n/a,4/1,100,Score in Half,Slide Slits Bottom Panel,Yes 10000 Envelopes A2
Majestic,Silk,5.5 x 8.5,Vertical,Rectangle,16PT C2S,No Coating,Silk,n/a,4/1,100,Score in Half,Slide Slits Bottom Panel,Yes 10000 Envelopes A2
Majestic,Silk,4.25 x 11,Horizontal,Rectangle,16PT C2S,No Coating,Silk,n/a,4/4,100,Score in Half,Slide Slits Bottom Panel,Yes 10000 Envelopes A2
Majestic,Silk,5.5 x 8.5,Horizontal,Rectangle,16PT C2S,No Coating,Silk,n/a,4/4,100,Score in Half,Slide Slits Bottom Panel,Yes 10000 Envelopes A2
Majestic,Silk,4.25 x 11,Vertical,Rectangle,16PT C2S,No Coating,Silk,n/a,4/4,100,Score in Half,Slide Slits Bottom Panel,Yes 10000 Envelopes A2
Majestic,Silk,5.5 x 8.5,Vertical,Rectangle,16PT C2S,No Coating,Silk,n/a,4/4,100,Score in Half,Slide Slits Bottom Panel,Yes 10000 Envelopes A2
Majestic,Silk,4.25 x 11,Horizontal,Rectangle,16PT C2S,No Coating,Silk,n/a,4/0,250,Score in Half,Slide Slits Bottom Panel,Yes 10000 Envelopes A2
Majestic,Silk,5.5 x 8.5,Horizontal,Rectangle,16PT C2S,No Coating,Silk,n/a,4/0,250,Score in Half,Slide Slits Bottom Panel,Yes 10000 Envelopes A2
Majestic,Silk,4.25 x 11,Vertical,Rectangle,16PT C2S,No Coating,Silk,n/a,4/0,250,Score in Half,Slide Slits Bottom Panel,Yes 10000 Envelopes A2
Majestic,Silk,5.5 x 8.5,Vertical,Rectangle,16PT C2S,No Coating,Silk,n/a,4/0,10000,Score in Half,Moon Slits Bottom Panel,Yes 10000 Envelopes A2
Majestic,Silk,4.25 x 11,Horizontal,Rectangle,16PT C2S,No Coating,Silk,n/a,4/1,250,Score in Half,Slide Slits Bottom Panel,Yes 10000 Envelopes A2
Majestic,Silk,5.5 x 8.5,Horizontal,Rectangle,16PT C2S,No Coating,Silk,n/a,4/1,250,Score in Half,Slide Slits Bottom Panel,Yes 10000 Envelopes A2
Majestic,Silk,4.25 x 11,Vertical,Rectangle,16PT C2S,No Coating,Silk,n/a,4/1,250,Score in Half,Slide Slits Bottom Panel,Yes 10000 Envelopes A2
Majestic,Silk,5.5 x 8.5,Vertical,Rectangle,16PT C2S,No Coating,Silk,n/a,4/1,250,Score in Half,Slide Slits Bottom Panel,Yes 10000 Envelopes A2
Majestic,Silk,4.25 x 11,Horizontal,Rectangle,16PT C2S,No Coating,Silk,n/a,4/4,250,Score in Half,Slide Slits Bottom Panel,Yes 10000 Envelopes A2
Majestic,Silk,5.5 x 8.5,Horizontal,Rectangle,16PT C2S,No Coating,Silk,n/a,4/4,250,Score in Half,Slide Slits Bottom Panel,Yes 10000 Envelopes A2
Majestic,Silk,4.25 x 11,Vertical,Rectangle,16PT C2S,No Coating,Silk,n/a,4/4,250,Score in Half,Slide Slits Bottom Panel,Yes 10000 Envelopes A2
Majestic,Silk,5.5 x 8.5,Vertical,Rectangle,16PT C2S,No Coating,Silk,n/a,4/4,250,Score in Half,Slide Slits Bottom Panel,Yes 10000 Envelopes A2
Majestic,Silk,4.25 x 11,Horizontal,Rectangle,16PT C2S,No Coating,Silk,n/a,4/0,500,Score in Half,Slide Slits Bottom Panel,Yes 10000 Envelopes A2
Majestic,Silk,5.5 x 8.5,Horizontal,Rectangle,16PT C2S,No Coating,Silk,n/a,4/0,500,Score in Half,Slide Slits Bottom Panel,Yes 10000 Envelopes A2
Majestic,Silk,4.25 x 11,Vertical,Rectangle,16PT C2S,No Coating,Silk,n/a,4/0,500,Score in Half,Slide Slits Bottom Panel,Yes 10000 Envelopes A2
Majestic,Silk,5.5 x 8.5,Vertical,Rectangle,16PT C2S,No Coating,Silk,n/a,4/0,500,Score in Half,Slide Slits Bottom Panel,Yes 10000 Envelopes A2
Majestic,Silk,4.25 x 11,Horizontal,Rectangle,16PT C2S,No Coating,Silk,n/a,4/1,500,Score in Half,Slide Slits Bottom Panel,Yes 10000 Envelopes A2
Majestic,Silk,5.5 x 8.5,Horizontal,Rectangle,16PT C2S,No Coating,Silk,n/a,4/1,500,Score in Half,Slide Slits Bottom Panel,Yes 10000 Envelopes A2
Majestic,Silk,4.25 x 11,Vertical,Rectangle,16PT C2S,No Coating,Silk,n/a,4/1,500,Score in Half,Slide Slits Bottom Panel,Yes 10000 Envelopes A2
Majestic,Silk,5.5 x 8.5,Vertical,Rectangle,16PT C2S,No Coating,Silk,n/a,4/1,500,Score in Half,Slide Slits Bottom Panel,Yes 10000 Envelopes A2
Majestic,Silk,4.25 x 11,Horizontal,Rectangle,16PT C2S,No Coating,Silk,n/a,4/4,500,Score in Half,Slide Slits Bottom Panel,Yes 10000 Envelopes A2
Majestic,Silk,5.5 x 8.5,Horizontal,Rectangle,16PT C2S,No Coating,Silk,n/a,4/4,500,Score in Half,Slide Slits Bottom Panel,Yes 10000 Envelopes A2
Majestic,Silk,4.25 x 11,Vertical,Rectangle,16PT C2S,No Coating,Silk,n/a,4/4,500,Score in Half,Slide Slits Bottom Panel,Yes 10000 Envelopes A2
Majestic,Silk,5.5 x 8.5,Vertical,Rectangle,16PT C2S,No Coating,Silk,n/a,4/4,500,Score in Half,Slide Slits Bottom Panel,Yes 10000 Envelopes A2
Majestic,Silk,4.25 x 11,Horizontal,Rectangle,16PT C2S,No Coating,Silk,n/a,4/0,1000,Score in Half,Slide Slits Bottom Panel,Yes 10000 Envelopes A2
Majestic,Silk,5.5 x 8.5,Horizontal,Rectangle,16PT C2S,No Coating,Silk,n/a,4/4,100,Score in Half,No Gift Cards Slits,Yes 10000 Envelopes A2
Majestic,Silk,4.25 x 11,Vertical,Rectangle,16PT C2S,No Coating,Silk,n/a,4/0,1000,Score in Half,Slide Slits Bottom Panel,Yes 10000 Envelopes A2
Majestic,Silk,5.5 x 8.5,Vertical,Rectangle,16PT C2S,No Coating,Silk,n/a,4/0,1000,Score in Half,Slide Slits Bottom Panel,Yes 10000 Envelopes A2
Majestic,Silk,5.5 x 8.5,Horizontal,Rectangle,16PT C2S,No Coating,Silk,n/a,4/1,1000,Score in Half,Slide Slits Bottom Panel,Yes 10000 Envelopes A2
Majestic,Silk,4.25 x 11,Horizontal,Rectangle,16PT C2S,No Coating,Silk,n/a,4/1,1000,Score in Half,Slide Slits Bottom Panel,Yes 10000 Envelopes A2
Majestic,Silk,5.5 x 8.5,Vertical,Rectangle,16PT C2S,No Coating,Silk,n/a,4/0,250,Score in Half,Slide Slits Bottom Panel,Yes 10000 Envelopes A2
Majestic,Silk,5.5 x 8.5,Vertical,Rectangle,16PT C2S,No Coating,Silk,n/a,4/1,1000,Score in Half,Slide Slits Bottom Panel,Yes 10000 Envelopes A2
Majestic,Silk,4.25 x 11,Horizontal,Rectangle,16PT C2S,No Coating,Silk,n/a,4/4,1000,Score in Half,Slide Slits Bottom Panel,Yes 10000 Envelopes A2
Majestic,Silk,4.25 x 11,Vertical,Rectangle,16PT C2S,No Coating,Silk,n/a,4/4,1000,Score in Half,Slide Slits Bottom Panel,Yes 10000 Envelopes A2
Majestic,Silk,5.5 x 8.5,Horizontal,Rectangle,16PT C2S,No Coating,Silk,n/a,4/4,1000,Score in Half,Slide Slits Bottom Panel,Yes 10000 Envelopes A2
Majestic,Silk,5.5 x 8.5,Vertical,Rectangle,16PT C2S,No Coating,Silk,n/a,4/4,1000,Score in Half,Slide Slits Bottom Panel,Yes 10000 Envelopes A2
Majestic,Silk,4.25 x 11,Horizontal,Rectangle,16PT C2S,No Coating,Silk,n/a,4/0,2500,Score in Half,Slide Slits Bottom Panel,Yes 10000 Envelopes A2
Majestic,Silk,5.5 x 8.5,Horizontal,Rectangle,16PT C2S,No Coating,Silk,n/a,4/0,2500,Score in Half,Slide Slits Bottom Panel,Yes 10000 Envelopes A2
Majestic,Silk,4.25 x 11,Vertical,Rectangle,16PT C2S,No Coating,Silk,n/a,4/0,2500,Score in Half,Slide Slits Bottom Panel,Yes 10000 Envelopes A2
Majestic,Silk,5.5 x 8.5,Vertical,Rectangle,16PT C2S,No Coating,Silk,n/a,4/0,2500,Score in Half,Slide Slits Bottom Panel,Yes 10000 Envelopes A2
Majestic,Silk,4.25 x 11,Horizontal,Rectangle,16PT C2S,No Coating,Silk,n/a,4/1,2500,Score in Half,Slide Slits Bottom Panel,Yes 10000 Envelopes A2
Majestic,Silk,5.5 x 8.5,Horizontal,Rectangle,16PT C2S,No Coating,Silk,n/a,4/1,2500,Score in Half,Slide Slits Bottom Panel,Yes 10000 Envelopes A2
Majestic,Silk,4.25 x 11,Vertical,Rectangle,16PT C2S,No Coating,Silk,n/a,4/1,2500,Score in Half,Slide Slits Bottom Panel,Yes 10000 Envelopes A2
Majestic,Silk,4.25 x 11,Horizontal,Rectangle,16PT C2S,No Coating,Silk,n/a,4/4,2500,Score in Half,Slide Slits Bottom Panel,Yes 10000 Envelopes A2
Majestic,Silk,5.5 x 8.5,Vertical,Rectangle,16PT C2S,No Coating,Silk,n/a,4/1,2500,Score in Half,Slide Slits Bottom Panel,Yes 10000 Envelopes A2
Majestic,Silk,5.5 x 8.5,Horizontal,Rectangle,16PT C2S,No Coating,Silk,n/a,4/4,2500,Score in Half,Slide Slits Bottom Panel,Yes 10000 Envelopes A2
Majestic,Silk,4.25 x 11,Vertical,Rectangle,16PT C2S,No Coating,Silk,n/a,4/4,2500,Score in Half,Slide Slits Bottom Panel,Yes 10000 Envelopes A2
Majestic,Silk,5.5 x 8.5,Vertical,Rectangle,16PT C2S,No Coating,Silk,n/a,4/4,2500,Score in Half,Slide Slits Bottom Panel,Yes 10000 Envelopes A2
Majestic,Silk,4.25 x 11,Horizontal,Rectangle,16PT C2S,No Coating,Silk,n/a,4/0,5000,Score in Half,Slide Slits Bottom Panel,Yes 10000 Envelopes A2
Majestic,Silk,5.5 x 8.5,Horizontal,Rectangle,16PT C2S,No Coating,Silk,n/a,4/0,5000,Score in Half,Slide Slits Bottom Panel,Yes 10000 Envelopes A2
Majestic,Silk,4.25 x 11,Vertical,Rectangle,16PT C2S,No Coating,Silk,n/a,4/0,5000,Score in Half,Slide Slits Bottom Panel,Yes 10000 Envelopes A2
Majestic,Silk,4.25 x 11,Horizontal,Rectangle,16PT C2S,No Coating,Silk,n/a,4/1,5000,Score in Half,Slide Slits Bottom Panel,Yes 10000 Envelopes A2
Majestic,Silk,5.5 x 8.5,Vertical,Rectangle,16PT C2S,No Coating,Silk,n/a,4/0,5000,Score in Half,Slide Slits Bottom Panel,Yes 10000 Envelopes A2
Majestic,Silk,5.5 x 8.5,Horizontal,Rectangle,16PT C2S,No Coating,Silk,n/a,4/1,5000,Score in Half,Slide Slits Bottom Panel,Yes 10000 Envelopes A2
Majestic,Silk,4.25 x 11,Vertical,Rectangle,16PT C2S,No Coating,Silk,n/a,4/1,1000,Score in Half,Slide Slits Bottom Panel,Yes 10000 Envelopes A2
Majestic,Silk,5.5 x 8.5,Vertical,Rectangle,16PT C2S,No Coating,Silk,n/a,4/1,5000,Score in Half,Slide Slits Bottom Panel,Yes 10000 Envelopes A2
Majestic,Silk,4.25 x 11,Horizontal,Rectangle,16PT C2S,No Coating,Silk,n/a,4/4,5000,Score in Half,Slide Slits Bottom Panel,Yes 10000 Envelopes A2
Majestic,Silk,5.5 x 8.5,Horizontal,Rectangle,16PT C2S,No Coating,Silk,n/a,4/4,5000,Score in Half,Slide Slits Bottom Panel,Yes 10000 Envelopes A2
Majestic,Silk,4.25 x 11,Vertical,Rectangle,16PT C2S,No Coating,Silk,n/a,4/4,5000,Score in Half,Slide Slits Bottom Panel,Yes 10000 Envelopes A2
Majestic,Silk,5.5 x 8.5,Vertical,Rectangle,16PT C2S,No Coating,Silk,n/a,4/4,5000,Score in Half,Slide Slits Bottom Panel,Yes 10000 Envelopes A2
Majestic,Silk,4.25 x 11,Horizontal,Rectangle,16PT C2S,No Coating,Silk,n/a,4/0,10000,Score in Half,Slide Slits Bottom Panel,Yes 10000 Envelopes A2
Majestic,Silk,5.5 x 8.5,Horizontal,Rectangle,16PT C2S,No Coating,Silk,n/a,4/0,10000,Score in Half,Slide Slits Bottom Panel,Yes 10000 Envelopes A2
Majestic,Silk,4.25 x 11,Vertical,Rectangle,16PT C2S,No Coating,Silk,n/a,4/0,10000,Score in Half,Slide Slits Bottom Panel,Yes 10000 Envelopes A2
Majestic,Silk,5.5 x 8.5,Vertical,Rectangle,16PT C2S,No Coating,Silk,n/a,4/0,10000,Score in Half,Slide Slits Bottom Panel,Yes 10000 Envelopes A2
Majestic,Silk,5.5 x 8.5,Horizontal,Rectangle,16PT C2S,No Coating,Silk,n/a,4/1,10000,Score in Half,Slide Slits Bottom Panel,Yes 10000 Envelopes A2
Majestic,Silk,4.25 x 11,Horizontal,Rectangle,16PT C2S,No Coating,Silk,n/a,4/1,10000,Score in Half,Slide Slits Bottom Panel,Yes 10000 Envelopes A2
Majestic,Silk,4.25 x 11,Vertical,Rectangle,16PT C2S,No Coating,Silk,n/a,4/1,10000,Score in Half,Slide Slits Bottom Panel,Yes 10000 Envelopes A2
Majestic,Silk,5.5 x 8.5,Vertical,Rectangle,16PT C2S,No Coating,Silk,n/a,4/1,10000,Score in Half,Slide Slits Bottom Panel,Yes 10000 Envelopes A2
Majestic,Silk,4.25 x 11,Horizontal,Rectangle,16PT C2S,No Coating,Silk,n/a,4/4,10000,Score in Half,Slide Slits Bottom Panel,Yes 10000 Envelopes A2
Majestic,Silk,5.5 x 8.5,Horizontal,Rectangle,16PT C2S,No Coating,Silk,n/a,4/4,10000,Score in Half,Slide Slits Bottom Panel,Yes 10000 Envelopes A2
Majestic,Silk,4.25 x 11,Vertical,Rectangle,16PT C2S,No Coating,Silk,n/a,4/4,10000,Score in Half,Slide Slits Bottom Panel,Yes 10000 Envelopes A2
Majestic,Silk,5.5 x 8.5,Vertical,Rectangle,16PT C2S,No Coating,Silk,n/a,4/4,10000,Score in Half,Slide Slits Bottom Panel,Yes 10000 Envelopes A2
Majestic,Silk,4.25 x 11,Vertical,Rectangle,16PT C2S,No Coating,Silk,n/a,4/1,5000,Score in Half,Slide Slits Bottom Panel,Yes 10000 Envelopes A2
Majestic,Silk,5.5 x 8.5,Horizontal,Rectangle,16PT C2S,No Coating,Silk,n/a,4/0,25,Score in Half,Slide Slits Right Panel,Yes 10000 Envelopes A2
Majestic,Silk,4.25 x 11,Vertical,Rectangle,16PT C2S,No Coating,Silk,n/a,4/0,25,Score in Half,Slide Slits Right Panel,Yes 10000 Envelopes A2
Majestic,Silk,5.5 x 8.5,Vertical,Rectangle,16PT C2S,No Coating,Silk,n/a,4/0,25,Score in Half,Slide Slits Right Panel,Yes 10000 Envelopes A2
Majestic,Silk,4.25 x 11,Horizontal,Rectangle,16PT C2S,No Coating,Silk,n/a,4/1,25,Score in Half,Slide Slits Right Panel,Yes 10000 Envelopes A2
Majestic,Silk,5.5 x 8.5,Horizontal,Rectangle,16PT C2S,No Coating,Silk,n/a,4/1,25,Score in Half,Slide Slits Right Panel,Yes 10000 Envelopes A2
Majestic,Silk,4.25 x 11,Vertical,Rectangle,16PT C2S,No Coating,Silk,n/a,4/1,25,Score in Half,Slide Slits Right Panel,Yes 10000 Envelopes A2
Majestic,Silk,5.5 x 8.5,Vertical,Rectangle,16PT C2S,No Coating,Silk,n/a,4/1,25,Score in Half,Slide Slits Right Panel,Yes 10000 Envelopes A2
Majestic,Silk,4.25 x 11,Horizontal,Rectangle,16PT C2S,No Coating,Silk,n/a,4/4,25,Score in Half,Slide Slits Right Panel,Yes 10000 Envelopes A2
Majestic,Silk,5.5 x 8.5,Horizontal,Rectangle,16PT C2S,No Coating,Silk,n/a,4/4,25,Score in Half,Slide Slits Right Panel,Yes 10000 Envelopes A2
Majestic,Silk,5.5 x 8.5,Vertical,Rectangle,16PT C2S,No Coating,Silk,n/a,4/4,25,Score in Half,Slide Slits Right Panel,Yes 10000 Envelopes A2
Majestic,Silk,4.25 x 11,Vertical,Rectangle,16PT C2S,No Coating,Silk,n/a,4/4,25,Score in Half,Slide Slits Right Panel,Yes 10000 Envelopes A2
Majestic,Silk,4.25 x 11,Horizontal,Rectangle,16PT C2S,No Coating,Silk,n/a,4/0,50,Score in Half,Slide Slits Right Panel,Yes 10000 Envelopes A2
Majestic,Silk,5.5 x 8.5,Horizontal,Rectangle,16PT C2S,No Coating,Silk,n/a,4/0,50,Score in Half,Slide Slits Right Panel,Yes 10000 Envelopes A2
Majestic,Silk,4.25 x 11,Vertical,Rectangle,16PT C2S,No Coating,Silk,n/a,4/0,50,Score in Half,Slide Slits Right Panel,Yes 10000 Envelopes A2
Majestic,Silk,5.5 x 8.5,Vertical,Rectangle,16PT C2S,No Coating,Silk,n/a,4/0,50,Score in Half,Slide Slits Right Panel,Yes 10000 Envelopes A2
Majestic,Silk,4.25 x 11,Horizontal,Rectangle,16PT C2S,No Coating,Silk,n/a,4/1,50,Score in Half,Slide Slits Right Panel,Yes 10000 Envelopes A2
Majestic,Silk,5.5 x 8.5,Horizontal,Rectangle,16PT C2S,No Coating,Silk,n/a,4/1,50,Score in Half,Slide Slits Right Panel,Yes 10000 Envelopes A2
Majestic,Silk,4.25 x 11,Vertical,Rectangle,16PT C2S,No Coating,Silk,n/a,4/1,50,Score in Half,Slide Slits Right Panel,Yes 10000 Envelopes A2
Majestic,Silk,5.5 x 8.5,Vertical,Rectangle,16PT C2S,No Coating,Silk,n/a,4/1,50,Score in Half,Slide Slits Right Panel,Yes 10000 Envelopes A2
Majestic,Silk,4.25 x 11,Horizontal,Rectangle,16PT C2S,No Coating,Silk,n/a,4/4,50,Score in Half,Slide Slits Right Panel,Yes 10000 Envelopes A2
Majestic,Silk,5.5 x 8.5,Horizontal,Rectangle,16PT C2S,No Coating,Silk,n/a,4/4,50,Score in Half,Slide Slits Right Panel,Yes 10000 Envelopes A2
Majestic,Silk,4.25 x 11,Vertical,Rectangle,16PT C2S,No Coating,Silk,n/a,4/4,50,Score in Half,Slide Slits Right Panel,Yes 10000 Envelopes A2
Majestic,Silk,5.5 x 8.5,Vertical,Rectangle,16PT C2S,No Coating,Silk,n/a,4/4,50,Score in Half,Slide Slits Right Panel,Yes 10000 Envelopes A2
Majestic,Silk,4.25 x 11,Horizontal,Rectangle,16PT C2S,No Coating,Silk,n/a,4/0,75,Score in Half,Slide Slits Right Panel,Yes 10000 Envelopes A2
Majestic,Silk,5.5 x 8.5,Horizontal,Rectangle,16PT C2S,No Coating,Silk,n/a,4/0,75,Score in Half,Slide Slits Right Panel,Yes 10000 Envelopes A2
Majestic,Silk,4.25 x 11,Vertical,Rectangle,16PT C2S,No Coating,Silk,n/a,4/0,75,Score in Half,Slide Slits Right Panel,Yes 10000 Envelopes A2
Majestic,Silk,5.5 x 8.5,Vertical,Rectangle,16PT C2S,No Coating,Silk,n/a,4/0,75,Score in Half,Slide Slits Right Panel,Yes 10000 Envelopes A2
Majestic,Silk,4.25 x 11,Horizontal,Rectangle,16PT C2S,No Coating,Silk,n/a,4/1,75,Score in Half,Slide Slits Right Panel,Yes 10000 Envelopes A2
Majestic,Silk,5.5 x 8.5,Horizontal,Rectangle,16PT C2S,No Coating,Silk,n/a,4/1,75,Score in Half,Slide Slits Right Panel,Yes 10000 Envelopes A2
Majestic,Silk,4.25 x 11,Vertical,Rectangle,16PT C2S,No Coating,Silk,n/a,4/1,75,Score in Half,Slide Slits Right Panel,Yes 10000 Envelopes A2
Majestic,Silk,5.5 x 8.5,Vertical,Rectangle,16PT C2S,No Coating,Silk,n/a,4/1,75,Score in Half,Slide Slits Right Panel,Yes 10000 Envelopes A2
Majestic,Silk,4.25 x 11,Horizontal,Rectangle,16PT C2S,No Coating,Silk,n/a,4/4,75,Score in Half,Slide Slits Right Panel,Yes 10000 Envelopes A2
Majestic,Silk,5.5 x 8.5,Horizontal,Rectangle,16PT C2S,No Coating,Silk,n/a,4/4,75,Score in Half,Slide Slits Right Panel,Yes 10000 Envelopes A2
Majestic,Silk,4.25 x 11,Vertical,Rectangle,16PT C2S,No Coating,Silk,n/a,4/4,75,Score in Half,Slide Slits Right Panel,Yes 10000 Envelopes A2
Majestic,Silk,5.5 x 8.5,Vertical,Rectangle,16PT C2S,No Coating,Silk,n/a,4/4,75,Score in Half,Slide Slits Right Panel,Yes 10000 Envelopes A2
Majestic,Silk,4.25 x 11,Horizontal,Rectangle,16PT C2S,No Coating,Silk,n/a,4/0,100,Score in Half,Slide Slits Right Panel,Yes 10000 Envelopes A2
Majestic,Silk,5.5 x 8.5,Horizontal,Rectangle,16PT C2S,No Coating,Silk,n/a,4/0,100,Score in Half,Slide Slits Right Panel,Yes 10000 Envelopes A2
Majestic,Silk,4.25 x 11,Vertical,Rectangle,16PT C2S,No Coating,Silk,n/a,4/0,100,Score in Half,Slide Slits Right Panel,Yes 10000 Envelopes A2
Majestic,Silk,5.5 x 8.5,Vertical,Rectangle,16PT C2S,No Coating,Silk,n/a,4/0,100,Score in Half,Slide Slits Right Panel,Yes 10000 Envelopes A2
Majestic,Silk,4.25 x 11,Horizontal,Rectangle,16PT C2S,No Coating,Silk,n/a,4/1,100,Score in Half,Slide Slits Right Panel,Yes 10000 Envelopes A2
Majestic,Silk,5.5 x 8.5,Horizontal,Rectangle,16PT C2S,No Coating,Silk,n/a,4/1,100,Score in Half,Slide Slits Right Panel,Yes 10000 Envelopes A2
Majestic,Silk,4.25 x 11,Vertical,Rectangle,16PT C2S,No Coating,Silk,n/a,4/1,100,Score in Half,Slide Slits Right Panel,Yes 10000 Envelopes A2
Majestic,Silk,5.5 x 8.5,Vertical,Rectangle,16PT C2S,No Coating,Silk,n/a,4/1,100,Score in Half,Slide Slits Right Panel,Yes 10000 Envelopes A2
Majestic,Silk,4.25 x 11,Horizontal,Rectangle,16PT C2S,No Coating,Silk,n/a,4/4,100,Score in Half,Slide Slits Right Panel,Yes 10000 Envelopes A2
Majestic,Silk,5.5 x 8.5,Horizontal,Rectangle,16PT C2S,No Coating,Silk,n/a,4/4,100,Score in Half,Slide Slits Right Panel,Yes 10000 Envelopes A2
Majestic,Silk,4.25 x 11,Vertical,Rectangle,16PT C2S,No Coating,Silk,n/a,4/4,100,Score in Half,Slide Slits Right Panel,Yes 10000 Envelopes A2
Majestic,Silk,5.5 x 8.5,Vertical,Rectangle,16PT C2S,No Coating,Silk,n/a,4/4,100,Score in Half,Slide Slits Right Panel,Yes 10000 Envelopes A2
Majestic,Silk,4.25 x 11,Horizontal,Rectangle,16PT C2S,No Coating,Silk,n/a,4/0,250,Score in Half,Slide Slits Right Panel,Yes 10000 Envelopes A2
Majestic,Silk,5.5 x 8.5,Horizontal,Rectangle,16PT C2S,No Coating,Silk,n/a,4/0,250,Score in Half,Slide Slits Right Panel,Yes 10000 Envelopes A2
Majestic,Silk,4.25 x 11,Vertical,Rectangle,16PT C2S,No Coating,Silk,n/a,4/0,250,Score in Half,Slide Slits Right Panel,Yes 10000 Envelopes A2
Majestic,Silk,5.5 x 8.5,Vertical,Rectangle,16PT C2S,No Coating,Silk,n/a,4/0,250,Score in Half,Slide Slits Right Panel,Yes 10000 Envelopes A2
Majestic,Silk,4.25 x 11,Horizontal,Rectangle,16PT C2S,No Coating,Silk,n/a,4/1,250,Score in Half,Slide Slits Right Panel,Yes 10000 Envelopes A2
Majestic,Silk,5.5 x 8.5,Horizontal,Rectangle,16PT C2S,No Coating,Silk,n/a,4/1,250,Score in Half,Slide Slits Right Panel,Yes 10000 Envelopes A2
Majestic,Silk,4.25 x 11,Vertical,Rectangle,16PT C2S,No Coating,Silk,n/a,4/1,250,Score in Half,Slide Slits Right Panel,Yes 10000 Envelopes A2
Majestic,Silk,5.5 x 8.5,Vertical,Rectangle,16PT C2S,No Coating,Silk,n/a,4/1,250,Score in Half,Slide Slits Right Panel,Yes 10000 Envelopes A2
Majestic,Silk,4.25 x 11,Horizontal,Rectangle,16PT C2S,No Coating,Silk,n/a,4/4,250,Score in Half,Slide Slits Right Panel,Yes 10000 Envelopes A2
Majestic,Silk,5.5 x 8.5,Horizontal,Rectangle,16PT C2S,No Coating,Silk,n/a,4/4,250,Score in Half,Slide Slits Right Panel,Yes 10000 Envelopes A2
Majestic,Silk,4.25 x 11,Vertical,Rectangle,16PT C2S,No Coating,Silk,n/a,4/4,250,Score in Half,Slide Slits Right Panel,Yes 10000 Envelopes A2
Majestic,Silk,5.5 x 8.5,Vertical,Rectangle,16PT C2S,No Coating,Silk,n/a,4/4,250,Score in Half,Slide Slits Right Panel,Yes 10000 Envelopes A2
Majestic,Silk,4.25 x 11,Horizontal,Rectangle,16PT C2S,No Coating,Silk,n/a,4/0,500,Score in Half,Slide Slits Right Panel,Yes 10000 Envelopes A2
Majestic,Silk,5.5 x 8.5,Horizontal,Rectangle,16PT C2S,No Coating,Silk,n/a,4/0,500,Score in Half,Slide Slits Right Panel,Yes 10000 Envelopes A2
Majestic,Silk,4.25 x 11,Vertical,Rectangle,16PT C2S,No Coating,Silk,n/a,4/0,500,Score in Half,Slide Slits Right Panel,Yes 10000 Envelopes A2
Majestic,Silk,5.5 x 8.5,Vertical,Rectangle,16PT C2S,No Coating,Silk,n/a,4/0,500,Score in Half,Slide Slits Right Panel,Yes 10000 Envelopes A2
Majestic,Silk,4.25 x 11,Horizontal,Rectangle,16PT C2S,No Coating,Silk,n/a,4/1,500,Score in Half,Slide Slits Right Panel,Yes 10000 Envelopes A2
Majestic,Silk,5.5 x 8.5,Horizontal,Rectangle,16PT C2S,No Coating,Silk,n/a,4/1,500,Score in Half,Slide Slits Right Panel,Yes 10000 Envelopes A2
Majestic,Silk,4.25 x 11,Vertical,Rectangle,16PT C2S,No Coating,Silk,n/a,4/1,500,Score in Half,Slide Slits Right Panel,Yes 10000 Envelopes A2
Majestic,Silk,4.25 x 11,Horizontal,Rectangle,16PT C2S,No Coating,Silk,n/a,4/4,500,Score in Half,Slide Slits Right Panel,Yes 10000 Envelopes A2
Majestic,Silk,5.5 x 8.5,Horizontal,Rectangle,16PT C2S,No Coating,Silk,n/a,4/4,500,Score in Half,Slide Slits Right Panel,Yes 10000 Envelopes A2
Majestic,Silk,5.5 x 8.5,Vertical,Rectangle,16PT C2S,No Coating,Silk,n/a,4/1,500,Score in Half,Slide Slits Right Panel,Yes 10000 Envelopes A2
Majestic,Silk,4.25 x 11,Vertical,Rectangle,16PT C2S,No Coating,Silk,n/a,4/4,500,Score in Half,Slide Slits Right Panel,Yes 10000 Envelopes A2
Majestic,Silk,5.5 x 8.5,Vertical,Rectangle,16PT C2S,No Coating,Silk,n/a,4/4,500,Score in Half,Slide Slits Right Panel,Yes 10000 Envelopes A2
Majestic,Silk,4.25 x 11,Horizontal,Rectangle,16PT C2S,No Coating,Silk,n/a,4/0,1000,Score in Half,Slide Slits Right Panel,Yes 10000 Envelopes A2
Majestic,Silk,5.5 x 8.5,Horizontal,Rectangle,16PT C2S,No Coating,Silk,n/a,4/0,1000,Score in Half,Slide Slits Right Panel,Yes 10000 Envelopes A2
Majestic,Silk,4.25 x 11,Vertical,Rectangle,16PT C2S,No Coating,Silk,n/a,4/0,1000,Score in Half,Slide Slits Right Panel,Yes 10000 Envelopes A2
Majestic,Silk,5.5 x 8.5,Vertical,Rectangle,16PT C2S,No Coating,Silk,n/a,4/0,1000,Score in Half,Slide Slits Right Panel,Yes 10000 Envelopes A2
Majestic,Silk,4.25 x 11,Horizontal,Rectangle,16PT C2S,No Coating,Silk,n/a,4/1,1000,Score in Half,Slide Slits Right Panel,Yes 10000 Envelopes A2
Majestic,Silk,5.5 x 8.5,Horizontal,Rectangle,16PT C2S,No Coating,Silk,n/a,4/1,1000,Score in Half,Slide Slits Right Panel,Yes 10000 Envelopes A2
Majestic,Silk,4.25 x 11,Vertical,Rectangle,16PT C2S,No Coating,Silk,n/a,4/1,1000,Score in Half,Slide Slits Right Panel,Yes 10000 Envelopes A2
Majestic,Silk,5.5 x 8.5,Vertical,Rectangle,16PT C2S,No Coating,Silk,n/a,4/1,1000,Score in Half,Slide Slits Right Panel,Yes 10000 Envelopes A2
Majestic,Silk,4.25 x 11,Horizontal,Rectangle,16PT C2S,No Coating,Silk,n/a,4/4,1000,Score in Half,Slide Slits Right Panel,Yes 10000 Envelopes A2
Majestic,Silk,5.5 x 8.5,Horizontal,Rectangle,16PT C2S,No Coating,Silk,n/a,4/4,1000,Score in Half,Slide Slits Right Panel,Yes 10000 Envelopes A2
Majestic,Silk,4.25 x 11,Vertical,Rectangle,16PT C2S,No Coating,Silk,n/a,4/4,1000,Score in Half,Slide Slits Right Panel,Yes 10000 Envelopes A2
Majestic,Silk,5.5 x 8.5,Vertical,Rectangle,16PT C2S,No Coating,Silk,n/a,4/4,1000,Score in Half,Slide Slits Right Panel,Yes 10000 Envelopes A2
Majestic,Silk,4.25 x 11,Horizontal,Rectangle,16PT C2S,No Coating,Silk,n/a,4/0,2500,Score in Half,Slide Slits Right Panel,Yes 10000 Envelopes A2
Majestic,Silk,4.25 x 11,Vertical,Rectangle,16PT C2S,No Coating,Silk,n/a,4/0,2500,Score in Half,Slide Slits Right Panel,Yes 10000 Envelopes A2
Majestic,Silk,5.5 x 8.5,Horizontal,Rectangle,16PT C2S,No Coating,Silk,n/a,4/0,2500,Score in Half,Slide Slits Right Panel,Yes 10000 Envelopes A2
Majestic,Silk,4.25 x 11,Horizontal,Rectangle,16PT C2S,No Coating,Silk,n/a,4/1,2500,Score in Half,Slide Slits Right Panel,Yes 10000 Envelopes A2
Majestic,Silk,5.5 x 8.5,Horizontal,Rectangle,16PT C2S,No Coating,Silk,n/a,4/1,2500,Score in Half,Slide Slits Right Panel,Yes 10000 Envelopes A2
Majestic,Silk,4.25 x 11,Vertical,Rectangle,16PT C2S,No Coating,Silk,n/a,4/1,2500,Score in Half,Slide Slits Right Panel,Yes 10000 Envelopes A2
Majestic,Silk,5.5 x 8.5,Vertical,Rectangle,16PT C2S,No Coating,Silk,n/a,4/1,2500,Score in Half,Slide Slits Right Panel,Yes 10000 Envelopes A2
Majestic,Silk,5.5 x 8.5,Vertical,Rectangle,16PT C2S,No Coating,Silk,n/a,4/0,2500,Score in Half,Slide Slits Right Panel,Yes 10000 Envelopes A2
Majestic,Silk,4.25 x 11,Horizontal,Rectangle,16PT C2S,No Coating,Silk,n/a,4/4,2500,Score in Half,Slide Slits Right Panel,Yes 10000 Envelopes A2
Majestic,Silk,5.5 x 8.5,Horizontal,Rectangle,16PT C2S,No Coating,Silk,n/a,4/4,2500,Score in Half,Slide Slits Right Panel,Yes 10000 Envelopes A2
Majestic,Silk,4.25 x 11,Vertical,Rectangle,16PT C2S,No Coating,Silk,n/a,4/4,2500,Score in Half,Slide Slits Right Panel,Yes 10000 Envelopes A2
Majestic,Silk,5.5 x 8.5,Vertical,Rectangle,16PT C2S,No Coating,Silk,n/a,4/4,2500,Score in Half,Slide Slits Right Panel,Yes 10000 Envelopes A2
Majestic,Silk,5.5 x 8.5,Horizontal,Rectangle,16PT C2S,No Coating,Silk,n/a,4/0,5000,Score in Half,Slide Slits Right Panel,Yes 10000 Envelopes A2
Majestic,Silk,4.25 x 11,Horizontal,Rectangle,16PT C2S,No Coating,Silk,n/a,4/0,5000,Score in Half,Slide Slits Right Panel,Yes 10000 Envelopes A2
Majestic,Silk,4.25 x 11,Vertical,Rectangle,16PT C2S,No Coating,Silk,n/a,4/0,5000,Score in Half,Slide Slits Right Panel,Yes 10000 Envelopes A2
Majestic,Silk,5.5 x 8.5,Vertical,Rectangle,16PT C2S,No Coating,Silk,n/a,4/0,5000,Score in Half,Slide Slits Right Panel,Yes 10000 Envelopes A2
Majestic,Silk,4.25 x 11,Horizontal,Rectangle,16PT C2S,No Coating,Silk,n/a,4/1,5000,Score in Half,Slide Slits Right Panel,Yes 10000 Envelopes A2
Majestic,Silk,4.25 x 11,Vertical,Rectangle,16PT C2S,No Coating,Silk,n/a,4/1,5000,Score in Half,Slide Slits Right Panel,Yes 10000 Envelopes A2
Majestic,Silk,5.5 x 8.5,Horizontal,Rectangle,16PT C2S,No Coating,Silk,n/a,4/1,5000,Score in Half,Slide Slits Right Panel,Yes 10000 Envelopes A2
Majestic,Silk,5.5 x 8.5,Vertical,Rectangle,16PT C2S,No Coating,Silk,n/a,4/1,5000,Score in Half,Slide Slits Right Panel,Yes 10000 Envelopes A2
Majestic,Silk,4.25 x 11,Horizontal,Rectangle,16PT C2S,No Coating,Silk,n/a,4/4,5000,Score in Half,Slide Slits Right Panel,Yes 10000 Envelopes A2
Majestic,Silk,5.5 x 8.5,Horizontal,Rectangle,16PT C2S,No Coating,Silk,n/a,4/4,5000,Score in Half,Slide Slits Right Panel,Yes 10000 Envelopes A2
Majestic,Silk,5.5 x 8.5,Horizontal,Rectangle,16PT C2S,No Coating,Silk,n/a,4/0,1000,Score in Half,Slide Slits Bottom Panel,Yes 10000 Envelopes A2
Majestic,Silk,5.5 x 8.5,Vertical,Rectangle,16PT C2S,No Coating,Silk,n/a,4/4,5000,Score in Half,Slide Slits Right Panel,Yes 10000 Envelopes A2
Majestic,Silk,4.25 x 11,Horizontal,Rectangle,16PT C2S,No Coating,Silk,n/a,4/0,10000,Score in Half,Slide Slits Right Panel,Yes 10000 Envelopes A2
Majestic,Silk,5.5 x 8.5,Horizontal,Rectangle,16PT C2S,No Coating,Silk,n/a,4/0,10000,Score in Half,Slide Slits Right Panel,Yes 10000 Envelopes A2
Majestic,Silk,4.25 x 11,Vertical,Rectangle,16PT C2S,No Coating,Silk,n/a,4/0,10000,Score in Half,Slide Slits Right Panel,Yes 10000 Envelopes A2
Majestic,Silk,5.5 x 8.5,Vertical,Rectangle,16PT C2S,No Coating,Silk,n/a,4/0,10000,Score in Half,Slide Slits Right Panel,Yes 10000 Envelopes A2
Majestic,Silk,4.25 x 11,Horizontal,Rectangle,16PT C2S,No Coating,Silk,n/a,4/1,10000,Score in Half,Slide Slits Right Panel,Yes 10000 Envelopes A2
Majestic,Silk,5.5 x 8.5,Horizontal,Rectangle,16PT C2S,No Coating,Silk,n/a,4/1,10000,Score in Half,Slide Slits Right Panel,Yes 10000 Envelopes A2
Majestic,Silk,4.25 x 11,Vertical,Rectangle,16PT C2S,No Coating,Silk,n/a,4/1,10000,Score in Half,Slide Slits Right Panel,Yes 10000 Envelopes A2
Majestic,Silk,5.5 x 8.5,Vertical,Rectangle,16PT C2S,No Coating,Silk,n/a,4/1,10000,Score in Half,Slide Slits Right Panel,Yes 10000 Envelopes A2
Majestic,Silk,4.25 x 11,Horizontal,Rectangle,16PT C2S,No Coating,Silk,n/a,4/4,10000,Score in Half,Slide Slits Right Panel,Yes 10000 Envelopes A2
Majestic,Silk,5.5 x 8.5,Horizontal,Rectangle,16PT C2S,No Coating,Silk,n/a,4/4,10000,Score in Half,Slide Slits Right Panel,Yes 10000 Envelopes A2
Majestic,Silk,4.25 x 11,Vertical,Rectangle,16PT C2S,No Coating,Silk,n/a,4/4,10000,Score in Half,Slide Slits Right Panel,Yes 10000 Envelopes A2
Majestic,Silk,5.5 x 8.5,Vertical,Rectangle,16PT C2S,No Coating,Silk,n/a,4/4,10000,Score in Half,Slide Slits Right Panel,Yes 10000 Envelopes A2
Majestic,Silk,6 x 9,Horizontal,Rectangle,16PT C2S,No Coating,Silk,n/a,4/0,25,Score in Half,Moon Slits Bottom Panel,No Blank Envelopes
Majestic,Silk,6 x 9,Vertical,Rectangle,16PT C2S,No Coating,Silk,n/a,4/0,25,Score in Half,Moon Slits Bottom Panel,No Blank Envelopes
Majestic,Silk,6 x 9,Vertical,Rectangle,16PT C2S,No Coating,Silk,n/a,4/1,25,Score in Half,Moon Slits Bottom Panel,No Blank Envelopes
Majestic,Silk,6 x 9,Horizontal,Rectangle,16PT C2S,No Coating,Silk,n/a,4/4,25,Score in Half,Moon Slits Bottom Panel,No Blank Envelopes
Majestic,Silk,6 x 9,Horizontal,Rectangle,16PT C2S,No Coating,Silk,n/a,4/1,25,Score in Half,Moon Slits Bottom Panel,No Blank Envelopes
Majestic,Silk,6 x 9,Vertical,Rectangle,16PT C2S,No Coating,Silk,n/a,4/0,50,Score in Half,Moon Slits Bottom Panel,No Blank Envelopes
Majestic,Silk,6 x 9,Horizontal,Rectangle,16PT C2S,No Coating,Silk,n/a,4/1,50,Score in Half,Moon Slits Bottom Panel,No Blank Envelopes
Majestic,Silk,6 x 9,Vertical,Rectangle,16PT C2S,No Coating,Silk,n/a,4/1,50,Score in Half,Moon Slits Bottom Panel,No Blank Envelopes
Majestic,Silk,6 x 9,Vertical,Rectangle,16PT C2S,No Coating,Silk,n/a,4/4,25,Score in Half,Moon Slits Bottom Panel,No Blank Envelopes
Majestic,Silk,6 x 9,Horizontal,Rectangle,16PT C2S,No Coating,Silk,n/a,4/0,50,Score in Half,Moon Slits Bottom Panel,No Blank Envelopes
Majestic,Silk,6 x 9,Vertical,Rectangle,16PT C2S,No Coating,Silk,n/a,4/4,50,Score in Half,Moon Slits Bottom Panel,No Blank Envelopes
Majestic,Silk,6 x 9,Horizontal,Rectangle,16PT C2S,No Coating,Silk,n/a,4/4,50,Score in Half,Moon Slits Bottom Panel,No Blank Envelopes
Majestic,Silk,6 x 9,Vertical,Rectangle,16PT C2S,No Coating,Silk,n/a,4/0,75,Score in Half,Moon Slits Bottom Panel,No Blank Envelopes
Majestic,Silk,6 x 9,Horizontal,Rectangle,16PT C2S,No Coating,Silk,n/a,4/0,75,Score in Half,Moon Slits Bottom Panel,No Blank Envelopes
Majestic,Silk,6 x 9,Horizontal,Rectangle,16PT C2S,No Coating,Silk,n/a,4/1,75,Score in Half,Moon Slits Bottom Panel,No Blank Envelopes
Majestic,Silk,6 x 9,Vertical,Rectangle,16PT C2S,No Coating,Silk,n/a,4/1,75,Score in Half,Moon Slits Bottom Panel,No Blank Envelopes
Majestic,Silk,6 x 9,Vertical,Rectangle,16PT C2S,No Coating,Silk,n/a,4/4,75,Score in Half,Moon Slits Bottom Panel,No Blank Envelopes
Majestic,Silk,6 x 9,Horizontal,Rectangle,16PT C2S,No Coating,Silk,n/a,4/4,75,Score in Half,Moon Slits Bottom Panel,No Blank Envelopes
Majestic,Silk,6 x 9,Horizontal,Rectangle,16PT C2S,No Coating,Silk,n/a,4/0,100,Score in Half,Moon Slits Bottom Panel,No Blank Envelopes
Majestic,Silk,6 x 9,Vertical,Rectangle,16PT C2S,No Coating,Silk,n/a,4/0,100,Score in Half,Moon Slits Bottom Panel,No Blank Envelopes
Majestic,Silk,6 x 9,Horizontal,Rectangle,16PT C2S,No Coating,Silk,n/a,4/4,100,Score in Half,Moon Slits Bottom Panel,No Blank Envelopes
Majestic,Silk,6 x 9,Vertical,Rectangle,16PT C2S,No Coating,Silk,n/a,4/1,100,Score in Half,Moon Slits Bottom Panel,No Blank Envelopes
Majestic,Silk,6 x 9,Horizontal,Rectangle,16PT C2S,No Coating,Silk,n/a,4/1,100,Score in Half,Moon Slits Bottom Panel,No Blank Envelopes
Majestic,Silk,6 x 9,Vertical,Rectangle,16PT C2S,No Coating,Silk,n/a,4/4,100,Score in Half,Moon Slits Bottom Panel,No Blank Envelopes
Majestic,Silk,6 x 9,Horizontal,Rectangle,16PT C2S,No Coating,Silk,n/a,4/0,250,Score in Half,Moon Slits Bottom Panel,No Blank Envelopes
Majestic,Silk,6 x 9,Horizontal,Rectangle,16PT C2S,No Coating,Silk,n/a,4/1,250,Score in Half,Moon Slits Bottom Panel,No Blank Envelopes
Majestic,Silk,6 x 9,Vertical,Rectangle,16PT C2S,No Coating,Silk,n/a,4/0,250,Score in Half,Moon Slits Bottom Panel,No Blank Envelopes
Majestic,Silk,6 x 9,Vertical,Rectangle,16PT C2S,No Coating,Silk,n/a,4/1,250,Score in Half,Moon Slits Bottom Panel,No Blank Envelopes
Majestic,Silk,6 x 9,Horizontal,Rectangle,16PT C2S,No Coating,Silk,n/a,4/4,250,Score in Half,Moon Slits Bottom Panel,No Blank Envelopes
Majestic,Silk,6 x 9,Vertical,Rectangle,16PT C2S,No Coating,Silk,n/a,4/4,250,Score in Half,Moon Slits Bottom Panel,No Blank Envelopes
Majestic,Silk,6 x 9,Horizontal,Rectangle,16PT C2S,No Coating,Silk,n/a,4/0,500,Score in Half,Moon Slits Bottom Panel,No Blank Envelopes
Majestic,Silk,6 x 9,Vertical,Rectangle,16PT C2S,No Coating,Silk,n/a,4/0,500,Score in Half,Moon Slits Bottom Panel,No Blank Envelopes
Majestic,Silk,6 x 9,Horizontal,Rectangle,16PT C2S,No Coating,Silk,n/a,4/1,500,Score in Half,Moon Slits Bottom Panel,No Blank Envelopes
Majestic,Silk,6 x 9,Vertical,Rectangle,16PT C2S,No Coating,Silk,n/a,4/1,500,Score in Half,Moon Slits Bottom Panel,No Blank Envelopes
Majestic,Silk,6 x 9,Horizontal,Rectangle,16PT C2S,No Coating,Silk,n/a,4/4,500,Score in Half,Moon Slits Bottom Panel,No Blank Envelopes
Majestic,Silk,6 x 9,Vertical,Rectangle,16PT C2S,No Coating,Silk,n/a,4/4,500,Score in Half,Moon Slits Bottom Panel,No Blank Envelopes
Majestic,Silk,6 x 9,Horizontal,Rectangle,16PT C2S,No Coating,Silk,n/a,4/0,1000,Score in Half,Moon Slits Bottom Panel,No Blank Envelopes
Majestic,Silk,6 x 9,Vertical,Rectangle,16PT C2S,No Coating,Silk,n/a,4/0,1000,Score in Half,Moon Slits Bottom Panel,No Blank Envelopes
Majestic,Silk,6 x 9,Horizontal,Rectangle,16PT C2S,No Coating,Silk,n/a,4/1,1000,Score in Half,Moon Slits Bottom Panel,No Blank Envelopes
Majestic,Silk,6 x 9,Vertical,Rectangle,16PT C2S,No Coating,Silk,n/a,4/1,1000,Score in Half,Moon Slits Bottom Panel,No Blank Envelopes
Majestic,Silk,6 x 9,Horizontal,Rectangle,16PT C2S,No Coating,Silk,n/a,4/4,1000,Score in Half,Moon Slits Bottom Panel,No Blank Envelopes
Majestic,Silk,6 x 9,Vertical,Rectangle,16PT C2S,No Coating,Silk,n/a,4/4,1000,Score in Half,Moon Slits Bottom Panel,No Blank Envelopes
Majestic,Silk,6 x 9,Horizontal,Rectangle,16PT C2S,No Coating,Silk,n/a,4/0,2500,Score in Half,Moon Slits Bottom Panel,No Blank Envelopes
Majestic,Silk,4.25 x 11,Vertical,Rectangle,16PT C2S,No Coating,Silk,n/a,4/4,5000,Score in Half,Slide Slits Right Panel,Yes 10000 Envelopes A2
Majestic,Silk,6 x 9,Horizontal,Rectangle,16PT C2S,No Coating,Silk,n/a,4/1,2500,Score in Half,Moon Slits Bottom Panel,No Blank Envelopes
Majestic,Silk,6 x 9,Vertical,Rectangle,16PT C2S,No Coating,Silk,n/a,4/1,2500,Score in Half,Moon Slits Bottom Panel,No Blank Envelopes
Majestic,Silk,6 x 9,Horizontal,Rectangle,16PT C2S,No Coating,Silk,n/a,4/4,2500,Score in Half,Moon Slits Bottom Panel,No Blank Envelopes
Majestic,Silk,6 x 9,Vertical,Rectangle,16PT C2S,No Coating,Silk,n/a,4/4,2500,Score in Half,Moon Slits Bottom Panel,No Blank Envelopes
Majestic,Silk,6 x 9,Horizontal,Rectangle,16PT C2S,No Coating,Silk,n/a,4/0,5000,Score in Half,Moon Slits Bottom Panel,No Blank Envelopes
Majestic,Silk,6 x 9,Vertical,Rectangle,16PT C2S,No Coating,Silk,n/a,4/0,5000,Score in Half,Moon Slits Bottom Panel,No Blank Envelopes
Majestic,Silk,6 x 9,Horizontal,Rectangle,16PT C2S,No Coating,Silk,n/a,4/1,5000,Score in Half,Moon Slits Bottom Panel,No Blank Envelopes
Majestic,Silk,6 x 9,Vertical,Rectangle,16PT C2S,No Coating,Silk,n/a,4/1,5000,Score in Half,Moon Slits Bottom Panel,No Blank Envelopes
Majestic,Silk,6 x 9,Horizontal,Rectangle,16PT C2S,No Coating,Silk,n/a,4/4,5000,Score in Half,Moon Slits Bottom Panel,No Blank Envelopes
Majestic,Silk,6 x 9,Vertical,Rectangle,16PT C2S,No Coating,Silk,n/a,4/4,5000,Score in Half,Moon Slits Bottom Panel,No Blank Envelopes
Majestic,Silk,6 x 9,Horizontal,Rectangle,16PT C2S,No Coating,Silk,n/a,4/0,10000,Score in Half,Moon Slits Bottom Panel,No Blank Envelopes
Majestic,Silk,6 x 9,Horizontal,Rectangle,16PT C2S,No Coating,Silk,n/a,4/1,10000,Score in Half,Moon Slits Bottom Panel,No Blank Envelopes
Majestic,Silk,6 x 9,Vertical,Rectangle,16PT C2S,No Coating,Silk,n/a,4/0,10000,Score in Half,Moon Slits Bottom Panel,No Blank Envelopes
Majestic,Silk,6 x 9,Horizontal,Rectangle,16PT C2S,No Coating,Silk,n/a,4/4,10000,Score in Half,Moon Slits Bottom Panel,No Blank Envelopes
Majestic,Silk,6 x 9,Vertical,Rectangle,16PT C2S,No Coating,Silk,n/a,4/1,10000,Score in Half,Moon Slits Bottom Panel,No Blank Envelopes
Majestic,Silk,6 x 9,Horizontal,Rectangle,16PT C2S,No Coating,Silk,n/a,4/0,25,Score in Half,Moon Slits Right Panel,No Blank Envelopes
Majestic,Silk,6 x 9,Vertical,Rectangle,16PT C2S,No Coating,Silk,n/a,4/4,10000,Score in Half,Moon Slits Bottom Panel,No Blank Envelopes
Majestic,Silk,6 x 9,Vertical,Rectangle,16PT C2S,No Coating,Silk,n/a,4/0,25,Score in Half,Moon Slits Right Panel,No Blank Envelopes
Majestic,Silk,6 x 9,Horizontal,Rectangle,16PT C2S,No Coating,Silk,n/a,4/1,25,Score in Half,Moon Slits Right Panel,No Blank Envelopes
Majestic,Silk,6 x 9,Vertical,Rectangle,16PT C2S,No Coating,Silk,n/a,4/1,25,Score in Half,Moon Slits Right Panel,No Blank Envelopes
Majestic,Silk,6 x 9,Horizontal,Rectangle,16PT C2S,No Coating,Silk,n/a,4/4,25,Score in Half,Moon Slits Right Panel,No Blank Envelopes
Majestic,Silk,6 x 9,Vertical,Rectangle,16PT C2S,No Coating,Silk,n/a,4/4,25,Score in Half,Moon Slits Right Panel,No Blank Envelopes
Majestic,Silk,6 x 9,Horizontal,Rectangle,16PT C2S,No Coating,Silk,n/a,4/0,50,Score in Half,Moon Slits Right Panel,No Blank Envelopes
Majestic,Silk,6 x 9,Vertical,Rectangle,16PT C2S,No Coating,Silk,n/a,4/0,50,Score in Half,Moon Slits Right Panel,No Blank Envelopes
Majestic,Silk,6 x 9,Horizontal,Rectangle,16PT C2S,No Coating,Silk,n/a,4/1,50,Score in Half,Moon Slits Right Panel,No Blank Envelopes
Majestic,Silk,6 x 9,Vertical,Rectangle,16PT C2S,No Coating,Silk,n/a,4/1,50,Score in Half,Moon Slits Right Panel,No Blank Envelopes
Majestic,Silk,6 x 9,Horizontal,Rectangle,16PT C2S,No Coating,Silk,n/a,4/4,50,Score in Half,Moon Slits Right Panel,No Blank Envelopes
Majestic,Silk,6 x 9,Vertical,Rectangle,16PT C2S,No Coating,Silk,n/a,4/4,50,Score in Half,Moon Slits Right Panel,No Blank Envelopes
Majestic,Silk,6 x 9,Horizontal,Rectangle,16PT C2S,No Coating,Silk,n/a,4/0,75,Score in Half,Moon Slits Right Panel,No Blank Envelopes
Majestic,Silk,6 x 9,Vertical,Rectangle,16PT C2S,No Coating,Silk,n/a,4/0,75,Score in Half,Moon Slits Right Panel,No Blank Envelopes
Majestic,Silk,6 x 9,Horizontal,Rectangle,16PT C2S,No Coating,Silk,n/a,4/1,75,Score in Half,Moon Slits Right Panel,No Blank Envelopes
Majestic,Silk,6 x 9,Horizontal,Rectangle,16PT C2S,No Coating,Silk,n/a,4/4,75,Score in Half,Moon Slits Right Panel,No Blank Envelopes
Majestic,Silk,6 x 9,Vertical,Rectangle,16PT C2S,No Coating,Silk,n/a,4/1,75,Score in Half,Moon Slits Right Panel,No Blank Envelopes
Majestic,Silk,6 x 9,Vertical,Rectangle,16PT C2S,No Coating,Silk,n/a,4/4,75,Score in Half,Moon Slits Right Panel,No Blank Envelopes
Majestic,Silk,6 x 9,Horizontal,Rectangle,16PT C2S,No Coating,Silk,n/a,4/0,100,Score in Half,Moon Slits Right Panel,No Blank Envelopes
Majestic,Silk,6 x 9,Vertical,Rectangle,16PT C2S,No Coating,Silk,n/a,4/0,100,Score in Half,Moon Slits Right Panel,No Blank Envelopes
Majestic,Silk,6 x 9,Horizontal,Rectangle,16PT C2S,No Coating,Silk,n/a,4/1,100,Score in Half,Moon Slits Right Panel,No Blank Envelopes
Majestic,Silk,6 x 9,Horizontal,Rectangle,16PT C2S,No Coating,Silk,n/a,4/4,100,Score in Half,Moon Slits Right Panel,No Blank Envelopes
Majestic,Silk,6 x 9,Vertical,Rectangle,16PT C2S,No Coating,Silk,n/a,4/1,100,Score in Half,Moon Slits Right Panel,No Blank Envelopes
Majestic,Silk,6 x 9,Vertical,Rectangle,16PT C2S,No Coating,Silk,n/a,4/4,100,Score in Half,Moon Slits Right Panel,No Blank Envelopes
Majestic,Silk,6 x 9,Horizontal,Rectangle,16PT C2S,No Coating,Silk,n/a,4/0,250,Score in Half,Moon Slits Right Panel,No Blank Envelopes
Majestic,Silk,6 x 9,Horizontal,Rectangle,16PT C2S,No Coating,Silk,n/a,4/1,250,Score in Half,Moon Slits Right Panel,No Blank Envelopes
Majestic,Silk,6 x 9,Vertical,Rectangle,16PT C2S,No Coating,Silk,n/a,4/0,250,Score in Half,Moon Slits Right Panel,No Blank Envelopes
Majestic,Silk,6 x 9,Vertical,Rectangle,16PT C2S,No Coating,Silk,n/a,4/1,250,Score in Half,Moon Slits Right Panel,No Blank Envelopes
Majestic,Silk,6 x 9,Horizontal,Rectangle,16PT C2S,No Coating,Silk,n/a,4/4,250,Score in Half,Moon Slits Right Panel,No Blank Envelopes
Majestic,Silk,6 x 9,Horizontal,Rectangle,16PT C2S,No Coating,Silk,n/a,4/0,500,Score in Half,Moon Slits Right Panel,No Blank Envelopes
Majestic,Silk,6 x 9,Vertical,Rectangle,16PT C2S,No Coating,Silk,n/a,4/4,250,Score in Half,Moon Slits Right Panel,No Blank Envelopes
Majestic,Silk,6 x 9,Vertical,Rectangle,16PT C2S,No Coating,Silk,n/a,4/0,500,Score in Half,Moon Slits Right Panel,No Blank Envelopes
Majestic,Silk,6 x 9,Horizontal,Rectangle,16PT C2S,No Coating,Silk,n/a,4/1,500,Score in Half,Moon Slits Right Panel,No Blank Envelopes
Majestic,Silk,6 x 9,Vertical,Rectangle,16PT C2S,No Coating,Silk,n/a,4/1,500,Score in Half,Moon Slits Right Panel,No Blank Envelopes
Majestic,Silk,6 x 9,Vertical,Rectangle,16PT C2S,No Coating,Silk,n/a,4/4,500,Score in Half,Moon Slits Right Panel,No Blank Envelopes
Majestic,Silk,6 x 9,Horizontal,Rectangle,16PT C2S,No Coating,Silk,n/a,4/4,500,Score in Half,Moon Slits Right Panel,No Blank Envelopes
Majestic,Silk,6 x 9,Horizontal,Rectangle,16PT C2S,No Coating,Silk,n/a,4/0,1000,Score in Half,Moon Slits Right Panel,No Blank Envelopes
Majestic,Silk,6 x 9,Vertical,Rectangle,16PT C2S,No Coating,Silk,n/a,4/0,1000,Score in Half,Moon Slits Right Panel,No Blank Envelopes
Majestic,Silk,6 x 9,Horizontal,Rectangle,16PT C2S,No Coating,Silk,n/a,4/1,1000,Score in Half,Moon Slits Right Panel,No Blank Envelopes
Majestic,Silk,6 x 9,Vertical,Rectangle,16PT C2S,No Coating,Silk,n/a,4/1,1000,Score in Half,Moon Slits Right Panel,No Blank Envelopes
Majestic,Silk,6 x 9,Horizontal,Rectangle,16PT C2S,No Coating,Silk,n/a,4/4,1000,Score in Half,Moon Slits Right Panel,No Blank Envelopes
Majestic,Silk,6 x 9,Vertical,Rectangle,16PT C2S,No Coating,Silk,n/a,4/4,1000,Score in Half,Moon Slits Right Panel,No Blank Envelopes
Majestic,Silk,6 x 9,Horizontal,Rectangle,16PT C2S,No Coating,Silk,n/a,4/0,2500,Score in Half,Moon Slits Right Panel,No Blank Envelopes
Majestic,Silk,6 x 9,Horizontal,Rectangle,16PT C2S,No Coating,Silk,n/a,4/1,2500,Score in Half,Moon Slits Right Panel,No Blank Envelopes
Majestic,Silk,6 x 9,Vertical,Rectangle,16PT C2S,No Coating,Silk,n/a,4/0,2500,Score in Half,Moon Slits Right Panel,No Blank Envelopes
Majestic,Silk,6 x 9,Vertical,Rectangle,16PT C2S,No Coating,Silk,n/a,4/1,2500,Score in Half,Moon Slits Right Panel,No Blank Envelopes
Majestic,Silk,6 x 9,Horizontal,Rectangle,16PT C2S,No Coating,Silk,n/a,4/4,2500,Score in Half,Moon Slits Right Panel,No Blank Envelopes
Majestic,Silk,6 x 9,Vertical,Rectangle,16PT C2S,No Coating,Silk,n/a,4/4,2500,Score in Half,Moon Slits Right Panel,No Blank Envelopes
Majestic,Silk,6 x 9,Horizontal,Rectangle,16PT C2S,No Coating,Silk,n/a,4/0,5000,Score in Half,Moon Slits Right Panel,No Blank Envelopes
Majestic,Silk,6 x 9,Vertical,Rectangle,16PT C2S,No Coating,Silk,n/a,4/0,5000,Score in Half,Moon Slits Right Panel,No Blank Envelopes
Majestic,Silk,6 x 9,Horizontal,Rectangle,16PT C2S,No Coating,Silk,n/a,4/1,5000,Score in Half,Moon Slits Right Panel,No Blank Envelopes
Majestic,Silk,4.25 x 11,Horizontal,Rectangle,16PT C2S,No Coating,Silk,n/a,4/0,25,Score in Half,Slide Slits Right Panel,Yes 10000 Envelopes A2
Majestic,Silk,6 x 9,Vertical,Rectangle,16PT C2S,No Coating,Silk,n/a,4/1,5000,Score in Half,Moon Slits Right Panel,No Blank Envelopes
Majestic,Silk,6 x 9,Vertical,Rectangle,16PT C2S,No Coating,Silk,n/a,4/4,5000,Score in Half,Moon Slits Right Panel,No Blank Envelopes
Majestic,Silk,6 x 9,Horizontal,Rectangle,16PT C2S,No Coating,Silk,n/a,4/0,10000,Score in Half,Moon Slits Right Panel,No Blank Envelopes
Majestic,Silk,6 x 9,Vertical,Rectangle,16PT C2S,No Coating,Silk,n/a,4/0,10000,Score in Half,Moon Slits Right Panel,No Blank Envelopes
Majestic,Silk,6 x 9,Horizontal,Rectangle,16PT C2S,No Coating,Silk,n/a,4/1,10000,Score in Half,Moon Slits Right Panel,No Blank Envelopes
Majestic,Silk,6 x 9,Vertical,Rectangle,16PT C2S,No Coating,Silk,n/a,4/1,10000,Score in Half,Moon Slits Right Panel,No Blank Envelopes
Majestic,Silk,6 x 9,Horizontal,Rectangle,16PT C2S,No Coating,Silk,n/a,4/4,10000,Score in Half,Moon Slits Right Panel,No Blank Envelopes
Majestic,Silk,6 x 9,Vertical,Rectangle,16PT C2S,No Coating,Silk,n/a,4/4,10000,Score in Half,Moon Slits Right Panel,No Blank Envelopes
Majestic,Silk,6 x 9,Horizontal,Rectangle,16PT C2S,No Coating,Silk,n/a,4/0,25,Score in Half,No Gift Cards Slits,No Blank Envelopes
Majestic,Silk,6 x 9,Vertical,Rectangle,16PT C2S,No Coating,Silk,n/a,4/0,25,Score in Half,No Gift Cards Slits,No Blank Envelopes
Majestic,Silk,6 x 9,Horizontal,Rectangle,16PT C2S,No Coating,Silk,n/a,4/1,25,Score in Half,No Gift Cards Slits,No Blank Envelopes
Majestic,Silk,6 x 9,Vertical,Rectangle,16PT C2S,No Coating,Silk,n/a,4/1,25,Score in Half,No Gift Cards Slits,No Blank Envelopes
Majestic,Silk,6 x 9,Horizontal,Rectangle,16PT C2S,No Coating,Silk,n/a,4/4,25,Score in Half,No Gift Cards Slits,No Blank Envelopes
Majestic,Silk,6 x 9,Vertical,Rectangle,16PT C2S,No Coating,Silk,n/a,4/4,25,Score in Half,No Gift Cards Slits,No Blank Envelopes
Majestic,Silk,6 x 9,Horizontal,Rectangle,16PT C2S,No Coating,Silk,n/a,4/0,50,Score in Half,No Gift Cards Slits,No Blank Envelopes
Majestic,Silk,6 x 9,Vertical,Rectangle,16PT C2S,No Coating,Silk,n/a,4/0,50,Score in Half,No Gift Cards Slits,No Blank Envelopes
Majestic,Silk,6 x 9,Horizontal,Rectangle,16PT C2S,No Coating,Silk,n/a,4/1,50,Score in Half,No Gift Cards Slits,No Blank Envelopes
Majestic,Silk,6 x 9,Vertical,Rectangle,16PT C2S,No Coating,Silk,n/a,4/1,50,Score in Half,No Gift Cards Slits,No Blank Envelopes
Majestic,Silk,6 x 9,Horizontal,Rectangle,16PT C2S,No Coating,Silk,n/a,4/4,50,Score in Half,No Gift Cards Slits,No Blank Envelopes
Majestic,Silk,6 x 9,Vertical,Rectangle,16PT C2S,No Coating,Silk,n/a,4/4,50,Score in Half,No Gift Cards Slits,No Blank Envelopes
Majestic,Silk,6 x 9,Horizontal,Rectangle,16PT C2S,No Coating,Silk,n/a,4/0,75,Score in Half,No Gift Cards Slits,No Blank Envelopes
Majestic,Silk,6 x 9,Vertical,Rectangle,16PT C2S,No Coating,Silk,n/a,4/0,75,Score in Half,No Gift Cards Slits,No Blank Envelopes
Majestic,Silk,6 x 9,Horizontal,Rectangle,16PT C2S,No Coating,Silk,n/a,4/1,75,Score in Half,No Gift Cards Slits,No Blank Envelopes
Majestic,Silk,6 x 9,Vertical,Rectangle,16PT C2S,No Coating,Silk,n/a,4/1,75,Score in Half,No Gift Cards Slits,No Blank Envelopes
Majestic,Silk,6 x 9,Horizontal,Rectangle,16PT C2S,No Coating,Silk,n/a,4/4,75,Score in Half,No Gift Cards Slits,No Blank Envelopes
Majestic,Silk,6 x 9,Vertical,Rectangle,16PT C2S,No Coating,Silk,n/a,4/4,75,Score in Half,No Gift Cards Slits,No Blank Envelopes
Majestic,Silk,6 x 9,Horizontal,Rectangle,16PT C2S,No Coating,Silk,n/a,4/0,100,Score in Half,No Gift Cards Slits,No Blank Envelopes
Majestic,Silk,6 x 9,Vertical,Rectangle,16PT C2S,No Coating,Silk,n/a,4/0,100,Score in Half,No Gift Cards Slits,No Blank Envelopes
Majestic,Silk,6 x 9,Horizontal,Rectangle,16PT C2S,No Coating,Silk,n/a,4/1,100,Score in Half,No Gift Cards Slits,No Blank Envelopes
Majestic,Silk,6 x 9,Vertical,Rectangle,16PT C2S,No Coating,Silk,n/a,4/1,100,Score in Half,No Gift Cards Slits,No Blank Envelopes
Majestic,Silk,6 x 9,Horizontal,Rectangle,16PT C2S,No Coating,Silk,n/a,4/4,100,Score in Half,No Gift Cards Slits,No Blank Envelopes
Majestic,Silk,6 x 9,Vertical,Rectangle,16PT C2S,No Coating,Silk,n/a,4/4,100,Score in Half,No Gift Cards Slits,No Blank Envelopes
Majestic,Silk,6 x 9,Horizontal,Rectangle,16PT C2S,No Coating,Silk,n/a,4/0,250,Score in Half,No Gift Cards Slits,No Blank Envelopes
Majestic,Silk,6 x 9,Vertical,Rectangle,16PT C2S,No Coating,Silk,n/a,4/0,250,Score in Half,No Gift Cards Slits,No Blank Envelopes
Majestic,Silk,6 x 9,Horizontal,Rectangle,16PT C2S,No Coating,Silk,n/a,4/1,250,Score in Half,No Gift Cards Slits,No Blank Envelopes
Majestic,Silk,6 x 9,Vertical,Rectangle,16PT C2S,No Coating,Silk,n/a,4/1,250,Score in Half,No Gift Cards Slits,No Blank Envelopes
Majestic,Silk,6 x 9,Horizontal,Rectangle,16PT C2S,No Coating,Silk,n/a,4/4,250,Score in Half,No Gift Cards Slits,No Blank Envelopes
Majestic,Silk,5.5 x 8.5,Vertical,Rectangle,16PT C2S,No Coating,Silk,n/a,4/4,50,Score in Half,Slide Slits Bottom Panel,Yes 10000 Envelopes A2
Majestic,Silk,6 x 9,Horizontal,Rectangle,16PT C2S,No Coating,Silk,n/a,4/0,500,Score in Half,No Gift Cards Slits,No Blank Envelopes
Majestic,Silk,6 x 9,Vertical,Rectangle,16PT C2S,No Coating,Silk,n/a,4/0,500,Score in Half,No Gift Cards Slits,No Blank Envelopes
Majestic,Silk,6 x 9,Horizontal,Rectangle,16PT C2S,No Coating,Silk,n/a,4/1,500,Score in Half,No Gift Cards Slits,No Blank Envelopes
Majestic,Silk,6 x 9,Vertical,Rectangle,16PT C2S,No Coating,Silk,n/a,4/1,500,Score in Half,No Gift Cards Slits,No Blank Envelopes
Majestic,Silk,6 x 9,Horizontal,Rectangle,16PT C2S,No Coating,Silk,n/a,4/4,500,Score in Half,No Gift Cards Slits,No Blank Envelopes
Majestic,Silk,6 x 9,Vertical,Rectangle,16PT C2S,No Coating,Silk,n/a,4/4,500,Score in Half,No Gift Cards Slits,No Blank Envelopes
Majestic,Silk,6 x 9,Horizontal,Rectangle,16PT C2S,No Coating,Silk,n/a,4/0,1000,Score in Half,No Gift Cards Slits,No Blank Envelopes
Majestic,Silk,6 x 9,Vertical,Rectangle,16PT C2S,No Coating,Silk,n/a,4/0,1000,Score in Half,No Gift Cards Slits,No Blank Envelopes
Majestic,Silk,6 x 9,Vertical,Rectangle,16PT C2S,No Coating,Silk,n/a,4/1,1000,Score in Half,No Gift Cards Slits,No Blank Envelopes
Majestic,Silk,6 x 9,Horizontal,Rectangle,16PT C2S,No Coating,Silk,n/a,4/1,1000,Score in Half,No Gift Cards Slits,No Blank Envelopes
Majestic,Silk,6 x 9,Horizontal,Rectangle,16PT C2S,No Coating,Silk,n/a,4/4,1000,Score in Half,No Gift Cards Slits,No Blank Envelopes
Majestic,Silk,6 x 9,Vertical,Rectangle,16PT C2S,No Coating,Silk,n/a,4/4,1000,Score in Half,No Gift Cards Slits,No Blank Envelopes
Majestic,Silk,6 x 9,Horizontal,Rectangle,16PT C2S,No Coating,Silk,n/a,4/0,2500,Score in Half,No Gift Cards Slits,No Blank Envelopes
Majestic,Silk,6 x 9,Vertical,Rectangle,16PT C2S,No Coating,Silk,n/a,4/0,2500,Score in Half,No Gift Cards Slits,No Blank Envelopes
Majestic,Silk,6 x 9,Vertical,Rectangle,16PT C2S,No Coating,Silk,n/a,4/4,250,Score in Half,No Gift Cards Slits,No Blank Envelopes
Majestic,Silk,6 x 9,Vertical,Rectangle,16PT C2S,No Coating,Silk,n/a,4/1,2500,Score in Half,No Gift Cards Slits,No Blank Envelopes
Majestic,Silk,6 x 9,Horizontal,Rectangle,16PT C2S,No Coating,Silk,n/a,4/4,2500,Score in Half,No Gift Cards Slits,No Blank Envelopes
Majestic,Silk,6 x 9,Vertical,Rectangle,16PT C2S,No Coating,Silk,n/a,4/4,2500,Score in Half,No Gift Cards Slits,No Blank Envelopes
Majestic,Silk,6 x 9,Horizontal,Rectangle,16PT C2S,No Coating,Silk,n/a,4/0,5000,Score in Half,No Gift Cards Slits,No Blank Envelopes
Majestic,Silk,6 x 9,Vertical,Rectangle,16PT C2S,No Coating,Silk,n/a,4/0,5000,Score in Half,No Gift Cards Slits,No Blank Envelopes
Majestic,Silk,6 x 9,Horizontal,Rectangle,16PT C2S,No Coating,Silk,n/a,4/1,5000,Score in Half,No Gift Cards Slits,No Blank Envelopes
Majestic,Silk,6 x 9,Vertical,Rectangle,16PT C2S,No Coating,Silk,n/a,4/1,5000,Score in Half,No Gift Cards Slits,No Blank Envelopes
Majestic,Silk,6 x 9,Horizontal,Rectangle,16PT C2S,No Coating,Silk,n/a,4/4,5000,Score in Half,No Gift Cards Slits,No Blank Envelopes
Majestic,Silk,6 x 9,Vertical,Rectangle,16PT C2S,No Coating,Silk,n/a,4/4,5000,Score in Half,No Gift Cards Slits,No Blank Envelopes
Majestic,Silk,6 x 9,Horizontal,Rectangle,16PT C2S,No Coating,Silk,n/a,4/0,10000,Score in Half,No Gift Cards Slits,No Blank Envelopes
Majestic,Silk,6 x 9,Vertical,Rectangle,16PT C2S,No Coating,Silk,n/a,4/0,10000,Score in Half,No Gift Cards Slits,No Blank Envelopes
Majestic,Silk,6 x 9,Horizontal,Rectangle,16PT C2S,No Coating,Silk,n/a,4/1,10000,Score in Half,No Gift Cards Slits,No Blank Envelopes
Majestic,Silk,6 x 9,Vertical,Rectangle,16PT C2S,No Coating,Silk,n/a,4/1,10000,Score in Half,No Gift Cards Slits,No Blank Envelopes
Majestic,Silk,6 x 9,Horizontal,Rectangle,16PT C2S,No Coating,Silk,n/a,4/4,10000,Score in Half,No Gift Cards Slits,No Blank Envelopes
Majestic,Silk,6 x 9,Vertical,Rectangle,16PT C2S,No Coating,Silk,n/a,4/4,10000,Score in Half,No Gift Cards Slits,No Blank Envelopes
Majestic,Silk,6 x 9,Horizontal,Rectangle,16PT C2S,No Coating,Silk,n/a,4/0,25,Score in Half,Slide Slits Bottom Panel,No Blank Envelopes
Majestic,Silk,6 x 9,Vertical,Rectangle,16PT C2S,No Coating,Silk,n/a,4/0,25,Score in Half,Slide Slits Bottom Panel,No Blank Envelopes
Majestic,Silk,6 x 9,Horizontal,Rectangle,16PT C2S,No Coating,Silk,n/a,4/1,25,Score in Half,Slide Slits Bottom Panel,No Blank Envelopes
Majestic,Silk,6 x 9,Vertical,Rectangle,16PT C2S,No Coating,Silk,n/a,4/1,25,Score in Half,Slide Slits Bottom Panel,No Blank Envelopes
Majestic,Silk,6 x 9,Horizontal,Rectangle,16PT C2S,No Coating,Silk,n/a,4/4,25,Score in Half,Slide Slits Bottom Panel,No Blank Envelopes
Majestic,Silk,6 x 9,Vertical,Rectangle,16PT C2S,No Coating,Silk,n/a,4/4,25,Score in Half,Slide Slits Bottom Panel,No Blank Envelopes
Majestic,Silk,6 x 9,Horizontal,Rectangle,16PT C2S,No Coating,Silk,n/a,4/0,50,Score in Half,Slide Slits Bottom Panel,No Blank Envelopes
Majestic,Silk,6 x 9,Vertical,Rectangle,16PT C2S,No Coating,Silk,n/a,4/0,50,Score in Half,Slide Slits Bottom Panel,No Blank Envelopes
Majestic,Silk,6 x 9,Horizontal,Rectangle,16PT C2S,No Coating,Silk,n/a,4/1,50,Score in Half,Slide Slits Bottom Panel,No Blank Envelopes
Majestic,Silk,6 x 9,Vertical,Rectangle,16PT C2S,No Coating,Silk,n/a,4/1,50,Score in Half,Slide Slits Bottom Panel,No Blank Envelopes
Majestic,Silk,6 x 9,Horizontal,Rectangle,16PT C2S,No Coating,Silk,n/a,4/4,50,Score in Half,Slide Slits Bottom Panel,No Blank Envelopes
Majestic,Silk,6 x 9,Vertical,Rectangle,16PT C2S,No Coating,Silk,n/a,4/4,50,Score in Half,Slide Slits Bottom Panel,No Blank Envelopes
Majestic,Silk,6 x 9,Horizontal,Rectangle,16PT C2S,No Coating,Silk,n/a,4/0,75,Score in Half,Slide Slits Bottom Panel,No Blank Envelopes
Majestic,Silk,6 x 9,Vertical,Rectangle,16PT C2S,No Coating,Silk,n/a,4/0,75,Score in Half,Slide Slits Bottom Panel,No Blank Envelopes
Majestic,Silk,6 x 9,Horizontal,Rectangle,16PT C2S,No Coating,Silk,n/a,4/1,75,Score in Half,Slide Slits Bottom Panel,No Blank Envelopes
Majestic,Silk,6 x 9,Vertical,Rectangle,16PT C2S,No Coating,Silk,n/a,4/1,75,Score in Half,Slide Slits Bottom Panel,No Blank Envelopes
Majestic,Silk,6 x 9,Horizontal,Rectangle,16PT C2S,No Coating,Silk,n/a,4/4,75,Score in Half,Slide Slits Bottom Panel,No Blank Envelopes
Majestic,Silk,6 x 9,Vertical,Rectangle,16PT C2S,No Coating,Silk,n/a,4/4,75,Score in Half,Slide Slits Bottom Panel,No Blank Envelopes
Majestic,Silk,6 x 9,Horizontal,Rectangle,16PT C2S,No Coating,Silk,n/a,4/0,100,Score in Half,Slide Slits Bottom Panel,No Blank Envelopes
Majestic,Silk,6 x 9,Vertical,Rectangle,16PT C2S,No Coating,Silk,n/a,4/0,100,Score in Half,Slide Slits Bottom Panel,No Blank Envelopes
Majestic,Silk,6 x 9,Horizontal,Rectangle,16PT C2S,No Coating,Silk,n/a,4/1,100,Score in Half,Slide Slits Bottom Panel,No Blank Envelopes
Majestic,Silk,6 x 9,Vertical,Rectangle,16PT C2S,No Coating,Silk,n/a,4/1,100,Score in Half,Slide Slits Bottom Panel,No Blank Envelopes
Majestic,Silk,6 x 9,Horizontal,Rectangle,16PT C2S,No Coating,Silk,n/a,4/4,100,Score in Half,Slide Slits Bottom Panel,No Blank Envelopes
Majestic,Silk,6 x 9,Vertical,Rectangle,16PT C2S,No Coating,Silk,n/a,4/4,100,Score in Half,Slide Slits Bottom Panel,No Blank Envelopes
Majestic,Silk,6 x 9,Horizontal,Rectangle,16PT C2S,No Coating,Silk,n/a,4/0,250,Score in Half,Slide Slits Bottom Panel,No Blank Envelopes
Majestic,Silk,6 x 9,Vertical,Rectangle,16PT C2S,No Coating,Silk,n/a,4/0,250,Score in Half,Slide Slits Bottom Panel,No Blank Envelopes
Majestic,Silk,6 x 9,Horizontal,Rectangle,16PT C2S,No Coating,Silk,n/a,4/1,250,Score in Half,Slide Slits Bottom Panel,No Blank Envelopes
Majestic,Silk,6 x 9,Vertical,Rectangle,16PT C2S,No Coating,Silk,n/a,4/1,250,Score in Half,Slide Slits Bottom Panel,No Blank Envelopes
Majestic,Silk,6 x 9,Horizontal,Rectangle,16PT C2S,No Coating,Silk,n/a,4/4,250,Score in Half,Slide Slits Bottom Panel,No Blank Envelopes
Majestic,Silk,6 x 9,Vertical,Rectangle,16PT C2S,No Coating,Silk,n/a,4/4,250,Score in Half,Slide Slits Bottom Panel,No Blank Envelopes
Majestic,Silk,6 x 9,Horizontal,Rectangle,16PT C2S,No Coating,Silk,n/a,4/0,500,Score in Half,Slide Slits Bottom Panel,No Blank Envelopes
Majestic,Silk,6 x 9,Vertical,Rectangle,16PT C2S,No Coating,Silk,n/a,4/0,500,Score in Half,Slide Slits Bottom Panel,No Blank Envelopes
Majestic,Silk,6 x 9,Horizontal,Rectangle,16PT C2S,No Coating,Silk,n/a,4/1,500,Score in Half,Slide Slits Bottom Panel,No Blank Envelopes
Majestic,Silk,6 x 9,Vertical,Rectangle,16PT C2S,No Coating,Silk,n/a,4/1,500,Score in Half,Slide Slits Bottom Panel,No Blank Envelopes
Majestic,Silk,6 x 9,Horizontal,Rectangle,16PT C2S,No Coating,Silk,n/a,4/4,500,Score in Half,Slide Slits Bottom Panel,No Blank Envelopes
Majestic,Silk,6 x 9,Vertical,Rectangle,16PT C2S,No Coating,Silk,n/a,4/4,500,Score in Half,Slide Slits Bottom Panel,No Blank Envelopes
Majestic,Silk,6 x 9,Horizontal,Rectangle,16PT C2S,No Coating,Silk,n/a,4/0,1000,Score in Half,Slide Slits Bottom Panel,No Blank Envelopes
Majestic,Silk,6 x 9,Vertical,Rectangle,16PT C2S,No Coating,Silk,n/a,4/0,1000,Score in Half,Slide Slits Bottom Panel,No Blank Envelopes
Majestic,Silk,6 x 9,Horizontal,Rectangle,16PT C2S,No Coating,Silk,n/a,4/1,1000,Score in Half,Slide Slits Bottom Panel,No Blank Envelopes
Majestic,Silk,6 x 9,Vertical,Rectangle,16PT C2S,No Coating,Silk,n/a,4/1,1000,Score in Half,Slide Slits Bottom Panel,No Blank Envelopes
Majestic,Silk,6 x 9,Horizontal,Rectangle,16PT C2S,No Coating,Silk,n/a,4/4,1000,Score in Half,Slide Slits Bottom Panel,No Blank Envelopes
Majestic,Silk,6 x 9,Vertical,Rectangle,16PT C2S,No Coating,Silk,n/a,4/4,1000,Score in Half,Slide Slits Bottom Panel,No Blank Envelopes
Majestic,Silk,6 x 9,Horizontal,Rectangle,16PT C2S,No Coating,Silk,n/a,4/0,2500,Score in Half,Slide Slits Bottom Panel,No Blank Envelopes
Majestic,Silk,6 x 9,Vertical,Rectangle,16PT C2S,No Coating,Silk,n/a,4/0,2500,Score in Half,Slide Slits Bottom Panel,No Blank Envelopes
Majestic,Silk,6 x 9,Horizontal,Rectangle,16PT C2S,No Coating,Silk,n/a,4/1,2500,Score in Half,Slide Slits Bottom Panel,No Blank Envelopes
Majestic,Silk,6 x 9,Vertical,Rectangle,16PT C2S,No Coating,Silk,n/a,4/1,2500,Score in Half,Slide Slits Bottom Panel,No Blank Envelopes
Majestic,Silk,6 x 9,Vertical,Rectangle,16PT C2S,No Coating,Silk,n/a,4/4,2500,Score in Half,Slide Slits Bottom Panel,No Blank Envelopes
Majestic,Silk,6 x 9,Horizontal,Rectangle,16PT C2S,No Coating,Silk,n/a,4/0,5000,Score in Half,Slide Slits Bottom Panel,No Blank Envelopes
Majestic,Silk,6 x 9,Horizontal,Rectangle,16PT C2S,No Coating,Silk,n/a,4/4,2500,Score in Half,Slide Slits Bottom Panel,No Blank Envelopes
Majestic,Silk,6 x 9,Vertical,Rectangle,16PT C2S,No Coating,Silk,n/a,4/0,5000,Score in Half,Slide Slits Bottom Panel,No Blank Envelopes
Majestic,Silk,6 x 9,Horizontal,Rectangle,16PT C2S,No Coating,Silk,n/a,4/1,5000,Score in Half,Slide Slits Bottom Panel,No Blank Envelopes
Majestic,Silk,6 x 9,Vertical,Rectangle,16PT C2S,No Coating,Silk,n/a,4/1,5000,Score in Half,Slide Slits Bottom Panel,No Blank Envelopes
Majestic,Silk,6 x 9,Horizontal,Rectangle,16PT C2S,No Coating,Silk,n/a,4/4,5000,Score in Half,Slide Slits Bottom Panel,No Blank Envelopes
Majestic,Silk,6 x 9,Vertical,Rectangle,16PT C2S,No Coating,Silk,n/a,4/4,5000,Score in Half,Slide Slits Bottom Panel,No Blank Envelopes
Majestic,Silk,6 x 9,Horizontal,Rectangle,16PT C2S,No Coating,Silk,n/a,4/0,10000,Score in Half,Slide Slits Bottom Panel,No Blank Envelopes
Majestic,Silk,6 x 9,Vertical,Rectangle,16PT C2S,No Coating,Silk,n/a,4/0,10000,Score in Half,Slide Slits Bottom Panel,No Blank Envelopes
Majestic,Silk,6 x 9,Vertical,Rectangle,16PT C2S,No Coating,Silk,n/a,4/1,10000,Score in Half,Slide Slits Bottom Panel,No Blank Envelopes
Majestic,Silk,6 x 9,Horizontal,Rectangle,16PT C2S,No Coating,Silk,n/a,4/1,10000,Score in Half,Slide Slits Bottom Panel,No Blank Envelopes
Majestic,Silk,6 x 9,Horizontal,Rectangle,16PT C2S,No Coating,Silk,n/a,4/4,10000,Score in Half,Slide Slits Bottom Panel,No Blank Envelopes
Majestic,Silk,6 x 9,Vertical,Rectangle,16PT C2S,No Coating,Silk,n/a,4/4,10000,Score in Half,Slide Slits Bottom Panel,No Blank Envelopes
Majestic,Silk,6 x 9,Horizontal,Rectangle,16PT C2S,No Coating,Silk,n/a,4/0,25,Score in Half,Slide Slits Right Panel,No Blank Envelopes
Majestic,Silk,6 x 9,Vertical,Rectangle,16PT C2S,No Coating,Silk,n/a,4/0,25,Score in Half,Slide Slits Right Panel,No Blank Envelopes
Majestic,Silk,6 x 9,Horizontal,Rectangle,16PT C2S,No Coating,Silk,n/a,4/1,25,Score in Half,Slide Slits Right Panel,No Blank Envelopes
Majestic,Silk,6 x 9,Vertical,Rectangle,16PT C2S,No Coating,Silk,n/a,4/1,25,Score in Half,Slide Slits Right Panel,No Blank Envelopes
Majestic,Silk,6 x 9,Horizontal,Rectangle,16PT C2S,No Coating,Silk,n/a,4/4,25,Score in Half,Slide Slits Right Panel,No Blank Envelopes
Majestic,Silk,6 x 9,Vertical,Rectangle,16PT C2S,No Coating,Silk,n/a,4/4,25,Score in Half,Slide Slits Right Panel,No Blank Envelopes
Majestic,Silk,6 x 9,Horizontal,Rectangle,16PT C2S,No Coating,Silk,n/a,4/0,50,Score in Half,Slide Slits Right Panel,No Blank Envelopes
Majestic,Silk,6 x 9,Vertical,Rectangle,16PT C2S,No Coating,Silk,n/a,4/0,50,Score in Half,Slide Slits Right Panel,No Blank Envelopes
Majestic,Silk,6 x 9,Horizontal,Rectangle,16PT C2S,No Coating,Silk,n/a,4/1,50,Score in Half,Slide Slits Right Panel,No Blank Envelopes
Majestic,Silk,6 x 9,Vertical,Rectangle,16PT C2S,No Coating,Silk,n/a,4/1,50,Score in Half,Slide Slits Right Panel,No Blank Envelopes
Majestic,Silk,6 x 9,Horizontal,Rectangle,16PT C2S,No Coating,Silk,n/a,4/4,50,Score in Half,Slide Slits Right Panel,No Blank Envelopes
Majestic,Silk,6 x 9,Vertical,Rectangle,16PT C2S,No Coating,Silk,n/a,4/4,50,Score in Half,Slide Slits Right Panel,No Blank Envelopes
Majestic,Silk,6 x 9,Horizontal,Rectangle,16PT C2S,No Coating,Silk,n/a,4/0,75,Score in Half,Slide Slits Right Panel,No Blank Envelopes
Majestic,Silk,6 x 9,Vertical,Rectangle,16PT C2S,No Coating,Silk,n/a,4/0,75,Score in Half,Slide Slits Right Panel,No Blank Envelopes
Majestic,Silk,6 x 9,Horizontal,Rectangle,16PT C2S,No Coating,Silk,n/a,4/1,75,Score in Half,Slide Slits Right Panel,No Blank Envelopes
Majestic,Silk,6 x 9,Vertical,Rectangle,16PT C2S,No Coating,Silk,n/a,4/1,75,Score in Half,Slide Slits Right Panel,No Blank Envelopes
Majestic,Silk,6 x 9,Horizontal,Rectangle,16PT C2S,No Coating,Silk,n/a,4/4,75,Score in Half,Slide Slits Right Panel,No Blank Envelopes
Majestic,Silk,6 x 9,Horizontal,Rectangle,16PT C2S,No Coating,Silk,n/a,4/0,100,Score in Half,Slide Slits Right Panel,No Blank Envelopes
Majestic,Silk,6 x 9,Vertical,Rectangle,16PT C2S,No Coating,Silk,n/a,4/4,75,Score in Half,Slide Slits Right Panel,No Blank Envelopes
Majestic,Silk,6 x 9,Vertical,Rectangle,16PT C2S,No Coating,Silk,n/a,4/0,100,Score in Half,Slide Slits Right Panel,No Blank Envelopes
Majestic,Silk,6 x 9,Horizontal,Rectangle,16PT C2S,No Coating,Silk,n/a,4/1,100,Score in Half,Slide Slits Right Panel,No Blank Envelopes
Majestic,Silk,6 x 9,Vertical,Rectangle,16PT C2S,No Coating,Silk,n/a,4/1,100,Score in Half,Slide Slits Right Panel,No Blank Envelopes
Majestic,Silk,6 x 9,Horizontal,Rectangle,16PT C2S,No Coating,Silk,n/a,4/4,100,Score in Half,Slide Slits Right Panel,No Blank Envelopes
Majestic,Silk,6 x 9,Vertical,Rectangle,16PT C2S,No Coating,Silk,n/a,4/4,100,Score in Half,Slide Slits Right Panel,No Blank Envelopes
Majestic,Silk,6 x 9,Horizontal,Rectangle,16PT C2S,No Coating,Silk,n/a,4/0,250,Score in Half,Slide Slits Right Panel,No Blank Envelopes
Majestic,Silk,6 x 9,Vertical,Rectangle,16PT C2S,No Coating,Silk,n/a,4/0,250,Score in Half,Slide Slits Right Panel,No Blank Envelopes
Majestic,Silk,6 x 9,Horizontal,Rectangle,16PT C2S,No Coating,Silk,n/a,4/1,250,Score in Half,Slide Slits Right Panel,No Blank Envelopes
Majestic,Silk,6 x 9,Horizontal,Rectangle,16PT C2S,No Coating,Silk,n/a,4/4,5000,Score in Half,Moon Slits Right Panel,No Blank Envelopes
Majestic,Silk,6 x 9,Horizontal,Rectangle,16PT C2S,No Coating,Silk,n/a,4/4,250,Score in Half,Slide Slits Right Panel,No Blank Envelopes
Majestic,Silk,6 x 9,Vertical,Rectangle,16PT C2S,No Coating,Silk,n/a,4/4,250,Score in Half,Slide Slits Right Panel,No Blank Envelopes
Majestic,Silk,6 x 9,Horizontal,Rectangle,16PT C2S,No Coating,Silk,n/a,4/0,500,Score in Half,Slide Slits Right Panel,No Blank Envelopes
Majestic,Silk,6 x 9,Vertical,Rectangle,16PT C2S,No Coating,Silk,n/a,4/0,500,Score in Half,Slide Slits Right Panel,No Blank Envelopes
Majestic,Silk,6 x 9,Horizontal,Rectangle,16PT C2S,No Coating,Silk,n/a,4/1,500,Score in Half,Slide Slits Right Panel,No Blank Envelopes
Majestic,Silk,6 x 9,Vertical,Rectangle,16PT C2S,No Coating,Silk,n/a,4/1,500,Score in Half,Slide Slits Right Panel,No Blank Envelopes
Majestic,Silk,6 x 9,Horizontal,Rectangle,16PT C2S,No Coating,Silk,n/a,4/4,500,Score in Half,Slide Slits Right Panel,No Blank Envelopes
Majestic,Silk,6 x 9,Vertical,Rectangle,16PT C2S,No Coating,Silk,n/a,4/4,500,Score in Half,Slide Slits Right Panel,No Blank Envelopes
Majestic,Silk,6 x 9,Vertical,Rectangle,16PT C2S,No Coating,Silk,n/a,4/1,250,Score in Half,Slide Slits Right Panel,No Blank Envelopes
Majestic,Silk,6 x 9,Vertical,Rectangle,16PT C2S,No Coating,Silk,n/a,4/0,1000,Score in Half,Slide Slits Right Panel,No Blank Envelopes
Majestic,Silk,6 x 9,Horizontal,Rectangle,16PT C2S,No Coating,Silk,n/a,4/1,1000,Score in Half,Slide Slits Right Panel,No Blank Envelopes
Majestic,Silk,6 x 9,Vertical,Rectangle,16PT C2S,No Coating,Silk,n/a,4/1,1000,Score in Half,Slide Slits Right Panel,No Blank Envelopes
Majestic,Silk,6 x 9,Horizontal,Rectangle,16PT C2S,No Coating,Silk,n/a,4/4,1000,Score in Half,Slide Slits Right Panel,No Blank Envelopes
Majestic,Silk,6 x 9,Vertical,Rectangle,16PT C2S,No Coating,Silk,n/a,4/4,1000,Score in Half,Slide Slits Right Panel,No Blank Envelopes
Majestic,Silk,6 x 9,Horizontal,Rectangle,16PT C2S,No Coating,Silk,n/a,4/0,2500,Score in Half,Slide Slits Right Panel,No Blank Envelopes
Majestic,Silk,6 x 9,Vertical,Rectangle,16PT C2S,No Coating,Silk,n/a,4/0,2500,Score in Half,Slide Slits Right Panel,No Blank Envelopes
Majestic,Silk,6 x 9,Horizontal,Rectangle,16PT C2S,No Coating,Silk,n/a,4/1,2500,Score in Half,No Gift Cards Slits,No Blank Envelopes
Majestic,Silk,6 x 9,Vertical,Rectangle,16PT C2S,No Coating,Silk,n/a,4/1,2500,Score in Half,Slide Slits Right Panel,No Blank Envelopes
Majestic,Silk,6 x 9,Horizontal,Rectangle,16PT C2S,No Coating,Silk,n/a,4/4,2500,Score in Half,Slide Slits Right Panel,No Blank Envelopes
Majestic,Silk,6 x 9,Vertical,Rectangle,16PT C2S,No Coating,Silk,n/a,4/4,2500,Score in Half,Slide Slits Right Panel,No Blank Envelopes
Majestic,Silk,6 x 9,Horizontal,Rectangle,16PT C2S,No Coating,Silk,n/a,4/0,5000,Score in Half,Slide Slits Right Panel,No Blank Envelopes
Majestic,Silk,6 x 9,Vertical,Rectangle,16PT C2S,No Coating,Silk,n/a,4/0,5000,Score in Half,Slide Slits Right Panel,No Blank Envelopes
Majestic,Silk,6 x 9,Horizontal,Rectangle,16PT C2S,No Coating,Silk,n/a,4/1,5000,Score in Half,Slide Slits Right Panel,No Blank Envelopes
Majestic,Silk,6 x 9,Vertical,Rectangle,16PT C2S,No Coating,Silk,n/a,4/1,5000,Score in Half,Slide Slits Right Panel,No Blank Envelopes
Majestic,Silk,6 x 9,Horizontal,Rectangle,16PT C2S,No Coating,Silk,n/a,4/4,5000,Score in Half,Slide Slits Right Panel,No Blank Envelopes
Majestic,Silk,6 x 9,Vertical,Rectangle,16PT C2S,No Coating,Silk,n/a,4/4,5000,Score in Half,Slide Slits Right Panel,No Blank Envelopes
Majestic,Silk,6 x 9,Horizontal,Rectangle,16PT C2S,No Coating,Silk,n/a,4/0,10000,Score in Half,Slide Slits Right Panel,No Blank Envelopes
Majestic,Silk,6 x 9,Vertical,Rectangle,16PT C2S,No Coating,Silk,n/a,4/0,10000,Score in Half,Slide Slits Right Panel,No Blank Envelopes
Majestic,Silk,6 x 9,Horizontal,Rectangle,16PT C2S,No Coating,Silk,n/a,4/1,10000,Score in Half,Slide Slits Right Panel,No Blank Envelopes
Majestic,Silk,6 x 9,Vertical,Rectangle,16PT C2S,No Coating,Silk,n/a,4/1,10000,Score in Half,Slide Slits Right Panel,No Blank Envelopes
Majestic,Silk,6 x 9,Horizontal,Rectangle,16PT C2S,No Coating,Silk,n/a,4/4,10000,Score in Half,Slide Slits Right Panel,No Blank Envelopes
Majestic,Silk,6 x 9,Vertical,Rectangle,16PT C2S,No Coating,Silk,n/a,4/4,10000,Score in Half,Slide Slits Right Panel,No Blank Envelopes
Majestic,Silk,6 x 9,Horizontal,Rectangle,16PT C2S,No Coating,Silk,n/a,4/0,25,Score in Half,Moon Slits Bottom Panel,Yes 25 Envelopes A6
Majestic,Silk,6 x 9,Vertical,Rectangle,16PT C2S,No Coating,Silk,n/a,4/0,25,Score in Half,Moon Slits Bottom Panel,Yes 25 Envelopes A6
Majestic,Silk,6 x 9,Horizontal,Rectangle,16PT C2S,No Coating,Silk,n/a,4/1,25,Score in Half,Moon Slits Bottom Panel,Yes 25 Envelopes A6
Majestic,Silk,6 x 9,Vertical,Rectangle,16PT C2S,No Coating,Silk,n/a,4/1,25,Score in Half,Moon Slits Bottom Panel,Yes 25 Envelopes A6
Majestic,Silk,6 x 9,Horizontal,Rectangle,16PT C2S,No Coating,Silk,n/a,4/4,25,Score in Half,Moon Slits Bottom Panel,Yes 25 Envelopes A6
Majestic,Silk,6 x 9,Vertical,Rectangle,16PT C2S,No Coating,Silk,n/a,4/4,25,Score in Half,Moon Slits Bottom Panel,Yes 25 Envelopes A6
Majestic,Silk,6 x 9,Horizontal,Rectangle,16PT C2S,No Coating,Silk,n/a,4/0,50,Score in Half,Moon Slits Bottom Panel,Yes 25 Envelopes A6
Majestic,Silk,6 x 9,Vertical,Rectangle,16PT C2S,No Coating,Silk,n/a,4/0,50,Score in Half,Moon Slits Bottom Panel,Yes 25 Envelopes A6
Majestic,Silk,6 x 9,Horizontal,Rectangle,16PT C2S,No Coating,Silk,n/a,4/1,50,Score in Half,Moon Slits Bottom Panel,Yes 25 Envelopes A6
Majestic,Silk,6 x 9,Vertical,Rectangle,16PT C2S,No Coating,Silk,n/a,4/1,50,Score in Half,Moon Slits Bottom Panel,Yes 25 Envelopes A6
Majestic,Silk,6 x 9,Horizontal,Rectangle,16PT C2S,No Coating,Silk,n/a,4/4,50,Score in Half,Moon Slits Bottom Panel,Yes 25 Envelopes A6
Majestic,Silk,6 x 9,Vertical,Rectangle,16PT C2S,No Coating,Silk,n/a,4/4,50,Score in Half,Moon Slits Bottom Panel,Yes 25 Envelopes A6
Majestic,Silk,6 x 9,Horizontal,Rectangle,16PT C2S,No Coating,Silk,n/a,4/0,75,Score in Half,Moon Slits Bottom Panel,Yes 25 Envelopes A6
Majestic,Silk,6 x 9,Vertical,Rectangle,16PT C2S,No Coating,Silk,n/a,4/0,75,Score in Half,Moon Slits Bottom Panel,Yes 25 Envelopes A6
Majestic,Silk,6 x 9,Horizontal,Rectangle,16PT C2S,No Coating,Silk,n/a,4/1,75,Score in Half,Moon Slits Bottom Panel,Yes 25 Envelopes A6
Majestic,Silk,6 x 9,Vertical,Rectangle,16PT C2S,No Coating,Silk,n/a,4/1,75,Score in Half,Moon Slits Bottom Panel,Yes 25 Envelopes A6
Majestic,Silk,6 x 9,Horizontal,Rectangle,16PT C2S,No Coating,Silk,n/a,4/4,75,Score in Half,Moon Slits Bottom Panel,Yes 25 Envelopes A6
Majestic,Silk,6 x 9,Vertical,Rectangle,16PT C2S,No Coating,Silk,n/a,4/4,75,Score in Half,Moon Slits Bottom Panel,Yes 25 Envelopes A6
Majestic,Silk,6 x 9,Horizontal,Rectangle,16PT C2S,No Coating,Silk,n/a,4/0,100,Score in Half,Moon Slits Bottom Panel,Yes 25 Envelopes A6
Majestic,Silk,6 x 9,Vertical,Rectangle,16PT C2S,No Coating,Silk,n/a,4/0,100,Score in Half,Moon Slits Bottom Panel,Yes 25 Envelopes A6
Majestic,Silk,6 x 9,Horizontal,Rectangle,16PT C2S,No Coating,Silk,n/a,4/1,100,Score in Half,Moon Slits Bottom Panel,Yes 25 Envelopes A6
Majestic,Silk,6 x 9,Vertical,Rectangle,16PT C2S,No Coating,Silk,n/a,4/1,100,Score in Half,Moon Slits Bottom Panel,Yes 25 Envelopes A6
Majestic,Silk,6 x 9,Horizontal,Rectangle,16PT C2S,No Coating,Silk,n/a,4/4,100,Score in Half,Moon Slits Bottom Panel,Yes 25 Envelopes A6
Majestic,Silk,6 x 9,Vertical,Rectangle,16PT C2S,No Coating,Silk,n/a,4/4,100,Score in Half,Moon Slits Bottom Panel,Yes 25 Envelopes A6
Majestic,Silk,6 x 9,Vertical,Rectangle,16PT C2S,No Coating,Silk,n/a,4/0,250,Score in Half,Moon Slits Bottom Panel,Yes 25 Envelopes A6
Majestic,Silk,6 x 9,Horizontal,Rectangle,16PT C2S,No Coating,Silk,n/a,4/0,250,Score in Half,Moon Slits Bottom Panel,Yes 25 Envelopes A6
Majestic,Silk,6 x 9,Horizontal,Rectangle,16PT C2S,No Coating,Silk,n/a,4/1,250,Score in Half,Moon Slits Bottom Panel,Yes 25 Envelopes A6
Majestic,Silk,6 x 9,Vertical,Rectangle,16PT C2S,No Coating,Silk,n/a,4/1,250,Score in Half,Moon Slits Bottom Panel,Yes 25 Envelopes A6
Majestic,Silk,6 x 9,Vertical,Rectangle,16PT C2S,No Coating,Silk,n/a,4/4,250,Score in Half,Moon Slits Bottom Panel,Yes 25 Envelopes A6
Majestic,Silk,6 x 9,Horizontal,Rectangle,16PT C2S,No Coating,Silk,n/a,4/4,250,Score in Half,Moon Slits Bottom Panel,Yes 25 Envelopes A6
Majestic,Silk,6 x 9,Horizontal,Rectangle,16PT C2S,No Coating,Silk,n/a,4/0,500,Score in Half,Moon Slits Bottom Panel,Yes 25 Envelopes A6
Majestic,Silk,6 x 9,Vertical,Rectangle,16PT C2S,No Coating,Silk,n/a,4/0,500,Score in Half,Moon Slits Bottom Panel,Yes 25 Envelopes A6
Majestic,Silk,6 x 9,Vertical,Rectangle,16PT C2S,No Coating,Silk,n/a,4/1,500,Score in Half,Moon Slits Bottom Panel,Yes 25 Envelopes A6
Majestic,Silk,6 x 9,Horizontal,Rectangle,16PT C2S,No Coating,Silk,n/a,4/4,500,Score in Half,Moon Slits Bottom Panel,Yes 25 Envelopes A6
Majestic,Silk,6 x 9,Horizontal,Rectangle,16PT C2S,No Coating,Silk,n/a,4/1,500,Score in Half,Moon Slits Bottom Panel,Yes 25 Envelopes A6
Majestic,Silk,6 x 9,Vertical,Rectangle,16PT C2S,No Coating,Silk,n/a,4/4,500,Score in Half,Moon Slits Bottom Panel,Yes 25 Envelopes A6
Majestic,Silk,6 x 9,Horizontal,Rectangle,16PT C2S,No Coating,Silk,n/a,4/0,1000,Score in Half,Moon Slits Bottom Panel,Yes 25 Envelopes A6
Majestic,Silk,6 x 9,Vertical,Rectangle,16PT C2S,No Coating,Silk,n/a,4/0,1000,Score in Half,Moon Slits Bottom Panel,Yes 25 Envelopes A6
Majestic,Silk,6 x 9,Vertical,Rectangle,16PT C2S,No Coating,Silk,n/a,4/1,1000,Score in Half,Moon Slits Bottom Panel,Yes 25 Envelopes A6
Majestic,Silk,6 x 9,Horizontal,Rectangle,16PT C2S,No Coating,Silk,n/a,4/1,1000,Score in Half,Moon Slits Bottom Panel,Yes 25 Envelopes A6
Majestic,Silk,6 x 9,Horizontal,Rectangle,16PT C2S,No Coating,Silk,n/a,4/4,1000,Score in Half,Moon Slits Bottom Panel,Yes 25 Envelopes A6
Majestic,Silk,6 x 9,Vertical,Rectangle,16PT C2S,No Coating,Silk,n/a,4/4,1000,Score in Half,Moon Slits Bottom Panel,Yes 25 Envelopes A6
Majestic,Silk,6 x 9,Vertical,Rectangle,16PT C2S,No Coating,Silk,n/a,4/0,2500,Score in Half,Moon Slits Bottom Panel,Yes 25 Envelopes A6
Majestic,Silk,6 x 9,Horizontal,Rectangle,16PT C2S,No Coating,Silk,n/a,4/0,2500,Score in Half,Moon Slits Bottom Panel,Yes 25 Envelopes A6
Majestic,Silk,6 x 9,Horizontal,Rectangle,16PT C2S,No Coating,Silk,n/a,4/1,2500,Score in Half,Moon Slits Bottom Panel,Yes 25 Envelopes A6
Majestic,Silk,6 x 9,Vertical,Rectangle,16PT C2S,No Coating,Silk,n/a,4/1,2500,Score in Half,Moon Slits Bottom Panel,Yes 25 Envelopes A6
Majestic,Silk,6 x 9,Horizontal,Rectangle,16PT C2S,No Coating,Silk,n/a,4/4,2500,Score in Half,Moon Slits Bottom Panel,Yes 25 Envelopes A6
Majestic,Silk,6 x 9,Vertical,Rectangle,16PT C2S,No Coating,Silk,n/a,4/4,2500,Score in Half,Moon Slits Bottom Panel,Yes 25 Envelopes A6
Majestic,Silk,6 x 9,Horizontal,Rectangle,16PT C2S,No Coating,Silk,n/a,4/0,5000,Score in Half,Moon Slits Bottom Panel,Yes 25 Envelopes A6
Majestic,Silk,6 x 9,Vertical,Rectangle,16PT C2S,No Coating,Silk,n/a,4/0,5000,Score in Half,Moon Slits Bottom Panel,Yes 25 Envelopes A6
Majestic,Silk,6 x 9,Horizontal,Rectangle,16PT C2S,No Coating,Silk,n/a,4/1,5000,Score in Half,Moon Slits Bottom Panel,Yes 25 Envelopes A6
Majestic,Silk,6 x 9,Vertical,Rectangle,16PT C2S,No Coating,Silk,n/a,4/1,5000,Score in Half,Moon Slits Bottom Panel,Yes 25 Envelopes A6
Majestic,Silk,6 x 9,Vertical,Rectangle,16PT C2S,No Coating,Silk,n/a,4/4,5000,Score in Half,Moon Slits Bottom Panel,Yes 25 Envelopes A6
Majestic,Silk,6 x 9,Horizontal,Rectangle,16PT C2S,No Coating,Silk,n/a,4/4,5000,Score in Half,Moon Slits Bottom Panel,Yes 25 Envelopes A6
Majestic,Silk,6 x 9,Horizontal,Rectangle,16PT C2S,No Coating,Silk,n/a,4/0,10000,Score in Half,Moon Slits Bottom Panel,Yes 25 Envelopes A6
Majestic,Silk,6 x 9,Vertical,Rectangle,16PT C2S,No Coating,Silk,n/a,4/0,10000,Score in Half,Moon Slits Bottom Panel,Yes 25 Envelopes A6
Majestic,Silk,6 x 9,Vertical,Rectangle,16PT C2S,No Coating,Silk,n/a,4/1,10000,Score in Half,Moon Slits Bottom Panel,Yes 25 Envelopes A6
Majestic,Silk,6 x 9,Horizontal,Rectangle,16PT C2S,No Coating,Silk,n/a,4/1,10000,Score in Half,Moon Slits Bottom Panel,Yes 25 Envelopes A6
Majestic,Silk,6 x 9,Horizontal,Rectangle,16PT C2S,No Coating,Silk,n/a,4/0,25,Score in Half,Moon Slits Right Panel,Yes 25 Envelopes A6
Majestic,Silk,6 x 9,Vertical,Rectangle,16PT C2S,No Coating,Silk,n/a,4/0,25,Score in Half,Moon Slits Right Panel,Yes 25 Envelopes A6
Majestic,Silk,6 x 9,Horizontal,Rectangle,16PT C2S,No Coating,Silk,n/a,4/4,10000,Score in Half,Moon Slits Bottom Panel,Yes 25 Envelopes A6
Majestic,Silk,6 x 9,Vertical,Rectangle,16PT C2S,No Coating,Silk,n/a,4/4,10000,Score in Half,Moon Slits Bottom Panel,Yes 25 Envelopes A6
Majestic,Silk,6 x 9,Horizontal,Rectangle,16PT C2S,No Coating,Silk,n/a,4/1,25,Score in Half,Moon Slits Right Panel,Yes 25 Envelopes A6
Majestic,Silk,6 x 9,Horizontal,Rectangle,16PT C2S,No Coating,Silk,n/a,4/4,25,Score in Half,Moon Slits Right Panel,Yes 25 Envelopes A6
Majestic,Silk,6 x 9,Vertical,Rectangle,16PT C2S,No Coating,Silk,n/a,4/4,25,Score in Half,Moon Slits Right Panel,Yes 25 Envelopes A6
Majestic,Silk,6 x 9,Vertical,Rectangle,16PT C2S,No Coating,Silk,n/a,4/1,25,Score in Half,Moon Slits Right Panel,Yes 25 Envelopes A6
Majestic,Silk,6 x 9,Horizontal,Rectangle,16PT C2S,No Coating,Silk,n/a,4/0,50,Score in Half,Moon Slits Right Panel,Yes 25 Envelopes A6
Majestic,Silk,6 x 9,Vertical,Rectangle,16PT C2S,No Coating,Silk,n/a,4/0,50,Score in Half,Moon Slits Right Panel,Yes 25 Envelopes A6
Majestic,Silk,6 x 9,Horizontal,Rectangle,16PT C2S,No Coating,Silk,n/a,4/1,50,Score in Half,Moon Slits Right Panel,Yes 25 Envelopes A6
Majestic,Silk,6 x 9,Vertical,Rectangle,16PT C2S,No Coating,Silk,n/a,4/1,50,Score in Half,Moon Slits Right Panel,Yes 25 Envelopes A6
Majestic,Silk,6 x 9,Horizontal,Rectangle,16PT C2S,No Coating,Silk,n/a,4/4,50,Score in Half,Moon Slits Right Panel,Yes 25 Envelopes A6
Majestic,Silk,6 x 9,Vertical,Rectangle,16PT C2S,No Coating,Silk,n/a,4/4,50,Score in Half,Moon Slits Right Panel,Yes 25 Envelopes A6
Majestic,Silk,6 x 9,Vertical,Rectangle,16PT C2S,No Coating,Silk,n/a,4/0,75,Score in Half,Moon Slits Right Panel,Yes 25 Envelopes A6
Majestic,Silk,6 x 9,Horizontal,Rectangle,16PT C2S,No Coating,Silk,n/a,4/0,75,Score in Half,Moon Slits Right Panel,Yes 25 Envelopes A6
Majestic,Silk,6 x 9,Horizontal,Rectangle,16PT C2S,No Coating,Silk,n/a,4/1,75,Score in Half,Moon Slits Right Panel,Yes 25 Envelopes A6
Majestic,Silk,6 x 9,Vertical,Rectangle,16PT C2S,No Coating,Silk,n/a,4/1,75,Score in Half,Moon Slits Right Panel,Yes 25 Envelopes A6
Majestic,Silk,6 x 9,Vertical,Rectangle,16PT C2S,No Coating,Silk,n/a,4/0,2500,Score in Half,Moon Slits Bottom Panel,No Blank Envelopes
Majestic,Silk,6 x 9,Vertical,Rectangle,16PT C2S,No Coating,Silk,n/a,4/4,75,Score in Half,Moon Slits Right Panel,Yes 25 Envelopes A6
Majestic,Silk,6 x 9,Horizontal,Rectangle,16PT C2S,No Coating,Silk,n/a,4/0,100,Score in Half,Moon Slits Right Panel,Yes 25 Envelopes A6
Majestic,Silk,6 x 9,Horizontal,Rectangle,16PT C2S,No Coating,Silk,n/a,4/1,100,Score in Half,Moon Slits Right Panel,Yes 25 Envelopes A6
Majestic,Silk,6 x 9,Vertical,Rectangle,16PT C2S,No Coating,Silk,n/a,4/1,100,Score in Half,Moon Slits Right Panel,Yes 25 Envelopes A6
Majestic,Silk,6 x 9,Horizontal,Rectangle,16PT C2S,No Coating,Silk,n/a,4/4,100,Score in Half,Moon Slits Right Panel,Yes 25 Envelopes A6
Majestic,Silk,6 x 9,Vertical,Rectangle,16PT C2S,No Coating,Silk,n/a,4/4,100,Score in Half,Moon Slits Right Panel,Yes 25 Envelopes A6
Majestic,Silk,6 x 9,Vertical,Rectangle,16PT C2S,No Coating,Silk,n/a,4/0,100,Score in Half,Moon Slits Right Panel,Yes 25 Envelopes A6
Majestic,Silk,6 x 9,Horizontal,Rectangle,16PT C2S,No Coating,Silk,n/a,4/0,250,Score in Half,Moon Slits Right Panel,Yes 25 Envelopes A6
Majestic,Silk,6 x 9,Vertical,Rectangle,16PT C2S,No Coating,Silk,n/a,4/0,250,Score in Half,Moon Slits Right Panel,Yes 25 Envelopes A6
Majestic,Silk,6 x 9,Horizontal,Rectangle,16PT C2S,No Coating,Silk,n/a,4/1,250,Score in Half,Moon Slits Right Panel,Yes 25 Envelopes A6
Majestic,Silk,6 x 9,Vertical,Rectangle,16PT C2S,No Coating,Silk,n/a,4/1,250,Score in Half,Moon Slits Right Panel,Yes 25 Envelopes A6
Majestic,Silk,6 x 9,Horizontal,Rectangle,16PT C2S,No Coating,Silk,n/a,4/4,250,Score in Half,Moon Slits Right Panel,Yes 25 Envelopes A6
Majestic,Silk,6 x 9,Vertical,Rectangle,16PT C2S,No Coating,Silk,n/a,4/4,250,Score in Half,Moon Slits Right Panel,Yes 25 Envelopes A6
Majestic,Silk,6 x 9,Horizontal,Rectangle,16PT C2S,No Coating,Silk,n/a,4/0,500,Score in Half,Moon Slits Right Panel,Yes 25 Envelopes A6
Majestic,Silk,6 x 9,Vertical,Rectangle,16PT C2S,No Coating,Silk,n/a,4/0,500,Score in Half,Moon Slits Right Panel,Yes 25 Envelopes A6
Majestic,Silk,6 x 9,Horizontal,Rectangle,16PT C2S,No Coating,Silk,n/a,4/1,500,Score in Half,Moon Slits Right Panel,Yes 25 Envelopes A6
Majestic,Silk,6 x 9,Vertical,Rectangle,16PT C2S,No Coating,Silk,n/a,4/1,500,Score in Half,Moon Slits Right Panel,Yes 25 Envelopes A6
Majestic,Silk,6 x 9,Horizontal,Rectangle,16PT C2S,No Coating,Silk,n/a,4/4,500,Score in Half,Moon Slits Right Panel,Yes 25 Envelopes A6
Majestic,Silk,6 x 9,Vertical,Rectangle,16PT C2S,No Coating,Silk,n/a,4/4,500,Score in Half,Moon Slits Right Panel,Yes 25 Envelopes A6
Majestic,Silk,6 x 9,Vertical,Rectangle,16PT C2S,No Coating,Silk,n/a,4/0,1000,Score in Half,Moon Slits Right Panel,Yes 25 Envelopes A6
Majestic,Silk,6 x 9,Horizontal,Rectangle,16PT C2S,No Coating,Silk,n/a,4/0,1000,Score in Half,Moon Slits Right Panel,Yes 25 Envelopes A6
Majestic,Silk,6 x 9,Horizontal,Rectangle,16PT C2S,No Coating,Silk,n/a,4/1,1000,Score in Half,Moon Slits Right Panel,Yes 25 Envelopes A6
Majestic,Silk,6 x 9,Vertical,Rectangle,16PT C2S,No Coating,Silk,n/a,4/1,1000,Score in Half,Moon Slits Right Panel,Yes 25 Envelopes A6
Majestic,Silk,6 x 9,Horizontal,Rectangle,16PT C2S,No Coating,Silk,n/a,4/4,1000,Score in Half,Moon Slits Right Panel,Yes 25 Envelopes A6
Majestic,Silk,6 x 9,Vertical,Rectangle,16PT C2S,No Coating,Silk,n/a,4/4,1000,Score in Half,Moon Slits Right Panel,Yes 25 Envelopes A6
Majestic,Silk,6 x 9,Horizontal,Rectangle,16PT C2S,No Coating,Silk,n/a,4/0,2500,Score in Half,Moon Slits Right Panel,Yes 25 Envelopes A6
Majestic,Silk,6 x 9,Vertical,Rectangle,16PT C2S,No Coating,Silk,n/a,4/0,2500,Score in Half,Moon Slits Right Panel,Yes 25 Envelopes A6
Majestic,Silk,6 x 9,Horizontal,Rectangle,16PT C2S,No Coating,Silk,n/a,4/1,2500,Score in Half,Moon Slits Right Panel,Yes 25 Envelopes A6
Majestic,Silk,6 x 9,Horizontal,Rectangle,16PT C2S,No Coating,Silk,n/a,4/0,1000,Score in Half,Slide Slits Right Panel,No Blank Envelopes
Majestic,Silk,6 x 9,Horizontal,Rectangle,16PT C2S,No Coating,Silk,n/a,4/4,2500,Score in Half,Moon Slits Right Panel,Yes 25 Envelopes A6
Majestic,Silk,6 x 9,Vertical,Rectangle,16PT C2S,No Coating,Silk,n/a,4/4,2500,Score in Half,Moon Slits Right Panel,Yes 25 Envelopes A6
Majestic,Silk,6 x 9,Horizontal,Rectangle,16PT C2S,No Coating,Silk,n/a,4/0,5000,Score in Half,Moon Slits Right Panel,Yes 25 Envelopes A6
Majestic,Silk,6 x 9,Vertical,Rectangle,16PT C2S,No Coating,Silk,n/a,4/0,5000,Score in Half,Moon Slits Right Panel,Yes 25 Envelopes A6
Majestic,Silk,6 x 9,Horizontal,Rectangle,16PT C2S,No Coating,Silk,n/a,4/1,5000,Score in Half,Moon Slits Right Panel,Yes 25 Envelopes A6
Majestic,Silk,6 x 9,Vertical,Rectangle,16PT C2S,No Coating,Silk,n/a,4/1,5000,Score in Half,Moon Slits Right Panel,Yes 25 Envelopes A6
Majestic,Silk,6 x 9,Horizontal,Rectangle,16PT C2S,No Coating,Silk,n/a,4/4,5000,Score in Half,Moon Slits Right Panel,Yes 25 Envelopes A6
Majestic,Silk,6 x 9,Vertical,Rectangle,16PT C2S,No Coating,Silk,n/a,4/4,5000,Score in Half,Moon Slits Right Panel,Yes 25 Envelopes A6
Majestic,Silk,6 x 9,Horizontal,Rectangle,16PT C2S,No Coating,Silk,n/a,4/0,10000,Score in Half,Moon Slits Right Panel,Yes 25 Envelopes A6
Majestic,Silk,6 x 9,Vertical,Rectangle,16PT C2S,No Coating,Silk,n/a,4/0,10000,Score in Half,Moon Slits Right Panel,Yes 25 Envelopes A6
Majestic,Silk,6 x 9,Horizontal,Rectangle,16PT C2S,No Coating,Silk,n/a,4/1,10000,Score in Half,Moon Slits Right Panel,Yes 25 Envelopes A6
Majestic,Silk,6 x 9,Vertical,Rectangle,16PT C2S,No Coating,Silk,n/a,4/1,10000,Score in Half,Moon Slits Right Panel,Yes 25 Envelopes A6
Majestic,Silk,6 x 9,Horizontal,Rectangle,16PT C2S,No Coating,Silk,n/a,4/4,10000,Score in Half,Moon Slits Right Panel,Yes 25 Envelopes A6
Majestic,Silk,6 x 9,Vertical,Rectangle,16PT C2S,No Coating,Silk,n/a,4/4,10000,Score in Half,Moon Slits Right Panel,Yes 25 Envelopes A6
Majestic,Silk,6 x 9,Horizontal,Rectangle,16PT C2S,No Coating,Silk,n/a,4/0,25,Score in Half,No Gift Cards Slits,Yes 25 Envelopes A6
Majestic,Silk,6 x 9,Vertical,Rectangle,16PT C2S,No Coating,Silk,n/a,4/0,25,Score in Half,No Gift Cards Slits,Yes 25 Envelopes A6
Majestic,Silk,6 x 9,Horizontal,Rectangle,16PT C2S,No Coating,Silk,n/a,4/1,25,Score in Half,No Gift Cards Slits,Yes 25 Envelopes A6
Majestic,Silk,6 x 9,Vertical,Rectangle,16PT C2S,No Coating,Silk,n/a,4/1,25,Score in Half,No Gift Cards Slits,Yes 25 Envelopes A6
Majestic,Silk,6 x 9,Horizontal,Rectangle,16PT C2S,No Coating,Silk,n/a,4/4,25,Score in Half,No Gift Cards Slits,Yes 25 Envelopes A6
Majestic,Silk,6 x 9,Horizontal,Rectangle,16PT C2S,No Coating,Silk,n/a,4/1,2500,Score in Half,Slide Slits Right Panel,No Blank Envelopes
Majestic,Silk,6 x 9,Horizontal,Rectangle,16PT C2S,No Coating,Silk,n/a,4/0,50,Score in Half,No Gift Cards Slits,Yes 25 Envelopes A6
Majestic,Silk,6 x 9,Horizontal,Rectangle,16PT C2S,No Coating,Silk,n/a,4/1,50,Score in Half,No Gift Cards Slits,Yes 25 Envelopes A6
Majestic,Silk,6 x 9,Vertical,Rectangle,16PT C2S,No Coating,Silk,n/a,4/0,50,Score in Half,No Gift Cards Slits,Yes 25 Envelopes A6
Majestic,Silk,6 x 9,Vertical,Rectangle,16PT C2S,No Coating,Silk,n/a,4/1,50,Score in Half,No Gift Cards Slits,Yes 25 Envelopes A6
Majestic,Silk,6 x 9,Horizontal,Rectangle,16PT C2S,No Coating,Silk,n/a,4/4,50,Score in Half,No Gift Cards Slits,Yes 25 Envelopes A6
Majestic,Silk,6 x 9,Vertical,Rectangle,16PT C2S,No Coating,Silk,n/a,4/4,50,Score in Half,No Gift Cards Slits,Yes 25 Envelopes A6
Majestic,Silk,6 x 9,Horizontal,Rectangle,16PT C2S,No Coating,Silk,n/a,4/0,75,Score in Half,No Gift Cards Slits,Yes 25 Envelopes A6
Majestic,Silk,6 x 9,Vertical,Rectangle,16PT C2S,No Coating,Silk,n/a,4/0,75,Score in Half,No Gift Cards Slits,Yes 25 Envelopes A6
Majestic,Silk,6 x 9,Horizontal,Rectangle,16PT C2S,No Coating,Silk,n/a,4/1,75,Score in Half,No Gift Cards Slits,Yes 25 Envelopes A6
Majestic,Silk,6 x 9,Vertical,Rectangle,16PT C2S,No Coating,Silk,n/a,4/1,75,Score in Half,No Gift Cards Slits,Yes 25 Envelopes A6
Majestic,Silk,6 x 9,Horizontal,Rectangle,16PT C2S,No Coating,Silk,n/a,4/4,75,Score in Half,No Gift Cards Slits,Yes 25 Envelopes A6
Majestic,Silk,6 x 9,Vertical,Rectangle,16PT C2S,No Coating,Silk,n/a,4/4,75,Score in Half,No Gift Cards Slits,Yes 25 Envelopes A6
Majestic,Silk,6 x 9,Horizontal,Rectangle,16PT C2S,No Coating,Silk,n/a,4/0,100,Score in Half,No Gift Cards Slits,Yes 25 Envelopes A6
Majestic,Silk,6 x 9,Vertical,Rectangle,16PT C2S,No Coating,Silk,n/a,4/0,100,Score in Half,No Gift Cards Slits,Yes 25 Envelopes A6
Majestic,Silk,6 x 9,Horizontal,Rectangle,16PT C2S,No Coating,Silk,n/a,4/1,100,Score in Half,No Gift Cards Slits,Yes 25 Envelopes A6
Majestic,Silk,6 x 9,Vertical,Rectangle,16PT C2S,No Coating,Silk,n/a,4/1,100,Score in Half,No Gift Cards Slits,Yes 25 Envelopes A6
Majestic,Silk,6 x 9,Horizontal,Rectangle,16PT C2S,No Coating,Silk,n/a,4/4,100,Score in Half,No Gift Cards Slits,Yes 25 Envelopes A6
Majestic,Silk,6 x 9,Vertical,Rectangle,16PT C2S,No Coating,Silk,n/a,4/4,100,Score in Half,No Gift Cards Slits,Yes 25 Envelopes A6
Majestic,Silk,6 x 9,Horizontal,Rectangle,16PT C2S,No Coating,Silk,n/a,4/0,250,Score in Half,No Gift Cards Slits,Yes 25 Envelopes A6
Majestic,Silk,6 x 9,Vertical,Rectangle,16PT C2S,No Coating,Silk,n/a,4/0,250,Score in Half,No Gift Cards Slits,Yes 25 Envelopes A6
Majestic,Silk,6 x 9,Horizontal,Rectangle,16PT C2S,No Coating,Silk,n/a,4/4,250,Score in Half,No Gift Cards Slits,Yes 25 Envelopes A6
Majestic,Silk,6 x 9,Vertical,Rectangle,16PT C2S,No Coating,Silk,n/a,4/1,250,Score in Half,No Gift Cards Slits,Yes 25 Envelopes A6
Majestic,Silk,6 x 9,Horizontal,Rectangle,16PT C2S,No Coating,Silk,n/a,4/0,500,Score in Half,No Gift Cards Slits,Yes 25 Envelopes A6
Majestic,Silk,6 x 9,Vertical,Rectangle,16PT C2S,No Coating,Silk,n/a,4/4,250,Score in Half,No Gift Cards Slits,Yes 25 Envelopes A6
Majestic,Silk,6 x 9,Vertical,Rectangle,16PT C2S,No Coating,Silk,n/a,4/0,500,Score in Half,No Gift Cards Slits,Yes 25 Envelopes A6
Majestic,Silk,6 x 9,Horizontal,Rectangle,16PT C2S,No Coating,Silk,n/a,4/1,500,Score in Half,No Gift Cards Slits,Yes 25 Envelopes A6
Majestic,Silk,6 x 9,Vertical,Rectangle,16PT C2S,No Coating,Silk,n/a,4/1,500,Score in Half,No Gift Cards Slits,Yes 25 Envelopes A6
Majestic,Silk,6 x 9,Horizontal,Rectangle,16PT C2S,No Coating,Silk,n/a,4/1,250,Score in Half,No Gift Cards Slits,Yes 25 Envelopes A6
Majestic,Silk,6 x 9,Horizontal,Rectangle,16PT C2S,No Coating,Silk,n/a,4/4,500,Score in Half,No Gift Cards Slits,Yes 25 Envelopes A6
Majestic,Silk,6 x 9,Horizontal,Rectangle,16PT C2S,No Coating,Silk,n/a,4/0,1000,Score in Half,No Gift Cards Slits,Yes 25 Envelopes A6
Majestic,Silk,6 x 9,Vertical,Rectangle,16PT C2S,No Coating,Silk,n/a,4/4,500,Score in Half,No Gift Cards Slits,Yes 25 Envelopes A6
Majestic,Silk,6 x 9,Horizontal,Rectangle,16PT C2S,No Coating,Silk,n/a,4/1,1000,Score in Half,No Gift Cards Slits,Yes 25 Envelopes A6
Majestic,Silk,6 x 9,Vertical,Rectangle,16PT C2S,No Coating,Silk,n/a,4/1,1000,Score in Half,No Gift Cards Slits,Yes 25 Envelopes A6
Majestic,Silk,6 x 9,Horizontal,Rectangle,16PT C2S,No Coating,Silk,n/a,4/4,1000,Score in Half,No Gift Cards Slits,Yes 25 Envelopes A6
Majestic,Silk,6 x 9,Vertical,Rectangle,16PT C2S,No Coating,Silk,n/a,4/4,1000,Score in Half,No Gift Cards Slits,Yes 25 Envelopes A6
Majestic,Silk,6 x 9,Horizontal,Rectangle,16PT C2S,No Coating,Silk,n/a,4/0,2500,Score in Half,No Gift Cards Slits,Yes 25 Envelopes A6
Majestic,Silk,6 x 9,Vertical,Rectangle,16PT C2S,No Coating,Silk,n/a,4/0,2500,Score in Half,No Gift Cards Slits,Yes 25 Envelopes A6
Majestic,Silk,6 x 9,Horizontal,Rectangle,16PT C2S,No Coating,Silk,n/a,4/1,2500,Score in Half,No Gift Cards Slits,Yes 25 Envelopes A6
Majestic,Silk,6 x 9,Vertical,Rectangle,16PT C2S,No Coating,Silk,n/a,4/1,2500,Score in Half,No Gift Cards Slits,Yes 25 Envelopes A6
Majestic,Silk,6 x 9,Horizontal,Rectangle,16PT C2S,No Coating,Silk,n/a,4/4,2500,Score in Half,No Gift Cards Slits,Yes 25 Envelopes A6
Majestic,Silk,6 x 9,Vertical,Rectangle,16PT C2S,No Coating,Silk,n/a,4/4,2500,Score in Half,No Gift Cards Slits,Yes 25 Envelopes A6
Majestic,Silk,6 x 9,Horizontal,Rectangle,16PT C2S,No Coating,Silk,n/a,4/0,5000,Score in Half,No Gift Cards Slits,Yes 25 Envelopes A6
Majestic,Silk,6 x 9,Vertical,Rectangle,16PT C2S,No Coating,Silk,n/a,4/0,5000,Score in Half,No Gift Cards Slits,Yes 25 Envelopes A6
Majestic,Silk,6 x 9,Vertical,Rectangle,16PT C2S,No Coating,Silk,n/a,4/0,1000,Score in Half,No Gift Cards Slits,Yes 25 Envelopes A6
Majestic,Silk,6 x 9,Horizontal,Rectangle,16PT C2S,No Coating,Silk,n/a,4/4,5000,Score in Half,No Gift Cards Slits,Yes 25 Envelopes A6
Majestic,Silk,6 x 9,Horizontal,Rectangle,16PT C2S,No Coating,Silk,n/a,4/1,5000,Score in Half,No Gift Cards Slits,Yes 25 Envelopes A6
Majestic,Silk,6 x 9,Horizontal,Rectangle,16PT C2S,No Coating,Silk,n/a,4/0,10000,Score in Half,No Gift Cards Slits,Yes 25 Envelopes A6
Majestic,Silk,6 x 9,Vertical,Rectangle,16PT C2S,No Coating,Silk,n/a,4/0,10000,Score in Half,No Gift Cards Slits,Yes 25 Envelopes A6
Majestic,Silk,6 x 9,Vertical,Rectangle,16PT C2S,No Coating,Silk,n/a,4/4,5000,Score in Half,No Gift Cards Slits,Yes 25 Envelopes A6
Majestic,Silk,6 x 9,Vertical,Rectangle,16PT C2S,No Coating,Silk,n/a,4/1,10000,Score in Half,No Gift Cards Slits,Yes 25 Envelopes A6
Majestic,Silk,6 x 9,Horizontal,Rectangle,16PT C2S,No Coating,Silk,n/a,4/1,10000,Score in Half,No Gift Cards Slits,Yes 25 Envelopes A6
Majestic,Silk,6 x 9,Horizontal,Rectangle,16PT C2S,No Coating,Silk,n/a,4/4,10000,Score in Half,No Gift Cards Slits,Yes 25 Envelopes A6
Majestic,Silk,6 x 9,Vertical,Rectangle,16PT C2S,No Coating,Silk,n/a,4/4,10000,Score in Half,No Gift Cards Slits,Yes 25 Envelopes A6
Majestic,Silk,6 x 9,Horizontal,Rectangle,16PT C2S,No Coating,Silk,n/a,4/0,25,Score in Half,Slide Slits Bottom Panel,Yes 25 Envelopes A6
Majestic,Silk,6 x 9,Vertical,Rectangle,16PT C2S,No Coating,Silk,n/a,4/0,25,Score in Half,Slide Slits Bottom Panel,Yes 25 Envelopes A6
Majestic,Silk,6 x 9,Horizontal,Rectangle,16PT C2S,No Coating,Silk,n/a,4/1,25,Score in Half,Slide Slits Bottom Panel,Yes 25 Envelopes A6
Majestic,Silk,6 x 9,Vertical,Rectangle,16PT C2S,No Coating,Silk,n/a,4/1,25,Score in Half,Slide Slits Bottom Panel,Yes 25 Envelopes A6
Majestic,Silk,6 x 9,Vertical,Rectangle,16PT C2S,No Coating,Silk,n/a,4/1,5000,Score in Half,No Gift Cards Slits,Yes 25 Envelopes A6
Majestic,Silk,6 x 9,Vertical,Rectangle,16PT C2S,No Coating,Silk,n/a,4/4,25,Score in Half,Slide Slits Bottom Panel,Yes 25 Envelopes A6
Majestic,Silk,6 x 9,Horizontal,Rectangle,16PT C2S,No Coating,Silk,n/a,4/4,25,Score in Half,Slide Slits Bottom Panel,Yes 25 Envelopes A6
Majestic,Silk,6 x 9,Horizontal,Rectangle,16PT C2S,No Coating,Silk,n/a,4/0,50,Score in Half,Slide Slits Bottom Panel,Yes 25 Envelopes A6
Majestic,Silk,6 x 9,Vertical,Rectangle,16PT C2S,No Coating,Silk,n/a,4/0,50,Score in Half,Slide Slits Bottom Panel,Yes 25 Envelopes A6
Majestic,Silk,6 x 9,Horizontal,Rectangle,16PT C2S,No Coating,Silk,n/a,4/1,50,Score in Half,Slide Slits Bottom Panel,Yes 25 Envelopes A6
Majestic,Silk,6 x 9,Horizontal,Rectangle,16PT C2S,No Coating,Silk,n/a,4/4,50,Score in Half,Slide Slits Bottom Panel,Yes 25 Envelopes A6
Majestic,Silk,6 x 9,Horizontal,Rectangle,16PT C2S,No Coating,Silk,n/a,4/0,75,Score in Half,Slide Slits Bottom Panel,Yes 25 Envelopes A6
Majestic,Silk,6 x 9,Vertical,Rectangle,16PT C2S,No Coating,Silk,n/a,4/4,50,Score in Half,Slide Slits Bottom Panel,Yes 25 Envelopes A6
Majestic,Silk,6 x 9,Vertical,Rectangle,16PT C2S,No Coating,Silk,n/a,4/1,50,Score in Half,Slide Slits Bottom Panel,Yes 25 Envelopes A6
Majestic,Silk,6 x 9,Horizontal,Rectangle,16PT C2S,No Coating,Silk,n/a,4/1,75,Score in Half,Slide Slits Bottom Panel,Yes 25 Envelopes A6
Majestic,Silk,6 x 9,Vertical,Rectangle,16PT C2S,No Coating,Silk,n/a,4/1,75,Score in Half,Slide Slits Bottom Panel,Yes 25 Envelopes A6
Majestic,Silk,6 x 9,Horizontal,Rectangle,16PT C2S,No Coating,Silk,n/a,4/4,75,Score in Half,Slide Slits Bottom Panel,Yes 25 Envelopes A6
Majestic,Silk,6 x 9,Vertical,Rectangle,16PT C2S,No Coating,Silk,n/a,4/0,75,Score in Half,Slide Slits Bottom Panel,Yes 25 Envelopes A6
Majestic,Silk,6 x 9,Horizontal,Rectangle,16PT C2S,No Coating,Silk,n/a,4/0,100,Score in Half,Slide Slits Bottom Panel,Yes 25 Envelopes A6
Majestic,Silk,6 x 9,Vertical,Rectangle,16PT C2S,No Coating,Silk,n/a,4/0,100,Score in Half,Slide Slits Bottom Panel,Yes 25 Envelopes A6
Majestic,Silk,6 x 9,Vertical,Rectangle,16PT C2S,No Coating,Silk,n/a,4/4,75,Score in Half,Slide Slits Bottom Panel,Yes 25 Envelopes A6
Majestic,Silk,6 x 9,Vertical,Rectangle,16PT C2S,No Coating,Silk,n/a,4/1,100,Score in Half,Slide Slits Bottom Panel,Yes 25 Envelopes A6
Majestic,Silk,6 x 9,Horizontal,Rectangle,16PT C2S,No Coating,Silk,n/a,4/4,100,Score in Half,Slide Slits Bottom Panel,Yes 25 Envelopes A6
Majestic,Silk,6 x 9,Horizontal,Rectangle,16PT C2S,No Coating,Silk,n/a,4/1,100,Score in Half,Slide Slits Bottom Panel,Yes 25 Envelopes A6
Majestic,Silk,6 x 9,Vertical,Rectangle,16PT C2S,No Coating,Silk,n/a,4/0,250,Score in Half,Slide Slits Bottom Panel,Yes 25 Envelopes A6
Majestic,Silk,6 x 9,Horizontal,Rectangle,16PT C2S,No Coating,Silk,n/a,4/0,250,Score in Half,Slide Slits Bottom Panel,Yes 25 Envelopes A6
Majestic,Silk,6 x 9,Vertical,Rectangle,16PT C2S,No Coating,Silk,n/a,4/1,250,Score in Half,Slide Slits Bottom Panel,Yes 25 Envelopes A6
Majestic,Silk,6 x 9,Horizontal,Rectangle,16PT C2S,No Coating,Silk,n/a,4/1,250,Score in Half,Slide Slits Bottom Panel,Yes 25 Envelopes A6
Majestic,Silk,6 x 9,Horizontal,Rectangle,16PT C2S,No Coating,Silk,n/a,4/4,250,Score in Half,Slide Slits Bottom Panel,Yes 25 Envelopes A6
Majestic,Silk,6 x 9,Vertical,Rectangle,16PT C2S,No Coating,Silk,n/a,4/4,250,Score in Half,Slide Slits Bottom Panel,Yes 25 Envelopes A6
Majestic,Silk,6 x 9,Vertical,Rectangle,16PT C2S,No Coating,Silk,n/a,4/0,500,Score in Half,Slide Slits Bottom Panel,Yes 25 Envelopes A6
Majestic,Silk,6 x 9,Horizontal,Rectangle,16PT C2S,No Coating,Silk,n/a,4/0,500,Score in Half,Slide Slits Bottom Panel,Yes 25 Envelopes A6
Majestic,Silk,6 x 9,Horizontal,Rectangle,16PT C2S,No Coating,Silk,n/a,4/1,500,Score in Half,Slide Slits Bottom Panel,Yes 25 Envelopes A6
Majestic,Silk,6 x 9,Vertical,Rectangle,16PT C2S,No Coating,Silk,n/a,4/4,100,Score in Half,Slide Slits Bottom Panel,Yes 25 Envelopes A6
Majestic,Silk,6 x 9,Vertical,Rectangle,16PT C2S,No Coating,Silk,n/a,4/4,500,Score in Half,Slide Slits Bottom Panel,Yes 25 Envelopes A6
Majestic,Silk,6 x 9,Vertical,Rectangle,16PT C2S,No Coating,Silk,n/a,4/1,500,Score in Half,Slide Slits Bottom Panel,Yes 25 Envelopes A6
Majestic,Silk,6 x 9,Horizontal,Rectangle,16PT C2S,No Coating,Silk,n/a,4/4,500,Score in Half,Slide Slits Bottom Panel,Yes 25 Envelopes A6
Majestic,Silk,6 x 9,Horizontal,Rectangle,16PT C2S,No Coating,Silk,n/a,4/0,1000,Score in Half,Slide Slits Bottom Panel,Yes 25 Envelopes A6
Majestic,Silk,6 x 9,Horizontal,Rectangle,16PT C2S,No Coating,Silk,n/a,4/4,1000,Score in Half,Slide Slits Bottom Panel,Yes 25 Envelopes A6
Majestic,Silk,6 x 9,Vertical,Rectangle,16PT C2S,No Coating,Silk,n/a,4/1,1000,Score in Half,Slide Slits Bottom Panel,Yes 25 Envelopes A6
Majestic,Silk,6 x 9,Vertical,Rectangle,16PT C2S,No Coating,Silk,n/a,4/0,1000,Score in Half,Slide Slits Bottom Panel,Yes 25 Envelopes A6
Majestic,Silk,6 x 9,Horizontal,Rectangle,16PT C2S,No Coating,Silk,n/a,4/1,1000,Score in Half,Slide Slits Bottom Panel,Yes 25 Envelopes A6
Majestic,Silk,6 x 9,Vertical,Rectangle,16PT C2S,No Coating,Silk,n/a,4/4,1000,Score in Half,Slide Slits Bottom Panel,Yes 25 Envelopes A6
Majestic,Silk,6 x 9,Horizontal,Rectangle,16PT C2S,No Coating,Silk,n/a,4/0,2500,Score in Half,Slide Slits Bottom Panel,Yes 25 Envelopes A6
Majestic,Silk,6 x 9,Vertical,Rectangle,16PT C2S,No Coating,Silk,n/a,4/1,2500,Score in Half,Slide Slits Bottom Panel,Yes 25 Envelopes A6
Majestic,Silk,6 x 9,Horizontal,Rectangle,16PT C2S,No Coating,Silk,n/a,4/1,2500,Score in Half,Slide Slits Bottom Panel,Yes 25 Envelopes A6
Majestic,Silk,6 x 9,Vertical,Rectangle,16PT C2S,No Coating,Silk,n/a,4/0,2500,Score in Half,Slide Slits Bottom Panel,Yes 25 Envelopes A6
Majestic,Silk,6 x 9,Vertical,Rectangle,16PT C2S,No Coating,Silk,n/a,4/4,2500,Score in Half,Slide Slits Bottom Panel,Yes 25 Envelopes A6
Majestic,Silk,6 x 9,Horizontal,Rectangle,16PT C2S,No Coating,Silk,n/a,4/4,2500,Score in Half,Slide Slits Bottom Panel,Yes 25 Envelopes A6
Majestic,Silk,6 x 9,Horizontal,Rectangle,16PT C2S,No Coating,Silk,n/a,4/0,5000,Score in Half,Slide Slits Bottom Panel,Yes 25 Envelopes A6
Majestic,Silk,6 x 9,Horizontal,Rectangle,16PT C2S,No Coating,Silk,n/a,4/1,5000,Score in Half,Slide Slits Bottom Panel,Yes 25 Envelopes A6
Majestic,Silk,6 x 9,Vertical,Rectangle,16PT C2S,No Coating,Silk,n/a,4/4,5000,Score in Half,Slide Slits Bottom Panel,Yes 25 Envelopes A6
Majestic,Silk,6 x 9,Vertical,Rectangle,16PT C2S,No Coating,Silk,n/a,4/1,5000,Score in Half,Slide Slits Bottom Panel,Yes 25 Envelopes A6
Majestic,Silk,6 x 9,Vertical,Rectangle,16PT C2S,No Coating,Silk,n/a,4/0,5000,Score in Half,Slide Slits Bottom Panel,Yes 25 Envelopes A6
Majestic,Silk,6 x 9,Horizontal,Rectangle,16PT C2S,No Coating,Silk,n/a,4/4,5000,Score in Half,Slide Slits Bottom Panel,Yes 25 Envelopes A6
Majestic,Silk,6 x 9,Horizontal,Rectangle,16PT C2S,No Coating,Silk,n/a,4/0,10000,Score in Half,Slide Slits Bottom Panel,Yes 25 Envelopes A6
Majestic,Silk,6 x 9,Vertical,Rectangle,16PT C2S,No Coating,Silk,n/a,4/0,10000,Score in Half,Slide Slits Bottom Panel,Yes 25 Envelopes A6
Majestic,Silk,6 x 9,Horizontal,Rectangle,16PT C2S,No Coating,Silk,n/a,4/1,10000,Score in Half,Slide Slits Bottom Panel,Yes 25 Envelopes A6
Majestic,Silk,6 x 9,Horizontal,Rectangle,16PT C2S,No Coating,Silk,n/a,4/4,10000,Score in Half,Slide Slits Bottom Panel,Yes 25 Envelopes A6
Majestic,Silk,6 x 9,Vertical,Rectangle,16PT C2S,No Coating,Silk,n/a,4/1,10000,Score in Half,Slide Slits Bottom Panel,Yes 25 Envelopes A6
Majestic,Silk,6 x 9,Vertical,Rectangle,16PT C2S,No Coating,Silk,n/a,4/4,10000,Score in Half,Slide Slits Bottom Panel,Yes 25 Envelopes A6
Majestic,Silk,6 x 9,Vertical,Rectangle,16PT C2S,No Coating,Silk,n/a,4/0,25,Score in Half,Slide Slits Right Panel,Yes 25 Envelopes A6
Majestic,Silk,6 x 9,Horizontal,Rectangle,16PT C2S,No Coating,Silk,n/a,4/0,25,Score in Half,Slide Slits Right Panel,Yes 25 Envelopes A6
Majestic,Silk,6 x 9,Vertical,Rectangle,16PT C2S,No Coating,Silk,n/a,4/1,25,Score in Half,Slide Slits Right Panel,Yes 25 Envelopes A6
Majestic,Silk,6 x 9,Horizontal,Rectangle,16PT C2S,No Coating,Silk,n/a,4/1,25,Score in Half,Slide Slits Right Panel,Yes 25 Envelopes A6
Majestic,Silk,6 x 9,Horizontal,Rectangle,16PT C2S,No Coating,Silk,n/a,4/4,25,Score in Half,Slide Slits Right Panel,Yes 25 Envelopes A6
Majestic,Silk,6 x 9,Vertical,Rectangle,16PT C2S,No Coating,Silk,n/a,4/4,25,Score in Half,Slide Slits Right Panel,Yes 25 Envelopes A6
Majestic,Silk,6 x 9,Vertical,Rectangle,16PT C2S,No Coating,Silk,n/a,4/0,50,Score in Half,Slide Slits Right Panel,Yes 25 Envelopes A6
Majestic,Silk,6 x 9,Horizontal,Rectangle,16PT C2S,No Coating,Silk,n/a,4/1,50,Score in Half,Slide Slits Right Panel,Yes 25 Envelopes A6
Majestic,Silk,6 x 9,Vertical,Rectangle,16PT C2S,No Coating,Silk,n/a,4/1,50,Score in Half,Slide Slits Right Panel,Yes 25 Envelopes A6
Majestic,Silk,6 x 9,Vertical,Rectangle,16PT C2S,No Coating,Silk,n/a,4/4,50,Score in Half,Slide Slits Right Panel,Yes 25 Envelopes A6
Majestic,Silk,6 x 9,Horizontal,Rectangle,16PT C2S,No Coating,Silk,n/a,4/4,50,Score in Half,Slide Slits Right Panel,Yes 25 Envelopes A6
Majestic,Silk,6 x 9,Vertical,Rectangle,16PT C2S,No Coating,Silk,n/a,4/0,75,Score in Half,Slide Slits Right Panel,Yes 25 Envelopes A6
Majestic,Silk,6 x 9,Horizontal,Rectangle,16PT C2S,No Coating,Silk,n/a,4/0,75,Score in Half,Slide Slits Right Panel,Yes 25 Envelopes A6
Majestic,Silk,6 x 9,Vertical,Rectangle,16PT C2S,No Coating,Silk,n/a,4/1,75,Score in Half,Slide Slits Right Panel,Yes 25 Envelopes A6
Majestic,Silk,6 x 9,Horizontal,Rectangle,16PT C2S,No Coating,Silk,n/a,4/1,75,Score in Half,Slide Slits Right Panel,Yes 25 Envelopes A6
Majestic,Silk,6 x 9,Horizontal,Rectangle,16PT C2S,No Coating,Silk,n/a,4/4,75,Score in Half,Slide Slits Right Panel,Yes 25 Envelopes A6
Majestic,Silk,6 x 9,Vertical,Rectangle,16PT C2S,No Coating,Silk,n/a,4/4,75,Score in Half,Slide Slits Right Panel,Yes 25 Envelopes A6
Majestic,Silk,6 x 9,Vertical,Rectangle,16PT C2S,No Coating,Silk,n/a,4/0,100,Score in Half,Slide Slits Right Panel,Yes 25 Envelopes A6
Majestic,Silk,6 x 9,Horizontal,Rectangle,16PT C2S,No Coating,Silk,n/a,4/0,100,Score in Half,Slide Slits Right Panel,Yes 25 Envelopes A6
Majestic,Silk,6 x 9,Horizontal,Rectangle,16PT C2S,No Coating,Silk,n/a,4/0,50,Score in Half,Slide Slits Right Panel,Yes 25 Envelopes A6
Majestic,Silk,6 x 9,Horizontal,Rectangle,16PT C2S,No Coating,Silk,n/a,4/1,100,Score in Half,Slide Slits Right Panel,Yes 25 Envelopes A6
Majestic,Silk,6 x 9,Vertical,Rectangle,16PT C2S,No Coating,Silk,n/a,4/1,100,Score in Half,Slide Slits Right Panel,Yes 25 Envelopes A6
Majestic,Silk,6 x 9,Horizontal,Rectangle,16PT C2S,No Coating,Silk,n/a,4/0,250,Score in Half,Slide Slits Right Panel,Yes 25 Envelopes A6
Majestic,Silk,6 x 9,Vertical,Rectangle,16PT C2S,No Coating,Silk,n/a,4/0,250,Score in Half,Slide Slits Right Panel,Yes 25 Envelopes A6
Majestic,Silk,6 x 9,Horizontal,Rectangle,16PT C2S,No Coating,Silk,n/a,4/4,100,Score in Half,Slide Slits Right Panel,Yes 25 Envelopes A6
Majestic,Silk,6 x 9,Horizontal,Rectangle,16PT C2S,No Coating,Silk,n/a,4/1,250,Score in Half,Slide Slits Right Panel,Yes 25 Envelopes A6
Majestic,Silk,6 x 9,Vertical,Rectangle,16PT C2S,No Coating,Silk,n/a,4/4,100,Score in Half,Slide Slits Right Panel,Yes 25 Envelopes A6
Majestic,Silk,6 x 9,Vertical,Rectangle,16PT C2S,No Coating,Silk,n/a,4/1,250,Score in Half,Slide Slits Right Panel,Yes 25 Envelopes A6
Majestic,Silk,6 x 9,Vertical,Rectangle,16PT C2S,No Coating,Silk,n/a,4/4,250,Score in Half,Slide Slits Right Panel,Yes 25 Envelopes A6
Majestic,Silk,6 x 9,Horizontal,Rectangle,16PT C2S,No Coating,Silk,n/a,4/4,250,Score in Half,Slide Slits Right Panel,Yes 25 Envelopes A6
Majestic,Silk,6 x 9,Vertical,Rectangle,16PT C2S,No Coating,Silk,n/a,4/0,500,Score in Half,Slide Slits Right Panel,Yes 25 Envelopes A6
Majestic,Silk,6 x 9,Horizontal,Rectangle,16PT C2S,No Coating,Silk,n/a,4/0,500,Score in Half,Slide Slits Right Panel,Yes 25 Envelopes A6
Majestic,Silk,6 x 9,Horizontal,Rectangle,16PT C2S,No Coating,Silk,n/a,4/1,500,Score in Half,Slide Slits Right Panel,Yes 25 Envelopes A6
Majestic,Silk,6 x 9,Horizontal,Rectangle,16PT C2S,No Coating,Silk,n/a,4/4,500,Score in Half,Slide Slits Right Panel,Yes 25 Envelopes A6
Majestic,Silk,6 x 9,Vertical,Rectangle,16PT C2S,No Coating,Silk,n/a,4/4,500,Score in Half,Slide Slits Right Panel,Yes 25 Envelopes A6
Majestic,Silk,6 x 9,Vertical,Rectangle,16PT C2S,No Coating,Silk,n/a,4/1,500,Score in Half,Slide Slits Right Panel,Yes 25 Envelopes A6
Majestic,Silk,6 x 9,Horizontal,Rectangle,16PT C2S,No Coating,Silk,n/a,4/0,1000,Score in Half,Slide Slits Right Panel,Yes 25 Envelopes A6
Majestic,Silk,6 x 9,Vertical,Rectangle,16PT C2S,No Coating,Silk,n/a,4/0,1000,Score in Half,Slide Slits Right Panel,Yes 25 Envelopes A6
Majestic,Silk,6 x 9,Horizontal,Rectangle,16PT C2S,No Coating,Silk,n/a,4/1,1000,Score in Half,Slide Slits Right Panel,Yes 25 Envelopes A6
Majestic,Silk,6 x 9,Horizontal,Rectangle,16PT C2S,No Coating,Silk,n/a,4/4,1000,Score in Half,Slide Slits Right Panel,Yes 25 Envelopes A6
Majestic,Silk,6 x 9,Vertical,Rectangle,16PT C2S,No Coating,Silk,n/a,4/1,1000,Score in Half,Slide Slits Right Panel,Yes 25 Envelopes A6
Majestic,Silk,6 x 9,Vertical,Rectangle,16PT C2S,No Coating,Silk,n/a,4/4,25,Score in Half,No Gift Cards Slits,Yes 25 Envelopes A6
Majestic,Silk,6 x 9,Vertical,Rectangle,16PT C2S,No Coating,Silk,n/a,4/1,2500,Score in Half,Moon Slits Right Panel,Yes 25 Envelopes A6
Majestic,Silk,6 x 9,Vertical,Rectangle,16PT C2S,No Coating,Silk,n/a,4/0,2500,Score in Half,Slide Slits Right Panel,Yes 25 Envelopes A6
Majestic,Silk,6 x 9,Horizontal,Rectangle,16PT C2S,No Coating,Silk,n/a,4/1,2500,Score in Half,Slide Slits Right Panel,Yes 25 Envelopes A6
Majestic,Silk,6 x 9,Vertical,Rectangle,16PT C2S,No Coating,Silk,n/a,4/1,2500,Score in Half,Slide Slits Right Panel,Yes 25 Envelopes A6
Majestic,Silk,6 x 9,Horizontal,Rectangle,16PT C2S,No Coating,Silk,n/a,4/4,2500,Score in Half,Slide Slits Right Panel,Yes 25 Envelopes A6
Majestic,Silk,6 x 9,Vertical,Rectangle,16PT C2S,No Coating,Silk,n/a,4/4,2500,Score in Half,Slide Slits Right Panel,Yes 25 Envelopes A6
Majestic,Silk,6 x 9,Vertical,Rectangle,16PT C2S,No Coating,Silk,n/a,4/0,5000,Score in Half,Slide Slits Right Panel,Yes 25 Envelopes A6
Majestic,Silk,6 x 9,Horizontal,Rectangle,16PT C2S,No Coating,Silk,n/a,4/0,5000,Score in Half,Slide Slits Right Panel,Yes 25 Envelopes A6
Majestic,Silk,6 x 9,Horizontal,Rectangle,16PT C2S,No Coating,Silk,n/a,4/1,5000,Score in Half,Slide Slits Right Panel,Yes 25 Envelopes A6
Majestic,Silk,6 x 9,Vertical,Rectangle,16PT C2S,No Coating,Silk,n/a,4/1,5000,Score in Half,Slide Slits Right Panel,Yes 25 Envelopes A6
Majestic,Silk,6 x 9,Horizontal,Rectangle,16PT C2S,No Coating,Silk,n/a,4/4,5000,Score in Half,Slide Slits Right Panel,Yes 25 Envelopes A6
Majestic,Silk,6 x 9,Vertical,Rectangle,16PT C2S,No Coating,Silk,n/a,4/4,5000,Score in Half,Slide Slits Right Panel,Yes 25 Envelopes A6
Majestic,Silk,6 x 9,Vertical,Rectangle,16PT C2S,No Coating,Silk,n/a,4/0,10000,Score in Half,Slide Slits Right Panel,Yes 25 Envelopes A6
Majestic,Silk,6 x 9,Vertical,Rectangle,16PT C2S,No Coating,Silk,n/a,4/1,10000,Score in Half,Slide Slits Right Panel,Yes 25 Envelopes A6
Majestic,Silk,6 x 9,Horizontal,Rectangle,16PT C2S,No Coating,Silk,n/a,4/0,10000,Score in Half,Slide Slits Right Panel,Yes 25 Envelopes A6
Majestic,Silk,6 x 9,Horizontal,Rectangle,16PT C2S,No Coating,Silk,n/a,4/1,10000,Score in Half,Slide Slits Right Panel,Yes 25 Envelopes A6
Majestic,Silk,6 x 9,Horizontal,Rectangle,16PT C2S,No Coating,Silk,n/a,4/4,10000,Score in Half,Slide Slits Right Panel,Yes 25 Envelopes A6
Majestic,Silk,6 x 9,Vertical,Rectangle,16PT C2S,No Coating,Silk,n/a,4/4,10000,Score in Half,Slide Slits Right Panel,Yes 25 Envelopes A6
Majestic,Silk,6 x 9,Horizontal,Rectangle,16PT C2S,No Coating,Silk,n/a,4/1,25,Score in Half,Moon Slits Bottom Panel,Yes 50 Envelopes A6
Majestic,Silk,6 x 9,Vertical,Rectangle,16PT C2S,No Coating,Silk,n/a,4/0,25,Score in Half,Moon Slits Bottom Panel,Yes 50 Envelopes A6
Majestic,Silk,6 x 9,Horizontal,Rectangle,16PT C2S,No Coating,Silk,n/a,4/0,25,Score in Half,Moon Slits Bottom Panel,Yes 50 Envelopes A6
Majestic,Silk,6 x 9,Vertical,Rectangle,16PT C2S,No Coating,Silk,n/a,4/1,25,Score in Half,Moon Slits Bottom Panel,Yes 50 Envelopes A6
Majestic,Silk,6 x 9,Horizontal,Rectangle,16PT C2S,No Coating,Silk,n/a,4/4,25,Score in Half,Moon Slits Bottom Panel,Yes 50 Envelopes A6
Majestic,Silk,6 x 9,Vertical,Rectangle,16PT C2S,No Coating,Silk,n/a,4/4,25,Score in Half,Moon Slits Bottom Panel,Yes 50 Envelopes A6
Majestic,Silk,6 x 9,Horizontal,Rectangle,16PT C2S,No Coating,Silk,n/a,4/0,50,Score in Half,Moon Slits Bottom Panel,Yes 50 Envelopes A6
Majestic,Silk,6 x 9,Vertical,Rectangle,16PT C2S,No Coating,Silk,n/a,4/0,50,Score in Half,Moon Slits Bottom Panel,Yes 50 Envelopes A6
Majestic,Silk,6 x 9,Horizontal,Rectangle,16PT C2S,No Coating,Silk,n/a,4/1,50,Score in Half,Moon Slits Bottom Panel,Yes 50 Envelopes A6
Majestic,Silk,6 x 9,Vertical,Rectangle,16PT C2S,No Coating,Silk,n/a,4/1,50,Score in Half,Moon Slits Bottom Panel,Yes 50 Envelopes A6
Majestic,Silk,6 x 9,Vertical,Rectangle,16PT C2S,No Coating,Silk,n/a,4/4,50,Score in Half,Moon Slits Bottom Panel,Yes 50 Envelopes A6
Majestic,Silk,6 x 9,Horizontal,Rectangle,16PT C2S,No Coating,Silk,n/a,4/4,50,Score in Half,Moon Slits Bottom Panel,Yes 50 Envelopes A6
Majestic,Silk,6 x 9,Horizontal,Rectangle,16PT C2S,No Coating,Silk,n/a,4/0,75,Score in Half,Moon Slits Bottom Panel,Yes 50 Envelopes A6
Majestic,Silk,6 x 9,Horizontal,Rectangle,16PT C2S,No Coating,Silk,n/a,4/1,75,Score in Half,Moon Slits Bottom Panel,Yes 50 Envelopes A6
Majestic,Silk,6 x 9,Vertical,Rectangle,16PT C2S,No Coating,Silk,n/a,4/0,75,Score in Half,Moon Slits Bottom Panel,Yes 50 Envelopes A6
Majestic,Silk,6 x 9,Horizontal,Rectangle,16PT C2S,No Coating,Silk,n/a,4/4,75,Score in Half,Moon Slits Bottom Panel,Yes 50 Envelopes A6
Majestic,Silk,6 x 9,Vertical,Rectangle,16PT C2S,No Coating,Silk,n/a,4/1,75,Score in Half,Moon Slits Bottom Panel,Yes 50 Envelopes A6
Majestic,Silk,6 x 9,Vertical,Rectangle,16PT C2S,No Coating,Silk,n/a,4/4,75,Score in Half,Moon Slits Bottom Panel,Yes 50 Envelopes A6
Majestic,Silk,6 x 9,Vertical,Rectangle,16PT C2S,No Coating,Silk,n/a,4/0,100,Score in Half,Moon Slits Bottom Panel,Yes 50 Envelopes A6
Majestic,Silk,6 x 9,Horizontal,Rectangle,16PT C2S,No Coating,Silk,n/a,4/0,100,Score in Half,Moon Slits Bottom Panel,Yes 50 Envelopes A6
Majestic,Silk,6 x 9,Horizontal,Rectangle,16PT C2S,No Coating,Silk,n/a,4/1,100,Score in Half,Moon Slits Bottom Panel,Yes 50 Envelopes A6
Majestic,Silk,6 x 9,Vertical,Rectangle,16PT C2S,No Coating,Silk,n/a,4/1,100,Score in Half,Moon Slits Bottom Panel,Yes 50 Envelopes A6
Majestic,Silk,6 x 9,Horizontal,Rectangle,16PT C2S,No Coating,Silk,n/a,4/4,100,Score in Half,Moon Slits Bottom Panel,Yes 50 Envelopes A6
Majestic,Silk,6 x 9,Vertical,Rectangle,16PT C2S,No Coating,Silk,n/a,4/0,250,Score in Half,Moon Slits Bottom Panel,Yes 50 Envelopes A6
Majestic,Silk,6 x 9,Horizontal,Rectangle,16PT C2S,No Coating,Silk,n/a,4/0,250,Score in Half,Moon Slits Bottom Panel,Yes 50 Envelopes A6
Majestic,Silk,6 x 9,Horizontal,Rectangle,16PT C2S,No Coating,Silk,n/a,4/1,250,Score in Half,Moon Slits Bottom Panel,Yes 50 Envelopes A6
Majestic,Silk,6 x 9,Vertical,Rectangle,16PT C2S,No Coating,Silk,n/a,4/4,100,Score in Half,Moon Slits Bottom Panel,Yes 50 Envelopes A6
Majestic,Silk,6 x 9,Vertical,Rectangle,16PT C2S,No Coating,Silk,n/a,4/1,250,Score in Half,Moon Slits Bottom Panel,Yes 50 Envelopes A6
Majestic,Silk,6 x 9,Horizontal,Rectangle,16PT C2S,No Coating,Silk,n/a,4/4,250,Score in Half,Moon Slits Bottom Panel,Yes 50 Envelopes A6
Majestic,Silk,6 x 9,Horizontal,Rectangle,16PT C2S,No Coating,Silk,n/a,4/0,500,Score in Half,Moon Slits Bottom Panel,Yes 50 Envelopes A6
Majestic,Silk,6 x 9,Vertical,Rectangle,16PT C2S,No Coating,Silk,n/a,4/0,500,Score in Half,Moon Slits Bottom Panel,Yes 50 Envelopes A6
Majestic,Silk,6 x 9,Vertical,Rectangle,16PT C2S,No Coating,Silk,n/a,4/4,250,Score in Half,Moon Slits Bottom Panel,Yes 50 Envelopes A6
Majestic,Silk,6 x 9,Horizontal,Rectangle,16PT C2S,No Coating,Silk,n/a,4/4,500,Score in Half,Moon Slits Bottom Panel,Yes 50 Envelopes A6
Majestic,Silk,6 x 9,Vertical,Rectangle,16PT C2S,No Coating,Silk,n/a,4/1,500,Score in Half,Moon Slits Bottom Panel,Yes 50 Envelopes A6
Majestic,Silk,6 x 9,Horizontal,Rectangle,16PT C2S,No Coating,Silk,n/a,4/1,500,Score in Half,Moon Slits Bottom Panel,Yes 50 Envelopes A6
Majestic,Silk,6 x 9,Horizontal,Rectangle,16PT C2S,No Coating,Silk,n/a,4/0,1000,Score in Half,Moon Slits Bottom Panel,Yes 50 Envelopes A6
Majestic,Silk,6 x 9,Vertical,Rectangle,16PT C2S,No Coating,Silk,n/a,4/4,1000,Score in Half,Slide Slits Right Panel,Yes 25 Envelopes A6
Majestic,Silk,6 x 9,Horizontal,Rectangle,16PT C2S,No Coating,Silk,n/a,4/1,1000,Score in Half,Moon Slits Bottom Panel,Yes 50 Envelopes A6
Majestic,Silk,6 x 9,Vertical,Rectangle,16PT C2S,No Coating,Silk,n/a,4/1,1000,Score in Half,Moon Slits Bottom Panel,Yes 50 Envelopes A6
Majestic,Silk,6 x 9,Horizontal,Rectangle,16PT C2S,No Coating,Silk,n/a,4/4,1000,Score in Half,Moon Slits Bottom Panel,Yes 50 Envelopes A6
Majestic,Silk,6 x 9,Horizontal,Rectangle,16PT C2S,No Coating,Silk,n/a,4/0,2500,Score in Half,Moon Slits Bottom Panel,Yes 50 Envelopes A6
Majestic,Silk,6 x 9,Vertical,Rectangle,16PT C2S,No Coating,Silk,n/a,4/0,2500,Score in Half,Moon Slits Bottom Panel,Yes 50 Envelopes A6
Majestic,Silk,6 x 9,Vertical,Rectangle,16PT C2S,No Coating,Silk,n/a,4/4,1000,Score in Half,Moon Slits Bottom Panel,Yes 50 Envelopes A6
Majestic,Silk,6 x 9,Horizontal,Rectangle,16PT C2S,No Coating,Silk,n/a,4/1,2500,Score in Half,Moon Slits Bottom Panel,Yes 50 Envelopes A6
Majestic,Silk,6 x 9,Vertical,Rectangle,16PT C2S,No Coating,Silk,n/a,4/1,2500,Score in Half,Moon Slits Bottom Panel,Yes 50 Envelopes A6
Majestic,Silk,6 x 9,Vertical,Rectangle,16PT C2S,No Coating,Silk,n/a,4/4,500,Score in Half,Moon Slits Bottom Panel,Yes 50 Envelopes A6
Majestic,Silk,6 x 9,Horizontal,Rectangle,16PT C2S,No Coating,Silk,n/a,4/4,2500,Score in Half,Moon Slits Bottom Panel,Yes 50 Envelopes A6
Majestic,Silk,6 x 9,Vertical,Rectangle,16PT C2S,No Coating,Silk,n/a,4/4,2500,Score in Half,Moon Slits Bottom Panel,Yes 50 Envelopes A6
Majestic,Silk,6 x 9,Horizontal,Rectangle,16PT C2S,No Coating,Silk,n/a,4/0,5000,Score in Half,Moon Slits Bottom Panel,Yes 50 Envelopes A6
Majestic,Silk,6 x 9,Vertical,Rectangle,16PT C2S,No Coating,Silk,n/a,4/1,5000,Score in Half,Moon Slits Bottom Panel,Yes 50 Envelopes A6
Majestic,Silk,6 x 9,Horizontal,Rectangle,16PT C2S,No Coating,Silk,n/a,4/1,5000,Score in Half,Moon Slits Bottom Panel,Yes 50 Envelopes A6
Majestic,Silk,6 x 9,Horizontal,Rectangle,16PT C2S,No Coating,Silk,n/a,4/4,5000,Score in Half,Moon Slits Bottom Panel,Yes 50 Envelopes A6
Majestic,Silk,6 x 9,Vertical,Rectangle,16PT C2S,No Coating,Silk,n/a,4/0,5000,Score in Half,Moon Slits Bottom Panel,Yes 50 Envelopes A6
Majestic,Silk,6 x 9,Vertical,Rectangle,16PT C2S,No Coating,Silk,n/a,4/4,5000,Score in Half,Moon Slits Bottom Panel,Yes 50 Envelopes A6
Majestic,Silk,6 x 9,Horizontal,Rectangle,16PT C2S,No Coating,Silk,n/a,4/0,10000,Score in Half,Moon Slits Bottom Panel,Yes 50 Envelopes A6
Majestic,Silk,6 x 9,Vertical,Rectangle,16PT C2S,No Coating,Silk,n/a,4/0,10000,Score in Half,Moon Slits Bottom Panel,Yes 50 Envelopes A6
Majestic,Silk,6 x 9,Horizontal,Rectangle,16PT C2S,No Coating,Silk,n/a,4/1,10000,Score in Half,Moon Slits Bottom Panel,Yes 50 Envelopes A6
Majestic,Silk,6 x 9,Vertical,Rectangle,16PT C2S,No Coating,Silk,n/a,4/1,10000,Score in Half,Moon Slits Bottom Panel,Yes 50 Envelopes A6
Majestic,Silk,6 x 9,Horizontal,Rectangle,16PT C2S,No Coating,Silk,n/a,4/4,10000,Score in Half,Moon Slits Bottom Panel,Yes 50 Envelopes A6
Majestic,Silk,6 x 9,Vertical,Rectangle,16PT C2S,No Coating,Silk,n/a,4/4,10000,Score in Half,Moon Slits Bottom Panel,Yes 50 Envelopes A6
Majestic,Silk,6 x 9,Horizontal,Rectangle,16PT C2S,No Coating,Silk,n/a,4/0,25,Score in Half,Moon Slits Right Panel,Yes 50 Envelopes A6
Majestic,Silk,6 x 9,Horizontal,Rectangle,16PT C2S,No Coating,Silk,n/a,4/0,2500,Score in Half,Slide Slits Right Panel,Yes 25 Envelopes A6
Majestic,Silk,6 x 9,Horizontal,Rectangle,16PT C2S,No Coating,Silk,n/a,4/1,25,Score in Half,Moon Slits Right Panel,Yes 50 Envelopes A6
Majestic,Silk,6 x 9,Vertical,Rectangle,16PT C2S,No Coating,Silk,n/a,4/1,25,Score in Half,Moon Slits Right Panel,Yes 50 Envelopes A6
Majestic,Silk,6 x 9,Horizontal,Rectangle,16PT C2S,No Coating,Silk,n/a,4/4,25,Score in Half,Moon Slits Right Panel,Yes 50 Envelopes A6
Majestic,Silk,6 x 9,Vertical,Rectangle,16PT C2S,No Coating,Silk,n/a,4/4,25,Score in Half,Moon Slits Right Panel,Yes 50 Envelopes A6
Majestic,Silk,6 x 9,Horizontal,Rectangle,16PT C2S,No Coating,Silk,n/a,4/0,50,Score in Half,Moon Slits Right Panel,Yes 50 Envelopes A6
Majestic,Silk,6 x 9,Vertical,Rectangle,16PT C2S,No Coating,Silk,n/a,4/0,50,Score in Half,Moon Slits Right Panel,Yes 50 Envelopes A6
Majestic,Silk,6 x 9,Horizontal,Rectangle,16PT C2S,No Coating,Silk,n/a,4/1,50,Score in Half,Moon Slits Right Panel,Yes 50 Envelopes A6
Majestic,Silk,6 x 9,Vertical,Rectangle,16PT C2S,No Coating,Silk,n/a,4/1,50,Score in Half,Moon Slits Right Panel,Yes 50 Envelopes A6
Majestic,Silk,6 x 9,Horizontal,Rectangle,16PT C2S,No Coating,Silk,n/a,4/4,50,Score in Half,Moon Slits Right Panel,Yes 50 Envelopes A6
Majestic,Silk,6 x 9,Vertical,Rectangle,16PT C2S,No Coating,Silk,n/a,4/4,50,Score in Half,Moon Slits Right Panel,Yes 50 Envelopes A6
Majestic,Silk,6 x 9,Horizontal,Rectangle,16PT C2S,No Coating,Silk,n/a,4/0,75,Score in Half,Moon Slits Right Panel,Yes 50 Envelopes A6
Majestic,Silk,6 x 9,Horizontal,Rectangle,16PT C2S,No Coating,Silk,n/a,4/4,75,Score in Half,Moon Slits Right Panel,Yes 25 Envelopes A6
Majestic,Silk,6 x 9,Horizontal,Rectangle,16PT C2S,No Coating,Silk,n/a,4/1,75,Score in Half,Moon Slits Right Panel,Yes 50 Envelopes A6
Majestic,Silk,6 x 9,Vertical,Rectangle,16PT C2S,No Coating,Silk,n/a,4/1,75,Score in Half,Moon Slits Right Panel,Yes 50 Envelopes A6
Majestic,Silk,6 x 9,Horizontal,Rectangle,16PT C2S,No Coating,Silk,n/a,4/4,75,Score in Half,Moon Slits Right Panel,Yes 50 Envelopes A6
Majestic,Silk,6 x 9,Vertical,Rectangle,16PT C2S,No Coating,Silk,n/a,4/4,75,Score in Half,Moon Slits Right Panel,Yes 50 Envelopes A6
Majestic,Silk,6 x 9,Vertical,Rectangle,16PT C2S,No Coating,Silk,n/a,4/0,1000,Score in Half,Moon Slits Bottom Panel,Yes 50 Envelopes A6
Majestic,Silk,6 x 9,Horizontal,Rectangle,16PT C2S,No Coating,Silk,n/a,4/1,100,Score in Half,Moon Slits Right Panel,Yes 50 Envelopes A6
Majestic,Silk,6 x 9,Vertical,Rectangle,16PT C2S,No Coating,Silk,n/a,4/1,100,Score in Half,Moon Slits Right Panel,Yes 50 Envelopes A6
Majestic,Silk,6 x 9,Horizontal,Rectangle,16PT C2S,No Coating,Silk,n/a,4/4,100,Score in Half,Moon Slits Right Panel,Yes 50 Envelopes A6
Majestic,Silk,6 x 9,Horizontal,Rectangle,16PT C2S,No Coating,Silk,n/a,4/0,100,Score in Half,Moon Slits Right Panel,Yes 50 Envelopes A6
Majestic,Silk,6 x 9,Vertical,Rectangle,16PT C2S,No Coating,Silk,n/a,4/4,100,Score in Half,Moon Slits Right Panel,Yes 50 Envelopes A6
Majestic,Silk,6 x 9,Horizontal,Rectangle,16PT C2S,No Coating,Silk,n/a,4/0,250,Score in Half,Moon Slits Right Panel,Yes 50 Envelopes A6
Majestic,Silk,6 x 9,Vertical,Rectangle,16PT C2S,No Coating,Silk,n/a,4/0,250,Score in Half,Moon Slits Right Panel,Yes 50 Envelopes A6
Majestic,Silk,6 x 9,Vertical,Rectangle,16PT C2S,No Coating,Silk,n/a,4/1,250,Score in Half,Moon Slits Right Panel,Yes 50 Envelopes A6
Majestic,Silk,6 x 9,Horizontal,Rectangle,16PT C2S,No Coating,Silk,n/a,4/4,250,Score in Half,Moon Slits Right Panel,Yes 50 Envelopes A6
Majestic,Silk,6 x 9,Horizontal,Rectangle,16PT C2S,No Coating,Silk,n/a,4/1,250,Score in Half,Moon Slits Right Panel,Yes 50 Envelopes A6
Majestic,Silk,6 x 9,Vertical,Rectangle,16PT C2S,No Coating,Silk,n/a,4/4,250,Score in Half,Moon Slits Right Panel,Yes 50 Envelopes A6
Majestic,Silk,6 x 9,Horizontal,Rectangle,16PT C2S,No Coating,Silk,n/a,4/0,500,Score in Half,Moon Slits Right Panel,Yes 50 Envelopes A6
Majestic,Silk,6 x 9,Vertical,Rectangle,16PT C2S,No Coating,Silk,n/a,4/0,500,Score in Half,Moon Slits Right Panel,Yes 50 Envelopes A6
Majestic,Silk,6 x 9,Horizontal,Rectangle,16PT C2S,No Coating,Silk,n/a,4/1,500,Score in Half,Moon Slits Right Panel,Yes 50 Envelopes A6
Majestic,Silk,6 x 9,Vertical,Rectangle,16PT C2S,No Coating,Silk,n/a,4/1,500,Score in Half,Moon Slits Right Panel,Yes 50 Envelopes A6
Majestic,Silk,6 x 9,Horizontal,Rectangle,16PT C2S,No Coating,Silk,n/a,4/4,500,Score in Half,Moon Slits Right Panel,Yes 50 Envelopes A6
Majestic,Silk,6 x 9,Vertical,Rectangle,16PT C2S,No Coating,Silk,n/a,4/4,500,Score in Half,Moon Slits Right Panel,Yes 50 Envelopes A6
Majestic,Silk,6 x 9,Vertical,Rectangle,16PT C2S,No Coating,Silk,n/a,4/0,1000,Score in Half,Moon Slits Right Panel,Yes 50 Envelopes A6
Majestic,Silk,6 x 9,Horizontal,Rectangle,16PT C2S,No Coating,Silk,n/a,4/0,1000,Score in Half,Moon Slits Right Panel,Yes 50 Envelopes A6
Majestic,Silk,6 x 9,Horizontal,Rectangle,16PT C2S,No Coating,Silk,n/a,4/1,1000,Score in Half,Moon Slits Right Panel,Yes 50 Envelopes A6
Majestic,Silk,6 x 9,Vertical,Rectangle,16PT C2S,No Coating,Silk,n/a,4/0,75,Score in Half,Moon Slits Right Panel,Yes 50 Envelopes A6
Majestic,Silk,6 x 9,Horizontal,Rectangle,16PT C2S,No Coating,Silk,n/a,4/4,1000,Score in Half,Moon Slits Right Panel,Yes 50 Envelopes A6
Majestic,Silk,6 x 9,Horizontal,Rectangle,16PT C2S,No Coating,Silk,n/a,4/0,2500,Score in Half,Moon Slits Right Panel,Yes 50 Envelopes A6
Majestic,Silk,6 x 9,Vertical,Rectangle,16PT C2S,No Coating,Silk,n/a,4/0,2500,Score in Half,Moon Slits Right Panel,Yes 50 Envelopes A6
Majestic,Silk,6 x 9,Vertical,Rectangle,16PT C2S,No Coating,Silk,n/a,4/1,2500,Score in Half,Moon Slits Right Panel,Yes 50 Envelopes A6
Majestic,Silk,6 x 9,Vertical,Rectangle,16PT C2S,No Coating,Silk,n/a,4/4,2500,Score in Half,Moon Slits Right Panel,Yes 50 Envelopes A6
Majestic,Silk,6 x 9,Horizontal,Rectangle,16PT C2S,No Coating,Silk,n/a,4/4,2500,Score in Half,Moon Slits Right Panel,Yes 50 Envelopes A6
Majestic,Silk,6 x 9,Horizontal,Rectangle,16PT C2S,No Coating,Silk,n/a,4/1,2500,Score in Half,Moon Slits Right Panel,Yes 50 Envelopes A6
Majestic,Silk,6 x 9,Vertical,Rectangle,16PT C2S,No Coating,Silk,n/a,4/4,1000,Score in Half,Moon Slits Right Panel,Yes 50 Envelopes A6
Majestic,Silk,6 x 9,Horizontal,Rectangle,16PT C2S,No Coating,Silk,n/a,4/0,5000,Score in Half,Moon Slits Right Panel,Yes 50 Envelopes A6
Majestic,Silk,6 x 9,Horizontal,Rectangle,16PT C2S,No Coating,Silk,n/a,4/1,5000,Score in Half,Moon Slits Right Panel,Yes 50 Envelopes A6
Majestic,Silk,6 x 9,Vertical,Rectangle,16PT C2S,No Coating,Silk,n/a,4/1,5000,Score in Half,Moon Slits Right Panel,Yes 50 Envelopes A6
Majestic,Silk,6 x 9,Horizontal,Rectangle,16PT C2S,No Coating,Silk,n/a,4/4,5000,Score in Half,Moon Slits Right Panel,Yes 50 Envelopes A6
Majestic,Silk,6 x 9,Vertical,Rectangle,16PT C2S,No Coating,Silk,n/a,4/4,5000,Score in Half,Moon Slits Right Panel,Yes 50 Envelopes A6
Majestic,Silk,6 x 9,Horizontal,Rectangle,16PT C2S,No Coating,Silk,n/a,4/0,10000,Score in Half,Moon Slits Right Panel,Yes 50 Envelopes A6
Majestic,Silk,6 x 9,Vertical,Rectangle,16PT C2S,No Coating,Silk,n/a,4/0,10000,Score in Half,Moon Slits Right Panel,Yes 50 Envelopes A6
Majestic,Silk,6 x 9,Horizontal,Rectangle,16PT C2S,No Coating,Silk,n/a,4/1,10000,Score in Half,Moon Slits Right Panel,Yes 50 Envelopes A6
Majestic,Silk,6 x 9,Vertical,Rectangle,16PT C2S,No Coating,Silk,n/a,4/1,10000,Score in Half,Moon Slits Right Panel,Yes 50 Envelopes A6
Majestic,Silk,6 x 9,Horizontal,Rectangle,16PT C2S,No Coating,Silk,n/a,4/4,10000,Score in Half,Moon Slits Right Panel,Yes 50 Envelopes A6
Majestic,Silk,6 x 9,Vertical,Rectangle,16PT C2S,No Coating,Silk,n/a,4/0,5000,Score in Half,Moon Slits Right Panel,Yes 50 Envelopes A6
Majestic,Silk,6 x 9,Vertical,Rectangle,16PT C2S,No Coating,Silk,n/a,4/4,10000,Score in Half,Moon Slits Right Panel,Yes 50 Envelopes A6
Majestic,Silk,6 x 9,Vertical,Rectangle,16PT C2S,No Coating,Silk,n/a,4/0,25,Score in Half,No Gift Cards Slits,Yes 50 Envelopes A6
Majestic,Silk,6 x 9,Horizontal,Rectangle,16PT C2S,No Coating,Silk,n/a,4/0,25,Score in Half,No Gift Cards Slits,Yes 50 Envelopes A6
Majestic,Silk,6 x 9,Vertical,Rectangle,16PT C2S,No Coating,Silk,n/a,4/1,25,Score in Half,No Gift Cards Slits,Yes 50 Envelopes A6
Majestic,Silk,6 x 9,Horizontal,Rectangle,16PT C2S,No Coating,Silk,n/a,4/4,25,Score in Half,No Gift Cards Slits,Yes 50 Envelopes A6
Majestic,Silk,6 x 9,Vertical,Rectangle,16PT C2S,No Coating,Silk,n/a,4/4,25,Score in Half,No Gift Cards Slits,Yes 50 Envelopes A6
Majestic,Silk,6 x 9,Horizontal,Rectangle,16PT C2S,No Coating,Silk,n/a,4/0,50,Score in Half,No Gift Cards Slits,Yes 50 Envelopes A6
Majestic,Silk,6 x 9,Vertical,Rectangle,16PT C2S,No Coating,Silk,n/a,4/0,25,Score in Half,Moon Slits Right Panel,Yes 50 Envelopes A6
Majestic,Silk,6 x 9,Horizontal,Rectangle,16PT C2S,No Coating,Silk,n/a,4/1,25,Score in Half,No Gift Cards Slits,Yes 50 Envelopes A6
Majestic,Silk,6 x 9,Vertical,Rectangle,16PT C2S,No Coating,Silk,n/a,4/1,50,Score in Half,No Gift Cards Slits,Yes 50 Envelopes A6
Majestic,Silk,6 x 9,Horizontal,Rectangle,16PT C2S,No Coating,Silk,n/a,4/1,50,Score in Half,No Gift Cards Slits,Yes 50 Envelopes A6
Majestic,Silk,6 x 9,Horizontal,Rectangle,16PT C2S,No Coating,Silk,n/a,4/4,50,Score in Half,No Gift Cards Slits,Yes 50 Envelopes A6
Majestic,Silk,6 x 9,Horizontal,Rectangle,16PT C2S,No Coating,Silk,n/a,4/0,75,Score in Half,No Gift Cards Slits,Yes 50 Envelopes A6
Majestic,Silk,6 x 9,Vertical,Rectangle,16PT C2S,No Coating,Silk,n/a,4/4,50,Score in Half,No Gift Cards Slits,Yes 50 Envelopes A6
Majestic,Silk,6 x 9,Horizontal,Rectangle,16PT C2S,No Coating,Silk,n/a,4/1,75,Score in Half,No Gift Cards Slits,Yes 50 Envelopes A6
Majestic,Silk,6 x 9,Vertical,Rectangle,16PT C2S,No Coating,Silk,n/a,4/1,75,Score in Half,No Gift Cards Slits,Yes 50 Envelopes A6
Majestic,Silk,6 x 9,Vertical,Rectangle,16PT C2S,No Coating,Silk,n/a,4/0,75,Score in Half,No Gift Cards Slits,Yes 50 Envelopes A6
Majestic,Silk,6 x 9,Vertical,Rectangle,16PT C2S,No Coating,Silk,n/a,4/4,75,Score in Half,No Gift Cards Slits,Yes 50 Envelopes A6
Majestic,Silk,6 x 9,Horizontal,Rectangle,16PT C2S,No Coating,Silk,n/a,4/0,100,Score in Half,No Gift Cards Slits,Yes 50 Envelopes A6
Majestic,Silk,6 x 9,Horizontal,Rectangle,16PT C2S,No Coating,Silk,n/a,4/4,75,Score in Half,No Gift Cards Slits,Yes 50 Envelopes A6
Majestic,Silk,6 x 9,Horizontal,Rectangle,16PT C2S,No Coating,Silk,n/a,4/1,100,Score in Half,No Gift Cards Slits,Yes 50 Envelopes A6
Majestic,Silk,6 x 9,Vertical,Rectangle,16PT C2S,No Coating,Silk,n/a,4/0,100,Score in Half,No Gift Cards Slits,Yes 50 Envelopes A6
Majestic,Silk,6 x 9,Vertical,Rectangle,16PT C2S,No Coating,Silk,n/a,4/1,100,Score in Half,No Gift Cards Slits,Yes 50 Envelopes A6
Majestic,Silk,6 x 9,Horizontal,Rectangle,16PT C2S,No Coating,Silk,n/a,4/4,100,Score in Half,No Gift Cards Slits,Yes 50 Envelopes A6
Majestic,Silk,6 x 9,Vertical,Rectangle,16PT C2S,No Coating,Silk,n/a,4/4,100,Score in Half,No Gift Cards Slits,Yes 50 Envelopes A6
Majestic,Silk,6 x 9,Vertical,Rectangle,16PT C2S,No Coating,Silk,n/a,4/0,250,Score in Half,No Gift Cards Slits,Yes 50 Envelopes A6
Majestic,Silk,6 x 9,Horizontal,Rectangle,16PT C2S,No Coating,Silk,n/a,4/0,250,Score in Half,No Gift Cards Slits,Yes 50 Envelopes A6
Majestic,Silk,6 x 9,Vertical,Rectangle,16PT C2S,No Coating,Silk,n/a,4/1,1000,Score in Half,Moon Slits Right Panel,Yes 50 Envelopes A6
Majestic,Silk,6 x 9,Vertical,Rectangle,16PT C2S,No Coating,Silk,n/a,4/0,50,Score in Half,No Gift Cards Slits,Yes 50 Envelopes A6
Majestic,Silk,6 x 9,Horizontal,Rectangle,16PT C2S,No Coating,Silk,n/a,4/1,250,Score in Half,No Gift Cards Slits,Yes 50 Envelopes A6
Majestic,Silk,6 x 9,Vertical,Rectangle,16PT C2S,No Coating,Silk,n/a,4/4,250,Score in Half,No Gift Cards Slits,Yes 50 Envelopes A6
Majestic,Silk,6 x 9,Horizontal,Rectangle,16PT C2S,No Coating,Silk,n/a,4/0,500,Score in Half,No Gift Cards Slits,Yes 50 Envelopes A6
Majestic,Silk,6 x 9,Vertical,Rectangle,16PT C2S,No Coating,Silk,n/a,4/0,500,Score in Half,No Gift Cards Slits,Yes 50 Envelopes A6
Majestic,Silk,6 x 9,Horizontal,Rectangle,16PT C2S,No Coating,Silk,n/a,4/1,500,Score in Half,No Gift Cards Slits,Yes 50 Envelopes A6
Majestic,Silk,6 x 9,Horizontal,Rectangle,16PT C2S,No Coating,Silk,n/a,4/4,500,Score in Half,No Gift Cards Slits,Yes 50 Envelopes A6
Majestic,Silk,6 x 9,Vertical,Rectangle,16PT C2S,No Coating,Silk,n/a,4/4,500,Score in Half,No Gift Cards Slits,Yes 50 Envelopes A6
Majestic,Silk,6 x 9,Vertical,Rectangle,16PT C2S,No Coating,Silk,n/a,4/1,500,Score in Half,No Gift Cards Slits,Yes 50 Envelopes A6
Majestic,Silk,6 x 9,Vertical,Rectangle,16PT C2S,No Coating,Silk,n/a,4/0,1000,Score in Half,No Gift Cards Slits,Yes 50 Envelopes A6
Majestic,Silk,6 x 9,Horizontal,Rectangle,16PT C2S,No Coating,Silk,n/a,4/1,1000,Score in Half,No Gift Cards Slits,Yes 50 Envelopes A6
Majestic,Silk,6 x 9,Vertical,Rectangle,16PT C2S,No Coating,Silk,n/a,4/1,1000,Score in Half,No Gift Cards Slits,Yes 50 Envelopes A6
Majestic,Silk,6 x 9,Horizontal,Rectangle,16PT C2S,No Coating,Silk,n/a,4/0,1000,Score in Half,No Gift Cards Slits,Yes 50 Envelopes A6
Majestic,Silk,6 x 9,Vertical,Rectangle,16PT C2S,No Coating,Silk,n/a,4/4,1000,Score in Half,No Gift Cards Slits,Yes 50 Envelopes A6
Majestic,Silk,6 x 9,Horizontal,Rectangle,16PT C2S,No Coating,Silk,n/a,4/0,2500,Score in Half,No Gift Cards Slits,Yes 50 Envelopes A6
Majestic,Silk,6 x 9,Vertical,Rectangle,16PT C2S,No Coating,Silk,n/a,4/0,2500,Score in Half,No Gift Cards Slits,Yes 50 Envelopes A6
Majestic,Silk,6 x 9,Horizontal,Rectangle,16PT C2S,No Coating,Silk,n/a,4/4,1000,Score in Half,No Gift Cards Slits,Yes 50 Envelopes A6
Majestic,Silk,6 x 9,Horizontal,Rectangle,16PT C2S,No Coating,Silk,n/a,4/1,2500,Score in Half,No Gift Cards Slits,Yes 50 Envelopes A6
Majestic,Silk,6 x 9,Horizontal,Rectangle,16PT C2S,No Coating,Silk,n/a,4/4,2500,Score in Half,No Gift Cards Slits,Yes 50 Envelopes A6
Majestic,Silk,6 x 9,Vertical,Rectangle,16PT C2S,No Coating,Silk,n/a,4/4,2500,Score in Half,No Gift Cards Slits,Yes 50 Envelopes A6
Majestic,Silk,6 x 9,Vertical,Rectangle,16PT C2S,No Coating,Silk,n/a,4/1,2500,Score in Half,No Gift Cards Slits,Yes 50 Envelopes A6
Majestic,Silk,6 x 9,Horizontal,Rectangle,16PT C2S,No Coating,Silk,n/a,4/0,5000,Score in Half,No Gift Cards Slits,Yes 50 Envelopes A6
Majestic,Silk,6 x 9,Horizontal,Rectangle,16PT C2S,No Coating,Silk,n/a,4/4,5000,Score in Half,No Gift Cards Slits,Yes 50 Envelopes A6
Majestic,Silk,6 x 9,Vertical,Rectangle,16PT C2S,No Coating,Silk,n/a,4/0,5000,Score in Half,No Gift Cards Slits,Yes 50 Envelopes A6
Majestic,Silk,6 x 9,Vertical,Rectangle,16PT C2S,No Coating,Silk,n/a,4/1,5000,Score in Half,No Gift Cards Slits,Yes 50 Envelopes A6
Majestic,Silk,6 x 9,Vertical,Rectangle,16PT C2S,No Coating,Silk,n/a,4/4,5000,Score in Half,No Gift Cards Slits,Yes 50 Envelopes A6
Majestic,Silk,6 x 9,Horizontal,Rectangle,16PT C2S,No Coating,Silk,n/a,4/0,10000,Score in Half,No Gift Cards Slits,Yes 50 Envelopes A6
Majestic,Silk,6 x 9,Vertical,Rectangle,16PT C2S,No Coating,Silk,n/a,4/0,10000,Score in Half,No Gift Cards Slits,Yes 50 Envelopes A6
Majestic,Silk,6 x 9,Horizontal,Rectangle,16PT C2S,No Coating,Silk,n/a,4/1,10000,Score in Half,No Gift Cards Slits,Yes 50 Envelopes A6
Majestic,Silk,6 x 9,Horizontal,Rectangle,16PT C2S,No Coating,Silk,n/a,4/1,5000,Score in Half,No Gift Cards Slits,Yes 50 Envelopes A6
Majestic,Silk,6 x 9,Vertical,Rectangle,16PT C2S,No Coating,Silk,n/a,4/4,10000,Score in Half,No Gift Cards Slits,Yes 50 Envelopes A6
Majestic,Silk,6 x 9,Vertical,Rectangle,16PT C2S,No Coating,Silk,n/a,4/1,10000,Score in Half,No Gift Cards Slits,Yes 50 Envelopes A6
Majestic,Silk,6 x 9,Horizontal,Rectangle,16PT C2S,No Coating,Silk,n/a,4/4,10000,Score in Half,No Gift Cards Slits,Yes 50 Envelopes A6
Majestic,Silk,6 x 9,Vertical,Rectangle,16PT C2S,No Coating,Silk,n/a,4/0,25,Score in Half,Slide Slits Bottom Panel,Yes 50 Envelopes A6
Majestic,Silk,6 x 9,Horizontal,Rectangle,16PT C2S,No Coating,Silk,n/a,4/1,25,Score in Half,Slide Slits Bottom Panel,Yes 50 Envelopes A6
Majestic,Silk,6 x 9,Horizontal,Rectangle,16PT C2S,No Coating,Silk,n/a,4/0,25,Score in Half,Slide Slits Bottom Panel,Yes 50 Envelopes A6
Majestic,Silk,6 x 9,Horizontal,Rectangle,16PT C2S,No Coating,Silk,n/a,4/4,25,Score in Half,Slide Slits Bottom Panel,Yes 50 Envelopes A6
Majestic,Silk,6 x 9,Vertical,Rectangle,16PT C2S,No Coating,Silk,n/a,4/4,25,Score in Half,Slide Slits Bottom Panel,Yes 50 Envelopes A6
Majestic,Silk,6 x 9,Vertical,Rectangle,16PT C2S,No Coating,Silk,n/a,4/0,50,Score in Half,Slide Slits Bottom Panel,Yes 50 Envelopes A6
Majestic,Silk,6 x 9,Horizontal,Rectangle,16PT C2S,No Coating,Silk,n/a,4/0,50,Score in Half,Slide Slits Bottom Panel,Yes 50 Envelopes A6
Majestic,Silk,6 x 9,Horizontal,Rectangle,16PT C2S,No Coating,Silk,n/a,4/1,50,Score in Half,Slide Slits Bottom Panel,Yes 50 Envelopes A6
Majestic,Silk,6 x 9,Vertical,Rectangle,16PT C2S,No Coating,Silk,n/a,4/1,50,Score in Half,Slide Slits Bottom Panel,Yes 50 Envelopes A6
Majestic,Silk,6 x 9,Horizontal,Rectangle,16PT C2S,No Coating,Silk,n/a,4/4,50,Score in Half,Slide Slits Bottom Panel,Yes 50 Envelopes A6
Majestic,Silk,6 x 9,Vertical,Rectangle,16PT C2S,No Coating,Silk,n/a,4/4,50,Score in Half,Slide Slits Bottom Panel,Yes 50 Envelopes A6
Majestic,Silk,6 x 9,Horizontal,Rectangle,16PT C2S,No Coating,Silk,n/a,4/0,75,Score in Half,Slide Slits Bottom Panel,Yes 50 Envelopes A6
Majestic,Silk,6 x 9,Vertical,Rectangle,16PT C2S,No Coating,Silk,n/a,4/0,75,Score in Half,Slide Slits Bottom Panel,Yes 50 Envelopes A6
Majestic,Silk,6 x 9,Horizontal,Rectangle,16PT C2S,No Coating,Silk,n/a,4/1,75,Score in Half,Slide Slits Bottom Panel,Yes 50 Envelopes A6
Majestic,Silk,6 x 9,Vertical,Rectangle,16PT C2S,No Coating,Silk,n/a,4/1,75,Score in Half,Slide Slits Bottom Panel,Yes 50 Envelopes A6
Majestic,Silk,6 x 9,Horizontal,Rectangle,16PT C2S,No Coating,Silk,n/a,4/4,75,Score in Half,Slide Slits Bottom Panel,Yes 50 Envelopes A6
Majestic,Silk,6 x 9,Vertical,Rectangle,16PT C2S,No Coating,Silk,n/a,4/4,75,Score in Half,Slide Slits Bottom Panel,Yes 50 Envelopes A6
Majestic,Silk,6 x 9,Horizontal,Rectangle,16PT C2S,No Coating,Silk,n/a,4/0,100,Score in Half,Slide Slits Bottom Panel,Yes 50 Envelopes A6
Majestic,Silk,6 x 9,Vertical,Rectangle,16PT C2S,No Coating,Silk,n/a,4/1,25,Score in Half,Slide Slits Bottom Panel,Yes 50 Envelopes A6
Majestic,Silk,6 x 9,Vertical,Rectangle,16PT C2S,No Coating,Silk,n/a,4/0,100,Score in Half,Slide Slits Bottom Panel,Yes 50 Envelopes A6
Majestic,Silk,6 x 9,Horizontal,Rectangle,16PT C2S,No Coating,Silk,n/a,4/1,100,Score in Half,Slide Slits Bottom Panel,Yes 50 Envelopes A6
Majestic,Silk,6 x 9,Vertical,Rectangle,16PT C2S,No Coating,Silk,n/a,4/0,100,Score in Half,Moon Slits Right Panel,Yes 50 Envelopes A6
Majestic,Silk,6 x 9,Vertical,Rectangle,16PT C2S,No Coating,Silk,n/a,4/4,100,Score in Half,Slide Slits Bottom Panel,Yes 50 Envelopes A6
Majestic,Silk,6 x 9,Horizontal,Rectangle,16PT C2S,No Coating,Silk,n/a,4/0,250,Score in Half,Slide Slits Bottom Panel,Yes 50 Envelopes A6
Majestic,Silk,6 x 9,Vertical,Rectangle,16PT C2S,No Coating,Silk,n/a,4/0,250,Score in Half,Slide Slits Bottom Panel,Yes 50 Envelopes A6
Majestic,Silk,6 x 9,Horizontal,Rectangle,16PT C2S,No Coating,Silk,n/a,4/4,100,Score in Half,Slide Slits Bottom Panel,Yes 50 Envelopes A6
Majestic,Silk,6 x 9,Horizontal,Rectangle,16PT C2S,No Coating,Silk,n/a,4/1,250,Score in Half,Slide Slits Bottom Panel,Yes 50 Envelopes A6
Majestic,Silk,6 x 9,Vertical,Rectangle,16PT C2S,No Coating,Silk,n/a,4/1,250,Score in Half,Slide Slits Bottom Panel,Yes 50 Envelopes A6
Majestic,Silk,6 x 9,Horizontal,Rectangle,16PT C2S,No Coating,Silk,n/a,4/4,250,Score in Half,Slide Slits Bottom Panel,Yes 50 Envelopes A6
Majestic,Silk,6 x 9,Vertical,Rectangle,16PT C2S,No Coating,Silk,n/a,4/4,250,Score in Half,Slide Slits Bottom Panel,Yes 50 Envelopes A6
Majestic,Silk,6 x 9,Horizontal,Rectangle,16PT C2S,No Coating,Silk,n/a,4/0,500,Score in Half,Slide Slits Bottom Panel,Yes 50 Envelopes A6
Majestic,Silk,6 x 9,Vertical,Rectangle,16PT C2S,No Coating,Silk,n/a,4/0,500,Score in Half,Slide Slits Bottom Panel,Yes 50 Envelopes A6
Majestic,Silk,6 x 9,Horizontal,Rectangle,16PT C2S,No Coating,Silk,n/a,4/1,500,Score in Half,Slide Slits Bottom Panel,Yes 50 Envelopes A6
Majestic,Silk,6 x 9,Horizontal,Rectangle,16PT C2S,No Coating,Silk,n/a,4/4,500,Score in Half,Slide Slits Bottom Panel,Yes 50 Envelopes A6
Majestic,Silk,6 x 9,Vertical,Rectangle,16PT C2S,No Coating,Silk,n/a,4/1,500,Score in Half,Slide Slits Bottom Panel,Yes 50 Envelopes A6
Majestic,Silk,6 x 9,Vertical,Rectangle,16PT C2S,No Coating,Silk,n/a,4/4,500,Score in Half,Slide Slits Bottom Panel,Yes 50 Envelopes A6
Majestic,Silk,6 x 9,Horizontal,Rectangle,16PT C2S,No Coating,Silk,n/a,4/0,1000,Score in Half,Slide Slits Bottom Panel,Yes 50 Envelopes A6
Majestic,Silk,6 x 9,Vertical,Rectangle,16PT C2S,No Coating,Silk,n/a,4/0,1000,Score in Half,Slide Slits Bottom Panel,Yes 50 Envelopes A6
Majestic,Silk,6 x 9,Vertical,Rectangle,16PT C2S,No Coating,Silk,n/a,4/1,1000,Score in Half,Slide Slits Bottom Panel,Yes 50 Envelopes A6
Majestic,Silk,6 x 9,Vertical,Rectangle,16PT C2S,No Coating,Silk,n/a,4/4,1000,Score in Half,Slide Slits Bottom Panel,Yes 50 Envelopes A6
Majestic,Silk,6 x 9,Horizontal,Rectangle,16PT C2S,No Coating,Silk,n/a,4/4,1000,Score in Half,Slide Slits Bottom Panel,Yes 50 Envelopes A6
Majestic,Silk,6 x 9,Horizontal,Rectangle,16PT C2S,No Coating,Silk,n/a,4/1,1000,Score in Half,Slide Slits Bottom Panel,Yes 50 Envelopes A6
Majestic,Silk,6 x 9,Horizontal,Rectangle,16PT C2S,No Coating,Silk,n/a,4/0,2500,Score in Half,Slide Slits Bottom Panel,Yes 50 Envelopes A6
Majestic,Silk,6 x 9,Vertical,Rectangle,16PT C2S,No Coating,Silk,n/a,4/0,2500,Score in Half,Slide Slits Bottom Panel,Yes 50 Envelopes A6
Majestic,Silk,6 x 9,Vertical,Rectangle,16PT C2S,No Coating,Silk,n/a,4/1,2500,Score in Half,Slide Slits Bottom Panel,Yes 50 Envelopes A6
Majestic,Silk,6 x 9,Horizontal,Rectangle,16PT C2S,No Coating,Silk,n/a,4/4,2500,Score in Half,Slide Slits Bottom Panel,Yes 50 Envelopes A6
Majestic,Silk,6 x 9,Horizontal,Rectangle,16PT C2S,No Coating,Silk,n/a,4/1,2500,Score in Half,Slide Slits Bottom Panel,Yes 50 Envelopes A6
Majestic,Silk,6 x 9,Vertical,Rectangle,16PT C2S,No Coating,Silk,n/a,4/4,2500,Score in Half,Slide Slits Bottom Panel,Yes 50 Envelopes A6
Majestic,Silk,6 x 9,Horizontal,Rectangle,16PT C2S,No Coating,Silk,n/a,4/0,5000,Score in Half,Slide Slits Bottom Panel,Yes 50 Envelopes A6
Majestic,Silk,6 x 9,Vertical,Rectangle,16PT C2S,No Coating,Silk,n/a,4/0,5000,Score in Half,Slide Slits Bottom Panel,Yes 50 Envelopes A6
Majestic,Silk,6 x 9,Horizontal,Rectangle,16PT C2S,No Coating,Silk,n/a,4/1,5000,Score in Half,Slide Slits Bottom Panel,Yes 50 Envelopes A6
Majestic,Silk,6 x 9,Vertical,Rectangle,16PT C2S,No Coating,Silk,n/a,4/1,5000,Score in Half,Slide Slits Bottom Panel,Yes 50 Envelopes A6
Majestic,Silk,6 x 9,Horizontal,Rectangle,16PT C2S,No Coating,Silk,n/a,4/4,5000,Score in Half,Slide Slits Bottom Panel,Yes 50 Envelopes A6
Majestic,Silk,6 x 9,Vertical,Rectangle,16PT C2S,No Coating,Silk,n/a,4/4,5000,Score in Half,Slide Slits Bottom Panel,Yes 50 Envelopes A6
Majestic,Silk,6 x 9,Horizontal,Rectangle,16PT C2S,No Coating,Silk,n/a,4/0,10000,Score in Half,Slide Slits Bottom Panel,Yes 50 Envelopes A6
Majestic,Silk,6 x 9,Vertical,Rectangle,16PT C2S,No Coating,Silk,n/a,4/0,10000,Score in Half,Slide Slits Bottom Panel,Yes 50 Envelopes A6
Majestic,Silk,6 x 9,Horizontal,Rectangle,16PT C2S,No Coating,Silk,n/a,4/1,10000,Score in Half,Slide Slits Bottom Panel,Yes 50 Envelopes A6
Majestic,Silk,6 x 9,Vertical,Rectangle,16PT C2S,No Coating,Silk,n/a,4/1,10000,Score in Half,Slide Slits Bottom Panel,Yes 50 Envelopes A6
Majestic,Silk,6 x 9,Horizontal,Rectangle,16PT C2S,No Coating,Silk,n/a,4/4,10000,Score in Half,Slide Slits Bottom Panel,Yes 50 Envelopes A6
Majestic,Silk,6 x 9,Vertical,Rectangle,16PT C2S,No Coating,Silk,n/a,4/4,10000,Score in Half,Slide Slits Bottom Panel,Yes 50 Envelopes A6
Majestic,Silk,6 x 9,Horizontal,Rectangle,16PT C2S,No Coating,Silk,n/a,4/0,25,Score in Half,Slide Slits Right Panel,Yes 50 Envelopes A6
Majestic,Silk,6 x 9,Vertical,Rectangle,16PT C2S,No Coating,Silk,n/a,4/0,25,Score in Half,Slide Slits Right Panel,Yes 50 Envelopes A6
Majestic,Silk,6 x 9,Horizontal,Rectangle,16PT C2S,No Coating,Silk,n/a,4/1,25,Score in Half,Slide Slits Right Panel,Yes 50 Envelopes A6
Majestic,Silk,6 x 9,Horizontal,Rectangle,16PT C2S,No Coating,Silk,n/a,4/4,25,Score in Half,Slide Slits Right Panel,Yes 50 Envelopes A6
Majestic,Silk,6 x 9,Vertical,Rectangle,16PT C2S,No Coating,Silk,n/a,4/1,25,Score in Half,Slide Slits Right Panel,Yes 50 Envelopes A6
Majestic,Silk,6 x 9,Vertical,Rectangle,16PT C2S,No Coating,Silk,n/a,4/1,250,Score in Half,No Gift Cards Slits,Yes 50 Envelopes A6
Majestic,Silk,6 x 9,Horizontal,Rectangle,16PT C2S,No Coating,Silk,n/a,4/0,50,Score in Half,Slide Slits Right Panel,Yes 50 Envelopes A6
Majestic,Silk,6 x 9,Vertical,Rectangle,16PT C2S,No Coating,Silk,n/a,4/0,50,Score in Half,Slide Slits Right Panel,Yes 50 Envelopes A6
Majestic,Silk,6 x 9,Vertical,Rectangle,16PT C2S,No Coating,Silk,n/a,4/4,25,Score in Half,Slide Slits Right Panel,Yes 50 Envelopes A6
Majestic,Silk,6 x 9,Vertical,Rectangle,16PT C2S,No Coating,Silk,n/a,4/1,50,Score in Half,Slide Slits Right Panel,Yes 50 Envelopes A6
Majestic,Silk,6 x 9,Horizontal,Rectangle,16PT C2S,No Coating,Silk,n/a,4/4,50,Score in Half,Slide Slits Right Panel,Yes 50 Envelopes A6
Majestic,Silk,6 x 9,Vertical,Rectangle,16PT C2S,No Coating,Silk,n/a,4/4,50,Score in Half,Slide Slits Right Panel,Yes 50 Envelopes A6
Majestic,Silk,6 x 9,Horizontal,Rectangle,16PT C2S,No Coating,Silk,n/a,4/0,75,Score in Half,Slide Slits Right Panel,Yes 50 Envelopes A6
Majestic,Silk,6 x 9,Vertical,Rectangle,16PT C2S,No Coating,Silk,n/a,4/0,75,Score in Half,Slide Slits Right Panel,Yes 50 Envelopes A6
Majestic,Silk,6 x 9,Horizontal,Rectangle,16PT C2S,No Coating,Silk,n/a,4/1,75,Score in Half,Slide Slits Right Panel,Yes 50 Envelopes A6
Majestic,Silk,6 x 9,Vertical,Rectangle,16PT C2S,No Coating,Silk,n/a,4/1,75,Score in Half,Slide Slits Right Panel,Yes 50 Envelopes A6
Majestic,Silk,6 x 9,Horizontal,Rectangle,16PT C2S,No Coating,Silk,n/a,4/4,75,Score in Half,Slide Slits Right Panel,Yes 50 Envelopes A6
Majestic,Silk,6 x 9,Vertical,Rectangle,16PT C2S,No Coating,Silk,n/a,4/4,75,Score in Half,Slide Slits Right Panel,Yes 50 Envelopes A6
Majestic,Silk,6 x 9,Horizontal,Rectangle,16PT C2S,No Coating,Silk,n/a,4/0,100,Score in Half,Slide Slits Right Panel,Yes 50 Envelopes A6
Majestic,Silk,6 x 9,Vertical,Rectangle,16PT C2S,No Coating,Silk,n/a,4/0,100,Score in Half,Slide Slits Right Panel,Yes 50 Envelopes A6
Majestic,Silk,6 x 9,Horizontal,Rectangle,16PT C2S,No Coating,Silk,n/a,4/1,100,Score in Half,Slide Slits Right Panel,Yes 50 Envelopes A6
Majestic,Silk,6 x 9,Vertical,Rectangle,16PT C2S,No Coating,Silk,n/a,4/1,100,Score in Half,Slide Slits Right Panel,Yes 50 Envelopes A6
Majestic,Silk,6 x 9,Horizontal,Rectangle,16PT C2S,No Coating,Silk,n/a,4/4,100,Score in Half,Slide Slits Right Panel,Yes 50 Envelopes A6
Majestic,Silk,6 x 9,Vertical,Rectangle,16PT C2S,No Coating,Silk,n/a,4/4,100,Score in Half,Slide Slits Right Panel,Yes 50 Envelopes A6
Majestic,Silk,6 x 9,Horizontal,Rectangle,16PT C2S,No Coating,Silk,n/a,4/0,250,Score in Half,Slide Slits Right Panel,Yes 50 Envelopes A6
Majestic,Silk,6 x 9,Vertical,Rectangle,16PT C2S,No Coating,Silk,n/a,4/0,250,Score in Half,Slide Slits Right Panel,Yes 50 Envelopes A6
Majestic,Silk,6 x 9,Horizontal,Rectangle,16PT C2S,No Coating,Silk,n/a,4/1,250,Score in Half,Slide Slits Right Panel,Yes 50 Envelopes A6
Majestic,Silk,6 x 9,Vertical,Rectangle,16PT C2S,No Coating,Silk,n/a,4/1,250,Score in Half,Slide Slits Right Panel,Yes 50 Envelopes A6
Majestic,Silk,6 x 9,Horizontal,Rectangle,16PT C2S,No Coating,Silk,n/a,4/4,250,Score in Half,Slide Slits Right Panel,Yes 50 Envelopes A6
Majestic,Silk,6 x 9,Vertical,Rectangle,16PT C2S,No Coating,Silk,n/a,4/4,250,Score in Half,Slide Slits Right Panel,Yes 50 Envelopes A6
Majestic,Silk,6 x 9,Horizontal,Rectangle,16PT C2S,No Coating,Silk,n/a,4/0,500,Score in Half,Slide Slits Right Panel,Yes 50 Envelopes A6
Majestic,Silk,6 x 9,Vertical,Rectangle,16PT C2S,No Coating,Silk,n/a,4/0,500,Score in Half,Slide Slits Right Panel,Yes 50 Envelopes A6
Majestic,Silk,6 x 9,Horizontal,Rectangle,16PT C2S,No Coating,Silk,n/a,4/1,500,Score in Half,Slide Slits Right Panel,Yes 50 Envelopes A6
Majestic,Silk,6 x 9,Vertical,Rectangle,16PT C2S,No Coating,Silk,n/a,4/1,500,Score in Half,Slide Slits Right Panel,Yes 50 Envelopes A6
Majestic,Silk,6 x 9,Horizontal,Rectangle,16PT C2S,No Coating,Silk,n/a,4/4,500,Score in Half,Slide Slits Right Panel,Yes 50 Envelopes A6
Majestic,Silk,6 x 9,Vertical,Rectangle,16PT C2S,No Coating,Silk,n/a,4/4,500,Score in Half,Slide Slits Right Panel,Yes 50 Envelopes A6
Majestic,Silk,6 x 9,Horizontal,Rectangle,16PT C2S,No Coating,Silk,n/a,4/0,1000,Score in Half,Slide Slits Right Panel,Yes 50 Envelopes A6
Majestic,Silk,6 x 9,Vertical,Rectangle,16PT C2S,No Coating,Silk,n/a,4/0,1000,Score in Half,Slide Slits Right Panel,Yes 50 Envelopes A6
Majestic,Silk,6 x 9,Horizontal,Rectangle,16PT C2S,No Coating,Silk,n/a,4/1,1000,Score in Half,Slide Slits Right Panel,Yes 50 Envelopes A6
Majestic,Silk,6 x 9,Vertical,Rectangle,16PT C2S,No Coating,Silk,n/a,4/1,1000,Score in Half,Slide Slits Right Panel,Yes 50 Envelopes A6
Majestic,Silk,6 x 9,Horizontal,Rectangle,16PT C2S,No Coating,Silk,n/a,4/4,1000,Score in Half,Slide Slits Right Panel,Yes 50 Envelopes A6
Majestic,Silk,6 x 9,Vertical,Rectangle,16PT C2S,No Coating,Silk,n/a,4/4,1000,Score in Half,Slide Slits Right Panel,Yes 50 Envelopes A6
Majestic,Silk,6 x 9,Horizontal,Rectangle,16PT C2S,No Coating,Silk,n/a,4/0,2500,Score in Half,Slide Slits Right Panel,Yes 50 Envelopes A6
Majestic,Silk,6 x 9,Vertical,Rectangle,16PT C2S,No Coating,Silk,n/a,4/0,2500,Score in Half,Slide Slits Right Panel,Yes 50 Envelopes A6
Majestic,Silk,6 x 9,Horizontal,Rectangle,16PT C2S,No Coating,Silk,n/a,4/1,2500,Score in Half,Slide Slits Right Panel,Yes 50 Envelopes A6
Majestic,Silk,6 x 9,Vertical,Rectangle,16PT C2S,No Coating,Silk,n/a,4/1,2500,Score in Half,Slide Slits Right Panel,Yes 50 Envelopes A6
Majestic,Silk,6 x 9,Horizontal,Rectangle,16PT C2S,No Coating,Silk,n/a,4/4,2500,Score in Half,Slide Slits Right Panel,Yes 50 Envelopes A6
Majestic,Silk,6 x 9,Vertical,Rectangle,16PT C2S,No Coating,Silk,n/a,4/4,2500,Score in Half,Slide Slits Right Panel,Yes 50 Envelopes A6
Majestic,Silk,6 x 9,Horizontal,Rectangle,16PT C2S,No Coating,Silk,n/a,4/0,5000,Score in Half,Slide Slits Right Panel,Yes 50 Envelopes A6
Majestic,Silk,6 x 9,Vertical,Rectangle,16PT C2S,No Coating,Silk,n/a,4/0,5000,Score in Half,Slide Slits Right Panel,Yes 50 Envelopes A6
Majestic,Silk,6 x 9,Horizontal,Rectangle,16PT C2S,No Coating,Silk,n/a,4/1,5000,Score in Half,Slide Slits Right Panel,Yes 50 Envelopes A6
Majestic,Silk,6 x 9,Vertical,Rectangle,16PT C2S,No Coating,Silk,n/a,4/1,5000,Score in Half,Slide Slits Right Panel,Yes 50 Envelopes A6
Majestic,Silk,6 x 9,Vertical,Rectangle,16PT C2S,No Coating,Silk,n/a,4/4,5000,Score in Half,Slide Slits Right Panel,Yes 50 Envelopes A6
Majestic,Silk,6 x 9,Horizontal,Rectangle,16PT C2S,No Coating,Silk,n/a,4/4,5000,Score in Half,Slide Slits Right Panel,Yes 50 Envelopes A6
Majestic,Silk,6 x 9,Horizontal,Rectangle,16PT C2S,No Coating,Silk,n/a,4/0,10000,Score in Half,Slide Slits Right Panel,Yes 50 Envelopes A6
Majestic,Silk,6 x 9,Vertical,Rectangle,16PT C2S,No Coating,Silk,n/a,4/0,10000,Score in Half,Slide Slits Right Panel,Yes 50 Envelopes A6
Majestic,Silk,6 x 9,Horizontal,Rectangle,16PT C2S,No Coating,Silk,n/a,4/1,10000,Score in Half,Slide Slits Right Panel,Yes 50 Envelopes A6
Majestic,Silk,6 x 9,Vertical,Rectangle,16PT C2S,No Coating,Silk,n/a,4/1,10000,Score in Half,Slide Slits Right Panel,Yes 50 Envelopes A6
Majestic,Silk,6 x 9,Horizontal,Rectangle,16PT C2S,No Coating,Silk,n/a,4/4,10000,Score in Half,Slide Slits Right Panel,Yes 50 Envelopes A6
Majestic,Silk,6 x 9,Vertical,Rectangle,16PT C2S,No Coating,Silk,n/a,4/4,10000,Score in Half,Slide Slits Right Panel,Yes 50 Envelopes A6
Majestic,Silk,6 x 9,Horizontal,Rectangle,16PT C2S,No Coating,Silk,n/a,4/0,25,Score in Half,Moon Slits Bottom Panel,Yes 75 Envelopes A6
Majestic,Silk,6 x 9,Vertical,Rectangle,16PT C2S,No Coating,Silk,n/a,4/0,25,Score in Half,Moon Slits Bottom Panel,Yes 75 Envelopes A6
Majestic,Silk,6 x 9,Horizontal,Rectangle,16PT C2S,No Coating,Silk,n/a,4/1,25,Score in Half,Moon Slits Bottom Panel,Yes 75 Envelopes A6
Majestic,Silk,6 x 9,Vertical,Rectangle,16PT C2S,No Coating,Silk,n/a,4/1,25,Score in Half,Moon Slits Bottom Panel,Yes 75 Envelopes A6
Majestic,Silk,6 x 9,Horizontal,Rectangle,16PT C2S,No Coating,Silk,n/a,4/4,25,Score in Half,Moon Slits Bottom Panel,Yes 75 Envelopes A6
Majestic,Silk,6 x 9,Vertical,Rectangle,16PT C2S,No Coating,Silk,n/a,4/4,25,Score in Half,Moon Slits Bottom Panel,Yes 75 Envelopes A6
Majestic,Silk,6 x 9,Horizontal,Rectangle,16PT C2S,No Coating,Silk,n/a,4/0,50,Score in Half,Moon Slits Bottom Panel,Yes 75 Envelopes A6
Majestic,Silk,6 x 9,Vertical,Rectangle,16PT C2S,No Coating,Silk,n/a,4/0,50,Score in Half,Moon Slits Bottom Panel,Yes 75 Envelopes A6
Majestic,Silk,6 x 9,Vertical,Rectangle,16PT C2S,No Coating,Silk,n/a,4/1,50,Score in Half,Moon Slits Bottom Panel,Yes 75 Envelopes A6
Majestic,Silk,6 x 9,Horizontal,Rectangle,16PT C2S,No Coating,Silk,n/a,4/4,50,Score in Half,Moon Slits Bottom Panel,Yes 75 Envelopes A6
Majestic,Silk,6 x 9,Horizontal,Rectangle,16PT C2S,No Coating,Silk,n/a,4/1,50,Score in Half,Moon Slits Bottom Panel,Yes 75 Envelopes A6
Majestic,Silk,6 x 9,Vertical,Rectangle,16PT C2S,No Coating,Silk,n/a,4/4,50,Score in Half,Moon Slits Bottom Panel,Yes 75 Envelopes A6
Majestic,Silk,6 x 9,Horizontal,Rectangle,16PT C2S,No Coating,Silk,n/a,4/0,75,Score in Half,Moon Slits Bottom Panel,Yes 75 Envelopes A6
Majestic,Silk,6 x 9,Vertical,Rectangle,16PT C2S,No Coating,Silk,n/a,4/0,75,Score in Half,Moon Slits Bottom Panel,Yes 75 Envelopes A6
Majestic,Silk,6 x 9,Horizontal,Rectangle,16PT C2S,No Coating,Silk,n/a,4/1,75,Score in Half,Moon Slits Bottom Panel,Yes 75 Envelopes A6
Majestic,Silk,6 x 9,Vertical,Rectangle,16PT C2S,No Coating,Silk,n/a,4/1,75,Score in Half,Moon Slits Bottom Panel,Yes 75 Envelopes A6
Majestic,Silk,6 x 9,Horizontal,Rectangle,16PT C2S,No Coating,Silk,n/a,4/4,75,Score in Half,Moon Slits Bottom Panel,Yes 75 Envelopes A6
Majestic,Silk,6 x 9,Vertical,Rectangle,16PT C2S,No Coating,Silk,n/a,4/4,75,Score in Half,Moon Slits Bottom Panel,Yes 75 Envelopes A6
Majestic,Silk,6 x 9,Horizontal,Rectangle,16PT C2S,No Coating,Silk,n/a,4/0,100,Score in Half,Moon Slits Bottom Panel,Yes 75 Envelopes A6
Majestic,Silk,6 x 9,Vertical,Rectangle,16PT C2S,No Coating,Silk,n/a,4/0,100,Score in Half,Moon Slits Bottom Panel,Yes 75 Envelopes A6
Majestic,Silk,6 x 9,Horizontal,Rectangle,16PT C2S,No Coating,Silk,n/a,4/1,100,Score in Half,Moon Slits Bottom Panel,Yes 75 Envelopes A6
Majestic,Silk,6 x 9,Vertical,Rectangle,16PT C2S,No Coating,Silk,n/a,4/1,100,Score in Half,Moon Slits Bottom Panel,Yes 75 Envelopes A6
Majestic,Silk,6 x 9,Horizontal,Rectangle,16PT C2S,No Coating,Silk,n/a,4/4,100,Score in Half,Moon Slits Bottom Panel,Yes 75 Envelopes A6
Majestic,Silk,6 x 9,Vertical,Rectangle,16PT C2S,No Coating,Silk,n/a,4/4,100,Score in Half,Moon Slits Bottom Panel,Yes 75 Envelopes A6
Majestic,Silk,6 x 9,Horizontal,Rectangle,16PT C2S,No Coating,Silk,n/a,4/0,250,Score in Half,Moon Slits Bottom Panel,Yes 75 Envelopes A6
Majestic,Silk,6 x 9,Vertical,Rectangle,16PT C2S,No Coating,Silk,n/a,4/0,250,Score in Half,Moon Slits Bottom Panel,Yes 75 Envelopes A6
Majestic,Silk,6 x 9,Horizontal,Rectangle,16PT C2S,No Coating,Silk,n/a,4/1,250,Score in Half,Moon Slits Bottom Panel,Yes 75 Envelopes A6
Majestic,Silk,6 x 9,Vertical,Rectangle,16PT C2S,No Coating,Silk,n/a,4/1,250,Score in Half,Moon Slits Bottom Panel,Yes 75 Envelopes A6
Majestic,Silk,6 x 9,Vertical,Rectangle,16PT C2S,No Coating,Silk,n/a,4/4,250,Score in Half,Moon Slits Bottom Panel,Yes 75 Envelopes A6
Majestic,Silk,6 x 9,Horizontal,Rectangle,16PT C2S,No Coating,Silk,n/a,4/4,250,Score in Half,Moon Slits Bottom Panel,Yes 75 Envelopes A6
Majestic,Silk,6 x 9,Horizontal,Rectangle,16PT C2S,No Coating,Silk,n/a,4/0,500,Score in Half,Moon Slits Bottom Panel,Yes 75 Envelopes A6
Majestic,Silk,6 x 9,Vertical,Rectangle,16PT C2S,No Coating,Silk,n/a,4/0,500,Score in Half,Moon Slits Bottom Panel,Yes 75 Envelopes A6
Majestic,Silk,6 x 9,Horizontal,Rectangle,16PT C2S,No Coating,Silk,n/a,4/1,500,Score in Half,Moon Slits Bottom Panel,Yes 75 Envelopes A6
Majestic,Silk,6 x 9,Vertical,Rectangle,16PT C2S,No Coating,Silk,n/a,4/1,500,Score in Half,Moon Slits Bottom Panel,Yes 75 Envelopes A6
Majestic,Silk,6 x 9,Horizontal,Rectangle,16PT C2S,No Coating,Silk,n/a,4/4,500,Score in Half,Moon Slits Bottom Panel,Yes 75 Envelopes A6
Majestic,Silk,6 x 9,Vertical,Rectangle,16PT C2S,No Coating,Silk,n/a,4/4,500,Score in Half,Moon Slits Bottom Panel,Yes 75 Envelopes A6
Majestic,Silk,6 x 9,Vertical,Rectangle,16PT C2S,No Coating,Silk,n/a,4/0,1000,Score in Half,Moon Slits Bottom Panel,Yes 75 Envelopes A6
Majestic,Silk,6 x 9,Horizontal,Rectangle,16PT C2S,No Coating,Silk,n/a,4/1,1000,Score in Half,Moon Slits Bottom Panel,Yes 75 Envelopes A6
Majestic,Silk,6 x 9,Horizontal,Rectangle,16PT C2S,No Coating,Silk,n/a,4/0,1000,Score in Half,Moon Slits Bottom Panel,Yes 75 Envelopes A6
Majestic,Silk,6 x 9,Vertical,Rectangle,16PT C2S,No Coating,Silk,n/a,4/1,1000,Score in Half,Moon Slits Bottom Panel,Yes 75 Envelopes A6
Majestic,Silk,6 x 9,Horizontal,Rectangle,16PT C2S,No Coating,Silk,n/a,4/4,1000,Score in Half,Moon Slits Bottom Panel,Yes 75 Envelopes A6
Majestic,Silk,6 x 9,Vertical,Rectangle,16PT C2S,No Coating,Silk,n/a,4/4,1000,Score in Half,Moon Slits Bottom Panel,Yes 75 Envelopes A6
Majestic,Silk,6 x 9,Horizontal,Rectangle,16PT C2S,No Coating,Silk,n/a,4/0,2500,Score in Half,Moon Slits Bottom Panel,Yes 75 Envelopes A6
Majestic,Silk,6 x 9,Vertical,Rectangle,16PT C2S,No Coating,Silk,n/a,4/0,2500,Score in Half,Moon Slits Bottom Panel,Yes 75 Envelopes A6
Majestic,Silk,6 x 9,Horizontal,Rectangle,16PT C2S,No Coating,Silk,n/a,4/1,2500,Score in Half,Moon Slits Bottom Panel,Yes 75 Envelopes A6
Majestic,Silk,6 x 9,Vertical,Rectangle,16PT C2S,No Coating,Silk,n/a,4/1,2500,Score in Half,Moon Slits Bottom Panel,Yes 75 Envelopes A6
Majestic,Silk,6 x 9,Horizontal,Rectangle,16PT C2S,No Coating,Silk,n/a,4/4,2500,Score in Half,Moon Slits Bottom Panel,Yes 75 Envelopes A6
Majestic,Silk,6 x 9,Vertical,Rectangle,16PT C2S,No Coating,Silk,n/a,4/4,2500,Score in Half,Moon Slits Bottom Panel,Yes 75 Envelopes A6
Majestic,Silk,6 x 9,Horizontal,Rectangle,16PT C2S,No Coating,Silk,n/a,4/0,5000,Score in Half,Moon Slits Bottom Panel,Yes 75 Envelopes A6
Majestic,Silk,6 x 9,Vertical,Rectangle,16PT C2S,No Coating,Silk,n/a,4/0,5000,Score in Half,Moon Slits Bottom Panel,Yes 75 Envelopes A6
Majestic,Silk,6 x 9,Horizontal,Rectangle,16PT C2S,No Coating,Silk,n/a,4/1,5000,Score in Half,Moon Slits Bottom Panel,Yes 75 Envelopes A6
Majestic,Silk,6 x 9,Vertical,Rectangle,16PT C2S,No Coating,Silk,n/a,4/1,5000,Score in Half,Moon Slits Bottom Panel,Yes 75 Envelopes A6
Majestic,Silk,6 x 9,Horizontal,Rectangle,16PT C2S,No Coating,Silk,n/a,4/4,5000,Score in Half,Moon Slits Bottom Panel,Yes 75 Envelopes A6
Majestic,Silk,6 x 9,Vertical,Rectangle,16PT C2S,No Coating,Silk,n/a,4/4,5000,Score in Half,Moon Slits Bottom Panel,Yes 75 Envelopes A6
Majestic,Silk,6 x 9,Horizontal,Rectangle,16PT C2S,No Coating,Silk,n/a,4/0,10000,Score in Half,Moon Slits Bottom Panel,Yes 75 Envelopes A6
Majestic,Silk,6 x 9,Vertical,Rectangle,16PT C2S,No Coating,Silk,n/a,4/0,10000,Score in Half,Moon Slits Bottom Panel,Yes 75 Envelopes A6
Majestic,Silk,6 x 9,Horizontal,Rectangle,16PT C2S,No Coating,Silk,n/a,4/1,10000,Score in Half,Moon Slits Bottom Panel,Yes 75 Envelopes A6
Majestic,Silk,6 x 9,Vertical,Rectangle,16PT C2S,No Coating,Silk,n/a,4/1,10000,Score in Half,Moon Slits Bottom Panel,Yes 75 Envelopes A6
Majestic,Silk,6 x 9,Horizontal,Rectangle,16PT C2S,No Coating,Silk,n/a,4/4,250,Score in Half,No Gift Cards Slits,Yes 50 Envelopes A6
Majestic,Silk,6 x 9,Vertical,Rectangle,16PT C2S,No Coating,Silk,n/a,4/4,10000,Score in Half,Moon Slits Bottom Panel,Yes 75 Envelopes A6
Majestic,Silk,6 x 9,Horizontal,Rectangle,16PT C2S,No Coating,Silk,n/a,4/0,25,Score in Half,Moon Slits Right Panel,Yes 75 Envelopes A6
Majestic,Silk,6 x 9,Vertical,Rectangle,16PT C2S,No Coating,Silk,n/a,4/0,25,Score in Half,Moon Slits Right Panel,Yes 75 Envelopes A6
Majestic,Silk,6 x 9,Horizontal,Rectangle,16PT C2S,No Coating,Silk,n/a,4/1,25,Score in Half,Moon Slits Right Panel,Yes 75 Envelopes A6
Majestic,Silk,6 x 9,Vertical,Rectangle,16PT C2S,No Coating,Silk,n/a,4/1,25,Score in Half,Moon Slits Right Panel,Yes 75 Envelopes A6
Majestic,Silk,6 x 9,Horizontal,Rectangle,16PT C2S,No Coating,Silk,n/a,4/4,25,Score in Half,Moon Slits Right Panel,Yes 75 Envelopes A6
Majestic,Silk,6 x 9,Vertical,Rectangle,16PT C2S,No Coating,Silk,n/a,4/4,25,Score in Half,Moon Slits Right Panel,Yes 75 Envelopes A6
Majestic,Silk,6 x 9,Horizontal,Rectangle,16PT C2S,No Coating,Silk,n/a,4/0,50,Score in Half,Moon Slits Right Panel,Yes 75 Envelopes A6
Majestic,Silk,6 x 9,Vertical,Rectangle,16PT C2S,No Coating,Silk,n/a,4/0,50,Score in Half,Moon Slits Right Panel,Yes 75 Envelopes A6
Majestic,Silk,6 x 9,Horizontal,Rectangle,16PT C2S,No Coating,Silk,n/a,4/1,50,Score in Half,Moon Slits Right Panel,Yes 75 Envelopes A6
Majestic,Silk,6 x 9,Vertical,Rectangle,16PT C2S,No Coating,Silk,n/a,4/1,50,Score in Half,Moon Slits Right Panel,Yes 75 Envelopes A6
Majestic,Silk,6 x 9,Horizontal,Rectangle,16PT C2S,No Coating,Silk,n/a,4/4,50,Score in Half,Moon Slits Right Panel,Yes 75 Envelopes A6
Majestic,Silk,6 x 9,Horizontal,Rectangle,16PT C2S,No Coating,Silk,n/a,4/1,50,Score in Half,Slide Slits Right Panel,Yes 50 Envelopes A6
Majestic,Silk,6 x 9,Horizontal,Rectangle,16PT C2S,No Coating,Silk,n/a,4/0,75,Score in Half,Moon Slits Right Panel,Yes 75 Envelopes A6
Majestic,Silk,6 x 9,Vertical,Rectangle,16PT C2S,No Coating,Silk,n/a,4/0,75,Score in Half,Moon Slits Right Panel,Yes 75 Envelopes A6
Majestic,Silk,6 x 9,Horizontal,Rectangle,16PT C2S,No Coating,Silk,n/a,4/1,75,Score in Half,Moon Slits Right Panel,Yes 75 Envelopes A6
Majestic,Silk,6 x 9,Vertical,Rectangle,16PT C2S,No Coating,Silk,n/a,4/1,75,Score in Half,Moon Slits Right Panel,Yes 75 Envelopes A6
Majestic,Silk,6 x 9,Horizontal,Rectangle,16PT C2S,No Coating,Silk,n/a,4/4,75,Score in Half,Moon Slits Right Panel,Yes 75 Envelopes A6
Majestic,Silk,6 x 9,Vertical,Rectangle,16PT C2S,No Coating,Silk,n/a,4/4,75,Score in Half,Moon Slits Right Panel,Yes 75 Envelopes A6
Majestic,Silk,6 x 9,Horizontal,Rectangle,16PT C2S,No Coating,Silk,n/a,4/0,100,Score in Half,Moon Slits Right Panel,Yes 75 Envelopes A6
Majestic,Silk,6 x 9,Vertical,Rectangle,16PT C2S,No Coating,Silk,n/a,4/0,100,Score in Half,Moon Slits Right Panel,Yes 75 Envelopes A6
Majestic,Silk,6 x 9,Horizontal,Rectangle,16PT C2S,No Coating,Silk,n/a,4/1,100,Score in Half,Moon Slits Right Panel,Yes 75 Envelopes A6
Majestic,Silk,6 x 9,Vertical,Rectangle,16PT C2S,No Coating,Silk,n/a,4/1,100,Score in Half,Moon Slits Right Panel,Yes 75 Envelopes A6
Majestic,Silk,6 x 9,Horizontal,Rectangle,16PT C2S,No Coating,Silk,n/a,4/4,100,Score in Half,Moon Slits Right Panel,Yes 75 Envelopes A6
Majestic,Silk,6 x 9,Vertical,Rectangle,16PT C2S,No Coating,Silk,n/a,4/4,100,Score in Half,Moon Slits Right Panel,Yes 75 Envelopes A6
Majestic,Silk,6 x 9,Horizontal,Rectangle,16PT C2S,No Coating,Silk,n/a,4/0,250,Score in Half,Moon Slits Right Panel,Yes 75 Envelopes A6
Majestic,Silk,6 x 9,Vertical,Rectangle,16PT C2S,No Coating,Silk,n/a,4/0,250,Score in Half,Moon Slits Right Panel,Yes 75 Envelopes A6
Majestic,Silk,6 x 9,Horizontal,Rectangle,16PT C2S,No Coating,Silk,n/a,4/1,250,Score in Half,Moon Slits Right Panel,Yes 75 Envelopes A6
Majestic,Silk,6 x 9,Vertical,Rectangle,16PT C2S,No Coating,Silk,n/a,4/1,250,Score in Half,Moon Slits Right Panel,Yes 75 Envelopes A6
Majestic,Silk,6 x 9,Horizontal,Rectangle,16PT C2S,No Coating,Silk,n/a,4/4,250,Score in Half,Moon Slits Right Panel,Yes 75 Envelopes A6
Majestic,Silk,6 x 9,Vertical,Rectangle,16PT C2S,No Coating,Silk,n/a,4/4,250,Score in Half,Moon Slits Right Panel,Yes 75 Envelopes A6
Majestic,Silk,6 x 9,Horizontal,Rectangle,16PT C2S,No Coating,Silk,n/a,4/0,500,Score in Half,Moon Slits Right Panel,Yes 75 Envelopes A6
Majestic,Silk,6 x 9,Vertical,Rectangle,16PT C2S,No Coating,Silk,n/a,4/0,500,Score in Half,Moon Slits Right Panel,Yes 75 Envelopes A6
Majestic,Silk,6 x 9,Horizontal,Rectangle,16PT C2S,No Coating,Silk,n/a,4/1,500,Score in Half,Moon Slits Right Panel,Yes 75 Envelopes A6
Majestic,Silk,6 x 9,Vertical,Rectangle,16PT C2S,No Coating,Silk,n/a,4/1,500,Score in Half,Moon Slits Right Panel,Yes 75 Envelopes A6
Majestic,Silk,6 x 9,Horizontal,Rectangle,16PT C2S,No Coating,Silk,n/a,4/4,500,Score in Half,Moon Slits Right Panel,Yes 75 Envelopes A6
Majestic,Silk,6 x 9,Vertical,Rectangle,16PT C2S,No Coating,Silk,n/a,4/4,500,Score in Half,Moon Slits Right Panel,Yes 75 Envelopes A6
Majestic,Silk,6 x 9,Horizontal,Rectangle,16PT C2S,No Coating,Silk,n/a,4/0,1000,Score in Half,Moon Slits Right Panel,Yes 75 Envelopes A6
Majestic,Silk,6 x 9,Vertical,Rectangle,16PT C2S,No Coating,Silk,n/a,4/0,1000,Score in Half,Moon Slits Right Panel,Yes 75 Envelopes A6
Majestic,Silk,6 x 9,Horizontal,Rectangle,16PT C2S,No Coating,Silk,n/a,4/1,1000,Score in Half,Moon Slits Right Panel,Yes 75 Envelopes A6
Majestic,Silk,6 x 9,Vertical,Rectangle,16PT C2S,No Coating,Silk,n/a,4/1,1000,Score in Half,Moon Slits Right Panel,Yes 75 Envelopes A6
Majestic,Silk,6 x 9,Horizontal,Rectangle,16PT C2S,No Coating,Silk,n/a,4/4,1000,Score in Half,Moon Slits Right Panel,Yes 75 Envelopes A6
Majestic,Silk,6 x 9,Vertical,Rectangle,16PT C2S,No Coating,Silk,n/a,4/4,1000,Score in Half,Moon Slits Right Panel,Yes 75 Envelopes A6
Majestic,Silk,6 x 9,Horizontal,Rectangle,16PT C2S,No Coating,Silk,n/a,4/0,2500,Score in Half,Moon Slits Right Panel,Yes 75 Envelopes A6
Majestic,Silk,6 x 9,Vertical,Rectangle,16PT C2S,No Coating,Silk,n/a,4/0,2500,Score in Half,Moon Slits Right Panel,Yes 75 Envelopes A6
Majestic,Silk,6 x 9,Horizontal,Rectangle,16PT C2S,No Coating,Silk,n/a,4/1,2500,Score in Half,Moon Slits Right Panel,Yes 75 Envelopes A6
Majestic,Silk,6 x 9,Vertical,Rectangle,16PT C2S,No Coating,Silk,n/a,4/1,2500,Score in Half,Moon Slits Right Panel,Yes 75 Envelopes A6
Majestic,Silk,6 x 9,Horizontal,Rectangle,16PT C2S,No Coating,Silk,n/a,4/4,2500,Score in Half,Moon Slits Right Panel,Yes 75 Envelopes A6
Majestic,Silk,6 x 9,Vertical,Rectangle,16PT C2S,No Coating,Silk,n/a,4/4,2500,Score in Half,Moon Slits Right Panel,Yes 75 Envelopes A6
Majestic,Silk,6 x 9,Horizontal,Rectangle,16PT C2S,No Coating,Silk,n/a,4/0,5000,Score in Half,Moon Slits Right Panel,Yes 75 Envelopes A6
Majestic,Silk,6 x 9,Vertical,Rectangle,16PT C2S,No Coating,Silk,n/a,4/0,5000,Score in Half,Moon Slits Right Panel,Yes 75 Envelopes A6
Majestic,Silk,6 x 9,Horizontal,Rectangle,16PT C2S,No Coating,Silk,n/a,4/1,5000,Score in Half,Moon Slits Right Panel,Yes 75 Envelopes A6
Majestic,Silk,6 x 9,Vertical,Rectangle,16PT C2S,No Coating,Silk,n/a,4/1,5000,Score in Half,Moon Slits Right Panel,Yes 75 Envelopes A6
Majestic,Silk,6 x 9,Horizontal,Rectangle,16PT C2S,No Coating,Silk,n/a,4/4,5000,Score in Half,Moon Slits Right Panel,Yes 75 Envelopes A6
Majestic,Silk,6 x 9,Vertical,Rectangle,16PT C2S,No Coating,Silk,n/a,4/4,5000,Score in Half,Moon Slits Right Panel,Yes 75 Envelopes A6
Majestic,Silk,6 x 9,Horizontal,Rectangle,16PT C2S,No Coating,Silk,n/a,4/0,10000,Score in Half,Moon Slits Right Panel,Yes 75 Envelopes A6
Majestic,Silk,6 x 9,Vertical,Rectangle,16PT C2S,No Coating,Silk,n/a,4/0,10000,Score in Half,Moon Slits Right Panel,Yes 75 Envelopes A6
Majestic,Silk,6 x 9,Horizontal,Rectangle,16PT C2S,No Coating,Silk,n/a,4/1,10000,Score in Half,Moon Slits Right Panel,Yes 75 Envelopes A6
Majestic,Silk,6 x 9,Vertical,Rectangle,16PT C2S,No Coating,Silk,n/a,4/1,10000,Score in Half,Moon Slits Right Panel,Yes 75 Envelopes A6
Majestic,Silk,6 x 9,Horizontal,Rectangle,16PT C2S,No Coating,Silk,n/a,4/4,10000,Score in Half,Moon Slits Right Panel,Yes 75 Envelopes A6
Majestic,Silk,6 x 9,Vertical,Rectangle,16PT C2S,No Coating,Silk,n/a,4/4,10000,Score in Half,Moon Slits Right Panel,Yes 75 Envelopes A6
Majestic,Silk,6 x 9,Horizontal,Rectangle,16PT C2S,No Coating,Silk,n/a,4/0,25,Score in Half,No Gift Cards Slits,Yes 75 Envelopes A6
Majestic,Silk,6 x 9,Vertical,Rectangle,16PT C2S,No Coating,Silk,n/a,4/0,25,Score in Half,No Gift Cards Slits,Yes 75 Envelopes A6
Majestic,Silk,6 x 9,Horizontal,Rectangle,16PT C2S,No Coating,Silk,n/a,4/1,25,Score in Half,No Gift Cards Slits,Yes 75 Envelopes A6
Majestic,Silk,6 x 9,Vertical,Rectangle,16PT C2S,No Coating,Silk,n/a,4/1,25,Score in Half,No Gift Cards Slits,Yes 75 Envelopes A6
Majestic,Silk,6 x 9,Horizontal,Rectangle,16PT C2S,No Coating,Silk,n/a,4/4,25,Score in Half,No Gift Cards Slits,Yes 75 Envelopes A6
Majestic,Silk,6 x 9,Vertical,Rectangle,16PT C2S,No Coating,Silk,n/a,4/4,25,Score in Half,No Gift Cards Slits,Yes 75 Envelopes A6
Majestic,Silk,6 x 9,Horizontal,Rectangle,16PT C2S,No Coating,Silk,n/a,4/0,50,Score in Half,No Gift Cards Slits,Yes 75 Envelopes A6
Majestic,Silk,6 x 9,Vertical,Rectangle,16PT C2S,No Coating,Silk,n/a,4/0,50,Score in Half,No Gift Cards Slits,Yes 75 Envelopes A6
Majestic,Silk,6 x 9,Horizontal,Rectangle,16PT C2S,No Coating,Silk,n/a,4/1,50,Score in Half,No Gift Cards Slits,Yes 75 Envelopes A6
Majestic,Silk,6 x 9,Vertical,Rectangle,16PT C2S,No Coating,Silk,n/a,4/1,50,Score in Half,No Gift Cards Slits,Yes 75 Envelopes A6
Majestic,Silk,6 x 9,Horizontal,Rectangle,16PT C2S,No Coating,Silk,n/a,4/4,50,Score in Half,No Gift Cards Slits,Yes 75 Envelopes A6
Majestic,Silk,6 x 9,Vertical,Rectangle,16PT C2S,No Coating,Silk,n/a,4/4,50,Score in Half,No Gift Cards Slits,Yes 75 Envelopes A6
Majestic,Silk,6 x 9,Horizontal,Rectangle,16PT C2S,No Coating,Silk,n/a,4/0,75,Score in Half,No Gift Cards Slits,Yes 75 Envelopes A6
Majestic,Silk,6 x 9,Vertical,Rectangle,16PT C2S,No Coating,Silk,n/a,4/0,75,Score in Half,No Gift Cards Slits,Yes 75 Envelopes A6
Majestic,Silk,6 x 9,Horizontal,Rectangle,16PT C2S,No Coating,Silk,n/a,4/1,75,Score in Half,No Gift Cards Slits,Yes 75 Envelopes A6
Majestic,Silk,6 x 9,Vertical,Rectangle,16PT C2S,No Coating,Silk,n/a,4/1,75,Score in Half,No Gift Cards Slits,Yes 75 Envelopes A6
Majestic,Silk,6 x 9,Horizontal,Rectangle,16PT C2S,No Coating,Silk,n/a,4/4,10000,Score in Half,Moon Slits Bottom Panel,Yes 75 Envelopes A6
Majestic,Silk,6 x 9,Vertical,Rectangle,16PT C2S,No Coating,Silk,n/a,4/4,75,Score in Half,No Gift Cards Slits,Yes 75 Envelopes A6
Majestic,Silk,6 x 9,Horizontal,Rectangle,16PT C2S,No Coating,Silk,n/a,4/0,100,Score in Half,No Gift Cards Slits,Yes 75 Envelopes A6
Majestic,Silk,6 x 9,Vertical,Rectangle,16PT C2S,No Coating,Silk,n/a,4/0,100,Score in Half,No Gift Cards Slits,Yes 75 Envelopes A6
Majestic,Silk,6 x 9,Horizontal,Rectangle,16PT C2S,No Coating,Silk,n/a,4/1,100,Score in Half,No Gift Cards Slits,Yes 75 Envelopes A6
Majestic,Silk,6 x 9,Vertical,Rectangle,16PT C2S,No Coating,Silk,n/a,4/1,100,Score in Half,No Gift Cards Slits,Yes 75 Envelopes A6
Majestic,Silk,6 x 9,Horizontal,Rectangle,16PT C2S,No Coating,Silk,n/a,4/4,100,Score in Half,No Gift Cards Slits,Yes 75 Envelopes A6
Majestic,Silk,6 x 9,Vertical,Rectangle,16PT C2S,No Coating,Silk,n/a,4/4,100,Score in Half,No Gift Cards Slits,Yes 75 Envelopes A6
Majestic,Silk,6 x 9,Horizontal,Rectangle,16PT C2S,No Coating,Silk,n/a,4/0,250,Score in Half,No Gift Cards Slits,Yes 75 Envelopes A6
Majestic,Silk,6 x 9,Vertical,Rectangle,16PT C2S,No Coating,Silk,n/a,4/0,250,Score in Half,No Gift Cards Slits,Yes 75 Envelopes A6
Majestic,Silk,6 x 9,Horizontal,Rectangle,16PT C2S,No Coating,Silk,n/a,4/1,250,Score in Half,No Gift Cards Slits,Yes 75 Envelopes A6
Majestic,Silk,6 x 9,Vertical,Rectangle,16PT C2S,No Coating,Silk,n/a,4/4,50,Score in Half,Moon Slits Right Panel,Yes 75 Envelopes A6
Majestic,Silk,6 x 9,Horizontal,Rectangle,16PT C2S,No Coating,Silk,n/a,4/4,250,Score in Half,No Gift Cards Slits,Yes 75 Envelopes A6
Majestic,Silk,6 x 9,Vertical,Rectangle,16PT C2S,No Coating,Silk,n/a,4/4,250,Score in Half,No Gift Cards Slits,Yes 75 Envelopes A6
Majestic,Silk,6 x 9,Horizontal,Rectangle,16PT C2S,No Coating,Silk,n/a,4/0,500,Score in Half,No Gift Cards Slits,Yes 75 Envelopes A6
Majestic,Silk,6 x 9,Vertical,Rectangle,16PT C2S,No Coating,Silk,n/a,4/0,500,Score in Half,No Gift Cards Slits,Yes 75 Envelopes A6
Majestic,Silk,6 x 9,Horizontal,Rectangle,16PT C2S,No Coating,Silk,n/a,4/1,500,Score in Half,No Gift Cards Slits,Yes 75 Envelopes A6
Majestic,Silk,6 x 9,Vertical,Rectangle,16PT C2S,No Coating,Silk,n/a,4/1,500,Score in Half,No Gift Cards Slits,Yes 75 Envelopes A6
Majestic,Silk,6 x 9,Horizontal,Rectangle,16PT C2S,No Coating,Silk,n/a,4/4,500,Score in Half,No Gift Cards Slits,Yes 75 Envelopes A6
Majestic,Silk,6 x 9,Vertical,Rectangle,16PT C2S,No Coating,Silk,n/a,4/4,500,Score in Half,No Gift Cards Slits,Yes 75 Envelopes A6
Majestic,Silk,6 x 9,Horizontal,Rectangle,16PT C2S,No Coating,Silk,n/a,4/0,1000,Score in Half,No Gift Cards Slits,Yes 75 Envelopes A6
Majestic,Silk,6 x 9,Vertical,Rectangle,16PT C2S,No Coating,Silk,n/a,4/0,1000,Score in Half,No Gift Cards Slits,Yes 75 Envelopes A6
Majestic,Silk,6 x 9,Horizontal,Rectangle,16PT C2S,No Coating,Silk,n/a,4/1,1000,Score in Half,No Gift Cards Slits,Yes 75 Envelopes A6
Majestic,Silk,6 x 9,Vertical,Rectangle,16PT C2S,No Coating,Silk,n/a,4/1,1000,Score in Half,No Gift Cards Slits,Yes 75 Envelopes A6
Majestic,Silk,6 x 9,Horizontal,Rectangle,16PT C2S,No Coating,Silk,n/a,4/4,1000,Score in Half,No Gift Cards Slits,Yes 75 Envelopes A6
Majestic,Silk,6 x 9,Vertical,Rectangle,16PT C2S,No Coating,Silk,n/a,4/4,1000,Score in Half,No Gift Cards Slits,Yes 75 Envelopes A6
Majestic,Silk,6 x 9,Horizontal,Rectangle,16PT C2S,No Coating,Silk,n/a,4/0,2500,Score in Half,No Gift Cards Slits,Yes 75 Envelopes A6
Majestic,Silk,6 x 9,Vertical,Rectangle,16PT C2S,No Coating,Silk,n/a,4/0,2500,Score in Half,No Gift Cards Slits,Yes 75 Envelopes A6
Majestic,Silk,6 x 9,Horizontal,Rectangle,16PT C2S,No Coating,Silk,n/a,4/1,2500,Score in Half,No Gift Cards Slits,Yes 75 Envelopes A6
Majestic,Silk,6 x 9,Vertical,Rectangle,16PT C2S,No Coating,Silk,n/a,4/1,2500,Score in Half,No Gift Cards Slits,Yes 75 Envelopes A6
Majestic,Silk,6 x 9,Horizontal,Rectangle,16PT C2S,No Coating,Silk,n/a,4/4,2500,Score in Half,No Gift Cards Slits,Yes 75 Envelopes A6
Majestic,Silk,6 x 9,Vertical,Rectangle,16PT C2S,No Coating,Silk,n/a,4/4,2500,Score in Half,No Gift Cards Slits,Yes 75 Envelopes A6
Majestic,Silk,6 x 9,Vertical,Rectangle,16PT C2S,No Coating,Silk,n/a,4/1,100,Score in Half,Slide Slits Bottom Panel,Yes 50 Envelopes A6
Majestic,Silk,6 x 9,Vertical,Rectangle,16PT C2S,No Coating,Silk,n/a,4/0,5000,Score in Half,No Gift Cards Slits,Yes 75 Envelopes A6
Majestic,Silk,6 x 9,Horizontal,Rectangle,16PT C2S,No Coating,Silk,n/a,4/1,5000,Score in Half,No Gift Cards Slits,Yes 75 Envelopes A6
Majestic,Silk,6 x 9,Vertical,Rectangle,16PT C2S,No Coating,Silk,n/a,4/1,5000,Score in Half,No Gift Cards Slits,Yes 75 Envelopes A6
Majestic,Silk,6 x 9,Horizontal,Rectangle,16PT C2S,No Coating,Silk,n/a,4/4,5000,Score in Half,No Gift Cards Slits,Yes 75 Envelopes A6
Majestic,Silk,6 x 9,Vertical,Rectangle,16PT C2S,No Coating,Silk,n/a,4/4,5000,Score in Half,No Gift Cards Slits,Yes 75 Envelopes A6
Majestic,Silk,6 x 9,Horizontal,Rectangle,16PT C2S,No Coating,Silk,n/a,4/0,10000,Score in Half,No Gift Cards Slits,Yes 75 Envelopes A6
Majestic,Silk,6 x 9,Vertical,Rectangle,16PT C2S,No Coating,Silk,n/a,4/0,10000,Score in Half,No Gift Cards Slits,Yes 75 Envelopes A6
Majestic,Silk,6 x 9,Horizontal,Rectangle,16PT C2S,No Coating,Silk,n/a,4/1,10000,Score in Half,No Gift Cards Slits,Yes 75 Envelopes A6
Majestic,Silk,6 x 9,Vertical,Rectangle,16PT C2S,No Coating,Silk,n/a,4/1,10000,Score in Half,No Gift Cards Slits,Yes 75 Envelopes A6
Majestic,Silk,6 x 9,Horizontal,Rectangle,16PT C2S,No Coating,Silk,n/a,4/4,10000,Score in Half,No Gift Cards Slits,Yes 75 Envelopes A6
Majestic,Silk,6 x 9,Vertical,Rectangle,16PT C2S,No Coating,Silk,n/a,4/4,10000,Score in Half,No Gift Cards Slits,Yes 75 Envelopes A6
Majestic,Silk,6 x 9,Horizontal,Rectangle,16PT C2S,No Coating,Silk,n/a,4/0,25,Score in Half,Slide Slits Bottom Panel,Yes 75 Envelopes A6
Majestic,Silk,6 x 9,Vertical,Rectangle,16PT C2S,No Coating,Silk,n/a,4/0,25,Score in Half,Slide Slits Bottom Panel,Yes 75 Envelopes A6
Majestic,Silk,6 x 9,Horizontal,Rectangle,16PT C2S,No Coating,Silk,n/a,4/1,25,Score in Half,Slide Slits Bottom Panel,Yes 75 Envelopes A6
Majestic,Silk,6 x 9,Vertical,Rectangle,16PT C2S,No Coating,Silk,n/a,4/1,25,Score in Half,Slide Slits Bottom Panel,Yes 75 Envelopes A6
Majestic,Silk,6 x 9,Horizontal,Rectangle,16PT C2S,No Coating,Silk,n/a,4/4,25,Score in Half,Slide Slits Bottom Panel,Yes 75 Envelopes A6
Majestic,Silk,6 x 9,Vertical,Rectangle,16PT C2S,No Coating,Silk,n/a,4/1,250,Score in Half,No Gift Cards Slits,Yes 75 Envelopes A6
Majestic,Silk,6 x 9,Horizontal,Rectangle,16PT C2S,No Coating,Silk,n/a,4/0,50,Score in Half,Slide Slits Bottom Panel,Yes 75 Envelopes A6
Majestic,Silk,6 x 9,Vertical,Rectangle,16PT C2S,No Coating,Silk,n/a,4/0,50,Score in Half,Slide Slits Bottom Panel,Yes 75 Envelopes A6
Majestic,Silk,6 x 9,Vertical,Rectangle,16PT C2S,No Coating,Silk,n/a,4/1,50,Score in Half,Slide Slits Bottom Panel,Yes 75 Envelopes A6
Majestic,Silk,6 x 9,Horizontal,Rectangle,16PT C2S,No Coating,Silk,n/a,4/1,50,Score in Half,Slide Slits Bottom Panel,Yes 75 Envelopes A6
Majestic,Silk,6 x 9,Horizontal,Rectangle,16PT C2S,No Coating,Silk,n/a,4/4,50,Score in Half,Slide Slits Bottom Panel,Yes 75 Envelopes A6
Majestic,Silk,6 x 9,Vertical,Rectangle,16PT C2S,No Coating,Silk,n/a,4/4,50,Score in Half,Slide Slits Bottom Panel,Yes 75 Envelopes A6
Majestic,Silk,6 x 9,Horizontal,Rectangle,16PT C2S,No Coating,Silk,n/a,4/0,75,Score in Half,Slide Slits Bottom Panel,Yes 75 Envelopes A6
Majestic,Silk,6 x 9,Vertical,Rectangle,16PT C2S,No Coating,Silk,n/a,4/0,75,Score in Half,Slide Slits Bottom Panel,Yes 75 Envelopes A6
Majestic,Silk,6 x 9,Horizontal,Rectangle,16PT C2S,No Coating,Silk,n/a,4/1,75,Score in Half,Slide Slits Bottom Panel,Yes 75 Envelopes A6
Majestic,Silk,6 x 9,Vertical,Rectangle,16PT C2S,No Coating,Silk,n/a,4/1,75,Score in Half,Slide Slits Bottom Panel,Yes 75 Envelopes A6
Majestic,Silk,6 x 9,Vertical,Rectangle,16PT C2S,No Coating,Silk,n/a,4/4,75,Score in Half,Slide Slits Bottom Panel,Yes 75 Envelopes A6
Majestic,Silk,6 x 9,Horizontal,Rectangle,16PT C2S,No Coating,Silk,n/a,4/4,75,Score in Half,Slide Slits Bottom Panel,Yes 75 Envelopes A6
Majestic,Silk,6 x 9,Horizontal,Rectangle,16PT C2S,No Coating,Silk,n/a,4/0,100,Score in Half,Slide Slits Bottom Panel,Yes 75 Envelopes A6
Majestic,Silk,6 x 9,Vertical,Rectangle,16PT C2S,No Coating,Silk,n/a,4/0,100,Score in Half,Slide Slits Bottom Panel,Yes 75 Envelopes A6
Majestic,Silk,6 x 9,Horizontal,Rectangle,16PT C2S,No Coating,Silk,n/a,4/1,100,Score in Half,Slide Slits Bottom Panel,Yes 75 Envelopes A6
Majestic,Silk,6 x 9,Vertical,Rectangle,16PT C2S,No Coating,Silk,n/a,4/1,100,Score in Half,Slide Slits Bottom Panel,Yes 75 Envelopes A6
Majestic,Silk,6 x 9,Horizontal,Rectangle,16PT C2S,No Coating,Silk,n/a,4/4,100,Score in Half,Slide Slits Bottom Panel,Yes 75 Envelopes A6
Majestic,Silk,6 x 9,Vertical,Rectangle,16PT C2S,No Coating,Silk,n/a,4/4,100,Score in Half,Slide Slits Bottom Panel,Yes 75 Envelopes A6
Majestic,Silk,6 x 9,Horizontal,Rectangle,16PT C2S,No Coating,Silk,n/a,4/0,250,Score in Half,Slide Slits Bottom Panel,Yes 75 Envelopes A6
Majestic,Silk,6 x 9,Vertical,Rectangle,16PT C2S,No Coating,Silk,n/a,4/0,250,Score in Half,Slide Slits Bottom Panel,Yes 75 Envelopes A6
Majestic,Silk,6 x 9,Horizontal,Rectangle,16PT C2S,No Coating,Silk,n/a,4/1,250,Score in Half,Slide Slits Bottom Panel,Yes 75 Envelopes A6
Majestic,Silk,6 x 9,Vertical,Rectangle,16PT C2S,No Coating,Silk,n/a,4/1,250,Score in Half,Slide Slits Bottom Panel,Yes 75 Envelopes A6
Majestic,Silk,6 x 9,Vertical,Rectangle,16PT C2S,No Coating,Silk,n/a,4/4,250,Score in Half,Slide Slits Bottom Panel,Yes 75 Envelopes A6
Majestic,Silk,6 x 9,Horizontal,Rectangle,16PT C2S,No Coating,Silk,n/a,4/0,500,Score in Half,Slide Slits Bottom Panel,Yes 75 Envelopes A6
Majestic,Silk,6 x 9,Vertical,Rectangle,16PT C2S,No Coating,Silk,n/a,4/0,500,Score in Half,Slide Slits Bottom Panel,Yes 75 Envelopes A6
Majestic,Silk,6 x 9,Horizontal,Rectangle,16PT C2S,No Coating,Silk,n/a,4/4,250,Score in Half,Slide Slits Bottom Panel,Yes 75 Envelopes A6
Majestic,Silk,6 x 9,Horizontal,Rectangle,16PT C2S,No Coating,Silk,n/a,4/1,500,Score in Half,Slide Slits Bottom Panel,Yes 75 Envelopes A6
Majestic,Silk,6 x 9,Vertical,Rectangle,16PT C2S,No Coating,Silk,n/a,4/1,500,Score in Half,Slide Slits Bottom Panel,Yes 75 Envelopes A6
Majestic,Silk,6 x 9,Horizontal,Rectangle,16PT C2S,No Coating,Silk,n/a,4/4,500,Score in Half,Slide Slits Bottom Panel,Yes 75 Envelopes A6
Majestic,Silk,6 x 9,Vertical,Rectangle,16PT C2S,No Coating,Silk,n/a,4/4,500,Score in Half,Slide Slits Bottom Panel,Yes 75 Envelopes A6
Majestic,Silk,6 x 9,Horizontal,Rectangle,16PT C2S,No Coating,Silk,n/a,4/0,1000,Score in Half,Slide Slits Bottom Panel,Yes 75 Envelopes A6
Majestic,Silk,6 x 9,Vertical,Rectangle,16PT C2S,No Coating,Silk,n/a,4/0,1000,Score in Half,Slide Slits Bottom Panel,Yes 75 Envelopes A6
Majestic,Silk,6 x 9,Horizontal,Rectangle,16PT C2S,No Coating,Silk,n/a,4/1,1000,Score in Half,Slide Slits Bottom Panel,Yes 75 Envelopes A6
Majestic,Silk,6 x 9,Vertical,Rectangle,16PT C2S,No Coating,Silk,n/a,4/1,1000,Score in Half,Slide Slits Bottom Panel,Yes 75 Envelopes A6
Majestic,Silk,6 x 9,Horizontal,Rectangle,16PT C2S,No Coating,Silk,n/a,4/4,1000,Score in Half,Slide Slits Bottom Panel,Yes 75 Envelopes A6
Majestic,Silk,6 x 9,Vertical,Rectangle,16PT C2S,No Coating,Silk,n/a,4/4,1000,Score in Half,Slide Slits Bottom Panel,Yes 75 Envelopes A6
Majestic,Silk,6 x 9,Horizontal,Rectangle,16PT C2S,No Coating,Silk,n/a,4/0,2500,Score in Half,Slide Slits Bottom Panel,Yes 75 Envelopes A6
Majestic,Silk,6 x 9,Vertical,Rectangle,16PT C2S,No Coating,Silk,n/a,4/0,2500,Score in Half,Slide Slits Bottom Panel,Yes 75 Envelopes A6
Majestic,Silk,6 x 9,Horizontal,Rectangle,16PT C2S,No Coating,Silk,n/a,4/1,2500,Score in Half,Slide Slits Bottom Panel,Yes 75 Envelopes A6
Majestic,Silk,6 x 9,Vertical,Rectangle,16PT C2S,No Coating,Silk,n/a,4/1,2500,Score in Half,Slide Slits Bottom Panel,Yes 75 Envelopes A6
Majestic,Silk,6 x 9,Horizontal,Rectangle,16PT C2S,No Coating,Silk,n/a,4/0,5000,Score in Half,Slide Slits Bottom Panel,Yes 75 Envelopes A6
Majestic,Silk,6 x 9,Vertical,Rectangle,16PT C2S,No Coating,Silk,n/a,4/4,2500,Score in Half,Slide Slits Bottom Panel,Yes 75 Envelopes A6
Majestic,Silk,6 x 9,Horizontal,Rectangle,16PT C2S,No Coating,Silk,n/a,4/4,2500,Score in Half,Slide Slits Bottom Panel,Yes 75 Envelopes A6
Majestic,Silk,6 x 9,Vertical,Rectangle,16PT C2S,No Coating,Silk,n/a,4/0,5000,Score in Half,Slide Slits Bottom Panel,Yes 75 Envelopes A6
Majestic,Silk,6 x 9,Vertical,Rectangle,16PT C2S,No Coating,Silk,n/a,4/1,5000,Score in Half,Slide Slits Bottom Panel,Yes 75 Envelopes A6
Majestic,Silk,6 x 9,Horizontal,Rectangle,16PT C2S,No Coating,Silk,n/a,4/1,5000,Score in Half,Slide Slits Bottom Panel,Yes 75 Envelopes A6
Majestic,Silk,6 x 9,Vertical,Rectangle,16PT C2S,No Coating,Silk,n/a,4/4,5000,Score in Half,Slide Slits Bottom Panel,Yes 75 Envelopes A6
Majestic,Silk,6 x 9,Horizontal,Rectangle,16PT C2S,No Coating,Silk,n/a,4/4,5000,Score in Half,Slide Slits Bottom Panel,Yes 75 Envelopes A6
Majestic,Silk,6 x 9,Horizontal,Rectangle,16PT C2S,No Coating,Silk,n/a,4/0,10000,Score in Half,Slide Slits Bottom Panel,Yes 75 Envelopes A6
Majestic,Silk,6 x 9,Vertical,Rectangle,16PT C2S,No Coating,Silk,n/a,4/0,10000,Score in Half,Slide Slits Bottom Panel,Yes 75 Envelopes A6
Majestic,Silk,6 x 9,Horizontal,Rectangle,16PT C2S,No Coating,Silk,n/a,4/1,10000,Score in Half,Slide Slits Bottom Panel,Yes 75 Envelopes A6
Majestic,Silk,6 x 9,Vertical,Rectangle,16PT C2S,No Coating,Silk,n/a,4/1,10000,Score in Half,Slide Slits Bottom Panel,Yes 75 Envelopes A6
Majestic,Silk,6 x 9,Horizontal,Rectangle,16PT C2S,No Coating,Silk,n/a,4/4,10000,Score in Half,Slide Slits Bottom Panel,Yes 75 Envelopes A6
Majestic,Silk,6 x 9,Vertical,Rectangle,16PT C2S,No Coating,Silk,n/a,4/4,10000,Score in Half,Slide Slits Bottom Panel,Yes 75 Envelopes A6
Majestic,Silk,6 x 9,Horizontal,Rectangle,16PT C2S,No Coating,Silk,n/a,4/0,25,Score in Half,Slide Slits Right Panel,Yes 75 Envelopes A6
Majestic,Silk,6 x 9,Vertical,Rectangle,16PT C2S,No Coating,Silk,n/a,4/0,25,Score in Half,Slide Slits Right Panel,Yes 75 Envelopes A6
Majestic,Silk,6 x 9,Horizontal,Rectangle,16PT C2S,No Coating,Silk,n/a,4/1,25,Score in Half,Slide Slits Right Panel,Yes 75 Envelopes A6
Majestic,Silk,6 x 9,Vertical,Rectangle,16PT C2S,No Coating,Silk,n/a,4/1,25,Score in Half,Slide Slits Right Panel,Yes 75 Envelopes A6
Majestic,Silk,6 x 9,Horizontal,Rectangle,16PT C2S,No Coating,Silk,n/a,4/4,25,Score in Half,Slide Slits Right Panel,Yes 75 Envelopes A6
Majestic,Silk,6 x 9,Vertical,Rectangle,16PT C2S,No Coating,Silk,n/a,4/4,25,Score in Half,Slide Slits Right Panel,Yes 75 Envelopes A6
Majestic,Silk,6 x 9,Horizontal,Rectangle,16PT C2S,No Coating,Silk,n/a,4/0,50,Score in Half,Slide Slits Right Panel,Yes 75 Envelopes A6
Majestic,Silk,6 x 9,Vertical,Rectangle,16PT C2S,No Coating,Silk,n/a,4/0,50,Score in Half,Slide Slits Right Panel,Yes 75 Envelopes A6
Majestic,Silk,6 x 9,Horizontal,Rectangle,16PT C2S,No Coating,Silk,n/a,4/1,50,Score in Half,Slide Slits Right Panel,Yes 75 Envelopes A6
Majestic,Silk,6 x 9,Vertical,Rectangle,16PT C2S,No Coating,Silk,n/a,4/1,50,Score in Half,Slide Slits Right Panel,Yes 75 Envelopes A6
Majestic,Silk,6 x 9,Horizontal,Rectangle,16PT C2S,No Coating,Silk,n/a,4/4,50,Score in Half,Slide Slits Right Panel,Yes 75 Envelopes A6
Majestic,Silk,6 x 9,Vertical,Rectangle,16PT C2S,No Coating,Silk,n/a,4/4,50,Score in Half,Slide Slits Right Panel,Yes 75 Envelopes A6
Majestic,Silk,6 x 9,Horizontal,Rectangle,16PT C2S,No Coating,Silk,n/a,4/0,75,Score in Half,Slide Slits Right Panel,Yes 75 Envelopes A6
Majestic,Silk,6 x 9,Vertical,Rectangle,16PT C2S,No Coating,Silk,n/a,4/0,75,Score in Half,Slide Slits Right Panel,Yes 75 Envelopes A6
Majestic,Silk,6 x 9,Horizontal,Rectangle,16PT C2S,No Coating,Silk,n/a,4/1,75,Score in Half,Slide Slits Right Panel,Yes 75 Envelopes A6
Majestic,Silk,6 x 9,Vertical,Rectangle,16PT C2S,No Coating,Silk,n/a,4/1,75,Score in Half,Slide Slits Right Panel,Yes 75 Envelopes A6
Majestic,Silk,6 x 9,Horizontal,Rectangle,16PT C2S,No Coating,Silk,n/a,4/4,75,Score in Half,Slide Slits Right Panel,Yes 75 Envelopes A6
Majestic,Silk,6 x 9,Vertical,Rectangle,16PT C2S,No Coating,Silk,n/a,4/4,75,Score in Half,Slide Slits Right Panel,Yes 75 Envelopes A6
Majestic,Silk,6 x 9,Horizontal,Rectangle,16PT C2S,No Coating,Silk,n/a,4/0,100,Score in Half,Slide Slits Right Panel,Yes 75 Envelopes A6
Majestic,Silk,6 x 9,Vertical,Rectangle,16PT C2S,No Coating,Silk,n/a,4/0,100,Score in Half,Slide Slits Right Panel,Yes 75 Envelopes A6
Majestic,Silk,6 x 9,Horizontal,Rectangle,16PT C2S,No Coating,Silk,n/a,4/1,100,Score in Half,Slide Slits Right Panel,Yes 75 Envelopes A6
Majestic,Silk,6 x 9,Horizontal,Rectangle,16PT C2S,No Coating,Silk,n/a,4/4,100,Score in Half,Slide Slits Right Panel,Yes 75 Envelopes A6
Majestic,Silk,6 x 9,Vertical,Rectangle,16PT C2S,No Coating,Silk,n/a,4/1,100,Score in Half,Slide Slits Right Panel,Yes 75 Envelopes A6
Majestic,Silk,6 x 9,Vertical,Rectangle,16PT C2S,No Coating,Silk,n/a,4/4,100,Score in Half,Slide Slits Right Panel,Yes 75 Envelopes A6
Majestic,Silk,6 x 9,Horizontal,Rectangle,16PT C2S,No Coating,Silk,n/a,4/0,250,Score in Half,Slide Slits Right Panel,Yes 75 Envelopes A6
Majestic,Silk,6 x 9,Vertical,Rectangle,16PT C2S,No Coating,Silk,n/a,4/0,250,Score in Half,Slide Slits Right Panel,Yes 75 Envelopes A6
Majestic,Silk,6 x 9,Horizontal,Rectangle,16PT C2S,No Coating,Silk,n/a,4/1,250,Score in Half,Slide Slits Right Panel,Yes 75 Envelopes A6
Majestic,Silk,6 x 9,Vertical,Rectangle,16PT C2S,No Coating,Silk,n/a,4/1,250,Score in Half,Slide Slits Right Panel,Yes 75 Envelopes A6
Majestic,Silk,6 x 9,Horizontal,Rectangle,16PT C2S,No Coating,Silk,n/a,4/4,250,Score in Half,Slide Slits Right Panel,Yes 75 Envelopes A6
Majestic,Silk,6 x 9,Vertical,Rectangle,16PT C2S,No Coating,Silk,n/a,4/4,250,Score in Half,Slide Slits Right Panel,Yes 75 Envelopes A6
Majestic,Silk,6 x 9,Horizontal,Rectangle,16PT C2S,No Coating,Silk,n/a,4/0,500,Score in Half,Slide Slits Right Panel,Yes 75 Envelopes A6
Majestic,Silk,6 x 9,Vertical,Rectangle,16PT C2S,No Coating,Silk,n/a,4/0,500,Score in Half,Slide Slits Right Panel,Yes 75 Envelopes A6
Majestic,Silk,6 x 9,Horizontal,Rectangle,16PT C2S,No Coating,Silk,n/a,4/1,500,Score in Half,Slide Slits Right Panel,Yes 75 Envelopes A6
Majestic,Silk,6 x 9,Vertical,Rectangle,16PT C2S,No Coating,Silk,n/a,4/1,500,Score in Half,Slide Slits Right Panel,Yes 75 Envelopes A6
Majestic,Silk,6 x 9,Horizontal,Rectangle,16PT C2S,No Coating,Silk,n/a,4/4,500,Score in Half,Slide Slits Right Panel,Yes 75 Envelopes A6
Majestic,Silk,6 x 9,Vertical,Rectangle,16PT C2S,No Coating,Silk,n/a,4/4,500,Score in Half,Slide Slits Right Panel,Yes 75 Envelopes A6
Majestic,Silk,6 x 9,Horizontal,Rectangle,16PT C2S,No Coating,Silk,n/a,4/0,1000,Score in Half,Slide Slits Right Panel,Yes 75 Envelopes A6
Majestic,Silk,6 x 9,Vertical,Rectangle,16PT C2S,No Coating,Silk,n/a,4/0,1000,Score in Half,Slide Slits Right Panel,Yes 75 Envelopes A6
Majestic,Silk,6 x 9,Horizontal,Rectangle,16PT C2S,No Coating,Silk,n/a,4/1,1000,Score in Half,Slide Slits Right Panel,Yes 75 Envelopes A6
Majestic,Silk,6 x 9,Vertical,Rectangle,16PT C2S,No Coating,Silk,n/a,4/1,1000,Score in Half,Slide Slits Right Panel,Yes 75 Envelopes A6
Majestic,Silk,6 x 9,Horizontal,Rectangle,16PT C2S,No Coating,Silk,n/a,4/4,1000,Score in Half,Slide Slits Right Panel,Yes 75 Envelopes A6
Majestic,Silk,6 x 9,Vertical,Rectangle,16PT C2S,No Coating,Silk,n/a,4/4,1000,Score in Half,Slide Slits Right Panel,Yes 75 Envelopes A6
Majestic,Silk,6 x 9,Horizontal,Rectangle,16PT C2S,No Coating,Silk,n/a,4/0,2500,Score in Half,Slide Slits Right Panel,Yes 75 Envelopes A6
Majestic,Silk,6 x 9,Vertical,Rectangle,16PT C2S,No Coating,Silk,n/a,4/0,2500,Score in Half,Slide Slits Right Panel,Yes 75 Envelopes A6
Majestic,Silk,6 x 9,Horizontal,Rectangle,16PT C2S,No Coating,Silk,n/a,4/1,2500,Score in Half,Slide Slits Right Panel,Yes 75 Envelopes A6
Majestic,Silk,6 x 9,Vertical,Rectangle,16PT C2S,No Coating,Silk,n/a,4/1,2500,Score in Half,Slide Slits Right Panel,Yes 75 Envelopes A6
Majestic,Silk,6 x 9,Horizontal,Rectangle,16PT C2S,No Coating,Silk,n/a,4/4,2500,Score in Half,Slide Slits Right Panel,Yes 75 Envelopes A6
Majestic,Silk,6 x 9,Vertical,Rectangle,16PT C2S,No Coating,Silk,n/a,4/4,2500,Score in Half,Slide Slits Right Panel,Yes 75 Envelopes A6
Majestic,Silk,6 x 9,Vertical,Rectangle,16PT C2S,No Coating,Silk,n/a,4/0,5000,Score in Half,Slide Slits Right Panel,Yes 75 Envelopes A6
Majestic,Silk,6 x 9,Horizontal,Rectangle,16PT C2S,No Coating,Silk,n/a,4/1,5000,Score in Half,Slide Slits Right Panel,Yes 75 Envelopes A6
Majestic,Silk,6 x 9,Horizontal,Rectangle,16PT C2S,No Coating,Silk,n/a,4/0,5000,Score in Half,Slide Slits Right Panel,Yes 75 Envelopes A6
Majestic,Silk,6 x 9,Vertical,Rectangle,16PT C2S,No Coating,Silk,n/a,4/1,5000,Score in Half,Slide Slits Right Panel,Yes 75 Envelopes A6
Majestic,Silk,6 x 9,Horizontal,Rectangle,16PT C2S,No Coating,Silk,n/a,4/4,5000,Score in Half,Slide Slits Right Panel,Yes 75 Envelopes A6
Majestic,Silk,6 x 9,Vertical,Rectangle,16PT C2S,No Coating,Silk,n/a,4/4,5000,Score in Half,Slide Slits Right Panel,Yes 75 Envelopes A6
Majestic,Silk,6 x 9,Horizontal,Rectangle,16PT C2S,No Coating,Silk,n/a,4/0,10000,Score in Half,Slide Slits Right Panel,Yes 75 Envelopes A6
Majestic,Silk,6 x 9,Vertical,Rectangle,16PT C2S,No Coating,Silk,n/a,4/0,10000,Score in Half,Slide Slits Right Panel,Yes 75 Envelopes A6
Majestic,Silk,6 x 9,Horizontal,Rectangle,16PT C2S,No Coating,Silk,n/a,4/1,10000,Score in Half,Slide Slits Right Panel,Yes 75 Envelopes A6
Majestic,Silk,6 x 9,Vertical,Rectangle,16PT C2S,No Coating,Silk,n/a,4/1,10000,Score in Half,Slide Slits Right Panel,Yes 75 Envelopes A6
Majestic,Silk,6 x 9,Horizontal,Rectangle,16PT C2S,No Coating,Silk,n/a,4/4,10000,Score in Half,Slide Slits Right Panel,Yes 75 Envelopes A6
Majestic,Silk,6 x 9,Vertical,Rectangle,16PT C2S,No Coating,Silk,n/a,4/4,10000,Score in Half,Slide Slits Right Panel,Yes 75 Envelopes A6
Majestic,Silk,6 x 9,Horizontal,Rectangle,16PT C2S,No Coating,Silk,n/a,4/0,25,Score in Half,Moon Slits Bottom Panel,Yes 100 Envelopes A6
Majestic,Silk,6 x 9,Vertical,Rectangle,16PT C2S,No Coating,Silk,n/a,4/0,25,Score in Half,Moon Slits Bottom Panel,Yes 100 Envelopes A6
Majestic,Silk,6 x 9,Horizontal,Rectangle,16PT C2S,No Coating,Silk,n/a,4/1,25,Score in Half,Moon Slits Bottom Panel,Yes 100 Envelopes A6
Majestic,Silk,6 x 9,Vertical,Rectangle,16PT C2S,No Coating,Silk,n/a,4/1,25,Score in Half,Moon Slits Bottom Panel,Yes 100 Envelopes A6
Majestic,Silk,6 x 9,Horizontal,Rectangle,16PT C2S,No Coating,Silk,n/a,4/4,25,Score in Half,Moon Slits Bottom Panel,Yes 100 Envelopes A6
Majestic,Silk,6 x 9,Vertical,Rectangle,16PT C2S,No Coating,Silk,n/a,4/4,25,Score in Half,Moon Slits Bottom Panel,Yes 100 Envelopes A6
Majestic,Silk,6 x 9,Horizontal,Rectangle,16PT C2S,No Coating,Silk,n/a,4/0,50,Score in Half,Moon Slits Bottom Panel,Yes 100 Envelopes A6
Majestic,Silk,6 x 9,Vertical,Rectangle,16PT C2S,No Coating,Silk,n/a,4/0,50,Score in Half,Moon Slits Bottom Panel,Yes 100 Envelopes A6
Majestic,Silk,6 x 9,Horizontal,Rectangle,16PT C2S,No Coating,Silk,n/a,4/1,50,Score in Half,Moon Slits Bottom Panel,Yes 100 Envelopes A6
Majestic,Silk,6 x 9,Vertical,Rectangle,16PT C2S,No Coating,Silk,n/a,4/1,50,Score in Half,Moon Slits Bottom Panel,Yes 100 Envelopes A6
Majestic,Silk,6 x 9,Horizontal,Rectangle,16PT C2S,No Coating,Silk,n/a,4/4,50,Score in Half,Moon Slits Bottom Panel,Yes 100 Envelopes A6
Majestic,Silk,6 x 9,Vertical,Rectangle,16PT C2S,No Coating,Silk,n/a,4/4,50,Score in Half,Moon Slits Bottom Panel,Yes 100 Envelopes A6
Majestic,Silk,6 x 9,Horizontal,Rectangle,16PT C2S,No Coating,Silk,n/a,4/0,75,Score in Half,Moon Slits Bottom Panel,Yes 100 Envelopes A6
Majestic,Silk,6 x 9,Vertical,Rectangle,16PT C2S,No Coating,Silk,n/a,4/0,75,Score in Half,Moon Slits Bottom Panel,Yes 100 Envelopes A6
Majestic,Silk,6 x 9,Horizontal,Rectangle,16PT C2S,No Coating,Silk,n/a,4/1,75,Score in Half,Moon Slits Bottom Panel,Yes 100 Envelopes A6
Majestic,Silk,6 x 9,Vertical,Rectangle,16PT C2S,No Coating,Silk,n/a,4/1,75,Score in Half,Moon Slits Bottom Panel,Yes 100 Envelopes A6
Majestic,Silk,6 x 9,Horizontal,Rectangle,16PT C2S,No Coating,Silk,n/a,4/4,75,Score in Half,Moon Slits Bottom Panel,Yes 100 Envelopes A6
Majestic,Silk,6 x 9,Vertical,Rectangle,16PT C2S,No Coating,Silk,n/a,4/4,75,Score in Half,Moon Slits Bottom Panel,Yes 100 Envelopes A6
Majestic,Silk,6 x 9,Horizontal,Rectangle,16PT C2S,No Coating,Silk,n/a,4/0,100,Score in Half,Moon Slits Bottom Panel,Yes 100 Envelopes A6
Majestic,Silk,6 x 9,Horizontal,Rectangle,16PT C2S,No Coating,Silk,n/a,4/1,100,Score in Half,Moon Slits Bottom Panel,Yes 100 Envelopes A6
Majestic,Silk,6 x 9,Vertical,Rectangle,16PT C2S,No Coating,Silk,n/a,4/0,100,Score in Half,Moon Slits Bottom Panel,Yes 100 Envelopes A6
Majestic,Silk,6 x 9,Vertical,Rectangle,16PT C2S,No Coating,Silk,n/a,4/1,100,Score in Half,Moon Slits Bottom Panel,Yes 100 Envelopes A6
Majestic,Silk,6 x 9,Horizontal,Rectangle,16PT C2S,No Coating,Silk,n/a,4/4,100,Score in Half,Moon Slits Bottom Panel,Yes 100 Envelopes A6
Majestic,Silk,6 x 9,Vertical,Rectangle,16PT C2S,No Coating,Silk,n/a,4/4,100,Score in Half,Moon Slits Bottom Panel,Yes 100 Envelopes A6
Majestic,Silk,6 x 9,Horizontal,Rectangle,16PT C2S,No Coating,Silk,n/a,4/0,250,Score in Half,Moon Slits Bottom Panel,Yes 100 Envelopes A6
Majestic,Silk,6 x 9,Vertical,Rectangle,16PT C2S,No Coating,Silk,n/a,4/0,250,Score in Half,Moon Slits Bottom Panel,Yes 100 Envelopes A6
Majestic,Silk,6 x 9,Horizontal,Rectangle,16PT C2S,No Coating,Silk,n/a,4/1,250,Score in Half,Moon Slits Bottom Panel,Yes 100 Envelopes A6
Majestic,Silk,6 x 9,Horizontal,Rectangle,16PT C2S,No Coating,Silk,n/a,4/4,250,Score in Half,Moon Slits Bottom Panel,Yes 100 Envelopes A6
Majestic,Silk,6 x 9,Horizontal,Rectangle,16PT C2S,No Coating,Silk,n/a,4/4,75,Score in Half,No Gift Cards Slits,Yes 75 Envelopes A6
Majestic,Silk,6 x 9,Vertical,Rectangle,16PT C2S,No Coating,Silk,n/a,4/1,250,Score in Half,Moon Slits Bottom Panel,Yes 100 Envelopes A6
Majestic,Silk,6 x 9,Horizontal,Rectangle,16PT C2S,No Coating,Silk,n/a,4/0,500,Score in Half,Moon Slits Bottom Panel,Yes 100 Envelopes A6
Majestic,Silk,6 x 9,Vertical,Rectangle,16PT C2S,No Coating,Silk,n/a,4/0,500,Score in Half,Moon Slits Bottom Panel,Yes 100 Envelopes A6
Majestic,Silk,6 x 9,Vertical,Rectangle,16PT C2S,No Coating,Silk,n/a,4/1,500,Score in Half,Moon Slits Bottom Panel,Yes 100 Envelopes A6
Majestic,Silk,6 x 9,Horizontal,Rectangle,16PT C2S,No Coating,Silk,n/a,4/4,500,Score in Half,Moon Slits Bottom Panel,Yes 100 Envelopes A6
Majestic,Silk,6 x 9,Horizontal,Rectangle,16PT C2S,No Coating,Silk,n/a,4/1,500,Score in Half,Moon Slits Bottom Panel,Yes 100 Envelopes A6
Majestic,Silk,6 x 9,Vertical,Rectangle,16PT C2S,No Coating,Silk,n/a,4/4,500,Score in Half,Moon Slits Bottom Panel,Yes 100 Envelopes A6
Majestic,Silk,6 x 9,Horizontal,Rectangle,16PT C2S,No Coating,Silk,n/a,4/0,5000,Score in Half,No Gift Cards Slits,Yes 75 Envelopes A6
Majestic,Silk,6 x 9,Vertical,Rectangle,16PT C2S,No Coating,Silk,n/a,4/0,1000,Score in Half,Moon Slits Bottom Panel,Yes 100 Envelopes A6
Majestic,Silk,6 x 9,Horizontal,Rectangle,16PT C2S,No Coating,Silk,n/a,4/1,1000,Score in Half,Moon Slits Bottom Panel,Yes 100 Envelopes A6
Majestic,Silk,6 x 9,Vertical,Rectangle,16PT C2S,No Coating,Silk,n/a,4/4,250,Score in Half,Moon Slits Bottom Panel,Yes 100 Envelopes A6
Majestic,Silk,6 x 9,Horizontal,Rectangle,16PT C2S,No Coating,Silk,n/a,4/4,1000,Score in Half,Moon Slits Bottom Panel,Yes 100 Envelopes A6
Majestic,Silk,6 x 9,Vertical,Rectangle,16PT C2S,No Coating,Silk,n/a,4/4,1000,Score in Half,Moon Slits Bottom Panel,Yes 100 Envelopes A6
Majestic,Silk,6 x 9,Horizontal,Rectangle,16PT C2S,No Coating,Silk,n/a,4/0,2500,Score in Half,Moon Slits Bottom Panel,Yes 100 Envelopes A6
Majestic,Silk,6 x 9,Vertical,Rectangle,16PT C2S,No Coating,Silk,n/a,4/0,2500,Score in Half,Moon Slits Bottom Panel,Yes 100 Envelopes A6
Majestic,Silk,6 x 9,Horizontal,Rectangle,16PT C2S,No Coating,Silk,n/a,4/1,2500,Score in Half,Moon Slits Bottom Panel,Yes 100 Envelopes A6
Majestic,Silk,6 x 9,Vertical,Rectangle,16PT C2S,No Coating,Silk,n/a,4/1,2500,Score in Half,Moon Slits Bottom Panel,Yes 100 Envelopes A6
Majestic,Silk,6 x 9,Horizontal,Rectangle,16PT C2S,No Coating,Silk,n/a,4/4,2500,Score in Half,Moon Slits Bottom Panel,Yes 100 Envelopes A6
Majestic,Silk,6 x 9,Vertical,Rectangle,16PT C2S,No Coating,Silk,n/a,4/4,2500,Score in Half,Moon Slits Bottom Panel,Yes 100 Envelopes A6
Majestic,Silk,6 x 9,Horizontal,Rectangle,16PT C2S,No Coating,Silk,n/a,4/0,5000,Score in Half,Moon Slits Bottom Panel,Yes 100 Envelopes A6
Majestic,Silk,6 x 9,Vertical,Rectangle,16PT C2S,No Coating,Silk,n/a,4/0,5000,Score in Half,Moon Slits Bottom Panel,Yes 100 Envelopes A6
Majestic,Silk,6 x 9,Horizontal,Rectangle,16PT C2S,No Coating,Silk,n/a,4/1,5000,Score in Half,Moon Slits Bottom Panel,Yes 100 Envelopes A6
Majestic,Silk,6 x 9,Vertical,Rectangle,16PT C2S,No Coating,Silk,n/a,4/1,5000,Score in Half,Moon Slits Bottom Panel,Yes 100 Envelopes A6
Majestic,Silk,6 x 9,Horizontal,Rectangle,16PT C2S,No Coating,Silk,n/a,4/4,5000,Score in Half,Moon Slits Bottom Panel,Yes 100 Envelopes A6
Majestic,Silk,6 x 9,Vertical,Rectangle,16PT C2S,No Coating,Silk,n/a,4/4,5000,Score in Half,Moon Slits Bottom Panel,Yes 100 Envelopes A6
Majestic,Silk,6 x 9,Horizontal,Rectangle,16PT C2S,No Coating,Silk,n/a,4/0,10000,Score in Half,Moon Slits Bottom Panel,Yes 100 Envelopes A6
Majestic,Silk,6 x 9,Vertical,Rectangle,16PT C2S,No Coating,Silk,n/a,4/0,10000,Score in Half,Moon Slits Bottom Panel,Yes 100 Envelopes A6
Majestic,Silk,6 x 9,Horizontal,Rectangle,16PT C2S,No Coating,Silk,n/a,4/1,10000,Score in Half,Moon Slits Bottom Panel,Yes 100 Envelopes A6
Majestic,Silk,6 x 9,Vertical,Rectangle,16PT C2S,No Coating,Silk,n/a,4/1,10000,Score in Half,Moon Slits Bottom Panel,Yes 100 Envelopes A6
Majestic,Silk,6 x 9,Horizontal,Rectangle,16PT C2S,No Coating,Silk,n/a,4/4,10000,Score in Half,Moon Slits Bottom Panel,Yes 100 Envelopes A6
Majestic,Silk,6 x 9,Vertical,Rectangle,16PT C2S,No Coating,Silk,n/a,4/4,10000,Score in Half,Moon Slits Bottom Panel,Yes 100 Envelopes A6
Majestic,Silk,6 x 9,Horizontal,Rectangle,16PT C2S,No Coating,Silk,n/a,4/0,25,Score in Half,Moon Slits Right Panel,Yes 100 Envelopes A6
Majestic,Silk,6 x 9,Vertical,Rectangle,16PT C2S,No Coating,Silk,n/a,4/0,25,Score in Half,Moon Slits Right Panel,Yes 100 Envelopes A6
Majestic,Silk,6 x 9,Horizontal,Rectangle,16PT C2S,No Coating,Silk,n/a,4/1,25,Score in Half,Moon Slits Right Panel,Yes 100 Envelopes A6
Majestic,Silk,6 x 9,Vertical,Rectangle,16PT C2S,No Coating,Silk,n/a,4/1,25,Score in Half,Moon Slits Right Panel,Yes 100 Envelopes A6
Majestic,Silk,6 x 9,Horizontal,Rectangle,16PT C2S,No Coating,Silk,n/a,4/4,25,Score in Half,Moon Slits Right Panel,Yes 100 Envelopes A6
Majestic,Silk,6 x 9,Vertical,Rectangle,16PT C2S,No Coating,Silk,n/a,4/4,25,Score in Half,Slide Slits Bottom Panel,Yes 75 Envelopes A6
Majestic,Silk,6 x 9,Horizontal,Rectangle,16PT C2S,No Coating,Silk,n/a,4/0,50,Score in Half,Moon Slits Right Panel,Yes 100 Envelopes A6
Majestic,Silk,6 x 9,Vertical,Rectangle,16PT C2S,No Coating,Silk,n/a,4/0,50,Score in Half,Moon Slits Right Panel,Yes 100 Envelopes A6
Majestic,Silk,6 x 9,Horizontal,Rectangle,16PT C2S,No Coating,Silk,n/a,4/1,50,Score in Half,Moon Slits Right Panel,Yes 100 Envelopes A6
Majestic,Silk,6 x 9,Vertical,Rectangle,16PT C2S,No Coating,Silk,n/a,4/1,50,Score in Half,Moon Slits Right Panel,Yes 100 Envelopes A6
Majestic,Silk,6 x 9,Horizontal,Rectangle,16PT C2S,No Coating,Silk,n/a,4/4,50,Score in Half,Moon Slits Right Panel,Yes 100 Envelopes A6
Majestic,Silk,6 x 9,Vertical,Rectangle,16PT C2S,No Coating,Silk,n/a,4/4,50,Score in Half,Moon Slits Right Panel,Yes 100 Envelopes A6
Majestic,Silk,6 x 9,Horizontal,Rectangle,16PT C2S,No Coating,Silk,n/a,4/0,75,Score in Half,Moon Slits Right Panel,Yes 100 Envelopes A6
Majestic,Silk,6 x 9,Vertical,Rectangle,16PT C2S,No Coating,Silk,n/a,4/0,75,Score in Half,Moon Slits Right Panel,Yes 100 Envelopes A6
Majestic,Silk,6 x 9,Horizontal,Rectangle,16PT C2S,No Coating,Silk,n/a,4/1,75,Score in Half,Moon Slits Right Panel,Yes 100 Envelopes A6
Majestic,Silk,6 x 9,Vertical,Rectangle,16PT C2S,No Coating,Silk,n/a,4/1,75,Score in Half,Moon Slits Right Panel,Yes 100 Envelopes A6
Majestic,Silk,6 x 9,Horizontal,Rectangle,16PT C2S,No Coating,Silk,n/a,4/4,75,Score in Half,Moon Slits Right Panel,Yes 100 Envelopes A6
Majestic,Silk,6 x 9,Vertical,Rectangle,16PT C2S,No Coating,Silk,n/a,4/4,75,Score in Half,Moon Slits Right Panel,Yes 100 Envelopes A6
Majestic,Silk,6 x 9,Horizontal,Rectangle,16PT C2S,No Coating,Silk,n/a,4/0,100,Score in Half,Moon Slits Right Panel,Yes 100 Envelopes A6
Majestic,Silk,6 x 9,Vertical,Rectangle,16PT C2S,No Coating,Silk,n/a,4/0,100,Score in Half,Moon Slits Right Panel,Yes 100 Envelopes A6
Majestic,Silk,6 x 9,Horizontal,Rectangle,16PT C2S,No Coating,Silk,n/a,4/1,100,Score in Half,Moon Slits Right Panel,Yes 100 Envelopes A6
Majestic,Silk,6 x 9,Vertical,Rectangle,16PT C2S,No Coating,Silk,n/a,4/1,100,Score in Half,Moon Slits Right Panel,Yes 100 Envelopes A6
Majestic,Silk,6 x 9,Horizontal,Rectangle,16PT C2S,No Coating,Silk,n/a,4/4,100,Score in Half,Moon Slits Right Panel,Yes 100 Envelopes A6
Majestic,Silk,6 x 9,Vertical,Rectangle,16PT C2S,No Coating,Silk,n/a,4/4,100,Score in Half,Moon Slits Right Panel,Yes 100 Envelopes A6
Majestic,Silk,6 x 9,Horizontal,Rectangle,16PT C2S,No Coating,Silk,n/a,4/0,250,Score in Half,Moon Slits Right Panel,Yes 100 Envelopes A6
Majestic,Silk,6 x 9,Vertical,Rectangle,16PT C2S,No Coating,Silk,n/a,4/0,250,Score in Half,Moon Slits Right Panel,Yes 100 Envelopes A6
Majestic,Silk,6 x 9,Horizontal,Rectangle,16PT C2S,No Coating,Silk,n/a,4/1,250,Score in Half,Moon Slits Right Panel,Yes 100 Envelopes A6
Majestic,Silk,6 x 9,Vertical,Rectangle,16PT C2S,No Coating,Silk,n/a,4/1,250,Score in Half,Moon Slits Right Panel,Yes 100 Envelopes A6
Majestic,Silk,6 x 9,Horizontal,Rectangle,16PT C2S,No Coating,Silk,n/a,4/4,250,Score in Half,Moon Slits Right Panel,Yes 100 Envelopes A6
Majestic,Silk,6 x 9,Vertical,Rectangle,16PT C2S,No Coating,Silk,n/a,4/4,250,Score in Half,Moon Slits Right Panel,Yes 100 Envelopes A6
Majestic,Silk,6 x 9,Horizontal,Rectangle,16PT C2S,No Coating,Silk,n/a,4/0,500,Score in Half,Moon Slits Right Panel,Yes 100 Envelopes A6
Majestic,Silk,6 x 9,Vertical,Rectangle,16PT C2S,No Coating,Silk,n/a,4/0,500,Score in Half,Moon Slits Right Panel,Yes 100 Envelopes A6
Majestic,Silk,6 x 9,Horizontal,Rectangle,16PT C2S,No Coating,Silk,n/a,4/1,500,Score in Half,Moon Slits Right Panel,Yes 100 Envelopes A6
Majestic,Silk,6 x 9,Vertical,Rectangle,16PT C2S,No Coating,Silk,n/a,4/1,500,Score in Half,Moon Slits Right Panel,Yes 100 Envelopes A6
Majestic,Silk,6 x 9,Horizontal,Rectangle,16PT C2S,No Coating,Silk,n/a,4/4,500,Score in Half,Moon Slits Right Panel,Yes 100 Envelopes A6
Majestic,Silk,6 x 9,Vertical,Rectangle,16PT C2S,No Coating,Silk,n/a,4/4,500,Score in Half,Moon Slits Right Panel,Yes 100 Envelopes A6
Majestic,Silk,6 x 9,Horizontal,Rectangle,16PT C2S,No Coating,Silk,n/a,4/0,1000,Score in Half,Moon Slits Right Panel,Yes 100 Envelopes A6
Majestic,Silk,6 x 9,Vertical,Rectangle,16PT C2S,No Coating,Silk,n/a,4/0,1000,Score in Half,Moon Slits Right Panel,Yes 100 Envelopes A6
Majestic,Silk,6 x 9,Horizontal,Rectangle,16PT C2S,No Coating,Silk,n/a,4/1,1000,Score in Half,Moon Slits Right Panel,Yes 100 Envelopes A6
Majestic,Silk,6 x 9,Vertical,Rectangle,16PT C2S,No Coating,Silk,n/a,4/1,1000,Score in Half,Moon Slits Right Panel,Yes 100 Envelopes A6
Majestic,Silk,6 x 9,Horizontal,Rectangle,16PT C2S,No Coating,Silk,n/a,4/4,1000,Score in Half,Moon Slits Right Panel,Yes 100 Envelopes A6
Majestic,Silk,6 x 9,Vertical,Rectangle,16PT C2S,No Coating,Silk,n/a,4/4,1000,Score in Half,Moon Slits Right Panel,Yes 100 Envelopes A6
Majestic,Silk,6 x 9,Horizontal,Rectangle,16PT C2S,No Coating,Silk,n/a,4/0,2500,Score in Half,Moon Slits Right Panel,Yes 100 Envelopes A6
Majestic,Silk,6 x 9,Vertical,Rectangle,16PT C2S,No Coating,Silk,n/a,4/0,2500,Score in Half,Moon Slits Right Panel,Yes 100 Envelopes A6
Majestic,Silk,6 x 9,Vertical,Rectangle,16PT C2S,No Coating,Silk,n/a,4/1,1000,Score in Half,Moon Slits Bottom Panel,Yes 100 Envelopes A6
Majestic,Silk,6 x 9,Vertical,Rectangle,16PT C2S,No Coating,Silk,n/a,4/1,2500,Score in Half,Moon Slits Right Panel,Yes 100 Envelopes A6
Majestic,Silk,6 x 9,Horizontal,Rectangle,16PT C2S,No Coating,Silk,n/a,4/4,2500,Score in Half,Moon Slits Right Panel,Yes 100 Envelopes A6
Majestic,Silk,6 x 9,Vertical,Rectangle,16PT C2S,No Coating,Silk,n/a,4/4,2500,Score in Half,Moon Slits Right Panel,Yes 100 Envelopes A6
Majestic,Silk,6 x 9,Horizontal,Rectangle,16PT C2S,No Coating,Silk,n/a,4/0,5000,Score in Half,Moon Slits Right Panel,Yes 100 Envelopes A6
Majestic,Silk,6 x 9,Horizontal,Rectangle,16PT C2S,No Coating,Silk,n/a,4/1,5000,Score in Half,Moon Slits Right Panel,Yes 100 Envelopes A6
Majestic,Silk,6 x 9,Vertical,Rectangle,16PT C2S,No Coating,Silk,n/a,4/0,5000,Score in Half,Moon Slits Right Panel,Yes 100 Envelopes A6
Majestic,Silk,6 x 9,Vertical,Rectangle,16PT C2S,No Coating,Silk,n/a,4/1,5000,Score in Half,Moon Slits Right Panel,Yes 100 Envelopes A6
Majestic,Silk,6 x 9,Horizontal,Rectangle,16PT C2S,No Coating,Silk,n/a,4/4,5000,Score in Half,Moon Slits Right Panel,Yes 100 Envelopes A6
Majestic,Silk,6 x 9,Vertical,Rectangle,16PT C2S,No Coating,Silk,n/a,4/4,5000,Score in Half,Moon Slits Right Panel,Yes 100 Envelopes A6
Majestic,Silk,6 x 9,Horizontal,Rectangle,16PT C2S,No Coating,Silk,n/a,4/0,10000,Score in Half,Moon Slits Right Panel,Yes 100 Envelopes A6
Majestic,Silk,6 x 9,Vertical,Rectangle,16PT C2S,No Coating,Silk,n/a,4/0,10000,Score in Half,Moon Slits Right Panel,Yes 100 Envelopes A6
Majestic,Silk,6 x 9,Horizontal,Rectangle,16PT C2S,No Coating,Silk,n/a,4/1,10000,Score in Half,Moon Slits Right Panel,Yes 100 Envelopes A6
Majestic,Silk,6 x 9,Vertical,Rectangle,16PT C2S,No Coating,Silk,n/a,4/1,10000,Score in Half,Moon Slits Right Panel,Yes 100 Envelopes A6
Majestic,Silk,6 x 9,Horizontal,Rectangle,16PT C2S,No Coating,Silk,n/a,4/4,10000,Score in Half,Moon Slits Right Panel,Yes 100 Envelopes A6
Majestic,Silk,6 x 9,Vertical,Rectangle,16PT C2S,No Coating,Silk,n/a,4/4,10000,Score in Half,Moon Slits Right Panel,Yes 100 Envelopes A6
Majestic,Silk,6 x 9,Horizontal,Rectangle,16PT C2S,No Coating,Silk,n/a,4/0,25,Score in Half,No Gift Cards Slits,Yes 100 Envelopes A6
Majestic,Silk,6 x 9,Vertical,Rectangle,16PT C2S,No Coating,Silk,n/a,4/0,25,Score in Half,No Gift Cards Slits,Yes 100 Envelopes A6
Majestic,Silk,6 x 9,Horizontal,Rectangle,16PT C2S,No Coating,Silk,n/a,4/1,25,Score in Half,No Gift Cards Slits,Yes 100 Envelopes A6
Majestic,Silk,6 x 9,Vertical,Rectangle,16PT C2S,No Coating,Silk,n/a,4/1,25,Score in Half,No Gift Cards Slits,Yes 100 Envelopes A6
Majestic,Silk,6 x 9,Horizontal,Rectangle,16PT C2S,No Coating,Silk,n/a,4/4,25,Score in Half,No Gift Cards Slits,Yes 100 Envelopes A6
Majestic,Silk,6 x 9,Vertical,Rectangle,16PT C2S,No Coating,Silk,n/a,4/4,25,Score in Half,No Gift Cards Slits,Yes 100 Envelopes A6
Majestic,Silk,6 x 9,Horizontal,Rectangle,16PT C2S,No Coating,Silk,n/a,4/0,50,Score in Half,No Gift Cards Slits,Yes 100 Envelopes A6
Majestic,Silk,6 x 9,Vertical,Rectangle,16PT C2S,No Coating,Silk,n/a,4/0,50,Score in Half,No Gift Cards Slits,Yes 100 Envelopes A6
Majestic,Silk,6 x 9,Horizontal,Rectangle,16PT C2S,No Coating,Silk,n/a,4/1,50,Score in Half,No Gift Cards Slits,Yes 100 Envelopes A6
Majestic,Silk,6 x 9,Vertical,Rectangle,16PT C2S,No Coating,Silk,n/a,4/1,50,Score in Half,No Gift Cards Slits,Yes 100 Envelopes A6
Majestic,Silk,6 x 9,Horizontal,Rectangle,16PT C2S,No Coating,Silk,n/a,4/4,50,Score in Half,No Gift Cards Slits,Yes 100 Envelopes A6
Majestic,Silk,6 x 9,Vertical,Rectangle,16PT C2S,No Coating,Silk,n/a,4/4,50,Score in Half,No Gift Cards Slits,Yes 100 Envelopes A6
Majestic,Silk,6 x 9,Horizontal,Rectangle,16PT C2S,No Coating,Silk,n/a,4/0,75,Score in Half,No Gift Cards Slits,Yes 100 Envelopes A6
Majestic,Silk,6 x 9,Vertical,Rectangle,16PT C2S,No Coating,Silk,n/a,4/0,75,Score in Half,No Gift Cards Slits,Yes 100 Envelopes A6
Majestic,Silk,6 x 9,Horizontal,Rectangle,16PT C2S,No Coating,Silk,n/a,4/1,75,Score in Half,No Gift Cards Slits,Yes 100 Envelopes A6
Majestic,Silk,6 x 9,Vertical,Rectangle,16PT C2S,No Coating,Silk,n/a,4/1,75,Score in Half,No Gift Cards Slits,Yes 100 Envelopes A6
Majestic,Silk,6 x 9,Horizontal,Rectangle,16PT C2S,No Coating,Silk,n/a,4/4,75,Score in Half,No Gift Cards Slits,Yes 100 Envelopes A6
Majestic,Silk,6 x 9,Vertical,Rectangle,16PT C2S,No Coating,Silk,n/a,4/4,75,Score in Half,No Gift Cards Slits,Yes 100 Envelopes A6
Majestic,Silk,6 x 9,Horizontal,Rectangle,16PT C2S,No Coating,Silk,n/a,4/0,100,Score in Half,No Gift Cards Slits,Yes 100 Envelopes A6
Majestic,Silk,6 x 9,Vertical,Rectangle,16PT C2S,No Coating,Silk,n/a,4/0,100,Score in Half,No Gift Cards Slits,Yes 100 Envelopes A6
Majestic,Silk,6 x 9,Vertical,Rectangle,16PT C2S,No Coating,Silk,n/a,4/1,100,Score in Half,No Gift Cards Slits,Yes 100 Envelopes A6
Majestic,Silk,6 x 9,Horizontal,Rectangle,16PT C2S,No Coating,Silk,n/a,4/1,100,Score in Half,No Gift Cards Slits,Yes 100 Envelopes A6
Majestic,Silk,6 x 9,Horizontal,Rectangle,16PT C2S,No Coating,Silk,n/a,4/4,100,Score in Half,No Gift Cards Slits,Yes 100 Envelopes A6
Majestic,Silk,6 x 9,Vertical,Rectangle,16PT C2S,No Coating,Silk,n/a,4/4,100,Score in Half,No Gift Cards Slits,Yes 100 Envelopes A6
Majestic,Silk,6 x 9,Horizontal,Rectangle,16PT C2S,No Coating,Silk,n/a,4/0,250,Score in Half,No Gift Cards Slits,Yes 100 Envelopes A6
Majestic,Silk,6 x 9,Vertical,Rectangle,16PT C2S,No Coating,Silk,n/a,4/0,250,Score in Half,No Gift Cards Slits,Yes 100 Envelopes A6
Majestic,Silk,6 x 9,Horizontal,Rectangle,16PT C2S,No Coating,Silk,n/a,4/1,250,Score in Half,No Gift Cards Slits,Yes 100 Envelopes A6
Majestic,Silk,6 x 9,Vertical,Rectangle,16PT C2S,No Coating,Silk,n/a,4/1,250,Score in Half,No Gift Cards Slits,Yes 100 Envelopes A6
Majestic,Silk,6 x 9,Horizontal,Rectangle,16PT C2S,No Coating,Silk,n/a,4/4,250,Score in Half,No Gift Cards Slits,Yes 100 Envelopes A6
Majestic,Silk,6 x 9,Vertical,Rectangle,16PT C2S,No Coating,Silk,n/a,4/4,250,Score in Half,No Gift Cards Slits,Yes 100 Envelopes A6
Majestic,Silk,6 x 9,Horizontal,Rectangle,16PT C2S,No Coating,Silk,n/a,4/0,500,Score in Half,No Gift Cards Slits,Yes 100 Envelopes A6
Majestic,Silk,6 x 9,Vertical,Rectangle,16PT C2S,No Coating,Silk,n/a,4/0,500,Score in Half,No Gift Cards Slits,Yes 100 Envelopes A6
Majestic,Silk,6 x 9,Horizontal,Rectangle,16PT C2S,No Coating,Silk,n/a,4/1,500,Score in Half,No Gift Cards Slits,Yes 100 Envelopes A6
Majestic,Silk,6 x 9,Vertical,Rectangle,16PT C2S,No Coating,Silk,n/a,4/1,500,Score in Half,No Gift Cards Slits,Yes 100 Envelopes A6
Majestic,Silk,6 x 9,Horizontal,Rectangle,16PT C2S,No Coating,Silk,n/a,4/4,500,Score in Half,No Gift Cards Slits,Yes 100 Envelopes A6
Majestic,Silk,6 x 9,Vertical,Rectangle,16PT C2S,No Coating,Silk,n/a,4/4,500,Score in Half,No Gift Cards Slits,Yes 100 Envelopes A6
Majestic,Silk,6 x 9,Horizontal,Rectangle,16PT C2S,No Coating,Silk,n/a,4/0,1000,Score in Half,No Gift Cards Slits,Yes 100 Envelopes A6
Majestic,Silk,6 x 9,Vertical,Rectangle,16PT C2S,No Coating,Silk,n/a,4/0,1000,Score in Half,No Gift Cards Slits,Yes 100 Envelopes A6
Majestic,Silk,6 x 9,Horizontal,Rectangle,16PT C2S,No Coating,Silk,n/a,4/1,1000,Score in Half,No Gift Cards Slits,Yes 100 Envelopes A6
Majestic,Silk,6 x 9,Vertical,Rectangle,16PT C2S,No Coating,Silk,n/a,4/1,1000,Score in Half,No Gift Cards Slits,Yes 100 Envelopes A6
Majestic,Silk,6 x 9,Vertical,Rectangle,16PT C2S,No Coating,Silk,n/a,4/4,1000,Score in Half,No Gift Cards Slits,Yes 100 Envelopes A6
Majestic,Silk,6 x 9,Horizontal,Rectangle,16PT C2S,No Coating,Silk,n/a,4/4,1000,Score in Half,No Gift Cards Slits,Yes 100 Envelopes A6
Majestic,Silk,6 x 9,Horizontal,Rectangle,16PT C2S,No Coating,Silk,n/a,4/0,2500,Score in Half,No Gift Cards Slits,Yes 100 Envelopes A6
Majestic,Silk,6 x 9,Vertical,Rectangle,16PT C2S,No Coating,Silk,n/a,4/0,2500,Score in Half,No Gift Cards Slits,Yes 100 Envelopes A6
Majestic,Silk,6 x 9,Vertical,Rectangle,16PT C2S,No Coating,Silk,n/a,4/1,2500,Score in Half,No Gift Cards Slits,Yes 100 Envelopes A6
Majestic,Silk,6 x 9,Horizontal,Rectangle,16PT C2S,No Coating,Silk,n/a,4/1,2500,Score in Half,No Gift Cards Slits,Yes 100 Envelopes A6
Majestic,Silk,6 x 9,Horizontal,Rectangle,16PT C2S,No Coating,Silk,n/a,4/4,2500,Score in Half,No Gift Cards Slits,Yes 100 Envelopes A6
Majestic,Silk,6 x 9,Vertical,Rectangle,16PT C2S,No Coating,Silk,n/a,4/4,2500,Score in Half,No Gift Cards Slits,Yes 100 Envelopes A6
Majestic,Silk,6 x 9,Horizontal,Rectangle,16PT C2S,No Coating,Silk,n/a,4/0,5000,Score in Half,No Gift Cards Slits,Yes 100 Envelopes A6
Majestic,Silk,6 x 9,Vertical,Rectangle,16PT C2S,No Coating,Silk,n/a,4/0,5000,Score in Half,No Gift Cards Slits,Yes 100 Envelopes A6
Majestic,Silk,6 x 9,Horizontal,Rectangle,16PT C2S,No Coating,Silk,n/a,4/1,5000,Score in Half,No Gift Cards Slits,Yes 100 Envelopes A6
Majestic,Silk,6 x 9,Vertical,Rectangle,16PT C2S,No Coating,Silk,n/a,4/1,5000,Score in Half,No Gift Cards Slits,Yes 100 Envelopes A6
Majestic,Silk,6 x 9,Horizontal,Rectangle,16PT C2S,No Coating,Silk,n/a,4/4,5000,Score in Half,No Gift Cards Slits,Yes 100 Envelopes A6
Majestic,Silk,6 x 9,Horizontal,Rectangle,16PT C2S,No Coating,Silk,n/a,4/0,10000,Score in Half,No Gift Cards Slits,Yes 100 Envelopes A6
Majestic,Silk,6 x 9,Vertical,Rectangle,16PT C2S,No Coating,Silk,n/a,4/4,5000,Score in Half,No Gift Cards Slits,Yes 100 Envelopes A6
Majestic,Silk,6 x 9,Vertical,Rectangle,16PT C2S,No Coating,Silk,n/a,4/0,10000,Score in Half,No Gift Cards Slits,Yes 100 Envelopes A6
Majestic,Silk,6 x 9,Horizontal,Rectangle,16PT C2S,No Coating,Silk,n/a,4/1,10000,Score in Half,No Gift Cards Slits,Yes 100 Envelopes A6
Majestic,Silk,6 x 9,Vertical,Rectangle,16PT C2S,No Coating,Silk,n/a,4/1,10000,Score in Half,No Gift Cards Slits,Yes 100 Envelopes A6
Majestic,Silk,6 x 9,Horizontal,Rectangle,16PT C2S,No Coating,Silk,n/a,4/4,10000,Score in Half,No Gift Cards Slits,Yes 100 Envelopes A6
Majestic,Silk,6 x 9,Vertical,Rectangle,16PT C2S,No Coating,Silk,n/a,4/4,10000,Score in Half,No Gift Cards Slits,Yes 100 Envelopes A6
Majestic,Silk,6 x 9,Horizontal,Rectangle,16PT C2S,No Coating,Silk,n/a,4/0,25,Score in Half,Slide Slits Bottom Panel,Yes 100 Envelopes A6
Majestic,Silk,6 x 9,Horizontal,Rectangle,16PT C2S,No Coating,Silk,n/a,4/1,25,Score in Half,Slide Slits Bottom Panel,Yes 100 Envelopes A6
Majestic,Silk,6 x 9,Vertical,Rectangle,16PT C2S,No Coating,Silk,n/a,4/0,25,Score in Half,Slide Slits Bottom Panel,Yes 100 Envelopes A6
Majestic,Silk,6 x 9,Vertical,Rectangle,16PT C2S,No Coating,Silk,n/a,4/1,25,Score in Half,Slide Slits Bottom Panel,Yes 100 Envelopes A6
Majestic,Silk,6 x 9,Horizontal,Rectangle,16PT C2S,No Coating,Silk,n/a,4/4,25,Score in Half,Slide Slits Bottom Panel,Yes 100 Envelopes A6
Majestic,Silk,6 x 9,Horizontal,Rectangle,16PT C2S,No Coating,Silk,n/a,4/0,50,Score in Half,Slide Slits Bottom Panel,Yes 100 Envelopes A6
Majestic,Silk,6 x 9,Vertical,Rectangle,16PT C2S,No Coating,Silk,n/a,4/0,50,Score in Half,Slide Slits Bottom Panel,Yes 100 Envelopes A6
Majestic,Silk,6 x 9,Horizontal,Rectangle,16PT C2S,No Coating,Silk,n/a,4/1,50,Score in Half,Slide Slits Bottom Panel,Yes 100 Envelopes A6
Majestic,Silk,6 x 9,Vertical,Rectangle,16PT C2S,No Coating,Silk,n/a,4/4,25,Score in Half,Slide Slits Bottom Panel,Yes 100 Envelopes A6
Majestic,Silk,6 x 9,Vertical,Rectangle,16PT C2S,No Coating,Silk,n/a,4/1,50,Score in Half,Slide Slits Bottom Panel,Yes 100 Envelopes A6
Majestic,Silk,6 x 9,Horizontal,Rectangle,16PT C2S,No Coating,Silk,n/a,4/4,50,Score in Half,Slide Slits Bottom Panel,Yes 100 Envelopes A6
Majestic,Silk,6 x 9,Vertical,Rectangle,16PT C2S,No Coating,Silk,n/a,4/4,50,Score in Half,Slide Slits Bottom Panel,Yes 100 Envelopes A6
Majestic,Silk,6 x 9,Horizontal,Rectangle,16PT C2S,No Coating,Silk,n/a,4/0,75,Score in Half,Slide Slits Bottom Panel,Yes 100 Envelopes A6
Majestic,Silk,6 x 9,Horizontal,Rectangle,16PT C2S,No Coating,Silk,n/a,4/0,1000,Score in Half,Moon Slits Bottom Panel,Yes 100 Envelopes A6
Majestic,Silk,6 x 9,Horizontal,Rectangle,16PT C2S,No Coating,Silk,n/a,4/1,75,Score in Half,Slide Slits Bottom Panel,Yes 100 Envelopes A6
Majestic,Silk,6 x 9,Vertical,Rectangle,16PT C2S,No Coating,Silk,n/a,4/1,75,Score in Half,Slide Slits Bottom Panel,Yes 100 Envelopes A6
Majestic,Silk,6 x 9,Horizontal,Rectangle,16PT C2S,No Coating,Silk,n/a,4/4,75,Score in Half,Slide Slits Bottom Panel,Yes 100 Envelopes A6
Majestic,Silk,6 x 9,Horizontal,Rectangle,16PT C2S,No Coating,Silk,n/a,4/0,100,Score in Half,Slide Slits Bottom Panel,Yes 100 Envelopes A6
Majestic,Silk,6 x 9,Vertical,Rectangle,16PT C2S,No Coating,Silk,n/a,4/4,75,Score in Half,Slide Slits Bottom Panel,Yes 100 Envelopes A6
Majestic,Silk,6 x 9,Vertical,Rectangle,16PT C2S,No Coating,Silk,n/a,4/0,100,Score in Half,Slide Slits Bottom Panel,Yes 100 Envelopes A6
Majestic,Silk,6 x 9,Horizontal,Rectangle,16PT C2S,No Coating,Silk,n/a,4/1,100,Score in Half,Slide Slits Bottom Panel,Yes 100 Envelopes A6
Majestic,Silk,6 x 9,Vertical,Rectangle,16PT C2S,No Coating,Silk,n/a,4/4,25,Score in Half,Moon Slits Right Panel,Yes 100 Envelopes A6
Majestic,Silk,6 x 9,Horizontal,Rectangle,16PT C2S,No Coating,Silk,n/a,4/4,100,Score in Half,Slide Slits Bottom Panel,Yes 100 Envelopes A6
Majestic,Silk,6 x 9,Vertical,Rectangle,16PT C2S,No Coating,Silk,n/a,4/4,100,Score in Half,Slide Slits Bottom Panel,Yes 100 Envelopes A6
Majestic,Silk,6 x 9,Horizontal,Rectangle,16PT C2S,No Coating,Silk,n/a,4/0,250,Score in Half,Slide Slits Bottom Panel,Yes 100 Envelopes A6
Majestic,Silk,6 x 9,Vertical,Rectangle,16PT C2S,No Coating,Silk,n/a,4/0,250,Score in Half,Slide Slits Bottom Panel,Yes 100 Envelopes A6
Majestic,Silk,6 x 9,Horizontal,Rectangle,16PT C2S,No Coating,Silk,n/a,4/1,250,Score in Half,Slide Slits Bottom Panel,Yes 100 Envelopes A6
Majestic,Silk,6 x 9,Vertical,Rectangle,16PT C2S,No Coating,Silk,n/a,4/1,250,Score in Half,Slide Slits Bottom Panel,Yes 100 Envelopes A6
Majestic,Silk,6 x 9,Horizontal,Rectangle,16PT C2S,No Coating,Silk,n/a,4/4,250,Score in Half,Slide Slits Bottom Panel,Yes 100 Envelopes A6
Majestic,Silk,6 x 9,Vertical,Rectangle,16PT C2S,No Coating,Silk,n/a,4/4,250,Score in Half,Slide Slits Bottom Panel,Yes 100 Envelopes A6
Majestic,Silk,6 x 9,Horizontal,Rectangle,16PT C2S,No Coating,Silk,n/a,4/0,500,Score in Half,Slide Slits Bottom Panel,Yes 100 Envelopes A6
Majestic,Silk,6 x 9,Vertical,Rectangle,16PT C2S,No Coating,Silk,n/a,4/0,500,Score in Half,Slide Slits Bottom Panel,Yes 100 Envelopes A6
Majestic,Silk,6 x 9,Horizontal,Rectangle,16PT C2S,No Coating,Silk,n/a,4/1,500,Score in Half,Slide Slits Bottom Panel,Yes 100 Envelopes A6
Majestic,Silk,6 x 9,Vertical,Rectangle,16PT C2S,No Coating,Silk,n/a,4/1,500,Score in Half,Slide Slits Bottom Panel,Yes 100 Envelopes A6
Majestic,Silk,6 x 9,Horizontal,Rectangle,16PT C2S,No Coating,Silk,n/a,4/4,500,Score in Half,Slide Slits Bottom Panel,Yes 100 Envelopes A6
Majestic,Silk,6 x 9,Vertical,Rectangle,16PT C2S,No Coating,Silk,n/a,4/4,500,Score in Half,Slide Slits Bottom Panel,Yes 100 Envelopes A6
Majestic,Silk,6 x 9,Horizontal,Rectangle,16PT C2S,No Coating,Silk,n/a,4/0,1000,Score in Half,Slide Slits Bottom Panel,Yes 100 Envelopes A6
Majestic,Silk,6 x 9,Vertical,Rectangle,16PT C2S,No Coating,Silk,n/a,4/0,1000,Score in Half,Slide Slits Bottom Panel,Yes 100 Envelopes A6
Majestic,Silk,6 x 9,Horizontal,Rectangle,16PT C2S,No Coating,Silk,n/a,4/1,1000,Score in Half,Slide Slits Bottom Panel,Yes 100 Envelopes A6
Majestic,Silk,6 x 9,Vertical,Rectangle,16PT C2S,No Coating,Silk,n/a,4/1,1000,Score in Half,Slide Slits Bottom Panel,Yes 100 Envelopes A6
Majestic,Silk,6 x 9,Horizontal,Rectangle,16PT C2S,No Coating,Silk,n/a,4/4,1000,Score in Half,Slide Slits Bottom Panel,Yes 100 Envelopes A6
Majestic,Silk,6 x 9,Vertical,Rectangle,16PT C2S,No Coating,Silk,n/a,4/4,1000,Score in Half,Slide Slits Bottom Panel,Yes 100 Envelopes A6
Majestic,Silk,6 x 9,Horizontal,Rectangle,16PT C2S,No Coating,Silk,n/a,4/0,2500,Score in Half,Slide Slits Bottom Panel,Yes 100 Envelopes A6
Majestic,Silk,6 x 9,Vertical,Rectangle,16PT C2S,No Coating,Silk,n/a,4/0,2500,Score in Half,Slide Slits Bottom Panel,Yes 100 Envelopes A6
Majestic,Silk,6 x 9,Horizontal,Rectangle,16PT C2S,No Coating,Silk,n/a,4/1,2500,Score in Half,Slide Slits Bottom Panel,Yes 100 Envelopes A6
Majestic,Silk,6 x 9,Vertical,Rectangle,16PT C2S,No Coating,Silk,n/a,4/1,2500,Score in Half,Slide Slits Bottom Panel,Yes 100 Envelopes A6
Majestic,Silk,6 x 9,Horizontal,Rectangle,16PT C2S,No Coating,Silk,n/a,4/4,2500,Score in Half,Slide Slits Bottom Panel,Yes 100 Envelopes A6
Majestic,Silk,6 x 9,Vertical,Rectangle,16PT C2S,No Coating,Silk,n/a,4/4,2500,Score in Half,Slide Slits Bottom Panel,Yes 100 Envelopes A6
Majestic,Silk,6 x 9,Horizontal,Rectangle,16PT C2S,No Coating,Silk,n/a,4/0,5000,Score in Half,Slide Slits Bottom Panel,Yes 100 Envelopes A6
Majestic,Silk,6 x 9,Vertical,Rectangle,16PT C2S,No Coating,Silk,n/a,4/0,5000,Score in Half,Slide Slits Bottom Panel,Yes 100 Envelopes A6
Majestic,Silk,6 x 9,Horizontal,Rectangle,16PT C2S,No Coating,Silk,n/a,4/1,5000,Score in Half,Slide Slits Bottom Panel,Yes 100 Envelopes A6
Majestic,Silk,6 x 9,Vertical,Rectangle,16PT C2S,No Coating,Silk,n/a,4/1,5000,Score in Half,Slide Slits Bottom Panel,Yes 100 Envelopes A6
Majestic,Silk,6 x 9,Horizontal,Rectangle,16PT C2S,No Coating,Silk,n/a,4/4,5000,Score in Half,Slide Slits Bottom Panel,Yes 100 Envelopes A6
Majestic,Silk,6 x 9,Vertical,Rectangle,16PT C2S,No Coating,Silk,n/a,4/4,5000,Score in Half,Slide Slits Bottom Panel,Yes 100 Envelopes A6
Majestic,Silk,6 x 9,Horizontal,Rectangle,16PT C2S,No Coating,Silk,n/a,4/0,10000,Score in Half,Slide Slits Bottom Panel,Yes 100 Envelopes A6
Majestic,Silk,6 x 9,Vertical,Rectangle,16PT C2S,No Coating,Silk,n/a,4/0,10000,Score in Half,Slide Slits Bottom Panel,Yes 100 Envelopes A6
Majestic,Silk,6 x 9,Horizontal,Rectangle,16PT C2S,No Coating,Silk,n/a,4/1,10000,Score in Half,Slide Slits Bottom Panel,Yes 100 Envelopes A6
Majestic,Silk,6 x 9,Vertical,Rectangle,16PT C2S,No Coating,Silk,n/a,4/1,10000,Score in Half,Slide Slits Bottom Panel,Yes 100 Envelopes A6
Majestic,Silk,6 x 9,Horizontal,Rectangle,16PT C2S,No Coating,Silk,n/a,4/4,10000,Score in Half,Slide Slits Bottom Panel,Yes 100 Envelopes A6
Majestic,Silk,6 x 9,Vertical,Rectangle,16PT C2S,No Coating,Silk,n/a,4/4,10000,Score in Half,Slide Slits Bottom Panel,Yes 100 Envelopes A6
Majestic,Silk,6 x 9,Horizontal,Rectangle,16PT C2S,No Coating,Silk,n/a,4/0,25,Score in Half,Slide Slits Right Panel,Yes 100 Envelopes A6
Majestic,Silk,6 x 9,Vertical,Rectangle,16PT C2S,No Coating,Silk,n/a,4/0,25,Score in Half,Slide Slits Right Panel,Yes 100 Envelopes A6
Majestic,Silk,6 x 9,Horizontal,Rectangle,16PT C2S,No Coating,Silk,n/a,4/1,25,Score in Half,Slide Slits Right Panel,Yes 100 Envelopes A6
Majestic,Silk,6 x 9,Vertical,Rectangle,16PT C2S,No Coating,Silk,n/a,4/1,25,Score in Half,Slide Slits Right Panel,Yes 100 Envelopes A6
Majestic,Silk,6 x 9,Horizontal,Rectangle,16PT C2S,No Coating,Silk,n/a,4/4,25,Score in Half,Slide Slits Right Panel,Yes 100 Envelopes A6
Majestic,Silk,6 x 9,Vertical,Rectangle,16PT C2S,No Coating,Silk,n/a,4/4,25,Score in Half,Slide Slits Right Panel,Yes 100 Envelopes A6
Majestic,Silk,6 x 9,Horizontal,Rectangle,16PT C2S,No Coating,Silk,n/a,4/0,50,Score in Half,Slide Slits Right Panel,Yes 100 Envelopes A6
Majestic,Silk,6 x 9,Vertical,Rectangle,16PT C2S,No Coating,Silk,n/a,4/0,50,Score in Half,Slide Slits Right Panel,Yes 100 Envelopes A6
Majestic,Silk,6 x 9,Horizontal,Rectangle,16PT C2S,No Coating,Silk,n/a,4/1,50,Score in Half,Slide Slits Right Panel,Yes 100 Envelopes A6
Majestic,Silk,6 x 9,Vertical,Rectangle,16PT C2S,No Coating,Silk,n/a,4/1,100,Score in Half,Slide Slits Bottom Panel,Yes 100 Envelopes A6
Majestic,Silk,6 x 9,Horizontal,Rectangle,16PT C2S,No Coating,Silk,n/a,4/4,50,Score in Half,Slide Slits Right Panel,Yes 100 Envelopes A6
Majestic,Silk,6 x 9,Vertical,Rectangle,16PT C2S,No Coating,Silk,n/a,4/4,50,Score in Half,Slide Slits Right Panel,Yes 100 Envelopes A6
Majestic,Silk,6 x 9,Horizontal,Rectangle,16PT C2S,No Coating,Silk,n/a,4/0,75,Score in Half,Slide Slits Right Panel,Yes 100 Envelopes A6
Majestic,Silk,6 x 9,Vertical,Rectangle,16PT C2S,No Coating,Silk,n/a,4/0,75,Score in Half,Slide Slits Right Panel,Yes 100 Envelopes A6
Majestic,Silk,6 x 9,Vertical,Rectangle,16PT C2S,No Coating,Silk,n/a,4/1,75,Score in Half,Slide Slits Right Panel,Yes 100 Envelopes A6
Majestic,Silk,6 x 9,Horizontal,Rectangle,16PT C2S,No Coating,Silk,n/a,4/4,75,Score in Half,Slide Slits Right Panel,Yes 100 Envelopes A6
Majestic,Silk,6 x 9,Horizontal,Rectangle,16PT C2S,No Coating,Silk,n/a,4/1,75,Score in Half,Slide Slits Right Panel,Yes 100 Envelopes A6
Majestic,Silk,6 x 9,Vertical,Rectangle,16PT C2S,No Coating,Silk,n/a,4/4,75,Score in Half,Slide Slits Right Panel,Yes 100 Envelopes A6
Majestic,Silk,6 x 9,Horizontal,Rectangle,16PT C2S,No Coating,Silk,n/a,4/0,100,Score in Half,Slide Slits Right Panel,Yes 100 Envelopes A6
Majestic,Silk,6 x 9,Vertical,Rectangle,16PT C2S,No Coating,Silk,n/a,4/1,100,Score in Half,Slide Slits Right Panel,Yes 100 Envelopes A6
Majestic,Silk,6 x 9,Horizontal,Rectangle,16PT C2S,No Coating,Silk,n/a,4/4,100,Score in Half,Slide Slits Right Panel,Yes 100 Envelopes A6
Majestic,Silk,6 x 9,Vertical,Rectangle,16PT C2S,No Coating,Silk,n/a,4/0,100,Score in Half,Slide Slits Right Panel,Yes 100 Envelopes A6
Majestic,Silk,6 x 9,Vertical,Rectangle,16PT C2S,No Coating,Silk,n/a,4/4,100,Score in Half,Slide Slits Right Panel,Yes 100 Envelopes A6
Majestic,Silk,6 x 9,Horizontal,Rectangle,16PT C2S,No Coating,Silk,n/a,4/1,100,Score in Half,Slide Slits Right Panel,Yes 100 Envelopes A6
Majestic,Silk,6 x 9,Horizontal,Rectangle,16PT C2S,No Coating,Silk,n/a,4/0,250,Score in Half,Slide Slits Right Panel,Yes 100 Envelopes A6
Majestic,Silk,6 x 9,Vertical,Rectangle,16PT C2S,No Coating,Silk,n/a,4/0,250,Score in Half,Slide Slits Right Panel,Yes 100 Envelopes A6
Majestic,Silk,6 x 9,Horizontal,Rectangle,16PT C2S,No Coating,Silk,n/a,4/1,250,Score in Half,Slide Slits Right Panel,Yes 100 Envelopes A6
Majestic,Silk,6 x 9,Horizontal,Rectangle,16PT C2S,No Coating,Silk,n/a,4/4,250,Score in Half,Slide Slits Right Panel,Yes 100 Envelopes A6
Majestic,Silk,6 x 9,Vertical,Rectangle,16PT C2S,No Coating,Silk,n/a,4/4,250,Score in Half,Slide Slits Right Panel,Yes 100 Envelopes A6
Majestic,Silk,6 x 9,Vertical,Rectangle,16PT C2S,No Coating,Silk,n/a,4/1,250,Score in Half,Slide Slits Right Panel,Yes 100 Envelopes A6
Majestic,Silk,6 x 9,Horizontal,Rectangle,16PT C2S,No Coating,Silk,n/a,4/0,500,Score in Half,Slide Slits Right Panel,Yes 100 Envelopes A6
Majestic,Silk,6 x 9,Vertical,Rectangle,16PT C2S,No Coating,Silk,n/a,4/0,500,Score in Half,Slide Slits Right Panel,Yes 100 Envelopes A6
Majestic,Silk,6 x 9,Horizontal,Rectangle,16PT C2S,No Coating,Silk,n/a,4/1,500,Score in Half,Slide Slits Right Panel,Yes 100 Envelopes A6
Majestic,Silk,6 x 9,Vertical,Rectangle,16PT C2S,No Coating,Silk,n/a,4/1,500,Score in Half,Slide Slits Right Panel,Yes 100 Envelopes A6
Majestic,Silk,6 x 9,Vertical,Rectangle,16PT C2S,No Coating,Silk,n/a,4/4,500,Score in Half,Slide Slits Right Panel,Yes 100 Envelopes A6
Majestic,Silk,6 x 9,Vertical,Rectangle,16PT C2S,No Coating,Silk,n/a,4/0,1000,Score in Half,Slide Slits Right Panel,Yes 100 Envelopes A6
Majestic,Silk,6 x 9,Horizontal,Rectangle,16PT C2S,No Coating,Silk,n/a,4/0,1000,Score in Half,Slide Slits Right Panel,Yes 100 Envelopes A6
Majestic,Silk,6 x 9,Vertical,Rectangle,16PT C2S,No Coating,Silk,n/a,4/1,1000,Score in Half,Slide Slits Right Panel,Yes 100 Envelopes A6
Majestic,Silk,6 x 9,Horizontal,Rectangle,16PT C2S,No Coating,Silk,n/a,4/4,500,Score in Half,Slide Slits Right Panel,Yes 100 Envelopes A6
Majestic,Silk,6 x 9,Horizontal,Rectangle,16PT C2S,No Coating,Silk,n/a,4/1,1000,Score in Half,Slide Slits Right Panel,Yes 100 Envelopes A6
Majestic,Silk,6 x 9,Horizontal,Rectangle,16PT C2S,No Coating,Silk,n/a,4/4,1000,Score in Half,Slide Slits Right Panel,Yes 100 Envelopes A6
Majestic,Silk,6 x 9,Horizontal,Rectangle,16PT C2S,No Coating,Silk,n/a,4/1,2500,Score in Half,Slide Slits Right Panel,Yes 100 Envelopes A6
Majestic,Silk,6 x 9,Vertical,Rectangle,16PT C2S,No Coating,Silk,n/a,4/4,1000,Score in Half,Slide Slits Right Panel,Yes 100 Envelopes A6
Majestic,Silk,6 x 9,Horizontal,Rectangle,16PT C2S,No Coating,Silk,n/a,4/0,2500,Score in Half,Slide Slits Right Panel,Yes 100 Envelopes A6
Majestic,Silk,6 x 9,Vertical,Rectangle,16PT C2S,No Coating,Silk,n/a,4/0,2500,Score in Half,Slide Slits Right Panel,Yes 100 Envelopes A6
Majestic,Silk,6 x 9,Vertical,Rectangle,16PT C2S,No Coating,Silk,n/a,4/1,2500,Score in Half,Slide Slits Right Panel,Yes 100 Envelopes A6
Majestic,Silk,6 x 9,Vertical,Rectangle,16PT C2S,No Coating,Silk,n/a,4/0,5000,Score in Half,Slide Slits Right Panel,Yes 100 Envelopes A6
Majestic,Silk,6 x 9,Horizontal,Rectangle,16PT C2S,No Coating,Silk,n/a,4/4,2500,Score in Half,Slide Slits Right Panel,Yes 100 Envelopes A6
Majestic,Silk,6 x 9,Vertical,Rectangle,16PT C2S,No Coating,Silk,n/a,4/4,2500,Score in Half,Slide Slits Right Panel,Yes 100 Envelopes A6
Majestic,Silk,6 x 9,Horizontal,Rectangle,16PT C2S,No Coating,Silk,n/a,4/1,5000,Score in Half,Slide Slits Right Panel,Yes 100 Envelopes A6
Majestic,Silk,6 x 9,Vertical,Rectangle,16PT C2S,No Coating,Silk,n/a,4/1,5000,Score in Half,Slide Slits Right Panel,Yes 100 Envelopes A6
Majestic,Silk,6 x 9,Vertical,Rectangle,16PT C2S,No Coating,Silk,n/a,4/4,5000,Score in Half,Slide Slits Right Panel,Yes 100 Envelopes A6
Majestic,Silk,6 x 9,Horizontal,Rectangle,16PT C2S,No Coating,Silk,n/a,4/4,5000,Score in Half,Slide Slits Right Panel,Yes 100 Envelopes A6
Majestic,Silk,6 x 9,Vertical,Rectangle,16PT C2S,No Coating,Silk,n/a,4/0,10000,Score in Half,Slide Slits Right Panel,Yes 100 Envelopes A6
Majestic,Silk,6 x 9,Horizontal,Rectangle,16PT C2S,No Coating,Silk,n/a,4/0,10000,Score in Half,Slide Slits Right Panel,Yes 100 Envelopes A6
Majestic,Silk,6 x 9,Horizontal,Rectangle,16PT C2S,No Coating,Silk,n/a,4/0,5000,Score in Half,Slide Slits Right Panel,Yes 100 Envelopes A6
Majestic,Silk,6 x 9,Vertical,Rectangle,16PT C2S,No Coating,Silk,n/a,4/1,10000,Score in Half,Slide Slits Right Panel,Yes 100 Envelopes A6
Majestic,Silk,6 x 9,Horizontal,Rectangle,16PT C2S,No Coating,Silk,n/a,4/1,10000,Score in Half,Slide Slits Right Panel,Yes 100 Envelopes A6
Majestic,Silk,6 x 9,Horizontal,Rectangle,16PT C2S,No Coating,Silk,n/a,4/4,10000,Score in Half,Slide Slits Right Panel,Yes 100 Envelopes A6
Majestic,Silk,6 x 9,Vertical,Rectangle,16PT C2S,No Coating,Silk,n/a,4/4,10000,Score in Half,Slide Slits Right Panel,Yes 100 Envelopes A6
Majestic,Silk,6 x 9,Horizontal,Rectangle,16PT C2S,No Coating,Silk,n/a,4/0,25,Score in Half,Moon Slits Bottom Panel,Yes 250 Envelopes A6
Majestic,Silk,6 x 9,Vertical,Rectangle,16PT C2S,No Coating,Silk,n/a,4/0,25,Score in Half,Moon Slits Bottom Panel,Yes 250 Envelopes A6
Majestic,Silk,6 x 9,Horizontal,Rectangle,16PT C2S,No Coating,Silk,n/a,4/1,25,Score in Half,Moon Slits Bottom Panel,Yes 250 Envelopes A6
Majestic,Silk,6 x 9,Vertical,Rectangle,16PT C2S,No Coating,Silk,n/a,4/1,25,Score in Half,Moon Slits Bottom Panel,Yes 250 Envelopes A6
Majestic,Silk,6 x 9,Horizontal,Rectangle,16PT C2S,No Coating,Silk,n/a,4/4,25,Score in Half,Moon Slits Bottom Panel,Yes 250 Envelopes A6
Majestic,Silk,6 x 9,Horizontal,Rectangle,16PT C2S,No Coating,Silk,n/a,4/0,50,Score in Half,Moon Slits Bottom Panel,Yes 250 Envelopes A6
Majestic,Silk,6 x 9,Horizontal,Rectangle,16PT C2S,No Coating,Silk,n/a,4/1,50,Score in Half,Moon Slits Bottom Panel,Yes 250 Envelopes A6
Majestic,Silk,6 x 9,Vertical,Rectangle,16PT C2S,No Coating,Silk,n/a,4/4,25,Score in Half,Moon Slits Bottom Panel,Yes 250 Envelopes A6
Majestic,Silk,6 x 9,Vertical,Rectangle,16PT C2S,No Coating,Silk,n/a,4/0,50,Score in Half,Moon Slits Bottom Panel,Yes 250 Envelopes A6
Majestic,Silk,6 x 9,Vertical,Rectangle,16PT C2S,No Coating,Silk,n/a,4/1,50,Score in Half,Moon Slits Bottom Panel,Yes 250 Envelopes A6
Majestic,Silk,6 x 9,Horizontal,Rectangle,16PT C2S,No Coating,Silk,n/a,4/4,50,Score in Half,Moon Slits Bottom Panel,Yes 250 Envelopes A6
Majestic,Silk,6 x 9,Horizontal,Rectangle,16PT C2S,No Coating,Silk,n/a,4/0,75,Score in Half,Moon Slits Bottom Panel,Yes 250 Envelopes A6
Majestic,Silk,6 x 9,Vertical,Rectangle,16PT C2S,No Coating,Silk,n/a,4/0,75,Score in Half,Moon Slits Bottom Panel,Yes 250 Envelopes A6
Majestic,Silk,6 x 9,Vertical,Rectangle,16PT C2S,No Coating,Silk,n/a,4/4,50,Score in Half,Moon Slits Bottom Panel,Yes 250 Envelopes A6
Majestic,Silk,6 x 9,Horizontal,Rectangle,16PT C2S,No Coating,Silk,n/a,4/1,75,Score in Half,Moon Slits Bottom Panel,Yes 250 Envelopes A6
Majestic,Silk,6 x 9,Vertical,Rectangle,16PT C2S,No Coating,Silk,n/a,4/1,75,Score in Half,Moon Slits Bottom Panel,Yes 250 Envelopes A6
Majestic,Silk,6 x 9,Horizontal,Rectangle,16PT C2S,No Coating,Silk,n/a,4/4,75,Score in Half,Moon Slits Bottom Panel,Yes 250 Envelopes A6
Majestic,Silk,6 x 9,Horizontal,Rectangle,16PT C2S,No Coating,Silk,n/a,4/0,100,Score in Half,Moon Slits Bottom Panel,Yes 250 Envelopes A6
Majestic,Silk,6 x 9,Vertical,Rectangle,16PT C2S,No Coating,Silk,n/a,4/0,100,Score in Half,Moon Slits Bottom Panel,Yes 250 Envelopes A6
Majestic,Silk,6 x 9,Vertical,Rectangle,16PT C2S,No Coating,Silk,n/a,4/4,75,Score in Half,Moon Slits Bottom Panel,Yes 250 Envelopes A6
Majestic,Silk,6 x 9,Horizontal,Rectangle,16PT C2S,No Coating,Silk,n/a,4/1,100,Score in Half,Moon Slits Bottom Panel,Yes 250 Envelopes A6
Majestic,Silk,6 x 9,Vertical,Rectangle,16PT C2S,No Coating,Silk,n/a,4/1,100,Score in Half,Moon Slits Bottom Panel,Yes 250 Envelopes A6
Majestic,Silk,6 x 9,Vertical,Rectangle,16PT C2S,No Coating,Silk,n/a,4/0,250,Score in Half,Moon Slits Bottom Panel,Yes 250 Envelopes A6
Majestic,Silk,6 x 9,Horizontal,Rectangle,16PT C2S,No Coating,Silk,n/a,4/0,250,Score in Half,Moon Slits Bottom Panel,Yes 250 Envelopes A6
Majestic,Silk,6 x 9,Vertical,Rectangle,16PT C2S,No Coating,Silk,n/a,4/4,100,Score in Half,Moon Slits Bottom Panel,Yes 250 Envelopes A6
Majestic,Silk,6 x 9,Horizontal,Rectangle,16PT C2S,No Coating,Silk,n/a,4/4,100,Score in Half,Moon Slits Bottom Panel,Yes 250 Envelopes A6
Majestic,Silk,6 x 9,Vertical,Rectangle,16PT C2S,No Coating,Silk,n/a,4/1,250,Score in Half,Moon Slits Bottom Panel,Yes 250 Envelopes A6
Majestic,Silk,6 x 9,Horizontal,Rectangle,16PT C2S,No Coating,Silk,n/a,4/1,250,Score in Half,Moon Slits Bottom Panel,Yes 250 Envelopes A6
Majestic,Silk,6 x 9,Horizontal,Rectangle,16PT C2S,No Coating,Silk,n/a,4/4,250,Score in Half,Moon Slits Bottom Panel,Yes 250 Envelopes A6
Majestic,Silk,6 x 9,Horizontal,Rectangle,16PT C2S,No Coating,Silk,n/a,4/0,500,Score in Half,Moon Slits Bottom Panel,Yes 250 Envelopes A6
Majestic,Silk,6 x 9,Horizontal,Rectangle,16PT C2S,No Coating,Silk,n/a,4/1,500,Score in Half,Moon Slits Bottom Panel,Yes 250 Envelopes A6
Majestic,Silk,6 x 9,Vertical,Rectangle,16PT C2S,No Coating,Silk,n/a,4/0,500,Score in Half,Moon Slits Bottom Panel,Yes 250 Envelopes A6
Majestic,Silk,6 x 9,Vertical,Rectangle,16PT C2S,No Coating,Silk,n/a,4/1,500,Score in Half,Moon Slits Bottom Panel,Yes 250 Envelopes A6
Majestic,Silk,6 x 9,Vertical,Rectangle,16PT C2S,No Coating,Silk,n/a,4/4,250,Score in Half,Moon Slits Bottom Panel,Yes 250 Envelopes A6
Majestic,Silk,6 x 9,Horizontal,Rectangle,16PT C2S,No Coating,Silk,n/a,4/0,1000,Score in Half,Moon Slits Bottom Panel,Yes 250 Envelopes A6
Majestic,Silk,6 x 9,Horizontal,Rectangle,16PT C2S,No Coating,Silk,n/a,4/4,500,Score in Half,Moon Slits Bottom Panel,Yes 250 Envelopes A6
Majestic,Silk,6 x 9,Vertical,Rectangle,16PT C2S,No Coating,Silk,n/a,4/0,1000,Score in Half,Moon Slits Bottom Panel,Yes 250 Envelopes A6
Majestic,Silk,6 x 9,Vertical,Rectangle,16PT C2S,No Coating,Silk,n/a,4/4,500,Score in Half,Moon Slits Bottom Panel,Yes 250 Envelopes A6
Majestic,Silk,6 x 9,Horizontal,Rectangle,16PT C2S,No Coating,Silk,n/a,4/1,1000,Score in Half,Moon Slits Bottom Panel,Yes 250 Envelopes A6
Majestic,Silk,6 x 9,Horizontal,Rectangle,16PT C2S,No Coating,Silk,n/a,4/4,1000,Score in Half,Moon Slits Bottom Panel,Yes 250 Envelopes A6
Majestic,Silk,6 x 9,Vertical,Rectangle,16PT C2S,No Coating,Silk,n/a,4/4,1000,Score in Half,Moon Slits Bottom Panel,Yes 250 Envelopes A6
Majestic,Silk,6 x 9,Horizontal,Rectangle,16PT C2S,No Coating,Silk,n/a,4/0,2500,Score in Half,Moon Slits Bottom Panel,Yes 250 Envelopes A6
Majestic,Silk,6 x 9,Vertical,Rectangle,16PT C2S,No Coating,Silk,n/a,4/1,1000,Score in Half,Moon Slits Bottom Panel,Yes 250 Envelopes A6
Majestic,Silk,6 x 9,Vertical,Rectangle,16PT C2S,No Coating,Silk,n/a,4/0,2500,Score in Half,Moon Slits Bottom Panel,Yes 250 Envelopes A6
Majestic,Silk,6 x 9,Horizontal,Rectangle,16PT C2S,No Coating,Silk,n/a,4/1,2500,Score in Half,Moon Slits Bottom Panel,Yes 250 Envelopes A6
Majestic,Silk,6 x 9,Vertical,Rectangle,16PT C2S,No Coating,Silk,n/a,4/1,2500,Score in Half,Moon Slits Bottom Panel,Yes 250 Envelopes A6
Majestic,Silk,6 x 9,Vertical,Rectangle,16PT C2S,No Coating,Silk,n/a,4/4,2500,Score in Half,Moon Slits Bottom Panel,Yes 250 Envelopes A6
Majestic,Silk,6 x 9,Horizontal,Rectangle,16PT C2S,No Coating,Silk,n/a,4/0,5000,Score in Half,Moon Slits Bottom Panel,Yes 250 Envelopes A6
Majestic,Silk,6 x 9,Horizontal,Rectangle,16PT C2S,No Coating,Silk,n/a,4/4,2500,Score in Half,Moon Slits Bottom Panel,Yes 250 Envelopes A6
Majestic,Silk,6 x 9,Vertical,Rectangle,16PT C2S,No Coating,Silk,n/a,4/0,5000,Score in Half,Moon Slits Bottom Panel,Yes 250 Envelopes A6
Majestic,Silk,6 x 9,Horizontal,Rectangle,16PT C2S,No Coating,Silk,n/a,4/1,5000,Score in Half,Moon Slits Bottom Panel,Yes 250 Envelopes A6
Majestic,Silk,6 x 9,Vertical,Rectangle,16PT C2S,No Coating,Silk,n/a,4/4,5000,Score in Half,Moon Slits Bottom Panel,Yes 250 Envelopes A6
Majestic,Silk,6 x 9,Vertical,Rectangle,16PT C2S,No Coating,Silk,n/a,4/1,5000,Score in Half,Moon Slits Bottom Panel,Yes 250 Envelopes A6
Majestic,Silk,6 x 9,Horizontal,Rectangle,16PT C2S,No Coating,Silk,n/a,4/0,10000,Score in Half,Moon Slits Bottom Panel,Yes 250 Envelopes A6
Majestic,Silk,6 x 9,Vertical,Rectangle,16PT C2S,No Coating,Silk,n/a,4/0,10000,Score in Half,Moon Slits Bottom Panel,Yes 250 Envelopes A6
Majestic,Silk,6 x 9,Vertical,Rectangle,16PT C2S,No Coating,Silk,n/a,4/1,10000,Score in Half,Moon Slits Bottom Panel,Yes 250 Envelopes A6
Majestic,Silk,6 x 9,Horizontal,Rectangle,16PT C2S,No Coating,Silk,n/a,4/1,10000,Score in Half,Moon Slits Bottom Panel,Yes 250 Envelopes A6
Majestic,Silk,6 x 9,Horizontal,Rectangle,16PT C2S,No Coating,Silk,n/a,4/4,10000,Score in Half,Moon Slits Bottom Panel,Yes 250 Envelopes A6
Majestic,Silk,6 x 9,Horizontal,Rectangle,16PT C2S,No Coating,Silk,n/a,4/4,5000,Score in Half,Moon Slits Bottom Panel,Yes 250 Envelopes A6
Majestic,Silk,6 x 9,Horizontal,Rectangle,16PT C2S,No Coating,Silk,n/a,4/0,25,Score in Half,Moon Slits Right Panel,Yes 250 Envelopes A6
Majestic,Silk,6 x 9,Vertical,Rectangle,16PT C2S,No Coating,Silk,n/a,4/0,25,Score in Half,Moon Slits Right Panel,Yes 250 Envelopes A6
Majestic,Silk,6 x 9,Horizontal,Rectangle,16PT C2S,No Coating,Silk,n/a,4/1,2500,Score in Half,Moon Slits Right Panel,Yes 100 Envelopes A6
Majestic,Silk,6 x 9,Vertical,Rectangle,16PT C2S,No Coating,Silk,n/a,4/1,25,Score in Half,Moon Slits Right Panel,Yes 250 Envelopes A6
Majestic,Silk,6 x 9,Vertical,Rectangle,16PT C2S,No Coating,Silk,n/a,4/4,25,Score in Half,Moon Slits Right Panel,Yes 250 Envelopes A6
Majestic,Silk,6 x 9,Vertical,Rectangle,16PT C2S,No Coating,Silk,n/a,4/4,10000,Score in Half,Moon Slits Bottom Panel,Yes 250 Envelopes A6
Majestic,Silk,6 x 9,Vertical,Rectangle,16PT C2S,No Coating,Silk,n/a,4/0,50,Score in Half,Moon Slits Right Panel,Yes 250 Envelopes A6
Majestic,Silk,6 x 9,Horizontal,Rectangle,16PT C2S,No Coating,Silk,n/a,4/0,50,Score in Half,Moon Slits Right Panel,Yes 250 Envelopes A6
Majestic,Silk,6 x 9,Horizontal,Rectangle,16PT C2S,No Coating,Silk,n/a,4/1,50,Score in Half,Moon Slits Right Panel,Yes 250 Envelopes A6
Majestic,Silk,6 x 9,Vertical,Rectangle,16PT C2S,No Coating,Silk,n/a,4/4,50,Score in Half,Moon Slits Right Panel,Yes 250 Envelopes A6
Majestic,Silk,6 x 9,Horizontal,Rectangle,16PT C2S,No Coating,Silk,n/a,4/4,50,Score in Half,Moon Slits Right Panel,Yes 250 Envelopes A6
Majestic,Silk,6 x 9,Horizontal,Rectangle,16PT C2S,No Coating,Silk,n/a,4/1,25,Score in Half,Moon Slits Right Panel,Yes 250 Envelopes A6
Majestic,Silk,6 x 9,Horizontal,Rectangle,16PT C2S,No Coating,Silk,n/a,4/4,25,Score in Half,Moon Slits Right Panel,Yes 250 Envelopes A6
Majestic,Silk,6 x 9,Horizontal,Rectangle,16PT C2S,No Coating,Silk,n/a,4/1,75,Score in Half,Moon Slits Right Panel,Yes 250 Envelopes A6
Majestic,Silk,6 x 9,Vertical,Rectangle,16PT C2S,No Coating,Silk,n/a,4/0,75,Score in Half,Moon Slits Right Panel,Yes 250 Envelopes A6
Majestic,Silk,6 x 9,Horizontal,Rectangle,16PT C2S,No Coating,Silk,n/a,4/4,75,Score in Half,Moon Slits Right Panel,Yes 250 Envelopes A6
Majestic,Silk,6 x 9,Horizontal,Rectangle,16PT C2S,No Coating,Silk,n/a,4/0,75,Score in Half,Moon Slits Right Panel,Yes 250 Envelopes A6
Majestic,Silk,6 x 9,Horizontal,Rectangle,16PT C2S,No Coating,Silk,n/a,4/0,100,Score in Half,Moon Slits Right Panel,Yes 250 Envelopes A6
Majestic,Silk,6 x 9,Vertical,Rectangle,16PT C2S,No Coating,Silk,n/a,4/1,75,Score in Half,Moon Slits Right Panel,Yes 250 Envelopes A6
Majestic,Silk,6 x 9,Vertical,Rectangle,16PT C2S,No Coating,Silk,n/a,4/4,75,Score in Half,Moon Slits Right Panel,Yes 250 Envelopes A6
Majestic,Silk,6 x 9,Horizontal,Rectangle,16PT C2S,No Coating,Silk,n/a,4/1,100,Score in Half,Moon Slits Right Panel,Yes 250 Envelopes A6
Majestic,Silk,6 x 9,Vertical,Rectangle,16PT C2S,No Coating,Silk,n/a,4/1,50,Score in Half,Slide Slits Right Panel,Yes 100 Envelopes A6
Majestic,Silk,6 x 9,Vertical,Rectangle,16PT C2S,No Coating,Silk,n/a,4/1,100,Score in Half,Moon Slits Right Panel,Yes 250 Envelopes A6
Majestic,Silk,6 x 9,Vertical,Rectangle,16PT C2S,No Coating,Silk,n/a,4/4,100,Score in Half,Moon Slits Right Panel,Yes 250 Envelopes A6
Majestic,Silk,6 x 9,Horizontal,Rectangle,16PT C2S,No Coating,Silk,n/a,4/1,250,Score in Half,Moon Slits Right Panel,Yes 250 Envelopes A6
Majestic,Silk,6 x 9,Vertical,Rectangle,16PT C2S,No Coating,Silk,n/a,4/0,250,Score in Half,Moon Slits Right Panel,Yes 250 Envelopes A6
Majestic,Silk,6 x 9,Horizontal,Rectangle,16PT C2S,No Coating,Silk,n/a,4/0,250,Score in Half,Moon Slits Right Panel,Yes 250 Envelopes A6
Majestic,Silk,6 x 9,Vertical,Rectangle,16PT C2S,No Coating,Silk,n/a,4/1,250,Score in Half,Moon Slits Right Panel,Yes 250 Envelopes A6
Majestic,Silk,6 x 9,Horizontal,Rectangle,16PT C2S,No Coating,Silk,n/a,4/4,250,Score in Half,Moon Slits Right Panel,Yes 250 Envelopes A6
Majestic,Silk,6 x 9,Horizontal,Rectangle,16PT C2S,No Coating,Silk,n/a,4/0,500,Score in Half,Moon Slits Right Panel,Yes 250 Envelopes A6
Majestic,Silk,6 x 9,Vertical,Rectangle,16PT C2S,No Coating,Silk,n/a,4/4,250,Score in Half,Moon Slits Right Panel,Yes 250 Envelopes A6
Majestic,Silk,6 x 9,Vertical,Rectangle,16PT C2S,No Coating,Silk,n/a,4/0,500,Score in Half,Moon Slits Right Panel,Yes 250 Envelopes A6
Majestic,Silk,6 x 9,Horizontal,Rectangle,16PT C2S,No Coating,Silk,n/a,4/1,500,Score in Half,Moon Slits Right Panel,Yes 250 Envelopes A6
Majestic,Silk,6 x 9,Horizontal,Rectangle,16PT C2S,No Coating,Silk,n/a,4/4,100,Score in Half,Moon Slits Right Panel,Yes 250 Envelopes A6
Majestic,Silk,6 x 9,Horizontal,Rectangle,16PT C2S,No Coating,Silk,n/a,4/4,500,Score in Half,Moon Slits Right Panel,Yes 250 Envelopes A6
Majestic,Silk,6 x 9,Vertical,Rectangle,16PT C2S,No Coating,Silk,n/a,4/1,50,Score in Half,Moon Slits Right Panel,Yes 250 Envelopes A6
Majestic,Silk,6 x 9,Vertical,Rectangle,16PT C2S,No Coating,Silk,n/a,4/4,500,Score in Half,Moon Slits Right Panel,Yes 250 Envelopes A6
Majestic,Silk,6 x 9,Vertical,Rectangle,16PT C2S,No Coating,Silk,n/a,4/0,1000,Score in Half,Moon Slits Right Panel,Yes 250 Envelopes A6
Majestic,Silk,6 x 9,Vertical,Rectangle,16PT C2S,No Coating,Silk,n/a,4/1,1000,Score in Half,Moon Slits Right Panel,Yes 250 Envelopes A6
Majestic,Silk,6 x 9,Horizontal,Rectangle,16PT C2S,No Coating,Silk,n/a,4/4,1000,Score in Half,Moon Slits Right Panel,Yes 250 Envelopes A6
Majestic,Silk,6 x 9,Horizontal,Rectangle,16PT C2S,No Coating,Silk,n/a,4/0,1000,Score in Half,Moon Slits Right Panel,Yes 250 Envelopes A6
Majestic,Silk,6 x 9,Horizontal,Rectangle,16PT C2S,No Coating,Silk,n/a,4/1,1000,Score in Half,Moon Slits Right Panel,Yes 250 Envelopes A6
Majestic,Silk,6 x 9,Vertical,Rectangle,16PT C2S,No Coating,Silk,n/a,4/4,1000,Score in Half,Moon Slits Right Panel,Yes 250 Envelopes A6
Majestic,Silk,6 x 9,Horizontal,Rectangle,16PT C2S,No Coating,Silk,n/a,4/0,2500,Score in Half,Moon Slits Right Panel,Yes 250 Envelopes A6
Majestic,Silk,6 x 9,Vertical,Rectangle,16PT C2S,No Coating,Silk,n/a,4/0,2500,Score in Half,Moon Slits Right Panel,Yes 250 Envelopes A6
Majestic,Silk,6 x 9,Vertical,Rectangle,16PT C2S,No Coating,Silk,n/a,4/1,2500,Score in Half,Moon Slits Right Panel,Yes 250 Envelopes A6
Majestic,Silk,6 x 9,Horizontal,Rectangle,16PT C2S,No Coating,Silk,n/a,4/4,2500,Score in Half,Moon Slits Right Panel,Yes 250 Envelopes A6
Majestic,Silk,6 x 9,Horizontal,Rectangle,16PT C2S,No Coating,Silk,n/a,4/1,2500,Score in Half,Moon Slits Right Panel,Yes 250 Envelopes A6
Majestic,Silk,6 x 9,Vertical,Rectangle,16PT C2S,No Coating,Silk,n/a,4/4,2500,Score in Half,Moon Slits Right Panel,Yes 250 Envelopes A6
Majestic,Silk,6 x 9,Horizontal,Rectangle,16PT C2S,No Coating,Silk,n/a,4/0,5000,Score in Half,Moon Slits Right Panel,Yes 250 Envelopes A6
Majestic,Silk,6 x 9,Vertical,Rectangle,16PT C2S,No Coating,Silk,n/a,4/0,5000,Score in Half,Moon Slits Right Panel,Yes 250 Envelopes A6
Majestic,Silk,6 x 9,Vertical,Rectangle,16PT C2S,No Coating,Silk,n/a,4/1,5000,Score in Half,Moon Slits Right Panel,Yes 250 Envelopes A6
Majestic,Silk,6 x 9,Horizontal,Rectangle,16PT C2S,No Coating,Silk,n/a,4/4,5000,Score in Half,Moon Slits Right Panel,Yes 250 Envelopes A6
Majestic,Silk,6 x 9,Horizontal,Rectangle,16PT C2S,No Coating,Silk,n/a,4/1,5000,Score in Half,Moon Slits Right Panel,Yes 250 Envelopes A6
Majestic,Silk,6 x 9,Vertical,Rectangle,16PT C2S,No Coating,Silk,n/a,4/4,5000,Score in Half,Moon Slits Right Panel,Yes 250 Envelopes A6
Majestic,Silk,6 x 9,Horizontal,Rectangle,16PT C2S,No Coating,Silk,n/a,4/0,10000,Score in Half,Moon Slits Right Panel,Yes 250 Envelopes A6
Majestic,Silk,6 x 9,Vertical,Rectangle,16PT C2S,No Coating,Silk,n/a,4/0,10000,Score in Half,Moon Slits Right Panel,Yes 250 Envelopes A6
Majestic,Silk,6 x 9,Vertical,Rectangle,16PT C2S,No Coating,Silk,n/a,4/1,10000,Score in Half,Moon Slits Right Panel,Yes 250 Envelopes A6
Majestic,Silk,6 x 9,Horizontal,Rectangle,16PT C2S,No Coating,Silk,n/a,4/4,10000,Score in Half,Moon Slits Right Panel,Yes 250 Envelopes A6
Majestic,Silk,6 x 9,Horizontal,Rectangle,16PT C2S,No Coating,Silk,n/a,4/1,10000,Score in Half,Moon Slits Right Panel,Yes 250 Envelopes A6
Majestic,Silk,6 x 9,Vertical,Rectangle,16PT C2S,No Coating,Silk,n/a,4/4,10000,Score in Half,Moon Slits Right Panel,Yes 250 Envelopes A6
Majestic,Silk,6 x 9,Horizontal,Rectangle,16PT C2S,No Coating,Silk,n/a,4/0,25,Score in Half,No Gift Cards Slits,Yes 250 Envelopes A6
Majestic,Silk,6 x 9,Vertical,Rectangle,16PT C2S,No Coating,Silk,n/a,4/0,25,Score in Half,No Gift Cards Slits,Yes 250 Envelopes A6
Majestic,Silk,6 x 9,Vertical,Rectangle,16PT C2S,No Coating,Silk,n/a,4/1,25,Score in Half,No Gift Cards Slits,Yes 250 Envelopes A6
Majestic,Silk,6 x 9,Horizontal,Rectangle,16PT C2S,No Coating,Silk,n/a,4/4,25,Score in Half,No Gift Cards Slits,Yes 250 Envelopes A6
Majestic,Silk,6 x 9,Horizontal,Rectangle,16PT C2S,No Coating,Silk,n/a,4/1,25,Score in Half,No Gift Cards Slits,Yes 250 Envelopes A6
Majestic,Silk,6 x 9,Vertical,Rectangle,16PT C2S,No Coating,Silk,n/a,4/4,25,Score in Half,No Gift Cards Slits,Yes 250 Envelopes A6
Majestic,Silk,6 x 9,Horizontal,Rectangle,16PT C2S,No Coating,Silk,n/a,4/0,50,Score in Half,No Gift Cards Slits,Yes 250 Envelopes A6
Majestic,Silk,6 x 9,Vertical,Rectangle,16PT C2S,No Coating,Silk,n/a,4/1,50,Score in Half,No Gift Cards Slits,Yes 250 Envelopes A6
Majestic,Silk,6 x 9,Vertical,Rectangle,16PT C2S,No Coating,Silk,n/a,4/0,50,Score in Half,No Gift Cards Slits,Yes 250 Envelopes A6
Majestic,Silk,6 x 9,Horizontal,Rectangle,16PT C2S,No Coating,Silk,n/a,4/4,50,Score in Half,No Gift Cards Slits,Yes 250 Envelopes A6
Majestic,Silk,6 x 9,Horizontal,Rectangle,16PT C2S,No Coating,Silk,n/a,4/1,50,Score in Half,No Gift Cards Slits,Yes 250 Envelopes A6
Majestic,Silk,6 x 9,Vertical,Rectangle,16PT C2S,No Coating,Silk,n/a,4/4,50,Score in Half,No Gift Cards Slits,Yes 250 Envelopes A6
Majestic,Silk,6 x 9,Horizontal,Rectangle,16PT C2S,No Coating,Silk,n/a,4/0,75,Score in Half,No Gift Cards Slits,Yes 250 Envelopes A6
Majestic,Silk,6 x 9,Horizontal,Rectangle,16PT C2S,No Coating,Silk,n/a,4/1,75,Score in Half,No Gift Cards Slits,Yes 250 Envelopes A6
Majestic,Silk,6 x 9,Vertical,Rectangle,16PT C2S,No Coating,Silk,n/a,4/0,75,Score in Half,No Gift Cards Slits,Yes 250 Envelopes A6
Majestic,Silk,6 x 9,Vertical,Rectangle,16PT C2S,No Coating,Silk,n/a,4/1,75,Score in Half,No Gift Cards Slits,Yes 250 Envelopes A6
Majestic,Silk,6 x 9,Horizontal,Rectangle,16PT C2S,No Coating,Silk,n/a,4/4,75,Score in Half,No Gift Cards Slits,Yes 250 Envelopes A6
Majestic,Silk,6 x 9,Vertical,Rectangle,16PT C2S,No Coating,Silk,n/a,4/4,75,Score in Half,No Gift Cards Slits,Yes 250 Envelopes A6
Majestic,Silk,6 x 9,Horizontal,Rectangle,16PT C2S,No Coating,Silk,n/a,4/1,100,Score in Half,No Gift Cards Slits,Yes 250 Envelopes A6
Majestic,Silk,6 x 9,Horizontal,Rectangle,16PT C2S,No Coating,Silk,n/a,4/0,100,Score in Half,No Gift Cards Slits,Yes 250 Envelopes A6
Majestic,Silk,6 x 9,Vertical,Rectangle,16PT C2S,No Coating,Silk,n/a,4/1,100,Score in Half,No Gift Cards Slits,Yes 250 Envelopes A6
Majestic,Silk,6 x 9,Vertical,Rectangle,16PT C2S,No Coating,Silk,n/a,4/0,100,Score in Half,No Gift Cards Slits,Yes 250 Envelopes A6
Majestic,Silk,6 x 9,Horizontal,Rectangle,16PT C2S,No Coating,Silk,n/a,4/4,100,Score in Half,No Gift Cards Slits,Yes 250 Envelopes A6
Majestic,Silk,6 x 9,Horizontal,Rectangle,16PT C2S,No Coating,Silk,n/a,4/0,250,Score in Half,No Gift Cards Slits,Yes 250 Envelopes A6
Majestic,Silk,6 x 9,Vertical,Rectangle,16PT C2S,No Coating,Silk,n/a,4/4,100,Score in Half,No Gift Cards Slits,Yes 250 Envelopes A6
Majestic,Silk,6 x 9,Vertical,Rectangle,16PT C2S,No Coating,Silk,n/a,4/0,250,Score in Half,No Gift Cards Slits,Yes 250 Envelopes A6
Majestic,Silk,6 x 9,Horizontal,Rectangle,16PT C2S,No Coating,Silk,n/a,4/1,250,Score in Half,No Gift Cards Slits,Yes 250 Envelopes A6
Majestic,Silk,6 x 9,Vertical,Rectangle,16PT C2S,No Coating,Silk,n/a,4/0,100,Score in Half,Moon Slits Right Panel,Yes 250 Envelopes A6
Majestic,Silk,6 x 9,Horizontal,Rectangle,16PT C2S,No Coating,Silk,n/a,4/4,250,Score in Half,No Gift Cards Slits,Yes 250 Envelopes A6
Majestic,Silk,6 x 9,Horizontal,Rectangle,16PT C2S,No Coating,Silk,n/a,4/0,500,Score in Half,No Gift Cards Slits,Yes 250 Envelopes A6
Majestic,Silk,6 x 9,Vertical,Rectangle,16PT C2S,No Coating,Silk,n/a,4/4,250,Score in Half,No Gift Cards Slits,Yes 250 Envelopes A6
Majestic,Silk,6 x 9,Vertical,Rectangle,16PT C2S,No Coating,Silk,n/a,4/0,500,Score in Half,No Gift Cards Slits,Yes 250 Envelopes A6
Majestic,Silk,6 x 9,Horizontal,Rectangle,16PT C2S,No Coating,Silk,n/a,4/1,500,Score in Half,No Gift Cards Slits,Yes 250 Envelopes A6
Majestic,Silk,6 x 9,Horizontal,Rectangle,16PT C2S,No Coating,Silk,n/a,4/4,500,Score in Half,No Gift Cards Slits,Yes 250 Envelopes A6
Majestic,Silk,6 x 9,Vertical,Rectangle,16PT C2S,No Coating,Silk,n/a,4/1,500,Score in Half,No Gift Cards Slits,Yes 250 Envelopes A6
Majestic,Silk,6 x 9,Horizontal,Rectangle,16PT C2S,No Coating,Silk,n/a,4/0,1000,Score in Half,No Gift Cards Slits,Yes 250 Envelopes A6
Majestic,Silk,6 x 9,Vertical,Rectangle,16PT C2S,No Coating,Silk,n/a,4/4,500,Score in Half,No Gift Cards Slits,Yes 250 Envelopes A6
Majestic,Silk,6 x 9,Vertical,Rectangle,16PT C2S,No Coating,Silk,n/a,4/0,1000,Score in Half,No Gift Cards Slits,Yes 250 Envelopes A6
Majestic,Silk,6 x 9,Horizontal,Rectangle,16PT C2S,No Coating,Silk,n/a,4/1,1000,Score in Half,No Gift Cards Slits,Yes 250 Envelopes A6
Majestic,Silk,6 x 9,Vertical,Rectangle,16PT C2S,No Coating,Silk,n/a,4/1,1000,Score in Half,No Gift Cards Slits,Yes 250 Envelopes A6
Majestic,Silk,6 x 9,Horizontal,Rectangle,16PT C2S,No Coating,Silk,n/a,4/4,1000,Score in Half,No Gift Cards Slits,Yes 250 Envelopes A6
Majestic,Silk,6 x 9,Vertical,Rectangle,16PT C2S,No Coating,Silk,n/a,4/4,1000,Score in Half,No Gift Cards Slits,Yes 250 Envelopes A6
Majestic,Silk,6 x 9,Horizontal,Rectangle,16PT C2S,No Coating,Silk,n/a,4/0,2500,Score in Half,No Gift Cards Slits,Yes 250 Envelopes A6
Majestic,Silk,6 x 9,Vertical,Rectangle,16PT C2S,No Coating,Silk,n/a,4/0,2500,Score in Half,No Gift Cards Slits,Yes 250 Envelopes A6
Majestic,Silk,6 x 9,Horizontal,Rectangle,16PT C2S,No Coating,Silk,n/a,4/1,2500,Score in Half,No Gift Cards Slits,Yes 250 Envelopes A6
Majestic,Silk,6 x 9,Vertical,Rectangle,16PT C2S,No Coating,Silk,n/a,4/1,2500,Score in Half,No Gift Cards Slits,Yes 250 Envelopes A6
Majestic,Silk,6 x 9,Vertical,Rectangle,16PT C2S,No Coating,Silk,n/a,4/4,2500,Score in Half,No Gift Cards Slits,Yes 250 Envelopes A6
Majestic,Silk,6 x 9,Horizontal,Rectangle,16PT C2S,No Coating,Silk,n/a,4/4,2500,Score in Half,No Gift Cards Slits,Yes 250 Envelopes A6
Majestic,Silk,6 x 9,Horizontal,Rectangle,16PT C2S,No Coating,Silk,n/a,4/0,5000,Score in Half,No Gift Cards Slits,Yes 250 Envelopes A6
Majestic,Silk,6 x 9,Vertical,Rectangle,16PT C2S,No Coating,Silk,n/a,4/0,5000,Score in Half,No Gift Cards Slits,Yes 250 Envelopes A6
Majestic,Silk,6 x 9,Horizontal,Rectangle,16PT C2S,No Coating,Silk,n/a,4/1,5000,Score in Half,No Gift Cards Slits,Yes 250 Envelopes A6
Majestic,Silk,6 x 9,Vertical,Rectangle,16PT C2S,No Coating,Silk,n/a,4/1,5000,Score in Half,No Gift Cards Slits,Yes 250 Envelopes A6
Majestic,Silk,6 x 9,Horizontal,Rectangle,16PT C2S,No Coating,Silk,n/a,4/4,5000,Score in Half,No Gift Cards Slits,Yes 250 Envelopes A6
Majestic,Silk,6 x 9,Vertical,Rectangle,16PT C2S,No Coating,Silk,n/a,4/4,5000,Score in Half,No Gift Cards Slits,Yes 250 Envelopes A6
Majestic,Silk,6 x 9,Horizontal,Rectangle,16PT C2S,No Coating,Silk,n/a,4/0,10000,Score in Half,No Gift Cards Slits,Yes 250 Envelopes A6
Majestic,Silk,6 x 9,Vertical,Rectangle,16PT C2S,No Coating,Silk,n/a,4/0,10000,Score in Half,No Gift Cards Slits,Yes 250 Envelopes A6
Majestic,Silk,6 x 9,Horizontal,Rectangle,16PT C2S,No Coating,Silk,n/a,4/1,10000,Score in Half,No Gift Cards Slits,Yes 250 Envelopes A6
Majestic,Silk,6 x 9,Vertical,Rectangle,16PT C2S,No Coating,Silk,n/a,4/1,10000,Score in Half,No Gift Cards Slits,Yes 250 Envelopes A6
Majestic,Silk,6 x 9,Horizontal,Rectangle,16PT C2S,No Coating,Silk,n/a,4/4,10000,Score in Half,No Gift Cards Slits,Yes 250 Envelopes A6
Majestic,Silk,6 x 9,Vertical,Rectangle,16PT C2S,No Coating,Silk,n/a,4/4,10000,Score in Half,No Gift Cards Slits,Yes 250 Envelopes A6
Majestic,Silk,6 x 9,Horizontal,Rectangle,16PT C2S,No Coating,Silk,n/a,4/0,25,Score in Half,Slide Slits Bottom Panel,Yes 250 Envelopes A6
Majestic,Silk,6 x 9,Vertical,Rectangle,16PT C2S,No Coating,Silk,n/a,4/0,25,Score in Half,Slide Slits Bottom Panel,Yes 250 Envelopes A6
Majestic,Silk,6 x 9,Horizontal,Rectangle,16PT C2S,No Coating,Silk,n/a,4/1,25,Score in Half,Slide Slits Bottom Panel,Yes 250 Envelopes A6
Majestic,Silk,6 x 9,Vertical,Rectangle,16PT C2S,No Coating,Silk,n/a,4/1,25,Score in Half,Slide Slits Bottom Panel,Yes 250 Envelopes A6
Majestic,Silk,6 x 9,Vertical,Rectangle,16PT C2S,No Coating,Silk,n/a,4/4,25,Score in Half,Slide Slits Bottom Panel,Yes 250 Envelopes A6
Majestic,Silk,6 x 9,Horizontal,Rectangle,16PT C2S,No Coating,Silk,n/a,4/4,25,Score in Half,Slide Slits Bottom Panel,Yes 250 Envelopes A6
Majestic,Silk,6 x 9,Horizontal,Rectangle,16PT C2S,No Coating,Silk,n/a,4/0,50,Score in Half,Slide Slits Bottom Panel,Yes 250 Envelopes A6
Majestic,Silk,6 x 9,Vertical,Rectangle,16PT C2S,No Coating,Silk,n/a,4/0,50,Score in Half,Slide Slits Bottom Panel,Yes 250 Envelopes A6
Majestic,Silk,6 x 9,Horizontal,Rectangle,16PT C2S,No Coating,Silk,n/a,4/1,50,Score in Half,Slide Slits Bottom Panel,Yes 250 Envelopes A6
Majestic,Silk,6 x 9,Vertical,Rectangle,16PT C2S,No Coating,Silk,n/a,4/1,50,Score in Half,Slide Slits Bottom Panel,Yes 250 Envelopes A6
Majestic,Silk,6 x 9,Horizontal,Rectangle,16PT C2S,No Coating,Silk,n/a,4/4,50,Score in Half,Slide Slits Bottom Panel,Yes 250 Envelopes A6
Majestic,Silk,6 x 9,Vertical,Rectangle,16PT C2S,No Coating,Silk,n/a,4/4,50,Score in Half,Slide Slits Bottom Panel,Yes 250 Envelopes A6
Majestic,Silk,6 x 9,Horizontal,Rectangle,16PT C2S,No Coating,Silk,n/a,4/0,75,Score in Half,Slide Slits Bottom Panel,Yes 250 Envelopes A6
Majestic,Silk,6 x 9,Vertical,Rectangle,16PT C2S,No Coating,Silk,n/a,4/0,75,Score in Half,Slide Slits Bottom Panel,Yes 250 Envelopes A6
Majestic,Silk,6 x 9,Horizontal,Rectangle,16PT C2S,No Coating,Silk,n/a,4/1,75,Score in Half,Slide Slits Bottom Panel,Yes 250 Envelopes A6
Majestic,Silk,6 x 9,Vertical,Rectangle,16PT C2S,No Coating,Silk,n/a,4/1,75,Score in Half,Slide Slits Bottom Panel,Yes 250 Envelopes A6
Majestic,Silk,6 x 9,Horizontal,Rectangle,16PT C2S,No Coating,Silk,n/a,4/4,75,Score in Half,Slide Slits Bottom Panel,Yes 250 Envelopes A6
Majestic,Silk,6 x 9,Vertical,Rectangle,16PT C2S,No Coating,Silk,n/a,4/4,75,Score in Half,Slide Slits Bottom Panel,Yes 250 Envelopes A6
Majestic,Silk,6 x 9,Vertical,Rectangle,16PT C2S,No Coating,Silk,n/a,4/0,75,Score in Half,Slide Slits Bottom Panel,Yes 100 Envelopes A6
Majestic,Silk,6 x 9,Vertical,Rectangle,16PT C2S,No Coating,Silk,n/a,4/1,500,Score in Half,Moon Slits Right Panel,Yes 250 Envelopes A6
Majestic,Silk,6 x 9,Horizontal,Rectangle,16PT C2S,No Coating,Silk,n/a,4/1,100,Score in Half,Slide Slits Bottom Panel,Yes 250 Envelopes A6
Majestic,Silk,6 x 9,Vertical,Rectangle,16PT C2S,No Coating,Silk,n/a,4/1,100,Score in Half,Slide Slits Bottom Panel,Yes 250 Envelopes A6
Majestic,Silk,6 x 9,Horizontal,Rectangle,16PT C2S,No Coating,Silk,n/a,4/4,100,Score in Half,Slide Slits Bottom Panel,Yes 250 Envelopes A6
Majestic,Silk,6 x 9,Vertical,Rectangle,16PT C2S,No Coating,Silk,n/a,4/4,100,Score in Half,Slide Slits Bottom Panel,Yes 250 Envelopes A6
Majestic,Silk,6 x 9,Horizontal,Rectangle,16PT C2S,No Coating,Silk,n/a,4/0,100,Score in Half,Slide Slits Bottom Panel,Yes 250 Envelopes A6
Majestic,Silk,6 x 9,Vertical,Rectangle,16PT C2S,No Coating,Silk,n/a,4/0,250,Score in Half,Slide Slits Bottom Panel,Yes 250 Envelopes A6
Majestic,Silk,6 x 9,Horizontal,Rectangle,16PT C2S,No Coating,Silk,n/a,4/1,250,Score in Half,Slide Slits Bottom Panel,Yes 250 Envelopes A6
Majestic,Silk,6 x 9,Vertical,Rectangle,16PT C2S,No Coating,Silk,n/a,4/1,250,Score in Half,Slide Slits Bottom Panel,Yes 250 Envelopes A6
Majestic,Silk,6 x 9,Horizontal,Rectangle,16PT C2S,No Coating,Silk,n/a,4/4,250,Score in Half,Slide Slits Bottom Panel,Yes 250 Envelopes A6
Majestic,Silk,6 x 9,Vertical,Rectangle,16PT C2S,No Coating,Silk,n/a,4/4,250,Score in Half,Slide Slits Bottom Panel,Yes 250 Envelopes A6
Majestic,Silk,6 x 9,Horizontal,Rectangle,16PT C2S,No Coating,Silk,n/a,4/0,500,Score in Half,Slide Slits Bottom Panel,Yes 250 Envelopes A6
Majestic,Silk,6 x 9,Vertical,Rectangle,16PT C2S,No Coating,Silk,n/a,4/0,500,Score in Half,Slide Slits Bottom Panel,Yes 250 Envelopes A6
Majestic,Silk,6 x 9,Horizontal,Rectangle,16PT C2S,No Coating,Silk,n/a,4/1,500,Score in Half,Slide Slits Bottom Panel,Yes 250 Envelopes A6
Majestic,Silk,6 x 9,Vertical,Rectangle,16PT C2S,No Coating,Silk,n/a,4/1,500,Score in Half,Slide Slits Bottom Panel,Yes 250 Envelopes A6
Majestic,Silk,6 x 9,Horizontal,Rectangle,16PT C2S,No Coating,Silk,n/a,4/4,500,Score in Half,Slide Slits Bottom Panel,Yes 250 Envelopes A6
Majestic,Silk,6 x 9,Vertical,Rectangle,16PT C2S,No Coating,Silk,n/a,4/4,500,Score in Half,Slide Slits Bottom Panel,Yes 250 Envelopes A6
Majestic,Silk,6 x 9,Horizontal,Rectangle,16PT C2S,No Coating,Silk,n/a,4/0,1000,Score in Half,Slide Slits Bottom Panel,Yes 250 Envelopes A6
Majestic,Silk,6 x 9,Vertical,Rectangle,16PT C2S,No Coating,Silk,n/a,4/0,1000,Score in Half,Slide Slits Bottom Panel,Yes 250 Envelopes A6
Majestic,Silk,6 x 9,Horizontal,Rectangle,16PT C2S,No Coating,Silk,n/a,4/1,1000,Score in Half,Slide Slits Bottom Panel,Yes 250 Envelopes A6
Majestic,Silk,6 x 9,Vertical,Rectangle,16PT C2S,No Coating,Silk,n/a,4/1,1000,Score in Half,Slide Slits Bottom Panel,Yes 250 Envelopes A6
Majestic,Silk,6 x 9,Horizontal,Rectangle,16PT C2S,No Coating,Silk,n/a,4/4,1000,Score in Half,Slide Slits Bottom Panel,Yes 250 Envelopes A6
Majestic,Silk,6 x 9,Vertical,Rectangle,16PT C2S,No Coating,Silk,n/a,4/0,100,Score in Half,Slide Slits Bottom Panel,Yes 250 Envelopes A6
Majestic,Silk,6 x 9,Horizontal,Rectangle,16PT C2S,No Coating,Silk,n/a,4/0,2500,Score in Half,Slide Slits Bottom Panel,Yes 250 Envelopes A6
Majestic,Silk,6 x 9,Horizontal,Rectangle,16PT C2S,No Coating,Silk,n/a,4/1,2500,Score in Half,Slide Slits Bottom Panel,Yes 250 Envelopes A6
Majestic,Silk,6 x 9,Vertical,Rectangle,16PT C2S,No Coating,Silk,n/a,4/0,2500,Score in Half,Slide Slits Bottom Panel,Yes 250 Envelopes A6
Majestic,Silk,6 x 9,Vertical,Rectangle,16PT C2S,No Coating,Silk,n/a,4/1,2500,Score in Half,Slide Slits Bottom Panel,Yes 250 Envelopes A6
Majestic,Silk,6 x 9,Vertical,Rectangle,16PT C2S,No Coating,Silk,n/a,4/4,2500,Score in Half,Slide Slits Bottom Panel,Yes 250 Envelopes A6
Majestic,Silk,6 x 9,Horizontal,Rectangle,16PT C2S,No Coating,Silk,n/a,4/0,5000,Score in Half,Slide Slits Bottom Panel,Yes 250 Envelopes A6
Majestic,Silk,6 x 9,Horizontal,Rectangle,16PT C2S,No Coating,Silk,n/a,4/4,2500,Score in Half,Slide Slits Bottom Panel,Yes 250 Envelopes A6
Majestic,Silk,6 x 9,Vertical,Rectangle,16PT C2S,No Coating,Silk,n/a,4/0,5000,Score in Half,Slide Slits Bottom Panel,Yes 250 Envelopes A6
Majestic,Silk,6 x 9,Horizontal,Rectangle,16PT C2S,No Coating,Silk,n/a,4/1,5000,Score in Half,Slide Slits Bottom Panel,Yes 250 Envelopes A6
Majestic,Silk,6 x 9,Vertical,Rectangle,16PT C2S,No Coating,Silk,n/a,4/1,250,Score in Half,No Gift Cards Slits,Yes 250 Envelopes A6
Majestic,Silk,6 x 9,Horizontal,Rectangle,16PT C2S,No Coating,Silk,n/a,4/4,5000,Score in Half,Slide Slits Bottom Panel,Yes 250 Envelopes A6
Majestic,Silk,6 x 9,Vertical,Rectangle,16PT C2S,No Coating,Silk,n/a,4/4,5000,Score in Half,Slide Slits Bottom Panel,Yes 250 Envelopes A6
Majestic,Silk,6 x 9,Horizontal,Rectangle,16PT C2S,No Coating,Silk,n/a,4/0,10000,Score in Half,Slide Slits Bottom Panel,Yes 250 Envelopes A6
Majestic,Silk,6 x 9,Vertical,Rectangle,16PT C2S,No Coating,Silk,n/a,4/0,10000,Score in Half,Slide Slits Bottom Panel,Yes 250 Envelopes A6
Majestic,Silk,6 x 9,Horizontal,Rectangle,16PT C2S,No Coating,Silk,n/a,4/1,10000,Score in Half,Slide Slits Bottom Panel,Yes 250 Envelopes A6
Majestic,Silk,6 x 9,Vertical,Rectangle,16PT C2S,No Coating,Silk,n/a,4/1,10000,Score in Half,Slide Slits Bottom Panel,Yes 250 Envelopes A6
Majestic,Silk,6 x 9,Horizontal,Rectangle,16PT C2S,No Coating,Silk,n/a,4/4,10000,Score in Half,Slide Slits Bottom Panel,Yes 250 Envelopes A6
Majestic,Silk,6 x 9,Vertical,Rectangle,16PT C2S,No Coating,Silk,n/a,4/4,10000,Score in Half,Slide Slits Bottom Panel,Yes 250 Envelopes A6
Majestic,Silk,6 x 9,Horizontal,Rectangle,16PT C2S,No Coating,Silk,n/a,4/0,25,Score in Half,Slide Slits Right Panel,Yes 250 Envelopes A6
Majestic,Silk,6 x 9,Vertical,Rectangle,16PT C2S,No Coating,Silk,n/a,4/0,25,Score in Half,Slide Slits Right Panel,Yes 250 Envelopes A6
Majestic,Silk,6 x 9,Horizontal,Rectangle,16PT C2S,No Coating,Silk,n/a,4/1,25,Score in Half,Slide Slits Right Panel,Yes 250 Envelopes A6
Majestic,Silk,6 x 9,Vertical,Rectangle,16PT C2S,No Coating,Silk,n/a,4/1,25,Score in Half,Slide Slits Right Panel,Yes 250 Envelopes A6
Majestic,Silk,6 x 9,Horizontal,Rectangle,16PT C2S,No Coating,Silk,n/a,4/4,25,Score in Half,Slide Slits Right Panel,Yes 250 Envelopes A6
Majestic,Silk,6 x 9,Vertical,Rectangle,16PT C2S,No Coating,Silk,n/a,4/4,25,Score in Half,Slide Slits Right Panel,Yes 250 Envelopes A6
Majestic,Silk,6 x 9,Horizontal,Rectangle,16PT C2S,No Coating,Silk,n/a,4/0,50,Score in Half,Slide Slits Right Panel,Yes 250 Envelopes A6
Majestic,Silk,6 x 9,Vertical,Rectangle,16PT C2S,No Coating,Silk,n/a,4/0,50,Score in Half,Slide Slits Right Panel,Yes 250 Envelopes A6
Majestic,Silk,6 x 9,Horizontal,Rectangle,16PT C2S,No Coating,Silk,n/a,4/1,50,Score in Half,Slide Slits Right Panel,Yes 250 Envelopes A6
Majestic,Silk,6 x 9,Vertical,Rectangle,16PT C2S,No Coating,Silk,n/a,4/1,50,Score in Half,Slide Slits Right Panel,Yes 250 Envelopes A6
Majestic,Silk,6 x 9,Horizontal,Rectangle,16PT C2S,No Coating,Silk,n/a,4/4,50,Score in Half,Slide Slits Right Panel,Yes 250 Envelopes A6
Majestic,Silk,6 x 9,Vertical,Rectangle,16PT C2S,No Coating,Silk,n/a,4/4,50,Score in Half,Slide Slits Right Panel,Yes 250 Envelopes A6
Majestic,Silk,6 x 9,Horizontal,Rectangle,16PT C2S,No Coating,Silk,n/a,4/0,75,Score in Half,Slide Slits Right Panel,Yes 250 Envelopes A6
Majestic,Silk,6 x 9,Vertical,Rectangle,16PT C2S,No Coating,Silk,n/a,4/0,75,Score in Half,Slide Slits Right Panel,Yes 250 Envelopes A6
Majestic,Silk,6 x 9,Horizontal,Rectangle,16PT C2S,No Coating,Silk,n/a,4/1,75,Score in Half,Slide Slits Right Panel,Yes 250 Envelopes A6
Majestic,Silk,6 x 9,Vertical,Rectangle,16PT C2S,No Coating,Silk,n/a,4/1,75,Score in Half,Slide Slits Right Panel,Yes 250 Envelopes A6
Majestic,Silk,6 x 9,Horizontal,Rectangle,16PT C2S,No Coating,Silk,n/a,4/4,75,Score in Half,Slide Slits Right Panel,Yes 250 Envelopes A6
Majestic,Silk,6 x 9,Vertical,Rectangle,16PT C2S,No Coating,Silk,n/a,4/4,75,Score in Half,Slide Slits Right Panel,Yes 250 Envelopes A6
Majestic,Silk,6 x 9,Horizontal,Rectangle,16PT C2S,No Coating,Silk,n/a,4/0,100,Score in Half,Slide Slits Right Panel,Yes 250 Envelopes A6
Majestic,Silk,6 x 9,Vertical,Rectangle,16PT C2S,No Coating,Silk,n/a,4/0,100,Score in Half,Slide Slits Right Panel,Yes 250 Envelopes A6
Majestic,Silk,6 x 9,Horizontal,Rectangle,16PT C2S,No Coating,Silk,n/a,4/1,100,Score in Half,Slide Slits Right Panel,Yes 250 Envelopes A6
Majestic,Silk,6 x 9,Vertical,Rectangle,16PT C2S,No Coating,Silk,n/a,4/1,100,Score in Half,Slide Slits Right Panel,Yes 250 Envelopes A6
Majestic,Silk,6 x 9,Horizontal,Rectangle,16PT C2S,No Coating,Silk,n/a,4/4,100,Score in Half,Slide Slits Right Panel,Yes 250 Envelopes A6
Majestic,Silk,6 x 9,Vertical,Rectangle,16PT C2S,No Coating,Silk,n/a,4/4,100,Score in Half,Slide Slits Right Panel,Yes 250 Envelopes A6
Majestic,Silk,6 x 9,Horizontal,Rectangle,16PT C2S,No Coating,Silk,n/a,4/0,250,Score in Half,Slide Slits Right Panel,Yes 250 Envelopes A6
Majestic,Silk,6 x 9,Vertical,Rectangle,16PT C2S,No Coating,Silk,n/a,4/0,250,Score in Half,Slide Slits Right Panel,Yes 250 Envelopes A6
Majestic,Silk,6 x 9,Horizontal,Rectangle,16PT C2S,No Coating,Silk,n/a,4/1,250,Score in Half,Slide Slits Right Panel,Yes 250 Envelopes A6
Majestic,Silk,6 x 9,Vertical,Rectangle,16PT C2S,No Coating,Silk,n/a,4/1,250,Score in Half,Slide Slits Right Panel,Yes 250 Envelopes A6
Majestic,Silk,6 x 9,Horizontal,Rectangle,16PT C2S,No Coating,Silk,n/a,4/4,250,Score in Half,Slide Slits Right Panel,Yes 250 Envelopes A6
Majestic,Silk,6 x 9,Vertical,Rectangle,16PT C2S,No Coating,Silk,n/a,4/4,250,Score in Half,Slide Slits Right Panel,Yes 250 Envelopes A6
Majestic,Silk,6 x 9,Horizontal,Rectangle,16PT C2S,No Coating,Silk,n/a,4/0,500,Score in Half,Slide Slits Right Panel,Yes 250 Envelopes A6
Majestic,Silk,6 x 9,Vertical,Rectangle,16PT C2S,No Coating,Silk,n/a,4/0,500,Score in Half,Slide Slits Right Panel,Yes 250 Envelopes A6
Majestic,Silk,6 x 9,Horizontal,Rectangle,16PT C2S,No Coating,Silk,n/a,4/1,500,Score in Half,Slide Slits Right Panel,Yes 250 Envelopes A6
Majestic,Silk,6 x 9,Vertical,Rectangle,16PT C2S,No Coating,Silk,n/a,4/1,500,Score in Half,Slide Slits Right Panel,Yes 250 Envelopes A6
Majestic,Silk,6 x 9,Horizontal,Rectangle,16PT C2S,No Coating,Silk,n/a,4/4,500,Score in Half,Slide Slits Right Panel,Yes 250 Envelopes A6
Majestic,Silk,6 x 9,Vertical,Rectangle,16PT C2S,No Coating,Silk,n/a,4/4,500,Score in Half,Slide Slits Right Panel,Yes 250 Envelopes A6
Majestic,Silk,6 x 9,Horizontal,Rectangle,16PT C2S,No Coating,Silk,n/a,4/0,1000,Score in Half,Slide Slits Right Panel,Yes 250 Envelopes A6
Majestic,Silk,6 x 9,Vertical,Rectangle,16PT C2S,No Coating,Silk,n/a,4/0,1000,Score in Half,Slide Slits Right Panel,Yes 250 Envelopes A6
Majestic,Silk,6 x 9,Horizontal,Rectangle,16PT C2S,No Coating,Silk,n/a,4/1,1000,Score in Half,Slide Slits Right Panel,Yes 250 Envelopes A6
Majestic,Silk,6 x 9,Vertical,Rectangle,16PT C2S,No Coating,Silk,n/a,4/1,1000,Score in Half,Slide Slits Right Panel,Yes 250 Envelopes A6
Majestic,Silk,6 x 9,Horizontal,Rectangle,16PT C2S,No Coating,Silk,n/a,4/4,1000,Score in Half,Slide Slits Right Panel,Yes 250 Envelopes A6
Majestic,Silk,6 x 9,Vertical,Rectangle,16PT C2S,No Coating,Silk,n/a,4/4,1000,Score in Half,Slide Slits Right Panel,Yes 250 Envelopes A6
Majestic,Silk,6 x 9,Horizontal,Rectangle,16PT C2S,No Coating,Silk,n/a,4/0,2500,Score in Half,Slide Slits Right Panel,Yes 250 Envelopes A6
Majestic,Silk,6 x 9,Vertical,Rectangle,16PT C2S,No Coating,Silk,n/a,4/0,2500,Score in Half,Slide Slits Right Panel,Yes 250 Envelopes A6
Majestic,Silk,6 x 9,Horizontal,Rectangle,16PT C2S,No Coating,Silk,n/a,4/1,2500,Score in Half,Slide Slits Right Panel,Yes 250 Envelopes A6
Majestic,Silk,6 x 9,Vertical,Rectangle,16PT C2S,No Coating,Silk,n/a,4/1,2500,Score in Half,Slide Slits Right Panel,Yes 250 Envelopes A6
Majestic,Silk,6 x 9,Horizontal,Rectangle,16PT C2S,No Coating,Silk,n/a,4/4,2500,Score in Half,Slide Slits Right Panel,Yes 250 Envelopes A6
Majestic,Silk,6 x 9,Vertical,Rectangle,16PT C2S,No Coating,Silk,n/a,4/4,2500,Score in Half,Slide Slits Right Panel,Yes 250 Envelopes A6
Majestic,Silk,6 x 9,Horizontal,Rectangle,16PT C2S,No Coating,Silk,n/a,4/0,5000,Score in Half,Slide Slits Right Panel,Yes 250 Envelopes A6
Majestic,Silk,6 x 9,Vertical,Rectangle,16PT C2S,No Coating,Silk,n/a,4/0,5000,Score in Half,Slide Slits Right Panel,Yes 250 Envelopes A6
Majestic,Silk,6 x 9,Horizontal,Rectangle,16PT C2S,No Coating,Silk,n/a,4/1,5000,Score in Half,Slide Slits Right Panel,Yes 250 Envelopes A6
Majestic,Silk,6 x 9,Vertical,Rectangle,16PT C2S,No Coating,Silk,n/a,4/1,5000,Score in Half,Slide Slits Right Panel,Yes 250 Envelopes A6
Majestic,Silk,6 x 9,Horizontal,Rectangle,16PT C2S,No Coating,Silk,n/a,4/4,5000,Score in Half,Slide Slits Right Panel,Yes 250 Envelopes A6
Majestic,Silk,6 x 9,Vertical,Rectangle,16PT C2S,No Coating,Silk,n/a,4/4,5000,Score in Half,Slide Slits Right Panel,Yes 250 Envelopes A6
Majestic,Silk,6 x 9,Horizontal,Rectangle,16PT C2S,No Coating,Silk,n/a,4/0,10000,Score in Half,Slide Slits Right Panel,Yes 250 Envelopes A6
Majestic,Silk,6 x 9,Vertical,Rectangle,16PT C2S,No Coating,Silk,n/a,4/0,10000,Score in Half,Slide Slits Right Panel,Yes 250 Envelopes A6
Majestic,Silk,6 x 9,Horizontal,Rectangle,16PT C2S,No Coating,Silk,n/a,4/1,10000,Score in Half,Slide Slits Right Panel,Yes 250 Envelopes A6
Majestic,Silk,6 x 9,Vertical,Rectangle,16PT C2S,No Coating,Silk,n/a,4/1,10000,Score in Half,Slide Slits Right Panel,Yes 250 Envelopes A6
Majestic,Silk,6 x 9,Horizontal,Rectangle,16PT C2S,No Coating,Silk,n/a,4/4,10000,Score in Half,Slide Slits Right Panel,Yes 250 Envelopes A6
Majestic,Silk,6 x 9,Vertical,Rectangle,16PT C2S,No Coating,Silk,n/a,4/4,10000,Score in Half,Slide Slits Right Panel,Yes 250 Envelopes A6
Majestic,Silk,6 x 9,Horizontal,Rectangle,16PT C2S,No Coating,Silk,n/a,4/0,25,Score in Half,Moon Slits Bottom Panel,Yes 500 Envelopes A6
Majestic,Silk,6 x 9,Vertical,Rectangle,16PT C2S,No Coating,Silk,n/a,4/0,25,Score in Half,Moon Slits Bottom Panel,Yes 500 Envelopes A6
Majestic,Silk,6 x 9,Horizontal,Rectangle,16PT C2S,No Coating,Silk,n/a,4/1,25,Score in Half,Moon Slits Bottom Panel,Yes 500 Envelopes A6
Majestic,Silk,6 x 9,Vertical,Rectangle,16PT C2S,No Coating,Silk,n/a,4/1,25,Score in Half,Moon Slits Bottom Panel,Yes 500 Envelopes A6
Majestic,Silk,6 x 9,Horizontal,Rectangle,16PT C2S,No Coating,Silk,n/a,4/4,25,Score in Half,Moon Slits Bottom Panel,Yes 500 Envelopes A6
Majestic,Silk,6 x 9,Vertical,Rectangle,16PT C2S,No Coating,Silk,n/a,4/4,25,Score in Half,Moon Slits Bottom Panel,Yes 500 Envelopes A6
Majestic,Silk,6 x 9,Horizontal,Rectangle,16PT C2S,No Coating,Silk,n/a,4/0,50,Score in Half,Moon Slits Bottom Panel,Yes 500 Envelopes A6
Majestic,Silk,6 x 9,Horizontal,Rectangle,16PT C2S,No Coating,Silk,n/a,4/1,50,Score in Half,Moon Slits Bottom Panel,Yes 500 Envelopes A6
Majestic,Silk,6 x 9,Vertical,Rectangle,16PT C2S,No Coating,Silk,n/a,4/0,50,Score in Half,Moon Slits Bottom Panel,Yes 500 Envelopes A6
Majestic,Silk,6 x 9,Vertical,Rectangle,16PT C2S,No Coating,Silk,n/a,4/1,50,Score in Half,Moon Slits Bottom Panel,Yes 500 Envelopes A6
Majestic,Silk,6 x 9,Horizontal,Rectangle,16PT C2S,No Coating,Silk,n/a,4/4,50,Score in Half,Moon Slits Bottom Panel,Yes 500 Envelopes A6
Majestic,Silk,6 x 9,Vertical,Rectangle,16PT C2S,No Coating,Silk,n/a,4/4,50,Score in Half,Moon Slits Bottom Panel,Yes 500 Envelopes A6
Majestic,Silk,6 x 9,Horizontal,Rectangle,16PT C2S,No Coating,Silk,n/a,4/0,75,Score in Half,Moon Slits Bottom Panel,Yes 500 Envelopes A6
Majestic,Silk,6 x 9,Horizontal,Rectangle,16PT C2S,No Coating,Silk,n/a,4/1,75,Score in Half,Moon Slits Bottom Panel,Yes 500 Envelopes A6
Majestic,Silk,6 x 9,Vertical,Rectangle,16PT C2S,No Coating,Silk,n/a,4/0,75,Score in Half,Moon Slits Bottom Panel,Yes 500 Envelopes A6
Majestic,Silk,6 x 9,Vertical,Rectangle,16PT C2S,No Coating,Silk,n/a,4/1,75,Score in Half,Moon Slits Bottom Panel,Yes 500 Envelopes A6
Majestic,Silk,6 x 9,Horizontal,Rectangle,16PT C2S,No Coating,Silk,n/a,4/4,75,Score in Half,Moon Slits Bottom Panel,Yes 500 Envelopes A6
Majestic,Silk,6 x 9,Vertical,Rectangle,16PT C2S,No Coating,Silk,n/a,4/4,75,Score in Half,Moon Slits Bottom Panel,Yes 500 Envelopes A6
Majestic,Silk,6 x 9,Horizontal,Rectangle,16PT C2S,No Coating,Silk,n/a,4/0,100,Score in Half,Moon Slits Bottom Panel,Yes 500 Envelopes A6
Majestic,Silk,6 x 9,Vertical,Rectangle,16PT C2S,No Coating,Silk,n/a,4/0,100,Score in Half,Moon Slits Bottom Panel,Yes 500 Envelopes A6
Majestic,Silk,6 x 9,Horizontal,Rectangle,16PT C2S,No Coating,Silk,n/a,4/1,100,Score in Half,Moon Slits Bottom Panel,Yes 500 Envelopes A6
Majestic,Silk,6 x 9,Vertical,Rectangle,16PT C2S,No Coating,Silk,n/a,4/1,100,Score in Half,Moon Slits Bottom Panel,Yes 500 Envelopes A6
Majestic,Silk,6 x 9,Horizontal,Rectangle,16PT C2S,No Coating,Silk,n/a,4/4,100,Score in Half,Moon Slits Bottom Panel,Yes 500 Envelopes A6
Majestic,Silk,6 x 9,Vertical,Rectangle,16PT C2S,No Coating,Silk,n/a,4/4,100,Score in Half,Moon Slits Bottom Panel,Yes 500 Envelopes A6
Majestic,Silk,6 x 9,Vertical,Rectangle,16PT C2S,No Coating,Silk,n/a,4/1,5000,Score in Half,Slide Slits Bottom Panel,Yes 250 Envelopes A6
Majestic,Silk,6 x 9,Vertical,Rectangle,16PT C2S,No Coating,Silk,n/a,4/0,250,Score in Half,Moon Slits Bottom Panel,Yes 500 Envelopes A6
Majestic,Silk,6 x 9,Horizontal,Rectangle,16PT C2S,No Coating,Silk,n/a,4/1,250,Score in Half,Moon Slits Bottom Panel,Yes 500 Envelopes A6
Majestic,Silk,6 x 9,Vertical,Rectangle,16PT C2S,No Coating,Silk,n/a,4/1,250,Score in Half,Moon Slits Bottom Panel,Yes 500 Envelopes A6
Majestic,Silk,6 x 9,Horizontal,Rectangle,16PT C2S,No Coating,Silk,n/a,4/4,250,Score in Half,Moon Slits Bottom Panel,Yes 500 Envelopes A6
Majestic,Silk,6 x 9,Vertical,Rectangle,16PT C2S,No Coating,Silk,n/a,4/4,250,Score in Half,Moon Slits Bottom Panel,Yes 500 Envelopes A6
Majestic,Silk,6 x 9,Horizontal,Rectangle,16PT C2S,No Coating,Silk,n/a,4/0,500,Score in Half,Moon Slits Bottom Panel,Yes 500 Envelopes A6
Majestic,Silk,6 x 9,Vertical,Rectangle,16PT C2S,No Coating,Silk,n/a,4/0,500,Score in Half,Moon Slits Bottom Panel,Yes 500 Envelopes A6
Majestic,Silk,6 x 9,Horizontal,Rectangle,16PT C2S,No Coating,Silk,n/a,4/1,500,Score in Half,Moon Slits Bottom Panel,Yes 500 Envelopes A6
Majestic,Silk,6 x 9,Vertical,Rectangle,16PT C2S,No Coating,Silk,n/a,4/1,500,Score in Half,Moon Slits Bottom Panel,Yes 500 Envelopes A6
Majestic,Silk,6 x 9,Horizontal,Rectangle,16PT C2S,No Coating,Silk,n/a,4/4,500,Score in Half,Moon Slits Bottom Panel,Yes 500 Envelopes A6
Majestic,Silk,6 x 9,Vertical,Rectangle,16PT C2S,No Coating,Silk,n/a,4/4,500,Score in Half,Moon Slits Bottom Panel,Yes 500 Envelopes A6
Majestic,Silk,6 x 9,Horizontal,Rectangle,16PT C2S,No Coating,Silk,n/a,4/0,1000,Score in Half,Moon Slits Bottom Panel,Yes 500 Envelopes A6
Majestic,Silk,6 x 9,Vertical,Rectangle,16PT C2S,No Coating,Silk,n/a,4/0,1000,Score in Half,Moon Slits Bottom Panel,Yes 500 Envelopes A6
Majestic,Silk,6 x 9,Horizontal,Rectangle,16PT C2S,No Coating,Silk,n/a,4/1,1000,Score in Half,Moon Slits Bottom Panel,Yes 500 Envelopes A6
Majestic,Silk,6 x 9,Vertical,Rectangle,16PT C2S,No Coating,Silk,n/a,4/1,1000,Score in Half,Moon Slits Bottom Panel,Yes 500 Envelopes A6
Majestic,Silk,6 x 9,Vertical,Rectangle,16PT C2S,No Coating,Silk,n/a,4/4,1000,Score in Half,Moon Slits Bottom Panel,Yes 500 Envelopes A6
Majestic,Silk,6 x 9,Horizontal,Rectangle,16PT C2S,No Coating,Silk,n/a,4/0,2500,Score in Half,Moon Slits Bottom Panel,Yes 500 Envelopes A6
Majestic,Silk,6 x 9,Vertical,Rectangle,16PT C2S,No Coating,Silk,n/a,4/0,2500,Score in Half,Moon Slits Bottom Panel,Yes 500 Envelopes A6
Majestic,Silk,6 x 9,Horizontal,Rectangle,16PT C2S,No Coating,Silk,n/a,4/1,2500,Score in Half,Moon Slits Bottom Panel,Yes 500 Envelopes A6
Majestic,Silk,6 x 9,Horizontal,Rectangle,16PT C2S,No Coating,Silk,n/a,4/4,1000,Score in Half,Moon Slits Bottom Panel,Yes 500 Envelopes A6
Majestic,Silk,6 x 9,Horizontal,Rectangle,16PT C2S,No Coating,Silk,n/a,4/4,2500,Score in Half,Moon Slits Bottom Panel,Yes 500 Envelopes A6
Majestic,Silk,6 x 9,Vertical,Rectangle,16PT C2S,No Coating,Silk,n/a,4/1,2500,Score in Half,Moon Slits Bottom Panel,Yes 500 Envelopes A6
Majestic,Silk,6 x 9,Vertical,Rectangle,16PT C2S,No Coating,Silk,n/a,4/4,2500,Score in Half,Moon Slits Bottom Panel,Yes 500 Envelopes A6
Majestic,Silk,6 x 9,Vertical,Rectangle,16PT C2S,No Coating,Silk,n/a,4/0,5000,Score in Half,Moon Slits Bottom Panel,Yes 500 Envelopes A6
Majestic,Silk,6 x 9,Horizontal,Rectangle,16PT C2S,No Coating,Silk,n/a,4/0,5000,Score in Half,Moon Slits Bottom Panel,Yes 500 Envelopes A6
Majestic,Silk,6 x 9,Vertical,Rectangle,16PT C2S,No Coating,Silk,n/a,4/1,5000,Score in Half,Moon Slits Bottom Panel,Yes 500 Envelopes A6
Majestic,Silk,6 x 9,Horizontal,Rectangle,16PT C2S,No Coating,Silk,n/a,4/4,5000,Score in Half,Moon Slits Bottom Panel,Yes 500 Envelopes A6
Majestic,Silk,6 x 9,Horizontal,Rectangle,16PT C2S,No Coating,Silk,n/a,4/1,5000,Score in Half,Moon Slits Bottom Panel,Yes 500 Envelopes A6
Majestic,Silk,6 x 9,Horizontal,Rectangle,16PT C2S,No Coating,Silk,n/a,4/0,10000,Score in Half,Moon Slits Bottom Panel,Yes 500 Envelopes A6
Majestic,Silk,6 x 9,Vertical,Rectangle,16PT C2S,No Coating,Silk,n/a,4/0,10000,Score in Half,Moon Slits Bottom Panel,Yes 500 Envelopes A6
Majestic,Silk,6 x 9,Vertical,Rectangle,16PT C2S,No Coating,Silk,n/a,4/1,10000,Score in Half,Moon Slits Bottom Panel,Yes 500 Envelopes A6
Majestic,Silk,6 x 9,Horizontal,Rectangle,16PT C2S,No Coating,Silk,n/a,4/1,10000,Score in Half,Moon Slits Bottom Panel,Yes 500 Envelopes A6
Majestic,Silk,6 x 9,Horizontal,Rectangle,16PT C2S,No Coating,Silk,n/a,4/4,10000,Score in Half,Moon Slits Bottom Panel,Yes 500 Envelopes A6
Majestic,Silk,6 x 9,Vertical,Rectangle,16PT C2S,No Coating,Silk,n/a,4/4,10000,Score in Half,Moon Slits Bottom Panel,Yes 500 Envelopes A6
Majestic,Silk,6 x 9,Horizontal,Rectangle,16PT C2S,No Coating,Silk,n/a,4/0,25,Score in Half,Moon Slits Right Panel,Yes 500 Envelopes A6
Majestic,Silk,6 x 9,Vertical,Rectangle,16PT C2S,No Coating,Silk,n/a,4/0,25,Score in Half,Moon Slits Right Panel,Yes 500 Envelopes A6
Majestic,Silk,6 x 9,Vertical,Rectangle,16PT C2S,No Coating,Silk,n/a,4/4,5000,Score in Half,Moon Slits Bottom Panel,Yes 500 Envelopes A6
Majestic,Silk,6 x 9,Vertical,Rectangle,16PT C2S,No Coating,Silk,n/a,4/1,25,Score in Half,Moon Slits Right Panel,Yes 500 Envelopes A6
Majestic,Silk,6 x 9,Horizontal,Rectangle,16PT C2S,No Coating,Silk,n/a,4/4,25,Score in Half,Moon Slits Right Panel,Yes 500 Envelopes A6
Majestic,Silk,6 x 9,Horizontal,Rectangle,16PT C2S,No Coating,Silk,n/a,4/1,25,Score in Half,Moon Slits Right Panel,Yes 500 Envelopes A6
Majestic,Silk,6 x 9,Horizontal,Rectangle,16PT C2S,No Coating,Silk,n/a,4/0,50,Score in Half,Moon Slits Right Panel,Yes 500 Envelopes A6
Majestic,Silk,6 x 9,Vertical,Rectangle,16PT C2S,No Coating,Silk,n/a,4/0,50,Score in Half,Moon Slits Right Panel,Yes 500 Envelopes A6
Majestic,Silk,6 x 9,Horizontal,Rectangle,16PT C2S,No Coating,Silk,n/a,4/1,50,Score in Half,Moon Slits Right Panel,Yes 500 Envelopes A6
Majestic,Silk,6 x 9,Vertical,Rectangle,16PT C2S,No Coating,Silk,n/a,4/4,25,Score in Half,Moon Slits Right Panel,Yes 500 Envelopes A6
Majestic,Silk,6 x 9,Vertical,Rectangle,16PT C2S,No Coating,Silk,n/a,4/1,50,Score in Half,Moon Slits Right Panel,Yes 500 Envelopes A6
Majestic,Silk,6 x 9,Horizontal,Rectangle,16PT C2S,No Coating,Silk,n/a,4/4,50,Score in Half,Moon Slits Right Panel,Yes 500 Envelopes A6
Majestic,Silk,6 x 9,Vertical,Rectangle,16PT C2S,No Coating,Silk,n/a,4/4,50,Score in Half,Moon Slits Right Panel,Yes 500 Envelopes A6
Majestic,Silk,6 x 9,Horizontal,Rectangle,16PT C2S,No Coating,Silk,n/a,4/0,75,Score in Half,Moon Slits Right Panel,Yes 500 Envelopes A6
Majestic,Silk,6 x 9,Vertical,Rectangle,16PT C2S,No Coating,Silk,n/a,4/0,75,Score in Half,Moon Slits Right Panel,Yes 500 Envelopes A6
Majestic,Silk,6 x 9,Horizontal,Rectangle,16PT C2S,No Coating,Silk,n/a,4/1,75,Score in Half,Moon Slits Right Panel,Yes 500 Envelopes A6
Majestic,Silk,6 x 9,Vertical,Rectangle,16PT C2S,No Coating,Silk,n/a,4/1,75,Score in Half,Moon Slits Right Panel,Yes 500 Envelopes A6
Majestic,Silk,6 x 9,Horizontal,Rectangle,16PT C2S,No Coating,Silk,n/a,4/4,75,Score in Half,Moon Slits Right Panel,Yes 500 Envelopes A6
Majestic,Silk,6 x 9,Vertical,Rectangle,16PT C2S,No Coating,Silk,n/a,4/4,75,Score in Half,Moon Slits Right Panel,Yes 500 Envelopes A6
Majestic,Silk,6 x 9,Horizontal,Rectangle,16PT C2S,No Coating,Silk,n/a,4/0,100,Score in Half,Moon Slits Right Panel,Yes 500 Envelopes A6
Majestic,Silk,6 x 9,Vertical,Rectangle,16PT C2S,No Coating,Silk,n/a,4/0,100,Score in Half,Moon Slits Right Panel,Yes 500 Envelopes A6
Majestic,Silk,6 x 9,Horizontal,Rectangle,16PT C2S,No Coating,Silk,n/a,4/1,100,Score in Half,Moon Slits Right Panel,Yes 500 Envelopes A6
Majestic,Silk,6 x 9,Vertical,Rectangle,16PT C2S,No Coating,Silk,n/a,4/1,100,Score in Half,Moon Slits Right Panel,Yes 500 Envelopes A6
Majestic,Silk,6 x 9,Horizontal,Rectangle,16PT C2S,No Coating,Silk,n/a,4/4,100,Score in Half,Moon Slits Right Panel,Yes 500 Envelopes A6
Majestic,Silk,6 x 9,Vertical,Rectangle,16PT C2S,No Coating,Silk,n/a,4/4,100,Score in Half,Moon Slits Right Panel,Yes 500 Envelopes A6
Majestic,Silk,6 x 9,Horizontal,Rectangle,16PT C2S,No Coating,Silk,n/a,4/0,250,Score in Half,Moon Slits Right Panel,Yes 500 Envelopes A6
Majestic,Silk,6 x 9,Vertical,Rectangle,16PT C2S,No Coating,Silk,n/a,4/0,250,Score in Half,Moon Slits Right Panel,Yes 500 Envelopes A6
Majestic,Silk,6 x 9,Horizontal,Rectangle,16PT C2S,No Coating,Silk,n/a,4/1,250,Score in Half,Moon Slits Right Panel,Yes 500 Envelopes A6
Majestic,Silk,6 x 9,Vertical,Rectangle,16PT C2S,No Coating,Silk,n/a,4/1,250,Score in Half,Moon Slits Right Panel,Yes 500 Envelopes A6
Majestic,Silk,6 x 9,Horizontal,Rectangle,16PT C2S,No Coating,Silk,n/a,4/4,250,Score in Half,Moon Slits Right Panel,Yes 500 Envelopes A6
Majestic,Silk,6 x 9,Vertical,Rectangle,16PT C2S,No Coating,Silk,n/a,4/4,1000,Score in Half,Slide Slits Bottom Panel,Yes 250 Envelopes A6
Majestic,Silk,6 x 9,Horizontal,Rectangle,16PT C2S,No Coating,Silk,n/a,4/0,500,Score in Half,Moon Slits Right Panel,Yes 500 Envelopes A6
Majestic,Silk,6 x 9,Vertical,Rectangle,16PT C2S,No Coating,Silk,n/a,4/0,500,Score in Half,Moon Slits Right Panel,Yes 500 Envelopes A6
Majestic,Silk,6 x 9,Horizontal,Rectangle,16PT C2S,No Coating,Silk,n/a,4/1,500,Score in Half,Moon Slits Right Panel,Yes 500 Envelopes A6
Majestic,Silk,6 x 9,Vertical,Rectangle,16PT C2S,No Coating,Silk,n/a,4/1,500,Score in Half,Moon Slits Right Panel,Yes 500 Envelopes A6
Majestic,Silk,6 x 9,Horizontal,Rectangle,16PT C2S,No Coating,Silk,n/a,4/4,500,Score in Half,Moon Slits Right Panel,Yes 500 Envelopes A6
Majestic,Silk,6 x 9,Vertical,Rectangle,16PT C2S,No Coating,Silk,n/a,4/4,500,Score in Half,Moon Slits Right Panel,Yes 500 Envelopes A6
Majestic,Silk,6 x 9,Horizontal,Rectangle,16PT C2S,No Coating,Silk,n/a,4/0,1000,Score in Half,Moon Slits Right Panel,Yes 500 Envelopes A6
Majestic,Silk,6 x 9,Vertical,Rectangle,16PT C2S,No Coating,Silk,n/a,4/0,1000,Score in Half,Moon Slits Right Panel,Yes 500 Envelopes A6
Majestic,Silk,6 x 9,Horizontal,Rectangle,16PT C2S,No Coating,Silk,n/a,4/1,1000,Score in Half,Moon Slits Right Panel,Yes 500 Envelopes A6
Majestic,Silk,6 x 9,Vertical,Rectangle,16PT C2S,No Coating,Silk,n/a,4/1,1000,Score in Half,Moon Slits Right Panel,Yes 500 Envelopes A6
Majestic,Silk,6 x 9,Horizontal,Rectangle,16PT C2S,No Coating,Silk,n/a,4/4,1000,Score in Half,Moon Slits Right Panel,Yes 500 Envelopes A6
Majestic,Silk,6 x 9,Vertical,Rectangle,16PT C2S,No Coating,Silk,n/a,4/4,1000,Score in Half,Moon Slits Right Panel,Yes 500 Envelopes A6
Majestic,Silk,6 x 9,Horizontal,Rectangle,16PT C2S,No Coating,Silk,n/a,4/0,2500,Score in Half,Moon Slits Right Panel,Yes 500 Envelopes A6
Majestic,Silk,6 x 9,Vertical,Rectangle,16PT C2S,No Coating,Silk,n/a,4/0,2500,Score in Half,Moon Slits Right Panel,Yes 500 Envelopes A6
Majestic,Silk,6 x 9,Horizontal,Rectangle,16PT C2S,No Coating,Silk,n/a,4/1,2500,Score in Half,Moon Slits Right Panel,Yes 500 Envelopes A6
Majestic,Silk,6 x 9,Vertical,Rectangle,16PT C2S,No Coating,Silk,n/a,4/1,2500,Score in Half,Moon Slits Right Panel,Yes 500 Envelopes A6
Majestic,Silk,6 x 9,Horizontal,Rectangle,16PT C2S,No Coating,Silk,n/a,4/4,2500,Score in Half,Moon Slits Right Panel,Yes 500 Envelopes A6
Majestic,Silk,6 x 9,Vertical,Rectangle,16PT C2S,No Coating,Silk,n/a,4/4,2500,Score in Half,Moon Slits Right Panel,Yes 500 Envelopes A6
Majestic,Silk,6 x 9,Vertical,Rectangle,16PT C2S,No Coating,Silk,n/a,4/0,5000,Score in Half,Moon Slits Right Panel,Yes 500 Envelopes A6
Majestic,Silk,6 x 9,Horizontal,Rectangle,16PT C2S,No Coating,Silk,n/a,4/0,5000,Score in Half,Moon Slits Right Panel,Yes 500 Envelopes A6
Majestic,Silk,6 x 9,Horizontal,Rectangle,16PT C2S,No Coating,Silk,n/a,4/1,5000,Score in Half,Moon Slits Right Panel,Yes 500 Envelopes A6
Majestic,Silk,6 x 9,Vertical,Rectangle,16PT C2S,No Coating,Silk,n/a,4/1,5000,Score in Half,Moon Slits Right Panel,Yes 500 Envelopes A6
Majestic,Silk,6 x 9,Horizontal,Rectangle,16PT C2S,No Coating,Silk,n/a,4/4,5000,Score in Half,Moon Slits Right Panel,Yes 500 Envelopes A6
Majestic,Silk,6 x 9,Vertical,Rectangle,16PT C2S,No Coating,Silk,n/a,4/4,5000,Score in Half,Moon Slits Right Panel,Yes 500 Envelopes A6
Majestic,Silk,6 x 9,Horizontal,Rectangle,16PT C2S,No Coating,Silk,n/a,4/0,10000,Score in Half,Moon Slits Right Panel,Yes 500 Envelopes A6
Majestic,Silk,6 x 9,Vertical,Rectangle,16PT C2S,No Coating,Silk,n/a,4/0,10000,Score in Half,Moon Slits Right Panel,Yes 500 Envelopes A6
Majestic,Silk,6 x 9,Horizontal,Rectangle,16PT C2S,No Coating,Silk,n/a,4/1,10000,Score in Half,Moon Slits Right Panel,Yes 500 Envelopes A6
Majestic,Silk,6 x 9,Vertical,Rectangle,16PT C2S,No Coating,Silk,n/a,4/1,10000,Score in Half,Moon Slits Right Panel,Yes 500 Envelopes A6
Majestic,Silk,6 x 9,Horizontal,Rectangle,16PT C2S,No Coating,Silk,n/a,4/4,10000,Score in Half,Moon Slits Right Panel,Yes 500 Envelopes A6
Majestic,Silk,6 x 9,Vertical,Rectangle,16PT C2S,No Coating,Silk,n/a,4/4,10000,Score in Half,Moon Slits Right Panel,Yes 500 Envelopes A6
Majestic,Silk,6 x 9,Horizontal,Rectangle,16PT C2S,No Coating,Silk,n/a,4/0,25,Score in Half,No Gift Cards Slits,Yes 500 Envelopes A6
Majestic,Silk,6 x 9,Vertical,Rectangle,16PT C2S,No Coating,Silk,n/a,4/0,25,Score in Half,No Gift Cards Slits,Yes 500 Envelopes A6
Majestic,Silk,6 x 9,Horizontal,Rectangle,16PT C2S,No Coating,Silk,n/a,4/1,25,Score in Half,No Gift Cards Slits,Yes 500 Envelopes A6
Majestic,Silk,6 x 9,Vertical,Rectangle,16PT C2S,No Coating,Silk,n/a,4/1,25,Score in Half,No Gift Cards Slits,Yes 500 Envelopes A6
Majestic,Silk,6 x 9,Horizontal,Rectangle,16PT C2S,No Coating,Silk,n/a,4/4,25,Score in Half,No Gift Cards Slits,Yes 500 Envelopes A6
Majestic,Silk,6 x 9,Vertical,Rectangle,16PT C2S,No Coating,Silk,n/a,4/4,25,Score in Half,No Gift Cards Slits,Yes 500 Envelopes A6
Majestic,Silk,6 x 9,Horizontal,Rectangle,16PT C2S,No Coating,Silk,n/a,4/0,50,Score in Half,No Gift Cards Slits,Yes 500 Envelopes A6
Majestic,Silk,6 x 9,Vertical,Rectangle,16PT C2S,No Coating,Silk,n/a,4/0,50,Score in Half,No Gift Cards Slits,Yes 500 Envelopes A6
Majestic,Silk,6 x 9,Horizontal,Rectangle,16PT C2S,No Coating,Silk,n/a,4/1,50,Score in Half,No Gift Cards Slits,Yes 500 Envelopes A6
Majestic,Silk,6 x 9,Vertical,Rectangle,16PT C2S,No Coating,Silk,n/a,4/1,50,Score in Half,No Gift Cards Slits,Yes 500 Envelopes A6
Majestic,Silk,6 x 9,Horizontal,Rectangle,16PT C2S,No Coating,Silk,n/a,4/4,50,Score in Half,No Gift Cards Slits,Yes 500 Envelopes A6
Majestic,Silk,6 x 9,Vertical,Rectangle,16PT C2S,No Coating,Silk,n/a,4/4,50,Score in Half,No Gift Cards Slits,Yes 500 Envelopes A6
Majestic,Silk,6 x 9,Horizontal,Rectangle,16PT C2S,No Coating,Silk,n/a,4/0,75,Score in Half,No Gift Cards Slits,Yes 500 Envelopes A6
Majestic,Silk,6 x 9,Vertical,Rectangle,16PT C2S,No Coating,Silk,n/a,4/0,75,Score in Half,No Gift Cards Slits,Yes 500 Envelopes A6
Majestic,Silk,6 x 9,Horizontal,Rectangle,16PT C2S,No Coating,Silk,n/a,4/1,75,Score in Half,No Gift Cards Slits,Yes 500 Envelopes A6
Majestic,Silk,6 x 9,Vertical,Rectangle,16PT C2S,No Coating,Silk,n/a,4/1,75,Score in Half,No Gift Cards Slits,Yes 500 Envelopes A6
Majestic,Silk,6 x 9,Horizontal,Rectangle,16PT C2S,No Coating,Silk,n/a,4/4,75,Score in Half,No Gift Cards Slits,Yes 500 Envelopes A6
Majestic,Silk,6 x 9,Vertical,Rectangle,16PT C2S,No Coating,Silk,n/a,4/4,75,Score in Half,No Gift Cards Slits,Yes 500 Envelopes A6
Majestic,Silk,6 x 9,Horizontal,Rectangle,16PT C2S,No Coating,Silk,n/a,4/0,100,Score in Half,No Gift Cards Slits,Yes 500 Envelopes A6
Majestic,Silk,6 x 9,Vertical,Rectangle,16PT C2S,No Coating,Silk,n/a,4/0,100,Score in Half,No Gift Cards Slits,Yes 500 Envelopes A6
Majestic,Silk,6 x 9,Horizontal,Rectangle,16PT C2S,No Coating,Silk,n/a,4/1,100,Score in Half,No Gift Cards Slits,Yes 500 Envelopes A6
Majestic,Silk,6 x 9,Vertical,Rectangle,16PT C2S,No Coating,Silk,n/a,4/1,100,Score in Half,No Gift Cards Slits,Yes 500 Envelopes A6
Majestic,Silk,6 x 9,Horizontal,Rectangle,16PT C2S,No Coating,Silk,n/a,4/4,100,Score in Half,No Gift Cards Slits,Yes 500 Envelopes A6
Majestic,Silk,6 x 9,Vertical,Rectangle,16PT C2S,No Coating,Silk,n/a,4/4,100,Score in Half,No Gift Cards Slits,Yes 500 Envelopes A6
Majestic,Silk,6 x 9,Horizontal,Rectangle,16PT C2S,No Coating,Silk,n/a,4/0,250,Score in Half,No Gift Cards Slits,Yes 500 Envelopes A6
Majestic,Silk,6 x 9,Vertical,Rectangle,16PT C2S,No Coating,Silk,n/a,4/0,250,Score in Half,No Gift Cards Slits,Yes 500 Envelopes A6
Majestic,Silk,6 x 9,Horizontal,Rectangle,16PT C2S,No Coating,Silk,n/a,4/1,250,Score in Half,No Gift Cards Slits,Yes 500 Envelopes A6
Majestic,Silk,6 x 9,Vertical,Rectangle,16PT C2S,No Coating,Silk,n/a,4/1,250,Score in Half,No Gift Cards Slits,Yes 500 Envelopes A6
Majestic,Silk,6 x 9,Horizontal,Rectangle,16PT C2S,No Coating,Silk,n/a,4/4,250,Score in Half,No Gift Cards Slits,Yes 500 Envelopes A6
Majestic,Silk,6 x 9,Vertical,Rectangle,16PT C2S,No Coating,Silk,n/a,4/4,250,Score in Half,No Gift Cards Slits,Yes 500 Envelopes A6
Majestic,Silk,6 x 9,Horizontal,Rectangle,16PT C2S,No Coating,Silk,n/a,4/0,500,Score in Half,No Gift Cards Slits,Yes 500 Envelopes A6
Majestic,Silk,6 x 9,Vertical,Rectangle,16PT C2S,No Coating,Silk,n/a,4/0,500,Score in Half,No Gift Cards Slits,Yes 500 Envelopes A6
Majestic,Silk,6 x 9,Horizontal,Rectangle,16PT C2S,No Coating,Silk,n/a,4/1,500,Score in Half,No Gift Cards Slits,Yes 500 Envelopes A6
Majestic,Silk,6 x 9,Vertical,Rectangle,16PT C2S,No Coating,Silk,n/a,4/1,500,Score in Half,No Gift Cards Slits,Yes 500 Envelopes A6
Majestic,Silk,6 x 9,Horizontal,Rectangle,16PT C2S,No Coating,Silk,n/a,4/4,500,Score in Half,No Gift Cards Slits,Yes 500 Envelopes A6
Majestic,Silk,6 x 9,Vertical,Rectangle,16PT C2S,No Coating,Silk,n/a,4/4,500,Score in Half,No Gift Cards Slits,Yes 500 Envelopes A6
Majestic,Silk,6 x 9,Horizontal,Rectangle,16PT C2S,No Coating,Silk,n/a,4/0,1000,Score in Half,No Gift Cards Slits,Yes 500 Envelopes A6
Majestic,Silk,6 x 9,Vertical,Rectangle,16PT C2S,No Coating,Silk,n/a,4/0,1000,Score in Half,No Gift Cards Slits,Yes 500 Envelopes A6
Majestic,Silk,6 x 9,Horizontal,Rectangle,16PT C2S,No Coating,Silk,n/a,4/1,1000,Score in Half,No Gift Cards Slits,Yes 500 Envelopes A6
Majestic,Silk,6 x 9,Vertical,Rectangle,16PT C2S,No Coating,Silk,n/a,4/1,1000,Score in Half,No Gift Cards Slits,Yes 500 Envelopes A6
Majestic,Silk,6 x 9,Horizontal,Rectangle,16PT C2S,No Coating,Silk,n/a,4/4,1000,Score in Half,No Gift Cards Slits,Yes 500 Envelopes A6
Majestic,Silk,6 x 9,Vertical,Rectangle,16PT C2S,No Coating,Silk,n/a,4/4,1000,Score in Half,No Gift Cards Slits,Yes 500 Envelopes A6
Majestic,Silk,6 x 9,Horizontal,Rectangle,16PT C2S,No Coating,Silk,n/a,4/0,2500,Score in Half,No Gift Cards Slits,Yes 500 Envelopes A6
Majestic,Silk,6 x 9,Vertical,Rectangle,16PT C2S,No Coating,Silk,n/a,4/0,2500,Score in Half,No Gift Cards Slits,Yes 500 Envelopes A6
Majestic,Silk,6 x 9,Horizontal,Rectangle,16PT C2S,No Coating,Silk,n/a,4/1,2500,Score in Half,No Gift Cards Slits,Yes 500 Envelopes A6
Majestic,Silk,6 x 9,Vertical,Rectangle,16PT C2S,No Coating,Silk,n/a,4/1,2500,Score in Half,No Gift Cards Slits,Yes 500 Envelopes A6
Majestic,Silk,6 x 9,Horizontal,Rectangle,16PT C2S,No Coating,Silk,n/a,4/4,2500,Score in Half,No Gift Cards Slits,Yes 500 Envelopes A6
Majestic,Silk,6 x 9,Vertical,Rectangle,16PT C2S,No Coating,Silk,n/a,4/4,2500,Score in Half,No Gift Cards Slits,Yes 500 Envelopes A6
Majestic,Silk,6 x 9,Horizontal,Rectangle,16PT C2S,No Coating,Silk,n/a,4/0,5000,Score in Half,No Gift Cards Slits,Yes 500 Envelopes A6
Majestic,Silk,6 x 9,Vertical,Rectangle,16PT C2S,No Coating,Silk,n/a,4/0,5000,Score in Half,No Gift Cards Slits,Yes 500 Envelopes A6
Majestic,Silk,6 x 9,Horizontal,Rectangle,16PT C2S,No Coating,Silk,n/a,4/1,5000,Score in Half,No Gift Cards Slits,Yes 500 Envelopes A6
Majestic,Silk,6 x 9,Vertical,Rectangle,16PT C2S,No Coating,Silk,n/a,4/1,5000,Score in Half,No Gift Cards Slits,Yes 500 Envelopes A6
Majestic,Silk,6 x 9,Horizontal,Rectangle,16PT C2S,No Coating,Silk,n/a,4/4,5000,Score in Half,No Gift Cards Slits,Yes 500 Envelopes A6
Majestic,Silk,6 x 9,Vertical,Rectangle,16PT C2S,No Coating,Silk,n/a,4/4,5000,Score in Half,No Gift Cards Slits,Yes 500 Envelopes A6
Majestic,Silk,6 x 9,Horizontal,Rectangle,16PT C2S,No Coating,Silk,n/a,4/0,10000,Score in Half,No Gift Cards Slits,Yes 500 Envelopes A6
Majestic,Silk,6 x 9,Vertical,Rectangle,16PT C2S,No Coating,Silk,n/a,4/0,10000,Score in Half,No Gift Cards Slits,Yes 500 Envelopes A6
Majestic,Silk,6 x 9,Horizontal,Rectangle,16PT C2S,No Coating,Silk,n/a,4/1,10000,Score in Half,No Gift Cards Slits,Yes 500 Envelopes A6
Majestic,Silk,6 x 9,Vertical,Rectangle,16PT C2S,No Coating,Silk,n/a,4/1,10000,Score in Half,No Gift Cards Slits,Yes 500 Envelopes A6
Majestic,Silk,6 x 9,Horizontal,Rectangle,16PT C2S,No Coating,Silk,n/a,4/4,10000,Score in Half,No Gift Cards Slits,Yes 500 Envelopes A6
Majestic,Silk,6 x 9,Vertical,Rectangle,16PT C2S,No Coating,Silk,n/a,4/4,10000,Score in Half,No Gift Cards Slits,Yes 500 Envelopes A6
Majestic,Silk,6 x 9,Horizontal,Rectangle,16PT C2S,No Coating,Silk,n/a,4/0,25,Score in Half,Slide Slits Bottom Panel,Yes 500 Envelopes A6
Majestic,Silk,6 x 9,Vertical,Rectangle,16PT C2S,No Coating,Silk,n/a,4/0,25,Score in Half,Slide Slits Bottom Panel,Yes 500 Envelopes A6
Majestic,Silk,6 x 9,Horizontal,Rectangle,16PT C2S,No Coating,Silk,n/a,4/1,25,Score in Half,Slide Slits Bottom Panel,Yes 500 Envelopes A6
Majestic,Silk,6 x 9,Vertical,Rectangle,16PT C2S,No Coating,Silk,n/a,4/1,25,Score in Half,Slide Slits Bottom Panel,Yes 500 Envelopes A6
Majestic,Silk,6 x 9,Horizontal,Rectangle,16PT C2S,No Coating,Silk,n/a,4/4,25,Score in Half,Slide Slits Bottom Panel,Yes 500 Envelopes A6
Majestic,Silk,6 x 9,Vertical,Rectangle,16PT C2S,No Coating,Silk,n/a,4/4,25,Score in Half,Slide Slits Bottom Panel,Yes 500 Envelopes A6
Majestic,Silk,6 x 9,Horizontal,Rectangle,16PT C2S,No Coating,Silk,n/a,4/0,50,Score in Half,Slide Slits Bottom Panel,Yes 500 Envelopes A6
Majestic,Silk,6 x 9,Vertical,Rectangle,16PT C2S,No Coating,Silk,n/a,4/0,50,Score in Half,Slide Slits Bottom Panel,Yes 500 Envelopes A6
Majestic,Silk,6 x 9,Horizontal,Rectangle,16PT C2S,No Coating,Silk,n/a,4/1,50,Score in Half,Slide Slits Bottom Panel,Yes 500 Envelopes A6
Majestic,Silk,6 x 9,Vertical,Rectangle,16PT C2S,No Coating,Silk,n/a,4/1,50,Score in Half,Slide Slits Bottom Panel,Yes 500 Envelopes A6
Majestic,Silk,6 x 9,Horizontal,Rectangle,16PT C2S,No Coating,Silk,n/a,4/4,50,Score in Half,Slide Slits Bottom Panel,Yes 500 Envelopes A6
Majestic,Silk,6 x 9,Vertical,Rectangle,16PT C2S,No Coating,Silk,n/a,4/4,50,Score in Half,Slide Slits Bottom Panel,Yes 500 Envelopes A6
Majestic,Silk,6 x 9,Horizontal,Rectangle,16PT C2S,No Coating,Silk,n/a,4/0,75,Score in Half,Slide Slits Bottom Panel,Yes 500 Envelopes A6
Majestic,Silk,6 x 9,Vertical,Rectangle,16PT C2S,No Coating,Silk,n/a,4/0,75,Score in Half,Slide Slits Bottom Panel,Yes 500 Envelopes A6
Majestic,Silk,6 x 9,Horizontal,Rectangle,16PT C2S,No Coating,Silk,n/a,4/1,75,Score in Half,Slide Slits Bottom Panel,Yes 500 Envelopes A6
Majestic,Silk,6 x 9,Vertical,Rectangle,16PT C2S,No Coating,Silk,n/a,4/1,75,Score in Half,Slide Slits Bottom Panel,Yes 500 Envelopes A6
Majestic,Silk,6 x 9,Horizontal,Rectangle,16PT C2S,No Coating,Silk,n/a,4/4,75,Score in Half,Slide Slits Bottom Panel,Yes 500 Envelopes A6
Majestic,Silk,6 x 9,Vertical,Rectangle,16PT C2S,No Coating,Silk,n/a,4/4,75,Score in Half,Slide Slits Bottom Panel,Yes 500 Envelopes A6
Majestic,Silk,6 x 9,Horizontal,Rectangle,16PT C2S,No Coating,Silk,n/a,4/0,100,Score in Half,Slide Slits Bottom Panel,Yes 500 Envelopes A6
Majestic,Silk,6 x 9,Vertical,Rectangle,16PT C2S,No Coating,Silk,n/a,4/0,100,Score in Half,Slide Slits Bottom Panel,Yes 500 Envelopes A6
Majestic,Silk,6 x 9,Horizontal,Rectangle,16PT C2S,No Coating,Silk,n/a,4/1,100,Score in Half,Slide Slits Bottom Panel,Yes 500 Envelopes A6
Majestic,Silk,6 x 9,Vertical,Rectangle,16PT C2S,No Coating,Silk,n/a,4/1,100,Score in Half,Slide Slits Bottom Panel,Yes 500 Envelopes A6
Majestic,Silk,6 x 9,Horizontal,Rectangle,16PT C2S,No Coating,Silk,n/a,4/4,100,Score in Half,Slide Slits Bottom Panel,Yes 500 Envelopes A6
Majestic,Silk,6 x 9,Vertical,Rectangle,16PT C2S,No Coating,Silk,n/a,4/4,100,Score in Half,Slide Slits Bottom Panel,Yes 500 Envelopes A6
Majestic,Silk,6 x 9,Horizontal,Rectangle,16PT C2S,No Coating,Silk,n/a,4/0,250,Score in Half,Slide Slits Bottom Panel,Yes 500 Envelopes A6
Majestic,Silk,6 x 9,Vertical,Rectangle,16PT C2S,No Coating,Silk,n/a,4/0,250,Score in Half,Slide Slits Bottom Panel,Yes 500 Envelopes A6
Majestic,Silk,6 x 9,Horizontal,Rectangle,16PT C2S,No Coating,Silk,n/a,4/1,250,Score in Half,Slide Slits Bottom Panel,Yes 500 Envelopes A6
Majestic,Silk,6 x 9,Vertical,Rectangle,16PT C2S,No Coating,Silk,n/a,4/1,250,Score in Half,Slide Slits Bottom Panel,Yes 500 Envelopes A6
Majestic,Silk,6 x 9,Horizontal,Rectangle,16PT C2S,No Coating,Silk,n/a,4/4,250,Score in Half,Slide Slits Bottom Panel,Yes 500 Envelopes A6
Majestic,Silk,6 x 9,Vertical,Rectangle,16PT C2S,No Coating,Silk,n/a,4/4,250,Score in Half,Slide Slits Bottom Panel,Yes 500 Envelopes A6
Majestic,Silk,6 x 9,Horizontal,Rectangle,16PT C2S,No Coating,Silk,n/a,4/0,500,Score in Half,Slide Slits Bottom Panel,Yes 500 Envelopes A6
Majestic,Silk,6 x 9,Vertical,Rectangle,16PT C2S,No Coating,Silk,n/a,4/0,500,Score in Half,Slide Slits Bottom Panel,Yes 500 Envelopes A6
Majestic,Silk,6 x 9,Horizontal,Rectangle,16PT C2S,No Coating,Silk,n/a,4/1,500,Score in Half,Slide Slits Bottom Panel,Yes 500 Envelopes A6
Majestic,Silk,6 x 9,Vertical,Rectangle,16PT C2S,No Coating,Silk,n/a,4/1,500,Score in Half,Slide Slits Bottom Panel,Yes 500 Envelopes A6
Majestic,Silk,6 x 9,Horizontal,Rectangle,16PT C2S,No Coating,Silk,n/a,4/4,500,Score in Half,Slide Slits Bottom Panel,Yes 500 Envelopes A6
Majestic,Silk,6 x 9,Vertical,Rectangle,16PT C2S,No Coating,Silk,n/a,4/4,500,Score in Half,Slide Slits Bottom Panel,Yes 500 Envelopes A6
Majestic,Silk,6 x 9,Horizontal,Rectangle,16PT C2S,No Coating,Silk,n/a,4/0,1000,Score in Half,Slide Slits Bottom Panel,Yes 500 Envelopes A6
Majestic,Silk,6 x 9,Vertical,Rectangle,16PT C2S,No Coating,Silk,n/a,4/0,1000,Score in Half,Slide Slits Bottom Panel,Yes 500 Envelopes A6
Majestic,Silk,6 x 9,Horizontal,Rectangle,16PT C2S,No Coating,Silk,n/a,4/1,1000,Score in Half,Slide Slits Bottom Panel,Yes 500 Envelopes A6
Majestic,Silk,6 x 9,Vertical,Rectangle,16PT C2S,No Coating,Silk,n/a,4/1,1000,Score in Half,Slide Slits Bottom Panel,Yes 500 Envelopes A6
Majestic,Silk,6 x 9,Horizontal,Rectangle,16PT C2S,No Coating,Silk,n/a,4/4,1000,Score in Half,Slide Slits Bottom Panel,Yes 500 Envelopes A6
Majestic,Silk,6 x 9,Vertical,Rectangle,16PT C2S,No Coating,Silk,n/a,4/4,1000,Score in Half,Slide Slits Bottom Panel,Yes 500 Envelopes A6
Majestic,Silk,6 x 9,Horizontal,Rectangle,16PT C2S,No Coating,Silk,n/a,4/0,2500,Score in Half,Slide Slits Bottom Panel,Yes 500 Envelopes A6
Majestic,Silk,6 x 9,Vertical,Rectangle,16PT C2S,No Coating,Silk,n/a,4/0,2500,Score in Half,Slide Slits Bottom Panel,Yes 500 Envelopes A6
Majestic,Silk,6 x 9,Horizontal,Rectangle,16PT C2S,No Coating,Silk,n/a,4/1,2500,Score in Half,Slide Slits Bottom Panel,Yes 500 Envelopes A6
Majestic,Silk,6 x 9,Vertical,Rectangle,16PT C2S,No Coating,Silk,n/a,4/1,2500,Score in Half,Slide Slits Bottom Panel,Yes 500 Envelopes A6
Majestic,Silk,6 x 9,Vertical,Rectangle,16PT C2S,No Coating,Silk,n/a,4/4,2500,Score in Half,Slide Slits Bottom Panel,Yes 500 Envelopes A6
Majestic,Silk,6 x 9,Horizontal,Rectangle,16PT C2S,No Coating,Silk,n/a,4/1,5000,Score in Half,Slide Slits Bottom Panel,Yes 500 Envelopes A6
Majestic,Silk,6 x 9,Horizontal,Rectangle,16PT C2S,No Coating,Silk,n/a,4/4,2500,Score in Half,Slide Slits Bottom Panel,Yes 500 Envelopes A6
Majestic,Silk,6 x 9,Vertical,Rectangle,16PT C2S,No Coating,Silk,n/a,4/1,5000,Score in Half,Slide Slits Bottom Panel,Yes 500 Envelopes A6
Majestic,Silk,6 x 9,Vertical,Rectangle,16PT C2S,No Coating,Silk,n/a,4/0,5000,Score in Half,Slide Slits Bottom Panel,Yes 500 Envelopes A6
Majestic,Silk,6 x 9,Horizontal,Rectangle,16PT C2S,No Coating,Silk,n/a,4/0,5000,Score in Half,Slide Slits Bottom Panel,Yes 500 Envelopes A6
Majestic,Silk,6 x 9,Vertical,Rectangle,16PT C2S,No Coating,Silk,n/a,4/4,5000,Score in Half,Slide Slits Bottom Panel,Yes 500 Envelopes A6
Majestic,Silk,6 x 9,Horizontal,Rectangle,16PT C2S,No Coating,Silk,n/a,4/4,5000,Score in Half,Slide Slits Bottom Panel,Yes 500 Envelopes A6
Majestic,Silk,6 x 9,Horizontal,Rectangle,16PT C2S,No Coating,Silk,n/a,4/0,10000,Score in Half,Slide Slits Bottom Panel,Yes 500 Envelopes A6
Majestic,Silk,6 x 9,Vertical,Rectangle,16PT C2S,No Coating,Silk,n/a,4/0,10000,Score in Half,Slide Slits Bottom Panel,Yes 500 Envelopes A6
Majestic,Silk,6 x 9,Horizontal,Rectangle,16PT C2S,No Coating,Silk,n/a,4/1,10000,Score in Half,Slide Slits Bottom Panel,Yes 500 Envelopes A6
Majestic,Silk,6 x 9,Vertical,Rectangle,16PT C2S,No Coating,Silk,n/a,4/1,10000,Score in Half,Slide Slits Bottom Panel,Yes 500 Envelopes A6
Majestic,Silk,6 x 9,Horizontal,Rectangle,16PT C2S,No Coating,Silk,n/a,4/0,25,Score in Half,Slide Slits Right Panel,Yes 500 Envelopes A6
Majestic,Silk,6 x 9,Vertical,Rectangle,16PT C2S,No Coating,Silk,n/a,4/4,10000,Score in Half,Slide Slits Bottom Panel,Yes 500 Envelopes A6
Majestic,Silk,6 x 9,Horizontal,Rectangle,16PT C2S,No Coating,Silk,n/a,4/1,25,Score in Half,Slide Slits Right Panel,Yes 500 Envelopes A6
Majestic,Silk,6 x 9,Vertical,Rectangle,16PT C2S,No Coating,Silk,n/a,4/0,25,Score in Half,Slide Slits Right Panel,Yes 500 Envelopes A6
Majestic,Silk,6 x 9,Vertical,Rectangle,16PT C2S,No Coating,Silk,n/a,4/1,25,Score in Half,Slide Slits Right Panel,Yes 500 Envelopes A6
Majestic,Silk,6 x 9,Horizontal,Rectangle,16PT C2S,No Coating,Silk,n/a,4/4,10000,Score in Half,Slide Slits Bottom Panel,Yes 500 Envelopes A6
Majestic,Silk,6 x 9,Horizontal,Rectangle,16PT C2S,No Coating,Silk,n/a,4/4,25,Score in Half,Slide Slits Right Panel,Yes 500 Envelopes A6
Majestic,Silk,6 x 9,Vertical,Rectangle,16PT C2S,No Coating,Silk,n/a,4/4,25,Score in Half,Slide Slits Right Panel,Yes 500 Envelopes A6
Majestic,Silk,6 x 9,Horizontal,Rectangle,16PT C2S,No Coating,Silk,n/a,4/1,50,Score in Half,Slide Slits Right Panel,Yes 500 Envelopes A6
Majestic,Silk,6 x 9,Vertical,Rectangle,16PT C2S,No Coating,Silk,n/a,4/1,50,Score in Half,Slide Slits Right Panel,Yes 500 Envelopes A6
Majestic,Silk,6 x 9,Horizontal,Rectangle,16PT C2S,No Coating,Silk,n/a,4/0,50,Score in Half,Slide Slits Right Panel,Yes 500 Envelopes A6
Majestic,Silk,6 x 9,Vertical,Rectangle,16PT C2S,No Coating,Silk,n/a,4/0,50,Score in Half,Slide Slits Right Panel,Yes 500 Envelopes A6
Majestic,Silk,6 x 9,Horizontal,Rectangle,16PT C2S,No Coating,Silk,n/a,4/4,50,Score in Half,Slide Slits Right Panel,Yes 500 Envelopes A6
Majestic,Silk,6 x 9,Vertical,Rectangle,16PT C2S,No Coating,Silk,n/a,4/4,50,Score in Half,Slide Slits Right Panel,Yes 500 Envelopes A6
Majestic,Silk,6 x 9,Horizontal,Rectangle,16PT C2S,No Coating,Silk,n/a,4/1,75,Score in Half,Slide Slits Right Panel,Yes 500 Envelopes A6
Majestic,Silk,6 x 9,Horizontal,Rectangle,16PT C2S,No Coating,Silk,n/a,4/0,75,Score in Half,Slide Slits Right Panel,Yes 500 Envelopes A6
Majestic,Silk,6 x 9,Vertical,Rectangle,16PT C2S,No Coating,Silk,n/a,4/0,75,Score in Half,Slide Slits Right Panel,Yes 500 Envelopes A6
Majestic,Silk,6 x 9,Vertical,Rectangle,16PT C2S,No Coating,Silk,n/a,4/1,75,Score in Half,Slide Slits Right Panel,Yes 500 Envelopes A6
Majestic,Silk,6 x 9,Horizontal,Rectangle,16PT C2S,No Coating,Silk,n/a,4/4,75,Score in Half,Slide Slits Right Panel,Yes 500 Envelopes A6
Majestic,Silk,6 x 9,Vertical,Rectangle,16PT C2S,No Coating,Silk,n/a,4/0,100,Score in Half,Slide Slits Right Panel,Yes 500 Envelopes A6
Majestic,Silk,6 x 9,Horizontal,Rectangle,16PT C2S,No Coating,Silk,n/a,4/0,100,Score in Half,Slide Slits Right Panel,Yes 500 Envelopes A6
Majestic,Silk,6 x 9,Vertical,Rectangle,16PT C2S,No Coating,Silk,n/a,4/4,75,Score in Half,Slide Slits Right Panel,Yes 500 Envelopes A6
Majestic,Silk,6 x 9,Horizontal,Rectangle,16PT C2S,No Coating,Silk,n/a,4/1,100,Score in Half,Slide Slits Right Panel,Yes 500 Envelopes A6
Majestic,Silk,6 x 9,Vertical,Rectangle,16PT C2S,No Coating,Silk,n/a,4/1,100,Score in Half,Slide Slits Right Panel,Yes 500 Envelopes A6
Majestic,Silk,6 x 9,Horizontal,Rectangle,16PT C2S,No Coating,Silk,n/a,4/0,250,Score in Half,Slide Slits Right Panel,Yes 500 Envelopes A6
Majestic,Silk,6 x 9,Horizontal,Rectangle,16PT C2S,No Coating,Silk,n/a,4/4,100,Score in Half,Slide Slits Right Panel,Yes 500 Envelopes A6
Majestic,Silk,6 x 9,Vertical,Rectangle,16PT C2S,No Coating,Silk,n/a,4/4,100,Score in Half,Slide Slits Right Panel,Yes 500 Envelopes A6
Majestic,Silk,6 x 9,Vertical,Rectangle,16PT C2S,No Coating,Silk,n/a,4/0,250,Score in Half,Slide Slits Right Panel,Yes 500 Envelopes A6
Majestic,Silk,6 x 9,Horizontal,Rectangle,16PT C2S,No Coating,Silk,n/a,4/1,250,Score in Half,Slide Slits Right Panel,Yes 500 Envelopes A6
Majestic,Silk,6 x 9,Horizontal,Rectangle,16PT C2S,No Coating,Silk,n/a,4/0,500,Score in Half,Slide Slits Right Panel,Yes 500 Envelopes A6
Majestic,Silk,6 x 9,Horizontal,Rectangle,16PT C2S,No Coating,Silk,n/a,4/4,250,Score in Half,Slide Slits Right Panel,Yes 500 Envelopes A6
Majestic,Silk,6 x 9,Vertical,Rectangle,16PT C2S,No Coating,Silk,n/a,4/1,250,Score in Half,Slide Slits Right Panel,Yes 500 Envelopes A6
Majestic,Silk,6 x 9,Vertical,Rectangle,16PT C2S,No Coating,Silk,n/a,4/4,250,Score in Half,Slide Slits Right Panel,Yes 500 Envelopes A6
Majestic,Silk,6 x 9,Vertical,Rectangle,16PT C2S,No Coating,Silk,n/a,4/0,500,Score in Half,Slide Slits Right Panel,Yes 500 Envelopes A6
Majestic,Silk,6 x 9,Horizontal,Rectangle,16PT C2S,No Coating,Silk,n/a,4/1,500,Score in Half,Slide Slits Right Panel,Yes 500 Envelopes A6
Majestic,Silk,6 x 9,Horizontal,Rectangle,16PT C2S,No Coating,Silk,n/a,4/4,500,Score in Half,Slide Slits Right Panel,Yes 500 Envelopes A6
Majestic,Silk,6 x 9,Vertical,Rectangle,16PT C2S,No Coating,Silk,n/a,4/4,500,Score in Half,Slide Slits Right Panel,Yes 500 Envelopes A6
Majestic,Silk,6 x 9,Horizontal,Rectangle,16PT C2S,No Coating,Silk,n/a,4/0,1000,Score in Half,Slide Slits Right Panel,Yes 500 Envelopes A6
Majestic,Silk,6 x 9,Horizontal,Rectangle,16PT C2S,No Coating,Silk,n/a,4/1,1000,Score in Half,Slide Slits Right Panel,Yes 500 Envelopes A6
Majestic,Silk,6 x 9,Vertical,Rectangle,16PT C2S,No Coating,Silk,n/a,4/1,1000,Score in Half,Slide Slits Right Panel,Yes 500 Envelopes A6
Majestic,Silk,6 x 9,Vertical,Rectangle,16PT C2S,No Coating,Silk,n/a,4/0,1000,Score in Half,Slide Slits Right Panel,Yes 500 Envelopes A6
Majestic,Silk,6 x 9,Horizontal,Rectangle,16PT C2S,No Coating,Silk,n/a,4/4,1000,Score in Half,Slide Slits Right Panel,Yes 500 Envelopes A6
Majestic,Silk,6 x 9,Vertical,Rectangle,16PT C2S,No Coating,Silk,n/a,4/4,1000,Score in Half,Slide Slits Right Panel,Yes 500 Envelopes A6
Majestic,Silk,6 x 9,Horizontal,Rectangle,16PT C2S,No Coating,Silk,n/a,4/0,2500,Score in Half,Slide Slits Right Panel,Yes 500 Envelopes A6
Majestic,Silk,6 x 9,Vertical,Rectangle,16PT C2S,No Coating,Silk,n/a,4/0,2500,Score in Half,Slide Slits Right Panel,Yes 500 Envelopes A6
Majestic,Silk,6 x 9,Horizontal,Rectangle,16PT C2S,No Coating,Silk,n/a,4/1,2500,Score in Half,Slide Slits Right Panel,Yes 500 Envelopes A6
Majestic,Silk,6 x 9,Vertical,Rectangle,16PT C2S,No Coating,Silk,n/a,4/1,2500,Score in Half,Slide Slits Right Panel,Yes 500 Envelopes A6
Majestic,Silk,6 x 9,Horizontal,Rectangle,16PT C2S,No Coating,Silk,n/a,4/4,2500,Score in Half,Slide Slits Right Panel,Yes 500 Envelopes A6
Majestic,Silk,6 x 9,Vertical,Rectangle,16PT C2S,No Coating,Silk,n/a,4/1,500,Score in Half,Slide Slits Right Panel,Yes 500 Envelopes A6
Majestic,Silk,6 x 9,Vertical,Rectangle,16PT C2S,No Coating,Silk,n/a,4/4,2500,Score in Half,Slide Slits Right Panel,Yes 500 Envelopes A6
Majestic,Silk,6 x 9,Horizontal,Rectangle,16PT C2S,No Coating,Silk,n/a,4/0,5000,Score in Half,Slide Slits Right Panel,Yes 500 Envelopes A6
Majestic,Silk,6 x 9,Vertical,Rectangle,16PT C2S,No Coating,Silk,n/a,4/0,5000,Score in Half,Slide Slits Right Panel,Yes 500 Envelopes A6
Majestic,Silk,6 x 9,Horizontal,Rectangle,16PT C2S,No Coating,Silk,n/a,4/4,5000,Score in Half,Slide Slits Right Panel,Yes 500 Envelopes A6
Majestic,Silk,6 x 9,Vertical,Rectangle,16PT C2S,No Coating,Silk,n/a,4/4,5000,Score in Half,Slide Slits Right Panel,Yes 500 Envelopes A6
Majestic,Silk,6 x 9,Vertical,Rectangle,16PT C2S,No Coating,Silk,n/a,4/1,5000,Score in Half,Slide Slits Right Panel,Yes 500 Envelopes A6
Majestic,Silk,6 x 9,Horizontal,Rectangle,16PT C2S,No Coating,Silk,n/a,4/0,10000,Score in Half,Slide Slits Right Panel,Yes 500 Envelopes A6
Majestic,Silk,6 x 9,Horizontal,Rectangle,16PT C2S,No Coating,Silk,n/a,4/1,5000,Score in Half,Slide Slits Right Panel,Yes 500 Envelopes A6
Majestic,Silk,6 x 9,Vertical,Rectangle,16PT C2S,No Coating,Silk,n/a,4/0,10000,Score in Half,Slide Slits Right Panel,Yes 500 Envelopes A6
Majestic,Silk,6 x 9,Vertical,Rectangle,16PT C2S,No Coating,Silk,n/a,4/1,10000,Score in Half,Slide Slits Right Panel,Yes 500 Envelopes A6
Majestic,Silk,6 x 9,Horizontal,Rectangle,16PT C2S,No Coating,Silk,n/a,4/4,10000,Score in Half,Slide Slits Right Panel,Yes 500 Envelopes A6
Majestic,Silk,6 x 9,Vertical,Rectangle,16PT C2S,No Coating,Silk,n/a,4/4,10000,Score in Half,Slide Slits Right Panel,Yes 500 Envelopes A6
Majestic,Silk,6 x 9,Horizontal,Rectangle,16PT C2S,No Coating,Silk,n/a,4/0,25,Score in Half,Moon Slits Bottom Panel,Yes 1000 Envelopes A6
Majestic,Silk,6 x 9,Horizontal,Rectangle,16PT C2S,No Coating,Silk,n/a,4/1,10000,Score in Half,Slide Slits Right Panel,Yes 500 Envelopes A6
Majestic,Silk,6 x 9,Horizontal,Rectangle,16PT C2S,No Coating,Silk,n/a,4/1,25,Score in Half,Moon Slits Bottom Panel,Yes 1000 Envelopes A6
Majestic,Silk,6 x 9,Vertical,Rectangle,16PT C2S,No Coating,Silk,n/a,4/0,25,Score in Half,Moon Slits Bottom Panel,Yes 1000 Envelopes A6
Majestic,Silk,6 x 9,Horizontal,Rectangle,16PT C2S,No Coating,Silk,n/a,4/4,25,Score in Half,Moon Slits Bottom Panel,Yes 1000 Envelopes A6
Majestic,Silk,6 x 9,Vertical,Rectangle,16PT C2S,No Coating,Silk,n/a,4/1,25,Score in Half,Moon Slits Bottom Panel,Yes 1000 Envelopes A6
Majestic,Silk,6 x 9,Vertical,Rectangle,16PT C2S,No Coating,Silk,n/a,4/4,25,Score in Half,Moon Slits Bottom Panel,Yes 1000 Envelopes A6
Majestic,Silk,6 x 9,Horizontal,Rectangle,16PT C2S,No Coating,Silk,n/a,4/0,50,Score in Half,Moon Slits Bottom Panel,Yes 1000 Envelopes A6
Majestic,Silk,6 x 9,Vertical,Rectangle,16PT C2S,No Coating,Silk,n/a,4/0,50,Score in Half,Moon Slits Bottom Panel,Yes 1000 Envelopes A6
Majestic,Silk,6 x 9,Vertical,Rectangle,16PT C2S,No Coating,Silk,n/a,4/1,50,Score in Half,Moon Slits Bottom Panel,Yes 1000 Envelopes A6
Majestic,Silk,6 x 9,Horizontal,Rectangle,16PT C2S,No Coating,Silk,n/a,4/4,50,Score in Half,Moon Slits Bottom Panel,Yes 1000 Envelopes A6
Majestic,Silk,6 x 9,Vertical,Rectangle,16PT C2S,No Coating,Silk,n/a,4/4,50,Score in Half,Moon Slits Bottom Panel,Yes 1000 Envelopes A6
Majestic,Silk,6 x 9,Horizontal,Rectangle,16PT C2S,No Coating,Silk,n/a,4/1,50,Score in Half,Moon Slits Bottom Panel,Yes 1000 Envelopes A6
Majestic,Silk,6 x 9,Horizontal,Rectangle,16PT C2S,No Coating,Silk,n/a,4/0,75,Score in Half,Moon Slits Bottom Panel,Yes 1000 Envelopes A6
Majestic,Silk,6 x 9,Vertical,Rectangle,16PT C2S,No Coating,Silk,n/a,4/4,250,Score in Half,Moon Slits Right Panel,Yes 500 Envelopes A6
Majestic,Silk,6 x 9,Vertical,Rectangle,16PT C2S,No Coating,Silk,n/a,4/1,75,Score in Half,Moon Slits Bottom Panel,Yes 1000 Envelopes A6
Majestic,Silk,6 x 9,Horizontal,Rectangle,16PT C2S,No Coating,Silk,n/a,4/1,75,Score in Half,Moon Slits Bottom Panel,Yes 1000 Envelopes A6
Majestic,Silk,6 x 9,Horizontal,Rectangle,16PT C2S,No Coating,Silk,n/a,4/4,75,Score in Half,Moon Slits Bottom Panel,Yes 1000 Envelopes A6
Majestic,Silk,6 x 9,Vertical,Rectangle,16PT C2S,No Coating,Silk,n/a,4/4,75,Score in Half,Moon Slits Bottom Panel,Yes 1000 Envelopes A6
Majestic,Silk,6 x 9,Horizontal,Rectangle,16PT C2S,No Coating,Silk,n/a,4/0,100,Score in Half,Moon Slits Bottom Panel,Yes 1000 Envelopes A6
Majestic,Silk,6 x 9,Vertical,Rectangle,16PT C2S,No Coating,Silk,n/a,4/0,100,Score in Half,Moon Slits Bottom Panel,Yes 1000 Envelopes A6
Majestic,Silk,6 x 9,Horizontal,Rectangle,16PT C2S,No Coating,Silk,n/a,4/1,100,Score in Half,Moon Slits Bottom Panel,Yes 1000 Envelopes A6
Majestic,Silk,6 x 9,Vertical,Rectangle,16PT C2S,No Coating,Silk,n/a,4/1,100,Score in Half,Moon Slits Bottom Panel,Yes 1000 Envelopes A6
Majestic,Silk,6 x 9,Horizontal,Rectangle,16PT C2S,No Coating,Silk,n/a,4/4,100,Score in Half,Moon Slits Bottom Panel,Yes 1000 Envelopes A6
Majestic,Silk,6 x 9,Horizontal,Rectangle,16PT C2S,No Coating,Silk,n/a,4/0,250,Score in Half,Moon Slits Bottom Panel,Yes 1000 Envelopes A6
Majestic,Silk,6 x 9,Vertical,Rectangle,16PT C2S,No Coating,Silk,n/a,4/4,100,Score in Half,Moon Slits Bottom Panel,Yes 1000 Envelopes A6
Majestic,Silk,6 x 9,Vertical,Rectangle,16PT C2S,No Coating,Silk,n/a,4/0,250,Score in Half,Moon Slits Bottom Panel,Yes 1000 Envelopes A6
Majestic,Silk,6 x 9,Horizontal,Rectangle,16PT C2S,No Coating,Silk,n/a,4/1,250,Score in Half,Moon Slits Bottom Panel,Yes 1000 Envelopes A6
Majestic,Silk,6 x 9,Vertical,Rectangle,16PT C2S,No Coating,Silk,n/a,4/1,250,Score in Half,Moon Slits Bottom Panel,Yes 1000 Envelopes A6
Majestic,Silk,6 x 9,Vertical,Rectangle,16PT C2S,No Coating,Silk,n/a,4/4,250,Score in Half,Moon Slits Bottom Panel,Yes 1000 Envelopes A6
Majestic,Silk,6 x 9,Horizontal,Rectangle,16PT C2S,No Coating,Silk,n/a,4/0,500,Score in Half,Moon Slits Bottom Panel,Yes 1000 Envelopes A6
Majestic,Silk,6 x 9,Vertical,Rectangle,16PT C2S,No Coating,Silk,n/a,4/0,500,Score in Half,Moon Slits Bottom Panel,Yes 1000 Envelopes A6
Majestic,Silk,6 x 9,Horizontal,Rectangle,16PT C2S,No Coating,Silk,n/a,4/4,250,Score in Half,Moon Slits Bottom Panel,Yes 1000 Envelopes A6
Majestic,Silk,6 x 9,Vertical,Rectangle,16PT C2S,No Coating,Silk,n/a,4/0,75,Score in Half,Moon Slits Bottom Panel,Yes 1000 Envelopes A6
Majestic,Silk,6 x 9,Vertical,Rectangle,16PT C2S,No Coating,Silk,n/a,4/1,500,Score in Half,Moon Slits Bottom Panel,Yes 1000 Envelopes A6
Majestic,Silk,6 x 9,Horizontal,Rectangle,16PT C2S,No Coating,Silk,n/a,4/0,250,Score in Half,Moon Slits Bottom Panel,Yes 500 Envelopes A6
Majestic,Silk,6 x 9,Horizontal,Rectangle,16PT C2S,No Coating,Silk,n/a,4/0,250,Score in Half,Slide Slits Bottom Panel,Yes 250 Envelopes A6
Majestic,Silk,6 x 9,Horizontal,Rectangle,16PT C2S,No Coating,Silk,n/a,4/1,1000,Score in Half,Moon Slits Bottom Panel,Yes 1000 Envelopes A6
Majestic,Silk,6 x 9,Horizontal,Rectangle,16PT C2S,No Coating,Silk,n/a,4/0,1000,Score in Half,Moon Slits Bottom Panel,Yes 1000 Envelopes A6
Majestic,Silk,6 x 9,Vertical,Rectangle,16PT C2S,No Coating,Silk,n/a,4/4,500,Score in Half,Moon Slits Bottom Panel,Yes 1000 Envelopes A6
Majestic,Silk,6 x 9,Vertical,Rectangle,16PT C2S,No Coating,Silk,n/a,4/1,1000,Score in Half,Moon Slits Bottom Panel,Yes 1000 Envelopes A6
Majestic,Silk,6 x 9,Horizontal,Rectangle,16PT C2S,No Coating,Silk,n/a,4/4,1000,Score in Half,Moon Slits Bottom Panel,Yes 1000 Envelopes A6
Majestic,Silk,6 x 9,Vertical,Rectangle,16PT C2S,No Coating,Silk,n/a,4/4,1000,Score in Half,Moon Slits Bottom Panel,Yes 1000 Envelopes A6
Majestic,Silk,6 x 9,Horizontal,Rectangle,16PT C2S,No Coating,Silk,n/a,4/1,500,Score in Half,Moon Slits Bottom Panel,Yes 1000 Envelopes A6
Majestic,Silk,6 x 9,Vertical,Rectangle,16PT C2S,No Coating,Silk,n/a,4/0,2500,Score in Half,Moon Slits Bottom Panel,Yes 1000 Envelopes A6
Majestic,Silk,6 x 9,Horizontal,Rectangle,16PT C2S,No Coating,Silk,n/a,4/1,2500,Score in Half,Moon Slits Bottom Panel,Yes 1000 Envelopes A6
Majestic,Silk,6 x 9,Vertical,Rectangle,16PT C2S,No Coating,Silk,n/a,4/0,1000,Score in Half,Moon Slits Bottom Panel,Yes 1000 Envelopes A6
Majestic,Silk,6 x 9,Horizontal,Rectangle,16PT C2S,No Coating,Silk,n/a,4/4,2500,Score in Half,Moon Slits Bottom Panel,Yes 1000 Envelopes A6
Majestic,Silk,6 x 9,Vertical,Rectangle,16PT C2S,No Coating,Silk,n/a,4/4,2500,Score in Half,Moon Slits Bottom Panel,Yes 1000 Envelopes A6
Majestic,Silk,6 x 9,Horizontal,Rectangle,16PT C2S,No Coating,Silk,n/a,4/0,5000,Score in Half,Moon Slits Bottom Panel,Yes 1000 Envelopes A6
Majestic,Silk,6 x 9,Vertical,Rectangle,16PT C2S,No Coating,Silk,n/a,4/0,5000,Score in Half,Moon Slits Bottom Panel,Yes 1000 Envelopes A6
Majestic,Silk,6 x 9,Horizontal,Rectangle,16PT C2S,No Coating,Silk,n/a,4/1,5000,Score in Half,Moon Slits Bottom Panel,Yes 1000 Envelopes A6
Majestic,Silk,6 x 9,Vertical,Rectangle,16PT C2S,No Coating,Silk,n/a,4/1,5000,Score in Half,Moon Slits Bottom Panel,Yes 1000 Envelopes A6
Majestic,Silk,6 x 9,Horizontal,Rectangle,16PT C2S,No Coating,Silk,n/a,4/4,5000,Score in Half,Moon Slits Bottom Panel,Yes 1000 Envelopes A6
Majestic,Silk,6 x 9,Vertical,Rectangle,16PT C2S,No Coating,Silk,n/a,4/4,5000,Score in Half,Moon Slits Bottom Panel,Yes 1000 Envelopes A6
Majestic,Silk,6 x 9,Horizontal,Rectangle,16PT C2S,No Coating,Silk,n/a,4/0,10000,Score in Half,Moon Slits Bottom Panel,Yes 1000 Envelopes A6
Majestic,Silk,6 x 9,Vertical,Rectangle,16PT C2S,No Coating,Silk,n/a,4/0,10000,Score in Half,Moon Slits Bottom Panel,Yes 1000 Envelopes A6
Majestic,Silk,6 x 9,Vertical,Rectangle,16PT C2S,No Coating,Silk,n/a,4/1,10000,Score in Half,Moon Slits Bottom Panel,Yes 1000 Envelopes A6
Majestic,Silk,6 x 9,Horizontal,Rectangle,16PT C2S,No Coating,Silk,n/a,4/1,10000,Score in Half,Moon Slits Bottom Panel,Yes 1000 Envelopes A6
Majestic,Silk,6 x 9,Horizontal,Rectangle,16PT C2S,No Coating,Silk,n/a,4/4,10000,Score in Half,Moon Slits Bottom Panel,Yes 1000 Envelopes A6
Majestic,Silk,6 x 9,Horizontal,Rectangle,16PT C2S,No Coating,Silk,n/a,4/4,500,Score in Half,Moon Slits Bottom Panel,Yes 1000 Envelopes A6
Majestic,Silk,6 x 9,Horizontal,Rectangle,16PT C2S,No Coating,Silk,n/a,4/0,25,Score in Half,Moon Slits Right Panel,Yes 1000 Envelopes A6
Majestic,Silk,6 x 9,Vertical,Rectangle,16PT C2S,No Coating,Silk,n/a,4/0,25,Score in Half,Moon Slits Right Panel,Yes 1000 Envelopes A6
Majestic,Silk,6 x 9,Vertical,Rectangle,16PT C2S,No Coating,Silk,n/a,4/1,2500,Score in Half,Moon Slits Bottom Panel,Yes 1000 Envelopes A6
Majestic,Silk,6 x 9,Vertical,Rectangle,16PT C2S,No Coating,Silk,n/a,4/1,25,Score in Half,Moon Slits Right Panel,Yes 1000 Envelopes A6
Majestic,Silk,6 x 9,Horizontal,Rectangle,16PT C2S,No Coating,Silk,n/a,4/4,25,Score in Half,Moon Slits Right Panel,Yes 1000 Envelopes A6
Majestic,Silk,6 x 9,Vertical,Rectangle,16PT C2S,No Coating,Silk,n/a,4/4,25,Score in Half,Moon Slits Right Panel,Yes 1000 Envelopes A6
Majestic,Silk,6 x 9,Horizontal,Rectangle,16PT C2S,No Coating,Silk,n/a,4/0,50,Score in Half,Moon Slits Right Panel,Yes 1000 Envelopes A6
Majestic,Silk,6 x 9,Vertical,Rectangle,16PT C2S,No Coating,Silk,n/a,4/0,50,Score in Half,Moon Slits Right Panel,Yes 1000 Envelopes A6
Majestic,Silk,6 x 9,Horizontal,Rectangle,16PT C2S,No Coating,Silk,n/a,4/1,50,Score in Half,Moon Slits Right Panel,Yes 1000 Envelopes A6
Majestic,Silk,6 x 9,Vertical,Rectangle,16PT C2S,No Coating,Silk,n/a,4/1,50,Score in Half,Moon Slits Right Panel,Yes 1000 Envelopes A6
Majestic,Silk,6 x 9,Vertical,Rectangle,16PT C2S,No Coating,Silk,n/a,4/4,50,Score in Half,Moon Slits Right Panel,Yes 1000 Envelopes A6
Majestic,Silk,6 x 9,Horizontal,Rectangle,16PT C2S,No Coating,Silk,n/a,4/4,50,Score in Half,Moon Slits Right Panel,Yes 1000 Envelopes A6
Majestic,Silk,6 x 9,Horizontal,Rectangle,16PT C2S,No Coating,Silk,n/a,4/0,75,Score in Half,Moon Slits Right Panel,Yes 1000 Envelopes A6
Majestic,Silk,6 x 9,Vertical,Rectangle,16PT C2S,No Coating,Silk,n/a,4/0,75,Score in Half,Moon Slits Right Panel,Yes 1000 Envelopes A6
Majestic,Silk,6 x 9,Horizontal,Rectangle,16PT C2S,No Coating,Silk,n/a,4/1,75,Score in Half,Moon Slits Right Panel,Yes 1000 Envelopes A6
Majestic,Silk,6 x 9,Vertical,Rectangle,16PT C2S,No Coating,Silk,n/a,4/1,75,Score in Half,Moon Slits Right Panel,Yes 1000 Envelopes A6
Majestic,Silk,6 x 9,Horizontal,Rectangle,16PT C2S,No Coating,Silk,n/a,4/4,75,Score in Half,Moon Slits Right Panel,Yes 1000 Envelopes A6
Majestic,Silk,6 x 9,Vertical,Rectangle,16PT C2S,No Coating,Silk,n/a,4/4,75,Score in Half,Moon Slits Right Panel,Yes 1000 Envelopes A6
Majestic,Silk,6 x 9,Horizontal,Rectangle,16PT C2S,No Coating,Silk,n/a,4/0,100,Score in Half,Moon Slits Right Panel,Yes 1000 Envelopes A6
Majestic,Silk,6 x 9,Vertical,Rectangle,16PT C2S,No Coating,Silk,n/a,4/0,100,Score in Half,Moon Slits Right Panel,Yes 1000 Envelopes A6
Majestic,Silk,6 x 9,Horizontal,Rectangle,16PT C2S,No Coating,Silk,n/a,4/1,100,Score in Half,Moon Slits Right Panel,Yes 1000 Envelopes A6
Majestic,Silk,6 x 9,Vertical,Rectangle,16PT C2S,No Coating,Silk,n/a,4/1,100,Score in Half,Moon Slits Right Panel,Yes 1000 Envelopes A6
Majestic,Silk,6 x 9,Horizontal,Rectangle,16PT C2S,No Coating,Silk,n/a,4/4,100,Score in Half,Moon Slits Right Panel,Yes 1000 Envelopes A6
Majestic,Silk,6 x 9,Vertical,Rectangle,16PT C2S,No Coating,Silk,n/a,4/4,100,Score in Half,Moon Slits Right Panel,Yes 1000 Envelopes A6
Majestic,Silk,6 x 9,Horizontal,Rectangle,16PT C2S,No Coating,Silk,n/a,4/0,250,Score in Half,Moon Slits Right Panel,Yes 1000 Envelopes A6
Majestic,Silk,6 x 9,Vertical,Rectangle,16PT C2S,No Coating,Silk,n/a,4/0,250,Score in Half,Moon Slits Right Panel,Yes 1000 Envelopes A6
Majestic,Silk,6 x 9,Horizontal,Rectangle,16PT C2S,No Coating,Silk,n/a,4/1,250,Score in Half,Moon Slits Right Panel,Yes 1000 Envelopes A6
Majestic,Silk,6 x 9,Vertical,Rectangle,16PT C2S,No Coating,Silk,n/a,4/1,250,Score in Half,Moon Slits Right Panel,Yes 1000 Envelopes A6
Majestic,Silk,6 x 9,Horizontal,Rectangle,16PT C2S,No Coating,Silk,n/a,4/4,250,Score in Half,Moon Slits Right Panel,Yes 1000 Envelopes A6
Majestic,Silk,6 x 9,Vertical,Rectangle,16PT C2S,No Coating,Silk,n/a,4/4,250,Score in Half,Moon Slits Right Panel,Yes 1000 Envelopes A6
Majestic,Silk,6 x 9,Horizontal,Rectangle,16PT C2S,No Coating,Silk,n/a,4/0,500,Score in Half,Moon Slits Right Panel,Yes 1000 Envelopes A6
Majestic,Silk,6 x 9,Vertical,Rectangle,16PT C2S,No Coating,Silk,n/a,4/0,500,Score in Half,Moon Slits Right Panel,Yes 1000 Envelopes A6
Majestic,Silk,6 x 9,Vertical,Rectangle,16PT C2S,No Coating,Silk,n/a,4/1,500,Score in Half,Moon Slits Right Panel,Yes 1000 Envelopes A6
Majestic,Silk,6 x 9,Horizontal,Rectangle,16PT C2S,No Coating,Silk,n/a,4/1,500,Score in Half,Moon Slits Right Panel,Yes 1000 Envelopes A6
Majestic,Silk,6 x 9,Horizontal,Rectangle,16PT C2S,No Coating,Silk,n/a,4/4,500,Score in Half,Moon Slits Right Panel,Yes 1000 Envelopes A6
Majestic,Silk,6 x 9,Vertical,Rectangle,16PT C2S,No Coating,Silk,n/a,4/4,500,Score in Half,Moon Slits Right Panel,Yes 1000 Envelopes A6
Majestic,Silk,6 x 9,Horizontal,Rectangle,16PT C2S,No Coating,Silk,n/a,4/0,1000,Score in Half,Moon Slits Right Panel,Yes 1000 Envelopes A6
Majestic,Silk,6 x 9,Vertical,Rectangle,16PT C2S,No Coating,Silk,n/a,4/0,1000,Score in Half,Moon Slits Right Panel,Yes 1000 Envelopes A6
Majestic,Silk,6 x 9,Horizontal,Rectangle,16PT C2S,No Coating,Silk,n/a,4/1,1000,Score in Half,Moon Slits Right Panel,Yes 1000 Envelopes A6
Majestic,Silk,6 x 9,Vertical,Rectangle,16PT C2S,No Coating,Silk,n/a,4/1,1000,Score in Half,Moon Slits Right Panel,Yes 1000 Envelopes A6
Majestic,Silk,6 x 9,Horizontal,Rectangle,16PT C2S,No Coating,Silk,n/a,4/4,1000,Score in Half,Moon Slits Right Panel,Yes 1000 Envelopes A6
Majestic,Silk,6 x 9,Vertical,Rectangle,16PT C2S,No Coating,Silk,n/a,4/4,1000,Score in Half,Moon Slits Right Panel,Yes 1000 Envelopes A6
Majestic,Silk,6 x 9,Horizontal,Rectangle,16PT C2S,No Coating,Silk,n/a,4/0,2500,Score in Half,Moon Slits Right Panel,Yes 1000 Envelopes A6
Majestic,Silk,6 x 9,Vertical,Rectangle,16PT C2S,No Coating,Silk,n/a,4/0,2500,Score in Half,Moon Slits Right Panel,Yes 1000 Envelopes A6
Majestic,Silk,6 x 9,Horizontal,Rectangle,16PT C2S,No Coating,Silk,n/a,4/1,2500,Score in Half,Moon Slits Right Panel,Yes 1000 Envelopes A6
Majestic,Silk,6 x 9,Vertical,Rectangle,16PT C2S,No Coating,Silk,n/a,4/1,2500,Score in Half,Moon Slits Right Panel,Yes 1000 Envelopes A6
Majestic,Silk,6 x 9,Horizontal,Rectangle,16PT C2S,No Coating,Silk,n/a,4/4,2500,Score in Half,Moon Slits Right Panel,Yes 1000 Envelopes A6
Majestic,Silk,6 x 9,Horizontal,Rectangle,16PT C2S,No Coating,Silk,n/a,4/0,5000,Score in Half,Moon Slits Right Panel,Yes 1000 Envelopes A6
Majestic,Silk,6 x 9,Vertical,Rectangle,16PT C2S,No Coating,Silk,n/a,4/0,5000,Score in Half,Moon Slits Right Panel,Yes 1000 Envelopes A6
Majestic,Silk,6 x 9,Horizontal,Rectangle,16PT C2S,No Coating,Silk,n/a,4/1,5000,Score in Half,Moon Slits Right Panel,Yes 1000 Envelopes A6
Majestic,Silk,6 x 9,Vertical,Rectangle,16PT C2S,No Coating,Silk,n/a,4/1,5000,Score in Half,Moon Slits Right Panel,Yes 1000 Envelopes A6
Majestic,Silk,6 x 9,Vertical,Rectangle,16PT C2S,No Coating,Silk,n/a,4/4,2500,Score in Half,Moon Slits Right Panel,Yes 1000 Envelopes A6
Majestic,Silk,6 x 9,Horizontal,Rectangle,16PT C2S,No Coating,Silk,n/a,4/4,5000,Score in Half,Moon Slits Right Panel,Yes 1000 Envelopes A6
Majestic,Silk,6 x 9,Vertical,Rectangle,16PT C2S,No Coating,Silk,n/a,4/4,5000,Score in Half,Moon Slits Right Panel,Yes 1000 Envelopes A6
Majestic,Silk,6 x 9,Horizontal,Rectangle,16PT C2S,No Coating,Silk,n/a,4/0,10000,Score in Half,Moon Slits Right Panel,Yes 1000 Envelopes A6
Majestic,Silk,6 x 9,Vertical,Rectangle,16PT C2S,No Coating,Silk,n/a,4/4,10000,Score in Half,Moon Slits Bottom Panel,Yes 1000 Envelopes A6
Majestic,Silk,6 x 9,Vertical,Rectangle,16PT C2S,No Coating,Silk,n/a,4/1,10000,Score in Half,Moon Slits Right Panel,Yes 1000 Envelopes A6
Majestic,Silk,6 x 9,Horizontal,Rectangle,16PT C2S,No Coating,Silk,n/a,4/4,10000,Score in Half,Moon Slits Right Panel,Yes 1000 Envelopes A6
Majestic,Silk,6 x 9,Vertical,Rectangle,16PT C2S,No Coating,Silk,n/a,4/0,10000,Score in Half,Moon Slits Right Panel,Yes 1000 Envelopes A6
Majestic,Silk,6 x 9,Vertical,Rectangle,16PT C2S,No Coating,Silk,n/a,4/4,10000,Score in Half,Moon Slits Right Panel,Yes 1000 Envelopes A6
Majestic,Silk,6 x 9,Horizontal,Rectangle,16PT C2S,No Coating,Silk,n/a,4/0,25,Score in Half,No Gift Cards Slits,Yes 1000 Envelopes A6
Majestic,Silk,6 x 9,Vertical,Rectangle,16PT C2S,No Coating,Silk,n/a,4/0,25,Score in Half,No Gift Cards Slits,Yes 1000 Envelopes A6
Majestic,Silk,6 x 9,Horizontal,Rectangle,16PT C2S,No Coating,Silk,n/a,4/1,25,Score in Half,No Gift Cards Slits,Yes 1000 Envelopes A6
Majestic,Silk,6 x 9,Vertical,Rectangle,16PT C2S,No Coating,Silk,n/a,4/1,25,Score in Half,No Gift Cards Slits,Yes 1000 Envelopes A6
Majestic,Silk,6 x 9,Horizontal,Rectangle,16PT C2S,No Coating,Silk,n/a,4/4,25,Score in Half,No Gift Cards Slits,Yes 1000 Envelopes A6
Majestic,Silk,6 x 9,Vertical,Rectangle,16PT C2S,No Coating,Silk,n/a,4/4,25,Score in Half,No Gift Cards Slits,Yes 1000 Envelopes A6
Majestic,Silk,6 x 9,Vertical,Rectangle,16PT C2S,No Coating,Silk,n/a,4/0,50,Score in Half,No Gift Cards Slits,Yes 1000 Envelopes A6
Majestic,Silk,6 x 9,Horizontal,Rectangle,16PT C2S,No Coating,Silk,n/a,4/1,50,Score in Half,No Gift Cards Slits,Yes 1000 Envelopes A6
Majestic,Silk,6 x 9,Horizontal,Rectangle,16PT C2S,No Coating,Silk,n/a,4/0,50,Score in Half,No Gift Cards Slits,Yes 1000 Envelopes A6
Majestic,Silk,6 x 9,Vertical,Rectangle,16PT C2S,No Coating,Silk,n/a,4/1,50,Score in Half,No Gift Cards Slits,Yes 1000 Envelopes A6
Majestic,Silk,6 x 9,Horizontal,Rectangle,16PT C2S,No Coating,Silk,n/a,4/4,50,Score in Half,No Gift Cards Slits,Yes 1000 Envelopes A6
Majestic,Silk,6 x 9,Vertical,Rectangle,16PT C2S,No Coating,Silk,n/a,4/4,50,Score in Half,No Gift Cards Slits,Yes 1000 Envelopes A6
Majestic,Silk,6 x 9,Horizontal,Rectangle,16PT C2S,No Coating,Silk,n/a,4/0,75,Score in Half,No Gift Cards Slits,Yes 1000 Envelopes A6
Majestic,Silk,6 x 9,Vertical,Rectangle,16PT C2S,No Coating,Silk,n/a,4/0,75,Score in Half,No Gift Cards Slits,Yes 1000 Envelopes A6
Majestic,Silk,6 x 9,Horizontal,Rectangle,16PT C2S,No Coating,Silk,n/a,4/1,75,Score in Half,No Gift Cards Slits,Yes 1000 Envelopes A6
Majestic,Silk,6 x 9,Horizontal,Rectangle,16PT C2S,No Coating,Silk,n/a,4/4,75,Score in Half,No Gift Cards Slits,Yes 1000 Envelopes A6
Majestic,Silk,6 x 9,Vertical,Rectangle,16PT C2S,No Coating,Silk,n/a,4/1,75,Score in Half,No Gift Cards Slits,Yes 1000 Envelopes A6
Majestic,Silk,6 x 9,Vertical,Rectangle,16PT C2S,No Coating,Silk,n/a,4/4,75,Score in Half,No Gift Cards Slits,Yes 1000 Envelopes A6
Majestic,Silk,6 x 9,Horizontal,Rectangle,16PT C2S,No Coating,Silk,n/a,4/0,100,Score in Half,No Gift Cards Slits,Yes 1000 Envelopes A6
Majestic,Silk,6 x 9,Vertical,Rectangle,16PT C2S,No Coating,Silk,n/a,4/0,100,Score in Half,No Gift Cards Slits,Yes 1000 Envelopes A6
Majestic,Silk,6 x 9,Horizontal,Rectangle,16PT C2S,No Coating,Silk,n/a,4/1,100,Score in Half,No Gift Cards Slits,Yes 1000 Envelopes A6
Majestic,Silk,6 x 9,Vertical,Rectangle,16PT C2S,No Coating,Silk,n/a,4/1,100,Score in Half,No Gift Cards Slits,Yes 1000 Envelopes A6
Majestic,Silk,6 x 9,Horizontal,Rectangle,16PT C2S,No Coating,Silk,n/a,4/4,100,Score in Half,No Gift Cards Slits,Yes 1000 Envelopes A6
Majestic,Silk,6 x 9,Vertical,Rectangle,16PT C2S,No Coating,Silk,n/a,4/4,100,Score in Half,No Gift Cards Slits,Yes 1000 Envelopes A6
Majestic,Silk,6 x 9,Horizontal,Rectangle,16PT C2S,No Coating,Silk,n/a,4/0,250,Score in Half,No Gift Cards Slits,Yes 1000 Envelopes A6
Majestic,Silk,6 x 9,Vertical,Rectangle,16PT C2S,No Coating,Silk,n/a,4/0,250,Score in Half,No Gift Cards Slits,Yes 1000 Envelopes A6
Majestic,Silk,6 x 9,Horizontal,Rectangle,16PT C2S,No Coating,Silk,n/a,4/1,250,Score in Half,No Gift Cards Slits,Yes 1000 Envelopes A6
Majestic,Silk,6 x 9,Vertical,Rectangle,16PT C2S,No Coating,Silk,n/a,4/1,250,Score in Half,No Gift Cards Slits,Yes 1000 Envelopes A6
Majestic,Silk,6 x 9,Horizontal,Rectangle,16PT C2S,No Coating,Silk,n/a,4/4,250,Score in Half,No Gift Cards Slits,Yes 1000 Envelopes A6
Majestic,Silk,6 x 9,Vertical,Rectangle,16PT C2S,No Coating,Silk,n/a,4/4,250,Score in Half,No Gift Cards Slits,Yes 1000 Envelopes A6
Majestic,Silk,6 x 9,Horizontal,Rectangle,16PT C2S,No Coating,Silk,n/a,4/0,500,Score in Half,No Gift Cards Slits,Yes 1000 Envelopes A6
Majestic,Silk,6 x 9,Vertical,Rectangle,16PT C2S,No Coating,Silk,n/a,4/0,500,Score in Half,No Gift Cards Slits,Yes 1000 Envelopes A6
Majestic,Silk,6 x 9,Horizontal,Rectangle,16PT C2S,No Coating,Silk,n/a,4/1,500,Score in Half,No Gift Cards Slits,Yes 1000 Envelopes A6
Majestic,Silk,6 x 9,Vertical,Rectangle,16PT C2S,No Coating,Silk,n/a,4/1,500,Score in Half,No Gift Cards Slits,Yes 1000 Envelopes A6
Majestic,Silk,6 x 9,Horizontal,Rectangle,16PT C2S,No Coating,Silk,n/a,4/4,500,Score in Half,No Gift Cards Slits,Yes 1000 Envelopes A6
Majestic,Silk,6 x 9,Vertical,Rectangle,16PT C2S,No Coating,Silk,n/a,4/4,500,Score in Half,No Gift Cards Slits,Yes 1000 Envelopes A6
Majestic,Silk,6 x 9,Horizontal,Rectangle,16PT C2S,No Coating,Silk,n/a,4/0,1000,Score in Half,No Gift Cards Slits,Yes 1000 Envelopes A6
Majestic,Silk,6 x 9,Vertical,Rectangle,16PT C2S,No Coating,Silk,n/a,4/0,1000,Score in Half,No Gift Cards Slits,Yes 1000 Envelopes A6
Majestic,Silk,6 x 9,Horizontal,Rectangle,16PT C2S,No Coating,Silk,n/a,4/1,1000,Score in Half,No Gift Cards Slits,Yes 1000 Envelopes A6
Majestic,Silk,6 x 9,Vertical,Rectangle,16PT C2S,No Coating,Silk,n/a,4/1,1000,Score in Half,No Gift Cards Slits,Yes 1000 Envelopes A6
Majestic,Silk,6 x 9,Horizontal,Rectangle,16PT C2S,No Coating,Silk,n/a,4/4,1000,Score in Half,No Gift Cards Slits,Yes 1000 Envelopes A6
Majestic,Silk,6 x 9,Vertical,Rectangle,16PT C2S,No Coating,Silk,n/a,4/4,1000,Score in Half,No Gift Cards Slits,Yes 1000 Envelopes A6
Majestic,Silk,6 x 9,Horizontal,Rectangle,16PT C2S,No Coating,Silk,n/a,4/0,2500,Score in Half,No Gift Cards Slits,Yes 1000 Envelopes A6
Majestic,Silk,6 x 9,Vertical,Rectangle,16PT C2S,No Coating,Silk,n/a,4/0,2500,Score in Half,No Gift Cards Slits,Yes 1000 Envelopes A6
Majestic,Silk,6 x 9,Horizontal,Rectangle,16PT C2S,No Coating,Silk,n/a,4/1,2500,Score in Half,No Gift Cards Slits,Yes 1000 Envelopes A6
Majestic,Silk,6 x 9,Horizontal,Rectangle,16PT C2S,No Coating,Silk,n/a,4/4,2500,Score in Half,No Gift Cards Slits,Yes 1000 Envelopes A6
Majestic,Silk,6 x 9,Horizontal,Rectangle,16PT C2S,No Coating,Silk,n/a,4/1,10000,Score in Half,Moon Slits Right Panel,Yes 1000 Envelopes A6
Majestic,Silk,6 x 9,Vertical,Rectangle,16PT C2S,No Coating,Silk,n/a,4/4,2500,Score in Half,No Gift Cards Slits,Yes 1000 Envelopes A6
Majestic,Silk,6 x 9,Horizontal,Rectangle,16PT C2S,No Coating,Silk,n/a,4/0,5000,Score in Half,No Gift Cards Slits,Yes 1000 Envelopes A6
Majestic,Silk,6 x 9,Vertical,Rectangle,16PT C2S,No Coating,Silk,n/a,4/0,5000,Score in Half,No Gift Cards Slits,Yes 1000 Envelopes A6
Majestic,Silk,6 x 9,Horizontal,Rectangle,16PT C2S,No Coating,Silk,n/a,4/4,5000,Score in Half,No Gift Cards Slits,Yes 1000 Envelopes A6
Majestic,Silk,6 x 9,Vertical,Rectangle,16PT C2S,No Coating,Silk,n/a,4/1,5000,Score in Half,No Gift Cards Slits,Yes 1000 Envelopes A6
Majestic,Silk,6 x 9,Horizontal,Rectangle,16PT C2S,No Coating,Silk,n/a,4/1,5000,Score in Half,No Gift Cards Slits,Yes 1000 Envelopes A6
Majestic,Silk,6 x 9,Vertical,Rectangle,16PT C2S,No Coating,Silk,n/a,4/4,5000,Score in Half,No Gift Cards Slits,Yes 1000 Envelopes A6
Majestic,Silk,6 x 9,Horizontal,Rectangle,16PT C2S,No Coating,Silk,n/a,4/1,10000,Score in Half,No Gift Cards Slits,Yes 1000 Envelopes A6
Majestic,Silk,6 x 9,Horizontal,Rectangle,16PT C2S,No Coating,Silk,n/a,4/0,10000,Score in Half,No Gift Cards Slits,Yes 1000 Envelopes A6
Majestic,Silk,6 x 9,Vertical,Rectangle,16PT C2S,No Coating,Silk,n/a,4/0,10000,Score in Half,No Gift Cards Slits,Yes 1000 Envelopes A6
Majestic,Silk,6 x 9,Vertical,Rectangle,16PT C2S,No Coating,Silk,n/a,4/1,10000,Score in Half,No Gift Cards Slits,Yes 1000 Envelopes A6
Majestic,Silk,6 x 9,Horizontal,Rectangle,16PT C2S,No Coating,Silk,n/a,4/4,10000,Score in Half,No Gift Cards Slits,Yes 1000 Envelopes A6
Majestic,Silk,6 x 9,Vertical,Rectangle,16PT C2S,No Coating,Silk,n/a,4/4,10000,Score in Half,No Gift Cards Slits,Yes 1000 Envelopes A6
Majestic,Silk,6 x 9,Horizontal,Rectangle,16PT C2S,No Coating,Silk,n/a,4/0,25,Score in Half,Slide Slits Bottom Panel,Yes 1000 Envelopes A6
Majestic,Silk,6 x 9,Vertical,Rectangle,16PT C2S,No Coating,Silk,n/a,4/0,25,Score in Half,Slide Slits Bottom Panel,Yes 1000 Envelopes A6
Majestic,Silk,6 x 9,Horizontal,Rectangle,16PT C2S,No Coating,Silk,n/a,4/1,25,Score in Half,Slide Slits Bottom Panel,Yes 1000 Envelopes A6
Majestic,Silk,6 x 9,Vertical,Rectangle,16PT C2S,No Coating,Silk,n/a,4/1,25,Score in Half,Slide Slits Bottom Panel,Yes 1000 Envelopes A6
Majestic,Silk,6 x 9,Horizontal,Rectangle,16PT C2S,No Coating,Silk,n/a,4/4,25,Score in Half,Slide Slits Bottom Panel,Yes 1000 Envelopes A6
Majestic,Silk,6 x 9,Vertical,Rectangle,16PT C2S,No Coating,Silk,n/a,4/4,25,Score in Half,Slide Slits Bottom Panel,Yes 1000 Envelopes A6
Majestic,Silk,6 x 9,Horizontal,Rectangle,16PT C2S,No Coating,Silk,n/a,4/0,50,Score in Half,Slide Slits Bottom Panel,Yes 1000 Envelopes A6
Majestic,Silk,6 x 9,Vertical,Rectangle,16PT C2S,No Coating,Silk,n/a,4/0,50,Score in Half,Slide Slits Bottom Panel,Yes 1000 Envelopes A6
Majestic,Silk,6 x 9,Horizontal,Rectangle,16PT C2S,No Coating,Silk,n/a,4/1,50,Score in Half,Slide Slits Bottom Panel,Yes 1000 Envelopes A6
Majestic,Silk,6 x 9,Vertical,Rectangle,16PT C2S,No Coating,Silk,n/a,4/1,50,Score in Half,Slide Slits Bottom Panel,Yes 1000 Envelopes A6
Majestic,Silk,6 x 9,Horizontal,Rectangle,16PT C2S,No Coating,Silk,n/a,4/4,50,Score in Half,Slide Slits Bottom Panel,Yes 1000 Envelopes A6
Majestic,Silk,6 x 9,Vertical,Rectangle,16PT C2S,No Coating,Silk,n/a,4/4,50,Score in Half,Slide Slits Bottom Panel,Yes 1000 Envelopes A6
Majestic,Silk,6 x 9,Horizontal,Rectangle,16PT C2S,No Coating,Silk,n/a,4/0,75,Score in Half,Slide Slits Bottom Panel,Yes 1000 Envelopes A6
Majestic,Silk,6 x 9,Vertical,Rectangle,16PT C2S,No Coating,Silk,n/a,4/0,75,Score in Half,Slide Slits Bottom Panel,Yes 1000 Envelopes A6
Majestic,Silk,6 x 9,Horizontal,Rectangle,16PT C2S,No Coating,Silk,n/a,4/1,75,Score in Half,Slide Slits Bottom Panel,Yes 1000 Envelopes A6
Majestic,Silk,6 x 9,Vertical,Rectangle,16PT C2S,No Coating,Silk,n/a,4/1,75,Score in Half,Slide Slits Bottom Panel,Yes 1000 Envelopes A6
Majestic,Silk,6 x 9,Horizontal,Rectangle,16PT C2S,No Coating,Silk,n/a,4/4,75,Score in Half,Slide Slits Bottom Panel,Yes 1000 Envelopes A6
Majestic,Silk,6 x 9,Vertical,Rectangle,16PT C2S,No Coating,Silk,n/a,4/4,75,Score in Half,Slide Slits Bottom Panel,Yes 1000 Envelopes A6
Majestic,Silk,6 x 9,Horizontal,Rectangle,16PT C2S,No Coating,Silk,n/a,4/0,100,Score in Half,Slide Slits Bottom Panel,Yes 1000 Envelopes A6
Majestic,Silk,6 x 9,Vertical,Rectangle,16PT C2S,No Coating,Silk,n/a,4/0,100,Score in Half,Slide Slits Bottom Panel,Yes 1000 Envelopes A6
Majestic,Silk,6 x 9,Horizontal,Rectangle,16PT C2S,No Coating,Silk,n/a,4/1,100,Score in Half,Slide Slits Bottom Panel,Yes 1000 Envelopes A6
Majestic,Silk,6 x 9,Horizontal,Rectangle,16PT C2S,No Coating,Silk,n/a,4/0,2500,Score in Half,Moon Slits Bottom Panel,Yes 1000 Envelopes A6
Majestic,Silk,6 x 9,Horizontal,Rectangle,16PT C2S,No Coating,Silk,n/a,4/4,100,Score in Half,Slide Slits Bottom Panel,Yes 1000 Envelopes A6
Majestic,Silk,6 x 9,Vertical,Rectangle,16PT C2S,No Coating,Silk,n/a,4/4,100,Score in Half,Slide Slits Bottom Panel,Yes 1000 Envelopes A6
Majestic,Silk,6 x 9,Horizontal,Rectangle,16PT C2S,No Coating,Silk,n/a,4/0,250,Score in Half,Slide Slits Bottom Panel,Yes 1000 Envelopes A6
Majestic,Silk,6 x 9,Vertical,Rectangle,16PT C2S,No Coating,Silk,n/a,4/0,250,Score in Half,Slide Slits Bottom Panel,Yes 1000 Envelopes A6
Majestic,Silk,6 x 9,Horizontal,Rectangle,16PT C2S,No Coating,Silk,n/a,4/1,250,Score in Half,Slide Slits Bottom Panel,Yes 1000 Envelopes A6
Majestic,Silk,6 x 9,Vertical,Rectangle,16PT C2S,No Coating,Silk,n/a,4/1,250,Score in Half,Slide Slits Bottom Panel,Yes 1000 Envelopes A6
Majestic,Silk,6 x 9,Vertical,Rectangle,16PT C2S,No Coating,Silk,n/a,4/4,250,Score in Half,Slide Slits Bottom Panel,Yes 1000 Envelopes A6
Majestic,Silk,6 x 9,Horizontal,Rectangle,16PT C2S,No Coating,Silk,n/a,4/4,250,Score in Half,Slide Slits Bottom Panel,Yes 1000 Envelopes A6
Majestic,Silk,6 x 9,Horizontal,Rectangle,16PT C2S,No Coating,Silk,n/a,4/0,500,Score in Half,Slide Slits Bottom Panel,Yes 1000 Envelopes A6
Majestic,Silk,6 x 9,Horizontal,Rectangle,16PT C2S,No Coating,Silk,n/a,4/1,500,Score in Half,Slide Slits Bottom Panel,Yes 1000 Envelopes A6
Majestic,Silk,6 x 9,Vertical,Rectangle,16PT C2S,No Coating,Silk,n/a,4/1,500,Score in Half,Slide Slits Bottom Panel,Yes 1000 Envelopes A6
Majestic,Silk,6 x 9,Vertical,Rectangle,16PT C2S,No Coating,Silk,n/a,4/0,500,Score in Half,Slide Slits Bottom Panel,Yes 1000 Envelopes A6
Majestic,Silk,6 x 9,Horizontal,Rectangle,16PT C2S,No Coating,Silk,n/a,4/4,500,Score in Half,Slide Slits Bottom Panel,Yes 1000 Envelopes A6
Majestic,Silk,6 x 9,Vertical,Rectangle,16PT C2S,No Coating,Silk,n/a,4/4,500,Score in Half,Slide Slits Bottom Panel,Yes 1000 Envelopes A6
Majestic,Silk,6 x 9,Horizontal,Rectangle,16PT C2S,No Coating,Silk,n/a,4/0,1000,Score in Half,Slide Slits Bottom Panel,Yes 1000 Envelopes A6
Majestic,Silk,6 x 9,Vertical,Rectangle,16PT C2S,No Coating,Silk,n/a,4/0,1000,Score in Half,Slide Slits Bottom Panel,Yes 1000 Envelopes A6
Majestic,Silk,6 x 9,Horizontal,Rectangle,16PT C2S,No Coating,Silk,n/a,4/1,1000,Score in Half,Slide Slits Bottom Panel,Yes 1000 Envelopes A6
Majestic,Silk,6 x 9,Vertical,Rectangle,16PT C2S,No Coating,Silk,n/a,4/1,1000,Score in Half,Slide Slits Bottom Panel,Yes 1000 Envelopes A6
Majestic,Silk,6 x 9,Horizontal,Rectangle,16PT C2S,No Coating,Silk,n/a,4/4,1000,Score in Half,Slide Slits Bottom Panel,Yes 1000 Envelopes A6
Majestic,Silk,6 x 9,Vertical,Rectangle,16PT C2S,No Coating,Silk,n/a,4/4,1000,Score in Half,Slide Slits Bottom Panel,Yes 1000 Envelopes A6
Majestic,Silk,6 x 9,Horizontal,Rectangle,16PT C2S,No Coating,Silk,n/a,4/0,2500,Score in Half,Slide Slits Bottom Panel,Yes 1000 Envelopes A6
Majestic,Silk,6 x 9,Vertical,Rectangle,16PT C2S,No Coating,Silk,n/a,4/0,2500,Score in Half,Slide Slits Bottom Panel,Yes 1000 Envelopes A6
Majestic,Silk,6 x 9,Horizontal,Rectangle,16PT C2S,No Coating,Silk,n/a,4/1,2500,Score in Half,Slide Slits Bottom Panel,Yes 1000 Envelopes A6
Majestic,Silk,6 x 9,Vertical,Rectangle,16PT C2S,No Coating,Silk,n/a,4/1,2500,Score in Half,Slide Slits Bottom Panel,Yes 1000 Envelopes A6
Majestic,Silk,6 x 9,Horizontal,Rectangle,16PT C2S,No Coating,Silk,n/a,4/4,2500,Score in Half,Slide Slits Bottom Panel,Yes 1000 Envelopes A6
Majestic,Silk,6 x 9,Vertical,Rectangle,16PT C2S,No Coating,Silk,n/a,4/4,2500,Score in Half,Slide Slits Bottom Panel,Yes 1000 Envelopes A6
Majestic,Silk,6 x 9,Horizontal,Rectangle,16PT C2S,No Coating,Silk,n/a,4/0,5000,Score in Half,Slide Slits Bottom Panel,Yes 1000 Envelopes A6
Majestic,Silk,6 x 9,Vertical,Rectangle,16PT C2S,No Coating,Silk,n/a,4/0,5000,Score in Half,Slide Slits Bottom Panel,Yes 1000 Envelopes A6
Majestic,Silk,6 x 9,Horizontal,Rectangle,16PT C2S,No Coating,Silk,n/a,4/1,5000,Score in Half,Slide Slits Bottom Panel,Yes 1000 Envelopes A6
Majestic,Silk,6 x 9,Vertical,Rectangle,16PT C2S,No Coating,Silk,n/a,4/1,5000,Score in Half,Slide Slits Bottom Panel,Yes 1000 Envelopes A6
Majestic,Silk,6 x 9,Horizontal,Rectangle,16PT C2S,No Coating,Silk,n/a,4/4,5000,Score in Half,Slide Slits Bottom Panel,Yes 1000 Envelopes A6
Majestic,Silk,6 x 9,Vertical,Rectangle,16PT C2S,No Coating,Silk,n/a,4/4,5000,Score in Half,Slide Slits Bottom Panel,Yes 1000 Envelopes A6
Majestic,Silk,6 x 9,Horizontal,Rectangle,16PT C2S,No Coating,Silk,n/a,4/0,10000,Score in Half,Slide Slits Bottom Panel,Yes 1000 Envelopes A6
Majestic,Silk,6 x 9,Vertical,Rectangle,16PT C2S,No Coating,Silk,n/a,4/0,10000,Score in Half,Slide Slits Bottom Panel,Yes 1000 Envelopes A6
Majestic,Silk,6 x 9,Horizontal,Rectangle,16PT C2S,No Coating,Silk,n/a,4/1,10000,Score in Half,Slide Slits Bottom Panel,Yes 1000 Envelopes A6
Majestic,Silk,6 x 9,Vertical,Rectangle,16PT C2S,No Coating,Silk,n/a,4/1,10000,Score in Half,Slide Slits Bottom Panel,Yes 1000 Envelopes A6
Majestic,Silk,6 x 9,Horizontal,Rectangle,16PT C2S,No Coating,Silk,n/a,4/4,10000,Score in Half,Slide Slits Bottom Panel,Yes 1000 Envelopes A6
Majestic,Silk,6 x 9,Vertical,Rectangle,16PT C2S,No Coating,Silk,n/a,4/4,10000,Score in Half,Slide Slits Bottom Panel,Yes 1000 Envelopes A6
Majestic,Silk,6 x 9,Horizontal,Rectangle,16PT C2S,No Coating,Silk,n/a,4/0,25,Score in Half,Slide Slits Right Panel,Yes 1000 Envelopes A6
Majestic,Silk,6 x 9,Vertical,Rectangle,16PT C2S,No Coating,Silk,n/a,4/0,25,Score in Half,Slide Slits Right Panel,Yes 1000 Envelopes A6
Majestic,Silk,6 x 9,Horizontal,Rectangle,16PT C2S,No Coating,Silk,n/a,4/1,25,Score in Half,Slide Slits Right Panel,Yes 1000 Envelopes A6
Majestic,Silk,6 x 9,Vertical,Rectangle,16PT C2S,No Coating,Silk,n/a,4/1,25,Score in Half,Slide Slits Right Panel,Yes 1000 Envelopes A6
Majestic,Silk,6 x 9,Horizontal,Rectangle,16PT C2S,No Coating,Silk,n/a,4/4,25,Score in Half,Slide Slits Right Panel,Yes 1000 Envelopes A6
Majestic,Silk,6 x 9,Vertical,Rectangle,16PT C2S,No Coating,Silk,n/a,4/4,25,Score in Half,Slide Slits Right Panel,Yes 1000 Envelopes A6
Majestic,Silk,6 x 9,Horizontal,Rectangle,16PT C2S,No Coating,Silk,n/a,4/0,50,Score in Half,Slide Slits Right Panel,Yes 1000 Envelopes A6
Majestic,Silk,6 x 9,Vertical,Rectangle,16PT C2S,No Coating,Silk,n/a,4/0,50,Score in Half,Slide Slits Right Panel,Yes 1000 Envelopes A6
Majestic,Silk,6 x 9,Vertical,Rectangle,16PT C2S,No Coating,Silk,n/a,4/1,50,Score in Half,Slide Slits Right Panel,Yes 1000 Envelopes A6
Majestic,Silk,6 x 9,Horizontal,Rectangle,16PT C2S,No Coating,Silk,n/a,4/1,50,Score in Half,Slide Slits Right Panel,Yes 1000 Envelopes A6
Majestic,Silk,6 x 9,Horizontal,Rectangle,16PT C2S,No Coating,Silk,n/a,4/4,50,Score in Half,Slide Slits Right Panel,Yes 1000 Envelopes A6
Majestic,Silk,6 x 9,Vertical,Rectangle,16PT C2S,No Coating,Silk,n/a,4/4,50,Score in Half,Slide Slits Right Panel,Yes 1000 Envelopes A6
Majestic,Silk,6 x 9,Horizontal,Rectangle,16PT C2S,No Coating,Silk,n/a,4/0,75,Score in Half,Slide Slits Right Panel,Yes 1000 Envelopes A6
Majestic,Silk,6 x 9,Vertical,Rectangle,16PT C2S,No Coating,Silk,n/a,4/0,75,Score in Half,Slide Slits Right Panel,Yes 1000 Envelopes A6
Majestic,Silk,6 x 9,Horizontal,Rectangle,16PT C2S,No Coating,Silk,n/a,4/1,75,Score in Half,Slide Slits Right Panel,Yes 1000 Envelopes A6
Majestic,Silk,6 x 9,Horizontal,Rectangle,16PT C2S,No Coating,Silk,n/a,4/4,75,Score in Half,Slide Slits Right Panel,Yes 1000 Envelopes A6
Majestic,Silk,6 x 9,Vertical,Rectangle,16PT C2S,No Coating,Silk,n/a,4/1,75,Score in Half,Slide Slits Right Panel,Yes 1000 Envelopes A6
Majestic,Silk,6 x 9,Vertical,Rectangle,16PT C2S,No Coating,Silk,n/a,4/4,75,Score in Half,Slide Slits Right Panel,Yes 1000 Envelopes A6
Majestic,Silk,6 x 9,Vertical,Rectangle,16PT C2S,No Coating,Silk,n/a,4/0,100,Score in Half,Slide Slits Right Panel,Yes 1000 Envelopes A6
Majestic,Silk,6 x 9,Horizontal,Rectangle,16PT C2S,No Coating,Silk,n/a,4/0,100,Score in Half,Slide Slits Right Panel,Yes 1000 Envelopes A6
Majestic,Silk,6 x 9,Horizontal,Rectangle,16PT C2S,No Coating,Silk,n/a,4/1,100,Score in Half,Slide Slits Right Panel,Yes 1000 Envelopes A6
Majestic,Silk,6 x 9,Vertical,Rectangle,16PT C2S,No Coating,Silk,n/a,4/1,100,Score in Half,Slide Slits Right Panel,Yes 1000 Envelopes A6
Majestic,Silk,6 x 9,Horizontal,Rectangle,16PT C2S,No Coating,Silk,n/a,4/4,100,Score in Half,Slide Slits Right Panel,Yes 1000 Envelopes A6
Majestic,Silk,6 x 9,Vertical,Rectangle,16PT C2S,No Coating,Silk,n/a,4/4,100,Score in Half,Slide Slits Right Panel,Yes 1000 Envelopes A6
Majestic,Silk,6 x 9,Horizontal,Rectangle,16PT C2S,No Coating,Silk,n/a,4/0,250,Score in Half,Slide Slits Right Panel,Yes 1000 Envelopes A6
Majestic,Silk,6 x 9,Vertical,Rectangle,16PT C2S,No Coating,Silk,n/a,4/0,250,Score in Half,Slide Slits Right Panel,Yes 1000 Envelopes A6
Majestic,Silk,6 x 9,Horizontal,Rectangle,16PT C2S,No Coating,Silk,n/a,4/1,250,Score in Half,Slide Slits Right Panel,Yes 1000 Envelopes A6
Majestic,Silk,6 x 9,Vertical,Rectangle,16PT C2S,No Coating,Silk,n/a,4/1,250,Score in Half,Slide Slits Right Panel,Yes 1000 Envelopes A6
Majestic,Silk,6 x 9,Horizontal,Rectangle,16PT C2S,No Coating,Silk,n/a,4/4,250,Score in Half,Slide Slits Right Panel,Yes 1000 Envelopes A6
Majestic,Silk,6 x 9,Vertical,Rectangle,16PT C2S,No Coating,Silk,n/a,4/4,250,Score in Half,Slide Slits Right Panel,Yes 1000 Envelopes A6
Majestic,Silk,6 x 9,Horizontal,Rectangle,16PT C2S,No Coating,Silk,n/a,4/0,500,Score in Half,Slide Slits Right Panel,Yes 1000 Envelopes A6
Majestic,Silk,6 x 9,Vertical,Rectangle,16PT C2S,No Coating,Silk,n/a,4/0,500,Score in Half,Slide Slits Right Panel,Yes 1000 Envelopes A6
Majestic,Silk,6 x 9,Horizontal,Rectangle,16PT C2S,No Coating,Silk,n/a,4/4,500,Score in Half,Slide Slits Right Panel,Yes 1000 Envelopes A6
Majestic,Silk,6 x 9,Vertical,Rectangle,16PT C2S,No Coating,Silk,n/a,4/4,500,Score in Half,Slide Slits Right Panel,Yes 1000 Envelopes A6
Majestic,Silk,6 x 9,Horizontal,Rectangle,16PT C2S,No Coating,Silk,n/a,4/0,1000,Score in Half,Slide Slits Right Panel,Yes 1000 Envelopes A6
Majestic,Silk,6 x 9,Vertical,Rectangle,16PT C2S,No Coating,Silk,n/a,4/0,1000,Score in Half,Slide Slits Right Panel,Yes 1000 Envelopes A6
Majestic,Silk,6 x 9,Horizontal,Rectangle,16PT C2S,No Coating,Silk,n/a,4/1,500,Score in Half,Slide Slits Right Panel,Yes 1000 Envelopes A6
Majestic,Silk,6 x 9,Vertical,Rectangle,16PT C2S,No Coating,Silk,n/a,4/1,500,Score in Half,Slide Slits Right Panel,Yes 1000 Envelopes A6
Majestic,Silk,6 x 9,Horizontal,Rectangle,16PT C2S,No Coating,Silk,n/a,4/1,1000,Score in Half,Slide Slits Right Panel,Yes 1000 Envelopes A6
Majestic,Silk,6 x 9,Vertical,Rectangle,16PT C2S,No Coating,Silk,n/a,4/1,1000,Score in Half,Slide Slits Right Panel,Yes 1000 Envelopes A6
Majestic,Silk,6 x 9,Horizontal,Rectangle,16PT C2S,No Coating,Silk,n/a,4/4,1000,Score in Half,Slide Slits Right Panel,Yes 1000 Envelopes A6
Majestic,Silk,6 x 9,Vertical,Rectangle,16PT C2S,No Coating,Silk,n/a,4/4,1000,Score in Half,Slide Slits Right Panel,Yes 1000 Envelopes A6
Majestic,Silk,6 x 9,Horizontal,Rectangle,16PT C2S,No Coating,Silk,n/a,4/0,2500,Score in Half,Slide Slits Right Panel,Yes 1000 Envelopes A6
Majestic,Silk,6 x 9,Vertical,Rectangle,16PT C2S,No Coating,Silk,n/a,4/0,2500,Score in Half,Slide Slits Right Panel,Yes 1000 Envelopes A6
Majestic,Silk,6 x 9,Horizontal,Rectangle,16PT C2S,No Coating,Silk,n/a,4/1,2500,Score in Half,Slide Slits Right Panel,Yes 1000 Envelopes A6
Majestic,Silk,6 x 9,Horizontal,Rectangle,16PT C2S,No Coating,Silk,n/a,4/4,2500,Score in Half,Slide Slits Right Panel,Yes 1000 Envelopes A6
Majestic,Silk,6 x 9,Vertical,Rectangle,16PT C2S,No Coating,Silk,n/a,4/1,2500,Score in Half,Slide Slits Right Panel,Yes 1000 Envelopes A6
Majestic,Silk,6 x 9,Vertical,Rectangle,16PT C2S,No Coating,Silk,n/a,4/4,2500,Score in Half,Slide Slits Right Panel,Yes 1000 Envelopes A6
Majestic,Silk,6 x 9,Horizontal,Rectangle,16PT C2S,No Coating,Silk,n/a,4/0,5000,Score in Half,Slide Slits Right Panel,Yes 1000 Envelopes A6
Majestic,Silk,6 x 9,Vertical,Rectangle,16PT C2S,No Coating,Silk,n/a,4/0,5000,Score in Half,Slide Slits Right Panel,Yes 1000 Envelopes A6
Majestic,Silk,6 x 9,Horizontal,Rectangle,16PT C2S,No Coating,Silk,n/a,4/1,5000,Score in Half,Slide Slits Right Panel,Yes 1000 Envelopes A6
Majestic,Silk,6 x 9,Vertical,Rectangle,16PT C2S,No Coating,Silk,n/a,4/1,5000,Score in Half,Slide Slits Right Panel,Yes 1000 Envelopes A6
Majestic,Silk,6 x 9,Horizontal,Rectangle,16PT C2S,No Coating,Silk,n/a,4/4,5000,Score in Half,Slide Slits Right Panel,Yes 1000 Envelopes A6
Majestic,Silk,6 x 9,Vertical,Rectangle,16PT C2S,No Coating,Silk,n/a,4/4,5000,Score in Half,Slide Slits Right Panel,Yes 1000 Envelopes A6
Majestic,Silk,6 x 9,Horizontal,Rectangle,16PT C2S,No Coating,Silk,n/a,4/0,10000,Score in Half,Slide Slits Right Panel,Yes 1000 Envelopes A6
Majestic,Silk,6 x 9,Vertical,Rectangle,16PT C2S,No Coating,Silk,n/a,4/0,10000,Score in Half,Slide Slits Right Panel,Yes 1000 Envelopes A6
Majestic,Silk,6 x 9,Horizontal,Rectangle,16PT C2S,No Coating,Silk,n/a,4/1,10000,Score in Half,Slide Slits Right Panel,Yes 1000 Envelopes A6
Majestic,Silk,6 x 9,Vertical,Rectangle,16PT C2S,No Coating,Silk,n/a,4/1,10000,Score in Half,Slide Slits Right Panel,Yes 1000 Envelopes A6
Majestic,Silk,6 x 9,Horizontal,Rectangle,16PT C2S,No Coating,Silk,n/a,4/4,10000,Score in Half,Slide Slits Right Panel,Yes 1000 Envelopes A6
Majestic,Silk,6 x 9,Vertical,Rectangle,16PT C2S,No Coating,Silk,n/a,4/4,10000,Score in Half,Slide Slits Right Panel,Yes 1000 Envelopes A6
Majestic,Silk,6 x 9,Horizontal,Rectangle,16PT C2S,No Coating,Silk,n/a,4/0,25,Score in Half,Moon Slits Bottom Panel,Yes 2500 Envelopes A6
Majestic,Silk,6 x 9,Vertical,Rectangle,16PT C2S,No Coating,Silk,n/a,4/0,25,Score in Half,Moon Slits Bottom Panel,Yes 2500 Envelopes A6
Majestic,Silk,6 x 9,Horizontal,Rectangle,16PT C2S,No Coating,Silk,n/a,4/4,25,Score in Half,Moon Slits Bottom Panel,Yes 2500 Envelopes A6
Majestic,Silk,6 x 9,Vertical,Rectangle,16PT C2S,No Coating,Silk,n/a,4/1,25,Score in Half,Moon Slits Bottom Panel,Yes 2500 Envelopes A6
Majestic,Silk,6 x 9,Horizontal,Rectangle,16PT C2S,No Coating,Silk,n/a,4/1,25,Score in Half,Moon Slits Bottom Panel,Yes 2500 Envelopes A6
Majestic,Silk,6 x 9,Vertical,Rectangle,16PT C2S,No Coating,Silk,n/a,4/4,25,Score in Half,Moon Slits Bottom Panel,Yes 2500 Envelopes A6
Majestic,Silk,6 x 9,Vertical,Rectangle,16PT C2S,No Coating,Silk,n/a,4/0,50,Score in Half,Moon Slits Bottom Panel,Yes 2500 Envelopes A6
Majestic,Silk,6 x 9,Horizontal,Rectangle,16PT C2S,No Coating,Silk,n/a,4/1,50,Score in Half,Moon Slits Bottom Panel,Yes 2500 Envelopes A6
Majestic,Silk,6 x 9,Vertical,Rectangle,16PT C2S,No Coating,Silk,n/a,4/1,50,Score in Half,Moon Slits Bottom Panel,Yes 2500 Envelopes A6
Majestic,Silk,6 x 9,Horizontal,Rectangle,16PT C2S,No Coating,Silk,n/a,4/0,50,Score in Half,Moon Slits Bottom Panel,Yes 2500 Envelopes A6
Majestic,Silk,6 x 9,Horizontal,Rectangle,16PT C2S,No Coating,Silk,n/a,4/4,50,Score in Half,Moon Slits Bottom Panel,Yes 2500 Envelopes A6
Majestic,Silk,6 x 9,Vertical,Rectangle,16PT C2S,No Coating,Silk,n/a,4/4,50,Score in Half,Moon Slits Bottom Panel,Yes 2500 Envelopes A6
Majestic,Silk,6 x 9,Horizontal,Rectangle,16PT C2S,No Coating,Silk,n/a,4/0,75,Score in Half,Moon Slits Bottom Panel,Yes 2500 Envelopes A6
Majestic,Silk,6 x 9,Vertical,Rectangle,16PT C2S,No Coating,Silk,n/a,4/0,75,Score in Half,Moon Slits Bottom Panel,Yes 2500 Envelopes A6
Majestic,Silk,6 x 9,Horizontal,Rectangle,16PT C2S,No Coating,Silk,n/a,4/1,75,Score in Half,Moon Slits Bottom Panel,Yes 2500 Envelopes A6
Majestic,Silk,6 x 9,Vertical,Rectangle,16PT C2S,No Coating,Silk,n/a,4/1,75,Score in Half,Moon Slits Bottom Panel,Yes 2500 Envelopes A6
Majestic,Silk,6 x 9,Horizontal,Rectangle,16PT C2S,No Coating,Silk,n/a,4/4,75,Score in Half,Moon Slits Bottom Panel,Yes 2500 Envelopes A6
Majestic,Silk,6 x 9,Vertical,Rectangle,16PT C2S,No Coating,Silk,n/a,4/4,75,Score in Half,Moon Slits Bottom Panel,Yes 2500 Envelopes A6
Majestic,Silk,6 x 9,Horizontal,Rectangle,16PT C2S,No Coating,Silk,n/a,4/0,100,Score in Half,Moon Slits Bottom Panel,Yes 2500 Envelopes A6
Majestic,Silk,6 x 9,Vertical,Rectangle,16PT C2S,No Coating,Silk,n/a,4/0,100,Score in Half,Moon Slits Bottom Panel,Yes 2500 Envelopes A6
Majestic,Silk,6 x 9,Horizontal,Rectangle,16PT C2S,No Coating,Silk,n/a,4/1,100,Score in Half,Moon Slits Bottom Panel,Yes 2500 Envelopes A6
Majestic,Silk,6 x 9,Vertical,Rectangle,16PT C2S,No Coating,Silk,n/a,4/1,100,Score in Half,Moon Slits Bottom Panel,Yes 2500 Envelopes A6
Majestic,Silk,6 x 9,Horizontal,Rectangle,16PT C2S,No Coating,Silk,n/a,4/4,100,Score in Half,Moon Slits Bottom Panel,Yes 2500 Envelopes A6
Majestic,Silk,6 x 9,Vertical,Rectangle,16PT C2S,No Coating,Silk,n/a,4/4,100,Score in Half,Moon Slits Bottom Panel,Yes 2500 Envelopes A6
Majestic,Silk,6 x 9,Vertical,Rectangle,16PT C2S,No Coating,Silk,n/a,4/0,250,Score in Half,Moon Slits Bottom Panel,Yes 2500 Envelopes A6
Majestic,Silk,6 x 9,Horizontal,Rectangle,16PT C2S,No Coating,Silk,n/a,4/0,250,Score in Half,Moon Slits Bottom Panel,Yes 2500 Envelopes A6
Majestic,Silk,6 x 9,Horizontal,Rectangle,16PT C2S,No Coating,Silk,n/a,4/1,250,Score in Half,Moon Slits Bottom Panel,Yes 2500 Envelopes A6
Majestic,Silk,6 x 9,Vertical,Rectangle,16PT C2S,No Coating,Silk,n/a,4/1,250,Score in Half,Moon Slits Bottom Panel,Yes 2500 Envelopes A6
Majestic,Silk,6 x 9,Horizontal,Rectangle,16PT C2S,No Coating,Silk,n/a,4/4,250,Score in Half,Moon Slits Bottom Panel,Yes 2500 Envelopes A6
Majestic,Silk,6 x 9,Vertical,Rectangle,16PT C2S,No Coating,Silk,n/a,4/4,250,Score in Half,Moon Slits Bottom Panel,Yes 2500 Envelopes A6
Majestic,Silk,6 x 9,Horizontal,Rectangle,16PT C2S,No Coating,Silk,n/a,4/0,500,Score in Half,Moon Slits Bottom Panel,Yes 2500 Envelopes A6
Majestic,Silk,6 x 9,Vertical,Rectangle,16PT C2S,No Coating,Silk,n/a,4/0,500,Score in Half,Moon Slits Bottom Panel,Yes 2500 Envelopes A6
Majestic,Silk,6 x 9,Horizontal,Rectangle,16PT C2S,No Coating,Silk,n/a,4/1,500,Score in Half,Moon Slits Bottom Panel,Yes 2500 Envelopes A6
Majestic,Silk,6 x 9,Vertical,Rectangle,16PT C2S,No Coating,Silk,n/a,4/1,500,Score in Half,Moon Slits Bottom Panel,Yes 2500 Envelopes A6
Majestic,Silk,6 x 9,Horizontal,Rectangle,16PT C2S,No Coating,Silk,n/a,4/4,500,Score in Half,Moon Slits Bottom Panel,Yes 2500 Envelopes A6
Majestic,Silk,6 x 9,Vertical,Rectangle,16PT C2S,No Coating,Silk,n/a,4/4,500,Score in Half,Moon Slits Bottom Panel,Yes 2500 Envelopes A6
Majestic,Silk,6 x 9,Horizontal,Rectangle,16PT C2S,No Coating,Silk,n/a,4/0,1000,Score in Half,Moon Slits Bottom Panel,Yes 2500 Envelopes A6
Majestic,Silk,6 x 9,Vertical,Rectangle,16PT C2S,No Coating,Silk,n/a,4/0,1000,Score in Half,Moon Slits Bottom Panel,Yes 2500 Envelopes A6
Majestic,Silk,6 x 9,Horizontal,Rectangle,16PT C2S,No Coating,Silk,n/a,4/1,1000,Score in Half,Moon Slits Bottom Panel,Yes 2500 Envelopes A6
Majestic,Silk,6 x 9,Vertical,Rectangle,16PT C2S,No Coating,Silk,n/a,4/1,1000,Score in Half,Moon Slits Bottom Panel,Yes 2500 Envelopes A6
Majestic,Silk,6 x 9,Horizontal,Rectangle,16PT C2S,No Coating,Silk,n/a,4/4,1000,Score in Half,Moon Slits Bottom Panel,Yes 2500 Envelopes A6
Majestic,Silk,6 x 9,Vertical,Rectangle,16PT C2S,No Coating,Silk,n/a,4/4,1000,Score in Half,Moon Slits Bottom Panel,Yes 2500 Envelopes A6
Majestic,Silk,6 x 9,Horizontal,Rectangle,16PT C2S,No Coating,Silk,n/a,4/0,2500,Score in Half,Moon Slits Bottom Panel,Yes 2500 Envelopes A6
Majestic,Silk,6 x 9,Vertical,Rectangle,16PT C2S,No Coating,Silk,n/a,4/0,2500,Score in Half,Moon Slits Bottom Panel,Yes 2500 Envelopes A6
Majestic,Silk,6 x 9,Horizontal,Rectangle,16PT C2S,No Coating,Silk,n/a,4/1,2500,Score in Half,Moon Slits Bottom Panel,Yes 2500 Envelopes A6
Majestic,Silk,6 x 9,Vertical,Rectangle,16PT C2S,No Coating,Silk,n/a,4/1,2500,Score in Half,Moon Slits Bottom Panel,Yes 2500 Envelopes A6
Majestic,Silk,6 x 9,Horizontal,Rectangle,16PT C2S,No Coating,Silk,n/a,4/4,2500,Score in Half,Moon Slits Bottom Panel,Yes 2500 Envelopes A6
Majestic,Silk,6 x 9,Vertical,Rectangle,16PT C2S,No Coating,Silk,n/a,4/4,2500,Score in Half,Moon Slits Bottom Panel,Yes 2500 Envelopes A6
Majestic,Silk,6 x 9,Horizontal,Rectangle,16PT C2S,No Coating,Silk,n/a,4/0,5000,Score in Half,Moon Slits Bottom Panel,Yes 2500 Envelopes A6
Majestic,Silk,6 x 9,Vertical,Rectangle,16PT C2S,No Coating,Silk,n/a,4/0,5000,Score in Half,Moon Slits Bottom Panel,Yes 2500 Envelopes A6
Majestic,Silk,6 x 9,Horizontal,Rectangle,16PT C2S,No Coating,Silk,n/a,4/1,5000,Score in Half,Moon Slits Bottom Panel,Yes 2500 Envelopes A6
Majestic,Silk,6 x 9,Vertical,Rectangle,16PT C2S,No Coating,Silk,n/a,4/1,5000,Score in Half,Moon Slits Bottom Panel,Yes 2500 Envelopes A6
Majestic,Silk,6 x 9,Horizontal,Rectangle,16PT C2S,No Coating,Silk,n/a,4/4,5000,Score in Half,Moon Slits Bottom Panel,Yes 2500 Envelopes A6
Majestic,Silk,6 x 9,Vertical,Rectangle,16PT C2S,No Coating,Silk,n/a,4/4,5000,Score in Half,Moon Slits Bottom Panel,Yes 2500 Envelopes A6
Majestic,Silk,6 x 9,Horizontal,Rectangle,16PT C2S,No Coating,Silk,n/a,4/0,10000,Score in Half,Moon Slits Bottom Panel,Yes 2500 Envelopes A6
Majestic,Silk,6 x 9,Vertical,Rectangle,16PT C2S,No Coating,Silk,n/a,4/0,10000,Score in Half,Moon Slits Bottom Panel,Yes 2500 Envelopes A6
Majestic,Silk,6 x 9,Horizontal,Rectangle,16PT C2S,No Coating,Silk,n/a,4/1,10000,Score in Half,Moon Slits Bottom Panel,Yes 2500 Envelopes A6
Majestic,Silk,6 x 9,Vertical,Rectangle,16PT C2S,No Coating,Silk,n/a,4/1,10000,Score in Half,Moon Slits Bottom Panel,Yes 2500 Envelopes A6
Majestic,Silk,6 x 9,Horizontal,Rectangle,16PT C2S,No Coating,Silk,n/a,4/4,10000,Score in Half,Moon Slits Bottom Panel,Yes 2500 Envelopes A6
Majestic,Silk,6 x 9,Vertical,Rectangle,16PT C2S,No Coating,Silk,n/a,4/4,10000,Score in Half,Moon Slits Bottom Panel,Yes 2500 Envelopes A6
Majestic,Silk,6 x 9,Horizontal,Rectangle,16PT C2S,No Coating,Silk,n/a,4/0,25,Score in Half,Moon Slits Right Panel,Yes 2500 Envelopes A6
Majestic,Silk,6 x 9,Vertical,Rectangle,16PT C2S,No Coating,Silk,n/a,4/0,25,Score in Half,Moon Slits Right Panel,Yes 2500 Envelopes A6
Majestic,Silk,6 x 9,Horizontal,Rectangle,16PT C2S,No Coating,Silk,n/a,4/1,25,Score in Half,Moon Slits Right Panel,Yes 2500 Envelopes A6
Majestic,Silk,6 x 9,Vertical,Rectangle,16PT C2S,No Coating,Silk,n/a,4/1,25,Score in Half,Moon Slits Right Panel,Yes 2500 Envelopes A6
Majestic,Silk,6 x 9,Horizontal,Rectangle,16PT C2S,No Coating,Silk,n/a,4/4,25,Score in Half,Moon Slits Right Panel,Yes 2500 Envelopes A6
Majestic,Silk,6 x 9,Vertical,Rectangle,16PT C2S,No Coating,Silk,n/a,4/4,25,Score in Half,Moon Slits Right Panel,Yes 2500 Envelopes A6
Majestic,Silk,6 x 9,Horizontal,Rectangle,16PT C2S,No Coating,Silk,n/a,4/0,50,Score in Half,Moon Slits Right Panel,Yes 2500 Envelopes A6
Majestic,Silk,6 x 9,Vertical,Rectangle,16PT C2S,No Coating,Silk,n/a,4/0,50,Score in Half,Moon Slits Right Panel,Yes 2500 Envelopes A6
Majestic,Silk,6 x 9,Horizontal,Rectangle,16PT C2S,No Coating,Silk,n/a,4/1,50,Score in Half,Moon Slits Right Panel,Yes 2500 Envelopes A6
Majestic,Silk,6 x 9,Vertical,Rectangle,16PT C2S,No Coating,Silk,n/a,4/1,50,Score in Half,Moon Slits Right Panel,Yes 2500 Envelopes A6
Majestic,Silk,6 x 9,Horizontal,Rectangle,16PT C2S,No Coating,Silk,n/a,4/4,50,Score in Half,Moon Slits Right Panel,Yes 2500 Envelopes A6
Majestic,Silk,6 x 9,Vertical,Rectangle,16PT C2S,No Coating,Silk,n/a,4/4,50,Score in Half,Moon Slits Right Panel,Yes 2500 Envelopes A6
Majestic,Silk,6 x 9,Horizontal,Rectangle,16PT C2S,No Coating,Silk,n/a,4/0,75,Score in Half,Moon Slits Right Panel,Yes 2500 Envelopes A6
Majestic,Silk,6 x 9,Vertical,Rectangle,16PT C2S,No Coating,Silk,n/a,4/0,75,Score in Half,Moon Slits Right Panel,Yes 2500 Envelopes A6
Majestic,Silk,6 x 9,Horizontal,Rectangle,16PT C2S,No Coating,Silk,n/a,4/1,75,Score in Half,Moon Slits Right Panel,Yes 2500 Envelopes A6
Majestic,Silk,6 x 9,Vertical,Rectangle,16PT C2S,No Coating,Silk,n/a,4/1,75,Score in Half,Moon Slits Right Panel,Yes 2500 Envelopes A6
Majestic,Silk,6 x 9,Horizontal,Rectangle,16PT C2S,No Coating,Silk,n/a,4/4,75,Score in Half,Moon Slits Right Panel,Yes 2500 Envelopes A6
Majestic,Silk,6 x 9,Vertical,Rectangle,16PT C2S,No Coating,Silk,n/a,4/4,75,Score in Half,Moon Slits Right Panel,Yes 2500 Envelopes A6
Majestic,Silk,6 x 9,Horizontal,Rectangle,16PT C2S,No Coating,Silk,n/a,4/0,100,Score in Half,Moon Slits Right Panel,Yes 2500 Envelopes A6
Majestic,Silk,6 x 9,Vertical,Rectangle,16PT C2S,No Coating,Silk,n/a,4/0,100,Score in Half,Moon Slits Right Panel,Yes 2500 Envelopes A6
Majestic,Silk,6 x 9,Horizontal,Rectangle,16PT C2S,No Coating,Silk,n/a,4/1,100,Score in Half,Moon Slits Right Panel,Yes 2500 Envelopes A6
Majestic,Silk,6 x 9,Vertical,Rectangle,16PT C2S,No Coating,Silk,n/a,4/1,100,Score in Half,Moon Slits Right Panel,Yes 2500 Envelopes A6
Majestic,Silk,6 x 9,Horizontal,Rectangle,16PT C2S,No Coating,Silk,n/a,4/4,100,Score in Half,Moon Slits Right Panel,Yes 2500 Envelopes A6
Majestic,Silk,6 x 9,Vertical,Rectangle,16PT C2S,No Coating,Silk,n/a,4/4,100,Score in Half,Moon Slits Right Panel,Yes 2500 Envelopes A6
Majestic,Silk,6 x 9,Horizontal,Rectangle,16PT C2S,No Coating,Silk,n/a,4/0,250,Score in Half,Moon Slits Right Panel,Yes 2500 Envelopes A6
Majestic,Silk,6 x 9,Vertical,Rectangle,16PT C2S,No Coating,Silk,n/a,4/0,250,Score in Half,Moon Slits Right Panel,Yes 2500 Envelopes A6
Majestic,Silk,6 x 9,Horizontal,Rectangle,16PT C2S,No Coating,Silk,n/a,4/1,250,Score in Half,Moon Slits Right Panel,Yes 2500 Envelopes A6
Majestic,Silk,6 x 9,Vertical,Rectangle,16PT C2S,No Coating,Silk,n/a,4/1,250,Score in Half,Moon Slits Right Panel,Yes 2500 Envelopes A6
Majestic,Silk,6 x 9,Horizontal,Rectangle,16PT C2S,No Coating,Silk,n/a,4/4,250,Score in Half,Moon Slits Right Panel,Yes 2500 Envelopes A6
Majestic,Silk,6 x 9,Vertical,Rectangle,16PT C2S,No Coating,Silk,n/a,4/4,250,Score in Half,Moon Slits Right Panel,Yes 2500 Envelopes A6
Majestic,Silk,6 x 9,Horizontal,Rectangle,16PT C2S,No Coating,Silk,n/a,4/0,500,Score in Half,Moon Slits Right Panel,Yes 2500 Envelopes A6
Majestic,Silk,6 x 9,Vertical,Rectangle,16PT C2S,No Coating,Silk,n/a,4/0,500,Score in Half,Moon Slits Right Panel,Yes 2500 Envelopes A6
Majestic,Silk,6 x 9,Horizontal,Rectangle,16PT C2S,No Coating,Silk,n/a,4/1,500,Score in Half,Moon Slits Right Panel,Yes 2500 Envelopes A6
Majestic,Silk,6 x 9,Vertical,Rectangle,16PT C2S,No Coating,Silk,n/a,4/1,500,Score in Half,Moon Slits Right Panel,Yes 2500 Envelopes A6
Majestic,Silk,6 x 9,Horizontal,Rectangle,16PT C2S,No Coating,Silk,n/a,4/4,500,Score in Half,Moon Slits Right Panel,Yes 2500 Envelopes A6
Majestic,Silk,6 x 9,Vertical,Rectangle,16PT C2S,No Coating,Silk,n/a,4/4,500,Score in Half,Moon Slits Right Panel,Yes 2500 Envelopes A6
Majestic,Silk,6 x 9,Horizontal,Rectangle,16PT C2S,No Coating,Silk,n/a,4/0,1000,Score in Half,Moon Slits Right Panel,Yes 2500 Envelopes A6
Majestic,Silk,6 x 9,Vertical,Rectangle,16PT C2S,No Coating,Silk,n/a,4/0,1000,Score in Half,Moon Slits Right Panel,Yes 2500 Envelopes A6
Majestic,Silk,6 x 9,Horizontal,Rectangle,16PT C2S,No Coating,Silk,n/a,4/1,1000,Score in Half,Moon Slits Right Panel,Yes 2500 Envelopes A6
Majestic,Silk,6 x 9,Vertical,Rectangle,16PT C2S,No Coating,Silk,n/a,4/1,1000,Score in Half,Moon Slits Right Panel,Yes 2500 Envelopes A6
Majestic,Silk,6 x 9,Horizontal,Rectangle,16PT C2S,No Coating,Silk,n/a,4/4,1000,Score in Half,Moon Slits Right Panel,Yes 2500 Envelopes A6
Majestic,Silk,6 x 9,Vertical,Rectangle,16PT C2S,No Coating,Silk,n/a,4/4,1000,Score in Half,Moon Slits Right Panel,Yes 2500 Envelopes A6
Majestic,Silk,6 x 9,Horizontal,Rectangle,16PT C2S,No Coating,Silk,n/a,4/0,2500,Score in Half,Moon Slits Right Panel,Yes 2500 Envelopes A6
Majestic,Silk,6 x 9,Vertical,Rectangle,16PT C2S,No Coating,Silk,n/a,4/0,2500,Score in Half,Moon Slits Right Panel,Yes 2500 Envelopes A6
Majestic,Silk,6 x 9,Horizontal,Rectangle,16PT C2S,No Coating,Silk,n/a,4/1,2500,Score in Half,Moon Slits Right Panel,Yes 2500 Envelopes A6
Majestic,Silk,6 x 9,Vertical,Rectangle,16PT C2S,No Coating,Silk,n/a,4/1,2500,Score in Half,Moon Slits Right Panel,Yes 2500 Envelopes A6
Majestic,Silk,6 x 9,Horizontal,Rectangle,16PT C2S,No Coating,Silk,n/a,4/4,2500,Score in Half,Moon Slits Right Panel,Yes 2500 Envelopes A6
Majestic,Silk,6 x 9,Vertical,Rectangle,16PT C2S,No Coating,Silk,n/a,4/4,2500,Score in Half,Moon Slits Right Panel,Yes 2500 Envelopes A6
Majestic,Silk,6 x 9,Horizontal,Rectangle,16PT C2S,No Coating,Silk,n/a,4/0,5000,Score in Half,Moon Slits Right Panel,Yes 2500 Envelopes A6
Majestic,Silk,6 x 9,Vertical,Rectangle,16PT C2S,No Coating,Silk,n/a,4/0,5000,Score in Half,Moon Slits Right Panel,Yes 2500 Envelopes A6
Majestic,Silk,6 x 9,Horizontal,Rectangle,16PT C2S,No Coating,Silk,n/a,4/1,5000,Score in Half,Moon Slits Right Panel,Yes 2500 Envelopes A6
Majestic,Silk,6 x 9,Vertical,Rectangle,16PT C2S,No Coating,Silk,n/a,4/1,5000,Score in Half,Moon Slits Right Panel,Yes 2500 Envelopes A6
Majestic,Silk,6 x 9,Horizontal,Rectangle,16PT C2S,No Coating,Silk,n/a,4/4,5000,Score in Half,Moon Slits Right Panel,Yes 2500 Envelopes A6
Majestic,Silk,6 x 9,Vertical,Rectangle,16PT C2S,No Coating,Silk,n/a,4/4,5000,Score in Half,Moon Slits Right Panel,Yes 2500 Envelopes A6
Majestic,Silk,6 x 9,Horizontal,Rectangle,16PT C2S,No Coating,Silk,n/a,4/0,10000,Score in Half,Moon Slits Right Panel,Yes 2500 Envelopes A6
Majestic,Silk,6 x 9,Vertical,Rectangle,16PT C2S,No Coating,Silk,n/a,4/0,10000,Score in Half,Moon Slits Right Panel,Yes 2500 Envelopes A6
Majestic,Silk,6 x 9,Horizontal,Rectangle,16PT C2S,No Coating,Silk,n/a,4/1,10000,Score in Half,Moon Slits Right Panel,Yes 2500 Envelopes A6
Majestic,Silk,6 x 9,Vertical,Rectangle,16PT C2S,No Coating,Silk,n/a,4/1,10000,Score in Half,Moon Slits Right Panel,Yes 2500 Envelopes A6
Majestic,Silk,6 x 9,Horizontal,Rectangle,16PT C2S,No Coating,Silk,n/a,4/4,10000,Score in Half,Moon Slits Right Panel,Yes 2500 Envelopes A6
Majestic,Silk,6 x 9,Vertical,Rectangle,16PT C2S,No Coating,Silk,n/a,4/4,10000,Score in Half,Moon Slits Right Panel,Yes 2500 Envelopes A6
Majestic,Silk,6 x 9,Horizontal,Rectangle,16PT C2S,No Coating,Silk,n/a,4/0,25,Score in Half,No Gift Cards Slits,Yes 2500 Envelopes A6
Majestic,Silk,6 x 9,Vertical,Rectangle,16PT C2S,No Coating,Silk,n/a,4/0,25,Score in Half,No Gift Cards Slits,Yes 2500 Envelopes A6
Majestic,Silk,6 x 9,Horizontal,Rectangle,16PT C2S,No Coating,Silk,n/a,4/1,25,Score in Half,No Gift Cards Slits,Yes 2500 Envelopes A6
Majestic,Silk,6 x 9,Vertical,Rectangle,16PT C2S,No Coating,Silk,n/a,4/1,25,Score in Half,No Gift Cards Slits,Yes 2500 Envelopes A6
Majestic,Silk,6 x 9,Horizontal,Rectangle,16PT C2S,No Coating,Silk,n/a,4/4,25,Score in Half,No Gift Cards Slits,Yes 2500 Envelopes A6
Majestic,Silk,6 x 9,Vertical,Rectangle,16PT C2S,No Coating,Silk,n/a,4/4,25,Score in Half,No Gift Cards Slits,Yes 2500 Envelopes A6
Majestic,Silk,6 x 9,Horizontal,Rectangle,16PT C2S,No Coating,Silk,n/a,4/0,50,Score in Half,No Gift Cards Slits,Yes 2500 Envelopes A6
Majestic,Silk,6 x 9,Vertical,Rectangle,16PT C2S,No Coating,Silk,n/a,4/1,2500,Score in Half,No Gift Cards Slits,Yes 1000 Envelopes A6
Majestic,Silk,6 x 9,Horizontal,Rectangle,16PT C2S,No Coating,Silk,n/a,4/1,50,Score in Half,No Gift Cards Slits,Yes 2500 Envelopes A6
Majestic,Silk,6 x 9,Vertical,Rectangle,16PT C2S,No Coating,Silk,n/a,4/1,50,Score in Half,No Gift Cards Slits,Yes 2500 Envelopes A6
Majestic,Silk,6 x 9,Horizontal,Rectangle,16PT C2S,No Coating,Silk,n/a,4/4,50,Score in Half,No Gift Cards Slits,Yes 2500 Envelopes A6
Majestic,Silk,6 x 9,Vertical,Rectangle,16PT C2S,No Coating,Silk,n/a,4/4,50,Score in Half,No Gift Cards Slits,Yes 2500 Envelopes A6
Majestic,Silk,6 x 9,Horizontal,Rectangle,16PT C2S,No Coating,Silk,n/a,4/0,75,Score in Half,No Gift Cards Slits,Yes 2500 Envelopes A6
Majestic,Silk,6 x 9,Vertical,Rectangle,16PT C2S,No Coating,Silk,n/a,4/0,75,Score in Half,No Gift Cards Slits,Yes 2500 Envelopes A6
Majestic,Silk,6 x 9,Horizontal,Rectangle,16PT C2S,No Coating,Silk,n/a,4/1,75,Score in Half,No Gift Cards Slits,Yes 2500 Envelopes A6
Majestic,Silk,6 x 9,Vertical,Rectangle,16PT C2S,No Coating,Silk,n/a,4/1,75,Score in Half,No Gift Cards Slits,Yes 2500 Envelopes A6
Majestic,Silk,6 x 9,Horizontal,Rectangle,16PT C2S,No Coating,Silk,n/a,4/4,75,Score in Half,No Gift Cards Slits,Yes 2500 Envelopes A6
Majestic,Silk,6 x 9,Vertical,Rectangle,16PT C2S,No Coating,Silk,n/a,4/4,75,Score in Half,No Gift Cards Slits,Yes 2500 Envelopes A6
Majestic,Silk,6 x 9,Horizontal,Rectangle,16PT C2S,No Coating,Silk,n/a,4/0,100,Score in Half,No Gift Cards Slits,Yes 2500 Envelopes A6
Majestic,Silk,6 x 9,Vertical,Rectangle,16PT C2S,No Coating,Silk,n/a,4/0,100,Score in Half,No Gift Cards Slits,Yes 2500 Envelopes A6
Majestic,Silk,6 x 9,Horizontal,Rectangle,16PT C2S,No Coating,Silk,n/a,4/1,100,Score in Half,No Gift Cards Slits,Yes 2500 Envelopes A6
Majestic,Silk,6 x 9,Vertical,Rectangle,16PT C2S,No Coating,Silk,n/a,4/1,100,Score in Half,No Gift Cards Slits,Yes 2500 Envelopes A6
Majestic,Silk,6 x 9,Horizontal,Rectangle,16PT C2S,No Coating,Silk,n/a,4/4,100,Score in Half,No Gift Cards Slits,Yes 2500 Envelopes A6
Majestic,Silk,6 x 9,Vertical,Rectangle,16PT C2S,No Coating,Silk,n/a,4/4,100,Score in Half,No Gift Cards Slits,Yes 2500 Envelopes A6
Majestic,Silk,6 x 9,Horizontal,Rectangle,16PT C2S,No Coating,Silk,n/a,4/0,250,Score in Half,No Gift Cards Slits,Yes 2500 Envelopes A6
Majestic,Silk,6 x 9,Vertical,Rectangle,16PT C2S,No Coating,Silk,n/a,4/0,250,Score in Half,No Gift Cards Slits,Yes 2500 Envelopes A6
Majestic,Silk,6 x 9,Horizontal,Rectangle,16PT C2S,No Coating,Silk,n/a,4/1,250,Score in Half,No Gift Cards Slits,Yes 2500 Envelopes A6
Majestic,Silk,6 x 9,Vertical,Rectangle,16PT C2S,No Coating,Silk,n/a,4/1,250,Score in Half,No Gift Cards Slits,Yes 2500 Envelopes A6
Majestic,Silk,6 x 9,Horizontal,Rectangle,16PT C2S,No Coating,Silk,n/a,4/4,250,Score in Half,No Gift Cards Slits,Yes 2500 Envelopes A6
Majestic,Silk,6 x 9,Vertical,Rectangle,16PT C2S,No Coating,Silk,n/a,4/4,250,Score in Half,No Gift Cards Slits,Yes 2500 Envelopes A6
Majestic,Silk,6 x 9,Horizontal,Rectangle,16PT C2S,No Coating,Silk,n/a,4/0,500,Score in Half,No Gift Cards Slits,Yes 2500 Envelopes A6
Majestic,Silk,6 x 9,Vertical,Rectangle,16PT C2S,No Coating,Silk,n/a,4/0,500,Score in Half,No Gift Cards Slits,Yes 2500 Envelopes A6
Majestic,Silk,6 x 9,Horizontal,Rectangle,16PT C2S,No Coating,Silk,n/a,4/1,500,Score in Half,No Gift Cards Slits,Yes 2500 Envelopes A6
Majestic,Silk,6 x 9,Horizontal,Rectangle,16PT C2S,No Coating,Silk,n/a,4/4,500,Score in Half,No Gift Cards Slits,Yes 2500 Envelopes A6
Majestic,Silk,6 x 9,Vertical,Rectangle,16PT C2S,No Coating,Silk,n/a,4/1,500,Score in Half,No Gift Cards Slits,Yes 2500 Envelopes A6
Majestic,Silk,6 x 9,Vertical,Rectangle,16PT C2S,No Coating,Silk,n/a,4/4,500,Score in Half,No Gift Cards Slits,Yes 2500 Envelopes A6
Majestic,Silk,6 x 9,Horizontal,Rectangle,16PT C2S,No Coating,Silk,n/a,4/0,1000,Score in Half,No Gift Cards Slits,Yes 2500 Envelopes A6
Majestic,Silk,6 x 9,Vertical,Rectangle,16PT C2S,No Coating,Silk,n/a,4/0,1000,Score in Half,No Gift Cards Slits,Yes 2500 Envelopes A6
Majestic,Silk,6 x 9,Horizontal,Rectangle,16PT C2S,No Coating,Silk,n/a,4/1,1000,Score in Half,No Gift Cards Slits,Yes 2500 Envelopes A6
Majestic,Silk,6 x 9,Vertical,Rectangle,16PT C2S,No Coating,Silk,n/a,4/1,1000,Score in Half,No Gift Cards Slits,Yes 2500 Envelopes A6
Majestic,Silk,6 x 9,Horizontal,Rectangle,16PT C2S,No Coating,Silk,n/a,4/4,1000,Score in Half,No Gift Cards Slits,Yes 2500 Envelopes A6
Majestic,Silk,6 x 9,Vertical,Rectangle,16PT C2S,No Coating,Silk,n/a,4/4,1000,Score in Half,No Gift Cards Slits,Yes 2500 Envelopes A6
Majestic,Silk,6 x 9,Horizontal,Rectangle,16PT C2S,No Coating,Silk,n/a,4/0,2500,Score in Half,No Gift Cards Slits,Yes 2500 Envelopes A6
Majestic,Silk,6 x 9,Vertical,Rectangle,16PT C2S,No Coating,Silk,n/a,4/0,2500,Score in Half,No Gift Cards Slits,Yes 2500 Envelopes A6
Majestic,Silk,6 x 9,Horizontal,Rectangle,16PT C2S,No Coating,Silk,n/a,4/1,2500,Score in Half,No Gift Cards Slits,Yes 2500 Envelopes A6
Majestic,Silk,6 x 9,Vertical,Rectangle,16PT C2S,No Coating,Silk,n/a,4/1,2500,Score in Half,No Gift Cards Slits,Yes 2500 Envelopes A6
Majestic,Silk,6 x 9,Horizontal,Rectangle,16PT C2S,No Coating,Silk,n/a,4/4,2500,Score in Half,No Gift Cards Slits,Yes 2500 Envelopes A6
Majestic,Silk,6 x 9,Vertical,Rectangle,16PT C2S,No Coating,Silk,n/a,4/4,2500,Score in Half,No Gift Cards Slits,Yes 2500 Envelopes A6
Majestic,Silk,6 x 9,Horizontal,Rectangle,16PT C2S,No Coating,Silk,n/a,4/0,5000,Score in Half,No Gift Cards Slits,Yes 2500 Envelopes A6
Majestic,Silk,6 x 9,Vertical,Rectangle,16PT C2S,No Coating,Silk,n/a,4/0,5000,Score in Half,No Gift Cards Slits,Yes 2500 Envelopes A6
Majestic,Silk,6 x 9,Horizontal,Rectangle,16PT C2S,No Coating,Silk,n/a,4/1,5000,Score in Half,No Gift Cards Slits,Yes 2500 Envelopes A6
Majestic,Silk,6 x 9,Vertical,Rectangle,16PT C2S,No Coating,Silk,n/a,4/1,5000,Score in Half,No Gift Cards Slits,Yes 2500 Envelopes A6
Majestic,Silk,6 x 9,Horizontal,Rectangle,16PT C2S,No Coating,Silk,n/a,4/4,5000,Score in Half,No Gift Cards Slits,Yes 2500 Envelopes A6
Majestic,Silk,6 x 9,Vertical,Rectangle,16PT C2S,No Coating,Silk,n/a,4/4,5000,Score in Half,No Gift Cards Slits,Yes 2500 Envelopes A6
Majestic,Silk,6 x 9,Horizontal,Rectangle,16PT C2S,No Coating,Silk,n/a,4/0,10000,Score in Half,No Gift Cards Slits,Yes 2500 Envelopes A6
Majestic,Silk,6 x 9,Horizontal,Rectangle,16PT C2S,No Coating,Silk,n/a,4/1,10000,Score in Half,No Gift Cards Slits,Yes 2500 Envelopes A6
Majestic,Silk,6 x 9,Vertical,Rectangle,16PT C2S,No Coating,Silk,n/a,4/0,10000,Score in Half,No Gift Cards Slits,Yes 2500 Envelopes A6
Majestic,Silk,6 x 9,Vertical,Rectangle,16PT C2S,No Coating,Silk,n/a,4/1,10000,Score in Half,No Gift Cards Slits,Yes 2500 Envelopes A6
Majestic,Silk,6 x 9,Horizontal,Rectangle,16PT C2S,No Coating,Silk,n/a,4/4,10000,Score in Half,No Gift Cards Slits,Yes 2500 Envelopes A6
Majestic,Silk,6 x 9,Vertical,Rectangle,16PT C2S,No Coating,Silk,n/a,4/4,10000,Score in Half,No Gift Cards Slits,Yes 2500 Envelopes A6
Majestic,Silk,6 x 9,Horizontal,Rectangle,16PT C2S,No Coating,Silk,n/a,4/0,25,Score in Half,Slide Slits Bottom Panel,Yes 2500 Envelopes A6
Majestic,Silk,6 x 9,Vertical,Rectangle,16PT C2S,No Coating,Silk,n/a,4/0,25,Score in Half,Slide Slits Bottom Panel,Yes 2500 Envelopes A6
Majestic,Silk,6 x 9,Horizontal,Rectangle,16PT C2S,No Coating,Silk,n/a,4/1,25,Score in Half,Slide Slits Bottom Panel,Yes 2500 Envelopes A6
Majestic,Silk,6 x 9,Vertical,Rectangle,16PT C2S,No Coating,Silk,n/a,4/1,25,Score in Half,Slide Slits Bottom Panel,Yes 2500 Envelopes A6
Majestic,Silk,6 x 9,Horizontal,Rectangle,16PT C2S,No Coating,Silk,n/a,4/4,25,Score in Half,Slide Slits Bottom Panel,Yes 2500 Envelopes A6
Majestic,Silk,6 x 9,Vertical,Rectangle,16PT C2S,No Coating,Silk,n/a,4/4,25,Score in Half,Slide Slits Bottom Panel,Yes 2500 Envelopes A6
Majestic,Silk,6 x 9,Horizontal,Rectangle,16PT C2S,No Coating,Silk,n/a,4/0,50,Score in Half,Slide Slits Bottom Panel,Yes 2500 Envelopes A6
Majestic,Silk,6 x 9,Vertical,Rectangle,16PT C2S,No Coating,Silk,n/a,4/0,50,Score in Half,Slide Slits Bottom Panel,Yes 2500 Envelopes A6
Majestic,Silk,6 x 9,Horizontal,Rectangle,16PT C2S,No Coating,Silk,n/a,4/1,25,Score in Half,Moon Slits Right Panel,Yes 1000 Envelopes A6
Majestic,Silk,6 x 9,Vertical,Rectangle,16PT C2S,No Coating,Silk,n/a,4/1,50,Score in Half,Slide Slits Bottom Panel,Yes 2500 Envelopes A6
Majestic,Silk,6 x 9,Horizontal,Rectangle,16PT C2S,No Coating,Silk,n/a,4/4,50,Score in Half,Slide Slits Bottom Panel,Yes 2500 Envelopes A6
Majestic,Silk,6 x 9,Vertical,Rectangle,16PT C2S,No Coating,Silk,n/a,4/4,50,Score in Half,Slide Slits Bottom Panel,Yes 2500 Envelopes A6
Majestic,Silk,6 x 9,Vertical,Rectangle,16PT C2S,No Coating,Silk,n/a,4/0,75,Score in Half,Slide Slits Bottom Panel,Yes 2500 Envelopes A6
Majestic,Silk,6 x 9,Horizontal,Rectangle,16PT C2S,No Coating,Silk,n/a,4/0,75,Score in Half,Slide Slits Bottom Panel,Yes 2500 Envelopes A6
Majestic,Silk,6 x 9,Horizontal,Rectangle,16PT C2S,No Coating,Silk,n/a,4/1,75,Score in Half,Slide Slits Bottom Panel,Yes 2500 Envelopes A6
Majestic,Silk,6 x 9,Vertical,Rectangle,16PT C2S,No Coating,Silk,n/a,4/1,75,Score in Half,Slide Slits Bottom Panel,Yes 2500 Envelopes A6
Majestic,Silk,6 x 9,Vertical,Rectangle,16PT C2S,No Coating,Silk,n/a,4/4,75,Score in Half,Slide Slits Bottom Panel,Yes 2500 Envelopes A6
Majestic,Silk,6 x 9,Horizontal,Rectangle,16PT C2S,No Coating,Silk,n/a,4/0,100,Score in Half,Slide Slits Bottom Panel,Yes 2500 Envelopes A6
Majestic,Silk,6 x 9,Horizontal,Rectangle,16PT C2S,No Coating,Silk,n/a,4/4,75,Score in Half,Slide Slits Bottom Panel,Yes 2500 Envelopes A6
Majestic,Silk,6 x 9,Vertical,Rectangle,16PT C2S,No Coating,Silk,n/a,4/0,100,Score in Half,Slide Slits Bottom Panel,Yes 2500 Envelopes A6
Majestic,Silk,6 x 9,Horizontal,Rectangle,16PT C2S,No Coating,Silk,n/a,4/1,100,Score in Half,Slide Slits Bottom Panel,Yes 2500 Envelopes A6
Majestic,Silk,6 x 9,Vertical,Rectangle,16PT C2S,No Coating,Silk,n/a,4/1,100,Score in Half,Slide Slits Bottom Panel,Yes 2500 Envelopes A6
Majestic,Silk,6 x 9,Horizontal,Rectangle,16PT C2S,No Coating,Silk,n/a,4/4,100,Score in Half,Slide Slits Bottom Panel,Yes 2500 Envelopes A6
Majestic,Silk,6 x 9,Vertical,Rectangle,16PT C2S,No Coating,Silk,n/a,4/4,100,Score in Half,Slide Slits Bottom Panel,Yes 2500 Envelopes A6
Majestic,Silk,6 x 9,Horizontal,Rectangle,16PT C2S,No Coating,Silk,n/a,4/0,250,Score in Half,Slide Slits Bottom Panel,Yes 2500 Envelopes A6
Majestic,Silk,6 x 9,Vertical,Rectangle,16PT C2S,No Coating,Silk,n/a,4/0,250,Score in Half,Slide Slits Bottom Panel,Yes 2500 Envelopes A6
Majestic,Silk,6 x 9,Horizontal,Rectangle,16PT C2S,No Coating,Silk,n/a,4/1,250,Score in Half,Slide Slits Bottom Panel,Yes 2500 Envelopes A6
Majestic,Silk,6 x 9,Vertical,Rectangle,16PT C2S,No Coating,Silk,n/a,4/1,250,Score in Half,Slide Slits Bottom Panel,Yes 2500 Envelopes A6
Majestic,Silk,6 x 9,Horizontal,Rectangle,16PT C2S,No Coating,Silk,n/a,4/4,250,Score in Half,Slide Slits Bottom Panel,Yes 2500 Envelopes A6
Majestic,Silk,6 x 9,Vertical,Rectangle,16PT C2S,No Coating,Silk,n/a,4/4,250,Score in Half,Slide Slits Bottom Panel,Yes 2500 Envelopes A6
Majestic,Silk,6 x 9,Vertical,Rectangle,16PT C2S,No Coating,Silk,n/a,4/0,500,Score in Half,Slide Slits Bottom Panel,Yes 2500 Envelopes A6
Majestic,Silk,6 x 9,Horizontal,Rectangle,16PT C2S,No Coating,Silk,n/a,4/0,500,Score in Half,Slide Slits Bottom Panel,Yes 2500 Envelopes A6
Majestic,Silk,6 x 9,Horizontal,Rectangle,16PT C2S,No Coating,Silk,n/a,4/1,500,Score in Half,Slide Slits Bottom Panel,Yes 2500 Envelopes A6
Majestic,Silk,6 x 9,Vertical,Rectangle,16PT C2S,No Coating,Silk,n/a,4/1,500,Score in Half,Slide Slits Bottom Panel,Yes 2500 Envelopes A6
Majestic,Silk,6 x 9,Horizontal,Rectangle,16PT C2S,No Coating,Silk,n/a,4/4,500,Score in Half,Slide Slits Bottom Panel,Yes 2500 Envelopes A6
Majestic,Silk,6 x 9,Vertical,Rectangle,16PT C2S,No Coating,Silk,n/a,4/4,500,Score in Half,Slide Slits Bottom Panel,Yes 2500 Envelopes A6
Majestic,Silk,6 x 9,Horizontal,Rectangle,16PT C2S,No Coating,Silk,n/a,4/0,1000,Score in Half,Slide Slits Bottom Panel,Yes 2500 Envelopes A6
Majestic,Silk,6 x 9,Vertical,Rectangle,16PT C2S,No Coating,Silk,n/a,4/0,1000,Score in Half,Slide Slits Bottom Panel,Yes 2500 Envelopes A6
Majestic,Silk,6 x 9,Horizontal,Rectangle,16PT C2S,No Coating,Silk,n/a,4/1,1000,Score in Half,Slide Slits Bottom Panel,Yes 2500 Envelopes A6
Majestic,Silk,6 x 9,Horizontal,Rectangle,16PT C2S,No Coating,Silk,n/a,4/4,1000,Score in Half,Slide Slits Bottom Panel,Yes 2500 Envelopes A6
Majestic,Silk,6 x 9,Vertical,Rectangle,16PT C2S,No Coating,Silk,n/a,4/1,1000,Score in Half,Slide Slits Bottom Panel,Yes 2500 Envelopes A6
Majestic,Silk,6 x 9,Vertical,Rectangle,16PT C2S,No Coating,Silk,n/a,4/4,1000,Score in Half,Slide Slits Bottom Panel,Yes 2500 Envelopes A6
Majestic,Silk,6 x 9,Horizontal,Rectangle,16PT C2S,No Coating,Silk,n/a,4/0,2500,Score in Half,Slide Slits Bottom Panel,Yes 2500 Envelopes A6
Majestic,Silk,6 x 9,Horizontal,Rectangle,16PT C2S,No Coating,Silk,n/a,4/1,2500,Score in Half,Slide Slits Bottom Panel,Yes 2500 Envelopes A6
Majestic,Silk,6 x 9,Vertical,Rectangle,16PT C2S,No Coating,Silk,n/a,4/1,2500,Score in Half,Slide Slits Bottom Panel,Yes 2500 Envelopes A6
Majestic,Silk,6 x 9,Vertical,Rectangle,16PT C2S,No Coating,Silk,n/a,4/0,2500,Score in Half,Slide Slits Bottom Panel,Yes 2500 Envelopes A6
Majestic,Silk,6 x 9,Horizontal,Rectangle,16PT C2S,No Coating,Silk,n/a,4/4,2500,Score in Half,Slide Slits Bottom Panel,Yes 2500 Envelopes A6
Majestic,Silk,6 x 9,Vertical,Rectangle,16PT C2S,No Coating,Silk,n/a,4/4,2500,Score in Half,Slide Slits Bottom Panel,Yes 2500 Envelopes A6
Majestic,Silk,6 x 9,Horizontal,Rectangle,16PT C2S,No Coating,Silk,n/a,4/0,5000,Score in Half,Slide Slits Bottom Panel,Yes 2500 Envelopes A6
Majestic,Silk,6 x 9,Vertical,Rectangle,16PT C2S,No Coating,Silk,n/a,4/0,5000,Score in Half,Slide Slits Bottom Panel,Yes 2500 Envelopes A6
Majestic,Silk,6 x 9,Horizontal,Rectangle,16PT C2S,No Coating,Silk,n/a,4/1,5000,Score in Half,Slide Slits Bottom Panel,Yes 2500 Envelopes A6
Majestic,Silk,6 x 9,Vertical,Rectangle,16PT C2S,No Coating,Silk,n/a,4/1,5000,Score in Half,Slide Slits Bottom Panel,Yes 2500 Envelopes A6
Majestic,Silk,6 x 9,Horizontal,Rectangle,16PT C2S,No Coating,Silk,n/a,4/4,5000,Score in Half,Slide Slits Bottom Panel,Yes 2500 Envelopes A6
Majestic,Silk,6 x 9,Vertical,Rectangle,16PT C2S,No Coating,Silk,n/a,4/4,5000,Score in Half,Slide Slits Bottom Panel,Yes 2500 Envelopes A6
Majestic,Silk,6 x 9,Horizontal,Rectangle,16PT C2S,No Coating,Silk,n/a,4/0,10000,Score in Half,Slide Slits Bottom Panel,Yes 2500 Envelopes A6
Majestic,Silk,6 x 9,Vertical,Rectangle,16PT C2S,No Coating,Silk,n/a,4/0,10000,Score in Half,Slide Slits Bottom Panel,Yes 2500 Envelopes A6
Majestic,Silk,6 x 9,Horizontal,Rectangle,16PT C2S,No Coating,Silk,n/a,4/1,10000,Score in Half,Slide Slits Bottom Panel,Yes 2500 Envelopes A6
Majestic,Silk,6 x 9,Vertical,Rectangle,16PT C2S,No Coating,Silk,n/a,4/1,10000,Score in Half,Slide Slits Bottom Panel,Yes 2500 Envelopes A6
Majestic,Silk,6 x 9,Horizontal,Rectangle,16PT C2S,No Coating,Silk,n/a,4/4,10000,Score in Half,Slide Slits Bottom Panel,Yes 2500 Envelopes A6
Majestic,Silk,6 x 9,Vertical,Rectangle,16PT C2S,No Coating,Silk,n/a,4/4,10000,Score in Half,Slide Slits Bottom Panel,Yes 2500 Envelopes A6
Majestic,Silk,6 x 9,Horizontal,Rectangle,16PT C2S,No Coating,Silk,n/a,4/0,25,Score in Half,Slide Slits Right Panel,Yes 2500 Envelopes A6
Majestic,Silk,6 x 9,Vertical,Rectangle,16PT C2S,No Coating,Silk,n/a,4/0,25,Score in Half,Slide Slits Right Panel,Yes 2500 Envelopes A6
Majestic,Silk,6 x 9,Horizontal,Rectangle,16PT C2S,No Coating,Silk,n/a,4/1,25,Score in Half,Slide Slits Right Panel,Yes 2500 Envelopes A6
Majestic,Silk,6 x 9,Vertical,Rectangle,16PT C2S,No Coating,Silk,n/a,4/1,25,Score in Half,Slide Slits Right Panel,Yes 2500 Envelopes A6
Majestic,Silk,6 x 9,Horizontal,Rectangle,16PT C2S,No Coating,Silk,n/a,4/4,25,Score in Half,Slide Slits Right Panel,Yes 2500 Envelopes A6
Majestic,Silk,6 x 9,Vertical,Rectangle,16PT C2S,No Coating,Silk,n/a,4/4,25,Score in Half,Slide Slits Right Panel,Yes 2500 Envelopes A6
Majestic,Silk,6 x 9,Horizontal,Rectangle,16PT C2S,No Coating,Silk,n/a,4/0,50,Score in Half,Slide Slits Right Panel,Yes 2500 Envelopes A6
Majestic,Silk,6 x 9,Vertical,Rectangle,16PT C2S,No Coating,Silk,n/a,4/0,50,Score in Half,Slide Slits Right Panel,Yes 2500 Envelopes A6
Majestic,Silk,6 x 9,Horizontal,Rectangle,16PT C2S,No Coating,Silk,n/a,4/1,50,Score in Half,Slide Slits Right Panel,Yes 2500 Envelopes A6
Majestic,Silk,6 x 9,Vertical,Rectangle,16PT C2S,No Coating,Silk,n/a,4/1,50,Score in Half,Slide Slits Right Panel,Yes 2500 Envelopes A6
Majestic,Silk,6 x 9,Horizontal,Rectangle,16PT C2S,No Coating,Silk,n/a,4/4,50,Score in Half,Slide Slits Right Panel,Yes 2500 Envelopes A6
Majestic,Silk,6 x 9,Vertical,Rectangle,16PT C2S,No Coating,Silk,n/a,4/4,50,Score in Half,Slide Slits Right Panel,Yes 2500 Envelopes A6
Majestic,Silk,6 x 9,Horizontal,Rectangle,16PT C2S,No Coating,Silk,n/a,4/0,75,Score in Half,Slide Slits Right Panel,Yes 2500 Envelopes A6
Majestic,Silk,6 x 9,Vertical,Rectangle,16PT C2S,No Coating,Silk,n/a,4/0,75,Score in Half,Slide Slits Right Panel,Yes 2500 Envelopes A6
Majestic,Silk,6 x 9,Horizontal,Rectangle,16PT C2S,No Coating,Silk,n/a,4/1,75,Score in Half,Slide Slits Right Panel,Yes 2500 Envelopes A6
Majestic,Silk,6 x 9,Vertical,Rectangle,16PT C2S,No Coating,Silk,n/a,4/1,75,Score in Half,Slide Slits Right Panel,Yes 2500 Envelopes A6
Majestic,Silk,6 x 9,Horizontal,Rectangle,16PT C2S,No Coating,Silk,n/a,4/4,75,Score in Half,Slide Slits Right Panel,Yes 2500 Envelopes A6
Majestic,Silk,6 x 9,Vertical,Rectangle,16PT C2S,No Coating,Silk,n/a,4/4,75,Score in Half,Slide Slits Right Panel,Yes 2500 Envelopes A6
Majestic,Silk,6 x 9,Horizontal,Rectangle,16PT C2S,No Coating,Silk,n/a,4/0,100,Score in Half,Slide Slits Right Panel,Yes 2500 Envelopes A6
Majestic,Silk,6 x 9,Vertical,Rectangle,16PT C2S,No Coating,Silk,n/a,4/0,100,Score in Half,Slide Slits Right Panel,Yes 2500 Envelopes A6
Majestic,Silk,6 x 9,Horizontal,Rectangle,16PT C2S,No Coating,Silk,n/a,4/1,100,Score in Half,Slide Slits Right Panel,Yes 2500 Envelopes A6
Majestic,Silk,6 x 9,Vertical,Rectangle,16PT C2S,No Coating,Silk,n/a,4/1,100,Score in Half,Slide Slits Right Panel,Yes 2500 Envelopes A6
Majestic,Silk,6 x 9,Horizontal,Rectangle,16PT C2S,No Coating,Silk,n/a,4/4,100,Score in Half,Slide Slits Right Panel,Yes 2500 Envelopes A6
Majestic,Silk,6 x 9,Vertical,Rectangle,16PT C2S,No Coating,Silk,n/a,4/4,100,Score in Half,Slide Slits Right Panel,Yes 2500 Envelopes A6
Majestic,Silk,6 x 9,Horizontal,Rectangle,16PT C2S,No Coating,Silk,n/a,4/0,250,Score in Half,Slide Slits Right Panel,Yes 2500 Envelopes A6
Majestic,Silk,6 x 9,Vertical,Rectangle,16PT C2S,No Coating,Silk,n/a,4/0,250,Score in Half,Slide Slits Right Panel,Yes 2500 Envelopes A6
Majestic,Silk,6 x 9,Horizontal,Rectangle,16PT C2S,No Coating,Silk,n/a,4/1,250,Score in Half,Slide Slits Right Panel,Yes 2500 Envelopes A6
Majestic,Silk,6 x 9,Vertical,Rectangle,16PT C2S,No Coating,Silk,n/a,4/1,250,Score in Half,Slide Slits Right Panel,Yes 2500 Envelopes A6
Majestic,Silk,6 x 9,Horizontal,Rectangle,16PT C2S,No Coating,Silk,n/a,4/4,250,Score in Half,Slide Slits Right Panel,Yes 2500 Envelopes A6
Majestic,Silk,6 x 9,Vertical,Rectangle,16PT C2S,No Coating,Silk,n/a,4/4,250,Score in Half,Slide Slits Right Panel,Yes 2500 Envelopes A6
Majestic,Silk,6 x 9,Horizontal,Rectangle,16PT C2S,No Coating,Silk,n/a,4/0,500,Score in Half,Slide Slits Right Panel,Yes 2500 Envelopes A6
Majestic,Silk,6 x 9,Vertical,Rectangle,16PT C2S,No Coating,Silk,n/a,4/0,500,Score in Half,Slide Slits Right Panel,Yes 2500 Envelopes A6
Majestic,Silk,6 x 9,Horizontal,Rectangle,16PT C2S,No Coating,Silk,n/a,4/1,500,Score in Half,Slide Slits Right Panel,Yes 2500 Envelopes A6
Majestic,Silk,6 x 9,Vertical,Rectangle,16PT C2S,No Coating,Silk,n/a,4/1,500,Score in Half,Slide Slits Right Panel,Yes 2500 Envelopes A6
Majestic,Silk,6 x 9,Horizontal,Rectangle,16PT C2S,No Coating,Silk,n/a,4/4,500,Score in Half,Slide Slits Right Panel,Yes 2500 Envelopes A6
Majestic,Silk,6 x 9,Vertical,Rectangle,16PT C2S,No Coating,Silk,n/a,4/4,500,Score in Half,Slide Slits Right Panel,Yes 2500 Envelopes A6
Majestic,Silk,6 x 9,Horizontal,Rectangle,16PT C2S,No Coating,Silk,n/a,4/0,1000,Score in Half,Slide Slits Right Panel,Yes 2500 Envelopes A6
Majestic,Silk,6 x 9,Vertical,Rectangle,16PT C2S,No Coating,Silk,n/a,4/0,1000,Score in Half,Slide Slits Right Panel,Yes 2500 Envelopes A6
Majestic,Silk,6 x 9,Horizontal,Rectangle,16PT C2S,No Coating,Silk,n/a,4/1,1000,Score in Half,Slide Slits Right Panel,Yes 2500 Envelopes A6
Majestic,Silk,6 x 9,Vertical,Rectangle,16PT C2S,No Coating,Silk,n/a,4/1,1000,Score in Half,Slide Slits Right Panel,Yes 2500 Envelopes A6
Majestic,Silk,6 x 9,Vertical,Rectangle,16PT C2S,No Coating,Silk,n/a,4/4,1000,Score in Half,Slide Slits Right Panel,Yes 2500 Envelopes A6
Majestic,Silk,6 x 9,Horizontal,Rectangle,16PT C2S,No Coating,Silk,n/a,4/4,1000,Score in Half,Slide Slits Right Panel,Yes 2500 Envelopes A6
Majestic,Silk,6 x 9,Horizontal,Rectangle,16PT C2S,No Coating,Silk,n/a,4/0,2500,Score in Half,Slide Slits Right Panel,Yes 2500 Envelopes A6
Majestic,Silk,6 x 9,Vertical,Rectangle,16PT C2S,No Coating,Silk,n/a,4/1,2500,Score in Half,Slide Slits Right Panel,Yes 2500 Envelopes A6
Majestic,Silk,6 x 9,Horizontal,Rectangle,16PT C2S,No Coating,Silk,n/a,4/1,2500,Score in Half,Slide Slits Right Panel,Yes 2500 Envelopes A6
Majestic,Silk,6 x 9,Horizontal,Rectangle,16PT C2S,No Coating,Silk,n/a,4/4,2500,Score in Half,Slide Slits Right Panel,Yes 2500 Envelopes A6
Majestic,Silk,6 x 9,Vertical,Rectangle,16PT C2S,No Coating,Silk,n/a,4/4,2500,Score in Half,Slide Slits Right Panel,Yes 2500 Envelopes A6
Majestic,Silk,6 x 9,Vertical,Rectangle,16PT C2S,No Coating,Silk,n/a,4/0,2500,Score in Half,Slide Slits Right Panel,Yes 2500 Envelopes A6
Majestic,Silk,6 x 9,Horizontal,Rectangle,16PT C2S,No Coating,Silk,n/a,4/0,5000,Score in Half,Slide Slits Right Panel,Yes 2500 Envelopes A6
Majestic,Silk,6 x 9,Vertical,Rectangle,16PT C2S,No Coating,Silk,n/a,4/0,5000,Score in Half,Slide Slits Right Panel,Yes 2500 Envelopes A6
Majestic,Silk,6 x 9,Horizontal,Rectangle,16PT C2S,No Coating,Silk,n/a,4/1,5000,Score in Half,Slide Slits Right Panel,Yes 2500 Envelopes A6
Majestic,Silk,6 x 9,Horizontal,Rectangle,16PT C2S,No Coating,Silk,n/a,4/4,5000,Score in Half,Slide Slits Right Panel,Yes 2500 Envelopes A6
Majestic,Silk,6 x 9,Vertical,Rectangle,16PT C2S,No Coating,Silk,n/a,4/1,5000,Score in Half,Slide Slits Right Panel,Yes 2500 Envelopes A6
Majestic,Silk,6 x 9,Vertical,Rectangle,16PT C2S,No Coating,Silk,n/a,4/4,5000,Score in Half,Slide Slits Right Panel,Yes 2500 Envelopes A6
Majestic,Silk,6 x 9,Horizontal,Rectangle,16PT C2S,No Coating,Silk,n/a,4/0,10000,Score in Half,Slide Slits Right Panel,Yes 2500 Envelopes A6
Majestic,Silk,6 x 9,Vertical,Rectangle,16PT C2S,No Coating,Silk,n/a,4/0,10000,Score in Half,Slide Slits Right Panel,Yes 2500 Envelopes A6
Majestic,Silk,6 x 9,Vertical,Rectangle,16PT C2S,No Coating,Silk,n/a,4/1,10000,Score in Half,Slide Slits Right Panel,Yes 2500 Envelopes A6
Majestic,Silk,6 x 9,Horizontal,Rectangle,16PT C2S,No Coating,Silk,n/a,4/1,10000,Score in Half,Slide Slits Right Panel,Yes 2500 Envelopes A6
Majestic,Silk,6 x 9,Horizontal,Rectangle,16PT C2S,No Coating,Silk,n/a,4/4,10000,Score in Half,Slide Slits Right Panel,Yes 2500 Envelopes A6
Majestic,Silk,6 x 9,Vertical,Rectangle,16PT C2S,No Coating,Silk,n/a,4/4,10000,Score in Half,Slide Slits Right Panel,Yes 2500 Envelopes A6
Majestic,Silk,6 x 9,Horizontal,Rectangle,16PT C2S,No Coating,Silk,n/a,4/0,25,Score in Half,Moon Slits Bottom Panel,Yes 5000 Envelopes A6
Majestic,Silk,6 x 9,Vertical,Rectangle,16PT C2S,No Coating,Silk,n/a,4/0,25,Score in Half,Moon Slits Bottom Panel,Yes 5000 Envelopes A6
Majestic,Silk,6 x 9,Horizontal,Rectangle,16PT C2S,No Coating,Silk,n/a,4/1,25,Score in Half,Moon Slits Bottom Panel,Yes 5000 Envelopes A6
Majestic,Silk,6 x 9,Vertical,Rectangle,16PT C2S,No Coating,Silk,n/a,4/1,25,Score in Half,Moon Slits Bottom Panel,Yes 5000 Envelopes A6
Majestic,Silk,6 x 9,Horizontal,Rectangle,16PT C2S,No Coating,Silk,n/a,4/4,25,Score in Half,Moon Slits Bottom Panel,Yes 5000 Envelopes A6
Majestic,Silk,6 x 9,Vertical,Rectangle,16PT C2S,No Coating,Silk,n/a,4/4,25,Score in Half,Moon Slits Bottom Panel,Yes 5000 Envelopes A6
Majestic,Silk,6 x 9,Horizontal,Rectangle,16PT C2S,No Coating,Silk,n/a,4/0,50,Score in Half,Moon Slits Bottom Panel,Yes 5000 Envelopes A6
Majestic,Silk,6 x 9,Vertical,Rectangle,16PT C2S,No Coating,Silk,n/a,4/0,50,Score in Half,Moon Slits Bottom Panel,Yes 5000 Envelopes A6
Majestic,Silk,6 x 9,Horizontal,Rectangle,16PT C2S,No Coating,Silk,n/a,4/1,50,Score in Half,Moon Slits Bottom Panel,Yes 5000 Envelopes A6
Majestic,Silk,6 x 9,Horizontal,Rectangle,16PT C2S,No Coating,Silk,n/a,4/4,50,Score in Half,Moon Slits Bottom Panel,Yes 5000 Envelopes A6
Majestic,Silk,6 x 9,Vertical,Rectangle,16PT C2S,No Coating,Silk,n/a,4/1,50,Score in Half,Moon Slits Bottom Panel,Yes 5000 Envelopes A6
Majestic,Silk,6 x 9,Vertical,Rectangle,16PT C2S,No Coating,Silk,n/a,4/4,50,Score in Half,Moon Slits Bottom Panel,Yes 5000 Envelopes A6
Majestic,Silk,6 x 9,Vertical,Rectangle,16PT C2S,No Coating,Silk,n/a,4/1,100,Score in Half,Slide Slits Bottom Panel,Yes 1000 Envelopes A6
Majestic,Silk,6 x 9,Vertical,Rectangle,16PT C2S,No Coating,Silk,n/a,4/0,75,Score in Half,Moon Slits Bottom Panel,Yes 5000 Envelopes A6
Majestic,Silk,6 x 9,Horizontal,Rectangle,16PT C2S,No Coating,Silk,n/a,4/1,75,Score in Half,Moon Slits Bottom Panel,Yes 5000 Envelopes A6
Majestic,Silk,6 x 9,Vertical,Rectangle,16PT C2S,No Coating,Silk,n/a,4/1,75,Score in Half,Moon Slits Bottom Panel,Yes 5000 Envelopes A6
Majestic,Silk,6 x 9,Horizontal,Rectangle,16PT C2S,No Coating,Silk,n/a,4/4,75,Score in Half,Moon Slits Bottom Panel,Yes 5000 Envelopes A6
Majestic,Silk,6 x 9,Vertical,Rectangle,16PT C2S,No Coating,Silk,n/a,4/4,75,Score in Half,Moon Slits Bottom Panel,Yes 5000 Envelopes A6
Majestic,Silk,6 x 9,Horizontal,Rectangle,16PT C2S,No Coating,Silk,n/a,4/0,100,Score in Half,Moon Slits Bottom Panel,Yes 5000 Envelopes A6
Majestic,Silk,6 x 9,Vertical,Rectangle,16PT C2S,No Coating,Silk,n/a,4/0,100,Score in Half,Moon Slits Bottom Panel,Yes 5000 Envelopes A6
Majestic,Silk,6 x 9,Horizontal,Rectangle,16PT C2S,No Coating,Silk,n/a,4/1,100,Score in Half,Moon Slits Bottom Panel,Yes 5000 Envelopes A6
Majestic,Silk,6 x 9,Vertical,Rectangle,16PT C2S,No Coating,Silk,n/a,4/1,100,Score in Half,Moon Slits Bottom Panel,Yes 5000 Envelopes A6
Majestic,Silk,6 x 9,Horizontal,Rectangle,16PT C2S,No Coating,Silk,n/a,4/4,100,Score in Half,Moon Slits Bottom Panel,Yes 5000 Envelopes A6
Majestic,Silk,6 x 9,Horizontal,Rectangle,16PT C2S,No Coating,Silk,n/a,4/0,250,Score in Half,Moon Slits Bottom Panel,Yes 5000 Envelopes A6
Majestic,Silk,6 x 9,Vertical,Rectangle,16PT C2S,No Coating,Silk,n/a,4/4,100,Score in Half,Moon Slits Bottom Panel,Yes 5000 Envelopes A6
Majestic,Silk,6 x 9,Vertical,Rectangle,16PT C2S,No Coating,Silk,n/a,4/0,250,Score in Half,Moon Slits Bottom Panel,Yes 5000 Envelopes A6
Majestic,Silk,6 x 9,Horizontal,Rectangle,16PT C2S,No Coating,Silk,n/a,4/1,250,Score in Half,Moon Slits Bottom Panel,Yes 5000 Envelopes A6
Majestic,Silk,6 x 9,Vertical,Rectangle,16PT C2S,No Coating,Silk,n/a,4/1,250,Score in Half,Moon Slits Bottom Panel,Yes 5000 Envelopes A6
Majestic,Silk,6 x 9,Horizontal,Rectangle,16PT C2S,No Coating,Silk,n/a,4/4,250,Score in Half,Moon Slits Bottom Panel,Yes 5000 Envelopes A6
Majestic,Silk,6 x 9,Vertical,Rectangle,16PT C2S,No Coating,Silk,n/a,4/4,250,Score in Half,Moon Slits Bottom Panel,Yes 5000 Envelopes A6
Majestic,Silk,6 x 9,Horizontal,Rectangle,16PT C2S,No Coating,Silk,n/a,4/0,500,Score in Half,Moon Slits Bottom Panel,Yes 5000 Envelopes A6
Majestic,Silk,6 x 9,Vertical,Rectangle,16PT C2S,No Coating,Silk,n/a,4/0,500,Score in Half,Moon Slits Bottom Panel,Yes 5000 Envelopes A6
Majestic,Silk,6 x 9,Horizontal,Rectangle,16PT C2S,No Coating,Silk,n/a,4/1,500,Score in Half,Moon Slits Bottom Panel,Yes 5000 Envelopes A6
Majestic,Silk,6 x 9,Vertical,Rectangle,16PT C2S,No Coating,Silk,n/a,4/1,500,Score in Half,Moon Slits Bottom Panel,Yes 5000 Envelopes A6
Majestic,Silk,6 x 9,Vertical,Rectangle,16PT C2S,No Coating,Silk,n/a,4/4,500,Score in Half,Moon Slits Bottom Panel,Yes 5000 Envelopes A6
Majestic,Silk,6 x 9,Horizontal,Rectangle,16PT C2S,No Coating,Silk,n/a,4/0,1000,Score in Half,Moon Slits Bottom Panel,Yes 5000 Envelopes A6
Majestic,Silk,6 x 9,Horizontal,Rectangle,16PT C2S,No Coating,Silk,n/a,4/4,500,Score in Half,Moon Slits Bottom Panel,Yes 5000 Envelopes A6
Majestic,Silk,6 x 9,Horizontal,Rectangle,16PT C2S,No Coating,Silk,n/a,4/1,1000,Score in Half,Moon Slits Bottom Panel,Yes 5000 Envelopes A6
Majestic,Silk,6 x 9,Vertical,Rectangle,16PT C2S,No Coating,Silk,n/a,4/0,1000,Score in Half,Moon Slits Bottom Panel,Yes 5000 Envelopes A6
Majestic,Silk,6 x 9,Vertical,Rectangle,16PT C2S,No Coating,Silk,n/a,4/1,1000,Score in Half,Moon Slits Bottom Panel,Yes 5000 Envelopes A6
Majestic,Silk,6 x 9,Horizontal,Rectangle,16PT C2S,No Coating,Silk,n/a,4/4,1000,Score in Half,Moon Slits Bottom Panel,Yes 5000 Envelopes A6
Majestic,Silk,6 x 9,Vertical,Rectangle,16PT C2S,No Coating,Silk,n/a,4/4,1000,Score in Half,Moon Slits Bottom Panel,Yes 5000 Envelopes A6
Majestic,Silk,6 x 9,Horizontal,Rectangle,16PT C2S,No Coating,Silk,n/a,4/0,2500,Score in Half,Moon Slits Bottom Panel,Yes 5000 Envelopes A6
Majestic,Silk,6 x 9,Vertical,Rectangle,16PT C2S,No Coating,Silk,n/a,4/0,2500,Score in Half,Moon Slits Bottom Panel,Yes 5000 Envelopes A6
Majestic,Silk,6 x 9,Horizontal,Rectangle,16PT C2S,No Coating,Silk,n/a,4/1,2500,Score in Half,Moon Slits Bottom Panel,Yes 5000 Envelopes A6
Majestic,Silk,6 x 9,Vertical,Rectangle,16PT C2S,No Coating,Silk,n/a,4/1,2500,Score in Half,Moon Slits Bottom Panel,Yes 5000 Envelopes A6
Majestic,Silk,6 x 9,Horizontal,Rectangle,16PT C2S,No Coating,Silk,n/a,4/4,2500,Score in Half,Moon Slits Bottom Panel,Yes 5000 Envelopes A6
Majestic,Silk,6 x 9,Vertical,Rectangle,16PT C2S,No Coating,Silk,n/a,4/4,2500,Score in Half,Moon Slits Bottom Panel,Yes 5000 Envelopes A6
Majestic,Silk,6 x 9,Horizontal,Rectangle,16PT C2S,No Coating,Silk,n/a,4/0,5000,Score in Half,Moon Slits Bottom Panel,Yes 5000 Envelopes A6
Majestic,Silk,6 x 9,Vertical,Rectangle,16PT C2S,No Coating,Silk,n/a,4/0,5000,Score in Half,Moon Slits Bottom Panel,Yes 5000 Envelopes A6
Majestic,Silk,6 x 9,Horizontal,Rectangle,16PT C2S,No Coating,Silk,n/a,4/1,5000,Score in Half,Moon Slits Bottom Panel,Yes 5000 Envelopes A6
Majestic,Silk,6 x 9,Vertical,Rectangle,16PT C2S,No Coating,Silk,n/a,4/1,5000,Score in Half,Moon Slits Bottom Panel,Yes 5000 Envelopes A6
Majestic,Silk,6 x 9,Horizontal,Rectangle,16PT C2S,No Coating,Silk,n/a,4/4,5000,Score in Half,Moon Slits Bottom Panel,Yes 5000 Envelopes A6
Majestic,Silk,6 x 9,Vertical,Rectangle,16PT C2S,No Coating,Silk,n/a,4/4,5000,Score in Half,Moon Slits Bottom Panel,Yes 5000 Envelopes A6
Majestic,Silk,6 x 9,Horizontal,Rectangle,16PT C2S,No Coating,Silk,n/a,4/0,10000,Score in Half,Moon Slits Bottom Panel,Yes 5000 Envelopes A6
Majestic,Silk,6 x 9,Vertical,Rectangle,16PT C2S,No Coating,Silk,n/a,4/0,10000,Score in Half,Moon Slits Bottom Panel,Yes 5000 Envelopes A6
Majestic,Silk,6 x 9,Horizontal,Rectangle,16PT C2S,No Coating,Silk,n/a,4/1,10000,Score in Half,Moon Slits Bottom Panel,Yes 5000 Envelopes A6
Majestic,Silk,6 x 9,Vertical,Rectangle,16PT C2S,No Coating,Silk,n/a,4/1,10000,Score in Half,Moon Slits Bottom Panel,Yes 5000 Envelopes A6
Majestic,Silk,6 x 9,Horizontal,Rectangle,16PT C2S,No Coating,Silk,n/a,4/4,10000,Score in Half,Moon Slits Bottom Panel,Yes 5000 Envelopes A6
Majestic,Silk,6 x 9,Vertical,Rectangle,16PT C2S,No Coating,Silk,n/a,4/4,10000,Score in Half,Moon Slits Bottom Panel,Yes 5000 Envelopes A6
Majestic,Silk,6 x 9,Horizontal,Rectangle,16PT C2S,No Coating,Silk,n/a,4/0,25,Score in Half,Moon Slits Right Panel,Yes 5000 Envelopes A6
Majestic,Silk,6 x 9,Vertical,Rectangle,16PT C2S,No Coating,Silk,n/a,4/0,25,Score in Half,Moon Slits Right Panel,Yes 5000 Envelopes A6
Majestic,Silk,6 x 9,Horizontal,Rectangle,16PT C2S,No Coating,Silk,n/a,4/1,25,Score in Half,Moon Slits Right Panel,Yes 5000 Envelopes A6
Majestic,Silk,6 x 9,Vertical,Rectangle,16PT C2S,No Coating,Silk,n/a,4/1,25,Score in Half,Moon Slits Right Panel,Yes 5000 Envelopes A6
Majestic,Silk,6 x 9,Horizontal,Rectangle,16PT C2S,No Coating,Silk,n/a,4/4,25,Score in Half,Moon Slits Right Panel,Yes 5000 Envelopes A6
Majestic,Silk,6 x 9,Vertical,Rectangle,16PT C2S,No Coating,Silk,n/a,4/4,25,Score in Half,Moon Slits Right Panel,Yes 5000 Envelopes A6
Majestic,Silk,6 x 9,Horizontal,Rectangle,16PT C2S,No Coating,Silk,n/a,4/0,50,Score in Half,Moon Slits Right Panel,Yes 5000 Envelopes A6
Majestic,Silk,6 x 9,Vertical,Rectangle,16PT C2S,No Coating,Silk,n/a,4/0,50,Score in Half,Moon Slits Right Panel,Yes 5000 Envelopes A6
Majestic,Silk,6 x 9,Horizontal,Rectangle,16PT C2S,No Coating,Silk,n/a,4/1,50,Score in Half,Moon Slits Right Panel,Yes 5000 Envelopes A6
Majestic,Silk,6 x 9,Vertical,Rectangle,16PT C2S,No Coating,Silk,n/a,4/1,50,Score in Half,Moon Slits Right Panel,Yes 5000 Envelopes A6
Majestic,Silk,6 x 9,Horizontal,Rectangle,16PT C2S,No Coating,Silk,n/a,4/4,50,Score in Half,Moon Slits Right Panel,Yes 5000 Envelopes A6
Majestic,Silk,6 x 9,Vertical,Rectangle,16PT C2S,No Coating,Silk,n/a,4/4,50,Score in Half,Moon Slits Right Panel,Yes 5000 Envelopes A6
Majestic,Silk,6 x 9,Horizontal,Rectangle,16PT C2S,No Coating,Silk,n/a,4/0,75,Score in Half,Moon Slits Right Panel,Yes 5000 Envelopes A6
Majestic,Silk,6 x 9,Vertical,Rectangle,16PT C2S,No Coating,Silk,n/a,4/0,75,Score in Half,Moon Slits Right Panel,Yes 5000 Envelopes A6
Majestic,Silk,6 x 9,Horizontal,Rectangle,16PT C2S,No Coating,Silk,n/a,4/1,75,Score in Half,Moon Slits Right Panel,Yes 5000 Envelopes A6
Majestic,Silk,6 x 9,Vertical,Rectangle,16PT C2S,No Coating,Silk,n/a,4/1,75,Score in Half,Moon Slits Right Panel,Yes 5000 Envelopes A6
Majestic,Silk,6 x 9,Horizontal,Rectangle,16PT C2S,No Coating,Silk,n/a,4/4,75,Score in Half,Moon Slits Right Panel,Yes 5000 Envelopes A6
Majestic,Silk,6 x 9,Vertical,Rectangle,16PT C2S,No Coating,Silk,n/a,4/4,75,Score in Half,Moon Slits Right Panel,Yes 5000 Envelopes A6
Majestic,Silk,6 x 9,Horizontal,Rectangle,16PT C2S,No Coating,Silk,n/a,4/0,100,Score in Half,Moon Slits Right Panel,Yes 5000 Envelopes A6
Majestic,Silk,6 x 9,Vertical,Rectangle,16PT C2S,No Coating,Silk,n/a,4/0,100,Score in Half,Moon Slits Right Panel,Yes 5000 Envelopes A6
Majestic,Silk,6 x 9,Horizontal,Rectangle,16PT C2S,No Coating,Silk,n/a,4/1,100,Score in Half,Moon Slits Right Panel,Yes 5000 Envelopes A6
Majestic,Silk,6 x 9,Vertical,Rectangle,16PT C2S,No Coating,Silk,n/a,4/1,100,Score in Half,Moon Slits Right Panel,Yes 5000 Envelopes A6
Majestic,Silk,6 x 9,Horizontal,Rectangle,16PT C2S,No Coating,Silk,n/a,4/4,100,Score in Half,Moon Slits Right Panel,Yes 5000 Envelopes A6
Majestic,Silk,6 x 9,Vertical,Rectangle,16PT C2S,No Coating,Silk,n/a,4/4,100,Score in Half,Moon Slits Right Panel,Yes 5000 Envelopes A6
Majestic,Silk,6 x 9,Horizontal,Rectangle,16PT C2S,No Coating,Silk,n/a,4/0,250,Score in Half,Moon Slits Right Panel,Yes 5000 Envelopes A6
Majestic,Silk,6 x 9,Vertical,Rectangle,16PT C2S,No Coating,Silk,n/a,4/0,250,Score in Half,Moon Slits Right Panel,Yes 5000 Envelopes A6
Majestic,Silk,6 x 9,Horizontal,Rectangle,16PT C2S,No Coating,Silk,n/a,4/1,250,Score in Half,Moon Slits Right Panel,Yes 5000 Envelopes A6
Majestic,Silk,6 x 9,Vertical,Rectangle,16PT C2S,No Coating,Silk,n/a,4/1,250,Score in Half,Moon Slits Right Panel,Yes 5000 Envelopes A6
Majestic,Silk,6 x 9,Horizontal,Rectangle,16PT C2S,No Coating,Silk,n/a,4/4,250,Score in Half,Moon Slits Right Panel,Yes 5000 Envelopes A6
Majestic,Silk,6 x 9,Vertical,Rectangle,16PT C2S,No Coating,Silk,n/a,4/4,250,Score in Half,Moon Slits Right Panel,Yes 5000 Envelopes A6
Majestic,Silk,6 x 9,Horizontal,Rectangle,16PT C2S,No Coating,Silk,n/a,4/0,500,Score in Half,Moon Slits Right Panel,Yes 5000 Envelopes A6
Majestic,Silk,6 x 9,Vertical,Rectangle,16PT C2S,No Coating,Silk,n/a,4/0,500,Score in Half,Moon Slits Right Panel,Yes 5000 Envelopes A6
Majestic,Silk,6 x 9,Horizontal,Rectangle,16PT C2S,No Coating,Silk,n/a,4/1,500,Score in Half,Moon Slits Right Panel,Yes 5000 Envelopes A6
Majestic,Silk,6 x 9,Vertical,Rectangle,16PT C2S,No Coating,Silk,n/a,4/1,500,Score in Half,Moon Slits Right Panel,Yes 5000 Envelopes A6
Majestic,Silk,6 x 9,Horizontal,Rectangle,16PT C2S,No Coating,Silk,n/a,4/4,500,Score in Half,Moon Slits Right Panel,Yes 5000 Envelopes A6
Majestic,Silk,6 x 9,Vertical,Rectangle,16PT C2S,No Coating,Silk,n/a,4/4,500,Score in Half,Moon Slits Right Panel,Yes 5000 Envelopes A6
Majestic,Silk,6 x 9,Horizontal,Rectangle,16PT C2S,No Coating,Silk,n/a,4/0,1000,Score in Half,Moon Slits Right Panel,Yes 5000 Envelopes A6
Majestic,Silk,6 x 9,Vertical,Rectangle,16PT C2S,No Coating,Silk,n/a,4/0,1000,Score in Half,Moon Slits Right Panel,Yes 5000 Envelopes A6
Majestic,Silk,6 x 9,Horizontal,Rectangle,16PT C2S,No Coating,Silk,n/a,4/1,1000,Score in Half,Moon Slits Right Panel,Yes 5000 Envelopes A6
Majestic,Silk,6 x 9,Vertical,Rectangle,16PT C2S,No Coating,Silk,n/a,4/1,1000,Score in Half,Moon Slits Right Panel,Yes 5000 Envelopes A6
Majestic,Silk,6 x 9,Horizontal,Rectangle,16PT C2S,No Coating,Silk,n/a,4/4,1000,Score in Half,Moon Slits Right Panel,Yes 5000 Envelopes A6
Majestic,Silk,6 x 9,Vertical,Rectangle,16PT C2S,No Coating,Silk,n/a,4/4,1000,Score in Half,Moon Slits Right Panel,Yes 5000 Envelopes A6
Majestic,Silk,6 x 9,Horizontal,Rectangle,16PT C2S,No Coating,Silk,n/a,4/0,2500,Score in Half,Moon Slits Right Panel,Yes 5000 Envelopes A6
Majestic,Silk,6 x 9,Vertical,Rectangle,16PT C2S,No Coating,Silk,n/a,4/0,2500,Score in Half,Moon Slits Right Panel,Yes 5000 Envelopes A6
Majestic,Silk,6 x 9,Horizontal,Rectangle,16PT C2S,No Coating,Silk,n/a,4/1,2500,Score in Half,Moon Slits Right Panel,Yes 5000 Envelopes A6
Majestic,Silk,6 x 9,Horizontal,Rectangle,16PT C2S,No Coating,Silk,n/a,4/4,2500,Score in Half,Moon Slits Right Panel,Yes 5000 Envelopes A6
Majestic,Silk,6 x 9,Vertical,Rectangle,16PT C2S,No Coating,Silk,n/a,4/1,2500,Score in Half,Moon Slits Right Panel,Yes 5000 Envelopes A6
Majestic,Silk,6 x 9,Vertical,Rectangle,16PT C2S,No Coating,Silk,n/a,4/4,2500,Score in Half,Moon Slits Right Panel,Yes 5000 Envelopes A6
Majestic,Silk,6 x 9,Horizontal,Rectangle,16PT C2S,No Coating,Silk,n/a,4/0,5000,Score in Half,Moon Slits Right Panel,Yes 5000 Envelopes A6
Majestic,Silk,6 x 9,Vertical,Rectangle,16PT C2S,No Coating,Silk,n/a,4/0,5000,Score in Half,Moon Slits Right Panel,Yes 5000 Envelopes A6
Majestic,Silk,6 x 9,Horizontal,Rectangle,16PT C2S,No Coating,Silk,n/a,4/1,5000,Score in Half,Moon Slits Right Panel,Yes 5000 Envelopes A6
Majestic,Silk,6 x 9,Vertical,Rectangle,16PT C2S,No Coating,Silk,n/a,4/1,5000,Score in Half,Moon Slits Right Panel,Yes 5000 Envelopes A6
Majestic,Silk,6 x 9,Horizontal,Rectangle,16PT C2S,No Coating,Silk,n/a,4/4,5000,Score in Half,Moon Slits Right Panel,Yes 5000 Envelopes A6
Majestic,Silk,6 x 9,Vertical,Rectangle,16PT C2S,No Coating,Silk,n/a,4/4,5000,Score in Half,Moon Slits Right Panel,Yes 5000 Envelopes A6
Majestic,Silk,6 x 9,Horizontal,Rectangle,16PT C2S,No Coating,Silk,n/a,4/0,10000,Score in Half,Moon Slits Right Panel,Yes 5000 Envelopes A6
Majestic,Silk,6 x 9,Vertical,Rectangle,16PT C2S,No Coating,Silk,n/a,4/0,10000,Score in Half,Moon Slits Right Panel,Yes 5000 Envelopes A6
Majestic,Silk,6 x 9,Horizontal,Rectangle,16PT C2S,No Coating,Silk,n/a,4/1,10000,Score in Half,Moon Slits Right Panel,Yes 5000 Envelopes A6
Majestic,Silk,6 x 9,Vertical,Rectangle,16PT C2S,No Coating,Silk,n/a,4/1,10000,Score in Half,Moon Slits Right Panel,Yes 5000 Envelopes A6
Majestic,Silk,6 x 9,Horizontal,Rectangle,16PT C2S,No Coating,Silk,n/a,4/4,10000,Score in Half,Moon Slits Right Panel,Yes 5000 Envelopes A6
Majestic,Silk,6 x 9,Vertical,Rectangle,16PT C2S,No Coating,Silk,n/a,4/4,10000,Score in Half,Moon Slits Right Panel,Yes 5000 Envelopes A6
Majestic,Silk,6 x 9,Horizontal,Rectangle,16PT C2S,No Coating,Silk,n/a,4/0,25,Score in Half,No Gift Cards Slits,Yes 5000 Envelopes A6
Majestic,Silk,6 x 9,Vertical,Rectangle,16PT C2S,No Coating,Silk,n/a,4/0,25,Score in Half,No Gift Cards Slits,Yes 5000 Envelopes A6
Majestic,Silk,6 x 9,Horizontal,Rectangle,16PT C2S,No Coating,Silk,n/a,4/1,25,Score in Half,No Gift Cards Slits,Yes 5000 Envelopes A6
Majestic,Silk,6 x 9,Vertical,Rectangle,16PT C2S,No Coating,Silk,n/a,4/1,25,Score in Half,No Gift Cards Slits,Yes 5000 Envelopes A6
Majestic,Silk,6 x 9,Horizontal,Rectangle,16PT C2S,No Coating,Silk,n/a,4/4,25,Score in Half,No Gift Cards Slits,Yes 5000 Envelopes A6
Majestic,Silk,6 x 9,Vertical,Rectangle,16PT C2S,No Coating,Silk,n/a,4/4,25,Score in Half,No Gift Cards Slits,Yes 5000 Envelopes A6
Majestic,Silk,6 x 9,Horizontal,Rectangle,16PT C2S,No Coating,Silk,n/a,4/0,50,Score in Half,No Gift Cards Slits,Yes 5000 Envelopes A6
Majestic,Silk,6 x 9,Vertical,Rectangle,16PT C2S,No Coating,Silk,n/a,4/0,50,Score in Half,No Gift Cards Slits,Yes 5000 Envelopes A6
Majestic,Silk,6 x 9,Vertical,Rectangle,16PT C2S,No Coating,Silk,n/a,4/1,50,Score in Half,No Gift Cards Slits,Yes 5000 Envelopes A6
Majestic,Silk,6 x 9,Horizontal,Rectangle,16PT C2S,No Coating,Silk,n/a,4/4,50,Score in Half,No Gift Cards Slits,Yes 5000 Envelopes A6
Majestic,Silk,6 x 9,Vertical,Rectangle,16PT C2S,No Coating,Silk,n/a,4/4,50,Score in Half,No Gift Cards Slits,Yes 5000 Envelopes A6
Majestic,Silk,6 x 9,Horizontal,Rectangle,16PT C2S,No Coating,Silk,n/a,4/0,75,Score in Half,No Gift Cards Slits,Yes 5000 Envelopes A6
Majestic,Silk,6 x 9,Vertical,Rectangle,16PT C2S,No Coating,Silk,n/a,4/0,75,Score in Half,No Gift Cards Slits,Yes 5000 Envelopes A6
Majestic,Silk,6 x 9,Horizontal,Rectangle,16PT C2S,No Coating,Silk,n/a,4/1,75,Score in Half,No Gift Cards Slits,Yes 5000 Envelopes A6
Majestic,Silk,6 x 9,Vertical,Rectangle,16PT C2S,No Coating,Silk,n/a,4/1,75,Score in Half,No Gift Cards Slits,Yes 5000 Envelopes A6
Majestic,Silk,6 x 9,Horizontal,Rectangle,16PT C2S,No Coating,Silk,n/a,4/4,75,Score in Half,No Gift Cards Slits,Yes 5000 Envelopes A6
Majestic,Silk,6 x 9,Horizontal,Rectangle,16PT C2S,No Coating,Silk,n/a,4/1,50,Score in Half,No Gift Cards Slits,Yes 5000 Envelopes A6
Majestic,Silk,6 x 9,Horizontal,Rectangle,16PT C2S,No Coating,Silk,n/a,4/0,100,Score in Half,No Gift Cards Slits,Yes 5000 Envelopes A6
Majestic,Silk,6 x 9,Vertical,Rectangle,16PT C2S,No Coating,Silk,n/a,4/0,100,Score in Half,No Gift Cards Slits,Yes 5000 Envelopes A6
Majestic,Silk,6 x 9,Vertical,Rectangle,16PT C2S,No Coating,Silk,n/a,4/1,100,Score in Half,No Gift Cards Slits,Yes 5000 Envelopes A6
Majestic,Silk,6 x 9,Vertical,Rectangle,16PT C2S,No Coating,Silk,n/a,4/4,75,Score in Half,No Gift Cards Slits,Yes 5000 Envelopes A6
Majestic,Silk,6 x 9,Vertical,Rectangle,16PT C2S,No Coating,Silk,n/a,4/4,100,Score in Half,No Gift Cards Slits,Yes 5000 Envelopes A6
Majestic,Silk,6 x 9,Horizontal,Rectangle,16PT C2S,No Coating,Silk,n/a,4/1,100,Score in Half,No Gift Cards Slits,Yes 5000 Envelopes A6
Majestic,Silk,6 x 9,Horizontal,Rectangle,16PT C2S,No Coating,Silk,n/a,4/4,100,Score in Half,No Gift Cards Slits,Yes 5000 Envelopes A6
Majestic,Silk,6 x 9,Horizontal,Rectangle,16PT C2S,No Coating,Silk,n/a,4/0,250,Score in Half,No Gift Cards Slits,Yes 5000 Envelopes A6
Majestic,Silk,6 x 9,Vertical,Rectangle,16PT C2S,No Coating,Silk,n/a,4/1,250,Score in Half,No Gift Cards Slits,Yes 5000 Envelopes A6
Majestic,Silk,6 x 9,Horizontal,Rectangle,16PT C2S,No Coating,Silk,n/a,4/4,250,Score in Half,No Gift Cards Slits,Yes 5000 Envelopes A6
Majestic,Silk,6 x 9,Horizontal,Rectangle,16PT C2S,No Coating,Silk,n/a,4/1,250,Score in Half,No Gift Cards Slits,Yes 5000 Envelopes A6
Majestic,Silk,6 x 9,Vertical,Rectangle,16PT C2S,No Coating,Silk,n/a,4/0,250,Score in Half,No Gift Cards Slits,Yes 5000 Envelopes A6
Majestic,Silk,6 x 9,Vertical,Rectangle,16PT C2S,No Coating,Silk,n/a,4/4,250,Score in Half,No Gift Cards Slits,Yes 5000 Envelopes A6
Majestic,Silk,6 x 9,Vertical,Rectangle,16PT C2S,No Coating,Silk,n/a,4/0,500,Score in Half,No Gift Cards Slits,Yes 5000 Envelopes A6
Majestic,Silk,6 x 9,Horizontal,Rectangle,16PT C2S,No Coating,Silk,n/a,4/1,500,Score in Half,No Gift Cards Slits,Yes 5000 Envelopes A6
Majestic,Silk,6 x 9,Horizontal,Rectangle,16PT C2S,No Coating,Silk,n/a,4/0,500,Score in Half,No Gift Cards Slits,Yes 5000 Envelopes A6
Majestic,Silk,6 x 9,Vertical,Rectangle,16PT C2S,No Coating,Silk,n/a,4/1,500,Score in Half,No Gift Cards Slits,Yes 5000 Envelopes A6
Majestic,Silk,6 x 9,Vertical,Rectangle,16PT C2S,No Coating,Silk,n/a,4/4,500,Score in Half,No Gift Cards Slits,Yes 5000 Envelopes A6
Majestic,Silk,6 x 9,Horizontal,Rectangle,16PT C2S,No Coating,Silk,n/a,4/4,500,Score in Half,No Gift Cards Slits,Yes 5000 Envelopes A6
Majestic,Silk,6 x 9,Vertical,Rectangle,16PT C2S,No Coating,Silk,n/a,4/0,1000,Score in Half,No Gift Cards Slits,Yes 5000 Envelopes A6
Majestic,Silk,6 x 9,Horizontal,Rectangle,16PT C2S,No Coating,Silk,n/a,4/0,1000,Score in Half,No Gift Cards Slits,Yes 5000 Envelopes A6
Majestic,Silk,6 x 9,Horizontal,Rectangle,16PT C2S,No Coating,Silk,n/a,4/4,1000,Score in Half,No Gift Cards Slits,Yes 5000 Envelopes A6
Majestic,Silk,6 x 9,Horizontal,Rectangle,16PT C2S,No Coating,Silk,n/a,4/1,1000,Score in Half,No Gift Cards Slits,Yes 5000 Envelopes A6
Majestic,Silk,6 x 9,Horizontal,Rectangle,16PT C2S,No Coating,Silk,n/a,4/0,2500,Score in Half,No Gift Cards Slits,Yes 5000 Envelopes A6
Majestic,Silk,6 x 9,Vertical,Rectangle,16PT C2S,No Coating,Silk,n/a,4/4,1000,Score in Half,No Gift Cards Slits,Yes 5000 Envelopes A6
Majestic,Silk,6 x 9,Vertical,Rectangle,16PT C2S,No Coating,Silk,n/a,4/0,2500,Score in Half,No Gift Cards Slits,Yes 5000 Envelopes A6
Majestic,Silk,6 x 9,Horizontal,Rectangle,16PT C2S,No Coating,Silk,n/a,4/1,2500,Score in Half,No Gift Cards Slits,Yes 5000 Envelopes A6
Majestic,Silk,6 x 9,Vertical,Rectangle,16PT C2S,No Coating,Silk,n/a,4/1,2500,Score in Half,No Gift Cards Slits,Yes 5000 Envelopes A6
Majestic,Silk,6 x 9,Horizontal,Rectangle,16PT C2S,No Coating,Silk,n/a,4/4,2500,Score in Half,No Gift Cards Slits,Yes 5000 Envelopes A6
Majestic,Silk,6 x 9,Vertical,Rectangle,16PT C2S,No Coating,Silk,n/a,4/0,50,Score in Half,No Gift Cards Slits,Yes 2500 Envelopes A6
Majestic,Silk,6 x 9,Horizontal,Rectangle,16PT C2S,No Coating,Silk,n/a,4/0,5000,Score in Half,No Gift Cards Slits,Yes 5000 Envelopes A6
Majestic,Silk,6 x 9,Vertical,Rectangle,16PT C2S,No Coating,Silk,n/a,4/0,5000,Score in Half,No Gift Cards Slits,Yes 5000 Envelopes A6
Majestic,Silk,6 x 9,Horizontal,Rectangle,16PT C2S,No Coating,Silk,n/a,4/1,5000,Score in Half,No Gift Cards Slits,Yes 5000 Envelopes A6
Majestic,Silk,6 x 9,Vertical,Rectangle,16PT C2S,No Coating,Silk,n/a,4/1,1000,Score in Half,No Gift Cards Slits,Yes 5000 Envelopes A6
Majestic,Silk,6 x 9,Vertical,Rectangle,16PT C2S,No Coating,Silk,n/a,4/1,5000,Score in Half,No Gift Cards Slits,Yes 5000 Envelopes A6
Majestic,Silk,6 x 9,Horizontal,Rectangle,16PT C2S,No Coating,Silk,n/a,4/4,5000,Score in Half,No Gift Cards Slits,Yes 5000 Envelopes A6
Majestic,Silk,6 x 9,Vertical,Rectangle,16PT C2S,No Coating,Silk,n/a,4/4,5000,Score in Half,No Gift Cards Slits,Yes 5000 Envelopes A6
Majestic,Silk,6 x 9,Vertical,Rectangle,16PT C2S,No Coating,Silk,n/a,4/0,10000,Score in Half,No Gift Cards Slits,Yes 5000 Envelopes A6
Majestic,Silk,6 x 9,Vertical,Rectangle,16PT C2S,No Coating,Silk,n/a,4/1,10000,Score in Half,No Gift Cards Slits,Yes 5000 Envelopes A6
Majestic,Silk,6 x 9,Horizontal,Rectangle,16PT C2S,No Coating,Silk,n/a,4/1,10000,Score in Half,No Gift Cards Slits,Yes 5000 Envelopes A6
Majestic,Silk,6 x 9,Horizontal,Rectangle,16PT C2S,No Coating,Silk,n/a,4/4,10000,Score in Half,No Gift Cards Slits,Yes 5000 Envelopes A6
Majestic,Silk,6 x 9,Horizontal,Rectangle,16PT C2S,No Coating,Silk,n/a,4/0,10000,Score in Half,No Gift Cards Slits,Yes 5000 Envelopes A6
Majestic,Silk,6 x 9,Vertical,Rectangle,16PT C2S,No Coating,Silk,n/a,4/4,10000,Score in Half,No Gift Cards Slits,Yes 5000 Envelopes A6
Majestic,Silk,6 x 9,Horizontal,Rectangle,16PT C2S,No Coating,Silk,n/a,4/0,25,Score in Half,Slide Slits Bottom Panel,Yes 5000 Envelopes A6
Majestic,Silk,6 x 9,Vertical,Rectangle,16PT C2S,No Coating,Silk,n/a,4/0,25,Score in Half,Slide Slits Bottom Panel,Yes 5000 Envelopes A6
Majestic,Silk,6 x 9,Vertical,Rectangle,16PT C2S,No Coating,Silk,n/a,4/1,25,Score in Half,Slide Slits Bottom Panel,Yes 5000 Envelopes A6
Majestic,Silk,6 x 9,Horizontal,Rectangle,16PT C2S,No Coating,Silk,n/a,4/1,25,Score in Half,Slide Slits Bottom Panel,Yes 5000 Envelopes A6
Majestic,Silk,6 x 9,Horizontal,Rectangle,16PT C2S,No Coating,Silk,n/a,4/4,25,Score in Half,Slide Slits Bottom Panel,Yes 5000 Envelopes A6
Majestic,Silk,6 x 9,Vertical,Rectangle,16PT C2S,No Coating,Silk,n/a,4/4,25,Score in Half,Slide Slits Bottom Panel,Yes 5000 Envelopes A6
Majestic,Silk,6 x 9,Horizontal,Rectangle,16PT C2S,No Coating,Silk,n/a,4/0,50,Score in Half,Slide Slits Bottom Panel,Yes 5000 Envelopes A6
Majestic,Silk,6 x 9,Horizontal,Rectangle,16PT C2S,No Coating,Silk,n/a,4/1,50,Score in Half,Slide Slits Bottom Panel,Yes 5000 Envelopes A6
Majestic,Silk,6 x 9,Vertical,Rectangle,16PT C2S,No Coating,Silk,n/a,4/0,50,Score in Half,Slide Slits Bottom Panel,Yes 5000 Envelopes A6
Majestic,Silk,6 x 9,Vertical,Rectangle,16PT C2S,No Coating,Silk,n/a,4/1,50,Score in Half,Slide Slits Bottom Panel,Yes 5000 Envelopes A6
Majestic,Silk,6 x 9,Horizontal,Rectangle,16PT C2S,No Coating,Silk,n/a,4/4,50,Score in Half,Slide Slits Bottom Panel,Yes 5000 Envelopes A6
Majestic,Silk,6 x 9,Vertical,Rectangle,16PT C2S,No Coating,Silk,n/a,4/4,50,Score in Half,Slide Slits Bottom Panel,Yes 5000 Envelopes A6
Majestic,Silk,6 x 9,Horizontal,Rectangle,16PT C2S,No Coating,Silk,n/a,4/0,75,Score in Half,Slide Slits Bottom Panel,Yes 5000 Envelopes A6
Majestic,Silk,6 x 9,Vertical,Rectangle,16PT C2S,No Coating,Silk,n/a,4/0,75,Score in Half,Slide Slits Bottom Panel,Yes 5000 Envelopes A6
Majestic,Silk,6 x 9,Horizontal,Rectangle,16PT C2S,No Coating,Silk,n/a,4/1,75,Score in Half,Slide Slits Bottom Panel,Yes 5000 Envelopes A6
Majestic,Silk,6 x 9,Vertical,Rectangle,16PT C2S,No Coating,Silk,n/a,4/1,75,Score in Half,Slide Slits Bottom Panel,Yes 5000 Envelopes A6
Majestic,Silk,6 x 9,Vertical,Rectangle,16PT C2S,No Coating,Silk,n/a,4/4,75,Score in Half,Slide Slits Bottom Panel,Yes 5000 Envelopes A6
Majestic,Silk,6 x 9,Horizontal,Rectangle,16PT C2S,No Coating,Silk,n/a,4/4,75,Score in Half,Slide Slits Bottom Panel,Yes 5000 Envelopes A6
Majestic,Silk,6 x 9,Horizontal,Rectangle,16PT C2S,No Coating,Silk,n/a,4/0,100,Score in Half,Slide Slits Bottom Panel,Yes 5000 Envelopes A6
Majestic,Silk,6 x 9,Vertical,Rectangle,16PT C2S,No Coating,Silk,n/a,4/0,100,Score in Half,Slide Slits Bottom Panel,Yes 5000 Envelopes A6
Majestic,Silk,6 x 9,Vertical,Rectangle,16PT C2S,No Coating,Silk,n/a,4/1,100,Score in Half,Slide Slits Bottom Panel,Yes 5000 Envelopes A6
Majestic,Silk,6 x 9,Horizontal,Rectangle,16PT C2S,No Coating,Silk,n/a,4/4,100,Score in Half,Slide Slits Bottom Panel,Yes 5000 Envelopes A6
Majestic,Silk,6 x 9,Horizontal,Rectangle,16PT C2S,No Coating,Silk,n/a,4/1,100,Score in Half,Slide Slits Bottom Panel,Yes 5000 Envelopes A6
Majestic,Silk,6 x 9,Vertical,Rectangle,16PT C2S,No Coating,Silk,n/a,4/4,100,Score in Half,Slide Slits Bottom Panel,Yes 5000 Envelopes A6
Majestic,Silk,6 x 9,Horizontal,Rectangle,16PT C2S,No Coating,Silk,n/a,4/0,250,Score in Half,Slide Slits Bottom Panel,Yes 5000 Envelopes A6
Majestic,Silk,6 x 9,Vertical,Rectangle,16PT C2S,No Coating,Silk,n/a,4/0,250,Score in Half,Slide Slits Bottom Panel,Yes 5000 Envelopes A6
Majestic,Silk,6 x 9,Horizontal,Rectangle,16PT C2S,No Coating,Silk,n/a,4/1,250,Score in Half,Slide Slits Bottom Panel,Yes 5000 Envelopes A6
Majestic,Silk,6 x 9,Vertical,Rectangle,16PT C2S,No Coating,Silk,n/a,4/1,250,Score in Half,Slide Slits Bottom Panel,Yes 5000 Envelopes A6
Majestic,Silk,6 x 9,Vertical,Rectangle,16PT C2S,No Coating,Silk,n/a,4/4,250,Score in Half,Slide Slits Bottom Panel,Yes 5000 Envelopes A6
Majestic,Silk,6 x 9,Horizontal,Rectangle,16PT C2S,No Coating,Silk,n/a,4/4,250,Score in Half,Slide Slits Bottom Panel,Yes 5000 Envelopes A6
Majestic,Silk,6 x 9,Horizontal,Rectangle,16PT C2S,No Coating,Silk,n/a,4/0,500,Score in Half,Slide Slits Bottom Panel,Yes 5000 Envelopes A6
Majestic,Silk,6 x 9,Vertical,Rectangle,16PT C2S,No Coating,Silk,n/a,4/0,500,Score in Half,Slide Slits Bottom Panel,Yes 5000 Envelopes A6
Majestic,Silk,6 x 9,Horizontal,Rectangle,16PT C2S,No Coating,Silk,n/a,4/1,500,Score in Half,Slide Slits Bottom Panel,Yes 5000 Envelopes A6
Majestic,Silk,6 x 9,Vertical,Rectangle,16PT C2S,No Coating,Silk,n/a,4/1,500,Score in Half,Slide Slits Bottom Panel,Yes 5000 Envelopes A6
Majestic,Silk,6 x 9,Horizontal,Rectangle,16PT C2S,No Coating,Silk,n/a,4/4,500,Score in Half,Slide Slits Bottom Panel,Yes 5000 Envelopes A6
Majestic,Silk,6 x 9,Vertical,Rectangle,16PT C2S,No Coating,Silk,n/a,4/4,500,Score in Half,Slide Slits Bottom Panel,Yes 5000 Envelopes A6
Majestic,Silk,6 x 9,Horizontal,Rectangle,16PT C2S,No Coating,Silk,n/a,4/0,1000,Score in Half,Slide Slits Bottom Panel,Yes 5000 Envelopes A6
Majestic,Silk,6 x 9,Vertical,Rectangle,16PT C2S,No Coating,Silk,n/a,4/0,1000,Score in Half,Slide Slits Bottom Panel,Yes 5000 Envelopes A6
Majestic,Silk,6 x 9,Horizontal,Rectangle,16PT C2S,No Coating,Silk,n/a,4/1,1000,Score in Half,Slide Slits Bottom Panel,Yes 5000 Envelopes A6
Majestic,Silk,6 x 9,Vertical,Rectangle,16PT C2S,No Coating,Silk,n/a,4/1,1000,Score in Half,Slide Slits Bottom Panel,Yes 5000 Envelopes A6
Majestic,Silk,6 x 9,Horizontal,Rectangle,16PT C2S,No Coating,Silk,n/a,4/4,1000,Score in Half,Slide Slits Bottom Panel,Yes 5000 Envelopes A6
Majestic,Silk,6 x 9,Vertical,Rectangle,16PT C2S,No Coating,Silk,n/a,4/4,1000,Score in Half,Slide Slits Bottom Panel,Yes 5000 Envelopes A6
Majestic,Silk,6 x 9,Horizontal,Rectangle,16PT C2S,No Coating,Silk,n/a,4/0,2500,Score in Half,Slide Slits Bottom Panel,Yes 5000 Envelopes A6
Majestic,Silk,6 x 9,Vertical,Rectangle,16PT C2S,No Coating,Silk,n/a,4/0,2500,Score in Half,Slide Slits Bottom Panel,Yes 5000 Envelopes A6
Majestic,Silk,6 x 9,Horizontal,Rectangle,16PT C2S,No Coating,Silk,n/a,4/1,2500,Score in Half,Slide Slits Bottom Panel,Yes 5000 Envelopes A6
Majestic,Silk,6 x 9,Vertical,Rectangle,16PT C2S,No Coating,Silk,n/a,4/1,2500,Score in Half,Slide Slits Bottom Panel,Yes 5000 Envelopes A6
Majestic,Silk,6 x 9,Horizontal,Rectangle,16PT C2S,No Coating,Silk,n/a,4/4,2500,Score in Half,Slide Slits Bottom Panel,Yes 5000 Envelopes A6
Majestic,Silk,6 x 9,Vertical,Rectangle,16PT C2S,No Coating,Silk,n/a,4/4,2500,Score in Half,Slide Slits Bottom Panel,Yes 5000 Envelopes A6
Majestic,Silk,6 x 9,Horizontal,Rectangle,16PT C2S,No Coating,Silk,n/a,4/0,5000,Score in Half,Slide Slits Bottom Panel,Yes 5000 Envelopes A6
Majestic,Silk,6 x 9,Vertical,Rectangle,16PT C2S,No Coating,Silk,n/a,4/0,5000,Score in Half,Slide Slits Bottom Panel,Yes 5000 Envelopes A6
Majestic,Silk,6 x 9,Horizontal,Rectangle,16PT C2S,No Coating,Silk,n/a,4/1,5000,Score in Half,Slide Slits Bottom Panel,Yes 5000 Envelopes A6
Majestic,Silk,6 x 9,Vertical,Rectangle,16PT C2S,No Coating,Silk,n/a,4/1,5000,Score in Half,Slide Slits Bottom Panel,Yes 5000 Envelopes A6
Majestic,Silk,6 x 9,Horizontal,Rectangle,16PT C2S,No Coating,Silk,n/a,4/4,5000,Score in Half,Slide Slits Bottom Panel,Yes 5000 Envelopes A6
Majestic,Silk,6 x 9,Vertical,Rectangle,16PT C2S,No Coating,Silk,n/a,4/4,5000,Score in Half,Slide Slits Bottom Panel,Yes 5000 Envelopes A6
Majestic,Silk,6 x 9,Horizontal,Rectangle,16PT C2S,No Coating,Silk,n/a,4/0,10000,Score in Half,Slide Slits Bottom Panel,Yes 5000 Envelopes A6
Majestic,Silk,6 x 9,Vertical,Rectangle,16PT C2S,No Coating,Silk,n/a,4/0,10000,Score in Half,Slide Slits Bottom Panel,Yes 5000 Envelopes A6
Majestic,Silk,6 x 9,Horizontal,Rectangle,16PT C2S,No Coating,Silk,n/a,4/1,10000,Score in Half,Slide Slits Bottom Panel,Yes 5000 Envelopes A6
Majestic,Silk,6 x 9,Vertical,Rectangle,16PT C2S,No Coating,Silk,n/a,4/1,10000,Score in Half,Slide Slits Bottom Panel,Yes 5000 Envelopes A6
Majestic,Silk,6 x 9,Horizontal,Rectangle,16PT C2S,No Coating,Silk,n/a,4/4,10000,Score in Half,Slide Slits Bottom Panel,Yes 5000 Envelopes A6
Majestic,Silk,6 x 9,Vertical,Rectangle,16PT C2S,No Coating,Silk,n/a,4/4,10000,Score in Half,Slide Slits Bottom Panel,Yes 5000 Envelopes A6
Majestic,Silk,6 x 9,Horizontal,Rectangle,16PT C2S,No Coating,Silk,n/a,4/0,25,Score in Half,Slide Slits Right Panel,Yes 5000 Envelopes A6
Majestic,Silk,6 x 9,Vertical,Rectangle,16PT C2S,No Coating,Silk,n/a,4/0,25,Score in Half,Slide Slits Right Panel,Yes 5000 Envelopes A6
Majestic,Silk,6 x 9,Horizontal,Rectangle,16PT C2S,No Coating,Silk,n/a,4/1,25,Score in Half,Slide Slits Right Panel,Yes 5000 Envelopes A6
Majestic,Silk,6 x 9,Vertical,Rectangle,16PT C2S,No Coating,Silk,n/a,4/1,25,Score in Half,Slide Slits Right Panel,Yes 5000 Envelopes A6
Majestic,Silk,6 x 9,Horizontal,Rectangle,16PT C2S,No Coating,Silk,n/a,4/4,25,Score in Half,Slide Slits Right Panel,Yes 5000 Envelopes A6
Majestic,Silk,6 x 9,Vertical,Rectangle,16PT C2S,No Coating,Silk,n/a,4/4,25,Score in Half,Slide Slits Right Panel,Yes 5000 Envelopes A6
Majestic,Silk,6 x 9,Horizontal,Rectangle,16PT C2S,No Coating,Silk,n/a,4/0,50,Score in Half,Slide Slits Right Panel,Yes 5000 Envelopes A6
Majestic,Silk,6 x 9,Vertical,Rectangle,16PT C2S,No Coating,Silk,n/a,4/0,50,Score in Half,Slide Slits Right Panel,Yes 5000 Envelopes A6
Majestic,Silk,6 x 9,Horizontal,Rectangle,16PT C2S,No Coating,Silk,n/a,4/1,50,Score in Half,Slide Slits Bottom Panel,Yes 2500 Envelopes A6
Majestic,Silk,6 x 9,Vertical,Rectangle,16PT C2S,No Coating,Silk,n/a,4/1,50,Score in Half,Slide Slits Right Panel,Yes 5000 Envelopes A6
Majestic,Silk,6 x 9,Horizontal,Rectangle,16PT C2S,No Coating,Silk,n/a,4/4,50,Score in Half,Slide Slits Right Panel,Yes 5000 Envelopes A6
Majestic,Silk,6 x 9,Vertical,Rectangle,16PT C2S,No Coating,Silk,n/a,4/4,50,Score in Half,Slide Slits Right Panel,Yes 5000 Envelopes A6
Majestic,Silk,6 x 9,Horizontal,Rectangle,16PT C2S,No Coating,Silk,n/a,4/0,75,Score in Half,Slide Slits Right Panel,Yes 5000 Envelopes A6
Majestic,Silk,6 x 9,Vertical,Rectangle,16PT C2S,No Coating,Silk,n/a,4/0,75,Score in Half,Slide Slits Right Panel,Yes 5000 Envelopes A6
Majestic,Silk,6 x 9,Horizontal,Rectangle,16PT C2S,No Coating,Silk,n/a,4/1,75,Score in Half,Slide Slits Right Panel,Yes 5000 Envelopes A6
Majestic,Silk,6 x 9,Vertical,Rectangle,16PT C2S,No Coating,Silk,n/a,4/1,75,Score in Half,Slide Slits Right Panel,Yes 5000 Envelopes A6
Majestic,Silk,6 x 9,Horizontal,Rectangle,16PT C2S,No Coating,Silk,n/a,4/4,75,Score in Half,Slide Slits Right Panel,Yes 5000 Envelopes A6
Majestic,Silk,6 x 9,Vertical,Rectangle,16PT C2S,No Coating,Silk,n/a,4/4,75,Score in Half,Slide Slits Right Panel,Yes 5000 Envelopes A6
Majestic,Silk,6 x 9,Horizontal,Rectangle,16PT C2S,No Coating,Silk,n/a,4/0,100,Score in Half,Slide Slits Right Panel,Yes 5000 Envelopes A6
Majestic,Silk,6 x 9,Vertical,Rectangle,16PT C2S,No Coating,Silk,n/a,4/0,100,Score in Half,Slide Slits Right Panel,Yes 5000 Envelopes A6
Majestic,Silk,6 x 9,Horizontal,Rectangle,16PT C2S,No Coating,Silk,n/a,4/1,100,Score in Half,Slide Slits Right Panel,Yes 5000 Envelopes A6
Majestic,Silk,6 x 9,Vertical,Rectangle,16PT C2S,No Coating,Silk,n/a,4/1,100,Score in Half,Slide Slits Right Panel,Yes 5000 Envelopes A6
Majestic,Silk,6 x 9,Horizontal,Rectangle,16PT C2S,No Coating,Silk,n/a,4/4,100,Score in Half,Slide Slits Right Panel,Yes 5000 Envelopes A6
Majestic,Silk,6 x 9,Vertical,Rectangle,16PT C2S,No Coating,Silk,n/a,4/4,100,Score in Half,Slide Slits Right Panel,Yes 5000 Envelopes A6
Majestic,Silk,6 x 9,Horizontal,Rectangle,16PT C2S,No Coating,Silk,n/a,4/0,250,Score in Half,Slide Slits Right Panel,Yes 5000 Envelopes A6
Majestic,Silk,6 x 9,Vertical,Rectangle,16PT C2S,No Coating,Silk,n/a,4/4,2500,Score in Half,No Gift Cards Slits,Yes 5000 Envelopes A6
Majestic,Silk,6 x 9,Horizontal,Rectangle,16PT C2S,No Coating,Silk,n/a,4/1,250,Score in Half,Slide Slits Right Panel,Yes 5000 Envelopes A6
Majestic,Silk,6 x 9,Vertical,Rectangle,16PT C2S,No Coating,Silk,n/a,4/1,250,Score in Half,Slide Slits Right Panel,Yes 5000 Envelopes A6
Majestic,Silk,6 x 9,Horizontal,Rectangle,16PT C2S,No Coating,Silk,n/a,4/4,250,Score in Half,Slide Slits Right Panel,Yes 5000 Envelopes A6
Majestic,Silk,6 x 9,Vertical,Rectangle,16PT C2S,No Coating,Silk,n/a,4/4,250,Score in Half,Slide Slits Right Panel,Yes 5000 Envelopes A6
Majestic,Silk,6 x 9,Horizontal,Rectangle,16PT C2S,No Coating,Silk,n/a,4/0,500,Score in Half,Slide Slits Right Panel,Yes 5000 Envelopes A6
Majestic,Silk,6 x 9,Vertical,Rectangle,16PT C2S,No Coating,Silk,n/a,4/0,500,Score in Half,Slide Slits Right Panel,Yes 5000 Envelopes A6
Majestic,Silk,6 x 9,Horizontal,Rectangle,16PT C2S,No Coating,Silk,n/a,4/1,500,Score in Half,Slide Slits Right Panel,Yes 5000 Envelopes A6
Majestic,Silk,6 x 9,Horizontal,Rectangle,16PT C2S,No Coating,Silk,n/a,4/4,500,Score in Half,Slide Slits Right Panel,Yes 5000 Envelopes A6
Majestic,Silk,6 x 9,Vertical,Rectangle,16PT C2S,No Coating,Silk,n/a,4/0,1000,Score in Half,Slide Slits Right Panel,Yes 5000 Envelopes A6
Majestic,Silk,6 x 9,Horizontal,Rectangle,16PT C2S,No Coating,Silk,n/a,4/1,1000,Score in Half,Slide Slits Right Panel,Yes 5000 Envelopes A6
Majestic,Silk,6 x 9,Vertical,Rectangle,16PT C2S,No Coating,Silk,n/a,4/1,1000,Score in Half,Slide Slits Right Panel,Yes 5000 Envelopes A6
Majestic,Silk,6 x 9,Horizontal,Rectangle,16PT C2S,No Coating,Silk,n/a,4/0,1000,Score in Half,Slide Slits Right Panel,Yes 5000 Envelopes A6
Majestic,Silk,6 x 9,Vertical,Rectangle,16PT C2S,No Coating,Silk,n/a,4/4,500,Score in Half,Slide Slits Right Panel,Yes 5000 Envelopes A6
Majestic,Silk,6 x 9,Vertical,Rectangle,16PT C2S,No Coating,Silk,n/a,4/1,500,Score in Half,Slide Slits Right Panel,Yes 5000 Envelopes A6
Majestic,Silk,6 x 9,Horizontal,Rectangle,16PT C2S,No Coating,Silk,n/a,4/4,1000,Score in Half,Slide Slits Right Panel,Yes 5000 Envelopes A6
Majestic,Silk,6 x 9,Horizontal,Rectangle,16PT C2S,No Coating,Silk,n/a,4/1,2500,Score in Half,Slide Slits Right Panel,Yes 5000 Envelopes A6
Majestic,Silk,6 x 9,Vertical,Rectangle,16PT C2S,No Coating,Silk,n/a,4/4,1000,Score in Half,Slide Slits Right Panel,Yes 5000 Envelopes A6
Majestic,Silk,6 x 9,Horizontal,Rectangle,16PT C2S,No Coating,Silk,n/a,4/0,2500,Score in Half,Slide Slits Right Panel,Yes 5000 Envelopes A6
Majestic,Silk,6 x 9,Vertical,Rectangle,16PT C2S,No Coating,Silk,n/a,4/0,2500,Score in Half,Slide Slits Right Panel,Yes 5000 Envelopes A6
Majestic,Silk,6 x 9,Vertical,Rectangle,16PT C2S,No Coating,Silk,n/a,4/1,2500,Score in Half,Slide Slits Right Panel,Yes 5000 Envelopes A6
Majestic,Silk,6 x 9,Vertical,Rectangle,16PT C2S,No Coating,Silk,n/a,4/4,2500,Score in Half,Slide Slits Right Panel,Yes 5000 Envelopes A6
Majestic,Silk,6 x 9,Horizontal,Rectangle,16PT C2S,No Coating,Silk,n/a,4/4,2500,Score in Half,Slide Slits Right Panel,Yes 5000 Envelopes A6
Majestic,Silk,6 x 9,Vertical,Rectangle,16PT C2S,No Coating,Silk,n/a,4/0,5000,Score in Half,Slide Slits Right Panel,Yes 5000 Envelopes A6
Majestic,Silk,6 x 9,Horizontal,Rectangle,16PT C2S,No Coating,Silk,n/a,4/0,5000,Score in Half,Slide Slits Right Panel,Yes 5000 Envelopes A6
Majestic,Silk,6 x 9,Horizontal,Rectangle,16PT C2S,No Coating,Silk,n/a,4/1,5000,Score in Half,Slide Slits Right Panel,Yes 5000 Envelopes A6
Majestic,Silk,6 x 9,Vertical,Rectangle,16PT C2S,No Coating,Silk,n/a,4/1,5000,Score in Half,Slide Slits Right Panel,Yes 5000 Envelopes A6
Majestic,Silk,6 x 9,Horizontal,Rectangle,16PT C2S,No Coating,Silk,n/a,4/4,5000,Score in Half,Slide Slits Right Panel,Yes 5000 Envelopes A6
Majestic,Silk,6 x 9,Vertical,Rectangle,16PT C2S,No Coating,Silk,n/a,4/4,5000,Score in Half,Slide Slits Right Panel,Yes 5000 Envelopes A6
Majestic,Silk,6 x 9,Horizontal,Rectangle,16PT C2S,No Coating,Silk,n/a,4/0,75,Score in Half,Moon Slits Bottom Panel,Yes 5000 Envelopes A6
Majestic,Silk,6 x 9,Horizontal,Rectangle,16PT C2S,No Coating,Silk,n/a,4/1,10000,Score in Half,Slide Slits Right Panel,Yes 5000 Envelopes A6
Majestic,Silk,6 x 9,Vertical,Rectangle,16PT C2S,No Coating,Silk,n/a,4/1,10000,Score in Half,Slide Slits Right Panel,Yes 5000 Envelopes A6
Majestic,Silk,6 x 9,Horizontal,Rectangle,16PT C2S,No Coating,Silk,n/a,4/4,10000,Score in Half,Slide Slits Right Panel,Yes 5000 Envelopes A6
Majestic,Silk,6 x 9,Horizontal,Rectangle,16PT C2S,No Coating,Silk,n/a,4/0,25,Score in Half,Moon Slits Bottom Panel,Yes 10000 Envelopes A6
Majestic,Silk,6 x 9,Vertical,Rectangle,16PT C2S,No Coating,Silk,n/a,4/0,10000,Score in Half,Slide Slits Right Panel,Yes 5000 Envelopes A6
Majestic,Silk,6 x 9,Vertical,Rectangle,16PT C2S,No Coating,Silk,n/a,4/0,25,Score in Half,Moon Slits Bottom Panel,Yes 10000 Envelopes A6
Majestic,Silk,6 x 9,Vertical,Rectangle,16PT C2S,No Coating,Silk,n/a,4/4,10000,Score in Half,Slide Slits Right Panel,Yes 5000 Envelopes A6
Majestic,Silk,6 x 9,Horizontal,Rectangle,16PT C2S,No Coating,Silk,n/a,4/1,25,Score in Half,Moon Slits Bottom Panel,Yes 10000 Envelopes A6
Majestic,Silk,6 x 9,Horizontal,Rectangle,16PT C2S,No Coating,Silk,n/a,4/4,25,Score in Half,Moon Slits Bottom Panel,Yes 10000 Envelopes A6
Majestic,Silk,6 x 9,Horizontal,Rectangle,16PT C2S,No Coating,Silk,n/a,4/0,50,Score in Half,Moon Slits Bottom Panel,Yes 10000 Envelopes A6
Majestic,Silk,6 x 9,Vertical,Rectangle,16PT C2S,No Coating,Silk,n/a,4/4,25,Score in Half,Moon Slits Bottom Panel,Yes 10000 Envelopes A6
Majestic,Silk,6 x 9,Vertical,Rectangle,16PT C2S,No Coating,Silk,n/a,4/1,25,Score in Half,Moon Slits Bottom Panel,Yes 10000 Envelopes A6
Majestic,Silk,6 x 9,Vertical,Rectangle,16PT C2S,No Coating,Silk,n/a,4/0,50,Score in Half,Moon Slits Bottom Panel,Yes 10000 Envelopes A6
Majestic,Silk,6 x 9,Horizontal,Rectangle,16PT C2S,No Coating,Silk,n/a,4/1,50,Score in Half,Moon Slits Bottom Panel,Yes 10000 Envelopes A6
Majestic,Silk,6 x 9,Vertical,Rectangle,16PT C2S,No Coating,Silk,n/a,4/4,50,Score in Half,Moon Slits Bottom Panel,Yes 10000 Envelopes A6
Majestic,Silk,6 x 9,Horizontal,Rectangle,16PT C2S,No Coating,Silk,n/a,4/0,75,Score in Half,Moon Slits Bottom Panel,Yes 10000 Envelopes A6
Majestic,Silk,6 x 9,Horizontal,Rectangle,16PT C2S,No Coating,Silk,n/a,4/4,50,Score in Half,Moon Slits Bottom Panel,Yes 10000 Envelopes A6
Majestic,Silk,6 x 9,Vertical,Rectangle,16PT C2S,No Coating,Silk,n/a,4/1,50,Score in Half,Moon Slits Bottom Panel,Yes 10000 Envelopes A6
Majestic,Silk,6 x 9,Vertical,Rectangle,16PT C2S,No Coating,Silk,n/a,4/0,75,Score in Half,Moon Slits Bottom Panel,Yes 10000 Envelopes A6
Majestic,Silk,6 x 9,Horizontal,Rectangle,16PT C2S,No Coating,Silk,n/a,4/1,50,Score in Half,Slide Slits Right Panel,Yes 5000 Envelopes A6
Majestic,Silk,6 x 9,Vertical,Rectangle,16PT C2S,No Coating,Silk,n/a,4/4,75,Score in Half,Moon Slits Bottom Panel,Yes 10000 Envelopes A6
Majestic,Silk,6 x 9,Horizontal,Rectangle,16PT C2S,No Coating,Silk,n/a,4/0,100,Score in Half,Moon Slits Bottom Panel,Yes 10000 Envelopes A6
Majestic,Silk,6 x 9,Horizontal,Rectangle,16PT C2S,No Coating,Silk,n/a,4/1,75,Score in Half,Moon Slits Bottom Panel,Yes 10000 Envelopes A6
Majestic,Silk,6 x 9,Horizontal,Rectangle,16PT C2S,No Coating,Silk,n/a,4/4,75,Score in Half,Moon Slits Bottom Panel,Yes 10000 Envelopes A6
Majestic,Silk,6 x 9,Horizontal,Rectangle,16PT C2S,No Coating,Silk,n/a,4/1,100,Score in Half,Moon Slits Bottom Panel,Yes 10000 Envelopes A6
Majestic,Silk,6 x 9,Horizontal,Rectangle,16PT C2S,No Coating,Silk,n/a,4/4,100,Score in Half,Moon Slits Bottom Panel,Yes 10000 Envelopes A6
Majestic,Silk,6 x 9,Vertical,Rectangle,16PT C2S,No Coating,Silk,n/a,4/1,100,Score in Half,Moon Slits Bottom Panel,Yes 10000 Envelopes A6
Majestic,Silk,6 x 9,Vertical,Rectangle,16PT C2S,No Coating,Silk,n/a,4/0,100,Score in Half,Moon Slits Bottom Panel,Yes 10000 Envelopes A6
Majestic,Silk,6 x 9,Vertical,Rectangle,16PT C2S,No Coating,Silk,n/a,4/4,100,Score in Half,Moon Slits Bottom Panel,Yes 10000 Envelopes A6
Majestic,Silk,6 x 9,Horizontal,Rectangle,16PT C2S,No Coating,Silk,n/a,4/0,250,Score in Half,Moon Slits Bottom Panel,Yes 10000 Envelopes A6
Majestic,Silk,6 x 9,Vertical,Rectangle,16PT C2S,No Coating,Silk,n/a,4/1,250,Score in Half,Moon Slits Bottom Panel,Yes 10000 Envelopes A6
Majestic,Silk,6 x 9,Horizontal,Rectangle,16PT C2S,No Coating,Silk,n/a,4/1,250,Score in Half,Moon Slits Bottom Panel,Yes 10000 Envelopes A6
Majestic,Silk,6 x 9,Vertical,Rectangle,16PT C2S,No Coating,Silk,n/a,4/4,250,Score in Half,Moon Slits Bottom Panel,Yes 10000 Envelopes A6
Majestic,Silk,6 x 9,Horizontal,Rectangle,16PT C2S,No Coating,Silk,n/a,4/0,500,Score in Half,Moon Slits Bottom Panel,Yes 10000 Envelopes A6
Majestic,Silk,6 x 9,Vertical,Rectangle,16PT C2S,No Coating,Silk,n/a,4/0,500,Score in Half,Moon Slits Bottom Panel,Yes 10000 Envelopes A6
Majestic,Silk,6 x 9,Horizontal,Rectangle,16PT C2S,No Coating,Silk,n/a,4/0,10000,Score in Half,Slide Slits Right Panel,Yes 5000 Envelopes A6
Majestic,Silk,6 x 9,Horizontal,Rectangle,16PT C2S,No Coating,Silk,n/a,4/1,500,Score in Half,Moon Slits Bottom Panel,Yes 10000 Envelopes A6
Majestic,Silk,6 x 9,Horizontal,Rectangle,16PT C2S,No Coating,Silk,n/a,4/4,250,Score in Half,Moon Slits Bottom Panel,Yes 10000 Envelopes A6
Majestic,Silk,6 x 9,Vertical,Rectangle,16PT C2S,No Coating,Silk,n/a,4/0,250,Score in Half,Moon Slits Bottom Panel,Yes 10000 Envelopes A6
Majestic,Silk,6 x 9,Horizontal,Rectangle,16PT C2S,No Coating,Silk,n/a,4/4,500,Score in Half,Moon Slits Bottom Panel,Yes 10000 Envelopes A6
Majestic,Silk,6 x 9,Vertical,Rectangle,16PT C2S,No Coating,Silk,n/a,4/4,500,Score in Half,Moon Slits Bottom Panel,Yes 10000 Envelopes A6
Majestic,Silk,6 x 9,Vertical,Rectangle,16PT C2S,No Coating,Silk,n/a,4/0,1000,Score in Half,Moon Slits Bottom Panel,Yes 10000 Envelopes A6
Majestic,Silk,6 x 9,Horizontal,Rectangle,16PT C2S,No Coating,Silk,n/a,4/1,1000,Score in Half,Moon Slits Bottom Panel,Yes 10000 Envelopes A6
Majestic,Silk,6 x 9,Vertical,Rectangle,16PT C2S,No Coating,Silk,n/a,4/1,1000,Score in Half,Moon Slits Bottom Panel,Yes 10000 Envelopes A6
Majestic,Silk,6 x 9,Horizontal,Rectangle,16PT C2S,No Coating,Silk,n/a,4/0,1000,Score in Half,Moon Slits Bottom Panel,Yes 10000 Envelopes A6
Majestic,Silk,6 x 9,Vertical,Rectangle,16PT C2S,No Coating,Silk,n/a,4/0,250,Score in Half,Slide Slits Right Panel,Yes 5000 Envelopes A6
Majestic,Silk,6 x 9,Vertical,Rectangle,16PT C2S,No Coating,Silk,n/a,4/4,1000,Score in Half,Moon Slits Bottom Panel,Yes 10000 Envelopes A6
Majestic,Silk,6 x 9,Vertical,Rectangle,16PT C2S,No Coating,Silk,n/a,4/0,2500,Score in Half,Moon Slits Bottom Panel,Yes 10000 Envelopes A6
Majestic,Silk,6 x 9,Horizontal,Rectangle,16PT C2S,No Coating,Silk,n/a,4/4,1000,Score in Half,Moon Slits Bottom Panel,Yes 10000 Envelopes A6
Majestic,Silk,6 x 9,Vertical,Rectangle,16PT C2S,No Coating,Silk,n/a,4/1,2500,Score in Half,Moon Slits Bottom Panel,Yes 10000 Envelopes A6
Majestic,Silk,6 x 9,Horizontal,Rectangle,16PT C2S,No Coating,Silk,n/a,4/1,2500,Score in Half,Moon Slits Bottom Panel,Yes 10000 Envelopes A6
Majestic,Silk,6 x 9,Vertical,Rectangle,16PT C2S,No Coating,Silk,n/a,4/4,2500,Score in Half,Moon Slits Bottom Panel,Yes 10000 Envelopes A6
Majestic,Silk,6 x 9,Horizontal,Rectangle,16PT C2S,No Coating,Silk,n/a,4/1,5000,Score in Half,Moon Slits Bottom Panel,Yes 10000 Envelopes A6
Majestic,Silk,6 x 9,Horizontal,Rectangle,16PT C2S,No Coating,Silk,n/a,4/0,5000,Score in Half,Moon Slits Bottom Panel,Yes 10000 Envelopes A6
Majestic,Silk,6 x 9,Vertical,Rectangle,16PT C2S,No Coating,Silk,n/a,4/0,5000,Score in Half,Moon Slits Bottom Panel,Yes 10000 Envelopes A6
Majestic,Silk,6 x 9,Vertical,Rectangle,16PT C2S,No Coating,Silk,n/a,4/1,5000,Score in Half,Moon Slits Bottom Panel,Yes 10000 Envelopes A6
Majestic,Silk,6 x 9,Horizontal,Rectangle,16PT C2S,No Coating,Silk,n/a,4/0,10000,Score in Half,Moon Slits Bottom Panel,Yes 10000 Envelopes A6
Majestic,Silk,6 x 9,Vertical,Rectangle,16PT C2S,No Coating,Silk,n/a,4/4,5000,Score in Half,Moon Slits Bottom Panel,Yes 10000 Envelopes A6
Majestic,Silk,6 x 9,Horizontal,Rectangle,16PT C2S,No Coating,Silk,n/a,4/4,5000,Score in Half,Moon Slits Bottom Panel,Yes 10000 Envelopes A6
Majestic,Silk,6 x 9,Vertical,Rectangle,16PT C2S,No Coating,Silk,n/a,4/0,10000,Score in Half,Moon Slits Bottom Panel,Yes 10000 Envelopes A6
Majestic,Silk,6 x 9,Horizontal,Rectangle,16PT C2S,No Coating,Silk,n/a,4/4,2500,Score in Half,Moon Slits Bottom Panel,Yes 10000 Envelopes A6
Majestic,Silk,6 x 9,Horizontal,Rectangle,16PT C2S,No Coating,Silk,n/a,4/4,10000,Score in Half,Moon Slits Bottom Panel,Yes 10000 Envelopes A6
Majestic,Silk,6 x 9,Vertical,Rectangle,16PT C2S,No Coating,Silk,n/a,4/1,10000,Score in Half,Moon Slits Bottom Panel,Yes 10000 Envelopes A6
Majestic,Silk,6 x 9,Horizontal,Rectangle,16PT C2S,No Coating,Silk,n/a,4/1,10000,Score in Half,Moon Slits Bottom Panel,Yes 10000 Envelopes A6
Majestic,Silk,6 x 9,Horizontal,Rectangle,16PT C2S,No Coating,Silk,n/a,4/0,25,Score in Half,Moon Slits Right Panel,Yes 10000 Envelopes A6
Majestic,Silk,6 x 9,Vertical,Rectangle,16PT C2S,No Coating,Silk,n/a,4/4,10000,Score in Half,Moon Slits Bottom Panel,Yes 10000 Envelopes A6
Majestic,Silk,6 x 9,Horizontal,Rectangle,16PT C2S,No Coating,Silk,n/a,4/1,25,Score in Half,Moon Slits Right Panel,Yes 10000 Envelopes A6
Majestic,Silk,6 x 9,Horizontal,Rectangle,16PT C2S,No Coating,Silk,n/a,4/4,25,Score in Half,Moon Slits Right Panel,Yes 10000 Envelopes A6
Majestic,Silk,6 x 9,Horizontal,Rectangle,16PT C2S,No Coating,Silk,n/a,4/0,50,Score in Half,Moon Slits Right Panel,Yes 10000 Envelopes A6
Majestic,Silk,6 x 9,Vertical,Rectangle,16PT C2S,No Coating,Silk,n/a,4/4,25,Score in Half,Moon Slits Right Panel,Yes 10000 Envelopes A6
Majestic,Silk,6 x 9,Vertical,Rectangle,16PT C2S,No Coating,Silk,n/a,4/0,50,Score in Half,Moon Slits Right Panel,Yes 10000 Envelopes A6
Majestic,Silk,6 x 9,Horizontal,Rectangle,16PT C2S,No Coating,Silk,n/a,4/1,50,Score in Half,Moon Slits Right Panel,Yes 10000 Envelopes A6
Majestic,Silk,6 x 9,Vertical,Rectangle,16PT C2S,No Coating,Silk,n/a,4/1,50,Score in Half,Moon Slits Right Panel,Yes 10000 Envelopes A6
Majestic,Silk,6 x 9,Horizontal,Rectangle,16PT C2S,No Coating,Silk,n/a,4/4,50,Score in Half,Moon Slits Right Panel,Yes 10000 Envelopes A6
Majestic,Silk,6 x 9,Vertical,Rectangle,16PT C2S,No Coating,Silk,n/a,4/4,50,Score in Half,Moon Slits Right Panel,Yes 10000 Envelopes A6
Majestic,Silk,6 x 9,Horizontal,Rectangle,16PT C2S,No Coating,Silk,n/a,4/0,75,Score in Half,Moon Slits Right Panel,Yes 10000 Envelopes A6
Majestic,Silk,6 x 9,Vertical,Rectangle,16PT C2S,No Coating,Silk,n/a,4/1,25,Score in Half,Moon Slits Right Panel,Yes 10000 Envelopes A6
Majestic,Silk,6 x 9,Vertical,Rectangle,16PT C2S,No Coating,Silk,n/a,4/0,25,Score in Half,Moon Slits Right Panel,Yes 10000 Envelopes A6
Majestic,Silk,6 x 9,Vertical,Rectangle,16PT C2S,No Coating,Silk,n/a,4/0,75,Score in Half,Moon Slits Right Panel,Yes 10000 Envelopes A6
Majestic,Silk,6 x 9,Horizontal,Rectangle,16PT C2S,No Coating,Silk,n/a,4/1,75,Score in Half,Moon Slits Right Panel,Yes 10000 Envelopes A6
Majestic,Silk,6 x 9,Vertical,Rectangle,16PT C2S,No Coating,Silk,n/a,4/4,75,Score in Half,Moon Slits Right Panel,Yes 10000 Envelopes A6
Majestic,Silk,6 x 9,Horizontal,Rectangle,16PT C2S,No Coating,Silk,n/a,4/0,100,Score in Half,Moon Slits Right Panel,Yes 10000 Envelopes A6
Majestic,Silk,6 x 9,Vertical,Rectangle,16PT C2S,No Coating,Silk,n/a,4/0,100,Score in Half,Moon Slits Right Panel,Yes 10000 Envelopes A6
Majestic,Silk,6 x 9,Horizontal,Rectangle,16PT C2S,No Coating,Silk,n/a,4/1,100,Score in Half,Moon Slits Right Panel,Yes 10000 Envelopes A6
Majestic,Silk,6 x 9,Horizontal,Rectangle,16PT C2S,No Coating,Silk,n/a,4/4,75,Score in Half,Moon Slits Right Panel,Yes 10000 Envelopes A6
Majestic,Silk,6 x 9,Vertical,Rectangle,16PT C2S,No Coating,Silk,n/a,4/1,75,Score in Half,Moon Slits Right Panel,Yes 10000 Envelopes A6
Majestic,Silk,6 x 9,Vertical,Rectangle,16PT C2S,No Coating,Silk,n/a,4/1,100,Score in Half,Moon Slits Right Panel,Yes 10000 Envelopes A6
Majestic,Silk,6 x 9,Horizontal,Rectangle,16PT C2S,No Coating,Silk,n/a,4/4,100,Score in Half,Moon Slits Right Panel,Yes 10000 Envelopes A6
Majestic,Silk,6 x 9,Vertical,Rectangle,16PT C2S,No Coating,Silk,n/a,4/0,250,Score in Half,Moon Slits Right Panel,Yes 10000 Envelopes A6
Majestic,Silk,6 x 9,Horizontal,Rectangle,16PT C2S,No Coating,Silk,n/a,4/1,250,Score in Half,Moon Slits Right Panel,Yes 10000 Envelopes A6
Majestic,Silk,6 x 9,Vertical,Rectangle,16PT C2S,No Coating,Silk,n/a,4/4,100,Score in Half,Moon Slits Right Panel,Yes 10000 Envelopes A6
Majestic,Silk,6 x 9,Horizontal,Rectangle,16PT C2S,No Coating,Silk,n/a,4/0,250,Score in Half,Moon Slits Right Panel,Yes 10000 Envelopes A6
Majestic,Silk,6 x 9,Vertical,Rectangle,16PT C2S,No Coating,Silk,n/a,4/1,250,Score in Half,Moon Slits Right Panel,Yes 10000 Envelopes A6
Majestic,Silk,6 x 9,Horizontal,Rectangle,16PT C2S,No Coating,Silk,n/a,4/4,250,Score in Half,Moon Slits Right Panel,Yes 10000 Envelopes A6
Majestic,Silk,6 x 9,Vertical,Rectangle,16PT C2S,No Coating,Silk,n/a,4/0,500,Score in Half,Moon Slits Right Panel,Yes 10000 Envelopes A6
Majestic,Silk,6 x 9,Horizontal,Rectangle,16PT C2S,No Coating,Silk,n/a,4/1,500,Score in Half,Moon Slits Right Panel,Yes 10000 Envelopes A6
Majestic,Silk,6 x 9,Vertical,Rectangle,16PT C2S,No Coating,Silk,n/a,4/4,250,Score in Half,Moon Slits Right Panel,Yes 10000 Envelopes A6
Majestic,Silk,6 x 9,Horizontal,Rectangle,16PT C2S,No Coating,Silk,n/a,4/0,500,Score in Half,Moon Slits Right Panel,Yes 10000 Envelopes A6
Majestic,Silk,6 x 9,Vertical,Rectangle,16PT C2S,No Coating,Silk,n/a,4/1,500,Score in Half,Moon Slits Right Panel,Yes 10000 Envelopes A6
Majestic,Silk,6 x 9,Horizontal,Rectangle,16PT C2S,No Coating,Silk,n/a,4/4,500,Score in Half,Moon Slits Right Panel,Yes 10000 Envelopes A6
Majestic,Silk,6 x 9,Vertical,Rectangle,16PT C2S,No Coating,Silk,n/a,4/0,1000,Score in Half,Moon Slits Right Panel,Yes 10000 Envelopes A6
Majestic,Silk,6 x 9,Horizontal,Rectangle,16PT C2S,No Coating,Silk,n/a,4/1,1000,Score in Half,Moon Slits Right Panel,Yes 10000 Envelopes A6
Majestic,Silk,6 x 9,Horizontal,Rectangle,16PT C2S,No Coating,Silk,n/a,4/0,1000,Score in Half,Moon Slits Right Panel,Yes 10000 Envelopes A6
Majestic,Silk,6 x 9,Vertical,Rectangle,16PT C2S,No Coating,Silk,n/a,4/1,1000,Score in Half,Moon Slits Right Panel,Yes 10000 Envelopes A6
Majestic,Silk,6 x 9,Vertical,Rectangle,16PT C2S,No Coating,Silk,n/a,4/4,500,Score in Half,Moon Slits Right Panel,Yes 10000 Envelopes A6
Majestic,Silk,6 x 9,Horizontal,Rectangle,16PT C2S,No Coating,Silk,n/a,4/4,1000,Score in Half,Moon Slits Right Panel,Yes 10000 Envelopes A6
Majestic,Silk,6 x 9,Vertical,Rectangle,16PT C2S,No Coating,Silk,n/a,4/4,1000,Score in Half,Moon Slits Right Panel,Yes 10000 Envelopes A6
Majestic,Silk,6 x 9,Horizontal,Rectangle,16PT C2S,No Coating,Silk,n/a,4/0,2500,Score in Half,Moon Slits Right Panel,Yes 10000 Envelopes A6
Majestic,Silk,6 x 9,Horizontal,Rectangle,16PT C2S,No Coating,Silk,n/a,4/1,2500,Score in Half,Moon Slits Right Panel,Yes 10000 Envelopes A6
Majestic,Silk,6 x 9,Vertical,Rectangle,16PT C2S,No Coating,Silk,n/a,4/1,2500,Score in Half,Moon Slits Right Panel,Yes 10000 Envelopes A6
Majestic,Silk,6 x 9,Vertical,Rectangle,16PT C2S,No Coating,Silk,n/a,4/0,2500,Score in Half,Moon Slits Right Panel,Yes 10000 Envelopes A6
Majestic,Silk,6 x 9,Horizontal,Rectangle,16PT C2S,No Coating,Silk,n/a,4/4,2500,Score in Half,Moon Slits Right Panel,Yes 10000 Envelopes A6
Majestic,Silk,6 x 9,Vertical,Rectangle,16PT C2S,No Coating,Silk,n/a,4/4,2500,Score in Half,Moon Slits Right Panel,Yes 10000 Envelopes A6
Majestic,Silk,6 x 9,Horizontal,Rectangle,16PT C2S,No Coating,Silk,n/a,4/0,5000,Score in Half,Moon Slits Right Panel,Yes 10000 Envelopes A6
Majestic,Silk,6 x 9,Horizontal,Rectangle,16PT C2S,No Coating,Silk,n/a,4/1,5000,Score in Half,Moon Slits Right Panel,Yes 10000 Envelopes A6
Majestic,Silk,6 x 9,Vertical,Rectangle,16PT C2S,No Coating,Silk,n/a,4/0,5000,Score in Half,Moon Slits Right Panel,Yes 10000 Envelopes A6
Majestic,Silk,6 x 9,Vertical,Rectangle,16PT C2S,No Coating,Silk,n/a,4/1,5000,Score in Half,Moon Slits Right Panel,Yes 10000 Envelopes A6
Majestic,Silk,6 x 9,Horizontal,Rectangle,16PT C2S,No Coating,Silk,n/a,4/4,5000,Score in Half,Moon Slits Right Panel,Yes 10000 Envelopes A6
Majestic,Silk,6 x 9,Vertical,Rectangle,16PT C2S,No Coating,Silk,n/a,4/4,5000,Score in Half,Moon Slits Right Panel,Yes 10000 Envelopes A6
Majestic,Silk,6 x 9,Horizontal,Rectangle,16PT C2S,No Coating,Silk,n/a,4/0,10000,Score in Half,Moon Slits Right Panel,Yes 10000 Envelopes A6
Majestic,Silk,6 x 9,Vertical,Rectangle,16PT C2S,No Coating,Silk,n/a,4/0,10000,Score in Half,Moon Slits Right Panel,Yes 10000 Envelopes A6
Majestic,Silk,6 x 9,Horizontal,Rectangle,16PT C2S,No Coating,Silk,n/a,4/1,10000,Score in Half,Moon Slits Right Panel,Yes 10000 Envelopes A6
Majestic,Silk,6 x 9,Vertical,Rectangle,16PT C2S,No Coating,Silk,n/a,4/1,10000,Score in Half,Moon Slits Right Panel,Yes 10000 Envelopes A6
Majestic,Silk,6 x 9,Horizontal,Rectangle,16PT C2S,No Coating,Silk,n/a,4/4,10000,Score in Half,Moon Slits Right Panel,Yes 10000 Envelopes A6
Majestic,Silk,6 x 9,Vertical,Rectangle,16PT C2S,No Coating,Silk,n/a,4/4,10000,Score in Half,Moon Slits Right Panel,Yes 10000 Envelopes A6
Majestic,Silk,6 x 9,Horizontal,Rectangle,16PT C2S,No Coating,Silk,n/a,4/0,25,Score in Half,No Gift Cards Slits,Yes 10000 Envelopes A6
Majestic,Silk,6 x 9,Vertical,Rectangle,16PT C2S,No Coating,Silk,n/a,4/0,25,Score in Half,No Gift Cards Slits,Yes 10000 Envelopes A6
Majestic,Silk,6 x 9,Horizontal,Rectangle,16PT C2S,No Coating,Silk,n/a,4/1,25,Score in Half,No Gift Cards Slits,Yes 10000 Envelopes A6
Majestic,Silk,6 x 9,Vertical,Rectangle,16PT C2S,No Coating,Silk,n/a,4/1,25,Score in Half,No Gift Cards Slits,Yes 10000 Envelopes A6
Majestic,Silk,6 x 9,Horizontal,Rectangle,16PT C2S,No Coating,Silk,n/a,4/4,25,Score in Half,No Gift Cards Slits,Yes 10000 Envelopes A6
Majestic,Silk,6 x 9,Vertical,Rectangle,16PT C2S,No Coating,Silk,n/a,4/4,25,Score in Half,No Gift Cards Slits,Yes 10000 Envelopes A6
Majestic,Silk,6 x 9,Horizontal,Rectangle,16PT C2S,No Coating,Silk,n/a,4/0,50,Score in Half,No Gift Cards Slits,Yes 10000 Envelopes A6
Majestic,Silk,6 x 9,Vertical,Rectangle,16PT C2S,No Coating,Silk,n/a,4/0,50,Score in Half,No Gift Cards Slits,Yes 10000 Envelopes A6
Majestic,Silk,6 x 9,Horizontal,Rectangle,16PT C2S,No Coating,Silk,n/a,4/1,50,Score in Half,No Gift Cards Slits,Yes 10000 Envelopes A6
Majestic,Silk,6 x 9,Vertical,Rectangle,16PT C2S,No Coating,Silk,n/a,4/1,50,Score in Half,No Gift Cards Slits,Yes 10000 Envelopes A6
Majestic,Silk,6 x 9,Horizontal,Rectangle,16PT C2S,No Coating,Silk,n/a,4/4,50,Score in Half,No Gift Cards Slits,Yes 10000 Envelopes A6
Majestic,Silk,6 x 9,Vertical,Rectangle,16PT C2S,No Coating,Silk,n/a,4/4,50,Score in Half,No Gift Cards Slits,Yes 10000 Envelopes A6
Majestic,Silk,6 x 9,Horizontal,Rectangle,16PT C2S,No Coating,Silk,n/a,4/0,75,Score in Half,No Gift Cards Slits,Yes 10000 Envelopes A6
Majestic,Silk,6 x 9,Vertical,Rectangle,16PT C2S,No Coating,Silk,n/a,4/0,75,Score in Half,No Gift Cards Slits,Yes 10000 Envelopes A6
Majestic,Silk,6 x 9,Horizontal,Rectangle,16PT C2S,No Coating,Silk,n/a,4/1,75,Score in Half,No Gift Cards Slits,Yes 10000 Envelopes A6
Majestic,Silk,6 x 9,Vertical,Rectangle,16PT C2S,No Coating,Silk,n/a,4/1,75,Score in Half,No Gift Cards Slits,Yes 10000 Envelopes A6
Majestic,Silk,6 x 9,Horizontal,Rectangle,16PT C2S,No Coating,Silk,n/a,4/4,75,Score in Half,No Gift Cards Slits,Yes 10000 Envelopes A6
Majestic,Silk,6 x 9,Vertical,Rectangle,16PT C2S,No Coating,Silk,n/a,4/4,75,Score in Half,No Gift Cards Slits,Yes 10000 Envelopes A6
Majestic,Silk,6 x 9,Horizontal,Rectangle,16PT C2S,No Coating,Silk,n/a,4/0,100,Score in Half,No Gift Cards Slits,Yes 10000 Envelopes A6
Majestic,Silk,6 x 9,Vertical,Rectangle,16PT C2S,No Coating,Silk,n/a,4/0,100,Score in Half,No Gift Cards Slits,Yes 10000 Envelopes A6
Majestic,Silk,6 x 9,Horizontal,Rectangle,16PT C2S,No Coating,Silk,n/a,4/1,100,Score in Half,No Gift Cards Slits,Yes 10000 Envelopes A6
Majestic,Silk,6 x 9,Vertical,Rectangle,16PT C2S,No Coating,Silk,n/a,4/1,100,Score in Half,No Gift Cards Slits,Yes 10000 Envelopes A6
Majestic,Silk,6 x 9,Vertical,Rectangle,16PT C2S,No Coating,Silk,n/a,4/4,100,Score in Half,No Gift Cards Slits,Yes 10000 Envelopes A6
Majestic,Silk,6 x 9,Horizontal,Rectangle,16PT C2S,No Coating,Silk,n/a,4/4,100,Score in Half,No Gift Cards Slits,Yes 10000 Envelopes A6
Majestic,Silk,6 x 9,Horizontal,Rectangle,16PT C2S,No Coating,Silk,n/a,4/0,250,Score in Half,No Gift Cards Slits,Yes 10000 Envelopes A6
Majestic,Silk,6 x 9,Vertical,Rectangle,16PT C2S,No Coating,Silk,n/a,4/0,250,Score in Half,No Gift Cards Slits,Yes 10000 Envelopes A6
Majestic,Silk,6 x 9,Horizontal,Rectangle,16PT C2S,No Coating,Silk,n/a,4/1,250,Score in Half,No Gift Cards Slits,Yes 10000 Envelopes A6
Majestic,Silk,6 x 9,Vertical,Rectangle,16PT C2S,No Coating,Silk,n/a,4/1,250,Score in Half,No Gift Cards Slits,Yes 10000 Envelopes A6
Majestic,Silk,6 x 9,Horizontal,Rectangle,16PT C2S,No Coating,Silk,n/a,4/4,250,Score in Half,No Gift Cards Slits,Yes 10000 Envelopes A6
Majestic,Silk,6 x 9,Vertical,Rectangle,16PT C2S,No Coating,Silk,n/a,4/4,250,Score in Half,No Gift Cards Slits,Yes 10000 Envelopes A6
Majestic,Silk,6 x 9,Horizontal,Rectangle,16PT C2S,No Coating,Silk,n/a,4/0,500,Score in Half,No Gift Cards Slits,Yes 10000 Envelopes A6
Majestic,Silk,6 x 9,Vertical,Rectangle,16PT C2S,No Coating,Silk,n/a,4/1,500,Score in Half,No Gift Cards Slits,Yes 10000 Envelopes A6
Majestic,Silk,6 x 9,Horizontal,Rectangle,16PT C2S,No Coating,Silk,n/a,4/1,500,Score in Half,No Gift Cards Slits,Yes 10000 Envelopes A6
Majestic,Silk,6 x 9,Vertical,Rectangle,16PT C2S,No Coating,Silk,n/a,4/0,500,Score in Half,No Gift Cards Slits,Yes 10000 Envelopes A6
Majestic,Silk,6 x 9,Horizontal,Rectangle,16PT C2S,No Coating,Silk,n/a,4/4,500,Score in Half,No Gift Cards Slits,Yes 10000 Envelopes A6
Majestic,Silk,6 x 9,Horizontal,Rectangle,16PT C2S,No Coating,Silk,n/a,4/0,1000,Score in Half,No Gift Cards Slits,Yes 10000 Envelopes A6
Majestic,Silk,6 x 9,Vertical,Rectangle,16PT C2S,No Coating,Silk,n/a,4/0,1000,Score in Half,No Gift Cards Slits,Yes 10000 Envelopes A6
Majestic,Silk,6 x 9,Horizontal,Rectangle,16PT C2S,No Coating,Silk,n/a,4/1,1000,Score in Half,No Gift Cards Slits,Yes 10000 Envelopes A6
Majestic,Silk,6 x 9,Vertical,Rectangle,16PT C2S,No Coating,Silk,n/a,4/1,1000,Score in Half,No Gift Cards Slits,Yes 10000 Envelopes A6
Majestic,Silk,6 x 9,Horizontal,Rectangle,16PT C2S,No Coating,Silk,n/a,4/4,1000,Score in Half,No Gift Cards Slits,Yes 10000 Envelopes A6
Majestic,Silk,6 x 9,Vertical,Rectangle,16PT C2S,No Coating,Silk,n/a,4/4,1000,Score in Half,No Gift Cards Slits,Yes 10000 Envelopes A6
Majestic,Silk,6 x 9,Vertical,Rectangle,16PT C2S,No Coating,Silk,n/a,4/4,500,Score in Half,No Gift Cards Slits,Yes 10000 Envelopes A6
Majestic,Silk,6 x 9,Vertical,Rectangle,16PT C2S,No Coating,Silk,n/a,4/1,500,Score in Half,Moon Slits Bottom Panel,Yes 10000 Envelopes A6
Majestic,Silk,6 x 9,Vertical,Rectangle,16PT C2S,No Coating,Silk,n/a,4/0,2500,Score in Half,No Gift Cards Slits,Yes 10000 Envelopes A6
Majestic,Silk,6 x 9,Horizontal,Rectangle,16PT C2S,No Coating,Silk,n/a,4/1,2500,Score in Half,No Gift Cards Slits,Yes 10000 Envelopes A6
Majestic,Silk,6 x 9,Horizontal,Rectangle,16PT C2S,No Coating,Silk,n/a,4/4,2500,Score in Half,No Gift Cards Slits,Yes 10000 Envelopes A6
Majestic,Silk,6 x 9,Vertical,Rectangle,16PT C2S,No Coating,Silk,n/a,4/4,2500,Score in Half,No Gift Cards Slits,Yes 10000 Envelopes A6
Majestic,Silk,6 x 9,Vertical,Rectangle,16PT C2S,No Coating,Silk,n/a,4/1,2500,Score in Half,No Gift Cards Slits,Yes 10000 Envelopes A6
Majestic,Silk,6 x 9,Horizontal,Rectangle,16PT C2S,No Coating,Silk,n/a,4/0,5000,Score in Half,No Gift Cards Slits,Yes 10000 Envelopes A6
Majestic,Silk,6 x 9,Vertical,Rectangle,16PT C2S,No Coating,Silk,n/a,4/0,5000,Score in Half,No Gift Cards Slits,Yes 10000 Envelopes A6
Majestic,Silk,6 x 9,Horizontal,Rectangle,16PT C2S,No Coating,Silk,n/a,4/1,5000,Score in Half,No Gift Cards Slits,Yes 10000 Envelopes A6
Majestic,Silk,6 x 9,Horizontal,Rectangle,16PT C2S,No Coating,Silk,n/a,4/0,2500,Score in Half,No Gift Cards Slits,Yes 10000 Envelopes A6
Majestic,Silk,6 x 9,Horizontal,Rectangle,16PT C2S,No Coating,Silk,n/a,4/4,5000,Score in Half,No Gift Cards Slits,Yes 10000 Envelopes A6
Majestic,Silk,6 x 9,Vertical,Rectangle,16PT C2S,No Coating,Silk,n/a,4/4,5000,Score in Half,No Gift Cards Slits,Yes 10000 Envelopes A6
Majestic,Silk,6 x 9,Horizontal,Rectangle,16PT C2S,No Coating,Silk,n/a,4/0,10000,Score in Half,No Gift Cards Slits,Yes 10000 Envelopes A6
Majestic,Silk,6 x 9,Horizontal,Rectangle,16PT C2S,No Coating,Silk,n/a,4/1,10000,Score in Half,No Gift Cards Slits,Yes 10000 Envelopes A6
Majestic,Silk,6 x 9,Vertical,Rectangle,16PT C2S,No Coating,Silk,n/a,4/1,10000,Score in Half,No Gift Cards Slits,Yes 10000 Envelopes A6
Majestic,Silk,6 x 9,Horizontal,Rectangle,16PT C2S,No Coating,Silk,n/a,4/4,10000,Score in Half,No Gift Cards Slits,Yes 10000 Envelopes A6
Majestic,Silk,6 x 9,Vertical,Rectangle,16PT C2S,No Coating,Silk,n/a,4/4,10000,Score in Half,No Gift Cards Slits,Yes 10000 Envelopes A6
Majestic,Silk,6 x 9,Horizontal,Rectangle,16PT C2S,No Coating,Silk,n/a,4/0,25,Score in Half,Slide Slits Bottom Panel,Yes 10000 Envelopes A6
Majestic,Silk,6 x 9,Vertical,Rectangle,16PT C2S,No Coating,Silk,n/a,4/0,25,Score in Half,Slide Slits Bottom Panel,Yes 10000 Envelopes A6
Majestic,Silk,6 x 9,Horizontal,Rectangle,16PT C2S,No Coating,Silk,n/a,4/1,25,Score in Half,Slide Slits Bottom Panel,Yes 10000 Envelopes A6
Majestic,Silk,6 x 9,Vertical,Rectangle,16PT C2S,No Coating,Silk,n/a,4/1,25,Score in Half,Slide Slits Bottom Panel,Yes 10000 Envelopes A6
Majestic,Silk,6 x 9,Horizontal,Rectangle,16PT C2S,No Coating,Silk,n/a,4/4,25,Score in Half,Slide Slits Bottom Panel,Yes 10000 Envelopes A6
Majestic,Silk,6 x 9,Vertical,Rectangle,16PT C2S,No Coating,Silk,n/a,4/4,25,Score in Half,Slide Slits Bottom Panel,Yes 10000 Envelopes A6
Majestic,Silk,6 x 9,Horizontal,Rectangle,16PT C2S,No Coating,Silk,n/a,4/0,50,Score in Half,Slide Slits Bottom Panel,Yes 10000 Envelopes A6
Majestic,Silk,6 x 9,Vertical,Rectangle,16PT C2S,No Coating,Silk,n/a,4/1,5000,Score in Half,No Gift Cards Slits,Yes 10000 Envelopes A6
Majestic,Silk,6 x 9,Horizontal,Rectangle,16PT C2S,No Coating,Silk,n/a,4/1,50,Score in Half,Slide Slits Bottom Panel,Yes 10000 Envelopes A6
Majestic,Silk,6 x 9,Vertical,Rectangle,16PT C2S,No Coating,Silk,n/a,4/1,50,Score in Half,Slide Slits Bottom Panel,Yes 10000 Envelopes A6
Majestic,Silk,6 x 9,Horizontal,Rectangle,16PT C2S,No Coating,Silk,n/a,4/4,50,Score in Half,Slide Slits Bottom Panel,Yes 10000 Envelopes A6
Majestic,Silk,6 x 9,Vertical,Rectangle,16PT C2S,No Coating,Silk,n/a,4/4,50,Score in Half,Slide Slits Bottom Panel,Yes 10000 Envelopes A6
Majestic,Silk,6 x 9,Horizontal,Rectangle,16PT C2S,No Coating,Silk,n/a,4/0,75,Score in Half,Slide Slits Bottom Panel,Yes 10000 Envelopes A6
Majestic,Silk,6 x 9,Vertical,Rectangle,16PT C2S,No Coating,Silk,n/a,4/0,75,Score in Half,Slide Slits Bottom Panel,Yes 10000 Envelopes A6
Majestic,Silk,6 x 9,Horizontal,Rectangle,16PT C2S,No Coating,Silk,n/a,4/1,75,Score in Half,Slide Slits Bottom Panel,Yes 10000 Envelopes A6
Majestic,Silk,6 x 9,Vertical,Rectangle,16PT C2S,No Coating,Silk,n/a,4/1,75,Score in Half,Slide Slits Bottom Panel,Yes 10000 Envelopes A6
Majestic,Silk,6 x 9,Horizontal,Rectangle,16PT C2S,No Coating,Silk,n/a,4/4,75,Score in Half,Slide Slits Bottom Panel,Yes 10000 Envelopes A6
Majestic,Silk,6 x 9,Vertical,Rectangle,16PT C2S,No Coating,Silk,n/a,4/4,75,Score in Half,Slide Slits Bottom Panel,Yes 10000 Envelopes A6
Majestic,Silk,6 x 9,Vertical,Rectangle,16PT C2S,No Coating,Silk,n/a,4/0,10000,Score in Half,No Gift Cards Slits,Yes 10000 Envelopes A6
Majestic,Silk,6 x 9,Horizontal,Rectangle,16PT C2S,No Coating,Silk,n/a,4/0,100,Score in Half,Slide Slits Bottom Panel,Yes 10000 Envelopes A6
Majestic,Silk,6 x 9,Vertical,Rectangle,16PT C2S,No Coating,Silk,n/a,4/0,100,Score in Half,Slide Slits Bottom Panel,Yes 10000 Envelopes A6
Majestic,Silk,6 x 9,Horizontal,Rectangle,16PT C2S,No Coating,Silk,n/a,4/1,100,Score in Half,Slide Slits Bottom Panel,Yes 10000 Envelopes A6
Majestic,Silk,6 x 9,Horizontal,Rectangle,16PT C2S,No Coating,Silk,n/a,4/4,100,Score in Half,Slide Slits Bottom Panel,Yes 10000 Envelopes A6
Majestic,Silk,6 x 9,Vertical,Rectangle,16PT C2S,No Coating,Silk,n/a,4/4,100,Score in Half,Slide Slits Bottom Panel,Yes 10000 Envelopes A6
Majestic,Silk,6 x 9,Horizontal,Rectangle,16PT C2S,No Coating,Silk,n/a,4/0,250,Score in Half,Slide Slits Bottom Panel,Yes 10000 Envelopes A6
Majestic,Silk,6 x 9,Vertical,Rectangle,16PT C2S,No Coating,Silk,n/a,4/0,250,Score in Half,Slide Slits Bottom Panel,Yes 10000 Envelopes A6
Majestic,Silk,6 x 9,Horizontal,Rectangle,16PT C2S,No Coating,Silk,n/a,4/4,250,Score in Half,Slide Slits Bottom Panel,Yes 10000 Envelopes A6
Majestic,Silk,6 x 9,Vertical,Rectangle,16PT C2S,No Coating,Silk,n/a,4/1,250,Score in Half,Slide Slits Bottom Panel,Yes 10000 Envelopes A6
Majestic,Silk,6 x 9,Vertical,Rectangle,16PT C2S,No Coating,Silk,n/a,4/1,100,Score in Half,Slide Slits Bottom Panel,Yes 10000 Envelopes A6
Majestic,Silk,6 x 9,Vertical,Rectangle,16PT C2S,No Coating,Silk,n/a,4/4,250,Score in Half,Slide Slits Bottom Panel,Yes 10000 Envelopes A6
Majestic,Silk,6 x 9,Horizontal,Rectangle,16PT C2S,No Coating,Silk,n/a,4/0,500,Score in Half,Slide Slits Bottom Panel,Yes 10000 Envelopes A6
Majestic,Silk,6 x 9,Vertical,Rectangle,16PT C2S,No Coating,Silk,n/a,4/0,500,Score in Half,Slide Slits Bottom Panel,Yes 10000 Envelopes A6
Majestic,Silk,6 x 9,Horizontal,Rectangle,16PT C2S,No Coating,Silk,n/a,4/1,500,Score in Half,Slide Slits Bottom Panel,Yes 10000 Envelopes A6
Majestic,Silk,6 x 9,Vertical,Rectangle,16PT C2S,No Coating,Silk,n/a,4/1,500,Score in Half,Slide Slits Bottom Panel,Yes 10000 Envelopes A6
Majestic,Silk,6 x 9,Horizontal,Rectangle,16PT C2S,No Coating,Silk,n/a,4/0,1000,Score in Half,Slide Slits Bottom Panel,Yes 10000 Envelopes A6
Majestic,Silk,6 x 9,Vertical,Rectangle,16PT C2S,No Coating,Silk,n/a,4/4,500,Score in Half,Slide Slits Bottom Panel,Yes 10000 Envelopes A6
Majestic,Silk,6 x 9,Vertical,Rectangle,16PT C2S,No Coating,Silk,n/a,4/0,1000,Score in Half,Slide Slits Bottom Panel,Yes 10000 Envelopes A6
Majestic,Silk,6 x 9,Horizontal,Rectangle,16PT C2S,No Coating,Silk,n/a,4/1,1000,Score in Half,Slide Slits Bottom Panel,Yes 10000 Envelopes A6
Majestic,Silk,6 x 9,Vertical,Rectangle,16PT C2S,No Coating,Silk,n/a,4/1,1000,Score in Half,Slide Slits Bottom Panel,Yes 10000 Envelopes A6
Majestic,Silk,6 x 9,Horizontal,Rectangle,16PT C2S,No Coating,Silk,n/a,4/4,1000,Score in Half,Slide Slits Bottom Panel,Yes 10000 Envelopes A6
Majestic,Silk,6 x 9,Horizontal,Rectangle,16PT C2S,No Coating,Silk,n/a,4/1,250,Score in Half,Slide Slits Bottom Panel,Yes 10000 Envelopes A6
Majestic,Silk,6 x 9,Vertical,Rectangle,16PT C2S,No Coating,Silk,n/a,4/4,1000,Score in Half,Slide Slits Bottom Panel,Yes 10000 Envelopes A6
Majestic,Silk,6 x 9,Horizontal,Rectangle,16PT C2S,No Coating,Silk,n/a,4/0,2500,Score in Half,Slide Slits Bottom Panel,Yes 10000 Envelopes A6
Majestic,Silk,6 x 9,Horizontal,Rectangle,16PT C2S,No Coating,Silk,n/a,4/1,2500,Score in Half,Slide Slits Bottom Panel,Yes 10000 Envelopes A6
Majestic,Silk,6 x 9,Vertical,Rectangle,16PT C2S,No Coating,Silk,n/a,4/1,2500,Score in Half,Slide Slits Bottom Panel,Yes 10000 Envelopes A6
Majestic,Silk,6 x 9,Horizontal,Rectangle,16PT C2S,No Coating,Silk,n/a,4/4,2500,Score in Half,Slide Slits Bottom Panel,Yes 10000 Envelopes A6
Majestic,Silk,6 x 9,Vertical,Rectangle,16PT C2S,No Coating,Silk,n/a,4/0,2500,Score in Half,Slide Slits Bottom Panel,Yes 10000 Envelopes A6
Majestic,Silk,6 x 9,Horizontal,Rectangle,16PT C2S,No Coating,Silk,n/a,4/0,2500,Score in Half,Moon Slits Bottom Panel,Yes 10000 Envelopes A6
Majestic,Silk,6 x 9,Vertical,Rectangle,16PT C2S,No Coating,Silk,n/a,4/1,75,Score in Half,Moon Slits Bottom Panel,Yes 10000 Envelopes A6
Majestic,Silk,6 x 9,Horizontal,Rectangle,16PT C2S,No Coating,Silk,n/a,4/1,5000,Score in Half,Slide Slits Bottom Panel,Yes 10000 Envelopes A6
Majestic,Silk,6 x 9,Vertical,Rectangle,16PT C2S,No Coating,Silk,n/a,4/0,5000,Score in Half,Slide Slits Bottom Panel,Yes 10000 Envelopes A6
Majestic,Silk,6 x 9,Vertical,Rectangle,16PT C2S,No Coating,Silk,n/a,4/1,5000,Score in Half,Slide Slits Bottom Panel,Yes 10000 Envelopes A6
Majestic,Silk,6 x 9,Horizontal,Rectangle,16PT C2S,No Coating,Silk,n/a,4/4,5000,Score in Half,Slide Slits Bottom Panel,Yes 10000 Envelopes A6
Majestic,Silk,6 x 9,Horizontal,Rectangle,16PT C2S,No Coating,Silk,n/a,4/0,10000,Score in Half,Slide Slits Bottom Panel,Yes 10000 Envelopes A6
Majestic,Silk,6 x 9,Vertical,Rectangle,16PT C2S,No Coating,Silk,n/a,4/4,5000,Score in Half,Slide Slits Bottom Panel,Yes 10000 Envelopes A6
Majestic,Silk,6 x 9,Vertical,Rectangle,16PT C2S,No Coating,Silk,n/a,4/0,10000,Score in Half,Slide Slits Bottom Panel,Yes 10000 Envelopes A6
Majestic,Silk,6 x 9,Horizontal,Rectangle,16PT C2S,No Coating,Silk,n/a,4/4,500,Score in Half,Slide Slits Bottom Panel,Yes 10000 Envelopes A6
Majestic,Silk,6 x 9,Horizontal,Rectangle,16PT C2S,No Coating,Silk,n/a,4/1,10000,Score in Half,Slide Slits Bottom Panel,Yes 10000 Envelopes A6
Majestic,Silk,6 x 9,Vertical,Rectangle,16PT C2S,No Coating,Silk,n/a,4/1,10000,Score in Half,Slide Slits Bottom Panel,Yes 10000 Envelopes A6
Majestic,Silk,6 x 9,Horizontal,Rectangle,16PT C2S,No Coating,Silk,n/a,4/4,10000,Score in Half,Slide Slits Bottom Panel,Yes 10000 Envelopes A6
Majestic,Silk,6 x 9,Horizontal,Rectangle,16PT C2S,No Coating,Silk,n/a,4/0,25,Score in Half,Slide Slits Right Panel,Yes 10000 Envelopes A6
Majestic,Silk,6 x 9,Vertical,Rectangle,16PT C2S,No Coating,Silk,n/a,4/0,25,Score in Half,Slide Slits Right Panel,Yes 10000 Envelopes A6
Majestic,Silk,6 x 9,Horizontal,Rectangle,16PT C2S,No Coating,Silk,n/a,4/1,25,Score in Half,Slide Slits Right Panel,Yes 10000 Envelopes A6
Majestic,Silk,6 x 9,Vertical,Rectangle,16PT C2S,No Coating,Silk,n/a,4/1,25,Score in Half,Slide Slits Right Panel,Yes 10000 Envelopes A6
Majestic,Silk,6 x 9,Vertical,Rectangle,16PT C2S,No Coating,Silk,n/a,4/4,10000,Score in Half,Slide Slits Bottom Panel,Yes 10000 Envelopes A6
Majestic,Silk,6 x 9,Vertical,Rectangle,16PT C2S,No Coating,Silk,n/a,4/4,25,Score in Half,Slide Slits Right Panel,Yes 10000 Envelopes A6
Majestic,Silk,6 x 9,Horizontal,Rectangle,16PT C2S,No Coating,Silk,n/a,4/4,25,Score in Half,Slide Slits Right Panel,Yes 10000 Envelopes A6
Majestic,Silk,6 x 9,Horizontal,Rectangle,16PT C2S,No Coating,Silk,n/a,4/0,50,Score in Half,Slide Slits Right Panel,Yes 10000 Envelopes A6
Majestic,Silk,6 x 9,Vertical,Rectangle,16PT C2S,No Coating,Silk,n/a,4/0,50,Score in Half,Slide Slits Right Panel,Yes 10000 Envelopes A6
Majestic,Silk,6 x 9,Horizontal,Rectangle,16PT C2S,No Coating,Silk,n/a,4/1,50,Score in Half,Slide Slits Right Panel,Yes 10000 Envelopes A6
Majestic,Silk,6 x 9,Horizontal,Rectangle,16PT C2S,No Coating,Silk,n/a,4/4,50,Score in Half,Slide Slits Right Panel,Yes 10000 Envelopes A6
Majestic,Silk,6 x 9,Vertical,Rectangle,16PT C2S,No Coating,Silk,n/a,4/4,50,Score in Half,Slide Slits Right Panel,Yes 10000 Envelopes A6
Majestic,Silk,6 x 9,Horizontal,Rectangle,16PT C2S,No Coating,Silk,n/a,4/0,75,Score in Half,Slide Slits Right Panel,Yes 10000 Envelopes A6
Majestic,Silk,6 x 9,Vertical,Rectangle,16PT C2S,No Coating,Silk,n/a,4/1,50,Score in Half,Slide Slits Right Panel,Yes 10000 Envelopes A6
Majestic,Silk,6 x 9,Vertical,Rectangle,16PT C2S,No Coating,Silk,n/a,4/0,75,Score in Half,Slide Slits Right Panel,Yes 10000 Envelopes A6
Majestic,Silk,6 x 9,Horizontal,Rectangle,16PT C2S,No Coating,Silk,n/a,4/1,75,Score in Half,Slide Slits Right Panel,Yes 10000 Envelopes A6
Majestic,Silk,6 x 9,Vertical,Rectangle,16PT C2S,No Coating,Silk,n/a,4/1,75,Score in Half,Slide Slits Right Panel,Yes 10000 Envelopes A6
Majestic,Silk,6 x 9,Horizontal,Rectangle,16PT C2S,No Coating,Silk,n/a,4/4,75,Score in Half,Slide Slits Right Panel,Yes 10000 Envelopes A6
Majestic,Silk,6 x 9,Vertical,Rectangle,16PT C2S,No Coating,Silk,n/a,4/4,75,Score in Half,Slide Slits Right Panel,Yes 10000 Envelopes A6
Majestic,Silk,6 x 9,Horizontal,Rectangle,16PT C2S,No Coating,Silk,n/a,4/0,100,Score in Half,Slide Slits Right Panel,Yes 10000 Envelopes A6
Majestic,Silk,6 x 9,Vertical,Rectangle,16PT C2S,No Coating,Silk,n/a,4/0,100,Score in Half,Slide Slits Right Panel,Yes 10000 Envelopes A6
Majestic,Silk,6 x 9,Vertical,Rectangle,16PT C2S,No Coating,Silk,n/a,4/1,100,Score in Half,Slide Slits Right Panel,Yes 10000 Envelopes A6
Majestic,Silk,6 x 9,Horizontal,Rectangle,16PT C2S,No Coating,Silk,n/a,4/1,100,Score in Half,Slide Slits Right Panel,Yes 10000 Envelopes A6
Majestic,Silk,6 x 9,Horizontal,Rectangle,16PT C2S,No Coating,Silk,n/a,4/4,100,Score in Half,Slide Slits Right Panel,Yes 10000 Envelopes A6
Majestic,Silk,6 x 9,Vertical,Rectangle,16PT C2S,No Coating,Silk,n/a,4/4,100,Score in Half,Slide Slits Right Panel,Yes 10000 Envelopes A6
Majestic,Silk,6 x 9,Horizontal,Rectangle,16PT C2S,No Coating,Silk,n/a,4/0,250,Score in Half,Slide Slits Right Panel,Yes 10000 Envelopes A6
Majestic,Silk,6 x 9,Vertical,Rectangle,16PT C2S,No Coating,Silk,n/a,4/0,250,Score in Half,Slide Slits Right Panel,Yes 10000 Envelopes A6
Majestic,Silk,6 x 9,Horizontal,Rectangle,16PT C2S,No Coating,Silk,n/a,4/1,250,Score in Half,Slide Slits Right Panel,Yes 10000 Envelopes A6
Majestic,Silk,6 x 9,Vertical,Rectangle,16PT C2S,No Coating,Silk,n/a,4/1,250,Score in Half,Slide Slits Right Panel,Yes 10000 Envelopes A6
Majestic,Silk,6 x 9,Horizontal,Rectangle,16PT C2S,No Coating,Silk,n/a,4/4,250,Score in Half,Slide Slits Right Panel,Yes 10000 Envelopes A6
Majestic,Silk,6 x 9,Vertical,Rectangle,16PT C2S,No Coating,Silk,n/a,4/4,250,Score in Half,Slide Slits Right Panel,Yes 10000 Envelopes A6
Majestic,Silk,6 x 9,Horizontal,Rectangle,16PT C2S,No Coating,Silk,n/a,4/0,500,Score in Half,Slide Slits Right Panel,Yes 10000 Envelopes A6
Majestic,Silk,6 x 9,Vertical,Rectangle,16PT C2S,No Coating,Silk,n/a,4/0,500,Score in Half,Slide Slits Right Panel,Yes 10000 Envelopes A6
Majestic,Silk,6 x 9,Horizontal,Rectangle,16PT C2S,No Coating,Silk,n/a,4/1,500,Score in Half,Slide Slits Right Panel,Yes 10000 Envelopes A6
Majestic,Silk,6 x 9,Horizontal,Rectangle,16PT C2S,No Coating,Silk,n/a,4/4,500,Score in Half,Slide Slits Right Panel,Yes 10000 Envelopes A6
Majestic,Silk,6 x 9,Vertical,Rectangle,16PT C2S,No Coating,Silk,n/a,4/1,500,Score in Half,Slide Slits Right Panel,Yes 10000 Envelopes A6
Majestic,Silk,6 x 9,Vertical,Rectangle,16PT C2S,No Coating,Silk,n/a,4/4,500,Score in Half,Slide Slits Right Panel,Yes 10000 Envelopes A6
Majestic,Silk,6 x 9,Horizontal,Rectangle,16PT C2S,No Coating,Silk,n/a,4/0,1000,Score in Half,Slide Slits Right Panel,Yes 10000 Envelopes A6
Majestic,Silk,6 x 9,Vertical,Rectangle,16PT C2S,No Coating,Silk,n/a,4/0,1000,Score in Half,Slide Slits Right Panel,Yes 10000 Envelopes A6
Majestic,Silk,6 x 9,Horizontal,Rectangle,16PT C2S,No Coating,Silk,n/a,4/1,1000,Score in Half,Slide Slits Right Panel,Yes 10000 Envelopes A6
Majestic,Silk,6 x 9,Vertical,Rectangle,16PT C2S,No Coating,Silk,n/a,4/1,1000,Score in Half,Slide Slits Right Panel,Yes 10000 Envelopes A6
Majestic,Silk,6 x 9,Horizontal,Rectangle,16PT C2S,No Coating,Silk,n/a,4/4,1000,Score in Half,Slide Slits Right Panel,Yes 10000 Envelopes A6
Majestic,Silk,6 x 9,Vertical,Rectangle,16PT C2S,No Coating,Silk,n/a,4/4,1000,Score in Half,Slide Slits Right Panel,Yes 10000 Envelopes A6
Majestic,Silk,6 x 9,Horizontal,Rectangle,16PT C2S,No Coating,Silk,n/a,4/0,2500,Score in Half,Slide Slits Right Panel,Yes 10000 Envelopes A6
Majestic,Silk,6 x 9,Vertical,Rectangle,16PT C2S,No Coating,Silk,n/a,4/0,2500,Score in Half,Slide Slits Right Panel,Yes 10000 Envelopes A6
Majestic,Silk,6 x 9,Horizontal,Rectangle,16PT C2S,No Coating,Silk,n/a,4/1,2500,Score in Half,Slide Slits Right Panel,Yes 10000 Envelopes A6
Majestic,Silk,6 x 9,Vertical,Rectangle,16PT C2S,No Coating,Silk,n/a,4/1,2500,Score in Half,Slide Slits Right Panel,Yes 10000 Envelopes A6
Majestic,Silk,6 x 9,Horizontal,Rectangle,16PT C2S,No Coating,Silk,n/a,4/4,2500,Score in Half,Slide Slits Right Panel,Yes 10000 Envelopes A6
Majestic,Silk,6 x 9,Vertical,Rectangle,16PT C2S,No Coating,Silk,n/a,4/4,2500,Score in Half,Slide Slits Right Panel,Yes 10000 Envelopes A6
Majestic,Silk,6 x 9,Horizontal,Rectangle,16PT C2S,No Coating,Silk,n/a,4/0,5000,Score in Half,Slide Slits Right Panel,Yes 10000 Envelopes A6
Majestic,Silk,6 x 9,Vertical,Rectangle,16PT C2S,No Coating,Silk,n/a,4/0,5000,Score in Half,Slide Slits Right Panel,Yes 10000 Envelopes A6
Majestic,Silk,6 x 9,Horizontal,Rectangle,16PT C2S,No Coating,Silk,n/a,4/1,5000,Score in Half,Slide Slits Right Panel,Yes 10000 Envelopes A6
Majestic,Silk,6 x 9,Vertical,Rectangle,16PT C2S,No Coating,Silk,n/a,4/1,5000,Score in Half,Slide Slits Right Panel,Yes 10000 Envelopes A6
Majestic,Silk,6 x 9,Horizontal,Rectangle,16PT C2S,No Coating,Silk,n/a,4/4,5000,Score in Half,Slide Slits Right Panel,Yes 10000 Envelopes A6
Majestic,Silk,6 x 9,Vertical,Rectangle,16PT C2S,No Coating,Silk,n/a,4/4,5000,Score in Half,Slide Slits Right Panel,Yes 10000 Envelopes A6
Majestic,Silk,6 x 9,Horizontal,Rectangle,16PT C2S,No Coating,Silk,n/a,4/0,10000,Score in Half,Slide Slits Right Panel,Yes 10000 Envelopes A6
Majestic,Silk,6 x 9,Vertical,Rectangle,16PT C2S,No Coating,Silk,n/a,4/0,10000,Score in Half,Slide Slits Right Panel,Yes 10000 Envelopes A6
Majestic,Silk,6 x 9,Horizontal,Rectangle,16PT C2S,No Coating,Silk,n/a,4/1,10000,Score in Half,Slide Slits Right Panel,Yes 10000 Envelopes A6
Majestic,Silk,6 x 9,Vertical,Rectangle,16PT C2S,No Coating,Silk,n/a,4/1,10000,Score in Half,Slide Slits Right Panel,Yes 10000 Envelopes A6
Majestic,Silk,6 x 9,Horizontal,Rectangle,16PT C2S,No Coating,Silk,n/a,4/4,10000,Score in Half,Slide Slits Right Panel,Yes 10000 Envelopes A6
Majestic,Silk,6 x 9,Vertical,Rectangle,16PT C2S,No Coating,Silk,n/a,4/4,10000,Score in Half,Slide Slits Right Panel,Yes 10000 Envelopes A6
Majestic,Silk,6 x 12,Vertical,Rectangle,16PT C2S,No Coating,Silk,n/a,4/0,25,Score in Half,Moon Slits Bottom Panel,No Blank Envelopes
Majestic,Silk,6 x 12,Horizontal,Rectangle,16PT C2S,No Coating,Silk,n/a,4/0,25,Score in Half,Moon Slits Bottom Panel,No Blank Envelopes
Majestic,Silk,6 x 12,Vertical,Rectangle,16PT C2S,No Coating,Silk,n/a,4/1,25,Score in Half,Moon Slits Bottom Panel,No Blank Envelopes
Majestic,Silk,6 x 12,Horizontal,Rectangle,16PT C2S,No Coating,Silk,n/a,4/1,25,Score in Half,Moon Slits Bottom Panel,No Blank Envelopes
Majestic,Silk,6 x 12,Horizontal,Rectangle,16PT C2S,No Coating,Silk,n/a,4/4,25,Score in Half,Moon Slits Bottom Panel,No Blank Envelopes
Majestic,Silk,6 x 12,Vertical,Rectangle,16PT C2S,No Coating,Silk,n/a,4/4,25,Score in Half,Moon Slits Bottom Panel,No Blank Envelopes
Majestic,Silk,6 x 12,Horizontal,Rectangle,16PT C2S,No Coating,Silk,n/a,4/0,50,Score in Half,Moon Slits Bottom Panel,No Blank Envelopes
Majestic,Silk,6 x 12,Vertical,Rectangle,16PT C2S,No Coating,Silk,n/a,4/0,50,Score in Half,Moon Slits Bottom Panel,No Blank Envelopes
Majestic,Silk,6 x 12,Horizontal,Rectangle,16PT C2S,No Coating,Silk,n/a,4/1,50,Score in Half,Moon Slits Bottom Panel,No Blank Envelopes
Majestic,Silk,6 x 12,Vertical,Rectangle,16PT C2S,No Coating,Silk,n/a,4/1,50,Score in Half,Moon Slits Bottom Panel,No Blank Envelopes
Majestic,Silk,6 x 12,Horizontal,Rectangle,16PT C2S,No Coating,Silk,n/a,4/4,50,Score in Half,Moon Slits Bottom Panel,No Blank Envelopes
Majestic,Silk,6 x 9,Horizontal,Rectangle,16PT C2S,No Coating,Silk,n/a,4/0,5000,Score in Half,Slide Slits Bottom Panel,Yes 10000 Envelopes A6
Majestic,Silk,6 x 12,Horizontal,Rectangle,16PT C2S,No Coating,Silk,n/a,4/0,75,Score in Half,Moon Slits Bottom Panel,No Blank Envelopes
Majestic,Silk,6 x 12,Vertical,Rectangle,16PT C2S,No Coating,Silk,n/a,4/0,75,Score in Half,Moon Slits Bottom Panel,No Blank Envelopes
Majestic,Silk,6 x 12,Horizontal,Rectangle,16PT C2S,No Coating,Silk,n/a,4/1,75,Score in Half,Moon Slits Bottom Panel,No Blank Envelopes
Majestic,Silk,6 x 12,Vertical,Rectangle,16PT C2S,No Coating,Silk,n/a,4/1,75,Score in Half,Moon Slits Bottom Panel,No Blank Envelopes
Majestic,Silk,6 x 12,Horizontal,Rectangle,16PT C2S,No Coating,Silk,n/a,4/4,75,Score in Half,Moon Slits Bottom Panel,No Blank Envelopes
Majestic,Silk,6 x 12,Vertical,Rectangle,16PT C2S,No Coating,Silk,n/a,4/4,75,Score in Half,Moon Slits Bottom Panel,No Blank Envelopes
Majestic,Silk,6 x 12,Horizontal,Rectangle,16PT C2S,No Coating,Silk,n/a,4/0,100,Score in Half,Moon Slits Bottom Panel,No Blank Envelopes
Majestic,Silk,6 x 12,Vertical,Rectangle,16PT C2S,No Coating,Silk,n/a,4/0,100,Score in Half,Moon Slits Bottom Panel,No Blank Envelopes
Majestic,Silk,6 x 12,Horizontal,Rectangle,16PT C2S,No Coating,Silk,n/a,4/1,100,Score in Half,Moon Slits Bottom Panel,No Blank Envelopes
Majestic,Silk,6 x 12,Vertical,Rectangle,16PT C2S,No Coating,Silk,n/a,4/1,100,Score in Half,Moon Slits Bottom Panel,No Blank Envelopes
Majestic,Silk,6 x 12,Horizontal,Rectangle,16PT C2S,No Coating,Silk,n/a,4/4,100,Score in Half,Moon Slits Bottom Panel,No Blank Envelopes
Majestic,Silk,6 x 12,Vertical,Rectangle,16PT C2S,No Coating,Silk,n/a,4/4,100,Score in Half,Moon Slits Bottom Panel,No Blank Envelopes
Majestic,Silk,6 x 12,Horizontal,Rectangle,16PT C2S,No Coating,Silk,n/a,4/0,250,Score in Half,Moon Slits Bottom Panel,No Blank Envelopes
Majestic,Silk,6 x 12,Vertical,Rectangle,16PT C2S,No Coating,Silk,n/a,4/0,250,Score in Half,Moon Slits Bottom Panel,No Blank Envelopes
Majestic,Silk,6 x 12,Horizontal,Rectangle,16PT C2S,No Coating,Silk,n/a,4/1,250,Score in Half,Moon Slits Bottom Panel,No Blank Envelopes
Majestic,Silk,6 x 12,Vertical,Rectangle,16PT C2S,No Coating,Silk,n/a,4/1,250,Score in Half,Moon Slits Bottom Panel,No Blank Envelopes
Majestic,Silk,6 x 12,Horizontal,Rectangle,16PT C2S,No Coating,Silk,n/a,4/4,250,Score in Half,Moon Slits Bottom Panel,No Blank Envelopes
Majestic,Silk,6 x 12,Vertical,Rectangle,16PT C2S,No Coating,Silk,n/a,4/4,250,Score in Half,Moon Slits Bottom Panel,No Blank Envelopes
Majestic,Silk,6 x 12,Horizontal,Rectangle,16PT C2S,No Coating,Silk,n/a,4/0,500,Score in Half,Moon Slits Bottom Panel,No Blank Envelopes
Majestic,Silk,6 x 12,Vertical,Rectangle,16PT C2S,No Coating,Silk,n/a,4/0,500,Score in Half,Moon Slits Bottom Panel,No Blank Envelopes
Majestic,Silk,6 x 12,Horizontal,Rectangle,16PT C2S,No Coating,Silk,n/a,4/1,500,Score in Half,Moon Slits Bottom Panel,No Blank Envelopes
Majestic,Silk,6 x 12,Vertical,Rectangle,16PT C2S,No Coating,Silk,n/a,4/1,500,Score in Half,Moon Slits Bottom Panel,No Blank Envelopes
Majestic,Silk,6 x 12,Horizontal,Rectangle,16PT C2S,No Coating,Silk,n/a,4/4,500,Score in Half,Moon Slits Bottom Panel,No Blank Envelopes
Majestic,Silk,6 x 12,Vertical,Rectangle,16PT C2S,No Coating,Silk,n/a,4/4,500,Score in Half,Moon Slits Bottom Panel,No Blank Envelopes
Majestic,Silk,6 x 12,Horizontal,Rectangle,16PT C2S,No Coating,Silk,n/a,4/0,1000,Score in Half,Moon Slits Bottom Panel,No Blank Envelopes
Majestic,Silk,6 x 12,Vertical,Rectangle,16PT C2S,No Coating,Silk,n/a,4/0,1000,Score in Half,Moon Slits Bottom Panel,No Blank Envelopes
Majestic,Silk,6 x 12,Horizontal,Rectangle,16PT C2S,No Coating,Silk,n/a,4/1,1000,Score in Half,Moon Slits Bottom Panel,No Blank Envelopes
Majestic,Silk,6 x 12,Vertical,Rectangle,16PT C2S,No Coating,Silk,n/a,4/1,1000,Score in Half,Moon Slits Bottom Panel,No Blank Envelopes
Majestic,Silk,6 x 12,Horizontal,Rectangle,16PT C2S,No Coating,Silk,n/a,4/4,1000,Score in Half,Moon Slits Bottom Panel,No Blank Envelopes
Majestic,Silk,6 x 12,Vertical,Rectangle,16PT C2S,No Coating,Silk,n/a,4/4,1000,Score in Half,Moon Slits Bottom Panel,No Blank Envelopes
Majestic,Silk,6 x 12,Horizontal,Rectangle,16PT C2S,No Coating,Silk,n/a,4/0,2500,Score in Half,Moon Slits Bottom Panel,No Blank Envelopes
Majestic,Silk,6 x 9,Vertical,Rectangle,16PT C2S,No Coating,Silk,n/a,4/4,2500,Score in Half,Slide Slits Bottom Panel,Yes 10000 Envelopes A6
Majestic,Silk,6 x 12,Horizontal,Rectangle,16PT C2S,No Coating,Silk,n/a,4/1,2500,Score in Half,Moon Slits Bottom Panel,No Blank Envelopes
Majestic,Silk,6 x 12,Vertical,Rectangle,16PT C2S,No Coating,Silk,n/a,4/1,2500,Score in Half,Moon Slits Bottom Panel,No Blank Envelopes
Majestic,Silk,6 x 12,Horizontal,Rectangle,16PT C2S,No Coating,Silk,n/a,4/4,2500,Score in Half,Moon Slits Bottom Panel,No Blank Envelopes
Majestic,Silk,6 x 12,Vertical,Rectangle,16PT C2S,No Coating,Silk,n/a,4/4,2500,Score in Half,Moon Slits Bottom Panel,No Blank Envelopes
Majestic,Silk,6 x 12,Horizontal,Rectangle,16PT C2S,No Coating,Silk,n/a,4/0,5000,Score in Half,Moon Slits Bottom Panel,No Blank Envelopes
Majestic,Silk,6 x 12,Vertical,Rectangle,16PT C2S,No Coating,Silk,n/a,4/0,5000,Score in Half,Moon Slits Bottom Panel,No Blank Envelopes
Majestic,Silk,6 x 12,Horizontal,Rectangle,16PT C2S,No Coating,Silk,n/a,4/1,5000,Score in Half,Moon Slits Bottom Panel,No Blank Envelopes
Majestic,Silk,6 x 12,Vertical,Rectangle,16PT C2S,No Coating,Silk,n/a,4/1,5000,Score in Half,Moon Slits Bottom Panel,No Blank Envelopes
Majestic,Silk,6 x 12,Vertical,Rectangle,16PT C2S,No Coating,Silk,n/a,4/4,5000,Score in Half,Moon Slits Bottom Panel,No Blank Envelopes
Majestic,Silk,6 x 12,Horizontal,Rectangle,16PT C2S,No Coating,Silk,n/a,4/0,10000,Score in Half,Moon Slits Bottom Panel,No Blank Envelopes
Majestic,Silk,6 x 12,Horizontal,Rectangle,16PT C2S,No Coating,Silk,n/a,4/4,5000,Score in Half,Moon Slits Bottom Panel,No Blank Envelopes
Majestic,Silk,6 x 12,Vertical,Rectangle,16PT C2S,No Coating,Silk,n/a,4/0,10000,Score in Half,Moon Slits Bottom Panel,No Blank Envelopes
Majestic,Silk,6 x 12,Horizontal,Rectangle,16PT C2S,No Coating,Silk,n/a,4/1,10000,Score in Half,Moon Slits Bottom Panel,No Blank Envelopes
Majestic,Silk,6 x 12,Vertical,Rectangle,16PT C2S,No Coating,Silk,n/a,4/1,10000,Score in Half,Moon Slits Bottom Panel,No Blank Envelopes
Majestic,Silk,6 x 12,Horizontal,Rectangle,16PT C2S,No Coating,Silk,n/a,4/4,10000,Score in Half,Moon Slits Bottom Panel,No Blank Envelopes
Majestic,Silk,6 x 12,Vertical,Rectangle,16PT C2S,No Coating,Silk,n/a,4/4,10000,Score in Half,Moon Slits Bottom Panel,No Blank Envelopes
Majestic,Silk,6 x 12,Horizontal,Rectangle,16PT C2S,No Coating,Silk,n/a,4/0,25,Score in Half,Moon Slits Right Panel,No Blank Envelopes
Majestic,Silk,6 x 12,Vertical,Rectangle,16PT C2S,No Coating,Silk,n/a,4/0,25,Score in Half,Moon Slits Right Panel,No Blank Envelopes
Majestic,Silk,6 x 12,Horizontal,Rectangle,16PT C2S,No Coating,Silk,n/a,4/1,25,Score in Half,Moon Slits Right Panel,No Blank Envelopes
Majestic,Silk,6 x 12,Vertical,Rectangle,16PT C2S,No Coating,Silk,n/a,4/1,25,Score in Half,Moon Slits Right Panel,No Blank Envelopes
Majestic,Silk,6 x 12,Vertical,Rectangle,16PT C2S,No Coating,Silk,n/a,4/0,2500,Score in Half,Moon Slits Bottom Panel,No Blank Envelopes
Majestic,Silk,6 x 12,Horizontal,Rectangle,16PT C2S,No Coating,Silk,n/a,4/0,50,Score in Half,Moon Slits Right Panel,No Blank Envelopes
Majestic,Silk,6 x 12,Vertical,Rectangle,16PT C2S,No Coating,Silk,n/a,4/4,25,Score in Half,Moon Slits Right Panel,No Blank Envelopes
Majestic,Silk,6 x 12,Vertical,Rectangle,16PT C2S,No Coating,Silk,n/a,4/0,50,Score in Half,Moon Slits Right Panel,No Blank Envelopes
Majestic,Silk,6 x 12,Horizontal,Rectangle,16PT C2S,No Coating,Silk,n/a,4/1,50,Score in Half,Moon Slits Right Panel,No Blank Envelopes
Majestic,Silk,6 x 12,Vertical,Rectangle,16PT C2S,No Coating,Silk,n/a,4/4,50,Score in Half,Moon Slits Right Panel,No Blank Envelopes
Majestic,Silk,6 x 12,Vertical,Rectangle,16PT C2S,No Coating,Silk,n/a,4/1,50,Score in Half,Moon Slits Right Panel,No Blank Envelopes
Majestic,Silk,6 x 12,Horizontal,Rectangle,16PT C2S,No Coating,Silk,n/a,4/4,50,Score in Half,Moon Slits Right Panel,No Blank Envelopes
Majestic,Silk,6 x 12,Horizontal,Rectangle,16PT C2S,No Coating,Silk,n/a,4/0,75,Score in Half,Moon Slits Right Panel,No Blank Envelopes
Majestic,Silk,6 x 12,Vertical,Rectangle,16PT C2S,No Coating,Silk,n/a,4/0,75,Score in Half,Moon Slits Right Panel,No Blank Envelopes
Majestic,Silk,6 x 12,Horizontal,Rectangle,16PT C2S,No Coating,Silk,n/a,4/1,75,Score in Half,Moon Slits Right Panel,No Blank Envelopes
Majestic,Silk,6 x 12,Vertical,Rectangle,16PT C2S,No Coating,Silk,n/a,4/1,75,Score in Half,Moon Slits Right Panel,No Blank Envelopes
Majestic,Silk,6 x 12,Horizontal,Rectangle,16PT C2S,No Coating,Silk,n/a,4/4,75,Score in Half,Moon Slits Right Panel,No Blank Envelopes
Majestic,Silk,6 x 12,Vertical,Rectangle,16PT C2S,No Coating,Silk,n/a,4/4,75,Score in Half,Moon Slits Right Panel,No Blank Envelopes
Majestic,Silk,6 x 12,Horizontal,Rectangle,16PT C2S,No Coating,Silk,n/a,4/0,100,Score in Half,Moon Slits Right Panel,No Blank Envelopes
Majestic,Silk,6 x 12,Vertical,Rectangle,16PT C2S,No Coating,Silk,n/a,4/0,100,Score in Half,Moon Slits Right Panel,No Blank Envelopes
Majestic,Silk,6 x 12,Horizontal,Rectangle,16PT C2S,No Coating,Silk,n/a,4/1,100,Score in Half,Moon Slits Right Panel,No Blank Envelopes
Majestic,Silk,6 x 9,Vertical,Rectangle,16PT C2S,No Coating,Silk,n/a,4/0,50,Score in Half,Slide Slits Bottom Panel,Yes 10000 Envelopes A6
Majestic,Silk,6 x 12,Horizontal,Rectangle,16PT C2S,No Coating,Silk,n/a,4/4,100,Score in Half,Moon Slits Right Panel,No Blank Envelopes
Majestic,Silk,6 x 12,Horizontal,Rectangle,16PT C2S,No Coating,Silk,n/a,4/0,250,Score in Half,Moon Slits Right Panel,No Blank Envelopes
Majestic,Silk,6 x 12,Vertical,Rectangle,16PT C2S,No Coating,Silk,n/a,4/1,100,Score in Half,Moon Slits Right Panel,No Blank Envelopes
Majestic,Silk,6 x 12,Vertical,Rectangle,16PT C2S,No Coating,Silk,n/a,4/0,250,Score in Half,Moon Slits Right Panel,No Blank Envelopes
Majestic,Silk,6 x 12,Horizontal,Rectangle,16PT C2S,No Coating,Silk,n/a,4/1,250,Score in Half,Moon Slits Right Panel,No Blank Envelopes
Majestic,Silk,6 x 12,Vertical,Rectangle,16PT C2S,No Coating,Silk,n/a,4/1,250,Score in Half,Moon Slits Right Panel,No Blank Envelopes
Majestic,Silk,6 x 12,Horizontal,Rectangle,16PT C2S,No Coating,Silk,n/a,4/4,250,Score in Half,Moon Slits Right Panel,No Blank Envelopes
Majestic,Silk,6 x 12,Horizontal,Rectangle,16PT C2S,No Coating,Silk,n/a,4/4,25,Score in Half,Moon Slits Right Panel,No Blank Envelopes
Majestic,Silk,6 x 12,Horizontal,Rectangle,16PT C2S,No Coating,Silk,n/a,4/0,500,Score in Half,Moon Slits Right Panel,No Blank Envelopes
Majestic,Silk,6 x 12,Vertical,Rectangle,16PT C2S,No Coating,Silk,n/a,4/0,500,Score in Half,Moon Slits Right Panel,No Blank Envelopes
Majestic,Silk,6 x 12,Horizontal,Rectangle,16PT C2S,No Coating,Silk,n/a,4/1,500,Score in Half,Moon Slits Right Panel,No Blank Envelopes
Majestic,Silk,6 x 12,Vertical,Rectangle,16PT C2S,No Coating,Silk,n/a,4/1,500,Score in Half,Moon Slits Right Panel,No Blank Envelopes
Majestic,Silk,6 x 12,Horizontal,Rectangle,16PT C2S,No Coating,Silk,n/a,4/4,500,Score in Half,Moon Slits Right Panel,No Blank Envelopes
Majestic,Silk,6 x 12,Vertical,Rectangle,16PT C2S,No Coating,Silk,n/a,4/4,500,Score in Half,Moon Slits Right Panel,No Blank Envelopes
Majestic,Silk,6 x 12,Horizontal,Rectangle,16PT C2S,No Coating,Silk,n/a,4/0,1000,Score in Half,Moon Slits Right Panel,No Blank Envelopes
Majestic,Silk,6 x 12,Vertical,Rectangle,16PT C2S,No Coating,Silk,n/a,4/0,1000,Score in Half,Moon Slits Right Panel,No Blank Envelopes
Majestic,Silk,6 x 12,Horizontal,Rectangle,16PT C2S,No Coating,Silk,n/a,4/1,1000,Score in Half,Moon Slits Right Panel,No Blank Envelopes
Majestic,Silk,6 x 12,Vertical,Rectangle,16PT C2S,No Coating,Silk,n/a,4/1,1000,Score in Half,Moon Slits Right Panel,No Blank Envelopes
Majestic,Silk,6 x 12,Horizontal,Rectangle,16PT C2S,No Coating,Silk,n/a,4/4,1000,Score in Half,Moon Slits Right Panel,No Blank Envelopes
Majestic,Silk,6 x 12,Vertical,Rectangle,16PT C2S,No Coating,Silk,n/a,4/4,1000,Score in Half,Moon Slits Right Panel,No Blank Envelopes
Majestic,Silk,6 x 12,Horizontal,Rectangle,16PT C2S,No Coating,Silk,n/a,4/0,2500,Score in Half,Moon Slits Right Panel,No Blank Envelopes
Majestic,Silk,6 x 12,Vertical,Rectangle,16PT C2S,No Coating,Silk,n/a,4/0,2500,Score in Half,Moon Slits Right Panel,No Blank Envelopes
Majestic,Silk,6 x 12,Horizontal,Rectangle,16PT C2S,No Coating,Silk,n/a,4/1,2500,Score in Half,Moon Slits Right Panel,No Blank Envelopes
Majestic,Silk,6 x 12,Vertical,Rectangle,16PT C2S,No Coating,Silk,n/a,4/1,2500,Score in Half,Moon Slits Right Panel,No Blank Envelopes
Majestic,Silk,6 x 12,Horizontal,Rectangle,16PT C2S,No Coating,Silk,n/a,4/4,2500,Score in Half,Moon Slits Right Panel,No Blank Envelopes
Majestic,Silk,6 x 12,Vertical,Rectangle,16PT C2S,No Coating,Silk,n/a,4/4,2500,Score in Half,Moon Slits Right Panel,No Blank Envelopes
Majestic,Silk,6 x 12,Horizontal,Rectangle,16PT C2S,No Coating,Silk,n/a,4/0,5000,Score in Half,Moon Slits Right Panel,No Blank Envelopes
Majestic,Silk,6 x 12,Vertical,Rectangle,16PT C2S,No Coating,Silk,n/a,4/0,5000,Score in Half,Moon Slits Right Panel,No Blank Envelopes
Majestic,Silk,6 x 12,Horizontal,Rectangle,16PT C2S,No Coating,Silk,n/a,4/1,5000,Score in Half,Moon Slits Right Panel,No Blank Envelopes
Majestic,Silk,6 x 12,Vertical,Rectangle,16PT C2S,No Coating,Silk,n/a,4/1,5000,Score in Half,Moon Slits Right Panel,No Blank Envelopes
Majestic,Silk,6 x 12,Horizontal,Rectangle,16PT C2S,No Coating,Silk,n/a,4/4,5000,Score in Half,Moon Slits Right Panel,No Blank Envelopes
Majestic,Silk,6 x 12,Vertical,Rectangle,16PT C2S,No Coating,Silk,n/a,4/4,5000,Score in Half,Moon Slits Right Panel,No Blank Envelopes
Majestic,Silk,6 x 12,Horizontal,Rectangle,16PT C2S,No Coating,Silk,n/a,4/0,10000,Score in Half,Moon Slits Right Panel,No Blank Envelopes
Majestic,Silk,6 x 12,Vertical,Rectangle,16PT C2S,No Coating,Silk,n/a,4/0,10000,Score in Half,Moon Slits Right Panel,No Blank Envelopes
Majestic,Silk,6 x 12,Horizontal,Rectangle,16PT C2S,No Coating,Silk,n/a,4/1,10000,Score in Half,Moon Slits Right Panel,No Blank Envelopes
Majestic,Silk,6 x 12,Vertical,Rectangle,16PT C2S,No Coating,Silk,n/a,4/1,10000,Score in Half,Moon Slits Right Panel,No Blank Envelopes
Majestic,Silk,6 x 12,Horizontal,Rectangle,16PT C2S,No Coating,Silk,n/a,4/4,10000,Score in Half,Moon Slits Right Panel,No Blank Envelopes
Majestic,Silk,6 x 12,Vertical,Rectangle,16PT C2S,No Coating,Silk,n/a,4/4,10000,Score in Half,Moon Slits Right Panel,No Blank Envelopes
Majestic,Silk,6 x 12,Horizontal,Rectangle,16PT C2S,No Coating,Silk,n/a,4/0,25,Score in Half,No Gift Cards Slits,No Blank Envelopes
Majestic,Silk,6 x 12,Horizontal,Rectangle,16PT C2S,No Coating,Silk,n/a,4/1,25,Score in Half,No Gift Cards Slits,No Blank Envelopes
Majestic,Silk,6 x 12,Vertical,Rectangle,16PT C2S,No Coating,Silk,n/a,4/0,25,Score in Half,No Gift Cards Slits,No Blank Envelopes
Majestic,Silk,6 x 12,Vertical,Rectangle,16PT C2S,No Coating,Silk,n/a,4/1,25,Score in Half,No Gift Cards Slits,No Blank Envelopes
Majestic,Silk,6 x 12,Vertical,Rectangle,16PT C2S,No Coating,Silk,n/a,4/4,50,Score in Half,Moon Slits Bottom Panel,No Blank Envelopes
Majestic,Silk,6 x 12,Horizontal,Rectangle,16PT C2S,No Coating,Silk,n/a,4/0,50,Score in Half,No Gift Cards Slits,No Blank Envelopes
Majestic,Silk,6 x 12,Vertical,Rectangle,16PT C2S,No Coating,Silk,n/a,4/4,25,Score in Half,No Gift Cards Slits,No Blank Envelopes
Majestic,Silk,6 x 12,Vertical,Rectangle,16PT C2S,No Coating,Silk,n/a,4/0,50,Score in Half,No Gift Cards Slits,No Blank Envelopes
Majestic,Silk,6 x 12,Horizontal,Rectangle,16PT C2S,No Coating,Silk,n/a,4/1,50,Score in Half,No Gift Cards Slits,No Blank Envelopes
Majestic,Silk,6 x 12,Vertical,Rectangle,16PT C2S,No Coating,Silk,n/a,4/1,50,Score in Half,No Gift Cards Slits,No Blank Envelopes
Majestic,Silk,6 x 12,Horizontal,Rectangle,16PT C2S,No Coating,Silk,n/a,4/4,50,Score in Half,No Gift Cards Slits,No Blank Envelopes
Majestic,Silk,6 x 12,Vertical,Rectangle,16PT C2S,No Coating,Silk,n/a,4/4,50,Score in Half,No Gift Cards Slits,No Blank Envelopes
Majestic,Silk,6 x 12,Horizontal,Rectangle,16PT C2S,No Coating,Silk,n/a,4/0,75,Score in Half,No Gift Cards Slits,No Blank Envelopes
Majestic,Silk,6 x 12,Vertical,Rectangle,16PT C2S,No Coating,Silk,n/a,4/0,75,Score in Half,No Gift Cards Slits,No Blank Envelopes
Majestic,Silk,6 x 12,Horizontal,Rectangle,16PT C2S,No Coating,Silk,n/a,4/1,75,Score in Half,No Gift Cards Slits,No Blank Envelopes
Majestic,Silk,6 x 12,Vertical,Rectangle,16PT C2S,No Coating,Silk,n/a,4/1,75,Score in Half,No Gift Cards Slits,No Blank Envelopes
Majestic,Silk,6 x 12,Horizontal,Rectangle,16PT C2S,No Coating,Silk,n/a,4/4,75,Score in Half,No Gift Cards Slits,No Blank Envelopes
Majestic,Silk,6 x 12,Vertical,Rectangle,16PT C2S,No Coating,Silk,n/a,4/4,75,Score in Half,No Gift Cards Slits,No Blank Envelopes
Majestic,Silk,6 x 12,Vertical,Rectangle,16PT C2S,No Coating,Silk,n/a,4/0,100,Score in Half,No Gift Cards Slits,No Blank Envelopes
Majestic,Silk,6 x 12,Horizontal,Rectangle,16PT C2S,No Coating,Silk,n/a,4/0,100,Score in Half,No Gift Cards Slits,No Blank Envelopes
Majestic,Silk,6 x 12,Horizontal,Rectangle,16PT C2S,No Coating,Silk,n/a,4/1,100,Score in Half,No Gift Cards Slits,No Blank Envelopes
Majestic,Silk,6 x 12,Vertical,Rectangle,16PT C2S,No Coating,Silk,n/a,4/1,100,Score in Half,No Gift Cards Slits,No Blank Envelopes
Majestic,Silk,6 x 12,Horizontal,Rectangle,16PT C2S,No Coating,Silk,n/a,4/4,100,Score in Half,No Gift Cards Slits,No Blank Envelopes
Majestic,Silk,6 x 12,Vertical,Rectangle,16PT C2S,No Coating,Silk,n/a,4/4,100,Score in Half,No Gift Cards Slits,No Blank Envelopes
Majestic,Silk,6 x 12,Horizontal,Rectangle,16PT C2S,No Coating,Silk,n/a,4/0,250,Score in Half,No Gift Cards Slits,No Blank Envelopes
Majestic,Silk,6 x 12,Vertical,Rectangle,16PT C2S,No Coating,Silk,n/a,4/0,250,Score in Half,No Gift Cards Slits,No Blank Envelopes
Majestic,Silk,6 x 12,Horizontal,Rectangle,16PT C2S,No Coating,Silk,n/a,4/1,250,Score in Half,No Gift Cards Slits,No Blank Envelopes
Majestic,Silk,6 x 12,Vertical,Rectangle,16PT C2S,No Coating,Silk,n/a,4/1,250,Score in Half,No Gift Cards Slits,No Blank Envelopes
Majestic,Silk,6 x 12,Horizontal,Rectangle,16PT C2S,No Coating,Silk,n/a,4/4,250,Score in Half,No Gift Cards Slits,No Blank Envelopes
Majestic,Silk,6 x 12,Vertical,Rectangle,16PT C2S,No Coating,Silk,n/a,4/4,250,Score in Half,No Gift Cards Slits,No Blank Envelopes
Majestic,Silk,6 x 12,Horizontal,Rectangle,16PT C2S,No Coating,Silk,n/a,4/0,500,Score in Half,No Gift Cards Slits,No Blank Envelopes
Majestic,Silk,6 x 12,Vertical,Rectangle,16PT C2S,No Coating,Silk,n/a,4/0,500,Score in Half,No Gift Cards Slits,No Blank Envelopes
Majestic,Silk,6 x 12,Horizontal,Rectangle,16PT C2S,No Coating,Silk,n/a,4/1,500,Score in Half,No Gift Cards Slits,No Blank Envelopes
Majestic,Silk,6 x 12,Vertical,Rectangle,16PT C2S,No Coating,Silk,n/a,4/1,500,Score in Half,No Gift Cards Slits,No Blank Envelopes
Majestic,Silk,6 x 12,Horizontal,Rectangle,16PT C2S,No Coating,Silk,n/a,4/4,500,Score in Half,No Gift Cards Slits,No Blank Envelopes
Majestic,Silk,6 x 12,Vertical,Rectangle,16PT C2S,No Coating,Silk,n/a,4/4,500,Score in Half,No Gift Cards Slits,No Blank Envelopes
Majestic,Silk,6 x 12,Horizontal,Rectangle,16PT C2S,No Coating,Silk,n/a,4/0,1000,Score in Half,No Gift Cards Slits,No Blank Envelopes
Majestic,Silk,6 x 12,Vertical,Rectangle,16PT C2S,No Coating,Silk,n/a,4/0,1000,Score in Half,No Gift Cards Slits,No Blank Envelopes
Majestic,Silk,6 x 12,Horizontal,Rectangle,16PT C2S,No Coating,Silk,n/a,4/1,1000,Score in Half,No Gift Cards Slits,No Blank Envelopes
Majestic,Silk,6 x 12,Vertical,Rectangle,16PT C2S,No Coating,Silk,n/a,4/1,1000,Score in Half,No Gift Cards Slits,No Blank Envelopes
Majestic,Silk,6 x 12,Horizontal,Rectangle,16PT C2S,No Coating,Silk,n/a,4/4,1000,Score in Half,No Gift Cards Slits,No Blank Envelopes
Majestic,Silk,6 x 12,Vertical,Rectangle,16PT C2S,No Coating,Silk,n/a,4/4,1000,Score in Half,No Gift Cards Slits,No Blank Envelopes
Majestic,Silk,6 x 12,Horizontal,Rectangle,16PT C2S,No Coating,Silk,n/a,4/0,2500,Score in Half,No Gift Cards Slits,No Blank Envelopes
Majestic,Silk,6 x 12,Vertical,Rectangle,16PT C2S,No Coating,Silk,n/a,4/0,2500,Score in Half,No Gift Cards Slits,No Blank Envelopes
Majestic,Silk,6 x 12,Horizontal,Rectangle,16PT C2S,No Coating,Silk,n/a,4/1,2500,Score in Half,No Gift Cards Slits,No Blank Envelopes
Majestic,Silk,6 x 12,Vertical,Rectangle,16PT C2S,No Coating,Silk,n/a,4/1,2500,Score in Half,No Gift Cards Slits,No Blank Envelopes
Majestic,Silk,6 x 12,Horizontal,Rectangle,16PT C2S,No Coating,Silk,n/a,4/4,2500,Score in Half,No Gift Cards Slits,No Blank Envelopes
Majestic,Silk,6 x 12,Vertical,Rectangle,16PT C2S,No Coating,Silk,n/a,4/4,2500,Score in Half,No Gift Cards Slits,No Blank Envelopes
Majestic,Silk,6 x 12,Horizontal,Rectangle,16PT C2S,No Coating,Silk,n/a,4/0,5000,Score in Half,No Gift Cards Slits,No Blank Envelopes
Majestic,Silk,6 x 12,Vertical,Rectangle,16PT C2S,No Coating,Silk,n/a,4/0,5000,Score in Half,No Gift Cards Slits,No Blank Envelopes
Majestic,Silk,6 x 12,Horizontal,Rectangle,16PT C2S,No Coating,Silk,n/a,4/1,5000,Score in Half,No Gift Cards Slits,No Blank Envelopes
Majestic,Silk,6 x 12,Vertical,Rectangle,16PT C2S,No Coating,Silk,n/a,4/1,5000,Score in Half,No Gift Cards Slits,No Blank Envelopes
Majestic,Silk,6 x 12,Horizontal,Rectangle,16PT C2S,No Coating,Silk,n/a,4/4,5000,Score in Half,No Gift Cards Slits,No Blank Envelopes
Majestic,Silk,6 x 12,Vertical,Rectangle,16PT C2S,No Coating,Silk,n/a,4/4,5000,Score in Half,No Gift Cards Slits,No Blank Envelopes
Majestic,Silk,6 x 12,Horizontal,Rectangle,16PT C2S,No Coating,Silk,n/a,4/0,10000,Score in Half,No Gift Cards Slits,No Blank Envelopes
Majestic,Silk,6 x 12,Vertical,Rectangle,16PT C2S,No Coating,Silk,n/a,4/0,10000,Score in Half,No Gift Cards Slits,No Blank Envelopes
Majestic,Silk,6 x 12,Horizontal,Rectangle,16PT C2S,No Coating,Silk,n/a,4/1,10000,Score in Half,No Gift Cards Slits,No Blank Envelopes
Majestic,Silk,6 x 12,Horizontal,Rectangle,16PT C2S,No Coating,Silk,n/a,4/4,10000,Score in Half,No Gift Cards Slits,No Blank Envelopes
Majestic,Silk,6 x 12,Vertical,Rectangle,16PT C2S,No Coating,Silk,n/a,4/1,10000,Score in Half,No Gift Cards Slits,No Blank Envelopes
Majestic,Silk,6 x 12,Vertical,Rectangle,16PT C2S,No Coating,Silk,n/a,4/4,10000,Score in Half,No Gift Cards Slits,No Blank Envelopes
Majestic,Silk,6 x 12,Horizontal,Rectangle,16PT C2S,No Coating,Silk,n/a,4/0,25,Score in Half,Slide Slits Bottom Panel,No Blank Envelopes
Majestic,Silk,6 x 12,Vertical,Rectangle,16PT C2S,No Coating,Silk,n/a,4/0,25,Score in Half,Slide Slits Bottom Panel,No Blank Envelopes
Majestic,Silk,6 x 12,Vertical,Rectangle,16PT C2S,No Coating,Silk,n/a,4/1,25,Score in Half,Slide Slits Bottom Panel,No Blank Envelopes
Majestic,Silk,6 x 12,Horizontal,Rectangle,16PT C2S,No Coating,Silk,n/a,4/1,25,Score in Half,Slide Slits Bottom Panel,No Blank Envelopes
Majestic,Silk,6 x 12,Horizontal,Rectangle,16PT C2S,No Coating,Silk,n/a,4/4,25,Score in Half,Slide Slits Bottom Panel,No Blank Envelopes
Majestic,Silk,6 x 12,Vertical,Rectangle,16PT C2S,No Coating,Silk,n/a,4/4,250,Score in Half,Moon Slits Right Panel,No Blank Envelopes
Majestic,Silk,6 x 12,Horizontal,Rectangle,16PT C2S,No Coating,Silk,n/a,4/0,50,Score in Half,Slide Slits Bottom Panel,No Blank Envelopes
Majestic,Silk,6 x 12,Vertical,Rectangle,16PT C2S,No Coating,Silk,n/a,4/0,50,Score in Half,Slide Slits Bottom Panel,No Blank Envelopes
Majestic,Silk,6 x 12,Horizontal,Rectangle,16PT C2S,No Coating,Silk,n/a,4/1,50,Score in Half,Slide Slits Bottom Panel,No Blank Envelopes
Majestic,Silk,6 x 12,Vertical,Rectangle,16PT C2S,No Coating,Silk,n/a,4/4,100,Score in Half,Moon Slits Right Panel,No Blank Envelopes
Majestic,Silk,6 x 12,Horizontal,Rectangle,16PT C2S,No Coating,Silk,n/a,4/4,50,Score in Half,Slide Slits Bottom Panel,No Blank Envelopes
Majestic,Silk,6 x 12,Horizontal,Rectangle,16PT C2S,No Coating,Silk,n/a,4/4,25,Score in Half,No Gift Cards Slits,No Blank Envelopes
Majestic,Silk,6 x 12,Horizontal,Rectangle,16PT C2S,No Coating,Silk,n/a,4/0,75,Score in Half,Slide Slits Bottom Panel,No Blank Envelopes
Majestic,Silk,6 x 12,Vertical,Rectangle,16PT C2S,No Coating,Silk,n/a,4/0,75,Score in Half,Slide Slits Bottom Panel,No Blank Envelopes
Majestic,Silk,6 x 12,Vertical,Rectangle,16PT C2S,No Coating,Silk,n/a,4/1,75,Score in Half,Slide Slits Bottom Panel,No Blank Envelopes
Majestic,Silk,6 x 12,Horizontal,Rectangle,16PT C2S,No Coating,Silk,n/a,4/1,75,Score in Half,Slide Slits Bottom Panel,No Blank Envelopes
Majestic,Silk,6 x 12,Vertical,Rectangle,16PT C2S,No Coating,Silk,n/a,4/1,50,Score in Half,Slide Slits Bottom Panel,No Blank Envelopes
Majestic,Silk,6 x 12,Vertical,Rectangle,16PT C2S,No Coating,Silk,n/a,4/4,75,Score in Half,Slide Slits Bottom Panel,No Blank Envelopes
Majestic,Silk,6 x 12,Horizontal,Rectangle,16PT C2S,No Coating,Silk,n/a,4/0,100,Score in Half,Slide Slits Bottom Panel,No Blank Envelopes
Majestic,Silk,6 x 12,Vertical,Rectangle,16PT C2S,No Coating,Silk,n/a,4/0,100,Score in Half,Slide Slits Bottom Panel,No Blank Envelopes
Majestic,Silk,6 x 12,Horizontal,Rectangle,16PT C2S,No Coating,Silk,n/a,4/1,100,Score in Half,Slide Slits Bottom Panel,No Blank Envelopes
Majestic,Silk,6 x 12,Vertical,Rectangle,16PT C2S,No Coating,Silk,n/a,4/1,100,Score in Half,Slide Slits Bottom Panel,No Blank Envelopes
Majestic,Silk,6 x 12,Horizontal,Rectangle,16PT C2S,No Coating,Silk,n/a,4/4,100,Score in Half,Slide Slits Bottom Panel,No Blank Envelopes
Majestic,Silk,6 x 12,Vertical,Rectangle,16PT C2S,No Coating,Silk,n/a,4/4,100,Score in Half,Slide Slits Bottom Panel,No Blank Envelopes
Majestic,Silk,6 x 12,Horizontal,Rectangle,16PT C2S,No Coating,Silk,n/a,4/0,250,Score in Half,Slide Slits Bottom Panel,No Blank Envelopes
Majestic,Silk,6 x 12,Vertical,Rectangle,16PT C2S,No Coating,Silk,n/a,4/0,250,Score in Half,Slide Slits Bottom Panel,No Blank Envelopes
Majestic,Silk,6 x 12,Horizontal,Rectangle,16PT C2S,No Coating,Silk,n/a,4/1,250,Score in Half,Slide Slits Bottom Panel,No Blank Envelopes
Majestic,Silk,6 x 12,Vertical,Rectangle,16PT C2S,No Coating,Silk,n/a,4/1,250,Score in Half,Slide Slits Bottom Panel,No Blank Envelopes
Majestic,Silk,6 x 12,Vertical,Rectangle,16PT C2S,No Coating,Silk,n/a,4/4,250,Score in Half,Slide Slits Bottom Panel,No Blank Envelopes
Majestic,Silk,6 x 12,Horizontal,Rectangle,16PT C2S,No Coating,Silk,n/a,4/4,250,Score in Half,Slide Slits Bottom Panel,No Blank Envelopes
Majestic,Silk,6 x 12,Horizontal,Rectangle,16PT C2S,No Coating,Silk,n/a,4/0,500,Score in Half,Slide Slits Bottom Panel,No Blank Envelopes
Majestic,Silk,6 x 12,Vertical,Rectangle,16PT C2S,No Coating,Silk,n/a,4/0,500,Score in Half,Slide Slits Bottom Panel,No Blank Envelopes
Majestic,Silk,6 x 12,Horizontal,Rectangle,16PT C2S,No Coating,Silk,n/a,4/1,500,Score in Half,Slide Slits Bottom Panel,No Blank Envelopes
Majestic,Silk,6 x 12,Vertical,Rectangle,16PT C2S,No Coating,Silk,n/a,4/1,500,Score in Half,Slide Slits Bottom Panel,No Blank Envelopes
Majestic,Silk,6 x 12,Horizontal,Rectangle,16PT C2S,No Coating,Silk,n/a,4/4,500,Score in Half,Slide Slits Bottom Panel,No Blank Envelopes
Majestic,Silk,6 x 12,Vertical,Rectangle,16PT C2S,No Coating,Silk,n/a,4/4,500,Score in Half,Slide Slits Bottom Panel,No Blank Envelopes
Majestic,Silk,6 x 12,Horizontal,Rectangle,16PT C2S,No Coating,Silk,n/a,4/0,1000,Score in Half,Slide Slits Bottom Panel,No Blank Envelopes
Majestic,Silk,6 x 12,Vertical,Rectangle,16PT C2S,No Coating,Silk,n/a,4/0,1000,Score in Half,Slide Slits Bottom Panel,No Blank Envelopes
Majestic,Silk,6 x 12,Horizontal,Rectangle,16PT C2S,No Coating,Silk,n/a,4/1,1000,Score in Half,Slide Slits Bottom Panel,No Blank Envelopes
Majestic,Silk,6 x 12,Vertical,Rectangle,16PT C2S,No Coating,Silk,n/a,4/1,1000,Score in Half,Slide Slits Bottom Panel,No Blank Envelopes
Majestic,Silk,6 x 12,Horizontal,Rectangle,16PT C2S,No Coating,Silk,n/a,4/4,1000,Score in Half,Slide Slits Bottom Panel,No Blank Envelopes
Majestic,Silk,6 x 12,Vertical,Rectangle,16PT C2S,No Coating,Silk,n/a,4/4,1000,Score in Half,Slide Slits Bottom Panel,No Blank Envelopes
Majestic,Silk,6 x 12,Horizontal,Rectangle,16PT C2S,No Coating,Silk,n/a,4/0,2500,Score in Half,Slide Slits Bottom Panel,No Blank Envelopes
Majestic,Silk,6 x 12,Vertical,Rectangle,16PT C2S,No Coating,Silk,n/a,4/0,2500,Score in Half,Slide Slits Bottom Panel,No Blank Envelopes
Majestic,Silk,6 x 12,Horizontal,Rectangle,16PT C2S,No Coating,Silk,n/a,4/1,2500,Score in Half,Slide Slits Bottom Panel,No Blank Envelopes
Majestic,Silk,6 x 12,Vertical,Rectangle,16PT C2S,No Coating,Silk,n/a,4/1,2500,Score in Half,Slide Slits Bottom Panel,No Blank Envelopes
Majestic,Silk,6 x 12,Horizontal,Rectangle,16PT C2S,No Coating,Silk,n/a,4/4,2500,Score in Half,Slide Slits Bottom Panel,No Blank Envelopes
Majestic,Silk,6 x 12,Vertical,Rectangle,16PT C2S,No Coating,Silk,n/a,4/4,2500,Score in Half,Slide Slits Bottom Panel,No Blank Envelopes
Majestic,Silk,6 x 12,Horizontal,Rectangle,16PT C2S,No Coating,Silk,n/a,4/0,5000,Score in Half,Slide Slits Bottom Panel,No Blank Envelopes
Majestic,Silk,6 x 12,Vertical,Rectangle,16PT C2S,No Coating,Silk,n/a,4/0,5000,Score in Half,Slide Slits Bottom Panel,No Blank Envelopes
Majestic,Silk,6 x 12,Horizontal,Rectangle,16PT C2S,No Coating,Silk,n/a,4/1,5000,Score in Half,Slide Slits Bottom Panel,No Blank Envelopes
Majestic,Silk,6 x 12,Vertical,Rectangle,16PT C2S,No Coating,Silk,n/a,4/1,5000,Score in Half,Slide Slits Bottom Panel,No Blank Envelopes
Majestic,Silk,6 x 12,Horizontal,Rectangle,16PT C2S,No Coating,Silk,n/a,4/4,5000,Score in Half,Slide Slits Bottom Panel,No Blank Envelopes
Majestic,Silk,6 x 12,Vertical,Rectangle,16PT C2S,No Coating,Silk,n/a,4/4,5000,Score in Half,Slide Slits Bottom Panel,No Blank Envelopes
Majestic,Silk,6 x 12,Horizontal,Rectangle,16PT C2S,No Coating,Silk,n/a,4/0,10000,Score in Half,Slide Slits Bottom Panel,No Blank Envelopes
Majestic,Silk,6 x 12,Horizontal,Rectangle,16PT C2S,No Coating,Silk,n/a,4/1,10000,Score in Half,Slide Slits Bottom Panel,No Blank Envelopes
Majestic,Silk,6 x 12,Vertical,Rectangle,16PT C2S,No Coating,Silk,n/a,4/0,10000,Score in Half,Slide Slits Bottom Panel,No Blank Envelopes
Majestic,Silk,6 x 12,Vertical,Rectangle,16PT C2S,No Coating,Silk,n/a,4/1,10000,Score in Half,Slide Slits Bottom Panel,No Blank Envelopes
Majestic,Silk,6 x 12,Horizontal,Rectangle,16PT C2S,No Coating,Silk,n/a,4/4,10000,Score in Half,Slide Slits Bottom Panel,No Blank Envelopes
Majestic,Silk,6 x 12,Vertical,Rectangle,16PT C2S,No Coating,Silk,n/a,4/4,10000,Score in Half,Slide Slits Bottom Panel,No Blank Envelopes
Majestic,Silk,6 x 12,Horizontal,Rectangle,16PT C2S,No Coating,Silk,n/a,4/0,25,Score in Half,Slide Slits Right Panel,No Blank Envelopes
Majestic,Silk,6 x 12,Vertical,Rectangle,16PT C2S,No Coating,Silk,n/a,4/0,25,Score in Half,Slide Slits Right Panel,No Blank Envelopes
Majestic,Silk,6 x 12,Horizontal,Rectangle,16PT C2S,No Coating,Silk,n/a,4/1,25,Score in Half,Slide Slits Right Panel,No Blank Envelopes
Majestic,Silk,6 x 12,Vertical,Rectangle,16PT C2S,No Coating,Silk,n/a,4/1,25,Score in Half,Slide Slits Right Panel,No Blank Envelopes
Majestic,Silk,6 x 12,Horizontal,Rectangle,16PT C2S,No Coating,Silk,n/a,4/4,25,Score in Half,Slide Slits Right Panel,No Blank Envelopes
Majestic,Silk,6 x 12,Vertical,Rectangle,16PT C2S,No Coating,Silk,n/a,4/4,25,Score in Half,Slide Slits Right Panel,No Blank Envelopes
Majestic,Silk,6 x 12,Horizontal,Rectangle,16PT C2S,No Coating,Silk,n/a,4/0,50,Score in Half,Slide Slits Right Panel,No Blank Envelopes
Majestic,Silk,6 x 12,Vertical,Rectangle,16PT C2S,No Coating,Silk,n/a,4/0,50,Score in Half,Slide Slits Right Panel,No Blank Envelopes
Majestic,Silk,6 x 12,Horizontal,Rectangle,16PT C2S,No Coating,Silk,n/a,4/1,50,Score in Half,Slide Slits Right Panel,No Blank Envelopes
Majestic,Silk,6 x 12,Horizontal,Rectangle,16PT C2S,No Coating,Silk,n/a,4/4,75,Score in Half,Slide Slits Bottom Panel,No Blank Envelopes
Majestic,Silk,6 x 12,Horizontal,Rectangle,16PT C2S,No Coating,Silk,n/a,4/4,50,Score in Half,Slide Slits Right Panel,No Blank Envelopes
Majestic,Silk,6 x 12,Vertical,Rectangle,16PT C2S,No Coating,Silk,n/a,4/4,50,Score in Half,Slide Slits Right Panel,No Blank Envelopes
Majestic,Silk,6 x 12,Horizontal,Rectangle,16PT C2S,No Coating,Silk,n/a,4/0,75,Score in Half,Slide Slits Right Panel,No Blank Envelopes
Majestic,Silk,6 x 12,Vertical,Rectangle,16PT C2S,No Coating,Silk,n/a,4/0,75,Score in Half,Slide Slits Right Panel,No Blank Envelopes
Majestic,Silk,6 x 12,Vertical,Rectangle,16PT C2S,No Coating,Silk,n/a,4/4,50,Score in Half,Slide Slits Bottom Panel,No Blank Envelopes
Majestic,Silk,6 x 12,Vertical,Rectangle,16PT C2S,No Coating,Silk,n/a,4/1,50,Score in Half,Slide Slits Right Panel,No Blank Envelopes
Majestic,Silk,6 x 12,Horizontal,Rectangle,16PT C2S,No Coating,Silk,n/a,4/4,75,Score in Half,Slide Slits Right Panel,No Blank Envelopes
Majestic,Silk,6 x 12,Vertical,Rectangle,16PT C2S,No Coating,Silk,n/a,4/4,75,Score in Half,Slide Slits Right Panel,No Blank Envelopes
Majestic,Silk,6 x 12,Horizontal,Rectangle,16PT C2S,No Coating,Silk,n/a,4/0,100,Score in Half,Slide Slits Right Panel,No Blank Envelopes
Majestic,Silk,6 x 12,Vertical,Rectangle,16PT C2S,No Coating,Silk,n/a,4/0,100,Score in Half,Slide Slits Right Panel,No Blank Envelopes
Majestic,Silk,6 x 12,Horizontal,Rectangle,16PT C2S,No Coating,Silk,n/a,4/1,100,Score in Half,Slide Slits Right Panel,No Blank Envelopes
Majestic,Silk,6 x 12,Vertical,Rectangle,16PT C2S,No Coating,Silk,n/a,4/1,100,Score in Half,Slide Slits Right Panel,No Blank Envelopes
Majestic,Silk,6 x 12,Horizontal,Rectangle,16PT C2S,No Coating,Silk,n/a,4/4,100,Score in Half,Slide Slits Right Panel,No Blank Envelopes
Majestic,Silk,6 x 12,Vertical,Rectangle,16PT C2S,No Coating,Silk,n/a,4/4,100,Score in Half,Slide Slits Right Panel,No Blank Envelopes
Majestic,Silk,6 x 12,Horizontal,Rectangle,16PT C2S,No Coating,Silk,n/a,4/0,250,Score in Half,Slide Slits Right Panel,No Blank Envelopes
Majestic,Silk,6 x 12,Vertical,Rectangle,16PT C2S,No Coating,Silk,n/a,4/0,250,Score in Half,Slide Slits Right Panel,No Blank Envelopes
Majestic,Silk,6 x 12,Horizontal,Rectangle,16PT C2S,No Coating,Silk,n/a,4/1,250,Score in Half,Slide Slits Right Panel,No Blank Envelopes
Majestic,Silk,6 x 12,Vertical,Rectangle,16PT C2S,No Coating,Silk,n/a,4/1,250,Score in Half,Slide Slits Right Panel,No Blank Envelopes
Majestic,Silk,6 x 12,Horizontal,Rectangle,16PT C2S,No Coating,Silk,n/a,4/4,250,Score in Half,Slide Slits Right Panel,No Blank Envelopes
Majestic,Silk,6 x 12,Vertical,Rectangle,16PT C2S,No Coating,Silk,n/a,4/4,250,Score in Half,Slide Slits Right Panel,No Blank Envelopes
Majestic,Silk,6 x 12,Horizontal,Rectangle,16PT C2S,No Coating,Silk,n/a,4/0,500,Score in Half,Slide Slits Right Panel,No Blank Envelopes
Majestic,Silk,6 x 12,Vertical,Rectangle,16PT C2S,No Coating,Silk,n/a,4/0,500,Score in Half,Slide Slits Right Panel,No Blank Envelopes
Majestic,Silk,6 x 12,Horizontal,Rectangle,16PT C2S,No Coating,Silk,n/a,4/1,500,Score in Half,Slide Slits Right Panel,No Blank Envelopes
Majestic,Silk,6 x 12,Vertical,Rectangle,16PT C2S,No Coating,Silk,n/a,4/1,500,Score in Half,Slide Slits Right Panel,No Blank Envelopes
Majestic,Silk,6 x 12,Horizontal,Rectangle,16PT C2S,No Coating,Silk,n/a,4/4,500,Score in Half,Slide Slits Right Panel,No Blank Envelopes
Majestic,Silk,6 x 12,Vertical,Rectangle,16PT C2S,No Coating,Silk,n/a,4/4,500,Score in Half,Slide Slits Right Panel,No Blank Envelopes
Majestic,Silk,6 x 12,Horizontal,Rectangle,16PT C2S,No Coating,Silk,n/a,4/0,1000,Score in Half,Slide Slits Right Panel,No Blank Envelopes
Majestic,Silk,6 x 12,Vertical,Rectangle,16PT C2S,No Coating,Silk,n/a,4/0,1000,Score in Half,Slide Slits Right Panel,No Blank Envelopes
Majestic,Silk,6 x 12,Horizontal,Rectangle,16PT C2S,No Coating,Silk,n/a,4/1,1000,Score in Half,Slide Slits Right Panel,No Blank Envelopes
Majestic,Silk,6 x 12,Vertical,Rectangle,16PT C2S,No Coating,Silk,n/a,4/1,1000,Score in Half,Slide Slits Right Panel,No Blank Envelopes
Majestic,Silk,6 x 12,Horizontal,Rectangle,16PT C2S,No Coating,Silk,n/a,4/4,1000,Score in Half,Slide Slits Right Panel,No Blank Envelopes
Majestic,Silk,6 x 12,Vertical,Rectangle,16PT C2S,No Coating,Silk,n/a,4/4,1000,Score in Half,Slide Slits Right Panel,No Blank Envelopes
Majestic,Silk,6 x 12,Vertical,Rectangle,16PT C2S,No Coating,Silk,n/a,4/0,2500,Score in Half,Slide Slits Right Panel,No Blank Envelopes
Majestic,Silk,6 x 12,Horizontal,Rectangle,16PT C2S,No Coating,Silk,n/a,4/1,2500,Score in Half,Slide Slits Right Panel,No Blank Envelopes
Majestic,Silk,6 x 12,Horizontal,Rectangle,16PT C2S,No Coating,Silk,n/a,4/0,2500,Score in Half,Slide Slits Right Panel,No Blank Envelopes
Majestic,Silk,6 x 12,Vertical,Rectangle,16PT C2S,No Coating,Silk,n/a,4/1,2500,Score in Half,Slide Slits Right Panel,No Blank Envelopes
Majestic,Silk,6 x 12,Horizontal,Rectangle,16PT C2S,No Coating,Silk,n/a,4/4,2500,Score in Half,Slide Slits Right Panel,No Blank Envelopes
Majestic,Silk,6 x 12,Vertical,Rectangle,16PT C2S,No Coating,Silk,n/a,4/4,2500,Score in Half,Slide Slits Right Panel,No Blank Envelopes
Majestic,Silk,6 x 12,Horizontal,Rectangle,16PT C2S,No Coating,Silk,n/a,4/0,5000,Score in Half,Slide Slits Right Panel,No Blank Envelopes
Majestic,Silk,6 x 12,Vertical,Rectangle,16PT C2S,No Coating,Silk,n/a,4/0,5000,Score in Half,Slide Slits Right Panel,No Blank Envelopes
Majestic,Silk,6 x 12,Vertical,Rectangle,16PT C2S,No Coating,Silk,n/a,4/1,5000,Score in Half,Slide Slits Right Panel,No Blank Envelopes
Majestic,Silk,6 x 12,Horizontal,Rectangle,16PT C2S,No Coating,Silk,n/a,4/1,5000,Score in Half,Slide Slits Right Panel,No Blank Envelopes
Majestic,Silk,6 x 12,Horizontal,Rectangle,16PT C2S,No Coating,Silk,n/a,4/4,5000,Score in Half,Slide Slits Right Panel,No Blank Envelopes
Majestic,Silk,6 x 12,Horizontal,Rectangle,16PT C2S,No Coating,Silk,n/a,4/0,10000,Score in Half,Slide Slits Right Panel,No Blank Envelopes
Majestic,Silk,6 x 12,Vertical,Rectangle,16PT C2S,No Coating,Silk,n/a,4/0,10000,Score in Half,Slide Slits Right Panel,No Blank Envelopes
Majestic,Silk,6 x 12,Vertical,Rectangle,16PT C2S,No Coating,Silk,n/a,4/4,5000,Score in Half,Slide Slits Right Panel,No Blank Envelopes
Majestic,Silk,6 x 12,Vertical,Rectangle,16PT C2S,No Coating,Silk,n/a,4/1,10000,Score in Half,Slide Slits Right Panel,No Blank Envelopes
Majestic,Silk,6 x 12,Horizontal,Rectangle,16PT C2S,No Coating,Silk,n/a,4/4,10000,Score in Half,Slide Slits Right Panel,No Blank Envelopes
Majestic,Silk,6 x 12,Vertical,Rectangle,16PT C2S,No Coating,Silk,n/a,4/4,10000,Score in Half,Slide Slits Right Panel,No Blank Envelopes
Majestic,Silk,6 x 12,Horizontal,Rectangle,16PT C2S,No Coating,Silk,n/a,4/0,25,Score in Half,Moon Slits Bottom Panel,Yes 25 Envelopes 6.5X6.5
Majestic,Silk,6 x 12,Vertical,Rectangle,16PT C2S,No Coating,Silk,n/a,4/0,25,Score in Half,Moon Slits Bottom Panel,Yes 25 Envelopes 6.5X6.5
Majestic,Silk,6 x 12,Horizontal,Rectangle,16PT C2S,No Coating,Silk,n/a,4/1,25,Score in Half,Moon Slits Bottom Panel,Yes 25 Envelopes 6.5X6.5
Majestic,Silk,6 x 12,Vertical,Rectangle,16PT C2S,No Coating,Silk,n/a,4/1,25,Score in Half,Moon Slits Bottom Panel,Yes 25 Envelopes 6.5X6.5
Majestic,Silk,6 x 12,Horizontal,Rectangle,16PT C2S,No Coating,Silk,n/a,4/4,25,Score in Half,Moon Slits Bottom Panel,Yes 25 Envelopes 6.5X6.5
Majestic,Silk,6 x 12,Vertical,Rectangle,16PT C2S,No Coating,Silk,n/a,4/4,25,Score in Half,Moon Slits Bottom Panel,Yes 25 Envelopes 6.5X6.5
Majestic,Silk,6 x 12,Vertical,Rectangle,16PT C2S,No Coating,Silk,n/a,4/4,25,Score in Half,Slide Slits Bottom Panel,No Blank Envelopes
Majestic,Silk,6 x 12,Horizontal,Rectangle,16PT C2S,No Coating,Silk,n/a,4/0,50,Score in Half,Moon Slits Bottom Panel,Yes 25 Envelopes 6.5X6.5
Majestic,Silk,6 x 12,Vertical,Rectangle,16PT C2S,No Coating,Silk,n/a,4/0,50,Score in Half,Moon Slits Bottom Panel,Yes 25 Envelopes 6.5X6.5
Majestic,Silk,6 x 12,Horizontal,Rectangle,16PT C2S,No Coating,Silk,n/a,4/1,50,Score in Half,Moon Slits Bottom Panel,Yes 25 Envelopes 6.5X6.5
Majestic,Silk,6 x 12,Horizontal,Rectangle,16PT C2S,No Coating,Silk,n/a,4/4,50,Score in Half,Moon Slits Bottom Panel,Yes 25 Envelopes 6.5X6.5
Majestic,Silk,6 x 12,Vertical,Rectangle,16PT C2S,No Coating,Silk,n/a,4/4,50,Score in Half,Moon Slits Bottom Panel,Yes 25 Envelopes 6.5X6.5
Majestic,Silk,6 x 12,Horizontal,Rectangle,16PT C2S,No Coating,Silk,n/a,4/0,75,Score in Half,Moon Slits Bottom Panel,Yes 25 Envelopes 6.5X6.5
Majestic,Silk,6 x 12,Vertical,Rectangle,16PT C2S,No Coating,Silk,n/a,4/1,50,Score in Half,Moon Slits Bottom Panel,Yes 25 Envelopes 6.5X6.5
Majestic,Silk,6 x 12,Vertical,Rectangle,16PT C2S,No Coating,Silk,n/a,4/0,75,Score in Half,Moon Slits Bottom Panel,Yes 25 Envelopes 6.5X6.5
Majestic,Silk,6 x 12,Horizontal,Rectangle,16PT C2S,No Coating,Silk,n/a,4/1,75,Score in Half,Moon Slits Bottom Panel,Yes 25 Envelopes 6.5X6.5
Majestic,Silk,6 x 12,Vertical,Rectangle,16PT C2S,No Coating,Silk,n/a,4/1,75,Score in Half,Moon Slits Bottom Panel,Yes 25 Envelopes 6.5X6.5
Majestic,Silk,6 x 12,Vertical,Rectangle,16PT C2S,No Coating,Silk,n/a,4/4,75,Score in Half,Moon Slits Bottom Panel,Yes 25 Envelopes 6.5X6.5
Majestic,Silk,6 x 12,Horizontal,Rectangle,16PT C2S,No Coating,Silk,n/a,4/4,75,Score in Half,Moon Slits Bottom Panel,Yes 25 Envelopes 6.5X6.5
Majestic,Silk,6 x 12,Horizontal,Rectangle,16PT C2S,No Coating,Silk,n/a,4/0,100,Score in Half,Moon Slits Bottom Panel,Yes 25 Envelopes 6.5X6.5
Majestic,Silk,6 x 12,Horizontal,Rectangle,16PT C2S,No Coating,Silk,n/a,4/1,75,Score in Half,Slide Slits Right Panel,No Blank Envelopes
Majestic,Silk,6 x 12,Horizontal,Rectangle,16PT C2S,No Coating,Silk,n/a,4/1,100,Score in Half,Moon Slits Bottom Panel,Yes 25 Envelopes 6.5X6.5
Majestic,Silk,6 x 12,Vertical,Rectangle,16PT C2S,No Coating,Silk,n/a,4/1,100,Score in Half,Moon Slits Bottom Panel,Yes 25 Envelopes 6.5X6.5
Majestic,Silk,6 x 12,Horizontal,Rectangle,16PT C2S,No Coating,Silk,n/a,4/4,100,Score in Half,Moon Slits Bottom Panel,Yes 25 Envelopes 6.5X6.5
Majestic,Silk,6 x 12,Horizontal,Rectangle,16PT C2S,No Coating,Silk,n/a,4/1,10000,Score in Half,Slide Slits Right Panel,No Blank Envelopes
Majestic,Silk,6 x 12,Horizontal,Rectangle,16PT C2S,No Coating,Silk,n/a,4/0,250,Score in Half,Moon Slits Bottom Panel,Yes 25 Envelopes 6.5X6.5
Majestic,Silk,6 x 12,Vertical,Rectangle,16PT C2S,No Coating,Silk,n/a,4/0,250,Score in Half,Moon Slits Bottom Panel,Yes 25 Envelopes 6.5X6.5
Majestic,Silk,6 x 12,Horizontal,Rectangle,16PT C2S,No Coating,Silk,n/a,4/1,250,Score in Half,Moon Slits Bottom Panel,Yes 25 Envelopes 6.5X6.5
Majestic,Silk,6 x 12,Vertical,Rectangle,16PT C2S,No Coating,Silk,n/a,4/1,250,Score in Half,Moon Slits Bottom Panel,Yes 25 Envelopes 6.5X6.5
Majestic,Silk,6 x 12,Horizontal,Rectangle,16PT C2S,No Coating,Silk,n/a,4/4,250,Score in Half,Moon Slits Bottom Panel,Yes 25 Envelopes 6.5X6.5
Majestic,Silk,6 x 12,Vertical,Rectangle,16PT C2S,No Coating,Silk,n/a,4/4,250,Score in Half,Moon Slits Bottom Panel,Yes 25 Envelopes 6.5X6.5
Majestic,Silk,6 x 12,Vertical,Rectangle,16PT C2S,No Coating,Silk,n/a,4/0,500,Score in Half,Moon Slits Bottom Panel,Yes 25 Envelopes 6.5X6.5
Majestic,Silk,6 x 12,Horizontal,Rectangle,16PT C2S,No Coating,Silk,n/a,4/0,500,Score in Half,Moon Slits Bottom Panel,Yes 25 Envelopes 6.5X6.5
Majestic,Silk,6 x 12,Horizontal,Rectangle,16PT C2S,No Coating,Silk,n/a,4/1,500,Score in Half,Moon Slits Bottom Panel,Yes 25 Envelopes 6.5X6.5
Majestic,Silk,6 x 12,Vertical,Rectangle,16PT C2S,No Coating,Silk,n/a,4/1,500,Score in Half,Moon Slits Bottom Panel,Yes 25 Envelopes 6.5X6.5
Majestic,Silk,6 x 12,Horizontal,Rectangle,16PT C2S,No Coating,Silk,n/a,4/4,500,Score in Half,Moon Slits Bottom Panel,Yes 25 Envelopes 6.5X6.5
Majestic,Silk,6 x 12,Vertical,Rectangle,16PT C2S,No Coating,Silk,n/a,4/4,500,Score in Half,Moon Slits Bottom Panel,Yes 25 Envelopes 6.5X6.5
Majestic,Silk,6 x 12,Horizontal,Rectangle,16PT C2S,No Coating,Silk,n/a,4/0,1000,Score in Half,Moon Slits Bottom Panel,Yes 25 Envelopes 6.5X6.5
Majestic,Silk,6 x 12,Vertical,Rectangle,16PT C2S,No Coating,Silk,n/a,4/0,1000,Score in Half,Moon Slits Bottom Panel,Yes 25 Envelopes 6.5X6.5
Majestic,Silk,6 x 12,Horizontal,Rectangle,16PT C2S,No Coating,Silk,n/a,4/1,1000,Score in Half,Moon Slits Bottom Panel,Yes 25 Envelopes 6.5X6.5
Majestic,Silk,6 x 12,Vertical,Rectangle,16PT C2S,No Coating,Silk,n/a,4/1,1000,Score in Half,Moon Slits Bottom Panel,Yes 25 Envelopes 6.5X6.5
Majestic,Silk,6 x 12,Horizontal,Rectangle,16PT C2S,No Coating,Silk,n/a,4/4,1000,Score in Half,Moon Slits Bottom Panel,Yes 25 Envelopes 6.5X6.5
Majestic,Silk,6 x 12,Vertical,Rectangle,16PT C2S,No Coating,Silk,n/a,4/4,1000,Score in Half,Moon Slits Bottom Panel,Yes 25 Envelopes 6.5X6.5
Majestic,Silk,6 x 12,Horizontal,Rectangle,16PT C2S,No Coating,Silk,n/a,4/0,2500,Score in Half,Moon Slits Bottom Panel,Yes 25 Envelopes 6.5X6.5
Majestic,Silk,6 x 12,Vertical,Rectangle,16PT C2S,No Coating,Silk,n/a,4/0,2500,Score in Half,Moon Slits Bottom Panel,Yes 25 Envelopes 6.5X6.5
Majestic,Silk,6 x 12,Horizontal,Rectangle,16PT C2S,No Coating,Silk,n/a,4/1,2500,Score in Half,Moon Slits Bottom Panel,Yes 25 Envelopes 6.5X6.5
Majestic,Silk,6 x 12,Vertical,Rectangle,16PT C2S,No Coating,Silk,n/a,4/1,2500,Score in Half,Moon Slits Bottom Panel,Yes 25 Envelopes 6.5X6.5
Majestic,Silk,6 x 12,Horizontal,Rectangle,16PT C2S,No Coating,Silk,n/a,4/4,2500,Score in Half,Moon Slits Bottom Panel,Yes 25 Envelopes 6.5X6.5
Majestic,Silk,6 x 12,Vertical,Rectangle,16PT C2S,No Coating,Silk,n/a,4/4,2500,Score in Half,Moon Slits Bottom Panel,Yes 25 Envelopes 6.5X6.5
Majestic,Silk,6 x 12,Horizontal,Rectangle,16PT C2S,No Coating,Silk,n/a,4/0,5000,Score in Half,Moon Slits Bottom Panel,Yes 25 Envelopes 6.5X6.5
Majestic,Silk,6 x 12,Vertical,Rectangle,16PT C2S,No Coating,Silk,n/a,4/0,5000,Score in Half,Moon Slits Bottom Panel,Yes 25 Envelopes 6.5X6.5
Majestic,Silk,6 x 12,Horizontal,Rectangle,16PT C2S,No Coating,Silk,n/a,4/1,5000,Score in Half,Moon Slits Bottom Panel,Yes 25 Envelopes 6.5X6.5
Majestic,Silk,6 x 12,Vertical,Rectangle,16PT C2S,No Coating,Silk,n/a,4/1,5000,Score in Half,Moon Slits Bottom Panel,Yes 25 Envelopes 6.5X6.5
Majestic,Silk,6 x 12,Horizontal,Rectangle,16PT C2S,No Coating,Silk,n/a,4/4,5000,Score in Half,Moon Slits Bottom Panel,Yes 25 Envelopes 6.5X6.5
Majestic,Silk,6 x 12,Vertical,Rectangle,16PT C2S,No Coating,Silk,n/a,4/4,5000,Score in Half,Moon Slits Bottom Panel,Yes 25 Envelopes 6.5X6.5
Majestic,Silk,6 x 12,Horizontal,Rectangle,16PT C2S,No Coating,Silk,n/a,4/0,10000,Score in Half,Moon Slits Bottom Panel,Yes 25 Envelopes 6.5X6.5
Majestic,Silk,6 x 12,Vertical,Rectangle,16PT C2S,No Coating,Silk,n/a,4/0,10000,Score in Half,Moon Slits Bottom Panel,Yes 25 Envelopes 6.5X6.5
Majestic,Silk,6 x 12,Horizontal,Rectangle,16PT C2S,No Coating,Silk,n/a,4/1,10000,Score in Half,Moon Slits Bottom Panel,Yes 25 Envelopes 6.5X6.5
Majestic,Silk,6 x 12,Vertical,Rectangle,16PT C2S,No Coating,Silk,n/a,4/1,10000,Score in Half,Moon Slits Bottom Panel,Yes 25 Envelopes 6.5X6.5
Majestic,Silk,6 x 12,Horizontal,Rectangle,16PT C2S,No Coating,Silk,n/a,4/4,10000,Score in Half,Moon Slits Bottom Panel,Yes 25 Envelopes 6.5X6.5
Majestic,Silk,6 x 12,Vertical,Rectangle,16PT C2S,No Coating,Silk,n/a,4/4,10000,Score in Half,Moon Slits Bottom Panel,Yes 25 Envelopes 6.5X6.5
Majestic,Silk,6 x 12,Horizontal,Rectangle,16PT C2S,No Coating,Silk,n/a,4/0,25,Score in Half,Moon Slits Right Panel,Yes 25 Envelopes 6.5X6.5
Majestic,Silk,6 x 12,Vertical,Rectangle,16PT C2S,No Coating,Silk,n/a,4/0,25,Score in Half,Moon Slits Right Panel,Yes 25 Envelopes 6.5X6.5
Majestic,Silk,6 x 12,Horizontal,Rectangle,16PT C2S,No Coating,Silk,n/a,4/1,25,Score in Half,Moon Slits Right Panel,Yes 25 Envelopes 6.5X6.5
Majestic,Silk,6 x 12,Horizontal,Rectangle,16PT C2S,No Coating,Silk,n/a,4/4,25,Score in Half,Moon Slits Right Panel,Yes 25 Envelopes 6.5X6.5
Majestic,Silk,6 x 12,Vertical,Rectangle,16PT C2S,No Coating,Silk,n/a,4/1,25,Score in Half,Moon Slits Right Panel,Yes 25 Envelopes 6.5X6.5
Majestic,Silk,6 x 12,Vertical,Rectangle,16PT C2S,No Coating,Silk,n/a,4/4,25,Score in Half,Moon Slits Right Panel,Yes 25 Envelopes 6.5X6.5
Majestic,Silk,6 x 12,Horizontal,Rectangle,16PT C2S,No Coating,Silk,n/a,4/0,50,Score in Half,Moon Slits Right Panel,Yes 25 Envelopes 6.5X6.5
Majestic,Silk,6 x 12,Vertical,Rectangle,16PT C2S,No Coating,Silk,n/a,4/0,50,Score in Half,Moon Slits Right Panel,Yes 25 Envelopes 6.5X6.5
Majestic,Silk,6 x 12,Vertical,Rectangle,16PT C2S,No Coating,Silk,n/a,4/1,50,Score in Half,Moon Slits Right Panel,Yes 25 Envelopes 6.5X6.5
Majestic,Silk,6 x 12,Horizontal,Rectangle,16PT C2S,No Coating,Silk,n/a,4/1,50,Score in Half,Moon Slits Right Panel,Yes 25 Envelopes 6.5X6.5
Majestic,Silk,6 x 12,Horizontal,Rectangle,16PT C2S,No Coating,Silk,n/a,4/4,50,Score in Half,Moon Slits Right Panel,Yes 25 Envelopes 6.5X6.5
Majestic,Silk,6 x 12,Vertical,Rectangle,16PT C2S,No Coating,Silk,n/a,4/4,50,Score in Half,Moon Slits Right Panel,Yes 25 Envelopes 6.5X6.5
Majestic,Silk,6 x 12,Vertical,Rectangle,16PT C2S,No Coating,Silk,n/a,4/0,75,Score in Half,Moon Slits Right Panel,Yes 25 Envelopes 6.5X6.5
Majestic,Silk,6 x 12,Horizontal,Rectangle,16PT C2S,No Coating,Silk,n/a,4/0,75,Score in Half,Moon Slits Right Panel,Yes 25 Envelopes 6.5X6.5
Majestic,Silk,6 x 12,Horizontal,Rectangle,16PT C2S,No Coating,Silk,n/a,4/1,75,Score in Half,Moon Slits Right Panel,Yes 25 Envelopes 6.5X6.5
Majestic,Silk,6 x 12,Vertical,Rectangle,16PT C2S,No Coating,Silk,n/a,4/1,75,Score in Half,Moon Slits Right Panel,Yes 25 Envelopes 6.5X6.5
Majestic,Silk,6 x 12,Horizontal,Rectangle,16PT C2S,No Coating,Silk,n/a,4/4,75,Score in Half,Moon Slits Right Panel,Yes 25 Envelopes 6.5X6.5
Majestic,Silk,6 x 12,Vertical,Rectangle,16PT C2S,No Coating,Silk,n/a,4/4,75,Score in Half,Moon Slits Right Panel,Yes 25 Envelopes 6.5X6.5
Majestic,Silk,6 x 12,Horizontal,Rectangle,16PT C2S,No Coating,Silk,n/a,4/0,100,Score in Half,Moon Slits Right Panel,Yes 25 Envelopes 6.5X6.5
Majestic,Silk,6 x 12,Vertical,Rectangle,16PT C2S,No Coating,Silk,n/a,4/0,100,Score in Half,Moon Slits Right Panel,Yes 25 Envelopes 6.5X6.5
Majestic,Silk,6 x 12,Horizontal,Rectangle,16PT C2S,No Coating,Silk,n/a,4/1,100,Score in Half,Moon Slits Right Panel,Yes 25 Envelopes 6.5X6.5
Majestic,Silk,6 x 12,Horizontal,Rectangle,16PT C2S,No Coating,Silk,n/a,4/4,100,Score in Half,Moon Slits Right Panel,Yes 25 Envelopes 6.5X6.5
Majestic,Silk,6 x 12,Vertical,Rectangle,16PT C2S,No Coating,Silk,n/a,4/1,100,Score in Half,Moon Slits Right Panel,Yes 25 Envelopes 6.5X6.5
Majestic,Silk,6 x 12,Vertical,Rectangle,16PT C2S,No Coating,Silk,n/a,4/1,75,Score in Half,Slide Slits Right Panel,No Blank Envelopes
Majestic,Silk,6 x 12,Horizontal,Rectangle,16PT C2S,No Coating,Silk,n/a,4/0,250,Score in Half,Moon Slits Right Panel,Yes 25 Envelopes 6.5X6.5
Majestic,Silk,6 x 12,Vertical,Rectangle,16PT C2S,No Coating,Silk,n/a,4/0,250,Score in Half,Moon Slits Right Panel,Yes 25 Envelopes 6.5X6.5
Majestic,Silk,6 x 12,Horizontal,Rectangle,16PT C2S,No Coating,Silk,n/a,4/1,250,Score in Half,Moon Slits Right Panel,Yes 25 Envelopes 6.5X6.5
Majestic,Silk,6 x 12,Vertical,Rectangle,16PT C2S,No Coating,Silk,n/a,4/1,250,Score in Half,Moon Slits Right Panel,Yes 25 Envelopes 6.5X6.5
Majestic,Silk,6 x 12,Horizontal,Rectangle,16PT C2S,No Coating,Silk,n/a,4/4,250,Score in Half,Moon Slits Right Panel,Yes 25 Envelopes 6.5X6.5
Majestic,Silk,6 x 12,Vertical,Rectangle,16PT C2S,No Coating,Silk,n/a,4/4,250,Score in Half,Moon Slits Right Panel,Yes 25 Envelopes 6.5X6.5
Majestic,Silk,6 x 12,Horizontal,Rectangle,16PT C2S,No Coating,Silk,n/a,4/0,500,Score in Half,Moon Slits Right Panel,Yes 25 Envelopes 6.5X6.5
Majestic,Silk,6 x 12,Vertical,Rectangle,16PT C2S,No Coating,Silk,n/a,4/4,100,Score in Half,Moon Slits Bottom Panel,Yes 25 Envelopes 6.5X6.5
Majestic,Silk,6 x 12,Horizontal,Rectangle,16PT C2S,No Coating,Silk,n/a,4/1,500,Score in Half,Moon Slits Right Panel,Yes 25 Envelopes 6.5X6.5
Majestic,Silk,6 x 12,Vertical,Rectangle,16PT C2S,No Coating,Silk,n/a,4/1,500,Score in Half,Moon Slits Right Panel,Yes 25 Envelopes 6.5X6.5
Majestic,Silk,6 x 12,Vertical,Rectangle,16PT C2S,No Coating,Silk,n/a,4/4,500,Score in Half,Moon Slits Right Panel,Yes 25 Envelopes 6.5X6.5
Majestic,Silk,6 x 12,Horizontal,Rectangle,16PT C2S,No Coating,Silk,n/a,4/4,500,Score in Half,Moon Slits Right Panel,Yes 25 Envelopes 6.5X6.5
Majestic,Silk,6 x 12,Horizontal,Rectangle,16PT C2S,No Coating,Silk,n/a,4/0,1000,Score in Half,Moon Slits Right Panel,Yes 25 Envelopes 6.5X6.5
Majestic,Silk,6 x 12,Vertical,Rectangle,16PT C2S,No Coating,Silk,n/a,4/0,1000,Score in Half,Moon Slits Right Panel,Yes 25 Envelopes 6.5X6.5
Majestic,Silk,6 x 12,Horizontal,Rectangle,16PT C2S,No Coating,Silk,n/a,4/1,1000,Score in Half,Moon Slits Right Panel,Yes 25 Envelopes 6.5X6.5
Majestic,Silk,6 x 12,Vertical,Rectangle,16PT C2S,No Coating,Silk,n/a,4/1,1000,Score in Half,Moon Slits Right Panel,Yes 25 Envelopes 6.5X6.5
Majestic,Silk,6 x 12,Horizontal,Rectangle,16PT C2S,No Coating,Silk,n/a,4/4,1000,Score in Half,Moon Slits Right Panel,Yes 25 Envelopes 6.5X6.5
Majestic,Silk,6 x 12,Vertical,Rectangle,16PT C2S,No Coating,Silk,n/a,4/4,1000,Score in Half,Moon Slits Right Panel,Yes 25 Envelopes 6.5X6.5
Majestic,Silk,6 x 12,Horizontal,Rectangle,16PT C2S,No Coating,Silk,n/a,4/0,2500,Score in Half,Moon Slits Right Panel,Yes 25 Envelopes 6.5X6.5
Majestic,Silk,6 x 12,Vertical,Rectangle,16PT C2S,No Coating,Silk,n/a,4/0,100,Score in Half,Moon Slits Bottom Panel,Yes 25 Envelopes 6.5X6.5
Majestic,Silk,6 x 12,Vertical,Rectangle,16PT C2S,No Coating,Silk,n/a,4/4,100,Score in Half,Moon Slits Right Panel,Yes 25 Envelopes 6.5X6.5
Majestic,Silk,6 x 12,Vertical,Rectangle,16PT C2S,No Coating,Silk,n/a,4/1,2500,Score in Half,Moon Slits Right Panel,Yes 25 Envelopes 6.5X6.5
Majestic,Silk,6 x 12,Horizontal,Rectangle,16PT C2S,No Coating,Silk,n/a,4/4,2500,Score in Half,Moon Slits Right Panel,Yes 25 Envelopes 6.5X6.5
Majestic,Silk,6 x 12,Horizontal,Rectangle,16PT C2S,No Coating,Silk,n/a,4/0,5000,Score in Half,Moon Slits Right Panel,Yes 25 Envelopes 6.5X6.5
Majestic,Silk,6 x 12,Vertical,Rectangle,16PT C2S,No Coating,Silk,n/a,4/4,2500,Score in Half,Moon Slits Right Panel,Yes 25 Envelopes 6.5X6.5
Majestic,Silk,6 x 12,Vertical,Rectangle,16PT C2S,No Coating,Silk,n/a,4/0,5000,Score in Half,Moon Slits Right Panel,Yes 25 Envelopes 6.5X6.5
Majestic,Silk,6 x 12,Horizontal,Rectangle,16PT C2S,No Coating,Silk,n/a,4/1,5000,Score in Half,Moon Slits Right Panel,Yes 25 Envelopes 6.5X6.5
Majestic,Silk,6 x 12,Vertical,Rectangle,16PT C2S,No Coating,Silk,n/a,4/1,5000,Score in Half,Moon Slits Right Panel,Yes 25 Envelopes 6.5X6.5
Majestic,Silk,6 x 12,Horizontal,Rectangle,16PT C2S,No Coating,Silk,n/a,4/4,5000,Score in Half,Moon Slits Right Panel,Yes 25 Envelopes 6.5X6.5
Majestic,Silk,6 x 12,Vertical,Rectangle,16PT C2S,No Coating,Silk,n/a,4/4,5000,Score in Half,Moon Slits Right Panel,Yes 25 Envelopes 6.5X6.5
Majestic,Silk,6 x 12,Horizontal,Rectangle,16PT C2S,No Coating,Silk,n/a,4/0,10000,Score in Half,Moon Slits Right Panel,Yes 25 Envelopes 6.5X6.5
Majestic,Silk,6 x 12,Vertical,Rectangle,16PT C2S,No Coating,Silk,n/a,4/1,10000,Score in Half,Moon Slits Right Panel,Yes 25 Envelopes 6.5X6.5
Majestic,Silk,6 x 12,Vertical,Rectangle,16PT C2S,No Coating,Silk,n/a,4/0,10000,Score in Half,Moon Slits Right Panel,Yes 25 Envelopes 6.5X6.5
Majestic,Silk,6 x 12,Horizontal,Rectangle,16PT C2S,No Coating,Silk,n/a,4/1,10000,Score in Half,Moon Slits Right Panel,Yes 25 Envelopes 6.5X6.5
Majestic,Silk,6 x 12,Horizontal,Rectangle,16PT C2S,No Coating,Silk,n/a,4/4,10000,Score in Half,Moon Slits Right Panel,Yes 25 Envelopes 6.5X6.5
Majestic,Silk,6 x 12,Vertical,Rectangle,16PT C2S,No Coating,Silk,n/a,4/4,10000,Score in Half,Moon Slits Right Panel,Yes 25 Envelopes 6.5X6.5
Majestic,Silk,6 x 12,Vertical,Rectangle,16PT C2S,No Coating,Silk,n/a,4/0,25,Score in Half,No Gift Cards Slits,Yes 25 Envelopes 6.5X6.5
Majestic,Silk,6 x 12,Horizontal,Rectangle,16PT C2S,No Coating,Silk,n/a,4/1,25,Score in Half,No Gift Cards Slits,Yes 25 Envelopes 6.5X6.5
Majestic,Silk,6 x 12,Horizontal,Rectangle,16PT C2S,No Coating,Silk,n/a,4/0,25,Score in Half,No Gift Cards Slits,Yes 25 Envelopes 6.5X6.5
Majestic,Silk,6 x 12,Vertical,Rectangle,16PT C2S,No Coating,Silk,n/a,4/1,25,Score in Half,No Gift Cards Slits,Yes 25 Envelopes 6.5X6.5
Majestic,Silk,6 x 12,Horizontal,Rectangle,16PT C2S,No Coating,Silk,n/a,4/4,25,Score in Half,No Gift Cards Slits,Yes 25 Envelopes 6.5X6.5
Majestic,Silk,6 x 12,Vertical,Rectangle,16PT C2S,No Coating,Silk,n/a,4/4,25,Score in Half,No Gift Cards Slits,Yes 25 Envelopes 6.5X6.5
Majestic,Silk,6 x 12,Horizontal,Rectangle,16PT C2S,No Coating,Silk,n/a,4/0,50,Score in Half,No Gift Cards Slits,Yes 25 Envelopes 6.5X6.5
Majestic,Silk,6 x 12,Vertical,Rectangle,16PT C2S,No Coating,Silk,n/a,4/0,50,Score in Half,No Gift Cards Slits,Yes 25 Envelopes 6.5X6.5
Majestic,Silk,6 x 12,Horizontal,Rectangle,16PT C2S,No Coating,Silk,n/a,4/1,50,Score in Half,No Gift Cards Slits,Yes 25 Envelopes 6.5X6.5
Majestic,Silk,6 x 12,Vertical,Rectangle,16PT C2S,No Coating,Silk,n/a,4/1,50,Score in Half,No Gift Cards Slits,Yes 25 Envelopes 6.5X6.5
Majestic,Silk,6 x 12,Horizontal,Rectangle,16PT C2S,No Coating,Silk,n/a,4/4,50,Score in Half,No Gift Cards Slits,Yes 25 Envelopes 6.5X6.5
Majestic,Silk,6 x 12,Vertical,Rectangle,16PT C2S,No Coating,Silk,n/a,4/4,50,Score in Half,No Gift Cards Slits,Yes 25 Envelopes 6.5X6.5
Majestic,Silk,6 x 12,Horizontal,Rectangle,16PT C2S,No Coating,Silk,n/a,4/0,75,Score in Half,No Gift Cards Slits,Yes 25 Envelopes 6.5X6.5
Majestic,Silk,6 x 12,Vertical,Rectangle,16PT C2S,No Coating,Silk,n/a,4/0,75,Score in Half,No Gift Cards Slits,Yes 25 Envelopes 6.5X6.5
Majestic,Silk,6 x 12,Horizontal,Rectangle,16PT C2S,No Coating,Silk,n/a,4/1,75,Score in Half,No Gift Cards Slits,Yes 25 Envelopes 6.5X6.5
Majestic,Silk,6 x 12,Vertical,Rectangle,16PT C2S,No Coating,Silk,n/a,4/1,75,Score in Half,No Gift Cards Slits,Yes 25 Envelopes 6.5X6.5
Majestic,Silk,6 x 12,Horizontal,Rectangle,16PT C2S,No Coating,Silk,n/a,4/4,75,Score in Half,No Gift Cards Slits,Yes 25 Envelopes 6.5X6.5
Majestic,Silk,6 x 12,Vertical,Rectangle,16PT C2S,No Coating,Silk,n/a,4/4,75,Score in Half,No Gift Cards Slits,Yes 25 Envelopes 6.5X6.5
Majestic,Silk,6 x 12,Horizontal,Rectangle,16PT C2S,No Coating,Silk,n/a,4/0,100,Score in Half,No Gift Cards Slits,Yes 25 Envelopes 6.5X6.5
Majestic,Silk,6 x 12,Vertical,Rectangle,16PT C2S,No Coating,Silk,n/a,4/0,100,Score in Half,No Gift Cards Slits,Yes 25 Envelopes 6.5X6.5
Majestic,Silk,6 x 12,Horizontal,Rectangle,16PT C2S,No Coating,Silk,n/a,4/1,100,Score in Half,No Gift Cards Slits,Yes 25 Envelopes 6.5X6.5
Majestic,Silk,6 x 12,Vertical,Rectangle,16PT C2S,No Coating,Silk,n/a,4/1,100,Score in Half,No Gift Cards Slits,Yes 25 Envelopes 6.5X6.5
Majestic,Silk,6 x 12,Horizontal,Rectangle,16PT C2S,No Coating,Silk,n/a,4/4,100,Score in Half,No Gift Cards Slits,Yes 25 Envelopes 6.5X6.5
Majestic,Silk,6 x 12,Vertical,Rectangle,16PT C2S,No Coating,Silk,n/a,4/4,100,Score in Half,No Gift Cards Slits,Yes 25 Envelopes 6.5X6.5
Majestic,Silk,6 x 12,Horizontal,Rectangle,16PT C2S,No Coating,Silk,n/a,4/0,250,Score in Half,No Gift Cards Slits,Yes 25 Envelopes 6.5X6.5
Majestic,Silk,6 x 12,Vertical,Rectangle,16PT C2S,No Coating,Silk,n/a,4/0,250,Score in Half,No Gift Cards Slits,Yes 25 Envelopes 6.5X6.5
Majestic,Silk,6 x 12,Horizontal,Rectangle,16PT C2S,No Coating,Silk,n/a,4/1,250,Score in Half,No Gift Cards Slits,Yes 25 Envelopes 6.5X6.5
Majestic,Silk,6 x 12,Vertical,Rectangle,16PT C2S,No Coating,Silk,n/a,4/1,250,Score in Half,No Gift Cards Slits,Yes 25 Envelopes 6.5X6.5
Majestic,Silk,6 x 12,Horizontal,Rectangle,16PT C2S,No Coating,Silk,n/a,4/4,250,Score in Half,No Gift Cards Slits,Yes 25 Envelopes 6.5X6.5
Majestic,Silk,6 x 12,Vertical,Rectangle,16PT C2S,No Coating,Silk,n/a,4/4,250,Score in Half,No Gift Cards Slits,Yes 25 Envelopes 6.5X6.5
Majestic,Silk,6 x 12,Horizontal,Rectangle,16PT C2S,No Coating,Silk,n/a,4/0,500,Score in Half,No Gift Cards Slits,Yes 25 Envelopes 6.5X6.5
Majestic,Silk,6 x 12,Vertical,Rectangle,16PT C2S,No Coating,Silk,n/a,4/0,500,Score in Half,No Gift Cards Slits,Yes 25 Envelopes 6.5X6.5
Majestic,Silk,6 x 12,Horizontal,Rectangle,16PT C2S,No Coating,Silk,n/a,4/1,500,Score in Half,No Gift Cards Slits,Yes 25 Envelopes 6.5X6.5
Majestic,Silk,6 x 12,Vertical,Rectangle,16PT C2S,No Coating,Silk,n/a,4/1,500,Score in Half,No Gift Cards Slits,Yes 25 Envelopes 6.5X6.5
Majestic,Silk,6 x 12,Horizontal,Rectangle,16PT C2S,No Coating,Silk,n/a,4/4,500,Score in Half,No Gift Cards Slits,Yes 25 Envelopes 6.5X6.5
Majestic,Silk,6 x 12,Horizontal,Rectangle,16PT C2S,No Coating,Silk,n/a,4/1,2500,Score in Half,Moon Slits Right Panel,Yes 25 Envelopes 6.5X6.5
Majestic,Silk,6 x 12,Vertical,Rectangle,16PT C2S,No Coating,Silk,n/a,4/0,1000,Score in Half,No Gift Cards Slits,Yes 25 Envelopes 6.5X6.5
Majestic,Silk,6 x 12,Horizontal,Rectangle,16PT C2S,No Coating,Silk,n/a,4/0,1000,Score in Half,No Gift Cards Slits,Yes 25 Envelopes 6.5X6.5
Majestic,Silk,6 x 12,Horizontal,Rectangle,16PT C2S,No Coating,Silk,n/a,4/1,1000,Score in Half,No Gift Cards Slits,Yes 25 Envelopes 6.5X6.5
Majestic,Silk,6 x 12,Vertical,Rectangle,16PT C2S,No Coating,Silk,n/a,4/1,1000,Score in Half,No Gift Cards Slits,Yes 25 Envelopes 6.5X6.5
Majestic,Silk,6 x 12,Horizontal,Rectangle,16PT C2S,No Coating,Silk,n/a,4/4,1000,Score in Half,No Gift Cards Slits,Yes 25 Envelopes 6.5X6.5
Majestic,Silk,6 x 12,Vertical,Rectangle,16PT C2S,No Coating,Silk,n/a,4/4,1000,Score in Half,No Gift Cards Slits,Yes 25 Envelopes 6.5X6.5
Majestic,Silk,6 x 12,Horizontal,Rectangle,16PT C2S,No Coating,Silk,n/a,4/0,2500,Score in Half,No Gift Cards Slits,Yes 25 Envelopes 6.5X6.5
Majestic,Silk,6 x 12,Vertical,Rectangle,16PT C2S,No Coating,Silk,n/a,4/0,2500,Score in Half,No Gift Cards Slits,Yes 25 Envelopes 6.5X6.5
Majestic,Silk,6 x 12,Horizontal,Rectangle,16PT C2S,No Coating,Silk,n/a,4/1,2500,Score in Half,No Gift Cards Slits,Yes 25 Envelopes 6.5X6.5
Majestic,Silk,6 x 12,Vertical,Rectangle,16PT C2S,No Coating,Silk,n/a,4/1,2500,Score in Half,No Gift Cards Slits,Yes 25 Envelopes 6.5X6.5
Majestic,Silk,6 x 12,Horizontal,Rectangle,16PT C2S,No Coating,Silk,n/a,4/4,2500,Score in Half,No Gift Cards Slits,Yes 25 Envelopes 6.5X6.5
Majestic,Silk,6 x 12,Vertical,Rectangle,16PT C2S,No Coating,Silk,n/a,4/4,2500,Score in Half,No Gift Cards Slits,Yes 25 Envelopes 6.5X6.5
Majestic,Silk,6 x 12,Horizontal,Rectangle,16PT C2S,No Coating,Silk,n/a,4/0,5000,Score in Half,No Gift Cards Slits,Yes 25 Envelopes 6.5X6.5
Majestic,Silk,6 x 12,Vertical,Rectangle,16PT C2S,No Coating,Silk,n/a,4/0,5000,Score in Half,No Gift Cards Slits,Yes 25 Envelopes 6.5X6.5
Majestic,Silk,6 x 12,Horizontal,Rectangle,16PT C2S,No Coating,Silk,n/a,4/1,5000,Score in Half,No Gift Cards Slits,Yes 25 Envelopes 6.5X6.5
Majestic,Silk,6 x 12,Vertical,Rectangle,16PT C2S,No Coating,Silk,n/a,4/1,5000,Score in Half,No Gift Cards Slits,Yes 25 Envelopes 6.5X6.5
Majestic,Silk,6 x 12,Vertical,Rectangle,16PT C2S,No Coating,Silk,n/a,4/4,5000,Score in Half,No Gift Cards Slits,Yes 25 Envelopes 6.5X6.5
Majestic,Silk,6 x 12,Horizontal,Rectangle,16PT C2S,No Coating,Silk,n/a,4/0,10000,Score in Half,No Gift Cards Slits,Yes 25 Envelopes 6.5X6.5
Majestic,Silk,6 x 12,Vertical,Rectangle,16PT C2S,No Coating,Silk,n/a,4/0,10000,Score in Half,No Gift Cards Slits,Yes 25 Envelopes 6.5X6.5
Majestic,Silk,6 x 12,Horizontal,Rectangle,16PT C2S,No Coating,Silk,n/a,4/4,5000,Score in Half,No Gift Cards Slits,Yes 25 Envelopes 6.5X6.5
Majestic,Silk,6 x 12,Horizontal,Rectangle,16PT C2S,No Coating,Silk,n/a,4/1,10000,Score in Half,No Gift Cards Slits,Yes 25 Envelopes 6.5X6.5
Majestic,Silk,6 x 12,Vertical,Rectangle,16PT C2S,No Coating,Silk,n/a,4/1,10000,Score in Half,No Gift Cards Slits,Yes 25 Envelopes 6.5X6.5
Majestic,Silk,6 x 12,Horizontal,Rectangle,16PT C2S,No Coating,Silk,n/a,4/4,10000,Score in Half,No Gift Cards Slits,Yes 25 Envelopes 6.5X6.5
Majestic,Silk,6 x 12,Horizontal,Rectangle,16PT C2S,No Coating,Silk,n/a,4/0,25,Score in Half,Slide Slits Bottom Panel,Yes 25 Envelopes 6.5X6.5
Majestic,Silk,6 x 12,Vertical,Rectangle,16PT C2S,No Coating,Silk,n/a,4/0,25,Score in Half,Slide Slits Bottom Panel,Yes 25 Envelopes 6.5X6.5
Majestic,Silk,6 x 12,Horizontal,Rectangle,16PT C2S,No Coating,Silk,n/a,4/1,25,Score in Half,Slide Slits Bottom Panel,Yes 25 Envelopes 6.5X6.5
Majestic,Silk,6 x 12,Vertical,Rectangle,16PT C2S,No Coating,Silk,n/a,4/4,10000,Score in Half,No Gift Cards Slits,Yes 25 Envelopes 6.5X6.5
Majestic,Silk,6 x 12,Vertical,Rectangle,16PT C2S,No Coating,Silk,n/a,4/1,25,Score in Half,Slide Slits Bottom Panel,Yes 25 Envelopes 6.5X6.5
Majestic,Silk,6 x 12,Horizontal,Rectangle,16PT C2S,No Coating,Silk,n/a,4/4,25,Score in Half,Slide Slits Bottom Panel,Yes 25 Envelopes 6.5X6.5
Majestic,Silk,6 x 12,Vertical,Rectangle,16PT C2S,No Coating,Silk,n/a,4/4,25,Score in Half,Slide Slits Bottom Panel,Yes 25 Envelopes 6.5X6.5
Majestic,Silk,6 x 12,Vertical,Rectangle,16PT C2S,No Coating,Silk,n/a,4/0,50,Score in Half,Slide Slits Bottom Panel,Yes 25 Envelopes 6.5X6.5
Majestic,Silk,6 x 12,Horizontal,Rectangle,16PT C2S,No Coating,Silk,n/a,4/1,50,Score in Half,Slide Slits Bottom Panel,Yes 25 Envelopes 6.5X6.5
Majestic,Silk,6 x 12,Vertical,Rectangle,16PT C2S,No Coating,Silk,n/a,4/1,50,Score in Half,Slide Slits Bottom Panel,Yes 25 Envelopes 6.5X6.5
Majestic,Silk,6 x 12,Horizontal,Rectangle,16PT C2S,No Coating,Silk,n/a,4/4,50,Score in Half,Slide Slits Bottom Panel,Yes 25 Envelopes 6.5X6.5
Majestic,Silk,6 x 12,Vertical,Rectangle,16PT C2S,No Coating,Silk,n/a,4/4,50,Score in Half,Slide Slits Bottom Panel,Yes 25 Envelopes 6.5X6.5
Majestic,Silk,6 x 12,Vertical,Rectangle,16PT C2S,No Coating,Silk,n/a,4/4,500,Score in Half,No Gift Cards Slits,Yes 25 Envelopes 6.5X6.5
Majestic,Silk,6 x 12,Horizontal,Rectangle,16PT C2S,No Coating,Silk,n/a,4/0,50,Score in Half,Slide Slits Bottom Panel,Yes 25 Envelopes 6.5X6.5
Majestic,Silk,6 x 12,Vertical,Rectangle,16PT C2S,No Coating,Silk,n/a,4/0,75,Score in Half,Slide Slits Bottom Panel,Yes 25 Envelopes 6.5X6.5
Majestic,Silk,6 x 12,Horizontal,Rectangle,16PT C2S,No Coating,Silk,n/a,4/1,75,Score in Half,Slide Slits Bottom Panel,Yes 25 Envelopes 6.5X6.5
Majestic,Silk,6 x 12,Vertical,Rectangle,16PT C2S,No Coating,Silk,n/a,4/1,75,Score in Half,Slide Slits Bottom Panel,Yes 25 Envelopes 6.5X6.5
Majestic,Silk,6 x 12,Horizontal,Rectangle,16PT C2S,No Coating,Silk,n/a,4/4,75,Score in Half,Slide Slits Bottom Panel,Yes 25 Envelopes 6.5X6.5
Majestic,Silk,6 x 12,Vertical,Rectangle,16PT C2S,No Coating,Silk,n/a,4/4,75,Score in Half,Slide Slits Bottom Panel,Yes 25 Envelopes 6.5X6.5
Majestic,Silk,6 x 12,Horizontal,Rectangle,16PT C2S,No Coating,Silk,n/a,4/0,100,Score in Half,Slide Slits Bottom Panel,Yes 25 Envelopes 6.5X6.5
Majestic,Silk,6 x 12,Vertical,Rectangle,16PT C2S,No Coating,Silk,n/a,4/0,100,Score in Half,Slide Slits Bottom Panel,Yes 25 Envelopes 6.5X6.5
Majestic,Silk,6 x 12,Horizontal,Rectangle,16PT C2S,No Coating,Silk,n/a,4/1,100,Score in Half,Slide Slits Bottom Panel,Yes 25 Envelopes 6.5X6.5
Majestic,Silk,6 x 12,Horizontal,Rectangle,16PT C2S,No Coating,Silk,n/a,4/0,75,Score in Half,Slide Slits Bottom Panel,Yes 25 Envelopes 6.5X6.5
Majestic,Silk,6 x 12,Horizontal,Rectangle,16PT C2S,No Coating,Silk,n/a,4/4,100,Score in Half,Slide Slits Bottom Panel,Yes 25 Envelopes 6.5X6.5
Majestic,Silk,6 x 12,Vertical,Rectangle,16PT C2S,No Coating,Silk,n/a,4/4,100,Score in Half,Slide Slits Bottom Panel,Yes 25 Envelopes 6.5X6.5
Majestic,Silk,6 x 12,Vertical,Rectangle,16PT C2S,No Coating,Silk,n/a,4/0,250,Score in Half,Slide Slits Bottom Panel,Yes 25 Envelopes 6.5X6.5
Majestic,Silk,6 x 12,Horizontal,Rectangle,16PT C2S,No Coating,Silk,n/a,4/1,250,Score in Half,Slide Slits Bottom Panel,Yes 25 Envelopes 6.5X6.5
Majestic,Silk,6 x 12,Vertical,Rectangle,16PT C2S,No Coating,Silk,n/a,4/1,250,Score in Half,Slide Slits Bottom Panel,Yes 25 Envelopes 6.5X6.5
Majestic,Silk,6 x 12,Horizontal,Rectangle,16PT C2S,No Coating,Silk,n/a,4/0,250,Score in Half,Slide Slits Bottom Panel,Yes 25 Envelopes 6.5X6.5
Majestic,Silk,6 x 12,Vertical,Rectangle,16PT C2S,No Coating,Silk,n/a,4/4,250,Score in Half,Slide Slits Bottom Panel,Yes 25 Envelopes 6.5X6.5
Majestic,Silk,6 x 12,Horizontal,Rectangle,16PT C2S,No Coating,Silk,n/a,4/0,500,Score in Half,Slide Slits Bottom Panel,Yes 25 Envelopes 6.5X6.5
Majestic,Silk,6 x 12,Horizontal,Rectangle,16PT C2S,No Coating,Silk,n/a,4/4,250,Score in Half,Slide Slits Bottom Panel,Yes 25 Envelopes 6.5X6.5
Majestic,Silk,6 x 12,Horizontal,Rectangle,16PT C2S,No Coating,Silk,n/a,4/1,500,Score in Half,Slide Slits Bottom Panel,Yes 25 Envelopes 6.5X6.5
Majestic,Silk,6 x 12,Vertical,Rectangle,16PT C2S,No Coating,Silk,n/a,4/1,500,Score in Half,Slide Slits Bottom Panel,Yes 25 Envelopes 6.5X6.5
Majestic,Silk,6 x 12,Horizontal,Rectangle,16PT C2S,No Coating,Silk,n/a,4/4,500,Score in Half,Slide Slits Bottom Panel,Yes 25 Envelopes 6.5X6.5
Majestic,Silk,6 x 12,Vertical,Rectangle,16PT C2S,No Coating,Silk,n/a,4/4,500,Score in Half,Slide Slits Bottom Panel,Yes 25 Envelopes 6.5X6.5
Majestic,Silk,6 x 12,Horizontal,Rectangle,16PT C2S,No Coating,Silk,n/a,4/0,1000,Score in Half,Slide Slits Bottom Panel,Yes 25 Envelopes 6.5X6.5
Majestic,Silk,6 x 12,Horizontal,Rectangle,16PT C2S,No Coating,Silk,n/a,4/1,1000,Score in Half,Slide Slits Bottom Panel,Yes 25 Envelopes 6.5X6.5
Majestic,Silk,6 x 12,Vertical,Rectangle,16PT C2S,No Coating,Silk,n/a,4/1,1000,Score in Half,Slide Slits Bottom Panel,Yes 25 Envelopes 6.5X6.5
Majestic,Silk,6 x 12,Vertical,Rectangle,16PT C2S,No Coating,Silk,n/a,4/0,1000,Score in Half,Slide Slits Bottom Panel,Yes 25 Envelopes 6.5X6.5
Majestic,Silk,6 x 12,Horizontal,Rectangle,16PT C2S,No Coating,Silk,n/a,4/4,1000,Score in Half,Slide Slits Bottom Panel,Yes 25 Envelopes 6.5X6.5
Majestic,Silk,6 x 12,Vertical,Rectangle,16PT C2S,No Coating,Silk,n/a,4/0,500,Score in Half,Slide Slits Bottom Panel,Yes 25 Envelopes 6.5X6.5
Majestic,Silk,6 x 12,Vertical,Rectangle,16PT C2S,No Coating,Silk,n/a,4/4,1000,Score in Half,Slide Slits Bottom Panel,Yes 25 Envelopes 6.5X6.5
Majestic,Silk,6 x 12,Vertical,Rectangle,16PT C2S,No Coating,Silk,n/a,4/0,2500,Score in Half,Slide Slits Bottom Panel,Yes 25 Envelopes 6.5X6.5
Majestic,Silk,6 x 12,Vertical,Rectangle,16PT C2S,No Coating,Silk,n/a,4/1,100,Score in Half,Slide Slits Bottom Panel,Yes 25 Envelopes 6.5X6.5
Majestic,Silk,6 x 12,Horizontal,Rectangle,16PT C2S,No Coating,Silk,n/a,4/4,2500,Score in Half,Slide Slits Bottom Panel,Yes 25 Envelopes 6.5X6.5
Majestic,Silk,6 x 12,Vertical,Rectangle,16PT C2S,No Coating,Silk,n/a,4/4,2500,Score in Half,Slide Slits Bottom Panel,Yes 25 Envelopes 6.5X6.5
Majestic,Silk,6 x 12,Vertical,Rectangle,16PT C2S,No Coating,Silk,n/a,4/1,2500,Score in Half,Slide Slits Bottom Panel,Yes 25 Envelopes 6.5X6.5
Majestic,Silk,6 x 12,Horizontal,Rectangle,16PT C2S,No Coating,Silk,n/a,4/1,2500,Score in Half,Slide Slits Bottom Panel,Yes 25 Envelopes 6.5X6.5
Majestic,Silk,6 x 12,Horizontal,Rectangle,16PT C2S,No Coating,Silk,n/a,4/0,5000,Score in Half,Slide Slits Bottom Panel,Yes 25 Envelopes 6.5X6.5
Majestic,Silk,6 x 12,Vertical,Rectangle,16PT C2S,No Coating,Silk,n/a,4/0,5000,Score in Half,Slide Slits Bottom Panel,Yes 25 Envelopes 6.5X6.5
Majestic,Silk,6 x 12,Horizontal,Rectangle,16PT C2S,No Coating,Silk,n/a,4/1,5000,Score in Half,Slide Slits Bottom Panel,Yes 25 Envelopes 6.5X6.5
Majestic,Silk,6 x 12,Vertical,Rectangle,16PT C2S,No Coating,Silk,n/a,4/1,5000,Score in Half,Slide Slits Bottom Panel,Yes 25 Envelopes 6.5X6.5
Majestic,Silk,6 x 12,Horizontal,Rectangle,16PT C2S,No Coating,Silk,n/a,4/4,5000,Score in Half,Slide Slits Bottom Panel,Yes 25 Envelopes 6.5X6.5
Majestic,Silk,6 x 12,Vertical,Rectangle,16PT C2S,No Coating,Silk,n/a,4/4,5000,Score in Half,Slide Slits Bottom Panel,Yes 25 Envelopes 6.5X6.5
Majestic,Silk,6 x 12,Horizontal,Rectangle,16PT C2S,No Coating,Silk,n/a,4/0,10000,Score in Half,Slide Slits Bottom Panel,Yes 25 Envelopes 6.5X6.5
Majestic,Silk,6 x 12,Vertical,Rectangle,16PT C2S,No Coating,Silk,n/a,4/0,10000,Score in Half,Slide Slits Bottom Panel,Yes 25 Envelopes 6.5X6.5
Majestic,Silk,6 x 12,Horizontal,Rectangle,16PT C2S,No Coating,Silk,n/a,4/1,10000,Score in Half,Slide Slits Bottom Panel,Yes 25 Envelopes 6.5X6.5
Majestic,Silk,6 x 12,Vertical,Rectangle,16PT C2S,No Coating,Silk,n/a,4/1,10000,Score in Half,Slide Slits Bottom Panel,Yes 25 Envelopes 6.5X6.5
Majestic,Silk,6 x 12,Horizontal,Rectangle,16PT C2S,No Coating,Silk,n/a,4/4,10000,Score in Half,Slide Slits Bottom Panel,Yes 25 Envelopes 6.5X6.5
Majestic,Silk,6 x 12,Vertical,Rectangle,16PT C2S,No Coating,Silk,n/a,4/4,10000,Score in Half,Slide Slits Bottom Panel,Yes 25 Envelopes 6.5X6.5
Majestic,Silk,6 x 12,Horizontal,Rectangle,16PT C2S,No Coating,Silk,n/a,4/0,25,Score in Half,Slide Slits Right Panel,Yes 25 Envelopes 6.5X6.5
Majestic,Silk,6 x 12,Vertical,Rectangle,16PT C2S,No Coating,Silk,n/a,4/0,25,Score in Half,Slide Slits Right Panel,Yes 25 Envelopes 6.5X6.5
Majestic,Silk,6 x 12,Horizontal,Rectangle,16PT C2S,No Coating,Silk,n/a,4/1,25,Score in Half,Slide Slits Right Panel,Yes 25 Envelopes 6.5X6.5
Majestic,Silk,6 x 12,Vertical,Rectangle,16PT C2S,No Coating,Silk,n/a,4/1,25,Score in Half,Slide Slits Right Panel,Yes 25 Envelopes 6.5X6.5
Majestic,Silk,6 x 12,Horizontal,Rectangle,16PT C2S,No Coating,Silk,n/a,4/4,25,Score in Half,Slide Slits Right Panel,Yes 25 Envelopes 6.5X6.5
Majestic,Silk,6 x 12,Vertical,Rectangle,16PT C2S,No Coating,Silk,n/a,4/0,50,Score in Half,Slide Slits Right Panel,Yes 25 Envelopes 6.5X6.5
Majestic,Silk,6 x 12,Horizontal,Rectangle,16PT C2S,No Coating,Silk,n/a,4/0,50,Score in Half,Slide Slits Right Panel,Yes 25 Envelopes 6.5X6.5
Majestic,Silk,6 x 12,Vertical,Rectangle,16PT C2S,No Coating,Silk,n/a,4/0,2500,Score in Half,Moon Slits Right Panel,Yes 25 Envelopes 6.5X6.5
Majestic,Silk,6 x 12,Vertical,Rectangle,16PT C2S,No Coating,Silk,n/a,4/1,50,Score in Half,Slide Slits Right Panel,Yes 25 Envelopes 6.5X6.5
Majestic,Silk,6 x 12,Vertical,Rectangle,16PT C2S,No Coating,Silk,n/a,4/4,50,Score in Half,Slide Slits Right Panel,Yes 25 Envelopes 6.5X6.5
Majestic,Silk,6 x 12,Horizontal,Rectangle,16PT C2S,No Coating,Silk,n/a,4/4,50,Score in Half,Slide Slits Right Panel,Yes 25 Envelopes 6.5X6.5
Majestic,Silk,6 x 12,Horizontal,Rectangle,16PT C2S,No Coating,Silk,n/a,4/1,50,Score in Half,Slide Slits Right Panel,Yes 25 Envelopes 6.5X6.5
Majestic,Silk,6 x 12,Horizontal,Rectangle,16PT C2S,No Coating,Silk,n/a,4/0,75,Score in Half,Slide Slits Right Panel,Yes 25 Envelopes 6.5X6.5
Majestic,Silk,6 x 12,Vertical,Rectangle,16PT C2S,No Coating,Silk,n/a,4/0,75,Score in Half,Slide Slits Right Panel,Yes 25 Envelopes 6.5X6.5
Majestic,Silk,6 x 12,Horizontal,Rectangle,16PT C2S,No Coating,Silk,n/a,4/1,75,Score in Half,Slide Slits Right Panel,Yes 25 Envelopes 6.5X6.5
Majestic,Silk,6 x 12,Vertical,Rectangle,16PT C2S,No Coating,Silk,n/a,4/1,75,Score in Half,Slide Slits Right Panel,Yes 25 Envelopes 6.5X6.5
Majestic,Silk,6 x 12,Horizontal,Rectangle,16PT C2S,No Coating,Silk,n/a,4/4,75,Score in Half,Slide Slits Right Panel,Yes 25 Envelopes 6.5X6.5
Majestic,Silk,6 x 12,Vertical,Rectangle,16PT C2S,No Coating,Silk,n/a,4/4,75,Score in Half,Slide Slits Right Panel,Yes 25 Envelopes 6.5X6.5
Majestic,Silk,6 x 12,Horizontal,Rectangle,16PT C2S,No Coating,Silk,n/a,4/0,100,Score in Half,Slide Slits Right Panel,Yes 25 Envelopes 6.5X6.5
Majestic,Silk,6 x 12,Vertical,Rectangle,16PT C2S,No Coating,Silk,n/a,4/0,100,Score in Half,Slide Slits Right Panel,Yes 25 Envelopes 6.5X6.5
Majestic,Silk,6 x 12,Horizontal,Rectangle,16PT C2S,No Coating,Silk,n/a,4/1,100,Score in Half,Slide Slits Right Panel,Yes 25 Envelopes 6.5X6.5
Majestic,Silk,6 x 12,Vertical,Rectangle,16PT C2S,No Coating,Silk,n/a,4/1,100,Score in Half,Slide Slits Right Panel,Yes 25 Envelopes 6.5X6.5
Majestic,Silk,6 x 12,Horizontal,Rectangle,16PT C2S,No Coating,Silk,n/a,4/4,100,Score in Half,Slide Slits Right Panel,Yes 25 Envelopes 6.5X6.5
Majestic,Silk,6 x 12,Vertical,Rectangle,16PT C2S,No Coating,Silk,n/a,4/4,100,Score in Half,Slide Slits Right Panel,Yes 25 Envelopes 6.5X6.5
Majestic,Silk,6 x 12,Horizontal,Rectangle,16PT C2S,No Coating,Silk,n/a,4/0,250,Score in Half,Slide Slits Right Panel,Yes 25 Envelopes 6.5X6.5
Majestic,Silk,6 x 12,Vertical,Rectangle,16PT C2S,No Coating,Silk,n/a,4/0,250,Score in Half,Slide Slits Right Panel,Yes 25 Envelopes 6.5X6.5
Majestic,Silk,6 x 12,Horizontal,Rectangle,16PT C2S,No Coating,Silk,n/a,4/1,250,Score in Half,Slide Slits Right Panel,Yes 25 Envelopes 6.5X6.5
Majestic,Silk,6 x 12,Vertical,Rectangle,16PT C2S,No Coating,Silk,n/a,4/0,500,Score in Half,Moon Slits Right Panel,Yes 25 Envelopes 6.5X6.5
Majestic,Silk,6 x 12,Horizontal,Rectangle,16PT C2S,No Coating,Silk,n/a,4/4,250,Score in Half,Slide Slits Right Panel,Yes 25 Envelopes 6.5X6.5
Majestic,Silk,6 x 12,Vertical,Rectangle,16PT C2S,No Coating,Silk,n/a,4/4,250,Score in Half,Slide Slits Right Panel,Yes 25 Envelopes 6.5X6.5
Majestic,Silk,6 x 12,Horizontal,Rectangle,16PT C2S,No Coating,Silk,n/a,4/0,500,Score in Half,Slide Slits Right Panel,Yes 25 Envelopes 6.5X6.5
Majestic,Silk,6 x 12,Vertical,Rectangle,16PT C2S,No Coating,Silk,n/a,4/0,500,Score in Half,Slide Slits Right Panel,Yes 25 Envelopes 6.5X6.5
Majestic,Silk,6 x 12,Horizontal,Rectangle,16PT C2S,No Coating,Silk,n/a,4/1,500,Score in Half,Slide Slits Right Panel,Yes 25 Envelopes 6.5X6.5
Majestic,Silk,6 x 12,Vertical,Rectangle,16PT C2S,No Coating,Silk,n/a,4/1,500,Score in Half,Slide Slits Right Panel,Yes 25 Envelopes 6.5X6.5
Majestic,Silk,6 x 12,Horizontal,Rectangle,16PT C2S,No Coating,Silk,n/a,4/4,500,Score in Half,Slide Slits Right Panel,Yes 25 Envelopes 6.5X6.5
Majestic,Silk,6 x 12,Vertical,Rectangle,16PT C2S,No Coating,Silk,n/a,4/4,500,Score in Half,Slide Slits Right Panel,Yes 25 Envelopes 6.5X6.5
Majestic,Silk,6 x 12,Horizontal,Rectangle,16PT C2S,No Coating,Silk,n/a,4/0,1000,Score in Half,Slide Slits Right Panel,Yes 25 Envelopes 6.5X6.5
Majestic,Silk,6 x 12,Vertical,Rectangle,16PT C2S,No Coating,Silk,n/a,4/0,1000,Score in Half,Slide Slits Right Panel,Yes 25 Envelopes 6.5X6.5
Majestic,Silk,6 x 12,Horizontal,Rectangle,16PT C2S,No Coating,Silk,n/a,4/1,1000,Score in Half,Slide Slits Right Panel,Yes 25 Envelopes 6.5X6.5
Majestic,Silk,6 x 12,Vertical,Rectangle,16PT C2S,No Coating,Silk,n/a,4/1,250,Score in Half,Slide Slits Right Panel,Yes 25 Envelopes 6.5X6.5
Majestic,Silk,6 x 12,Horizontal,Rectangle,16PT C2S,No Coating,Silk,n/a,4/4,1000,Score in Half,Slide Slits Right Panel,Yes 25 Envelopes 6.5X6.5
Majestic,Silk,6 x 12,Vertical,Rectangle,16PT C2S,No Coating,Silk,n/a,4/4,1000,Score in Half,Slide Slits Right Panel,Yes 25 Envelopes 6.5X6.5
Majestic,Silk,6 x 12,Horizontal,Rectangle,16PT C2S,No Coating,Silk,n/a,4/0,2500,Score in Half,Slide Slits Right Panel,Yes 25 Envelopes 6.5X6.5
Majestic,Silk,6 x 12,Vertical,Rectangle,16PT C2S,No Coating,Silk,n/a,4/0,2500,Score in Half,Slide Slits Right Panel,Yes 25 Envelopes 6.5X6.5
Majestic,Silk,6 x 12,Horizontal,Rectangle,16PT C2S,No Coating,Silk,n/a,4/1,2500,Score in Half,Slide Slits Right Panel,Yes 25 Envelopes 6.5X6.5
Majestic,Silk,6 x 12,Vertical,Rectangle,16PT C2S,No Coating,Silk,n/a,4/1,2500,Score in Half,Slide Slits Right Panel,Yes 25 Envelopes 6.5X6.5
Majestic,Silk,6 x 12,Horizontal,Rectangle,16PT C2S,No Coating,Silk,n/a,4/4,2500,Score in Half,Slide Slits Right Panel,Yes 25 Envelopes 6.5X6.5
Majestic,Silk,6 x 12,Vertical,Rectangle,16PT C2S,No Coating,Silk,n/a,4/4,2500,Score in Half,Slide Slits Right Panel,Yes 25 Envelopes 6.5X6.5
Majestic,Silk,6 x 12,Horizontal,Rectangle,16PT C2S,No Coating,Silk,n/a,4/0,5000,Score in Half,Slide Slits Right Panel,Yes 25 Envelopes 6.5X6.5
Majestic,Silk,6 x 12,Vertical,Rectangle,16PT C2S,No Coating,Silk,n/a,4/0,5000,Score in Half,Slide Slits Right Panel,Yes 25 Envelopes 6.5X6.5
Majestic,Silk,6 x 12,Horizontal,Rectangle,16PT C2S,No Coating,Silk,n/a,4/1,5000,Score in Half,Slide Slits Right Panel,Yes 25 Envelopes 6.5X6.5
Majestic,Silk,6 x 12,Vertical,Rectangle,16PT C2S,No Coating,Silk,n/a,4/1,5000,Score in Half,Slide Slits Right Panel,Yes 25 Envelopes 6.5X6.5
Majestic,Silk,6 x 12,Horizontal,Rectangle,16PT C2S,No Coating,Silk,n/a,4/4,5000,Score in Half,Slide Slits Right Panel,Yes 25 Envelopes 6.5X6.5
Majestic,Silk,6 x 12,Vertical,Rectangle,16PT C2S,No Coating,Silk,n/a,4/4,5000,Score in Half,Slide Slits Right Panel,Yes 25 Envelopes 6.5X6.5
Majestic,Silk,6 x 12,Horizontal,Rectangle,16PT C2S,No Coating,Silk,n/a,4/0,10000,Score in Half,Slide Slits Right Panel,Yes 25 Envelopes 6.5X6.5
Majestic,Silk,6 x 12,Vertical,Rectangle,16PT C2S,No Coating,Silk,n/a,4/0,10000,Score in Half,Slide Slits Right Panel,Yes 25 Envelopes 6.5X6.5
Majestic,Silk,6 x 12,Horizontal,Rectangle,16PT C2S,No Coating,Silk,n/a,4/1,10000,Score in Half,Slide Slits Right Panel,Yes 25 Envelopes 6.5X6.5
Majestic,Silk,6 x 12,Vertical,Rectangle,16PT C2S,No Coating,Silk,n/a,4/1,10000,Score in Half,Slide Slits Right Panel,Yes 25 Envelopes 6.5X6.5
Majestic,Silk,6 x 12,Horizontal,Rectangle,16PT C2S,No Coating,Silk,n/a,4/4,10000,Score in Half,Slide Slits Right Panel,Yes 25 Envelopes 6.5X6.5
Majestic,Silk,6 x 12,Vertical,Rectangle,16PT C2S,No Coating,Silk,n/a,4/4,10000,Score in Half,Slide Slits Right Panel,Yes 25 Envelopes 6.5X6.5
Majestic,Silk,6 x 12,Horizontal,Rectangle,16PT C2S,No Coating,Silk,n/a,4/0,25,Score in Half,Moon Slits Bottom Panel,Yes 50 Envelopes 6.5X6.5
Majestic,Silk,6 x 12,Vertical,Rectangle,16PT C2S,No Coating,Silk,n/a,4/0,25,Score in Half,Moon Slits Bottom Panel,Yes 50 Envelopes 6.5X6.5
Majestic,Silk,6 x 12,Horizontal,Rectangle,16PT C2S,No Coating,Silk,n/a,4/1,25,Score in Half,Moon Slits Bottom Panel,Yes 50 Envelopes 6.5X6.5
Majestic,Silk,6 x 12,Vertical,Rectangle,16PT C2S,No Coating,Silk,n/a,4/1,25,Score in Half,Moon Slits Bottom Panel,Yes 50 Envelopes 6.5X6.5
Majestic,Silk,6 x 12,Horizontal,Rectangle,16PT C2S,No Coating,Silk,n/a,4/4,25,Score in Half,Moon Slits Bottom Panel,Yes 50 Envelopes 6.5X6.5
Majestic,Silk,6 x 12,Vertical,Rectangle,16PT C2S,No Coating,Silk,n/a,4/4,25,Score in Half,Moon Slits Bottom Panel,Yes 50 Envelopes 6.5X6.5
Majestic,Silk,6 x 12,Horizontal,Rectangle,16PT C2S,No Coating,Silk,n/a,4/0,50,Score in Half,Moon Slits Bottom Panel,Yes 50 Envelopes 6.5X6.5
Majestic,Silk,6 x 12,Vertical,Rectangle,16PT C2S,No Coating,Silk,n/a,4/0,50,Score in Half,Moon Slits Bottom Panel,Yes 50 Envelopes 6.5X6.5
Majestic,Silk,6 x 12,Horizontal,Rectangle,16PT C2S,No Coating,Silk,n/a,4/0,2500,Score in Half,Slide Slits Bottom Panel,Yes 25 Envelopes 6.5X6.5
Majestic,Silk,6 x 12,Vertical,Rectangle,16PT C2S,No Coating,Silk,n/a,4/1,50,Score in Half,Moon Slits Bottom Panel,Yes 50 Envelopes 6.5X6.5
Majestic,Silk,6 x 12,Horizontal,Rectangle,16PT C2S,No Coating,Silk,n/a,4/4,50,Score in Half,Moon Slits Bottom Panel,Yes 50 Envelopes 6.5X6.5
Majestic,Silk,6 x 12,Vertical,Rectangle,16PT C2S,No Coating,Silk,n/a,4/4,50,Score in Half,Moon Slits Bottom Panel,Yes 50 Envelopes 6.5X6.5
Majestic,Silk,6 x 12,Horizontal,Rectangle,16PT C2S,No Coating,Silk,n/a,4/0,75,Score in Half,Moon Slits Bottom Panel,Yes 50 Envelopes 6.5X6.5
Majestic,Silk,6 x 12,Vertical,Rectangle,16PT C2S,No Coating,Silk,n/a,4/0,75,Score in Half,Moon Slits Bottom Panel,Yes 50 Envelopes 6.5X6.5
Majestic,Silk,6 x 12,Horizontal,Rectangle,16PT C2S,No Coating,Silk,n/a,4/1,75,Score in Half,Moon Slits Bottom Panel,Yes 50 Envelopes 6.5X6.5
Majestic,Silk,6 x 12,Horizontal,Rectangle,16PT C2S,No Coating,Silk,n/a,4/4,75,Score in Half,Moon Slits Bottom Panel,Yes 50 Envelopes 6.5X6.5
Majestic,Silk,6 x 12,Vertical,Rectangle,16PT C2S,No Coating,Silk,n/a,4/1,75,Score in Half,Moon Slits Bottom Panel,Yes 50 Envelopes 6.5X6.5
Majestic,Silk,6 x 12,Vertical,Rectangle,16PT C2S,No Coating,Silk,n/a,4/4,75,Score in Half,Moon Slits Bottom Panel,Yes 50 Envelopes 6.5X6.5
Majestic,Silk,6 x 12,Horizontal,Rectangle,16PT C2S,No Coating,Silk,n/a,4/0,100,Score in Half,Moon Slits Bottom Panel,Yes 50 Envelopes 6.5X6.5
Majestic,Silk,6 x 12,Horizontal,Rectangle,16PT C2S,No Coating,Silk,n/a,4/1,100,Score in Half,Moon Slits Bottom Panel,Yes 50 Envelopes 6.5X6.5
Majestic,Silk,6 x 12,Vertical,Rectangle,16PT C2S,No Coating,Silk,n/a,4/0,100,Score in Half,Moon Slits Bottom Panel,Yes 50 Envelopes 6.5X6.5
Majestic,Silk,6 x 12,Vertical,Rectangle,16PT C2S,No Coating,Silk,n/a,4/1,100,Score in Half,Moon Slits Bottom Panel,Yes 50 Envelopes 6.5X6.5
Majestic,Silk,6 x 12,Horizontal,Rectangle,16PT C2S,No Coating,Silk,n/a,4/4,100,Score in Half,Moon Slits Bottom Panel,Yes 50 Envelopes 6.5X6.5
Majestic,Silk,6 x 12,Vertical,Rectangle,16PT C2S,No Coating,Silk,n/a,4/4,100,Score in Half,Moon Slits Bottom Panel,Yes 50 Envelopes 6.5X6.5
Majestic,Silk,6 x 12,Horizontal,Rectangle,16PT C2S,No Coating,Silk,n/a,4/0,250,Score in Half,Moon Slits Bottom Panel,Yes 50 Envelopes 6.5X6.5
Majestic,Silk,6 x 12,Vertical,Rectangle,16PT C2S,No Coating,Silk,n/a,4/0,250,Score in Half,Moon Slits Bottom Panel,Yes 50 Envelopes 6.5X6.5
Majestic,Silk,6 x 12,Horizontal,Rectangle,16PT C2S,No Coating,Silk,n/a,4/1,250,Score in Half,Moon Slits Bottom Panel,Yes 50 Envelopes 6.5X6.5
Majestic,Silk,6 x 12,Vertical,Rectangle,16PT C2S,No Coating,Silk,n/a,4/1,250,Score in Half,Moon Slits Bottom Panel,Yes 50 Envelopes 6.5X6.5
Majestic,Silk,6 x 12,Horizontal,Rectangle,16PT C2S,No Coating,Silk,n/a,4/4,250,Score in Half,Moon Slits Bottom Panel,Yes 50 Envelopes 6.5X6.5
Majestic,Silk,6 x 12,Vertical,Rectangle,16PT C2S,No Coating,Silk,n/a,4/4,250,Score in Half,Moon Slits Bottom Panel,Yes 50 Envelopes 6.5X6.5
Majestic,Silk,6 x 12,Horizontal,Rectangle,16PT C2S,No Coating,Silk,n/a,4/0,500,Score in Half,Moon Slits Bottom Panel,Yes 50 Envelopes 6.5X6.5
Majestic,Silk,6 x 12,Vertical,Rectangle,16PT C2S,No Coating,Silk,n/a,4/0,500,Score in Half,Moon Slits Bottom Panel,Yes 50 Envelopes 6.5X6.5
Majestic,Silk,6 x 12,Vertical,Rectangle,16PT C2S,No Coating,Silk,n/a,4/1,500,Score in Half,Moon Slits Bottom Panel,Yes 50 Envelopes 6.5X6.5
Majestic,Silk,6 x 12,Horizontal,Rectangle,16PT C2S,No Coating,Silk,n/a,4/4,500,Score in Half,Moon Slits Bottom Panel,Yes 50 Envelopes 6.5X6.5
Majestic,Silk,6 x 12,Horizontal,Rectangle,16PT C2S,No Coating,Silk,n/a,4/1,500,Score in Half,Moon Slits Bottom Panel,Yes 50 Envelopes 6.5X6.5
Majestic,Silk,6 x 12,Vertical,Rectangle,16PT C2S,No Coating,Silk,n/a,4/4,500,Score in Half,Moon Slits Bottom Panel,Yes 50 Envelopes 6.5X6.5
Majestic,Silk,6 x 12,Horizontal,Rectangle,16PT C2S,No Coating,Silk,n/a,4/0,1000,Score in Half,Moon Slits Bottom Panel,Yes 50 Envelopes 6.5X6.5
Majestic,Silk,6 x 12,Vertical,Rectangle,16PT C2S,No Coating,Silk,n/a,4/0,1000,Score in Half,Moon Slits Bottom Panel,Yes 50 Envelopes 6.5X6.5
Majestic,Silk,6 x 12,Horizontal,Rectangle,16PT C2S,No Coating,Silk,n/a,4/1,1000,Score in Half,Moon Slits Bottom Panel,Yes 50 Envelopes 6.5X6.5
Majestic,Silk,6 x 12,Vertical,Rectangle,16PT C2S,No Coating,Silk,n/a,4/1,1000,Score in Half,Moon Slits Bottom Panel,Yes 50 Envelopes 6.5X6.5
Majestic,Silk,6 x 12,Horizontal,Rectangle,16PT C2S,No Coating,Silk,n/a,4/4,1000,Score in Half,Moon Slits Bottom Panel,Yes 50 Envelopes 6.5X6.5
Majestic,Silk,6 x 12,Vertical,Rectangle,16PT C2S,No Coating,Silk,n/a,4/4,1000,Score in Half,Moon Slits Bottom Panel,Yes 50 Envelopes 6.5X6.5
Majestic,Silk,6 x 12,Horizontal,Rectangle,16PT C2S,No Coating,Silk,n/a,4/0,2500,Score in Half,Moon Slits Bottom Panel,Yes 50 Envelopes 6.5X6.5
Majestic,Silk,6 x 12,Vertical,Rectangle,16PT C2S,No Coating,Silk,n/a,4/0,2500,Score in Half,Moon Slits Bottom Panel,Yes 50 Envelopes 6.5X6.5
Majestic,Silk,6 x 12,Horizontal,Rectangle,16PT C2S,No Coating,Silk,n/a,4/1,2500,Score in Half,Moon Slits Bottom Panel,Yes 50 Envelopes 6.5X6.5
Majestic,Silk,6 x 12,Vertical,Rectangle,16PT C2S,No Coating,Silk,n/a,4/1,2500,Score in Half,Moon Slits Bottom Panel,Yes 50 Envelopes 6.5X6.5
Majestic,Silk,6 x 12,Horizontal,Rectangle,16PT C2S,No Coating,Silk,n/a,4/4,2500,Score in Half,Moon Slits Bottom Panel,Yes 50 Envelopes 6.5X6.5
Majestic,Silk,6 x 12,Vertical,Rectangle,16PT C2S,No Coating,Silk,n/a,4/4,2500,Score in Half,Moon Slits Bottom Panel,Yes 50 Envelopes 6.5X6.5
Majestic,Silk,6 x 12,Horizontal,Rectangle,16PT C2S,No Coating,Silk,n/a,4/0,5000,Score in Half,Moon Slits Bottom Panel,Yes 50 Envelopes 6.5X6.5
Majestic,Silk,6 x 12,Vertical,Rectangle,16PT C2S,No Coating,Silk,n/a,4/0,5000,Score in Half,Moon Slits Bottom Panel,Yes 50 Envelopes 6.5X6.5
Majestic,Silk,6 x 12,Horizontal,Rectangle,16PT C2S,No Coating,Silk,n/a,4/1,5000,Score in Half,Moon Slits Bottom Panel,Yes 50 Envelopes 6.5X6.5
Majestic,Silk,6 x 12,Vertical,Rectangle,16PT C2S,No Coating,Silk,n/a,4/1,5000,Score in Half,Moon Slits Bottom Panel,Yes 50 Envelopes 6.5X6.5
Majestic,Silk,6 x 12,Vertical,Rectangle,16PT C2S,No Coating,Silk,n/a,4/4,25,Score in Half,Slide Slits Right Panel,Yes 25 Envelopes 6.5X6.5
Majestic,Silk,6 x 12,Horizontal,Rectangle,16PT C2S,No Coating,Silk,n/a,4/0,10000,Score in Half,Moon Slits Bottom Panel,Yes 50 Envelopes 6.5X6.5
Majestic,Silk,6 x 12,Vertical,Rectangle,16PT C2S,No Coating,Silk,n/a,4/0,10000,Score in Half,Moon Slits Bottom Panel,Yes 50 Envelopes 6.5X6.5
Majestic,Silk,6 x 12,Horizontal,Rectangle,16PT C2S,No Coating,Silk,n/a,4/1,10000,Score in Half,Moon Slits Bottom Panel,Yes 50 Envelopes 6.5X6.5
Majestic,Silk,6 x 12,Vertical,Rectangle,16PT C2S,No Coating,Silk,n/a,4/4,5000,Score in Half,Moon Slits Bottom Panel,Yes 50 Envelopes 6.5X6.5
Majestic,Silk,6 x 12,Vertical,Rectangle,16PT C2S,No Coating,Silk,n/a,4/1,10000,Score in Half,Moon Slits Bottom Panel,Yes 50 Envelopes 6.5X6.5
Majestic,Silk,6 x 12,Vertical,Rectangle,16PT C2S,No Coating,Silk,n/a,4/4,10000,Score in Half,Moon Slits Bottom Panel,Yes 50 Envelopes 6.5X6.5
Majestic,Silk,6 x 12,Horizontal,Rectangle,16PT C2S,No Coating,Silk,n/a,4/0,25,Score in Half,Moon Slits Right Panel,Yes 50 Envelopes 6.5X6.5
Majestic,Silk,6 x 12,Vertical,Rectangle,16PT C2S,No Coating,Silk,n/a,4/0,25,Score in Half,Moon Slits Right Panel,Yes 50 Envelopes 6.5X6.5
Majestic,Silk,6 x 12,Horizontal,Rectangle,16PT C2S,No Coating,Silk,n/a,4/1,25,Score in Half,Moon Slits Right Panel,Yes 50 Envelopes 6.5X6.5
Majestic,Silk,6 x 12,Horizontal,Rectangle,16PT C2S,No Coating,Silk,n/a,4/4,10000,Score in Half,Moon Slits Bottom Panel,Yes 50 Envelopes 6.5X6.5
Majestic,Silk,6 x 12,Vertical,Rectangle,16PT C2S,No Coating,Silk,n/a,4/1,1000,Score in Half,Slide Slits Right Panel,Yes 25 Envelopes 6.5X6.5
Majestic,Silk,6 x 12,Vertical,Rectangle,16PT C2S,No Coating,Silk,n/a,4/1,25,Score in Half,Moon Slits Right Panel,Yes 50 Envelopes 6.5X6.5
Majestic,Silk,6 x 12,Vertical,Rectangle,16PT C2S,No Coating,Silk,n/a,4/4,25,Score in Half,Moon Slits Right Panel,Yes 50 Envelopes 6.5X6.5
Majestic,Silk,6 x 12,Horizontal,Rectangle,16PT C2S,No Coating,Silk,n/a,4/0,50,Score in Half,Moon Slits Right Panel,Yes 50 Envelopes 6.5X6.5
Majestic,Silk,6 x 12,Horizontal,Rectangle,16PT C2S,No Coating,Silk,n/a,4/1,50,Score in Half,Moon Slits Right Panel,Yes 50 Envelopes 6.5X6.5
Majestic,Silk,6 x 12,Vertical,Rectangle,16PT C2S,No Coating,Silk,n/a,4/0,50,Score in Half,Moon Slits Right Panel,Yes 50 Envelopes 6.5X6.5
Majestic,Silk,6 x 12,Vertical,Rectangle,16PT C2S,No Coating,Silk,n/a,4/1,50,Score in Half,Moon Slits Right Panel,Yes 50 Envelopes 6.5X6.5
Majestic,Silk,6 x 12,Horizontal,Rectangle,16PT C2S,No Coating,Silk,n/a,4/4,50,Score in Half,Moon Slits Right Panel,Yes 50 Envelopes 6.5X6.5
Majestic,Silk,6 x 12,Horizontal,Rectangle,16PT C2S,No Coating,Silk,n/a,4/0,75,Score in Half,Moon Slits Right Panel,Yes 50 Envelopes 6.5X6.5
Majestic,Silk,6 x 12,Vertical,Rectangle,16PT C2S,No Coating,Silk,n/a,4/0,75,Score in Half,Moon Slits Right Panel,Yes 50 Envelopes 6.5X6.5
Majestic,Silk,6 x 12,Horizontal,Rectangle,16PT C2S,No Coating,Silk,n/a,4/1,75,Score in Half,Moon Slits Right Panel,Yes 50 Envelopes 6.5X6.5
Majestic,Silk,6 x 12,Vertical,Rectangle,16PT C2S,No Coating,Silk,n/a,4/4,50,Score in Half,Moon Slits Right Panel,Yes 50 Envelopes 6.5X6.5
Majestic,Silk,6 x 12,Vertical,Rectangle,16PT C2S,No Coating,Silk,n/a,4/1,75,Score in Half,Moon Slits Right Panel,Yes 50 Envelopes 6.5X6.5
Majestic,Silk,6 x 12,Horizontal,Rectangle,16PT C2S,No Coating,Silk,n/a,4/4,75,Score in Half,Moon Slits Right Panel,Yes 50 Envelopes 6.5X6.5
Majestic,Silk,6 x 12,Vertical,Rectangle,16PT C2S,No Coating,Silk,n/a,4/4,75,Score in Half,Moon Slits Right Panel,Yes 50 Envelopes 6.5X6.5
Majestic,Silk,6 x 12,Horizontal,Rectangle,16PT C2S,No Coating,Silk,n/a,4/0,100,Score in Half,Moon Slits Right Panel,Yes 50 Envelopes 6.5X6.5
Majestic,Silk,6 x 12,Vertical,Rectangle,16PT C2S,No Coating,Silk,n/a,4/0,100,Score in Half,Moon Slits Right Panel,Yes 50 Envelopes 6.5X6.5
Majestic,Silk,6 x 12,Horizontal,Rectangle,16PT C2S,No Coating,Silk,n/a,4/1,100,Score in Half,Moon Slits Right Panel,Yes 50 Envelopes 6.5X6.5
Majestic,Silk,6 x 12,Vertical,Rectangle,16PT C2S,No Coating,Silk,n/a,4/1,100,Score in Half,Moon Slits Right Panel,Yes 50 Envelopes 6.5X6.5
Majestic,Silk,6 x 12,Horizontal,Rectangle,16PT C2S,No Coating,Silk,n/a,4/4,100,Score in Half,Moon Slits Right Panel,Yes 50 Envelopes 6.5X6.5
Majestic,Silk,6 x 12,Vertical,Rectangle,16PT C2S,No Coating,Silk,n/a,4/4,100,Score in Half,Moon Slits Right Panel,Yes 50 Envelopes 6.5X6.5
Majestic,Silk,6 x 12,Horizontal,Rectangle,16PT C2S,No Coating,Silk,n/a,4/0,250,Score in Half,Moon Slits Right Panel,Yes 50 Envelopes 6.5X6.5
Majestic,Silk,6 x 12,Horizontal,Rectangle,16PT C2S,No Coating,Silk,n/a,4/1,250,Score in Half,Moon Slits Right Panel,Yes 50 Envelopes 6.5X6.5
Majestic,Silk,6 x 12,Vertical,Rectangle,16PT C2S,No Coating,Silk,n/a,4/0,250,Score in Half,Moon Slits Right Panel,Yes 50 Envelopes 6.5X6.5
Majestic,Silk,6 x 12,Vertical,Rectangle,16PT C2S,No Coating,Silk,n/a,4/1,250,Score in Half,Moon Slits Right Panel,Yes 50 Envelopes 6.5X6.5
Majestic,Silk,6 x 12,Horizontal,Rectangle,16PT C2S,No Coating,Silk,n/a,4/4,250,Score in Half,Moon Slits Right Panel,Yes 50 Envelopes 6.5X6.5
Majestic,Silk,6 x 12,Vertical,Rectangle,16PT C2S,No Coating,Silk,n/a,4/4,250,Score in Half,Moon Slits Right Panel,Yes 50 Envelopes 6.5X6.5
Majestic,Silk,6 x 12,Vertical,Rectangle,16PT C2S,No Coating,Silk,n/a,4/0,500,Score in Half,Moon Slits Right Panel,Yes 50 Envelopes 6.5X6.5
Majestic,Silk,6 x 12,Horizontal,Rectangle,16PT C2S,No Coating,Silk,n/a,4/0,500,Score in Half,Moon Slits Right Panel,Yes 50 Envelopes 6.5X6.5
Majestic,Silk,6 x 12,Horizontal,Rectangle,16PT C2S,No Coating,Silk,n/a,4/1,500,Score in Half,Moon Slits Right Panel,Yes 50 Envelopes 6.5X6.5
Majestic,Silk,6 x 12,Vertical,Rectangle,16PT C2S,No Coating,Silk,n/a,4/1,500,Score in Half,Moon Slits Right Panel,Yes 50 Envelopes 6.5X6.5
Majestic,Silk,6 x 12,Horizontal,Rectangle,16PT C2S,No Coating,Silk,n/a,4/4,500,Score in Half,Moon Slits Right Panel,Yes 50 Envelopes 6.5X6.5
Majestic,Silk,6 x 12,Vertical,Rectangle,16PT C2S,No Coating,Silk,n/a,4/4,500,Score in Half,Moon Slits Right Panel,Yes 50 Envelopes 6.5X6.5
Majestic,Silk,6 x 12,Horizontal,Rectangle,16PT C2S,No Coating,Silk,n/a,4/0,1000,Score in Half,Moon Slits Right Panel,Yes 50 Envelopes 6.5X6.5
Majestic,Silk,6 x 12,Vertical,Rectangle,16PT C2S,No Coating,Silk,n/a,4/0,1000,Score in Half,Moon Slits Right Panel,Yes 50 Envelopes 6.5X6.5
Majestic,Silk,6 x 12,Horizontal,Rectangle,16PT C2S,No Coating,Silk,n/a,4/1,1000,Score in Half,Moon Slits Right Panel,Yes 50 Envelopes 6.5X6.5
Majestic,Silk,6 x 12,Vertical,Rectangle,16PT C2S,No Coating,Silk,n/a,4/1,1000,Score in Half,Moon Slits Right Panel,Yes 50 Envelopes 6.5X6.5
Majestic,Silk,6 x 12,Horizontal,Rectangle,16PT C2S,No Coating,Silk,n/a,4/4,1000,Score in Half,Moon Slits Right Panel,Yes 50 Envelopes 6.5X6.5
Majestic,Silk,6 x 12,Vertical,Rectangle,16PT C2S,No Coating,Silk,n/a,4/4,1000,Score in Half,Moon Slits Right Panel,Yes 50 Envelopes 6.5X6.5
Majestic,Silk,6 x 12,Horizontal,Rectangle,16PT C2S,No Coating,Silk,n/a,4/0,2500,Score in Half,Moon Slits Right Panel,Yes 50 Envelopes 6.5X6.5
Majestic,Silk,6 x 12,Horizontal,Rectangle,16PT C2S,No Coating,Silk,n/a,4/1,2500,Score in Half,Moon Slits Right Panel,Yes 50 Envelopes 6.5X6.5
Majestic,Silk,6 x 12,Horizontal,Rectangle,16PT C2S,No Coating,Silk,n/a,4/4,2500,Score in Half,Moon Slits Right Panel,Yes 50 Envelopes 6.5X6.5
Majestic,Silk,6 x 12,Vertical,Rectangle,16PT C2S,No Coating,Silk,n/a,4/0,2500,Score in Half,Moon Slits Right Panel,Yes 50 Envelopes 6.5X6.5
Majestic,Silk,6 x 12,Vertical,Rectangle,16PT C2S,No Coating,Silk,n/a,4/4,2500,Score in Half,Moon Slits Right Panel,Yes 50 Envelopes 6.5X6.5
Majestic,Silk,6 x 12,Vertical,Rectangle,16PT C2S,No Coating,Silk,n/a,4/1,2500,Score in Half,Moon Slits Right Panel,Yes 50 Envelopes 6.5X6.5
Majestic,Silk,6 x 12,Horizontal,Rectangle,16PT C2S,No Coating,Silk,n/a,4/0,5000,Score in Half,Moon Slits Right Panel,Yes 50 Envelopes 6.5X6.5
Majestic,Silk,6 x 12,Vertical,Rectangle,16PT C2S,No Coating,Silk,n/a,4/0,5000,Score in Half,Moon Slits Right Panel,Yes 50 Envelopes 6.5X6.5
Majestic,Silk,6 x 12,Horizontal,Rectangle,16PT C2S,No Coating,Silk,n/a,4/1,5000,Score in Half,Moon Slits Right Panel,Yes 50 Envelopes 6.5X6.5
Majestic,Silk,6 x 12,Vertical,Rectangle,16PT C2S,No Coating,Silk,n/a,4/1,5000,Score in Half,Moon Slits Right Panel,Yes 50 Envelopes 6.5X6.5
Majestic,Silk,6 x 12,Horizontal,Rectangle,16PT C2S,No Coating,Silk,n/a,4/4,5000,Score in Half,Moon Slits Right Panel,Yes 50 Envelopes 6.5X6.5
Majestic,Silk,6 x 12,Vertical,Rectangle,16PT C2S,No Coating,Silk,n/a,4/4,5000,Score in Half,Moon Slits Right Panel,Yes 50 Envelopes 6.5X6.5
Majestic,Silk,6 x 12,Horizontal,Rectangle,16PT C2S,No Coating,Silk,n/a,4/0,10000,Score in Half,Moon Slits Right Panel,Yes 50 Envelopes 6.5X6.5
Majestic,Silk,6 x 12,Vertical,Rectangle,16PT C2S,No Coating,Silk,n/a,4/0,10000,Score in Half,Moon Slits Right Panel,Yes 50 Envelopes 6.5X6.5
Majestic,Silk,6 x 12,Horizontal,Rectangle,16PT C2S,No Coating,Silk,n/a,4/1,10000,Score in Half,Moon Slits Right Panel,Yes 50 Envelopes 6.5X6.5
Majestic,Silk,6 x 12,Vertical,Rectangle,16PT C2S,No Coating,Silk,n/a,4/1,10000,Score in Half,Moon Slits Right Panel,Yes 50 Envelopes 6.5X6.5
Majestic,Silk,6 x 12,Horizontal,Rectangle,16PT C2S,No Coating,Silk,n/a,4/4,10000,Score in Half,Moon Slits Right Panel,Yes 50 Envelopes 6.5X6.5
Majestic,Silk,6 x 12,Vertical,Rectangle,16PT C2S,No Coating,Silk,n/a,4/4,10000,Score in Half,Moon Slits Right Panel,Yes 50 Envelopes 6.5X6.5
Majestic,Silk,6 x 12,Horizontal,Rectangle,16PT C2S,No Coating,Silk,n/a,4/0,25,Score in Half,No Gift Cards Slits,Yes 50 Envelopes 6.5X6.5
Majestic,Silk,6 x 12,Vertical,Rectangle,16PT C2S,No Coating,Silk,n/a,4/0,25,Score in Half,No Gift Cards Slits,Yes 50 Envelopes 6.5X6.5
Majestic,Silk,6 x 12,Horizontal,Rectangle,16PT C2S,No Coating,Silk,n/a,4/1,25,Score in Half,No Gift Cards Slits,Yes 50 Envelopes 6.5X6.5
Majestic,Silk,6 x 12,Vertical,Rectangle,16PT C2S,No Coating,Silk,n/a,4/1,25,Score in Half,No Gift Cards Slits,Yes 50 Envelopes 6.5X6.5
Majestic,Silk,6 x 12,Horizontal,Rectangle,16PT C2S,No Coating,Silk,n/a,4/4,25,Score in Half,No Gift Cards Slits,Yes 50 Envelopes 6.5X6.5
Majestic,Silk,6 x 12,Vertical,Rectangle,16PT C2S,No Coating,Silk,n/a,4/4,25,Score in Half,No Gift Cards Slits,Yes 50 Envelopes 6.5X6.5
Majestic,Silk,6 x 12,Horizontal,Rectangle,16PT C2S,No Coating,Silk,n/a,4/0,50,Score in Half,No Gift Cards Slits,Yes 50 Envelopes 6.5X6.5
Majestic,Silk,6 x 12,Vertical,Rectangle,16PT C2S,No Coating,Silk,n/a,4/0,50,Score in Half,No Gift Cards Slits,Yes 50 Envelopes 6.5X6.5
Majestic,Silk,6 x 12,Horizontal,Rectangle,16PT C2S,No Coating,Silk,n/a,4/1,50,Score in Half,No Gift Cards Slits,Yes 50 Envelopes 6.5X6.5
Majestic,Silk,6 x 12,Vertical,Rectangle,16PT C2S,No Coating,Silk,n/a,4/1,50,Score in Half,No Gift Cards Slits,Yes 50 Envelopes 6.5X6.5
Majestic,Silk,6 x 12,Horizontal,Rectangle,16PT C2S,No Coating,Silk,n/a,4/4,50,Score in Half,No Gift Cards Slits,Yes 50 Envelopes 6.5X6.5
Majestic,Silk,6 x 12,Vertical,Rectangle,16PT C2S,No Coating,Silk,n/a,4/4,50,Score in Half,No Gift Cards Slits,Yes 50 Envelopes 6.5X6.5
Majestic,Silk,6 x 12,Horizontal,Rectangle,16PT C2S,No Coating,Silk,n/a,4/0,75,Score in Half,No Gift Cards Slits,Yes 50 Envelopes 6.5X6.5
Majestic,Silk,6 x 12,Vertical,Rectangle,16PT C2S,No Coating,Silk,n/a,4/0,75,Score in Half,No Gift Cards Slits,Yes 50 Envelopes 6.5X6.5
Majestic,Silk,6 x 12,Horizontal,Rectangle,16PT C2S,No Coating,Silk,n/a,4/1,75,Score in Half,No Gift Cards Slits,Yes 50 Envelopes 6.5X6.5
Majestic,Silk,6 x 12,Vertical,Rectangle,16PT C2S,No Coating,Silk,n/a,4/1,75,Score in Half,No Gift Cards Slits,Yes 50 Envelopes 6.5X6.5
Majestic,Silk,6 x 12,Horizontal,Rectangle,16PT C2S,No Coating,Silk,n/a,4/4,75,Score in Half,No Gift Cards Slits,Yes 50 Envelopes 6.5X6.5
Majestic,Silk,6 x 12,Vertical,Rectangle,16PT C2S,No Coating,Silk,n/a,4/4,75,Score in Half,No Gift Cards Slits,Yes 50 Envelopes 6.5X6.5
Majestic,Silk,6 x 12,Horizontal,Rectangle,16PT C2S,No Coating,Silk,n/a,4/0,100,Score in Half,No Gift Cards Slits,Yes 50 Envelopes 6.5X6.5
Majestic,Silk,6 x 12,Vertical,Rectangle,16PT C2S,No Coating,Silk,n/a,4/0,100,Score in Half,No Gift Cards Slits,Yes 50 Envelopes 6.5X6.5
Majestic,Silk,6 x 12,Horizontal,Rectangle,16PT C2S,No Coating,Silk,n/a,4/1,100,Score in Half,No Gift Cards Slits,Yes 50 Envelopes 6.5X6.5
Majestic,Silk,6 x 12,Vertical,Rectangle,16PT C2S,No Coating,Silk,n/a,4/1,100,Score in Half,No Gift Cards Slits,Yes 50 Envelopes 6.5X6.5
Majestic,Silk,6 x 12,Horizontal,Rectangle,16PT C2S,No Coating,Silk,n/a,4/4,100,Score in Half,No Gift Cards Slits,Yes 50 Envelopes 6.5X6.5
Majestic,Silk,6 x 12,Vertical,Rectangle,16PT C2S,No Coating,Silk,n/a,4/4,100,Score in Half,No Gift Cards Slits,Yes 50 Envelopes 6.5X6.5
Majestic,Silk,6 x 12,Horizontal,Rectangle,16PT C2S,No Coating,Silk,n/a,4/0,250,Score in Half,No Gift Cards Slits,Yes 50 Envelopes 6.5X6.5
Majestic,Silk,6 x 12,Vertical,Rectangle,16PT C2S,No Coating,Silk,n/a,4/0,250,Score in Half,No Gift Cards Slits,Yes 50 Envelopes 6.5X6.5
Majestic,Silk,6 x 12,Horizontal,Rectangle,16PT C2S,No Coating,Silk,n/a,4/1,250,Score in Half,No Gift Cards Slits,Yes 50 Envelopes 6.5X6.5
Majestic,Silk,6 x 12,Vertical,Rectangle,16PT C2S,No Coating,Silk,n/a,4/1,250,Score in Half,No Gift Cards Slits,Yes 50 Envelopes 6.5X6.5
Majestic,Silk,6 x 12,Horizontal,Rectangle,16PT C2S,No Coating,Silk,n/a,4/4,250,Score in Half,No Gift Cards Slits,Yes 50 Envelopes 6.5X6.5
Majestic,Silk,6 x 12,Vertical,Rectangle,16PT C2S,No Coating,Silk,n/a,4/4,250,Score in Half,No Gift Cards Slits,Yes 50 Envelopes 6.5X6.5
Majestic,Silk,6 x 12,Horizontal,Rectangle,16PT C2S,No Coating,Silk,n/a,4/0,500,Score in Half,No Gift Cards Slits,Yes 50 Envelopes 6.5X6.5
Majestic,Silk,6 x 12,Vertical,Rectangle,16PT C2S,No Coating,Silk,n/a,4/0,500,Score in Half,No Gift Cards Slits,Yes 50 Envelopes 6.5X6.5
Majestic,Silk,6 x 12,Horizontal,Rectangle,16PT C2S,No Coating,Silk,n/a,4/1,500,Score in Half,No Gift Cards Slits,Yes 50 Envelopes 6.5X6.5
Majestic,Silk,6 x 12,Vertical,Rectangle,16PT C2S,No Coating,Silk,n/a,4/1,500,Score in Half,No Gift Cards Slits,Yes 50 Envelopes 6.5X6.5
Majestic,Silk,6 x 12,Horizontal,Rectangle,16PT C2S,No Coating,Silk,n/a,4/4,500,Score in Half,No Gift Cards Slits,Yes 50 Envelopes 6.5X6.5
Majestic,Silk,6 x 12,Vertical,Rectangle,16PT C2S,No Coating,Silk,n/a,4/4,500,Score in Half,No Gift Cards Slits,Yes 50 Envelopes 6.5X6.5
Majestic,Silk,6 x 12,Horizontal,Rectangle,16PT C2S,No Coating,Silk,n/a,4/0,1000,Score in Half,No Gift Cards Slits,Yes 50 Envelopes 6.5X6.5
Majestic,Silk,6 x 12,Vertical,Rectangle,16PT C2S,No Coating,Silk,n/a,4/0,1000,Score in Half,No Gift Cards Slits,Yes 50 Envelopes 6.5X6.5
Majestic,Silk,6 x 12,Horizontal,Rectangle,16PT C2S,No Coating,Silk,n/a,4/1,1000,Score in Half,No Gift Cards Slits,Yes 50 Envelopes 6.5X6.5
Majestic,Silk,6 x 12,Vertical,Rectangle,16PT C2S,No Coating,Silk,n/a,4/1,1000,Score in Half,No Gift Cards Slits,Yes 50 Envelopes 6.5X6.5
Majestic,Silk,6 x 12,Horizontal,Rectangle,16PT C2S,No Coating,Silk,n/a,4/4,1000,Score in Half,No Gift Cards Slits,Yes 50 Envelopes 6.5X6.5
Majestic,Silk,6 x 12,Vertical,Rectangle,16PT C2S,No Coating,Silk,n/a,4/4,1000,Score in Half,No Gift Cards Slits,Yes 50 Envelopes 6.5X6.5
Majestic,Silk,6 x 12,Horizontal,Rectangle,16PT C2S,No Coating,Silk,n/a,4/0,2500,Score in Half,No Gift Cards Slits,Yes 50 Envelopes 6.5X6.5
Majestic,Silk,6 x 12,Vertical,Rectangle,16PT C2S,No Coating,Silk,n/a,4/0,2500,Score in Half,No Gift Cards Slits,Yes 50 Envelopes 6.5X6.5
Majestic,Silk,6 x 12,Horizontal,Rectangle,16PT C2S,No Coating,Silk,n/a,4/1,2500,Score in Half,No Gift Cards Slits,Yes 50 Envelopes 6.5X6.5
Majestic,Silk,6 x 12,Vertical,Rectangle,16PT C2S,No Coating,Silk,n/a,4/1,2500,Score in Half,No Gift Cards Slits,Yes 50 Envelopes 6.5X6.5
Majestic,Silk,6 x 12,Horizontal,Rectangle,16PT C2S,No Coating,Silk,n/a,4/4,2500,Score in Half,No Gift Cards Slits,Yes 50 Envelopes 6.5X6.5
Majestic,Silk,6 x 12,Vertical,Rectangle,16PT C2S,No Coating,Silk,n/a,4/4,2500,Score in Half,No Gift Cards Slits,Yes 50 Envelopes 6.5X6.5
Majestic,Silk,6 x 12,Horizontal,Rectangle,16PT C2S,No Coating,Silk,n/a,4/0,5000,Score in Half,No Gift Cards Slits,Yes 50 Envelopes 6.5X6.5
Majestic,Silk,6 x 12,Vertical,Rectangle,16PT C2S,No Coating,Silk,n/a,4/0,5000,Score in Half,No Gift Cards Slits,Yes 50 Envelopes 6.5X6.5
Majestic,Silk,6 x 12,Horizontal,Rectangle,16PT C2S,No Coating,Silk,n/a,4/1,5000,Score in Half,No Gift Cards Slits,Yes 50 Envelopes 6.5X6.5
Majestic,Silk,6 x 12,Vertical,Rectangle,16PT C2S,No Coating,Silk,n/a,4/1,5000,Score in Half,No Gift Cards Slits,Yes 50 Envelopes 6.5X6.5
Majestic,Silk,6 x 12,Horizontal,Rectangle,16PT C2S,No Coating,Silk,n/a,4/4,5000,Score in Half,No Gift Cards Slits,Yes 50 Envelopes 6.5X6.5
Majestic,Silk,6 x 12,Vertical,Rectangle,16PT C2S,No Coating,Silk,n/a,4/4,5000,Score in Half,No Gift Cards Slits,Yes 50 Envelopes 6.5X6.5
Majestic,Silk,6 x 12,Horizontal,Rectangle,16PT C2S,No Coating,Silk,n/a,4/0,10000,Score in Half,No Gift Cards Slits,Yes 50 Envelopes 6.5X6.5
Majestic,Silk,6 x 12,Vertical,Rectangle,16PT C2S,No Coating,Silk,n/a,4/0,10000,Score in Half,No Gift Cards Slits,Yes 50 Envelopes 6.5X6.5
Majestic,Silk,6 x 12,Horizontal,Rectangle,16PT C2S,No Coating,Silk,n/a,4/1,10000,Score in Half,No Gift Cards Slits,Yes 50 Envelopes 6.5X6.5
Majestic,Silk,6 x 12,Vertical,Rectangle,16PT C2S,No Coating,Silk,n/a,4/1,10000,Score in Half,No Gift Cards Slits,Yes 50 Envelopes 6.5X6.5
Majestic,Silk,6 x 12,Horizontal,Rectangle,16PT C2S,No Coating,Silk,n/a,4/4,10000,Score in Half,No Gift Cards Slits,Yes 50 Envelopes 6.5X6.5
Majestic,Silk,6 x 12,Vertical,Rectangle,16PT C2S,No Coating,Silk,n/a,4/4,10000,Score in Half,No Gift Cards Slits,Yes 50 Envelopes 6.5X6.5
Majestic,Silk,6 x 12,Horizontal,Rectangle,16PT C2S,No Coating,Silk,n/a,4/0,25,Score in Half,Slide Slits Bottom Panel,Yes 50 Envelopes 6.5X6.5
Majestic,Silk,6 x 12,Vertical,Rectangle,16PT C2S,No Coating,Silk,n/a,4/0,25,Score in Half,Slide Slits Bottom Panel,Yes 50 Envelopes 6.5X6.5
Majestic,Silk,6 x 12,Horizontal,Rectangle,16PT C2S,No Coating,Silk,n/a,4/1,25,Score in Half,Slide Slits Bottom Panel,Yes 50 Envelopes 6.5X6.5
Majestic,Silk,6 x 12,Vertical,Rectangle,16PT C2S,No Coating,Silk,n/a,4/1,25,Score in Half,Slide Slits Bottom Panel,Yes 50 Envelopes 6.5X6.5
Majestic,Silk,6 x 12,Horizontal,Rectangle,16PT C2S,No Coating,Silk,n/a,4/4,25,Score in Half,Slide Slits Bottom Panel,Yes 50 Envelopes 6.5X6.5
Majestic,Silk,6 x 12,Vertical,Rectangle,16PT C2S,No Coating,Silk,n/a,4/4,25,Score in Half,Slide Slits Bottom Panel,Yes 50 Envelopes 6.5X6.5
Majestic,Silk,6 x 12,Horizontal,Rectangle,16PT C2S,No Coating,Silk,n/a,4/0,50,Score in Half,Slide Slits Bottom Panel,Yes 50 Envelopes 6.5X6.5
Majestic,Silk,6 x 12,Horizontal,Rectangle,16PT C2S,No Coating,Silk,n/a,4/1,50,Score in Half,Slide Slits Bottom Panel,Yes 50 Envelopes 6.5X6.5
Majestic,Silk,6 x 12,Vertical,Rectangle,16PT C2S,No Coating,Silk,n/a,4/1,50,Score in Half,Slide Slits Bottom Panel,Yes 50 Envelopes 6.5X6.5
Majestic,Silk,6 x 12,Vertical,Rectangle,16PT C2S,No Coating,Silk,n/a,4/0,50,Score in Half,Slide Slits Bottom Panel,Yes 50 Envelopes 6.5X6.5
Majestic,Silk,6 x 12,Horizontal,Rectangle,16PT C2S,No Coating,Silk,n/a,4/0,75,Score in Half,Slide Slits Bottom Panel,Yes 50 Envelopes 6.5X6.5
Majestic,Silk,6 x 12,Vertical,Rectangle,16PT C2S,No Coating,Silk,n/a,4/0,75,Score in Half,Slide Slits Bottom Panel,Yes 50 Envelopes 6.5X6.5
Majestic,Silk,6 x 12,Horizontal,Rectangle,16PT C2S,No Coating,Silk,n/a,4/4,50,Score in Half,Slide Slits Bottom Panel,Yes 50 Envelopes 6.5X6.5
Majestic,Silk,6 x 12,Horizontal,Rectangle,16PT C2S,No Coating,Silk,n/a,4/4,5000,Score in Half,Moon Slits Bottom Panel,Yes 50 Envelopes 6.5X6.5
Majestic,Silk,6 x 12,Horizontal,Rectangle,16PT C2S,No Coating,Silk,n/a,4/1,75,Score in Half,Slide Slits Bottom Panel,Yes 50 Envelopes 6.5X6.5
Majestic,Silk,6 x 12,Vertical,Rectangle,16PT C2S,No Coating,Silk,n/a,4/1,75,Score in Half,Slide Slits Bottom Panel,Yes 50 Envelopes 6.5X6.5
Majestic,Silk,6 x 12,Vertical,Rectangle,16PT C2S,No Coating,Silk,n/a,4/4,50,Score in Half,Slide Slits Bottom Panel,Yes 50 Envelopes 6.5X6.5
Majestic,Silk,6 x 12,Horizontal,Rectangle,16PT C2S,No Coating,Silk,n/a,4/0,100,Score in Half,Slide Slits Bottom Panel,Yes 50 Envelopes 6.5X6.5
Majestic,Silk,6 x 12,Vertical,Rectangle,16PT C2S,No Coating,Silk,n/a,4/4,75,Score in Half,Slide Slits Bottom Panel,Yes 50 Envelopes 6.5X6.5
Majestic,Silk,6 x 12,Vertical,Rectangle,16PT C2S,No Coating,Silk,n/a,4/0,100,Score in Half,Slide Slits Bottom Panel,Yes 50 Envelopes 6.5X6.5
Majestic,Silk,6 x 12,Horizontal,Rectangle,16PT C2S,No Coating,Silk,n/a,4/1,100,Score in Half,Slide Slits Bottom Panel,Yes 50 Envelopes 6.5X6.5
Majestic,Silk,6 x 12,Vertical,Rectangle,16PT C2S,No Coating,Silk,n/a,4/1,100,Score in Half,Slide Slits Bottom Panel,Yes 50 Envelopes 6.5X6.5
Majestic,Silk,6 x 12,Horizontal,Rectangle,16PT C2S,No Coating,Silk,n/a,4/4,100,Score in Half,Slide Slits Bottom Panel,Yes 50 Envelopes 6.5X6.5
Majestic,Silk,6 x 12,Vertical,Rectangle,16PT C2S,No Coating,Silk,n/a,4/4,100,Score in Half,Slide Slits Bottom Panel,Yes 50 Envelopes 6.5X6.5
Majestic,Silk,6 x 12,Horizontal,Rectangle,16PT C2S,No Coating,Silk,n/a,4/0,250,Score in Half,Slide Slits Bottom Panel,Yes 50 Envelopes 6.5X6.5
Majestic,Silk,6 x 12,Vertical,Rectangle,16PT C2S,No Coating,Silk,n/a,4/0,250,Score in Half,Slide Slits Bottom Panel,Yes 50 Envelopes 6.5X6.5
Majestic,Silk,6 x 12,Horizontal,Rectangle,16PT C2S,No Coating,Silk,n/a,4/1,250,Score in Half,Slide Slits Bottom Panel,Yes 50 Envelopes 6.5X6.5
Majestic,Silk,6 x 12,Vertical,Rectangle,16PT C2S,No Coating,Silk,n/a,4/1,250,Score in Half,Slide Slits Bottom Panel,Yes 50 Envelopes 6.5X6.5
Majestic,Silk,6 x 12,Horizontal,Rectangle,16PT C2S,No Coating,Silk,n/a,4/4,250,Score in Half,Slide Slits Bottom Panel,Yes 50 Envelopes 6.5X6.5
Majestic,Silk,6 x 12,Horizontal,Rectangle,16PT C2S,No Coating,Silk,n/a,4/1,50,Score in Half,Moon Slits Bottom Panel,Yes 50 Envelopes 6.5X6.5
Majestic,Silk,6 x 12,Horizontal,Rectangle,16PT C2S,No Coating,Silk,n/a,4/0,500,Score in Half,Slide Slits Bottom Panel,Yes 50 Envelopes 6.5X6.5
Majestic,Silk,6 x 12,Vertical,Rectangle,16PT C2S,No Coating,Silk,n/a,4/0,500,Score in Half,Slide Slits Bottom Panel,Yes 50 Envelopes 6.5X6.5
Majestic,Silk,6 x 12,Horizontal,Rectangle,16PT C2S,No Coating,Silk,n/a,4/1,500,Score in Half,Slide Slits Bottom Panel,Yes 50 Envelopes 6.5X6.5
Majestic,Silk,6 x 12,Vertical,Rectangle,16PT C2S,No Coating,Silk,n/a,4/1,500,Score in Half,Slide Slits Bottom Panel,Yes 50 Envelopes 6.5X6.5
Majestic,Silk,6 x 12,Horizontal,Rectangle,16PT C2S,No Coating,Silk,n/a,4/4,500,Score in Half,Slide Slits Bottom Panel,Yes 50 Envelopes 6.5X6.5
Majestic,Silk,6 x 12,Vertical,Rectangle,16PT C2S,No Coating,Silk,n/a,4/4,500,Score in Half,Slide Slits Bottom Panel,Yes 50 Envelopes 6.5X6.5
Majestic,Silk,6 x 12,Horizontal,Rectangle,16PT C2S,No Coating,Silk,n/a,4/0,1000,Score in Half,Slide Slits Bottom Panel,Yes 50 Envelopes 6.5X6.5
Majestic,Silk,6 x 12,Vertical,Rectangle,16PT C2S,No Coating,Silk,n/a,4/0,1000,Score in Half,Slide Slits Bottom Panel,Yes 50 Envelopes 6.5X6.5
Majestic,Silk,6 x 12,Horizontal,Rectangle,16PT C2S,No Coating,Silk,n/a,4/1,1000,Score in Half,Slide Slits Bottom Panel,Yes 50 Envelopes 6.5X6.5
Majestic,Silk,6 x 12,Vertical,Rectangle,16PT C2S,No Coating,Silk,n/a,4/1,1000,Score in Half,Slide Slits Bottom Panel,Yes 50 Envelopes 6.5X6.5
Majestic,Silk,6 x 12,Horizontal,Rectangle,16PT C2S,No Coating,Silk,n/a,4/4,1000,Score in Half,Slide Slits Bottom Panel,Yes 50 Envelopes 6.5X6.5
Majestic,Silk,6 x 12,Vertical,Rectangle,16PT C2S,No Coating,Silk,n/a,4/4,1000,Score in Half,Slide Slits Bottom Panel,Yes 50 Envelopes 6.5X6.5
Majestic,Silk,6 x 12,Horizontal,Rectangle,16PT C2S,No Coating,Silk,n/a,4/0,2500,Score in Half,Slide Slits Bottom Panel,Yes 50 Envelopes 6.5X6.5
Majestic,Silk,6 x 12,Vertical,Rectangle,16PT C2S,No Coating,Silk,n/a,4/0,2500,Score in Half,Slide Slits Bottom Panel,Yes 50 Envelopes 6.5X6.5
Majestic,Silk,6 x 12,Horizontal,Rectangle,16PT C2S,No Coating,Silk,n/a,4/1,2500,Score in Half,Slide Slits Bottom Panel,Yes 50 Envelopes 6.5X6.5
Majestic,Silk,6 x 12,Vertical,Rectangle,16PT C2S,No Coating,Silk,n/a,4/1,2500,Score in Half,Slide Slits Bottom Panel,Yes 50 Envelopes 6.5X6.5
Majestic,Silk,6 x 12,Horizontal,Rectangle,16PT C2S,No Coating,Silk,n/a,4/4,2500,Score in Half,Slide Slits Bottom Panel,Yes 50 Envelopes 6.5X6.5
Majestic,Silk,6 x 12,Vertical,Rectangle,16PT C2S,No Coating,Silk,n/a,4/4,2500,Score in Half,Slide Slits Bottom Panel,Yes 50 Envelopes 6.5X6.5
Majestic,Silk,6 x 12,Horizontal,Rectangle,16PT C2S,No Coating,Silk,n/a,4/0,5000,Score in Half,Slide Slits Bottom Panel,Yes 50 Envelopes 6.5X6.5
Majestic,Silk,6 x 12,Vertical,Rectangle,16PT C2S,No Coating,Silk,n/a,4/0,5000,Score in Half,Slide Slits Bottom Panel,Yes 50 Envelopes 6.5X6.5
Majestic,Silk,6 x 12,Horizontal,Rectangle,16PT C2S,No Coating,Silk,n/a,4/1,5000,Score in Half,Slide Slits Bottom Panel,Yes 50 Envelopes 6.5X6.5
Majestic,Silk,6 x 12,Vertical,Rectangle,16PT C2S,No Coating,Silk,n/a,4/1,5000,Score in Half,Slide Slits Bottom Panel,Yes 50 Envelopes 6.5X6.5
Majestic,Silk,6 x 12,Horizontal,Rectangle,16PT C2S,No Coating,Silk,n/a,4/4,5000,Score in Half,Slide Slits Bottom Panel,Yes 50 Envelopes 6.5X6.5
Majestic,Silk,6 x 12,Vertical,Rectangle,16PT C2S,No Coating,Silk,n/a,4/4,5000,Score in Half,Slide Slits Bottom Panel,Yes 50 Envelopes 6.5X6.5
Majestic,Silk,6 x 12,Horizontal,Rectangle,16PT C2S,No Coating,Silk,n/a,4/0,10000,Score in Half,Slide Slits Bottom Panel,Yes 50 Envelopes 6.5X6.5
Majestic,Silk,6 x 12,Vertical,Rectangle,16PT C2S,No Coating,Silk,n/a,4/0,10000,Score in Half,Slide Slits Bottom Panel,Yes 50 Envelopes 6.5X6.5
Majestic,Silk,6 x 12,Horizontal,Rectangle,16PT C2S,No Coating,Silk,n/a,4/1,10000,Score in Half,Slide Slits Bottom Panel,Yes 50 Envelopes 6.5X6.5
Majestic,Silk,6 x 12,Vertical,Rectangle,16PT C2S,No Coating,Silk,n/a,4/1,10000,Score in Half,Slide Slits Bottom Panel,Yes 50 Envelopes 6.5X6.5
Majestic,Silk,6 x 12,Horizontal,Rectangle,16PT C2S,No Coating,Silk,n/a,4/4,10000,Score in Half,Slide Slits Bottom Panel,Yes 50 Envelopes 6.5X6.5
Majestic,Silk,6 x 12,Vertical,Rectangle,16PT C2S,No Coating,Silk,n/a,4/4,10000,Score in Half,Slide Slits Bottom Panel,Yes 50 Envelopes 6.5X6.5
Majestic,Silk,6 x 12,Horizontal,Rectangle,16PT C2S,No Coating,Silk,n/a,4/0,25,Score in Half,Slide Slits Right Panel,Yes 50 Envelopes 6.5X6.5
Majestic,Silk,6 x 12,Vertical,Rectangle,16PT C2S,No Coating,Silk,n/a,4/0,25,Score in Half,Slide Slits Right Panel,Yes 50 Envelopes 6.5X6.5
Majestic,Silk,6 x 12,Horizontal,Rectangle,16PT C2S,No Coating,Silk,n/a,4/1,25,Score in Half,Slide Slits Right Panel,Yes 50 Envelopes 6.5X6.5
Majestic,Silk,6 x 12,Vertical,Rectangle,16PT C2S,No Coating,Silk,n/a,4/1,25,Score in Half,Slide Slits Right Panel,Yes 50 Envelopes 6.5X6.5
Majestic,Silk,6 x 12,Horizontal,Rectangle,16PT C2S,No Coating,Silk,n/a,4/4,25,Score in Half,Slide Slits Right Panel,Yes 50 Envelopes 6.5X6.5
Majestic,Silk,6 x 12,Vertical,Rectangle,16PT C2S,No Coating,Silk,n/a,4/4,25,Score in Half,Slide Slits Right Panel,Yes 50 Envelopes 6.5X6.5
Majestic,Silk,6 x 12,Horizontal,Rectangle,16PT C2S,No Coating,Silk,n/a,4/0,50,Score in Half,Slide Slits Right Panel,Yes 50 Envelopes 6.5X6.5
Majestic,Silk,6 x 12,Vertical,Rectangle,16PT C2S,No Coating,Silk,n/a,4/0,50,Score in Half,Slide Slits Right Panel,Yes 50 Envelopes 6.5X6.5
Majestic,Silk,6 x 12,Horizontal,Rectangle,16PT C2S,No Coating,Silk,n/a,4/1,50,Score in Half,Slide Slits Right Panel,Yes 50 Envelopes 6.5X6.5
Majestic,Silk,6 x 12,Vertical,Rectangle,16PT C2S,No Coating,Silk,n/a,4/1,50,Score in Half,Slide Slits Right Panel,Yes 50 Envelopes 6.5X6.5
Majestic,Silk,6 x 12,Horizontal,Rectangle,16PT C2S,No Coating,Silk,n/a,4/4,50,Score in Half,Slide Slits Right Panel,Yes 50 Envelopes 6.5X6.5
Majestic,Silk,6 x 12,Vertical,Rectangle,16PT C2S,No Coating,Silk,n/a,4/4,50,Score in Half,Slide Slits Right Panel,Yes 50 Envelopes 6.5X6.5
Majestic,Silk,6 x 12,Vertical,Rectangle,16PT C2S,No Coating,Silk,n/a,4/0,75,Score in Half,Slide Slits Right Panel,Yes 50 Envelopes 6.5X6.5
Majestic,Silk,6 x 12,Horizontal,Rectangle,16PT C2S,No Coating,Silk,n/a,4/0,75,Score in Half,Slide Slits Right Panel,Yes 50 Envelopes 6.5X6.5
Majestic,Silk,6 x 12,Horizontal,Rectangle,16PT C2S,No Coating,Silk,n/a,4/1,75,Score in Half,Slide Slits Right Panel,Yes 50 Envelopes 6.5X6.5
Majestic,Silk,6 x 12,Vertical,Rectangle,16PT C2S,No Coating,Silk,n/a,4/1,75,Score in Half,Slide Slits Right Panel,Yes 50 Envelopes 6.5X6.5
Majestic,Silk,6 x 12,Horizontal,Rectangle,16PT C2S,No Coating,Silk,n/a,4/4,75,Score in Half,Slide Slits Right Panel,Yes 50 Envelopes 6.5X6.5
Majestic,Silk,6 x 12,Vertical,Rectangle,16PT C2S,No Coating,Silk,n/a,4/4,75,Score in Half,Slide Slits Right Panel,Yes 50 Envelopes 6.5X6.5
Majestic,Silk,6 x 12,Horizontal,Rectangle,16PT C2S,No Coating,Silk,n/a,4/0,100,Score in Half,Slide Slits Right Panel,Yes 50 Envelopes 6.5X6.5
Majestic,Silk,6 x 12,Vertical,Rectangle,16PT C2S,No Coating,Silk,n/a,4/0,100,Score in Half,Slide Slits Right Panel,Yes 50 Envelopes 6.5X6.5
Majestic,Silk,6 x 12,Horizontal,Rectangle,16PT C2S,No Coating,Silk,n/a,4/1,100,Score in Half,Slide Slits Right Panel,Yes 50 Envelopes 6.5X6.5
Majestic,Silk,6 x 12,Vertical,Rectangle,16PT C2S,No Coating,Silk,n/a,4/1,100,Score in Half,Slide Slits Right Panel,Yes 50 Envelopes 6.5X6.5
Majestic,Silk,6 x 12,Horizontal,Rectangle,16PT C2S,No Coating,Silk,n/a,4/4,100,Score in Half,Slide Slits Right Panel,Yes 50 Envelopes 6.5X6.5
Majestic,Silk,6 x 12,Vertical,Rectangle,16PT C2S,No Coating,Silk,n/a,4/4,100,Score in Half,Slide Slits Right Panel,Yes 50 Envelopes 6.5X6.5
Majestic,Silk,6 x 12,Horizontal,Rectangle,16PT C2S,No Coating,Silk,n/a,4/0,250,Score in Half,Slide Slits Right Panel,Yes 50 Envelopes 6.5X6.5
Majestic,Silk,6 x 12,Vertical,Rectangle,16PT C2S,No Coating,Silk,n/a,4/0,250,Score in Half,Slide Slits Right Panel,Yes 50 Envelopes 6.5X6.5
Majestic,Silk,6 x 12,Horizontal,Rectangle,16PT C2S,No Coating,Silk,n/a,4/1,250,Score in Half,Slide Slits Right Panel,Yes 50 Envelopes 6.5X6.5
Majestic,Silk,6 x 12,Vertical,Rectangle,16PT C2S,No Coating,Silk,n/a,4/1,250,Score in Half,Slide Slits Right Panel,Yes 50 Envelopes 6.5X6.5
Majestic,Silk,6 x 12,Horizontal,Rectangle,16PT C2S,No Coating,Silk,n/a,4/4,250,Score in Half,Slide Slits Right Panel,Yes 50 Envelopes 6.5X6.5
Majestic,Silk,6 x 12,Vertical,Rectangle,16PT C2S,No Coating,Silk,n/a,4/4,250,Score in Half,Slide Slits Right Panel,Yes 50 Envelopes 6.5X6.5
Majestic,Silk,6 x 12,Horizontal,Rectangle,16PT C2S,No Coating,Silk,n/a,4/0,500,Score in Half,Slide Slits Right Panel,Yes 50 Envelopes 6.5X6.5
Majestic,Silk,6 x 12,Vertical,Rectangle,16PT C2S,No Coating,Silk,n/a,4/0,500,Score in Half,Slide Slits Right Panel,Yes 50 Envelopes 6.5X6.5
Majestic,Silk,6 x 12,Horizontal,Rectangle,16PT C2S,No Coating,Silk,n/a,4/1,500,Score in Half,Slide Slits Right Panel,Yes 50 Envelopes 6.5X6.5
Majestic,Silk,6 x 12,Horizontal,Rectangle,16PT C2S,No Coating,Silk,n/a,4/4,500,Score in Half,Slide Slits Right Panel,Yes 50 Envelopes 6.5X6.5
Majestic,Silk,6 x 12,Vertical,Rectangle,16PT C2S,No Coating,Silk,n/a,4/4,500,Score in Half,Slide Slits Right Panel,Yes 50 Envelopes 6.5X6.5
Majestic,Silk,6 x 12,Vertical,Rectangle,16PT C2S,No Coating,Silk,n/a,4/1,500,Score in Half,Slide Slits Right Panel,Yes 50 Envelopes 6.5X6.5
Majestic,Silk,6 x 12,Horizontal,Rectangle,16PT C2S,No Coating,Silk,n/a,4/0,1000,Score in Half,Slide Slits Right Panel,Yes 50 Envelopes 6.5X6.5
Majestic,Silk,6 x 12,Vertical,Rectangle,16PT C2S,No Coating,Silk,n/a,4/0,1000,Score in Half,Slide Slits Right Panel,Yes 50 Envelopes 6.5X6.5
Majestic,Silk,6 x 12,Horizontal,Rectangle,16PT C2S,No Coating,Silk,n/a,4/1,1000,Score in Half,Slide Slits Right Panel,Yes 50 Envelopes 6.5X6.5
Majestic,Silk,6 x 12,Horizontal,Rectangle,16PT C2S,No Coating,Silk,n/a,4/4,25,Score in Half,Moon Slits Right Panel,Yes 50 Envelopes 6.5X6.5
Majestic,Silk,6 x 12,Horizontal,Rectangle,16PT C2S,No Coating,Silk,n/a,4/4,1000,Score in Half,Slide Slits Right Panel,Yes 50 Envelopes 6.5X6.5
Majestic,Silk,6 x 12,Vertical,Rectangle,16PT C2S,No Coating,Silk,n/a,4/4,1000,Score in Half,Slide Slits Right Panel,Yes 50 Envelopes 6.5X6.5
Majestic,Silk,6 x 12,Horizontal,Rectangle,16PT C2S,No Coating,Silk,n/a,4/0,2500,Score in Half,Slide Slits Right Panel,Yes 50 Envelopes 6.5X6.5
Majestic,Silk,6 x 12,Vertical,Rectangle,16PT C2S,No Coating,Silk,n/a,4/0,2500,Score in Half,Slide Slits Right Panel,Yes 50 Envelopes 6.5X6.5
Majestic,Silk,6 x 12,Horizontal,Rectangle,16PT C2S,No Coating,Silk,n/a,4/1,2500,Score in Half,Slide Slits Right Panel,Yes 50 Envelopes 6.5X6.5
Majestic,Silk,6 x 12,Vertical,Rectangle,16PT C2S,No Coating,Silk,n/a,4/1,2500,Score in Half,Slide Slits Right Panel,Yes 50 Envelopes 6.5X6.5
Majestic,Silk,6 x 12,Horizontal,Rectangle,16PT C2S,No Coating,Silk,n/a,4/4,2500,Score in Half,Slide Slits Right Panel,Yes 50 Envelopes 6.5X6.5
Majestic,Silk,6 x 12,Vertical,Rectangle,16PT C2S,No Coating,Silk,n/a,4/4,2500,Score in Half,Slide Slits Right Panel,Yes 50 Envelopes 6.5X6.5
Majestic,Silk,6 x 12,Horizontal,Rectangle,16PT C2S,No Coating,Silk,n/a,4/0,5000,Score in Half,Slide Slits Right Panel,Yes 50 Envelopes 6.5X6.5
Majestic,Silk,6 x 12,Vertical,Rectangle,16PT C2S,No Coating,Silk,n/a,4/0,5000,Score in Half,Slide Slits Right Panel,Yes 50 Envelopes 6.5X6.5
Majestic,Silk,6 x 12,Horizontal,Rectangle,16PT C2S,No Coating,Silk,n/a,4/1,5000,Score in Half,Slide Slits Right Panel,Yes 50 Envelopes 6.5X6.5
Majestic,Silk,6 x 12,Vertical,Rectangle,16PT C2S,No Coating,Silk,n/a,4/1,5000,Score in Half,Slide Slits Right Panel,Yes 50 Envelopes 6.5X6.5
Majestic,Silk,6 x 12,Horizontal,Rectangle,16PT C2S,No Coating,Silk,n/a,4/4,5000,Score in Half,Slide Slits Right Panel,Yes 50 Envelopes 6.5X6.5
Majestic,Silk,6 x 12,Vertical,Rectangle,16PT C2S,No Coating,Silk,n/a,4/4,5000,Score in Half,Slide Slits Right Panel,Yes 50 Envelopes 6.5X6.5
Majestic,Silk,6 x 12,Horizontal,Rectangle,16PT C2S,No Coating,Silk,n/a,4/0,10000,Score in Half,Slide Slits Right Panel,Yes 50 Envelopes 6.5X6.5
Majestic,Silk,6 x 12,Vertical,Rectangle,16PT C2S,No Coating,Silk,n/a,4/0,10000,Score in Half,Slide Slits Right Panel,Yes 50 Envelopes 6.5X6.5
Majestic,Silk,6 x 12,Horizontal,Rectangle,16PT C2S,No Coating,Silk,n/a,4/1,10000,Score in Half,Slide Slits Right Panel,Yes 50 Envelopes 6.5X6.5
Majestic,Silk,6 x 12,Vertical,Rectangle,16PT C2S,No Coating,Silk,n/a,4/1,10000,Score in Half,Slide Slits Right Panel,Yes 50 Envelopes 6.5X6.5
Majestic,Silk,6 x 12,Horizontal,Rectangle,16PT C2S,No Coating,Silk,n/a,4/4,10000,Score in Half,Slide Slits Right Panel,Yes 50 Envelopes 6.5X6.5
Majestic,Silk,6 x 12,Horizontal,Rectangle,16PT C2S,No Coating,Silk,n/a,4/0,25,Score in Half,Moon Slits Bottom Panel,Yes 75 Envelopes 6.5X6.5
Majestic,Silk,6 x 12,Vertical,Rectangle,16PT C2S,No Coating,Silk,n/a,4/4,10000,Score in Half,Slide Slits Right Panel,Yes 50 Envelopes 6.5X6.5
Majestic,Silk,6 x 12,Vertical,Rectangle,16PT C2S,No Coating,Silk,n/a,4/0,25,Score in Half,Moon Slits Bottom Panel,Yes 75 Envelopes 6.5X6.5
Majestic,Silk,6 x 12,Horizontal,Rectangle,16PT C2S,No Coating,Silk,n/a,4/1,25,Score in Half,Moon Slits Bottom Panel,Yes 75 Envelopes 6.5X6.5
Majestic,Silk,6 x 12,Vertical,Rectangle,16PT C2S,No Coating,Silk,n/a,4/1,25,Score in Half,Moon Slits Bottom Panel,Yes 75 Envelopes 6.5X6.5
Majestic,Silk,6 x 12,Horizontal,Rectangle,16PT C2S,No Coating,Silk,n/a,4/4,25,Score in Half,Moon Slits Bottom Panel,Yes 75 Envelopes 6.5X6.5
Majestic,Silk,6 x 12,Vertical,Rectangle,16PT C2S,No Coating,Silk,n/a,4/4,25,Score in Half,Moon Slits Bottom Panel,Yes 75 Envelopes 6.5X6.5
Majestic,Silk,6 x 12,Horizontal,Rectangle,16PT C2S,No Coating,Silk,n/a,4/0,50,Score in Half,Moon Slits Bottom Panel,Yes 75 Envelopes 6.5X6.5
Majestic,Silk,6 x 12,Vertical,Rectangle,16PT C2S,No Coating,Silk,n/a,4/0,50,Score in Half,Moon Slits Bottom Panel,Yes 75 Envelopes 6.5X6.5
Majestic,Silk,6 x 12,Vertical,Rectangle,16PT C2S,No Coating,Silk,n/a,4/4,250,Score in Half,Slide Slits Bottom Panel,Yes 50 Envelopes 6.5X6.5
Majestic,Silk,6 x 12,Vertical,Rectangle,16PT C2S,No Coating,Silk,n/a,4/1,50,Score in Half,Moon Slits Bottom Panel,Yes 75 Envelopes 6.5X6.5
Majestic,Silk,6 x 12,Horizontal,Rectangle,16PT C2S,No Coating,Silk,n/a,4/4,50,Score in Half,Moon Slits Bottom Panel,Yes 75 Envelopes 6.5X6.5
Majestic,Silk,6 x 12,Vertical,Rectangle,16PT C2S,No Coating,Silk,n/a,4/4,50,Score in Half,Moon Slits Bottom Panel,Yes 75 Envelopes 6.5X6.5
Majestic,Silk,6 x 12,Horizontal,Rectangle,16PT C2S,No Coating,Silk,n/a,4/0,75,Score in Half,Moon Slits Bottom Panel,Yes 75 Envelopes 6.5X6.5
Majestic,Silk,6 x 12,Vertical,Rectangle,16PT C2S,No Coating,Silk,n/a,4/0,75,Score in Half,Moon Slits Bottom Panel,Yes 75 Envelopes 6.5X6.5
Majestic,Silk,6 x 12,Horizontal,Rectangle,16PT C2S,No Coating,Silk,n/a,4/1,75,Score in Half,Moon Slits Bottom Panel,Yes 75 Envelopes 6.5X6.5
Majestic,Silk,6 x 12,Vertical,Rectangle,16PT C2S,No Coating,Silk,n/a,4/1,75,Score in Half,Moon Slits Bottom Panel,Yes 75 Envelopes 6.5X6.5
Majestic,Silk,6 x 12,Horizontal,Rectangle,16PT C2S,No Coating,Silk,n/a,4/4,75,Score in Half,Moon Slits Bottom Panel,Yes 75 Envelopes 6.5X6.5
Majestic,Silk,6 x 12,Horizontal,Rectangle,16PT C2S,No Coating,Silk,n/a,4/0,100,Score in Half,Moon Slits Bottom Panel,Yes 75 Envelopes 6.5X6.5
Majestic,Silk,6 x 12,Vertical,Rectangle,16PT C2S,No Coating,Silk,n/a,4/4,75,Score in Half,Moon Slits Bottom Panel,Yes 75 Envelopes 6.5X6.5
Majestic,Silk,6 x 12,Vertical,Rectangle,16PT C2S,No Coating,Silk,n/a,4/0,100,Score in Half,Moon Slits Bottom Panel,Yes 75 Envelopes 6.5X6.5
Majestic,Silk,6 x 12,Horizontal,Rectangle,16PT C2S,No Coating,Silk,n/a,4/1,100,Score in Half,Moon Slits Bottom Panel,Yes 75 Envelopes 6.5X6.5
Majestic,Silk,6 x 12,Vertical,Rectangle,16PT C2S,No Coating,Silk,n/a,4/1,100,Score in Half,Moon Slits Bottom Panel,Yes 75 Envelopes 6.5X6.5
Majestic,Silk,6 x 12,Horizontal,Rectangle,16PT C2S,No Coating,Silk,n/a,4/4,100,Score in Half,Moon Slits Bottom Panel,Yes 75 Envelopes 6.5X6.5
Majestic,Silk,6 x 12,Vertical,Rectangle,16PT C2S,No Coating,Silk,n/a,4/4,100,Score in Half,Moon Slits Bottom Panel,Yes 75 Envelopes 6.5X6.5
Majestic,Silk,6 x 12,Horizontal,Rectangle,16PT C2S,No Coating,Silk,n/a,4/0,250,Score in Half,Moon Slits Bottom Panel,Yes 75 Envelopes 6.5X6.5
Majestic,Silk,6 x 12,Vertical,Rectangle,16PT C2S,No Coating,Silk,n/a,4/0,250,Score in Half,Moon Slits Bottom Panel,Yes 75 Envelopes 6.5X6.5
Majestic,Silk,6 x 12,Horizontal,Rectangle,16PT C2S,No Coating,Silk,n/a,4/1,250,Score in Half,Moon Slits Bottom Panel,Yes 75 Envelopes 6.5X6.5
Majestic,Silk,6 x 12,Vertical,Rectangle,16PT C2S,No Coating,Silk,n/a,4/1,250,Score in Half,Moon Slits Bottom Panel,Yes 75 Envelopes 6.5X6.5
Majestic,Silk,6 x 12,Horizontal,Rectangle,16PT C2S,No Coating,Silk,n/a,4/4,250,Score in Half,Moon Slits Bottom Panel,Yes 75 Envelopes 6.5X6.5
Majestic,Silk,6 x 12,Horizontal,Rectangle,16PT C2S,No Coating,Silk,n/a,4/0,500,Score in Half,Moon Slits Bottom Panel,Yes 75 Envelopes 6.5X6.5
Majestic,Silk,6 x 12,Vertical,Rectangle,16PT C2S,No Coating,Silk,n/a,4/4,250,Score in Half,Moon Slits Bottom Panel,Yes 75 Envelopes 6.5X6.5
Majestic,Silk,6 x 12,Horizontal,Rectangle,16PT C2S,No Coating,Silk,n/a,4/1,500,Score in Half,Moon Slits Bottom Panel,Yes 75 Envelopes 6.5X6.5
Majestic,Silk,6 x 12,Vertical,Rectangle,16PT C2S,No Coating,Silk,n/a,4/0,500,Score in Half,Moon Slits Bottom Panel,Yes 75 Envelopes 6.5X6.5
Majestic,Silk,6 x 12,Vertical,Rectangle,16PT C2S,No Coating,Silk,n/a,4/1,500,Score in Half,Moon Slits Bottom Panel,Yes 75 Envelopes 6.5X6.5
Majestic,Silk,6 x 12,Horizontal,Rectangle,16PT C2S,No Coating,Silk,n/a,4/4,500,Score in Half,Moon Slits Bottom Panel,Yes 75 Envelopes 6.5X6.5
Majestic,Silk,6 x 12,Vertical,Rectangle,16PT C2S,No Coating,Silk,n/a,4/4,500,Score in Half,Moon Slits Bottom Panel,Yes 75 Envelopes 6.5X6.5
Majestic,Silk,6 x 12,Horizontal,Rectangle,16PT C2S,No Coating,Silk,n/a,4/0,1000,Score in Half,Moon Slits Bottom Panel,Yes 75 Envelopes 6.5X6.5
Majestic,Silk,6 x 12,Vertical,Rectangle,16PT C2S,No Coating,Silk,n/a,4/0,1000,Score in Half,Moon Slits Bottom Panel,Yes 75 Envelopes 6.5X6.5
Majestic,Silk,6 x 12,Vertical,Rectangle,16PT C2S,No Coating,Silk,n/a,4/1,1000,Score in Half,Moon Slits Bottom Panel,Yes 75 Envelopes 6.5X6.5
Majestic,Silk,6 x 12,Horizontal,Rectangle,16PT C2S,No Coating,Silk,n/a,4/1,1000,Score in Half,Moon Slits Bottom Panel,Yes 75 Envelopes 6.5X6.5
Majestic,Silk,6 x 12,Horizontal,Rectangle,16PT C2S,No Coating,Silk,n/a,4/4,1000,Score in Half,Moon Slits Bottom Panel,Yes 75 Envelopes 6.5X6.5
Majestic,Silk,6 x 12,Vertical,Rectangle,16PT C2S,No Coating,Silk,n/a,4/4,1000,Score in Half,Moon Slits Bottom Panel,Yes 75 Envelopes 6.5X6.5
Majestic,Silk,6 x 12,Horizontal,Rectangle,16PT C2S,No Coating,Silk,n/a,4/0,2500,Score in Half,Moon Slits Bottom Panel,Yes 75 Envelopes 6.5X6.5
Majestic,Silk,6 x 12,Vertical,Rectangle,16PT C2S,No Coating,Silk,n/a,4/0,2500,Score in Half,Moon Slits Bottom Panel,Yes 75 Envelopes 6.5X6.5
Majestic,Silk,6 x 12,Horizontal,Rectangle,16PT C2S,No Coating,Silk,n/a,4/1,2500,Score in Half,Moon Slits Bottom Panel,Yes 75 Envelopes 6.5X6.5
Majestic,Silk,6 x 12,Vertical,Rectangle,16PT C2S,No Coating,Silk,n/a,4/1,2500,Score in Half,Moon Slits Bottom Panel,Yes 75 Envelopes 6.5X6.5
Majestic,Silk,6 x 12,Horizontal,Rectangle,16PT C2S,No Coating,Silk,n/a,4/4,2500,Score in Half,Moon Slits Bottom Panel,Yes 75 Envelopes 6.5X6.5
Majestic,Silk,6 x 12,Horizontal,Rectangle,16PT C2S,No Coating,Silk,n/a,4/0,5000,Score in Half,Moon Slits Bottom Panel,Yes 75 Envelopes 6.5X6.5
Majestic,Silk,6 x 12,Vertical,Rectangle,16PT C2S,No Coating,Silk,n/a,4/0,5000,Score in Half,Moon Slits Bottom Panel,Yes 75 Envelopes 6.5X6.5
Majestic,Silk,6 x 12,Vertical,Rectangle,16PT C2S,No Coating,Silk,n/a,4/4,2500,Score in Half,Moon Slits Bottom Panel,Yes 75 Envelopes 6.5X6.5
Majestic,Silk,6 x 12,Horizontal,Rectangle,16PT C2S,No Coating,Silk,n/a,4/1,5000,Score in Half,Moon Slits Bottom Panel,Yes 75 Envelopes 6.5X6.5
Majestic,Silk,6 x 12,Vertical,Rectangle,16PT C2S,No Coating,Silk,n/a,4/1,5000,Score in Half,Moon Slits Bottom Panel,Yes 75 Envelopes 6.5X6.5
Majestic,Silk,6 x 12,Vertical,Rectangle,16PT C2S,No Coating,Silk,n/a,4/4,5000,Score in Half,Moon Slits Bottom Panel,Yes 75 Envelopes 6.5X6.5
Majestic,Silk,6 x 12,Horizontal,Rectangle,16PT C2S,No Coating,Silk,n/a,4/0,10000,Score in Half,Moon Slits Bottom Panel,Yes 75 Envelopes 6.5X6.5
Majestic,Silk,6 x 12,Horizontal,Rectangle,16PT C2S,No Coating,Silk,n/a,4/4,5000,Score in Half,Moon Slits Bottom Panel,Yes 75 Envelopes 6.5X6.5
Majestic,Silk,6 x 12,Vertical,Rectangle,16PT C2S,No Coating,Silk,n/a,4/0,10000,Score in Half,Moon Slits Bottom Panel,Yes 75 Envelopes 6.5X6.5
Majestic,Silk,6 x 12,Horizontal,Rectangle,16PT C2S,No Coating,Silk,n/a,4/1,10000,Score in Half,Moon Slits Bottom Panel,Yes 75 Envelopes 6.5X6.5
Majestic,Silk,6 x 12,Vertical,Rectangle,16PT C2S,No Coating,Silk,n/a,4/1,10000,Score in Half,Moon Slits Bottom Panel,Yes 75 Envelopes 6.5X6.5
Majestic,Silk,6 x 12,Vertical,Rectangle,16PT C2S,No Coating,Silk,n/a,4/4,10000,Score in Half,Moon Slits Bottom Panel,Yes 75 Envelopes 6.5X6.5
Majestic,Silk,6 x 12,Horizontal,Rectangle,16PT C2S,No Coating,Silk,n/a,4/0,25,Score in Half,Moon Slits Right Panel,Yes 75 Envelopes 6.5X6.5
Majestic,Silk,6 x 12,Vertical,Rectangle,16PT C2S,No Coating,Silk,n/a,4/0,25,Score in Half,Moon Slits Right Panel,Yes 75 Envelopes 6.5X6.5
Majestic,Silk,6 x 12,Horizontal,Rectangle,16PT C2S,No Coating,Silk,n/a,4/4,10000,Score in Half,Moon Slits Bottom Panel,Yes 75 Envelopes 6.5X6.5
Majestic,Silk,6 x 12,Horizontal,Rectangle,16PT C2S,No Coating,Silk,n/a,4/1,25,Score in Half,Moon Slits Right Panel,Yes 75 Envelopes 6.5X6.5
Majestic,Silk,6 x 12,Vertical,Rectangle,16PT C2S,No Coating,Silk,n/a,4/1,25,Score in Half,Moon Slits Right Panel,Yes 75 Envelopes 6.5X6.5
Majestic,Silk,6 x 12,Horizontal,Rectangle,16PT C2S,No Coating,Silk,n/a,4/4,25,Score in Half,Moon Slits Right Panel,Yes 75 Envelopes 6.5X6.5
Majestic,Silk,6 x 12,Horizontal,Rectangle,16PT C2S,No Coating,Silk,n/a,4/0,50,Score in Half,Moon Slits Right Panel,Yes 75 Envelopes 6.5X6.5
Majestic,Silk,6 x 12,Vertical,Rectangle,16PT C2S,No Coating,Silk,n/a,4/0,50,Score in Half,Moon Slits Right Panel,Yes 75 Envelopes 6.5X6.5
Majestic,Silk,6 x 12,Horizontal,Rectangle,16PT C2S,No Coating,Silk,n/a,4/1,50,Score in Half,Moon Slits Right Panel,Yes 75 Envelopes 6.5X6.5
Majestic,Silk,6 x 12,Vertical,Rectangle,16PT C2S,No Coating,Silk,n/a,4/4,25,Score in Half,Moon Slits Right Panel,Yes 75 Envelopes 6.5X6.5
Majestic,Silk,6 x 12,Vertical,Rectangle,16PT C2S,No Coating,Silk,n/a,4/1,50,Score in Half,Moon Slits Right Panel,Yes 75 Envelopes 6.5X6.5
Majestic,Silk,6 x 12,Horizontal,Rectangle,16PT C2S,No Coating,Silk,n/a,4/4,50,Score in Half,Moon Slits Right Panel,Yes 75 Envelopes 6.5X6.5
Majestic,Silk,6 x 12,Vertical,Rectangle,16PT C2S,No Coating,Silk,n/a,4/4,50,Score in Half,Moon Slits Right Panel,Yes 75 Envelopes 6.5X6.5
Majestic,Silk,6 x 12,Horizontal,Rectangle,16PT C2S,No Coating,Silk,n/a,4/0,75,Score in Half,Moon Slits Right Panel,Yes 75 Envelopes 6.5X6.5
Majestic,Silk,6 x 12,Vertical,Rectangle,16PT C2S,No Coating,Silk,n/a,4/0,75,Score in Half,Moon Slits Right Panel,Yes 75 Envelopes 6.5X6.5
Majestic,Silk,6 x 12,Horizontal,Rectangle,16PT C2S,No Coating,Silk,n/a,4/1,75,Score in Half,Moon Slits Right Panel,Yes 75 Envelopes 6.5X6.5
Majestic,Silk,6 x 12,Vertical,Rectangle,16PT C2S,No Coating,Silk,n/a,4/1,75,Score in Half,Moon Slits Right Panel,Yes 75 Envelopes 6.5X6.5
Majestic,Silk,6 x 12,Horizontal,Rectangle,16PT C2S,No Coating,Silk,n/a,4/4,75,Score in Half,Moon Slits Right Panel,Yes 75 Envelopes 6.5X6.5
Majestic,Silk,6 x 12,Vertical,Rectangle,16PT C2S,No Coating,Silk,n/a,4/4,75,Score in Half,Moon Slits Right Panel,Yes 75 Envelopes 6.5X6.5
Majestic,Silk,6 x 12,Horizontal,Rectangle,16PT C2S,No Coating,Silk,n/a,4/0,100,Score in Half,Moon Slits Right Panel,Yes 75 Envelopes 6.5X6.5
Majestic,Silk,6 x 12,Vertical,Rectangle,16PT C2S,No Coating,Silk,n/a,4/0,100,Score in Half,Moon Slits Right Panel,Yes 75 Envelopes 6.5X6.5
Majestic,Silk,6 x 12,Horizontal,Rectangle,16PT C2S,No Coating,Silk,n/a,4/1,100,Score in Half,Moon Slits Right Panel,Yes 75 Envelopes 6.5X6.5
Majestic,Silk,6 x 12,Vertical,Rectangle,16PT C2S,No Coating,Silk,n/a,4/1,100,Score in Half,Moon Slits Right Panel,Yes 75 Envelopes 6.5X6.5
Majestic,Silk,6 x 12,Horizontal,Rectangle,16PT C2S,No Coating,Silk,n/a,4/4,100,Score in Half,Moon Slits Right Panel,Yes 75 Envelopes 6.5X6.5
Majestic,Silk,6 x 12,Vertical,Rectangle,16PT C2S,No Coating,Silk,n/a,4/4,100,Score in Half,Moon Slits Right Panel,Yes 75 Envelopes 6.5X6.5
Majestic,Silk,6 x 12,Horizontal,Rectangle,16PT C2S,No Coating,Silk,n/a,4/0,250,Score in Half,Moon Slits Right Panel,Yes 75 Envelopes 6.5X6.5
Majestic,Silk,6 x 12,Vertical,Rectangle,16PT C2S,No Coating,Silk,n/a,4/0,250,Score in Half,Moon Slits Right Panel,Yes 75 Envelopes 6.5X6.5
Majestic,Silk,6 x 12,Horizontal,Rectangle,16PT C2S,No Coating,Silk,n/a,4/1,250,Score in Half,Moon Slits Right Panel,Yes 75 Envelopes 6.5X6.5
Majestic,Silk,6 x 12,Vertical,Rectangle,16PT C2S,No Coating,Silk,n/a,4/1,250,Score in Half,Moon Slits Right Panel,Yes 75 Envelopes 6.5X6.5
Majestic,Silk,6 x 12,Vertical,Rectangle,16PT C2S,No Coating,Silk,n/a,4/1,1000,Score in Half,Slide Slits Right Panel,Yes 50 Envelopes 6.5X6.5
Majestic,Silk,6 x 12,Vertical,Rectangle,16PT C2S,No Coating,Silk,n/a,4/4,250,Score in Half,Moon Slits Right Panel,Yes 75 Envelopes 6.5X6.5
Majestic,Silk,6 x 12,Horizontal,Rectangle,16PT C2S,No Coating,Silk,n/a,4/0,500,Score in Half,Moon Slits Right Panel,Yes 75 Envelopes 6.5X6.5
Majestic,Silk,6 x 12,Horizontal,Rectangle,16PT C2S,No Coating,Silk,n/a,4/1,500,Score in Half,Moon Slits Right Panel,Yes 75 Envelopes 6.5X6.5
Majestic,Silk,6 x 12,Vertical,Rectangle,16PT C2S,No Coating,Silk,n/a,4/0,500,Score in Half,Moon Slits Right Panel,Yes 75 Envelopes 6.5X6.5
Majestic,Silk,6 x 12,Vertical,Rectangle,16PT C2S,No Coating,Silk,n/a,4/1,500,Score in Half,Moon Slits Right Panel,Yes 75 Envelopes 6.5X6.5
Majestic,Silk,6 x 12,Horizontal,Rectangle,16PT C2S,No Coating,Silk,n/a,4/4,500,Score in Half,Moon Slits Right Panel,Yes 75 Envelopes 6.5X6.5
Majestic,Silk,6 x 12,Vertical,Rectangle,16PT C2S,No Coating,Silk,n/a,4/4,500,Score in Half,Moon Slits Right Panel,Yes 75 Envelopes 6.5X6.5
Majestic,Silk,6 x 12,Horizontal,Rectangle,16PT C2S,No Coating,Silk,n/a,4/0,1000,Score in Half,Moon Slits Right Panel,Yes 75 Envelopes 6.5X6.5
Majestic,Silk,6 x 12,Vertical,Rectangle,16PT C2S,No Coating,Silk,n/a,4/0,1000,Score in Half,Moon Slits Right Panel,Yes 75 Envelopes 6.5X6.5
Majestic,Silk,6 x 12,Horizontal,Rectangle,16PT C2S,No Coating,Silk,n/a,4/1,1000,Score in Half,Moon Slits Right Panel,Yes 75 Envelopes 6.5X6.5
Majestic,Silk,6 x 12,Vertical,Rectangle,16PT C2S,No Coating,Silk,n/a,4/1,1000,Score in Half,Moon Slits Right Panel,Yes 75 Envelopes 6.5X6.5
Majestic,Silk,6 x 12,Horizontal,Rectangle,16PT C2S,No Coating,Silk,n/a,4/4,1000,Score in Half,Moon Slits Right Panel,Yes 75 Envelopes 6.5X6.5
Majestic,Silk,6 x 12,Vertical,Rectangle,16PT C2S,No Coating,Silk,n/a,4/4,1000,Score in Half,Moon Slits Right Panel,Yes 75 Envelopes 6.5X6.5
Majestic,Silk,6 x 12,Horizontal,Rectangle,16PT C2S,No Coating,Silk,n/a,4/0,2500,Score in Half,Moon Slits Right Panel,Yes 75 Envelopes 6.5X6.5
Majestic,Silk,6 x 12,Horizontal,Rectangle,16PT C2S,No Coating,Silk,n/a,4/1,2500,Score in Half,Moon Slits Right Panel,Yes 75 Envelopes 6.5X6.5
Majestic,Silk,6 x 12,Vertical,Rectangle,16PT C2S,No Coating,Silk,n/a,4/0,2500,Score in Half,Moon Slits Right Panel,Yes 75 Envelopes 6.5X6.5
Majestic,Silk,6 x 12,Vertical,Rectangle,16PT C2S,No Coating,Silk,n/a,4/1,2500,Score in Half,Moon Slits Right Panel,Yes 75 Envelopes 6.5X6.5
Majestic,Silk,6 x 12,Horizontal,Rectangle,16PT C2S,No Coating,Silk,n/a,4/4,2500,Score in Half,Moon Slits Right Panel,Yes 75 Envelopes 6.5X6.5
Majestic,Silk,6 x 12,Vertical,Rectangle,16PT C2S,No Coating,Silk,n/a,4/4,2500,Score in Half,Moon Slits Right Panel,Yes 75 Envelopes 6.5X6.5
Majestic,Silk,6 x 12,Horizontal,Rectangle,16PT C2S,No Coating,Silk,n/a,4/0,5000,Score in Half,Moon Slits Right Panel,Yes 75 Envelopes 6.5X6.5
Majestic,Silk,6 x 12,Vertical,Rectangle,16PT C2S,No Coating,Silk,n/a,4/0,5000,Score in Half,Moon Slits Right Panel,Yes 75 Envelopes 6.5X6.5
Majestic,Silk,6 x 12,Horizontal,Rectangle,16PT C2S,No Coating,Silk,n/a,4/1,5000,Score in Half,Moon Slits Right Panel,Yes 75 Envelopes 6.5X6.5
Majestic,Silk,6 x 12,Vertical,Rectangle,16PT C2S,No Coating,Silk,n/a,4/1,5000,Score in Half,Moon Slits Right Panel,Yes 75 Envelopes 6.5X6.5
Majestic,Silk,6 x 12,Horizontal,Rectangle,16PT C2S,No Coating,Silk,n/a,4/4,5000,Score in Half,Moon Slits Right Panel,Yes 75 Envelopes 6.5X6.5
Majestic,Silk,6 x 12,Vertical,Rectangle,16PT C2S,No Coating,Silk,n/a,4/4,5000,Score in Half,Moon Slits Right Panel,Yes 75 Envelopes 6.5X6.5
Majestic,Silk,6 x 12,Horizontal,Rectangle,16PT C2S,No Coating,Silk,n/a,4/0,10000,Score in Half,Moon Slits Right Panel,Yes 75 Envelopes 6.5X6.5
Majestic,Silk,6 x 12,Vertical,Rectangle,16PT C2S,No Coating,Silk,n/a,4/0,10000,Score in Half,Moon Slits Right Panel,Yes 75 Envelopes 6.5X6.5
Majestic,Silk,6 x 12,Horizontal,Rectangle,16PT C2S,No Coating,Silk,n/a,4/1,10000,Score in Half,Moon Slits Right Panel,Yes 75 Envelopes 6.5X6.5
Majestic,Silk,6 x 12,Vertical,Rectangle,16PT C2S,No Coating,Silk,n/a,4/1,10000,Score in Half,Moon Slits Right Panel,Yes 75 Envelopes 6.5X6.5
Majestic,Silk,6 x 12,Horizontal,Rectangle,16PT C2S,No Coating,Silk,n/a,4/4,75,Score in Half,Slide Slits Bottom Panel,Yes 50 Envelopes 6.5X6.5
Majestic,Silk,6 x 12,Vertical,Rectangle,16PT C2S,No Coating,Silk,n/a,4/4,10000,Score in Half,Moon Slits Right Panel,Yes 75 Envelopes 6.5X6.5
Majestic,Silk,6 x 12,Horizontal,Rectangle,16PT C2S,No Coating,Silk,n/a,4/0,25,Score in Half,No Gift Cards Slits,Yes 75 Envelopes 6.5X6.5
Majestic,Silk,6 x 12,Vertical,Rectangle,16PT C2S,No Coating,Silk,n/a,4/0,25,Score in Half,No Gift Cards Slits,Yes 75 Envelopes 6.5X6.5
Majestic,Silk,6 x 12,Horizontal,Rectangle,16PT C2S,No Coating,Silk,n/a,4/1,25,Score in Half,No Gift Cards Slits,Yes 75 Envelopes 6.5X6.5
Majestic,Silk,6 x 12,Vertical,Rectangle,16PT C2S,No Coating,Silk,n/a,4/1,25,Score in Half,No Gift Cards Slits,Yes 75 Envelopes 6.5X6.5
Majestic,Silk,6 x 12,Horizontal,Rectangle,16PT C2S,No Coating,Silk,n/a,4/4,25,Score in Half,No Gift Cards Slits,Yes 75 Envelopes 6.5X6.5
Majestic,Silk,6 x 12,Vertical,Rectangle,16PT C2S,No Coating,Silk,n/a,4/4,25,Score in Half,No Gift Cards Slits,Yes 75 Envelopes 6.5X6.5
Majestic,Silk,6 x 12,Horizontal,Rectangle,16PT C2S,No Coating,Silk,n/a,4/0,50,Score in Half,No Gift Cards Slits,Yes 75 Envelopes 6.5X6.5
Majestic,Silk,6 x 12,Vertical,Rectangle,16PT C2S,No Coating,Silk,n/a,4/0,50,Score in Half,No Gift Cards Slits,Yes 75 Envelopes 6.5X6.5
Majestic,Silk,6 x 12,Horizontal,Rectangle,16PT C2S,No Coating,Silk,n/a,4/1,50,Score in Half,No Gift Cards Slits,Yes 75 Envelopes 6.5X6.5
Majestic,Silk,6 x 12,Vertical,Rectangle,16PT C2S,No Coating,Silk,n/a,4/1,50,Score in Half,No Gift Cards Slits,Yes 75 Envelopes 6.5X6.5
Majestic,Silk,6 x 12,Vertical,Rectangle,16PT C2S,No Coating,Silk,n/a,4/4,50,Score in Half,No Gift Cards Slits,Yes 75 Envelopes 6.5X6.5
Majestic,Silk,6 x 12,Horizontal,Rectangle,16PT C2S,No Coating,Silk,n/a,4/4,50,Score in Half,No Gift Cards Slits,Yes 75 Envelopes 6.5X6.5
Majestic,Silk,6 x 12,Horizontal,Rectangle,16PT C2S,No Coating,Silk,n/a,4/0,75,Score in Half,No Gift Cards Slits,Yes 75 Envelopes 6.5X6.5
Majestic,Silk,6 x 12,Vertical,Rectangle,16PT C2S,No Coating,Silk,n/a,4/0,75,Score in Half,No Gift Cards Slits,Yes 75 Envelopes 6.5X6.5
Majestic,Silk,6 x 12,Horizontal,Rectangle,16PT C2S,No Coating,Silk,n/a,4/1,75,Score in Half,No Gift Cards Slits,Yes 75 Envelopes 6.5X6.5
Majestic,Silk,6 x 12,Horizontal,Rectangle,16PT C2S,No Coating,Silk,n/a,4/4,75,Score in Half,No Gift Cards Slits,Yes 75 Envelopes 6.5X6.5
Majestic,Silk,6 x 12,Vertical,Rectangle,16PT C2S,No Coating,Silk,n/a,4/1,75,Score in Half,No Gift Cards Slits,Yes 75 Envelopes 6.5X6.5
Majestic,Silk,6 x 12,Vertical,Rectangle,16PT C2S,No Coating,Silk,n/a,4/4,75,Score in Half,No Gift Cards Slits,Yes 75 Envelopes 6.5X6.5
Majestic,Silk,6 x 12,Horizontal,Rectangle,16PT C2S,No Coating,Silk,n/a,4/0,100,Score in Half,No Gift Cards Slits,Yes 75 Envelopes 6.5X6.5
Majestic,Silk,6 x 12,Horizontal,Rectangle,16PT C2S,No Coating,Silk,n/a,4/1,100,Score in Half,No Gift Cards Slits,Yes 75 Envelopes 6.5X6.5
Majestic,Silk,6 x 12,Vertical,Rectangle,16PT C2S,No Coating,Silk,n/a,4/0,100,Score in Half,No Gift Cards Slits,Yes 75 Envelopes 6.5X6.5
Majestic,Silk,6 x 12,Vertical,Rectangle,16PT C2S,No Coating,Silk,n/a,4/1,100,Score in Half,No Gift Cards Slits,Yes 75 Envelopes 6.5X6.5
Majestic,Silk,6 x 12,Horizontal,Rectangle,16PT C2S,No Coating,Silk,n/a,4/4,100,Score in Half,No Gift Cards Slits,Yes 75 Envelopes 6.5X6.5
Majestic,Silk,6 x 12,Vertical,Rectangle,16PT C2S,No Coating,Silk,n/a,4/4,100,Score in Half,No Gift Cards Slits,Yes 75 Envelopes 6.5X6.5
Majestic,Silk,6 x 12,Horizontal,Rectangle,16PT C2S,No Coating,Silk,n/a,4/0,250,Score in Half,No Gift Cards Slits,Yes 75 Envelopes 6.5X6.5
Majestic,Silk,6 x 12,Vertical,Rectangle,16PT C2S,No Coating,Silk,n/a,4/0,250,Score in Half,No Gift Cards Slits,Yes 75 Envelopes 6.5X6.5
Majestic,Silk,6 x 12,Horizontal,Rectangle,16PT C2S,No Coating,Silk,n/a,4/1,250,Score in Half,No Gift Cards Slits,Yes 75 Envelopes 6.5X6.5
Majestic,Silk,6 x 12,Vertical,Rectangle,16PT C2S,No Coating,Silk,n/a,4/1,250,Score in Half,No Gift Cards Slits,Yes 75 Envelopes 6.5X6.5
Majestic,Silk,6 x 12,Horizontal,Rectangle,16PT C2S,No Coating,Silk,n/a,4/4,250,Score in Half,No Gift Cards Slits,Yes 75 Envelopes 6.5X6.5
Majestic,Silk,6 x 12,Vertical,Rectangle,16PT C2S,No Coating,Silk,n/a,4/4,250,Score in Half,No Gift Cards Slits,Yes 75 Envelopes 6.5X6.5
Majestic,Silk,6 x 12,Horizontal,Rectangle,16PT C2S,No Coating,Silk,n/a,4/0,500,Score in Half,No Gift Cards Slits,Yes 75 Envelopes 6.5X6.5
Majestic,Silk,6 x 12,Vertical,Rectangle,16PT C2S,No Coating,Silk,n/a,4/0,500,Score in Half,No Gift Cards Slits,Yes 75 Envelopes 6.5X6.5
Majestic,Silk,6 x 12,Horizontal,Rectangle,16PT C2S,No Coating,Silk,n/a,4/1,500,Score in Half,No Gift Cards Slits,Yes 75 Envelopes 6.5X6.5
Majestic,Silk,6 x 12,Vertical,Rectangle,16PT C2S,No Coating,Silk,n/a,4/1,500,Score in Half,No Gift Cards Slits,Yes 75 Envelopes 6.5X6.5
Majestic,Silk,6 x 12,Horizontal,Rectangle,16PT C2S,No Coating,Silk,n/a,4/4,500,Score in Half,No Gift Cards Slits,Yes 75 Envelopes 6.5X6.5
Majestic,Silk,6 x 12,Vertical,Rectangle,16PT C2S,No Coating,Silk,n/a,4/4,500,Score in Half,No Gift Cards Slits,Yes 75 Envelopes 6.5X6.5
Majestic,Silk,6 x 12,Horizontal,Rectangle,16PT C2S,No Coating,Silk,n/a,4/0,1000,Score in Half,No Gift Cards Slits,Yes 75 Envelopes 6.5X6.5
Majestic,Silk,6 x 12,Vertical,Rectangle,16PT C2S,No Coating,Silk,n/a,4/0,1000,Score in Half,No Gift Cards Slits,Yes 75 Envelopes 6.5X6.5
Majestic,Silk,6 x 12,Horizontal,Rectangle,16PT C2S,No Coating,Silk,n/a,4/1,1000,Score in Half,No Gift Cards Slits,Yes 75 Envelopes 6.5X6.5
Majestic,Silk,6 x 12,Vertical,Rectangle,16PT C2S,No Coating,Silk,n/a,4/1,1000,Score in Half,No Gift Cards Slits,Yes 75 Envelopes 6.5X6.5
Majestic,Silk,6 x 12,Horizontal,Rectangle,16PT C2S,No Coating,Silk,n/a,4/4,1000,Score in Half,No Gift Cards Slits,Yes 75 Envelopes 6.5X6.5
Majestic,Silk,6 x 12,Vertical,Rectangle,16PT C2S,No Coating,Silk,n/a,4/4,1000,Score in Half,No Gift Cards Slits,Yes 75 Envelopes 6.5X6.5
Majestic,Silk,6 x 12,Horizontal,Rectangle,16PT C2S,No Coating,Silk,n/a,4/0,2500,Score in Half,No Gift Cards Slits,Yes 75 Envelopes 6.5X6.5
Majestic,Silk,6 x 12,Vertical,Rectangle,16PT C2S,No Coating,Silk,n/a,4/0,2500,Score in Half,No Gift Cards Slits,Yes 75 Envelopes 6.5X6.5
Majestic,Silk,6 x 12,Horizontal,Rectangle,16PT C2S,No Coating,Silk,n/a,4/1,2500,Score in Half,No Gift Cards Slits,Yes 75 Envelopes 6.5X6.5
Majestic,Silk,6 x 12,Vertical,Rectangle,16PT C2S,No Coating,Silk,n/a,4/1,2500,Score in Half,No Gift Cards Slits,Yes 75 Envelopes 6.5X6.5
Majestic,Silk,6 x 12,Horizontal,Rectangle,16PT C2S,No Coating,Silk,n/a,4/4,2500,Score in Half,No Gift Cards Slits,Yes 75 Envelopes 6.5X6.5
Majestic,Silk,6 x 12,Vertical,Rectangle,16PT C2S,No Coating,Silk,n/a,4/4,2500,Score in Half,No Gift Cards Slits,Yes 75 Envelopes 6.5X6.5
Majestic,Silk,6 x 12,Horizontal,Rectangle,16PT C2S,No Coating,Silk,n/a,4/0,5000,Score in Half,No Gift Cards Slits,Yes 75 Envelopes 6.5X6.5
Majestic,Silk,6 x 12,Vertical,Rectangle,16PT C2S,No Coating,Silk,n/a,4/0,5000,Score in Half,No Gift Cards Slits,Yes 75 Envelopes 6.5X6.5
Majestic,Silk,6 x 12,Horizontal,Rectangle,16PT C2S,No Coating,Silk,n/a,4/1,5000,Score in Half,No Gift Cards Slits,Yes 75 Envelopes 6.5X6.5
Majestic,Silk,6 x 12,Vertical,Rectangle,16PT C2S,No Coating,Silk,n/a,4/1,5000,Score in Half,No Gift Cards Slits,Yes 75 Envelopes 6.5X6.5
Majestic,Silk,6 x 12,Horizontal,Rectangle,16PT C2S,No Coating,Silk,n/a,4/4,5000,Score in Half,No Gift Cards Slits,Yes 75 Envelopes 6.5X6.5
Majestic,Silk,6 x 12,Vertical,Rectangle,16PT C2S,No Coating,Silk,n/a,4/4,5000,Score in Half,No Gift Cards Slits,Yes 75 Envelopes 6.5X6.5
Majestic,Silk,6 x 12,Horizontal,Rectangle,16PT C2S,No Coating,Silk,n/a,4/0,10000,Score in Half,No Gift Cards Slits,Yes 75 Envelopes 6.5X6.5
Majestic,Silk,6 x 12,Vertical,Rectangle,16PT C2S,No Coating,Silk,n/a,4/0,10000,Score in Half,No Gift Cards Slits,Yes 75 Envelopes 6.5X6.5
Majestic,Silk,6 x 12,Horizontal,Rectangle,16PT C2S,No Coating,Silk,n/a,4/1,10000,Score in Half,No Gift Cards Slits,Yes 75 Envelopes 6.5X6.5
Majestic,Silk,6 x 12,Vertical,Rectangle,16PT C2S,No Coating,Silk,n/a,4/1,10000,Score in Half,No Gift Cards Slits,Yes 75 Envelopes 6.5X6.5
Majestic,Silk,6 x 12,Horizontal,Rectangle,16PT C2S,No Coating,Silk,n/a,4/4,10000,Score in Half,No Gift Cards Slits,Yes 75 Envelopes 6.5X6.5
Majestic,Silk,6 x 12,Vertical,Rectangle,16PT C2S,No Coating,Silk,n/a,4/4,10000,Score in Half,No Gift Cards Slits,Yes 75 Envelopes 6.5X6.5
Majestic,Silk,6 x 12,Horizontal,Rectangle,16PT C2S,No Coating,Silk,n/a,4/0,25,Score in Half,Slide Slits Bottom Panel,Yes 75 Envelopes 6.5X6.5
Majestic,Silk,6 x 12,Vertical,Rectangle,16PT C2S,No Coating,Silk,n/a,4/0,25,Score in Half,Slide Slits Bottom Panel,Yes 75 Envelopes 6.5X6.5
Majestic,Silk,6 x 12,Horizontal,Rectangle,16PT C2S,No Coating,Silk,n/a,4/1,25,Score in Half,Slide Slits Bottom Panel,Yes 75 Envelopes 6.5X6.5
Majestic,Silk,6 x 12,Horizontal,Rectangle,16PT C2S,No Coating,Silk,n/a,4/4,25,Score in Half,Slide Slits Bottom Panel,Yes 75 Envelopes 6.5X6.5
Majestic,Silk,6 x 12,Vertical,Rectangle,16PT C2S,No Coating,Silk,n/a,4/1,25,Score in Half,Slide Slits Bottom Panel,Yes 75 Envelopes 6.5X6.5
Majestic,Silk,6 x 12,Vertical,Rectangle,16PT C2S,No Coating,Silk,n/a,4/4,25,Score in Half,Slide Slits Bottom Panel,Yes 75 Envelopes 6.5X6.5
Majestic,Silk,6 x 12,Horizontal,Rectangle,16PT C2S,No Coating,Silk,n/a,4/0,50,Score in Half,Slide Slits Bottom Panel,Yes 75 Envelopes 6.5X6.5
Majestic,Silk,6 x 12,Vertical,Rectangle,16PT C2S,No Coating,Silk,n/a,4/0,50,Score in Half,Slide Slits Bottom Panel,Yes 75 Envelopes 6.5X6.5
Majestic,Silk,6 x 12,Horizontal,Rectangle,16PT C2S,No Coating,Silk,n/a,4/1,50,Score in Half,Slide Slits Bottom Panel,Yes 75 Envelopes 6.5X6.5
Majestic,Silk,6 x 12,Vertical,Rectangle,16PT C2S,No Coating,Silk,n/a,4/1,50,Score in Half,Slide Slits Bottom Panel,Yes 75 Envelopes 6.5X6.5
Majestic,Silk,6 x 12,Horizontal,Rectangle,16PT C2S,No Coating,Silk,n/a,4/4,50,Score in Half,Slide Slits Bottom Panel,Yes 75 Envelopes 6.5X6.5
Majestic,Silk,6 x 12,Vertical,Rectangle,16PT C2S,No Coating,Silk,n/a,4/4,50,Score in Half,Slide Slits Bottom Panel,Yes 75 Envelopes 6.5X6.5
Majestic,Silk,6 x 12,Horizontal,Rectangle,16PT C2S,No Coating,Silk,n/a,4/0,75,Score in Half,Slide Slits Bottom Panel,Yes 75 Envelopes 6.5X6.5
Majestic,Silk,6 x 12,Vertical,Rectangle,16PT C2S,No Coating,Silk,n/a,4/0,75,Score in Half,Slide Slits Bottom Panel,Yes 75 Envelopes 6.5X6.5
Majestic,Silk,6 x 12,Horizontal,Rectangle,16PT C2S,No Coating,Silk,n/a,4/1,75,Score in Half,Slide Slits Bottom Panel,Yes 75 Envelopes 6.5X6.5
Majestic,Silk,6 x 12,Vertical,Rectangle,16PT C2S,No Coating,Silk,n/a,4/1,75,Score in Half,Slide Slits Bottom Panel,Yes 75 Envelopes 6.5X6.5
Majestic,Silk,6 x 12,Horizontal,Rectangle,16PT C2S,No Coating,Silk,n/a,4/4,75,Score in Half,Slide Slits Bottom Panel,Yes 75 Envelopes 6.5X6.5
Majestic,Silk,6 x 12,Vertical,Rectangle,16PT C2S,No Coating,Silk,n/a,4/4,75,Score in Half,Slide Slits Bottom Panel,Yes 75 Envelopes 6.5X6.5
Majestic,Silk,6 x 12,Horizontal,Rectangle,16PT C2S,No Coating,Silk,n/a,4/0,100,Score in Half,Slide Slits Bottom Panel,Yes 75 Envelopes 6.5X6.5
Majestic,Silk,6 x 12,Horizontal,Rectangle,16PT C2S,No Coating,Silk,n/a,4/1,100,Score in Half,Slide Slits Bottom Panel,Yes 75 Envelopes 6.5X6.5
Majestic,Silk,6 x 12,Vertical,Rectangle,16PT C2S,No Coating,Silk,n/a,4/0,100,Score in Half,Slide Slits Bottom Panel,Yes 75 Envelopes 6.5X6.5
Majestic,Silk,6 x 12,Vertical,Rectangle,16PT C2S,No Coating,Silk,n/a,4/1,100,Score in Half,Slide Slits Bottom Panel,Yes 75 Envelopes 6.5X6.5
Majestic,Silk,6 x 12,Horizontal,Rectangle,16PT C2S,No Coating,Silk,n/a,4/4,100,Score in Half,Slide Slits Bottom Panel,Yes 75 Envelopes 6.5X6.5
Majestic,Silk,6 x 12,Vertical,Rectangle,16PT C2S,No Coating,Silk,n/a,4/4,100,Score in Half,Slide Slits Bottom Panel,Yes 75 Envelopes 6.5X6.5
Majestic,Silk,6 x 12,Horizontal,Rectangle,16PT C2S,No Coating,Silk,n/a,4/0,250,Score in Half,Slide Slits Bottom Panel,Yes 75 Envelopes 6.5X6.5
Majestic,Silk,6 x 12,Vertical,Rectangle,16PT C2S,No Coating,Silk,n/a,4/0,250,Score in Half,Slide Slits Bottom Panel,Yes 75 Envelopes 6.5X6.5
Majestic,Silk,6 x 12,Horizontal,Rectangle,16PT C2S,No Coating,Silk,n/a,4/1,250,Score in Half,Slide Slits Bottom Panel,Yes 75 Envelopes 6.5X6.5
Majestic,Silk,6 x 12,Vertical,Rectangle,16PT C2S,No Coating,Silk,n/a,4/1,250,Score in Half,Slide Slits Bottom Panel,Yes 75 Envelopes 6.5X6.5
Majestic,Silk,6 x 12,Horizontal,Rectangle,16PT C2S,No Coating,Silk,n/a,4/4,250,Score in Half,Slide Slits Bottom Panel,Yes 75 Envelopes 6.5X6.5
Majestic,Silk,6 x 12,Vertical,Rectangle,16PT C2S,No Coating,Silk,n/a,4/4,250,Score in Half,Slide Slits Bottom Panel,Yes 75 Envelopes 6.5X6.5
Majestic,Silk,6 x 12,Horizontal,Rectangle,16PT C2S,No Coating,Silk,n/a,4/0,500,Score in Half,Slide Slits Bottom Panel,Yes 75 Envelopes 6.5X6.5
Majestic,Silk,6 x 12,Vertical,Rectangle,16PT C2S,No Coating,Silk,n/a,4/0,500,Score in Half,Slide Slits Bottom Panel,Yes 75 Envelopes 6.5X6.5
Majestic,Silk,6 x 12,Horizontal,Rectangle,16PT C2S,No Coating,Silk,n/a,4/1,500,Score in Half,Slide Slits Bottom Panel,Yes 75 Envelopes 6.5X6.5
Majestic,Silk,6 x 12,Vertical,Rectangle,16PT C2S,No Coating,Silk,n/a,4/1,500,Score in Half,Slide Slits Bottom Panel,Yes 75 Envelopes 6.5X6.5
Majestic,Silk,6 x 12,Horizontal,Rectangle,16PT C2S,No Coating,Silk,n/a,4/4,500,Score in Half,Slide Slits Bottom Panel,Yes 75 Envelopes 6.5X6.5
Majestic,Silk,6 x 12,Vertical,Rectangle,16PT C2S,No Coating,Silk,n/a,4/4,500,Score in Half,Slide Slits Bottom Panel,Yes 75 Envelopes 6.5X6.5
Majestic,Silk,6 x 12,Horizontal,Rectangle,16PT C2S,No Coating,Silk,n/a,4/0,1000,Score in Half,Slide Slits Bottom Panel,Yes 75 Envelopes 6.5X6.5
Majestic,Silk,6 x 12,Vertical,Rectangle,16PT C2S,No Coating,Silk,n/a,4/0,1000,Score in Half,Slide Slits Bottom Panel,Yes 75 Envelopes 6.5X6.5
Majestic,Silk,6 x 12,Horizontal,Rectangle,16PT C2S,No Coating,Silk,n/a,4/1,1000,Score in Half,Slide Slits Bottom Panel,Yes 75 Envelopes 6.5X6.5
Majestic,Silk,6 x 12,Vertical,Rectangle,16PT C2S,No Coating,Silk,n/a,4/1,1000,Score in Half,Slide Slits Bottom Panel,Yes 75 Envelopes 6.5X6.5
Majestic,Silk,6 x 12,Horizontal,Rectangle,16PT C2S,No Coating,Silk,n/a,4/4,1000,Score in Half,Slide Slits Bottom Panel,Yes 75 Envelopes 6.5X6.5
Majestic,Silk,6 x 12,Vertical,Rectangle,16PT C2S,No Coating,Silk,n/a,4/4,1000,Score in Half,Slide Slits Bottom Panel,Yes 75 Envelopes 6.5X6.5
Majestic,Silk,6 x 12,Horizontal,Rectangle,16PT C2S,No Coating,Silk,n/a,4/0,2500,Score in Half,Slide Slits Bottom Panel,Yes 75 Envelopes 6.5X6.5
Majestic,Silk,6 x 12,Vertical,Rectangle,16PT C2S,No Coating,Silk,n/a,4/0,2500,Score in Half,Slide Slits Bottom Panel,Yes 75 Envelopes 6.5X6.5
Majestic,Silk,6 x 12,Horizontal,Rectangle,16PT C2S,No Coating,Silk,n/a,4/1,50,Score in Half,Moon Slits Bottom Panel,Yes 75 Envelopes 6.5X6.5
Majestic,Silk,6 x 12,Vertical,Rectangle,16PT C2S,No Coating,Silk,n/a,4/1,2500,Score in Half,Slide Slits Bottom Panel,Yes 75 Envelopes 6.5X6.5
Majestic,Silk,6 x 12,Horizontal,Rectangle,16PT C2S,No Coating,Silk,n/a,4/4,2500,Score in Half,Slide Slits Bottom Panel,Yes 75 Envelopes 6.5X6.5
Majestic,Silk,6 x 12,Vertical,Rectangle,16PT C2S,No Coating,Silk,n/a,4/4,2500,Score in Half,Slide Slits Bottom Panel,Yes 75 Envelopes 6.5X6.5
Majestic,Silk,6 x 12,Horizontal,Rectangle,16PT C2S,No Coating,Silk,n/a,4/0,5000,Score in Half,Slide Slits Bottom Panel,Yes 75 Envelopes 6.5X6.5
Majestic,Silk,6 x 12,Vertical,Rectangle,16PT C2S,No Coating,Silk,n/a,4/0,5000,Score in Half,Slide Slits Bottom Panel,Yes 75 Envelopes 6.5X6.5
Majestic,Silk,6 x 12,Horizontal,Rectangle,16PT C2S,No Coating,Silk,n/a,4/1,5000,Score in Half,Slide Slits Bottom Panel,Yes 75 Envelopes 6.5X6.5
Majestic,Silk,6 x 12,Vertical,Rectangle,16PT C2S,No Coating,Silk,n/a,4/1,5000,Score in Half,Slide Slits Bottom Panel,Yes 75 Envelopes 6.5X6.5
Majestic,Silk,6 x 12,Horizontal,Rectangle,16PT C2S,No Coating,Silk,n/a,4/4,5000,Score in Half,Slide Slits Bottom Panel,Yes 75 Envelopes 6.5X6.5
Majestic,Silk,6 x 12,Vertical,Rectangle,16PT C2S,No Coating,Silk,n/a,4/4,5000,Score in Half,Slide Slits Bottom Panel,Yes 75 Envelopes 6.5X6.5
Majestic,Silk,6 x 12,Horizontal,Rectangle,16PT C2S,No Coating,Silk,n/a,4/0,10000,Score in Half,Slide Slits Bottom Panel,Yes 75 Envelopes 6.5X6.5
Majestic,Silk,6 x 12,Vertical,Rectangle,16PT C2S,No Coating,Silk,n/a,4/0,10000,Score in Half,Slide Slits Bottom Panel,Yes 75 Envelopes 6.5X6.5
Majestic,Silk,6 x 12,Horizontal,Rectangle,16PT C2S,No Coating,Silk,n/a,4/1,10000,Score in Half,Slide Slits Bottom Panel,Yes 75 Envelopes 6.5X6.5
Majestic,Silk,6 x 12,Vertical,Rectangle,16PT C2S,No Coating,Silk,n/a,4/1,10000,Score in Half,Slide Slits Bottom Panel,Yes 75 Envelopes 6.5X6.5
Majestic,Silk,6 x 12,Horizontal,Rectangle,16PT C2S,No Coating,Silk,n/a,4/4,10000,Score in Half,Slide Slits Bottom Panel,Yes 75 Envelopes 6.5X6.5
Majestic,Silk,6 x 12,Vertical,Rectangle,16PT C2S,No Coating,Silk,n/a,4/4,10000,Score in Half,Slide Slits Bottom Panel,Yes 75 Envelopes 6.5X6.5
Majestic,Silk,6 x 12,Horizontal,Rectangle,16PT C2S,No Coating,Silk,n/a,4/0,25,Score in Half,Slide Slits Right Panel,Yes 75 Envelopes 6.5X6.5
Majestic,Silk,6 x 12,Vertical,Rectangle,16PT C2S,No Coating,Silk,n/a,4/0,25,Score in Half,Slide Slits Right Panel,Yes 75 Envelopes 6.5X6.5
Majestic,Silk,6 x 12,Horizontal,Rectangle,16PT C2S,No Coating,Silk,n/a,4/1,25,Score in Half,Slide Slits Right Panel,Yes 75 Envelopes 6.5X6.5
Majestic,Silk,6 x 12,Vertical,Rectangle,16PT C2S,No Coating,Silk,n/a,4/1,25,Score in Half,Slide Slits Right Panel,Yes 75 Envelopes 6.5X6.5
Majestic,Silk,6 x 12,Horizontal,Rectangle,16PT C2S,No Coating,Silk,n/a,4/4,25,Score in Half,Slide Slits Right Panel,Yes 75 Envelopes 6.5X6.5
Majestic,Silk,6 x 12,Vertical,Rectangle,16PT C2S,No Coating,Silk,n/a,4/4,25,Score in Half,Slide Slits Right Panel,Yes 75 Envelopes 6.5X6.5
Majestic,Silk,6 x 12,Horizontal,Rectangle,16PT C2S,No Coating,Silk,n/a,4/0,50,Score in Half,Slide Slits Right Panel,Yes 75 Envelopes 6.5X6.5
Majestic,Silk,6 x 12,Vertical,Rectangle,16PT C2S,No Coating,Silk,n/a,4/0,50,Score in Half,Slide Slits Right Panel,Yes 75 Envelopes 6.5X6.5
Majestic,Silk,6 x 12,Horizontal,Rectangle,16PT C2S,No Coating,Silk,n/a,4/1,50,Score in Half,Slide Slits Right Panel,Yes 75 Envelopes 6.5X6.5
Majestic,Silk,6 x 12,Vertical,Rectangle,16PT C2S,No Coating,Silk,n/a,4/1,50,Score in Half,Slide Slits Right Panel,Yes 75 Envelopes 6.5X6.5
Majestic,Silk,6 x 12,Horizontal,Rectangle,16PT C2S,No Coating,Silk,n/a,4/4,50,Score in Half,Slide Slits Right Panel,Yes 75 Envelopes 6.5X6.5
Majestic,Silk,6 x 12,Vertical,Rectangle,16PT C2S,No Coating,Silk,n/a,4/4,50,Score in Half,Slide Slits Right Panel,Yes 75 Envelopes 6.5X6.5
Majestic,Silk,6 x 12,Horizontal,Rectangle,16PT C2S,No Coating,Silk,n/a,4/0,75,Score in Half,Slide Slits Right Panel,Yes 75 Envelopes 6.5X6.5
Majestic,Silk,6 x 12,Vertical,Rectangle,16PT C2S,No Coating,Silk,n/a,4/0,75,Score in Half,Slide Slits Right Panel,Yes 75 Envelopes 6.5X6.5
Majestic,Silk,6 x 12,Horizontal,Rectangle,16PT C2S,No Coating,Silk,n/a,4/1,75,Score in Half,Slide Slits Right Panel,Yes 75 Envelopes 6.5X6.5
Majestic,Silk,6 x 12,Vertical,Rectangle,16PT C2S,No Coating,Silk,n/a,4/1,75,Score in Half,Slide Slits Right Panel,Yes 75 Envelopes 6.5X6.5
Majestic,Silk,6 x 12,Horizontal,Rectangle,16PT C2S,No Coating,Silk,n/a,4/4,75,Score in Half,Slide Slits Right Panel,Yes 75 Envelopes 6.5X6.5
Majestic,Silk,6 x 12,Vertical,Rectangle,16PT C2S,No Coating,Silk,n/a,4/4,75,Score in Half,Slide Slits Right Panel,Yes 75 Envelopes 6.5X6.5
Majestic,Silk,6 x 12,Horizontal,Rectangle,16PT C2S,No Coating,Silk,n/a,4/0,100,Score in Half,Slide Slits Right Panel,Yes 75 Envelopes 6.5X6.5
Majestic,Silk,6 x 12,Vertical,Rectangle,16PT C2S,No Coating,Silk,n/a,4/0,100,Score in Half,Slide Slits Right Panel,Yes 75 Envelopes 6.5X6.5
Majestic,Silk,6 x 12,Horizontal,Rectangle,16PT C2S,No Coating,Silk,n/a,4/1,100,Score in Half,Slide Slits Right Panel,Yes 75 Envelopes 6.5X6.5
Majestic,Silk,6 x 12,Vertical,Rectangle,16PT C2S,No Coating,Silk,n/a,4/1,100,Score in Half,Slide Slits Right Panel,Yes 75 Envelopes 6.5X6.5
Majestic,Silk,6 x 12,Horizontal,Rectangle,16PT C2S,No Coating,Silk,n/a,4/4,100,Score in Half,Slide Slits Right Panel,Yes 75 Envelopes 6.5X6.5
Majestic,Silk,6 x 12,Vertical,Rectangle,16PT C2S,No Coating,Silk,n/a,4/4,100,Score in Half,Slide Slits Right Panel,Yes 75 Envelopes 6.5X6.5
Majestic,Silk,6 x 12,Vertical,Rectangle,16PT C2S,No Coating,Silk,n/a,4/0,250,Score in Half,Slide Slits Right Panel,Yes 75 Envelopes 6.5X6.5
Majestic,Silk,6 x 12,Horizontal,Rectangle,16PT C2S,No Coating,Silk,n/a,4/1,250,Score in Half,Slide Slits Right Panel,Yes 75 Envelopes 6.5X6.5
Majestic,Silk,6 x 12,Vertical,Rectangle,16PT C2S,No Coating,Silk,n/a,4/1,250,Score in Half,Slide Slits Right Panel,Yes 75 Envelopes 6.5X6.5
Majestic,Silk,6 x 12,Horizontal,Rectangle,16PT C2S,No Coating,Silk,n/a,4/4,250,Score in Half,Moon Slits Right Panel,Yes 75 Envelopes 6.5X6.5
Majestic,Silk,6 x 12,Vertical,Rectangle,16PT C2S,No Coating,Silk,n/a,4/4,250,Score in Half,Slide Slits Right Panel,Yes 75 Envelopes 6.5X6.5
Majestic,Silk,6 x 12,Horizontal,Rectangle,16PT C2S,No Coating,Silk,n/a,4/4,250,Score in Half,Slide Slits Right Panel,Yes 75 Envelopes 6.5X6.5
Majestic,Silk,6 x 12,Horizontal,Rectangle,16PT C2S,No Coating,Silk,n/a,4/0,500,Score in Half,Slide Slits Right Panel,Yes 75 Envelopes 6.5X6.5
Majestic,Silk,6 x 12,Vertical,Rectangle,16PT C2S,No Coating,Silk,n/a,4/0,500,Score in Half,Slide Slits Right Panel,Yes 75 Envelopes 6.5X6.5
Majestic,Silk,6 x 12,Horizontal,Rectangle,16PT C2S,No Coating,Silk,n/a,4/1,500,Score in Half,Slide Slits Right Panel,Yes 75 Envelopes 6.5X6.5
Majestic,Silk,6 x 12,Vertical,Rectangle,16PT C2S,No Coating,Silk,n/a,4/1,500,Score in Half,Slide Slits Right Panel,Yes 75 Envelopes 6.5X6.5
Majestic,Silk,6 x 12,Horizontal,Rectangle,16PT C2S,No Coating,Silk,n/a,4/4,500,Score in Half,Slide Slits Right Panel,Yes 75 Envelopes 6.5X6.5
Majestic,Silk,6 x 12,Horizontal,Rectangle,16PT C2S,No Coating,Silk,n/a,4/0,1000,Score in Half,Slide Slits Right Panel,Yes 75 Envelopes 6.5X6.5
Majestic,Silk,6 x 12,Vertical,Rectangle,16PT C2S,No Coating,Silk,n/a,4/4,500,Score in Half,Slide Slits Right Panel,Yes 75 Envelopes 6.5X6.5
Majestic,Silk,6 x 12,Vertical,Rectangle,16PT C2S,No Coating,Silk,n/a,4/0,1000,Score in Half,Slide Slits Right Panel,Yes 75 Envelopes 6.5X6.5
Majestic,Silk,6 x 12,Horizontal,Rectangle,16PT C2S,No Coating,Silk,n/a,4/1,1000,Score in Half,Slide Slits Right Panel,Yes 75 Envelopes 6.5X6.5
Majestic,Silk,6 x 12,Vertical,Rectangle,16PT C2S,No Coating,Silk,n/a,4/1,1000,Score in Half,Slide Slits Right Panel,Yes 75 Envelopes 6.5X6.5
Majestic,Silk,6 x 12,Vertical,Rectangle,16PT C2S,No Coating,Silk,n/a,4/4,1000,Score in Half,Slide Slits Right Panel,Yes 75 Envelopes 6.5X6.5
Majestic,Silk,6 x 12,Horizontal,Rectangle,16PT C2S,No Coating,Silk,n/a,4/0,2500,Score in Half,Slide Slits Right Panel,Yes 75 Envelopes 6.5X6.5
Majestic,Silk,6 x 12,Vertical,Rectangle,16PT C2S,No Coating,Silk,n/a,4/0,2500,Score in Half,Slide Slits Right Panel,Yes 75 Envelopes 6.5X6.5
Majestic,Silk,6 x 12,Horizontal,Rectangle,16PT C2S,No Coating,Silk,n/a,4/4,1000,Score in Half,Slide Slits Right Panel,Yes 75 Envelopes 6.5X6.5
Majestic,Silk,6 x 12,Horizontal,Rectangle,16PT C2S,No Coating,Silk,n/a,4/1,2500,Score in Half,Slide Slits Right Panel,Yes 75 Envelopes 6.5X6.5
Majestic,Silk,6 x 12,Vertical,Rectangle,16PT C2S,No Coating,Silk,n/a,4/1,2500,Score in Half,Slide Slits Right Panel,Yes 75 Envelopes 6.5X6.5
Majestic,Silk,6 x 12,Horizontal,Rectangle,16PT C2S,No Coating,Silk,n/a,4/4,2500,Score in Half,Slide Slits Right Panel,Yes 75 Envelopes 6.5X6.5
Majestic,Silk,6 x 12,Vertical,Rectangle,16PT C2S,No Coating,Silk,n/a,4/4,2500,Score in Half,Slide Slits Right Panel,Yes 75 Envelopes 6.5X6.5
Majestic,Silk,6 x 12,Horizontal,Rectangle,16PT C2S,No Coating,Silk,n/a,4/0,5000,Score in Half,Slide Slits Right Panel,Yes 75 Envelopes 6.5X6.5
Majestic,Silk,6 x 12,Vertical,Rectangle,16PT C2S,No Coating,Silk,n/a,4/0,5000,Score in Half,Slide Slits Right Panel,Yes 75 Envelopes 6.5X6.5
Majestic,Silk,6 x 12,Horizontal,Rectangle,16PT C2S,No Coating,Silk,n/a,4/1,5000,Score in Half,Slide Slits Right Panel,Yes 75 Envelopes 6.5X6.5
Majestic,Silk,6 x 12,Horizontal,Rectangle,16PT C2S,No Coating,Silk,n/a,4/4,5000,Score in Half,Slide Slits Right Panel,Yes 75 Envelopes 6.5X6.5
Majestic,Silk,6 x 12,Horizontal,Rectangle,16PT C2S,No Coating,Silk,n/a,4/4,10000,Score in Half,Moon Slits Right Panel,Yes 75 Envelopes 6.5X6.5
Majestic,Silk,6 x 12,Vertical,Rectangle,16PT C2S,No Coating,Silk,n/a,4/1,5000,Score in Half,Slide Slits Right Panel,Yes 75 Envelopes 6.5X6.5
Majestic,Silk,6 x 12,Horizontal,Rectangle,16PT C2S,No Coating,Silk,n/a,4/0,10000,Score in Half,Slide Slits Right Panel,Yes 75 Envelopes 6.5X6.5
Majestic,Silk,6 x 12,Vertical,Rectangle,16PT C2S,No Coating,Silk,n/a,4/0,10000,Score in Half,Slide Slits Right Panel,Yes 75 Envelopes 6.5X6.5
Majestic,Silk,6 x 12,Horizontal,Rectangle,16PT C2S,No Coating,Silk,n/a,4/1,10000,Score in Half,Slide Slits Right Panel,Yes 75 Envelopes 6.5X6.5
Majestic,Silk,6 x 12,Horizontal,Rectangle,16PT C2S,No Coating,Silk,n/a,4/4,10000,Score in Half,Slide Slits Right Panel,Yes 75 Envelopes 6.5X6.5
Majestic,Silk,6 x 12,Vertical,Rectangle,16PT C2S,No Coating,Silk,n/a,4/1,10000,Score in Half,Slide Slits Right Panel,Yes 75 Envelopes 6.5X6.5
Majestic,Silk,6 x 12,Vertical,Rectangle,16PT C2S,No Coating,Silk,n/a,4/4,10000,Score in Half,Slide Slits Right Panel,Yes 75 Envelopes 6.5X6.5
Majestic,Silk,6 x 12,Horizontal,Rectangle,16PT C2S,No Coating,Silk,n/a,4/0,25,Score in Half,Moon Slits Bottom Panel,Yes 100 Envelopes 6.5X6.5
Majestic,Silk,6 x 12,Vertical,Rectangle,16PT C2S,No Coating,Silk,n/a,4/0,25,Score in Half,Moon Slits Bottom Panel,Yes 100 Envelopes 6.5X6.5
Majestic,Silk,6 x 12,Horizontal,Rectangle,16PT C2S,No Coating,Silk,n/a,4/1,25,Score in Half,Moon Slits Bottom Panel,Yes 100 Envelopes 6.5X6.5
Majestic,Silk,6 x 12,Vertical,Rectangle,16PT C2S,No Coating,Silk,n/a,4/1,25,Score in Half,Moon Slits Bottom Panel,Yes 100 Envelopes 6.5X6.5
Majestic,Silk,6 x 12,Horizontal,Rectangle,16PT C2S,No Coating,Silk,n/a,4/4,25,Score in Half,Moon Slits Bottom Panel,Yes 100 Envelopes 6.5X6.5
Majestic,Silk,6 x 12,Vertical,Rectangle,16PT C2S,No Coating,Silk,n/a,4/4,25,Score in Half,Moon Slits Bottom Panel,Yes 100 Envelopes 6.5X6.5
Majestic,Silk,6 x 12,Horizontal,Rectangle,16PT C2S,No Coating,Silk,n/a,4/0,50,Score in Half,Moon Slits Bottom Panel,Yes 100 Envelopes 6.5X6.5
Majestic,Silk,6 x 12,Vertical,Rectangle,16PT C2S,No Coating,Silk,n/a,4/0,50,Score in Half,Moon Slits Bottom Panel,Yes 100 Envelopes 6.5X6.5
Majestic,Silk,6 x 12,Horizontal,Rectangle,16PT C2S,No Coating,Silk,n/a,4/1,50,Score in Half,Moon Slits Bottom Panel,Yes 100 Envelopes 6.5X6.5
Majestic,Silk,6 x 12,Horizontal,Rectangle,16PT C2S,No Coating,Silk,n/a,4/4,50,Score in Half,Moon Slits Bottom Panel,Yes 100 Envelopes 6.5X6.5
Majestic,Silk,6 x 12,Vertical,Rectangle,16PT C2S,No Coating,Silk,n/a,4/1,50,Score in Half,Moon Slits Bottom Panel,Yes 100 Envelopes 6.5X6.5
Majestic,Silk,6 x 12,Vertical,Rectangle,16PT C2S,No Coating,Silk,n/a,4/4,50,Score in Half,Moon Slits Bottom Panel,Yes 100 Envelopes 6.5X6.5
Majestic,Silk,6 x 12,Horizontal,Rectangle,16PT C2S,No Coating,Silk,n/a,4/0,75,Score in Half,Moon Slits Bottom Panel,Yes 100 Envelopes 6.5X6.5
Majestic,Silk,6 x 12,Vertical,Rectangle,16PT C2S,No Coating,Silk,n/a,4/0,75,Score in Half,Moon Slits Bottom Panel,Yes 100 Envelopes 6.5X6.5
Majestic,Silk,6 x 12,Horizontal,Rectangle,16PT C2S,No Coating,Silk,n/a,4/1,75,Score in Half,Moon Slits Bottom Panel,Yes 100 Envelopes 6.5X6.5
Majestic,Silk,6 x 12,Vertical,Rectangle,16PT C2S,No Coating,Silk,n/a,4/1,75,Score in Half,Moon Slits Bottom Panel,Yes 100 Envelopes 6.5X6.5
Majestic,Silk,6 x 12,Horizontal,Rectangle,16PT C2S,No Coating,Silk,n/a,4/4,75,Score in Half,Moon Slits Bottom Panel,Yes 100 Envelopes 6.5X6.5
Majestic,Silk,6 x 12,Vertical,Rectangle,16PT C2S,No Coating,Silk,n/a,4/4,75,Score in Half,Moon Slits Bottom Panel,Yes 100 Envelopes 6.5X6.5
Majestic,Silk,6 x 12,Horizontal,Rectangle,16PT C2S,No Coating,Silk,n/a,4/0,100,Score in Half,Moon Slits Bottom Panel,Yes 100 Envelopes 6.5X6.5
Majestic,Silk,6 x 12,Vertical,Rectangle,16PT C2S,No Coating,Silk,n/a,4/0,100,Score in Half,Moon Slits Bottom Panel,Yes 100 Envelopes 6.5X6.5
Majestic,Silk,6 x 12,Horizontal,Rectangle,16PT C2S,No Coating,Silk,n/a,4/1,100,Score in Half,Moon Slits Bottom Panel,Yes 100 Envelopes 6.5X6.5
Majestic,Silk,6 x 12,Vertical,Rectangle,16PT C2S,No Coating,Silk,n/a,4/1,100,Score in Half,Moon Slits Bottom Panel,Yes 100 Envelopes 6.5X6.5
Majestic,Silk,6 x 12,Horizontal,Rectangle,16PT C2S,No Coating,Silk,n/a,4/4,100,Score in Half,Moon Slits Bottom Panel,Yes 100 Envelopes 6.5X6.5
Majestic,Silk,6 x 12,Vertical,Rectangle,16PT C2S,No Coating,Silk,n/a,4/4,100,Score in Half,Moon Slits Bottom Panel,Yes 100 Envelopes 6.5X6.5
Majestic,Silk,6 x 12,Horizontal,Rectangle,16PT C2S,No Coating,Silk,n/a,4/0,250,Score in Half,Slide Slits Right Panel,Yes 75 Envelopes 6.5X6.5
Majestic,Silk,6 x 12,Vertical,Rectangle,16PT C2S,No Coating,Silk,n/a,4/0,250,Score in Half,Moon Slits Bottom Panel,Yes 100 Envelopes 6.5X6.5
Majestic,Silk,6 x 12,Horizontal,Rectangle,16PT C2S,No Coating,Silk,n/a,4/1,250,Score in Half,Moon Slits Bottom Panel,Yes 100 Envelopes 6.5X6.5
Majestic,Silk,6 x 12,Vertical,Rectangle,16PT C2S,No Coating,Silk,n/a,4/1,250,Score in Half,Moon Slits Bottom Panel,Yes 100 Envelopes 6.5X6.5
Majestic,Silk,6 x 12,Horizontal,Rectangle,16PT C2S,No Coating,Silk,n/a,4/4,250,Score in Half,Moon Slits Bottom Panel,Yes 100 Envelopes 6.5X6.5
Majestic,Silk,6 x 12,Vertical,Rectangle,16PT C2S,No Coating,Silk,n/a,4/4,250,Score in Half,Moon Slits Bottom Panel,Yes 100 Envelopes 6.5X6.5
Majestic,Silk,6 x 12,Horizontal,Rectangle,16PT C2S,No Coating,Silk,n/a,4/0,500,Score in Half,Moon Slits Bottom Panel,Yes 100 Envelopes 6.5X6.5
Majestic,Silk,6 x 12,Vertical,Rectangle,16PT C2S,No Coating,Silk,n/a,4/0,500,Score in Half,Moon Slits Bottom Panel,Yes 100 Envelopes 6.5X6.5
Majestic,Silk,6 x 12,Horizontal,Rectangle,16PT C2S,No Coating,Silk,n/a,4/1,500,Score in Half,Moon Slits Bottom Panel,Yes 100 Envelopes 6.5X6.5
Majestic,Silk,6 x 12,Vertical,Rectangle,16PT C2S,No Coating,Silk,n/a,4/1,500,Score in Half,Moon Slits Bottom Panel,Yes 100 Envelopes 6.5X6.5
Majestic,Silk,6 x 12,Horizontal,Rectangle,16PT C2S,No Coating,Silk,n/a,4/4,500,Score in Half,Moon Slits Bottom Panel,Yes 100 Envelopes 6.5X6.5
Majestic,Silk,6 x 12,Vertical,Rectangle,16PT C2S,No Coating,Silk,n/a,4/4,500,Score in Half,Moon Slits Bottom Panel,Yes 100 Envelopes 6.5X6.5
Majestic,Silk,6 x 12,Horizontal,Rectangle,16PT C2S,No Coating,Silk,n/a,4/0,1000,Score in Half,Moon Slits Bottom Panel,Yes 100 Envelopes 6.5X6.5
Majestic,Silk,6 x 12,Vertical,Rectangle,16PT C2S,No Coating,Silk,n/a,4/0,1000,Score in Half,Moon Slits Bottom Panel,Yes 100 Envelopes 6.5X6.5
Majestic,Silk,6 x 12,Horizontal,Rectangle,16PT C2S,No Coating,Silk,n/a,4/1,1000,Score in Half,Moon Slits Bottom Panel,Yes 100 Envelopes 6.5X6.5
Majestic,Silk,6 x 12,Horizontal,Rectangle,16PT C2S,No Coating,Silk,n/a,4/4,1000,Score in Half,Moon Slits Bottom Panel,Yes 100 Envelopes 6.5X6.5
Majestic,Silk,6 x 12,Vertical,Rectangle,16PT C2S,No Coating,Silk,n/a,4/1,1000,Score in Half,Moon Slits Bottom Panel,Yes 100 Envelopes 6.5X6.5
Majestic,Silk,6 x 12,Vertical,Rectangle,16PT C2S,No Coating,Silk,n/a,4/4,1000,Score in Half,Moon Slits Bottom Panel,Yes 100 Envelopes 6.5X6.5
Majestic,Silk,6 x 12,Horizontal,Rectangle,16PT C2S,No Coating,Silk,n/a,4/0,2500,Score in Half,Moon Slits Bottom Panel,Yes 100 Envelopes 6.5X6.5
Majestic,Silk,6 x 12,Vertical,Rectangle,16PT C2S,No Coating,Silk,n/a,4/0,2500,Score in Half,Moon Slits Bottom Panel,Yes 100 Envelopes 6.5X6.5
Majestic,Silk,6 x 12,Horizontal,Rectangle,16PT C2S,No Coating,Silk,n/a,4/1,2500,Score in Half,Moon Slits Bottom Panel,Yes 100 Envelopes 6.5X6.5
Majestic,Silk,6 x 12,Vertical,Rectangle,16PT C2S,No Coating,Silk,n/a,4/1,2500,Score in Half,Moon Slits Bottom Panel,Yes 100 Envelopes 6.5X6.5
Majestic,Silk,6 x 12,Horizontal,Rectangle,16PT C2S,No Coating,Silk,n/a,4/4,2500,Score in Half,Moon Slits Bottom Panel,Yes 100 Envelopes 6.5X6.5
Majestic,Silk,6 x 12,Vertical,Rectangle,16PT C2S,No Coating,Silk,n/a,4/4,2500,Score in Half,Moon Slits Bottom Panel,Yes 100 Envelopes 6.5X6.5
Majestic,Silk,6 x 12,Horizontal,Rectangle,16PT C2S,No Coating,Silk,n/a,4/0,5000,Score in Half,Moon Slits Bottom Panel,Yes 100 Envelopes 6.5X6.5
Majestic,Silk,6 x 12,Horizontal,Rectangle,16PT C2S,No Coating,Silk,n/a,4/1,5000,Score in Half,Moon Slits Bottom Panel,Yes 100 Envelopes 6.5X6.5
Majestic,Silk,6 x 12,Vertical,Rectangle,16PT C2S,No Coating,Silk,n/a,4/1,5000,Score in Half,Moon Slits Bottom Panel,Yes 100 Envelopes 6.5X6.5
Majestic,Silk,6 x 12,Horizontal,Rectangle,16PT C2S,No Coating,Silk,n/a,4/4,5000,Score in Half,Moon Slits Bottom Panel,Yes 100 Envelopes 6.5X6.5
Majestic,Silk,6 x 12,Vertical,Rectangle,16PT C2S,No Coating,Silk,n/a,4/0,5000,Score in Half,Moon Slits Bottom Panel,Yes 100 Envelopes 6.5X6.5
Majestic,Silk,6 x 12,Vertical,Rectangle,16PT C2S,No Coating,Silk,n/a,4/4,5000,Score in Half,Moon Slits Bottom Panel,Yes 100 Envelopes 6.5X6.5
Majestic,Silk,6 x 12,Horizontal,Rectangle,16PT C2S,No Coating,Silk,n/a,4/0,10000,Score in Half,Moon Slits Bottom Panel,Yes 100 Envelopes 6.5X6.5
Majestic,Silk,6 x 12,Vertical,Rectangle,16PT C2S,No Coating,Silk,n/a,4/0,10000,Score in Half,Moon Slits Bottom Panel,Yes 100 Envelopes 6.5X6.5
Majestic,Silk,6 x 12,Horizontal,Rectangle,16PT C2S,No Coating,Silk,n/a,4/1,10000,Score in Half,Moon Slits Bottom Panel,Yes 100 Envelopes 6.5X6.5
Majestic,Silk,6 x 12,Vertical,Rectangle,16PT C2S,No Coating,Silk,n/a,4/1,10000,Score in Half,Moon Slits Bottom Panel,Yes 100 Envelopes 6.5X6.5
Majestic,Silk,6 x 12,Vertical,Rectangle,16PT C2S,No Coating,Silk,n/a,4/4,10000,Score in Half,Moon Slits Bottom Panel,Yes 100 Envelopes 6.5X6.5
Majestic,Silk,6 x 12,Horizontal,Rectangle,16PT C2S,No Coating,Silk,n/a,4/4,10000,Score in Half,Moon Slits Bottom Panel,Yes 100 Envelopes 6.5X6.5
Majestic,Silk,6 x 12,Horizontal,Rectangle,16PT C2S,No Coating,Silk,n/a,4/0,25,Score in Half,Moon Slits Right Panel,Yes 100 Envelopes 6.5X6.5
Majestic,Silk,6 x 12,Horizontal,Rectangle,16PT C2S,No Coating,Silk,n/a,4/1,25,Score in Half,Moon Slits Right Panel,Yes 100 Envelopes 6.5X6.5
Majestic,Silk,6 x 12,Vertical,Rectangle,16PT C2S,No Coating,Silk,n/a,4/1,25,Score in Half,Moon Slits Right Panel,Yes 100 Envelopes 6.5X6.5
Majestic,Silk,6 x 12,Horizontal,Rectangle,16PT C2S,No Coating,Silk,n/a,4/0,250,Score in Half,Moon Slits Bottom Panel,Yes 100 Envelopes 6.5X6.5
Majestic,Silk,6 x 12,Vertical,Rectangle,16PT C2S,No Coating,Silk,n/a,4/4,25,Score in Half,Moon Slits Right Panel,Yes 100 Envelopes 6.5X6.5
Majestic,Silk,6 x 12,Horizontal,Rectangle,16PT C2S,No Coating,Silk,n/a,4/0,50,Score in Half,Moon Slits Right Panel,Yes 100 Envelopes 6.5X6.5
Majestic,Silk,6 x 12,Vertical,Rectangle,16PT C2S,No Coating,Silk,n/a,4/0,25,Score in Half,Moon Slits Right Panel,Yes 100 Envelopes 6.5X6.5
Majestic,Silk,6 x 12,Vertical,Rectangle,16PT C2S,No Coating,Silk,n/a,4/0,50,Score in Half,Moon Slits Right Panel,Yes 100 Envelopes 6.5X6.5
Majestic,Silk,6 x 12,Horizontal,Rectangle,16PT C2S,No Coating,Silk,n/a,4/1,50,Score in Half,Moon Slits Right Panel,Yes 100 Envelopes 6.5X6.5
Majestic,Silk,6 x 12,Vertical,Rectangle,16PT C2S,No Coating,Silk,n/a,4/1,50,Score in Half,Moon Slits Right Panel,Yes 100 Envelopes 6.5X6.5
Majestic,Silk,6 x 12,Horizontal,Rectangle,16PT C2S,No Coating,Silk,n/a,4/4,50,Score in Half,Moon Slits Right Panel,Yes 100 Envelopes 6.5X6.5
Majestic,Silk,6 x 12,Vertical,Rectangle,16PT C2S,No Coating,Silk,n/a,4/4,50,Score in Half,Moon Slits Right Panel,Yes 100 Envelopes 6.5X6.5
Majestic,Silk,6 x 12,Horizontal,Rectangle,16PT C2S,No Coating,Silk,n/a,4/0,75,Score in Half,Moon Slits Right Panel,Yes 100 Envelopes 6.5X6.5
Majestic,Silk,6 x 12,Vertical,Rectangle,16PT C2S,No Coating,Silk,n/a,4/0,75,Score in Half,Moon Slits Right Panel,Yes 100 Envelopes 6.5X6.5
Majestic,Silk,6 x 12,Vertical,Rectangle,16PT C2S,No Coating,Silk,n/a,4/1,75,Score in Half,Moon Slits Right Panel,Yes 100 Envelopes 6.5X6.5
Majestic,Silk,6 x 12,Horizontal,Rectangle,16PT C2S,No Coating,Silk,n/a,4/1,75,Score in Half,Moon Slits Right Panel,Yes 100 Envelopes 6.5X6.5
Majestic,Silk,6 x 12,Horizontal,Rectangle,16PT C2S,No Coating,Silk,n/a,4/4,75,Score in Half,Moon Slits Right Panel,Yes 100 Envelopes 6.5X6.5
Majestic,Silk,6 x 12,Vertical,Rectangle,16PT C2S,No Coating,Silk,n/a,4/4,75,Score in Half,Moon Slits Right Panel,Yes 100 Envelopes 6.5X6.5
Majestic,Silk,6 x 12,Horizontal,Rectangle,16PT C2S,No Coating,Silk,n/a,4/0,100,Score in Half,Moon Slits Right Panel,Yes 100 Envelopes 6.5X6.5
Majestic,Silk,6 x 12,Horizontal,Rectangle,16PT C2S,No Coating,Silk,n/a,4/1,100,Score in Half,Moon Slits Right Panel,Yes 100 Envelopes 6.5X6.5
Majestic,Silk,6 x 12,Vertical,Rectangle,16PT C2S,No Coating,Silk,n/a,4/0,100,Score in Half,Moon Slits Right Panel,Yes 100 Envelopes 6.5X6.5
Majestic,Silk,6 x 12,Vertical,Rectangle,16PT C2S,No Coating,Silk,n/a,4/1,100,Score in Half,Moon Slits Right Panel,Yes 100 Envelopes 6.5X6.5
Majestic,Silk,6 x 12,Horizontal,Rectangle,16PT C2S,No Coating,Silk,n/a,4/4,100,Score in Half,Moon Slits Right Panel,Yes 100 Envelopes 6.5X6.5
Majestic,Silk,6 x 12,Vertical,Rectangle,16PT C2S,No Coating,Silk,n/a,4/4,100,Score in Half,Moon Slits Right Panel,Yes 100 Envelopes 6.5X6.5
Majestic,Silk,6 x 12,Horizontal,Rectangle,16PT C2S,No Coating,Silk,n/a,4/0,250,Score in Half,Moon Slits Right Panel,Yes 100 Envelopes 6.5X6.5
Majestic,Silk,6 x 12,Vertical,Rectangle,16PT C2S,No Coating,Silk,n/a,4/4,5000,Score in Half,Slide Slits Right Panel,Yes 75 Envelopes 6.5X6.5
Majestic,Silk,6 x 12,Horizontal,Rectangle,16PT C2S,No Coating,Silk,n/a,4/1,250,Score in Half,Moon Slits Right Panel,Yes 100 Envelopes 6.5X6.5
Majestic,Silk,6 x 12,Vertical,Rectangle,16PT C2S,No Coating,Silk,n/a,4/1,250,Score in Half,Moon Slits Right Panel,Yes 100 Envelopes 6.5X6.5
Majestic,Silk,6 x 12,Horizontal,Rectangle,16PT C2S,No Coating,Silk,n/a,4/4,250,Score in Half,Moon Slits Right Panel,Yes 100 Envelopes 6.5X6.5
Majestic,Silk,6 x 12,Vertical,Rectangle,16PT C2S,No Coating,Silk,n/a,4/4,250,Score in Half,Moon Slits Right Panel,Yes 100 Envelopes 6.5X6.5
Majestic,Silk,6 x 12,Horizontal,Rectangle,16PT C2S,No Coating,Silk,n/a,4/0,500,Score in Half,Moon Slits Right Panel,Yes 100 Envelopes 6.5X6.5
Majestic,Silk,6 x 12,Vertical,Rectangle,16PT C2S,No Coating,Silk,n/a,4/0,500,Score in Half,Moon Slits Right Panel,Yes 100 Envelopes 6.5X6.5
Majestic,Silk,6 x 12,Horizontal,Rectangle,16PT C2S,No Coating,Silk,n/a,4/1,500,Score in Half,Moon Slits Right Panel,Yes 100 Envelopes 6.5X6.5
Majestic,Silk,6 x 12,Horizontal,Rectangle,16PT C2S,No Coating,Silk,n/a,4/4,500,Score in Half,Moon Slits Right Panel,Yes 100 Envelopes 6.5X6.5
Majestic,Silk,6 x 12,Vertical,Rectangle,16PT C2S,No Coating,Silk,n/a,4/1,500,Score in Half,Moon Slits Right Panel,Yes 100 Envelopes 6.5X6.5
Majestic,Silk,6 x 12,Vertical,Rectangle,16PT C2S,No Coating,Silk,n/a,4/4,500,Score in Half,Moon Slits Right Panel,Yes 100 Envelopes 6.5X6.5
Majestic,Silk,6 x 12,Vertical,Rectangle,16PT C2S,No Coating,Silk,n/a,4/1,1000,Score in Half,Moon Slits Right Panel,Yes 100 Envelopes 6.5X6.5
Majestic,Silk,6 x 12,Horizontal,Rectangle,16PT C2S,No Coating,Silk,n/a,4/1,1000,Score in Half,Moon Slits Right Panel,Yes 100 Envelopes 6.5X6.5
Majestic,Silk,6 x 12,Horizontal,Rectangle,16PT C2S,No Coating,Silk,n/a,4/4,1000,Score in Half,Moon Slits Right Panel,Yes 100 Envelopes 6.5X6.5
Majestic,Silk,6 x 12,Horizontal,Rectangle,16PT C2S,No Coating,Silk,n/a,4/0,1000,Score in Half,Moon Slits Right Panel,Yes 100 Envelopes 6.5X6.5
Majestic,Silk,6 x 12,Vertical,Rectangle,16PT C2S,No Coating,Silk,n/a,4/0,1000,Score in Half,Moon Slits Right Panel,Yes 100 Envelopes 6.5X6.5
Majestic,Silk,6 x 12,Vertical,Rectangle,16PT C2S,No Coating,Silk,n/a,4/4,1000,Score in Half,Moon Slits Right Panel,Yes 100 Envelopes 6.5X6.5
Majestic,Silk,6 x 12,Vertical,Rectangle,16PT C2S,No Coating,Silk,n/a,4/0,2500,Score in Half,Moon Slits Right Panel,Yes 100 Envelopes 6.5X6.5
Majestic,Silk,6 x 12,Horizontal,Rectangle,16PT C2S,No Coating,Silk,n/a,4/0,2500,Score in Half,Moon Slits Right Panel,Yes 100 Envelopes 6.5X6.5
Majestic,Silk,6 x 12,Vertical,Rectangle,16PT C2S,No Coating,Silk,n/a,4/1,2500,Score in Half,Moon Slits Right Panel,Yes 100 Envelopes 6.5X6.5
Majestic,Silk,6 x 12,Horizontal,Rectangle,16PT C2S,No Coating,Silk,n/a,4/1,2500,Score in Half,Moon Slits Right Panel,Yes 100 Envelopes 6.5X6.5
Majestic,Silk,6 x 12,Horizontal,Rectangle,16PT C2S,No Coating,Silk,n/a,4/4,2500,Score in Half,Moon Slits Right Panel,Yes 100 Envelopes 6.5X6.5
Majestic,Silk,6 x 12,Horizontal,Rectangle,16PT C2S,No Coating,Silk,n/a,4/0,5000,Score in Half,Moon Slits Right Panel,Yes 100 Envelopes 6.5X6.5
Majestic,Silk,6 x 12,Vertical,Rectangle,16PT C2S,No Coating,Silk,n/a,4/4,2500,Score in Half,Moon Slits Right Panel,Yes 100 Envelopes 6.5X6.5
Majestic,Silk,6 x 12,Vertical,Rectangle,16PT C2S,No Coating,Silk,n/a,4/0,5000,Score in Half,Moon Slits Right Panel,Yes 100 Envelopes 6.5X6.5
Majestic,Silk,6 x 12,Horizontal,Rectangle,16PT C2S,No Coating,Silk,n/a,4/1,5000,Score in Half,Moon Slits Right Panel,Yes 100 Envelopes 6.5X6.5
Majestic,Silk,6 x 12,Vertical,Rectangle,16PT C2S,No Coating,Silk,n/a,4/1,5000,Score in Half,Moon Slits Right Panel,Yes 100 Envelopes 6.5X6.5
Majestic,Silk,6 x 12,Horizontal,Rectangle,16PT C2S,No Coating,Silk,n/a,4/4,5000,Score in Half,Moon Slits Right Panel,Yes 100 Envelopes 6.5X6.5
Majestic,Silk,6 x 12,Vertical,Rectangle,16PT C2S,No Coating,Silk,n/a,4/4,5000,Score in Half,Moon Slits Right Panel,Yes 100 Envelopes 6.5X6.5
Majestic,Silk,6 x 12,Horizontal,Rectangle,16PT C2S,No Coating,Silk,n/a,4/0,10000,Score in Half,Moon Slits Right Panel,Yes 100 Envelopes 6.5X6.5
Majestic,Silk,6 x 12,Vertical,Rectangle,16PT C2S,No Coating,Silk,n/a,4/0,10000,Score in Half,Moon Slits Right Panel,Yes 100 Envelopes 6.5X6.5
Majestic,Silk,6 x 12,Horizontal,Rectangle,16PT C2S,No Coating,Silk,n/a,4/1,10000,Score in Half,Moon Slits Right Panel,Yes 100 Envelopes 6.5X6.5
Majestic,Silk,6 x 12,Vertical,Rectangle,16PT C2S,No Coating,Silk,n/a,4/1,10000,Score in Half,Moon Slits Right Panel,Yes 100 Envelopes 6.5X6.5
Majestic,Silk,6 x 12,Horizontal,Rectangle,16PT C2S,No Coating,Silk,n/a,4/4,10000,Score in Half,Moon Slits Right Panel,Yes 100 Envelopes 6.5X6.5
Majestic,Silk,6 x 12,Vertical,Rectangle,16PT C2S,No Coating,Silk,n/a,4/4,10000,Score in Half,Moon Slits Right Panel,Yes 100 Envelopes 6.5X6.5
Majestic,Silk,6 x 12,Horizontal,Rectangle,16PT C2S,No Coating,Silk,n/a,4/0,25,Score in Half,No Gift Cards Slits,Yes 100 Envelopes 6.5X6.5
Majestic,Silk,6 x 12,Vertical,Rectangle,16PT C2S,No Coating,Silk,n/a,4/0,25,Score in Half,No Gift Cards Slits,Yes 100 Envelopes 6.5X6.5
Majestic,Silk,6 x 12,Horizontal,Rectangle,16PT C2S,No Coating,Silk,n/a,4/1,25,Score in Half,No Gift Cards Slits,Yes 100 Envelopes 6.5X6.5
Majestic,Silk,6 x 12,Vertical,Rectangle,16PT C2S,No Coating,Silk,n/a,4/1,25,Score in Half,No Gift Cards Slits,Yes 100 Envelopes 6.5X6.5
Majestic,Silk,6 x 12,Horizontal,Rectangle,16PT C2S,No Coating,Silk,n/a,4/4,25,Score in Half,No Gift Cards Slits,Yes 100 Envelopes 6.5X6.5
Majestic,Silk,6 x 12,Vertical,Rectangle,16PT C2S,No Coating,Silk,n/a,4/4,25,Score in Half,No Gift Cards Slits,Yes 100 Envelopes 6.5X6.5
Majestic,Silk,6 x 12,Horizontal,Rectangle,16PT C2S,No Coating,Silk,n/a,4/0,50,Score in Half,No Gift Cards Slits,Yes 100 Envelopes 6.5X6.5
Majestic,Silk,6 x 12,Vertical,Rectangle,16PT C2S,No Coating,Silk,n/a,4/0,50,Score in Half,No Gift Cards Slits,Yes 100 Envelopes 6.5X6.5
Majestic,Silk,6 x 12,Horizontal,Rectangle,16PT C2S,No Coating,Silk,n/a,4/1,50,Score in Half,No Gift Cards Slits,Yes 100 Envelopes 6.5X6.5
Majestic,Silk,6 x 12,Vertical,Rectangle,16PT C2S,No Coating,Silk,n/a,4/1,50,Score in Half,No Gift Cards Slits,Yes 100 Envelopes 6.5X6.5
Majestic,Silk,6 x 12,Vertical,Rectangle,16PT C2S,No Coating,Silk,n/a,4/0,250,Score in Half,Moon Slits Right Panel,Yes 100 Envelopes 6.5X6.5
Majestic,Silk,6 x 12,Vertical,Rectangle,16PT C2S,No Coating,Silk,n/a,4/4,50,Score in Half,No Gift Cards Slits,Yes 100 Envelopes 6.5X6.5
Majestic,Silk,6 x 12,Horizontal,Rectangle,16PT C2S,No Coating,Silk,n/a,4/0,75,Score in Half,No Gift Cards Slits,Yes 100 Envelopes 6.5X6.5
Majestic,Silk,6 x 12,Vertical,Rectangle,16PT C2S,No Coating,Silk,n/a,4/0,75,Score in Half,No Gift Cards Slits,Yes 100 Envelopes 6.5X6.5
Majestic,Silk,6 x 12,Horizontal,Rectangle,16PT C2S,No Coating,Silk,n/a,4/1,75,Score in Half,No Gift Cards Slits,Yes 100 Envelopes 6.5X6.5
Majestic,Silk,6 x 12,Vertical,Rectangle,16PT C2S,No Coating,Silk,n/a,4/1,75,Score in Half,No Gift Cards Slits,Yes 100 Envelopes 6.5X6.5
Majestic,Silk,6 x 12,Horizontal,Rectangle,16PT C2S,No Coating,Silk,n/a,4/4,75,Score in Half,No Gift Cards Slits,Yes 100 Envelopes 6.5X6.5
Majestic,Silk,6 x 12,Vertical,Rectangle,16PT C2S,No Coating,Silk,n/a,4/4,75,Score in Half,No Gift Cards Slits,Yes 100 Envelopes 6.5X6.5
Majestic,Silk,6 x 12,Horizontal,Rectangle,16PT C2S,No Coating,Silk,n/a,4/0,100,Score in Half,No Gift Cards Slits,Yes 100 Envelopes 6.5X6.5
Majestic,Silk,6 x 12,Vertical,Rectangle,16PT C2S,No Coating,Silk,n/a,4/0,100,Score in Half,No Gift Cards Slits,Yes 100 Envelopes 6.5X6.5
Majestic,Silk,6 x 12,Horizontal,Rectangle,16PT C2S,No Coating,Silk,n/a,4/1,100,Score in Half,No Gift Cards Slits,Yes 100 Envelopes 6.5X6.5
Majestic,Silk,6 x 12,Vertical,Rectangle,16PT C2S,No Coating,Silk,n/a,4/1,100,Score in Half,No Gift Cards Slits,Yes 100 Envelopes 6.5X6.5
Majestic,Silk,6 x 12,Horizontal,Rectangle,16PT C2S,No Coating,Silk,n/a,4/4,100,Score in Half,No Gift Cards Slits,Yes 100 Envelopes 6.5X6.5
Majestic,Silk,6 x 12,Horizontal,Rectangle,16PT C2S,No Coating,Silk,n/a,4/0,250,Score in Half,No Gift Cards Slits,Yes 100 Envelopes 6.5X6.5
Majestic,Silk,6 x 12,Vertical,Rectangle,16PT C2S,No Coating,Silk,n/a,4/4,100,Score in Half,No Gift Cards Slits,Yes 100 Envelopes 6.5X6.5
Majestic,Silk,6 x 12,Vertical,Rectangle,16PT C2S,No Coating,Silk,n/a,4/0,250,Score in Half,No Gift Cards Slits,Yes 100 Envelopes 6.5X6.5
Majestic,Silk,6 x 12,Horizontal,Rectangle,16PT C2S,No Coating,Silk,n/a,4/1,250,Score in Half,No Gift Cards Slits,Yes 100 Envelopes 6.5X6.5
Majestic,Silk,6 x 12,Vertical,Rectangle,16PT C2S,No Coating,Silk,n/a,4/1,250,Score in Half,No Gift Cards Slits,Yes 100 Envelopes 6.5X6.5
Majestic,Silk,6 x 12,Horizontal,Rectangle,16PT C2S,No Coating,Silk,n/a,4/4,250,Score in Half,No Gift Cards Slits,Yes 100 Envelopes 6.5X6.5
Majestic,Silk,6 x 12,Vertical,Rectangle,16PT C2S,No Coating,Silk,n/a,4/4,250,Score in Half,No Gift Cards Slits,Yes 100 Envelopes 6.5X6.5
Majestic,Silk,6 x 12,Horizontal,Rectangle,16PT C2S,No Coating,Silk,n/a,4/0,500,Score in Half,No Gift Cards Slits,Yes 100 Envelopes 6.5X6.5
Majestic,Silk,6 x 12,Vertical,Rectangle,16PT C2S,No Coating,Silk,n/a,4/0,500,Score in Half,No Gift Cards Slits,Yes 100 Envelopes 6.5X6.5
Majestic,Silk,6 x 12,Horizontal,Rectangle,16PT C2S,No Coating,Silk,n/a,4/1,500,Score in Half,No Gift Cards Slits,Yes 100 Envelopes 6.5X6.5
Majestic,Silk,6 x 12,Vertical,Rectangle,16PT C2S,No Coating,Silk,n/a,4/1,500,Score in Half,No Gift Cards Slits,Yes 100 Envelopes 6.5X6.5
Majestic,Silk,6 x 12,Horizontal,Rectangle,16PT C2S,No Coating,Silk,n/a,4/4,500,Score in Half,No Gift Cards Slits,Yes 100 Envelopes 6.5X6.5
Majestic,Silk,6 x 12,Vertical,Rectangle,16PT C2S,No Coating,Silk,n/a,4/4,500,Score in Half,No Gift Cards Slits,Yes 100 Envelopes 6.5X6.5
Majestic,Silk,6 x 12,Horizontal,Rectangle,16PT C2S,No Coating,Silk,n/a,4/0,1000,Score in Half,No Gift Cards Slits,Yes 100 Envelopes 6.5X6.5
Majestic,Silk,6 x 12,Horizontal,Rectangle,16PT C2S,No Coating,Silk,n/a,4/1,1000,Score in Half,No Gift Cards Slits,Yes 100 Envelopes 6.5X6.5
Majestic,Silk,6 x 12,Vertical,Rectangle,16PT C2S,No Coating,Silk,n/a,4/0,1000,Score in Half,No Gift Cards Slits,Yes 100 Envelopes 6.5X6.5
Majestic,Silk,6 x 12,Vertical,Rectangle,16PT C2S,No Coating,Silk,n/a,4/1,1000,Score in Half,No Gift Cards Slits,Yes 100 Envelopes 6.5X6.5
Majestic,Silk,6 x 12,Horizontal,Rectangle,16PT C2S,No Coating,Silk,n/a,4/4,1000,Score in Half,No Gift Cards Slits,Yes 100 Envelopes 6.5X6.5
Majestic,Silk,6 x 12,Horizontal,Rectangle,16PT C2S,No Coating,Silk,n/a,4/0,2500,Score in Half,No Gift Cards Slits,Yes 100 Envelopes 6.5X6.5
Majestic,Silk,6 x 12,Vertical,Rectangle,16PT C2S,No Coating,Silk,n/a,4/4,1000,Score in Half,No Gift Cards Slits,Yes 100 Envelopes 6.5X6.5
Majestic,Silk,6 x 12,Vertical,Rectangle,16PT C2S,No Coating,Silk,n/a,4/0,2500,Score in Half,No Gift Cards Slits,Yes 100 Envelopes 6.5X6.5
Majestic,Silk,6 x 12,Horizontal,Rectangle,16PT C2S,No Coating,Silk,n/a,4/1,2500,Score in Half,No Gift Cards Slits,Yes 100 Envelopes 6.5X6.5
Majestic,Silk,6 x 12,Vertical,Rectangle,16PT C2S,No Coating,Silk,n/a,4/1,2500,Score in Half,No Gift Cards Slits,Yes 100 Envelopes 6.5X6.5
Majestic,Silk,6 x 12,Vertical,Rectangle,16PT C2S,No Coating,Silk,n/a,4/4,2500,Score in Half,No Gift Cards Slits,Yes 100 Envelopes 6.5X6.5
Majestic,Silk,6 x 12,Horizontal,Rectangle,16PT C2S,No Coating,Silk,n/a,4/4,2500,Score in Half,No Gift Cards Slits,Yes 100 Envelopes 6.5X6.5
Majestic,Silk,6 x 12,Horizontal,Rectangle,16PT C2S,No Coating,Silk,n/a,4/0,5000,Score in Half,No Gift Cards Slits,Yes 100 Envelopes 6.5X6.5
Majestic,Silk,6 x 12,Vertical,Rectangle,16PT C2S,No Coating,Silk,n/a,4/0,5000,Score in Half,No Gift Cards Slits,Yes 100 Envelopes 6.5X6.5
Majestic,Silk,6 x 12,Horizontal,Rectangle,16PT C2S,No Coating,Silk,n/a,4/1,5000,Score in Half,No Gift Cards Slits,Yes 100 Envelopes 6.5X6.5
Majestic,Silk,6 x 12,Horizontal,Rectangle,16PT C2S,No Coating,Silk,n/a,4/4,25,Score in Half,Moon Slits Right Panel,Yes 100 Envelopes 6.5X6.5
Majestic,Silk,6 x 12,Horizontal,Rectangle,16PT C2S,No Coating,Silk,n/a,4/4,5000,Score in Half,No Gift Cards Slits,Yes 100 Envelopes 6.5X6.5
Majestic,Silk,6 x 12,Vertical,Rectangle,16PT C2S,No Coating,Silk,n/a,4/4,5000,Score in Half,No Gift Cards Slits,Yes 100 Envelopes 6.5X6.5
Majestic,Silk,6 x 12,Horizontal,Rectangle,16PT C2S,No Coating,Silk,n/a,4/0,10000,Score in Half,No Gift Cards Slits,Yes 100 Envelopes 6.5X6.5
Majestic,Silk,6 x 12,Vertical,Rectangle,16PT C2S,No Coating,Silk,n/a,4/0,10000,Score in Half,No Gift Cards Slits,Yes 100 Envelopes 6.5X6.5
Majestic,Silk,6 x 12,Horizontal,Rectangle,16PT C2S,No Coating,Silk,n/a,4/1,10000,Score in Half,No Gift Cards Slits,Yes 100 Envelopes 6.5X6.5
Majestic,Silk,6 x 12,Vertical,Rectangle,16PT C2S,No Coating,Silk,n/a,4/1,10000,Score in Half,No Gift Cards Slits,Yes 100 Envelopes 6.5X6.5
Majestic,Silk,6 x 12,Horizontal,Rectangle,16PT C2S,No Coating,Silk,n/a,4/4,10000,Score in Half,No Gift Cards Slits,Yes 100 Envelopes 6.5X6.5
Majestic,Silk,6 x 12,Vertical,Rectangle,16PT C2S,No Coating,Silk,n/a,4/4,10000,Score in Half,No Gift Cards Slits,Yes 100 Envelopes 6.5X6.5
Majestic,Silk,6 x 12,Horizontal,Rectangle,16PT C2S,No Coating,Silk,n/a,4/0,25,Score in Half,Slide Slits Bottom Panel,Yes 100 Envelopes 6.5X6.5
Majestic,Silk,6 x 12,Vertical,Rectangle,16PT C2S,No Coating,Silk,n/a,4/0,25,Score in Half,Slide Slits Bottom Panel,Yes 100 Envelopes 6.5X6.5
Majestic,Silk,6 x 12,Horizontal,Rectangle,16PT C2S,No Coating,Silk,n/a,4/1,25,Score in Half,Slide Slits Bottom Panel,Yes 100 Envelopes 6.5X6.5
Majestic,Silk,6 x 12,Vertical,Rectangle,16PT C2S,No Coating,Silk,n/a,4/1,25,Score in Half,Slide Slits Bottom Panel,Yes 100 Envelopes 6.5X6.5
Majestic,Silk,6 x 12,Vertical,Rectangle,16PT C2S,No Coating,Silk,n/a,4/4,25,Score in Half,Slide Slits Bottom Panel,Yes 100 Envelopes 6.5X6.5
Majestic,Silk,6 x 12,Horizontal,Rectangle,16PT C2S,No Coating,Silk,n/a,4/4,25,Score in Half,Slide Slits Bottom Panel,Yes 100 Envelopes 6.5X6.5
Majestic,Silk,6 x 12,Horizontal,Rectangle,16PT C2S,No Coating,Silk,n/a,4/0,50,Score in Half,Slide Slits Bottom Panel,Yes 100 Envelopes 6.5X6.5
Majestic,Silk,6 x 12,Vertical,Rectangle,16PT C2S,No Coating,Silk,n/a,4/0,50,Score in Half,Slide Slits Bottom Panel,Yes 100 Envelopes 6.5X6.5
Majestic,Silk,6 x 12,Horizontal,Rectangle,16PT C2S,No Coating,Silk,n/a,4/1,50,Score in Half,Slide Slits Bottom Panel,Yes 100 Envelopes 6.5X6.5
Majestic,Silk,6 x 12,Horizontal,Rectangle,16PT C2S,No Coating,Silk,n/a,4/4,50,Score in Half,Slide Slits Bottom Panel,Yes 100 Envelopes 6.5X6.5
Majestic,Silk,6 x 12,Vertical,Rectangle,16PT C2S,No Coating,Silk,n/a,4/1,50,Score in Half,Slide Slits Bottom Panel,Yes 100 Envelopes 6.5X6.5
Majestic,Silk,6 x 12,Vertical,Rectangle,16PT C2S,No Coating,Silk,n/a,4/4,50,Score in Half,Slide Slits Bottom Panel,Yes 100 Envelopes 6.5X6.5
Majestic,Silk,6 x 12,Horizontal,Rectangle,16PT C2S,No Coating,Silk,n/a,4/0,75,Score in Half,Slide Slits Bottom Panel,Yes 100 Envelopes 6.5X6.5
Majestic,Silk,6 x 12,Vertical,Rectangle,16PT C2S,No Coating,Silk,n/a,4/0,75,Score in Half,Slide Slits Bottom Panel,Yes 100 Envelopes 6.5X6.5
Majestic,Silk,6 x 12,Horizontal,Rectangle,16PT C2S,No Coating,Silk,n/a,4/1,75,Score in Half,Slide Slits Bottom Panel,Yes 100 Envelopes 6.5X6.5
Majestic,Silk,6 x 12,Vertical,Rectangle,16PT C2S,No Coating,Silk,n/a,4/1,75,Score in Half,Slide Slits Bottom Panel,Yes 100 Envelopes 6.5X6.5
Majestic,Silk,6 x 12,Horizontal,Rectangle,16PT C2S,No Coating,Silk,n/a,4/4,75,Score in Half,Slide Slits Bottom Panel,Yes 100 Envelopes 6.5X6.5
Majestic,Silk,6 x 12,Vertical,Rectangle,16PT C2S,No Coating,Silk,n/a,4/4,75,Score in Half,Slide Slits Bottom Panel,Yes 100 Envelopes 6.5X6.5
Majestic,Silk,6 x 12,Horizontal,Rectangle,16PT C2S,No Coating,Silk,n/a,4/0,100,Score in Half,Slide Slits Bottom Panel,Yes 100 Envelopes 6.5X6.5
Majestic,Silk,6 x 12,Vertical,Rectangle,16PT C2S,No Coating,Silk,n/a,4/0,100,Score in Half,Slide Slits Bottom Panel,Yes 100 Envelopes 6.5X6.5
Majestic,Silk,6 x 12,Horizontal,Rectangle,16PT C2S,No Coating,Silk,n/a,4/1,100,Score in Half,Slide Slits Bottom Panel,Yes 100 Envelopes 6.5X6.5
Majestic,Silk,6 x 12,Vertical,Rectangle,16PT C2S,No Coating,Silk,n/a,4/1,100,Score in Half,Slide Slits Bottom Panel,Yes 100 Envelopes 6.5X6.5
Majestic,Silk,6 x 12,Vertical,Rectangle,16PT C2S,No Coating,Silk,n/a,4/4,100,Score in Half,Slide Slits Bottom Panel,Yes 100 Envelopes 6.5X6.5
Majestic,Silk,6 x 12,Horizontal,Rectangle,16PT C2S,No Coating,Silk,n/a,4/4,100,Score in Half,Slide Slits Bottom Panel,Yes 100 Envelopes 6.5X6.5
Majestic,Silk,6 x 12,Horizontal,Rectangle,16PT C2S,No Coating,Silk,n/a,4/0,250,Score in Half,Slide Slits Bottom Panel,Yes 100 Envelopes 6.5X6.5
Majestic,Silk,6 x 12,Vertical,Rectangle,16PT C2S,No Coating,Silk,n/a,4/0,250,Score in Half,Slide Slits Bottom Panel,Yes 100 Envelopes 6.5X6.5
Majestic,Silk,6 x 12,Horizontal,Rectangle,16PT C2S,No Coating,Silk,n/a,4/1,250,Score in Half,Slide Slits Bottom Panel,Yes 100 Envelopes 6.5X6.5
Majestic,Silk,6 x 12,Vertical,Rectangle,16PT C2S,No Coating,Silk,n/a,4/1,250,Score in Half,Slide Slits Bottom Panel,Yes 100 Envelopes 6.5X6.5
Majestic,Silk,6 x 12,Vertical,Rectangle,16PT C2S,No Coating,Silk,n/a,4/4,250,Score in Half,Slide Slits Bottom Panel,Yes 100 Envelopes 6.5X6.5
Majestic,Silk,6 x 12,Horizontal,Rectangle,16PT C2S,No Coating,Silk,n/a,4/4,250,Score in Half,Slide Slits Bottom Panel,Yes 100 Envelopes 6.5X6.5
Majestic,Silk,6 x 12,Horizontal,Rectangle,16PT C2S,No Coating,Silk,n/a,4/0,500,Score in Half,Slide Slits Bottom Panel,Yes 100 Envelopes 6.5X6.5
Majestic,Silk,6 x 12,Vertical,Rectangle,16PT C2S,No Coating,Silk,n/a,4/0,500,Score in Half,Slide Slits Bottom Panel,Yes 100 Envelopes 6.5X6.5
Majestic,Silk,6 x 12,Horizontal,Rectangle,16PT C2S,No Coating,Silk,n/a,4/1,500,Score in Half,Slide Slits Bottom Panel,Yes 100 Envelopes 6.5X6.5
Majestic,Silk,6 x 12,Vertical,Rectangle,16PT C2S,No Coating,Silk,n/a,4/1,500,Score in Half,Slide Slits Bottom Panel,Yes 100 Envelopes 6.5X6.5
Majestic,Silk,6 x 12,Horizontal,Rectangle,16PT C2S,No Coating,Silk,n/a,4/4,500,Score in Half,Slide Slits Bottom Panel,Yes 100 Envelopes 6.5X6.5
Majestic,Silk,6 x 12,Vertical,Rectangle,16PT C2S,No Coating,Silk,n/a,4/4,500,Score in Half,Slide Slits Bottom Panel,Yes 100 Envelopes 6.5X6.5
Majestic,Silk,6 x 12,Horizontal,Rectangle,16PT C2S,No Coating,Silk,n/a,4/0,1000,Score in Half,Slide Slits Bottom Panel,Yes 100 Envelopes 6.5X6.5
Majestic,Silk,6 x 12,Vertical,Rectangle,16PT C2S,No Coating,Silk,n/a,4/0,1000,Score in Half,Slide Slits Bottom Panel,Yes 100 Envelopes 6.5X6.5
Majestic,Silk,6 x 12,Horizontal,Rectangle,16PT C2S,No Coating,Silk,n/a,4/1,1000,Score in Half,Slide Slits Bottom Panel,Yes 100 Envelopes 6.5X6.5
Majestic,Silk,6 x 12,Vertical,Rectangle,16PT C2S,No Coating,Silk,n/a,4/1,1000,Score in Half,Slide Slits Bottom Panel,Yes 100 Envelopes 6.5X6.5
Majestic,Silk,6 x 12,Horizontal,Rectangle,16PT C2S,No Coating,Silk,n/a,4/4,1000,Score in Half,Slide Slits Bottom Panel,Yes 100 Envelopes 6.5X6.5
Majestic,Silk,6 x 12,Vertical,Rectangle,16PT C2S,No Coating,Silk,n/a,4/4,1000,Score in Half,Slide Slits Bottom Panel,Yes 100 Envelopes 6.5X6.5
Majestic,Silk,6 x 12,Horizontal,Rectangle,16PT C2S,No Coating,Silk,n/a,4/0,2500,Score in Half,Slide Slits Bottom Panel,Yes 100 Envelopes 6.5X6.5
Majestic,Silk,6 x 12,Vertical,Rectangle,16PT C2S,No Coating,Silk,n/a,4/0,2500,Score in Half,Slide Slits Bottom Panel,Yes 100 Envelopes 6.5X6.5
Majestic,Silk,6 x 12,Vertical,Rectangle,16PT C2S,No Coating,Silk,n/a,4/1,2500,Score in Half,Slide Slits Bottom Panel,Yes 100 Envelopes 6.5X6.5
Majestic,Silk,6 x 12,Horizontal,Rectangle,16PT C2S,No Coating,Silk,n/a,4/1,2500,Score in Half,Slide Slits Bottom Panel,Yes 100 Envelopes 6.5X6.5
Majestic,Silk,6 x 12,Horizontal,Rectangle,16PT C2S,No Coating,Silk,n/a,4/4,2500,Score in Half,Slide Slits Bottom Panel,Yes 100 Envelopes 6.5X6.5
Majestic,Silk,6 x 12,Vertical,Rectangle,16PT C2S,No Coating,Silk,n/a,4/4,2500,Score in Half,Slide Slits Bottom Panel,Yes 100 Envelopes 6.5X6.5
Majestic,Silk,6 x 12,Vertical,Rectangle,16PT C2S,No Coating,Silk,n/a,4/0,5000,Score in Half,Slide Slits Bottom Panel,Yes 100 Envelopes 6.5X6.5
Majestic,Silk,6 x 12,Horizontal,Rectangle,16PT C2S,No Coating,Silk,n/a,4/1,5000,Score in Half,Slide Slits Bottom Panel,Yes 100 Envelopes 6.5X6.5
Majestic,Silk,6 x 12,Vertical,Rectangle,16PT C2S,No Coating,Silk,n/a,4/1,5000,Score in Half,Slide Slits Bottom Panel,Yes 100 Envelopes 6.5X6.5
Majestic,Silk,6 x 12,Horizontal,Rectangle,16PT C2S,No Coating,Silk,n/a,4/0,5000,Score in Half,Slide Slits Bottom Panel,Yes 100 Envelopes 6.5X6.5
Majestic,Silk,6 x 12,Horizontal,Rectangle,16PT C2S,No Coating,Silk,n/a,4/4,5000,Score in Half,Slide Slits Bottom Panel,Yes 100 Envelopes 6.5X6.5
Majestic,Silk,6 x 12,Vertical,Rectangle,16PT C2S,No Coating,Silk,n/a,4/4,5000,Score in Half,Slide Slits Bottom Panel,Yes 100 Envelopes 6.5X6.5
Majestic,Silk,6 x 12,Horizontal,Rectangle,16PT C2S,No Coating,Silk,n/a,4/0,10000,Score in Half,Slide Slits Bottom Panel,Yes 100 Envelopes 6.5X6.5
Majestic,Silk,6 x 12,Vertical,Rectangle,16PT C2S,No Coating,Silk,n/a,4/0,10000,Score in Half,Slide Slits Bottom Panel,Yes 100 Envelopes 6.5X6.5
Majestic,Silk,6 x 12,Horizontal,Rectangle,16PT C2S,No Coating,Silk,n/a,4/1,10000,Score in Half,Slide Slits Bottom Panel,Yes 100 Envelopes 6.5X6.5
Majestic,Silk,6 x 12,Vertical,Rectangle,16PT C2S,No Coating,Silk,n/a,4/1,10000,Score in Half,Slide Slits Bottom Panel,Yes 100 Envelopes 6.5X6.5
Majestic,Silk,6 x 12,Horizontal,Rectangle,16PT C2S,No Coating,Silk,n/a,4/4,10000,Score in Half,Slide Slits Bottom Panel,Yes 100 Envelopes 6.5X6.5
Majestic,Silk,6 x 12,Vertical,Rectangle,16PT C2S,No Coating,Silk,n/a,4/4,10000,Score in Half,Slide Slits Bottom Panel,Yes 100 Envelopes 6.5X6.5
Majestic,Silk,6 x 12,Horizontal,Rectangle,16PT C2S,No Coating,Silk,n/a,4/0,25,Score in Half,Slide Slits Right Panel,Yes 100 Envelopes 6.5X6.5
Majestic,Silk,6 x 12,Vertical,Rectangle,16PT C2S,No Coating,Silk,n/a,4/0,25,Score in Half,Slide Slits Right Panel,Yes 100 Envelopes 6.5X6.5
Majestic,Silk,6 x 12,Horizontal,Rectangle,16PT C2S,No Coating,Silk,n/a,4/1,25,Score in Half,Slide Slits Right Panel,Yes 100 Envelopes 6.5X6.5
Majestic,Silk,6 x 12,Vertical,Rectangle,16PT C2S,No Coating,Silk,n/a,4/1,25,Score in Half,Slide Slits Right Panel,Yes 100 Envelopes 6.5X6.5
Majestic,Silk,6 x 12,Horizontal,Rectangle,16PT C2S,No Coating,Silk,n/a,4/4,25,Score in Half,Slide Slits Right Panel,Yes 100 Envelopes 6.5X6.5
Majestic,Silk,6 x 12,Vertical,Rectangle,16PT C2S,No Coating,Silk,n/a,4/4,25,Score in Half,Slide Slits Right Panel,Yes 100 Envelopes 6.5X6.5
Majestic,Silk,6 x 12,Horizontal,Rectangle,16PT C2S,No Coating,Silk,n/a,4/0,50,Score in Half,Slide Slits Right Panel,Yes 100 Envelopes 6.5X6.5
Majestic,Silk,6 x 12,Vertical,Rectangle,16PT C2S,No Coating,Silk,n/a,4/0,50,Score in Half,Slide Slits Right Panel,Yes 100 Envelopes 6.5X6.5
Majestic,Silk,6 x 12,Horizontal,Rectangle,16PT C2S,No Coating,Silk,n/a,4/1,50,Score in Half,Slide Slits Right Panel,Yes 100 Envelopes 6.5X6.5
Majestic,Silk,6 x 12,Vertical,Rectangle,16PT C2S,No Coating,Silk,n/a,4/1,50,Score in Half,Slide Slits Right Panel,Yes 100 Envelopes 6.5X6.5
Majestic,Silk,6 x 12,Vertical,Rectangle,16PT C2S,No Coating,Silk,n/a,4/4,50,Score in Half,Slide Slits Right Panel,Yes 100 Envelopes 6.5X6.5
Majestic,Silk,6 x 12,Horizontal,Rectangle,16PT C2S,No Coating,Silk,n/a,4/4,50,Score in Half,Slide Slits Right Panel,Yes 100 Envelopes 6.5X6.5
Majestic,Silk,6 x 12,Horizontal,Rectangle,16PT C2S,No Coating,Silk,n/a,4/0,75,Score in Half,Slide Slits Right Panel,Yes 100 Envelopes 6.5X6.5
Majestic,Silk,6 x 12,Vertical,Rectangle,16PT C2S,No Coating,Silk,n/a,4/0,75,Score in Half,Slide Slits Right Panel,Yes 100 Envelopes 6.5X6.5
Majestic,Silk,6 x 12,Horizontal,Rectangle,16PT C2S,No Coating,Silk,n/a,4/1,75,Score in Half,Slide Slits Right Panel,Yes 100 Envelopes 6.5X6.5
Majestic,Silk,6 x 12,Horizontal,Rectangle,16PT C2S,No Coating,Silk,n/a,4/4,75,Score in Half,Slide Slits Right Panel,Yes 100 Envelopes 6.5X6.5
Majestic,Silk,6 x 12,Vertical,Rectangle,16PT C2S,No Coating,Silk,n/a,4/4,75,Score in Half,Slide Slits Right Panel,Yes 100 Envelopes 6.5X6.5
Majestic,Silk,6 x 12,Vertical,Rectangle,16PT C2S,No Coating,Silk,n/a,4/1,75,Score in Half,Slide Slits Right Panel,Yes 100 Envelopes 6.5X6.5
Majestic,Silk,6 x 12,Horizontal,Rectangle,16PT C2S,No Coating,Silk,n/a,4/0,100,Score in Half,Slide Slits Right Panel,Yes 100 Envelopes 6.5X6.5
Majestic,Silk,6 x 12,Vertical,Rectangle,16PT C2S,No Coating,Silk,n/a,4/0,100,Score in Half,Slide Slits Right Panel,Yes 100 Envelopes 6.5X6.5
Majestic,Silk,6 x 12,Vertical,Rectangle,16PT C2S,No Coating,Silk,n/a,4/1,100,Score in Half,Slide Slits Right Panel,Yes 100 Envelopes 6.5X6.5
Majestic,Silk,6 x 12,Horizontal,Rectangle,16PT C2S,No Coating,Silk,n/a,4/1,100,Score in Half,Slide Slits Right Panel,Yes 100 Envelopes 6.5X6.5
Majestic,Silk,6 x 12,Horizontal,Rectangle,16PT C2S,No Coating,Silk,n/a,4/4,100,Score in Half,Slide Slits Right Panel,Yes 100 Envelopes 6.5X6.5
Majestic,Silk,6 x 12,Vertical,Rectangle,16PT C2S,No Coating,Silk,n/a,4/4,100,Score in Half,Slide Slits Right Panel,Yes 100 Envelopes 6.5X6.5
Majestic,Silk,6 x 12,Vertical,Rectangle,16PT C2S,No Coating,Silk,n/a,4/0,250,Score in Half,Slide Slits Right Panel,Yes 100 Envelopes 6.5X6.5
Majestic,Silk,6 x 12,Horizontal,Rectangle,16PT C2S,No Coating,Silk,n/a,4/1,250,Score in Half,Slide Slits Right Panel,Yes 100 Envelopes 6.5X6.5
Majestic,Silk,6 x 12,Horizontal,Rectangle,16PT C2S,No Coating,Silk,n/a,4/0,250,Score in Half,Slide Slits Right Panel,Yes 100 Envelopes 6.5X6.5
Majestic,Silk,6 x 12,Vertical,Rectangle,16PT C2S,No Coating,Silk,n/a,4/1,250,Score in Half,Slide Slits Right Panel,Yes 100 Envelopes 6.5X6.5
Majestic,Silk,6 x 12,Horizontal,Rectangle,16PT C2S,No Coating,Silk,n/a,4/4,250,Score in Half,Slide Slits Right Panel,Yes 100 Envelopes 6.5X6.5
Majestic,Silk,6 x 12,Vertical,Rectangle,16PT C2S,No Coating,Silk,n/a,4/4,250,Score in Half,Slide Slits Right Panel,Yes 100 Envelopes 6.5X6.5
Majestic,Silk,6 x 12,Horizontal,Rectangle,16PT C2S,No Coating,Silk,n/a,4/0,500,Score in Half,Slide Slits Right Panel,Yes 100 Envelopes 6.5X6.5
Majestic,Silk,6 x 12,Vertical,Rectangle,16PT C2S,No Coating,Silk,n/a,4/0,500,Score in Half,Slide Slits Right Panel,Yes 100 Envelopes 6.5X6.5
Majestic,Silk,6 x 12,Horizontal,Rectangle,16PT C2S,No Coating,Silk,n/a,4/1,500,Score in Half,Slide Slits Right Panel,Yes 100 Envelopes 6.5X6.5
Majestic,Silk,6 x 12,Vertical,Rectangle,16PT C2S,No Coating,Silk,n/a,4/1,500,Score in Half,Slide Slits Right Panel,Yes 100 Envelopes 6.5X6.5
Majestic,Silk,6 x 12,Horizontal,Rectangle,16PT C2S,No Coating,Silk,n/a,4/4,500,Score in Half,Slide Slits Right Panel,Yes 100 Envelopes 6.5X6.5
Majestic,Silk,6 x 12,Vertical,Rectangle,16PT C2S,No Coating,Silk,n/a,4/4,500,Score in Half,Slide Slits Right Panel,Yes 100 Envelopes 6.5X6.5
Majestic,Silk,6 x 12,Horizontal,Rectangle,16PT C2S,No Coating,Silk,n/a,4/0,1000,Score in Half,Slide Slits Right Panel,Yes 100 Envelopes 6.5X6.5
Majestic,Silk,6 x 12,Vertical,Rectangle,16PT C2S,No Coating,Silk,n/a,4/0,1000,Score in Half,Slide Slits Right Panel,Yes 100 Envelopes 6.5X6.5
Majestic,Silk,6 x 12,Horizontal,Rectangle,16PT C2S,No Coating,Silk,n/a,4/1,1000,Score in Half,Slide Slits Right Panel,Yes 100 Envelopes 6.5X6.5
Majestic,Silk,6 x 12,Vertical,Rectangle,16PT C2S,No Coating,Silk,n/a,4/1,1000,Score in Half,Slide Slits Right Panel,Yes 100 Envelopes 6.5X6.5
Majestic,Silk,6 x 12,Horizontal,Rectangle,16PT C2S,No Coating,Silk,n/a,4/4,1000,Score in Half,Slide Slits Right Panel,Yes 100 Envelopes 6.5X6.5
Majestic,Silk,6 x 12,Vertical,Rectangle,16PT C2S,No Coating,Silk,n/a,4/4,1000,Score in Half,Slide Slits Right Panel,Yes 100 Envelopes 6.5X6.5
Majestic,Silk,6 x 12,Horizontal,Rectangle,16PT C2S,No Coating,Silk,n/a,4/0,2500,Score in Half,Slide Slits Right Panel,Yes 100 Envelopes 6.5X6.5
Majestic,Silk,6 x 12,Horizontal,Rectangle,16PT C2S,No Coating,Silk,n/a,4/1,2500,Score in Half,Slide Slits Right Panel,Yes 100 Envelopes 6.5X6.5
Majestic,Silk,6 x 12,Vertical,Rectangle,16PT C2S,No Coating,Silk,n/a,4/0,2500,Score in Half,Slide Slits Right Panel,Yes 100 Envelopes 6.5X6.5
Majestic,Silk,6 x 12,Vertical,Rectangle,16PT C2S,No Coating,Silk,n/a,4/1,2500,Score in Half,Slide Slits Right Panel,Yes 100 Envelopes 6.5X6.5
Majestic,Silk,6 x 12,Horizontal,Rectangle,16PT C2S,No Coating,Silk,n/a,4/4,2500,Score in Half,Slide Slits Right Panel,Yes 100 Envelopes 6.5X6.5
Majestic,Silk,6 x 12,Vertical,Rectangle,16PT C2S,No Coating,Silk,n/a,4/4,2500,Score in Half,Slide Slits Right Panel,Yes 100 Envelopes 6.5X6.5
Majestic,Silk,6 x 12,Horizontal,Rectangle,16PT C2S,No Coating,Silk,n/a,4/0,5000,Score in Half,Slide Slits Right Panel,Yes 100 Envelopes 6.5X6.5
Majestic,Silk,6 x 12,Vertical,Rectangle,16PT C2S,No Coating,Silk,n/a,4/0,5000,Score in Half,Slide Slits Right Panel,Yes 100 Envelopes 6.5X6.5
Majestic,Silk,6 x 12,Horizontal,Rectangle,16PT C2S,No Coating,Silk,n/a,4/1,5000,Score in Half,Slide Slits Right Panel,Yes 100 Envelopes 6.5X6.5
Majestic,Silk,6 x 12,Horizontal,Rectangle,16PT C2S,No Coating,Silk,n/a,4/4,5000,Score in Half,Slide Slits Right Panel,Yes 100 Envelopes 6.5X6.5
Majestic,Silk,6 x 12,Vertical,Rectangle,16PT C2S,No Coating,Silk,n/a,4/1,5000,Score in Half,Slide Slits Right Panel,Yes 100 Envelopes 6.5X6.5
Majestic,Silk,6 x 12,Vertical,Rectangle,16PT C2S,No Coating,Silk,n/a,4/4,5000,Score in Half,Slide Slits Right Panel,Yes 100 Envelopes 6.5X6.5
Majestic,Silk,6 x 12,Horizontal,Rectangle,16PT C2S,No Coating,Silk,n/a,4/0,10000,Score in Half,Slide Slits Right Panel,Yes 100 Envelopes 6.5X6.5
Majestic,Silk,6 x 12,Vertical,Rectangle,16PT C2S,No Coating,Silk,n/a,4/0,10000,Score in Half,Slide Slits Right Panel,Yes 100 Envelopes 6.5X6.5
Majestic,Silk,6 x 12,Horizontal,Rectangle,16PT C2S,No Coating,Silk,n/a,4/1,10000,Score in Half,Slide Slits Right Panel,Yes 100 Envelopes 6.5X6.5
Majestic,Silk,6 x 12,Vertical,Rectangle,16PT C2S,No Coating,Silk,n/a,4/1,10000,Score in Half,Slide Slits Right Panel,Yes 100 Envelopes 6.5X6.5
Majestic,Silk,6 x 12,Horizontal,Rectangle,16PT C2S,No Coating,Silk,n/a,4/4,10000,Score in Half,Slide Slits Right Panel,Yes 100 Envelopes 6.5X6.5
Majestic,Silk,6 x 12,Vertical,Rectangle,16PT C2S,No Coating,Silk,n/a,4/4,10000,Score in Half,Slide Slits Right Panel,Yes 100 Envelopes 6.5X6.5
Majestic,Silk,6 x 12,Horizontal,Rectangle,16PT C2S,No Coating,Silk,n/a,4/0,25,Score in Half,Moon Slits Bottom Panel,Yes 250 Envelopes 6.5X6.5
Majestic,Silk,6 x 12,Horizontal,Rectangle,16PT C2S,No Coating,Silk,n/a,4/1,25,Score in Half,Moon Slits Bottom Panel,Yes 250 Envelopes 6.5X6.5
Majestic,Silk,6 x 12,Vertical,Rectangle,16PT C2S,No Coating,Silk,n/a,4/0,25,Score in Half,Moon Slits Bottom Panel,Yes 250 Envelopes 6.5X6.5
Majestic,Silk,6 x 12,Vertical,Rectangle,16PT C2S,No Coating,Silk,n/a,4/1,25,Score in Half,Moon Slits Bottom Panel,Yes 250 Envelopes 6.5X6.5
Majestic,Silk,6 x 12,Horizontal,Rectangle,16PT C2S,No Coating,Silk,n/a,4/4,25,Score in Half,Moon Slits Bottom Panel,Yes 250 Envelopes 6.5X6.5
Majestic,Silk,6 x 12,Horizontal,Rectangle,16PT C2S,No Coating,Silk,n/a,4/1,2500,Score in Half,Slide Slits Bottom Panel,Yes 75 Envelopes 6.5X6.5
Majestic,Silk,6 x 12,Horizontal,Rectangle,16PT C2S,No Coating,Silk,n/a,4/0,50,Score in Half,Moon Slits Bottom Panel,Yes 250 Envelopes 6.5X6.5
Majestic,Silk,6 x 12,Vertical,Rectangle,16PT C2S,No Coating,Silk,n/a,4/0,50,Score in Half,Moon Slits Bottom Panel,Yes 250 Envelopes 6.5X6.5
Majestic,Silk,6 x 12,Horizontal,Rectangle,16PT C2S,No Coating,Silk,n/a,4/1,50,Score in Half,Moon Slits Bottom Panel,Yes 250 Envelopes 6.5X6.5
Majestic,Silk,6 x 12,Vertical,Rectangle,16PT C2S,No Coating,Silk,n/a,4/1,50,Score in Half,Moon Slits Bottom Panel,Yes 250 Envelopes 6.5X6.5
Majestic,Silk,6 x 12,Horizontal,Rectangle,16PT C2S,No Coating,Silk,n/a,4/4,50,Score in Half,Moon Slits Bottom Panel,Yes 250 Envelopes 6.5X6.5
Majestic,Silk,6 x 12,Vertical,Rectangle,16PT C2S,No Coating,Silk,n/a,4/4,50,Score in Half,Moon Slits Bottom Panel,Yes 250 Envelopes 6.5X6.5
Majestic,Silk,6 x 12,Horizontal,Rectangle,16PT C2S,No Coating,Silk,n/a,4/0,75,Score in Half,Moon Slits Bottom Panel,Yes 250 Envelopes 6.5X6.5
Majestic,Silk,6 x 12,Vertical,Rectangle,16PT C2S,No Coating,Silk,n/a,4/0,75,Score in Half,Moon Slits Bottom Panel,Yes 250 Envelopes 6.5X6.5
Majestic,Silk,6 x 12,Horizontal,Rectangle,16PT C2S,No Coating,Silk,n/a,4/1,75,Score in Half,Moon Slits Bottom Panel,Yes 250 Envelopes 6.5X6.5
Majestic,Silk,6 x 12,Vertical,Rectangle,16PT C2S,No Coating,Silk,n/a,4/1,75,Score in Half,Moon Slits Bottom Panel,Yes 250 Envelopes 6.5X6.5
Majestic,Silk,6 x 12,Horizontal,Rectangle,16PT C2S,No Coating,Silk,n/a,4/4,75,Score in Half,Moon Slits Bottom Panel,Yes 250 Envelopes 6.5X6.5
Majestic,Silk,6 x 12,Vertical,Rectangle,16PT C2S,No Coating,Silk,n/a,4/4,75,Score in Half,Moon Slits Bottom Panel,Yes 250 Envelopes 6.5X6.5
Majestic,Silk,6 x 12,Horizontal,Rectangle,16PT C2S,No Coating,Silk,n/a,4/0,100,Score in Half,Moon Slits Bottom Panel,Yes 250 Envelopes 6.5X6.5
Majestic,Silk,6 x 12,Vertical,Rectangle,16PT C2S,No Coating,Silk,n/a,4/0,100,Score in Half,Moon Slits Bottom Panel,Yes 250 Envelopes 6.5X6.5
Majestic,Silk,6 x 12,Horizontal,Rectangle,16PT C2S,No Coating,Silk,n/a,4/1,100,Score in Half,Moon Slits Bottom Panel,Yes 250 Envelopes 6.5X6.5
Majestic,Silk,6 x 12,Vertical,Rectangle,16PT C2S,No Coating,Silk,n/a,4/1,100,Score in Half,Moon Slits Bottom Panel,Yes 250 Envelopes 6.5X6.5
Majestic,Silk,6 x 12,Horizontal,Rectangle,16PT C2S,No Coating,Silk,n/a,4/4,100,Score in Half,Moon Slits Bottom Panel,Yes 250 Envelopes 6.5X6.5
Majestic,Silk,6 x 12,Vertical,Rectangle,16PT C2S,No Coating,Silk,n/a,4/4,100,Score in Half,Moon Slits Bottom Panel,Yes 250 Envelopes 6.5X6.5
Majestic,Silk,6 x 12,Horizontal,Rectangle,16PT C2S,No Coating,Silk,n/a,4/0,250,Score in Half,Moon Slits Bottom Panel,Yes 250 Envelopes 6.5X6.5
Majestic,Silk,6 x 12,Vertical,Rectangle,16PT C2S,No Coating,Silk,n/a,4/0,250,Score in Half,Moon Slits Bottom Panel,Yes 250 Envelopes 6.5X6.5
Majestic,Silk,6 x 12,Vertical,Rectangle,16PT C2S,No Coating,Silk,n/a,4/4,25,Score in Half,Moon Slits Bottom Panel,Yes 250 Envelopes 6.5X6.5
Majestic,Silk,6 x 12,Vertical,Rectangle,16PT C2S,No Coating,Silk,n/a,4/1,250,Score in Half,Moon Slits Bottom Panel,Yes 250 Envelopes 6.5X6.5
Majestic,Silk,6 x 12,Horizontal,Rectangle,16PT C2S,No Coating,Silk,n/a,4/4,250,Score in Half,Moon Slits Bottom Panel,Yes 250 Envelopes 6.5X6.5
Majestic,Silk,6 x 12,Vertical,Rectangle,16PT C2S,No Coating,Silk,n/a,4/4,250,Score in Half,Moon Slits Bottom Panel,Yes 250 Envelopes 6.5X6.5
Majestic,Silk,6 x 12,Horizontal,Rectangle,16PT C2S,No Coating,Silk,n/a,4/0,500,Score in Half,Moon Slits Bottom Panel,Yes 250 Envelopes 6.5X6.5
Majestic,Silk,6 x 12,Vertical,Rectangle,16PT C2S,No Coating,Silk,n/a,4/0,500,Score in Half,Moon Slits Bottom Panel,Yes 250 Envelopes 6.5X6.5
Majestic,Silk,6 x 12,Horizontal,Rectangle,16PT C2S,No Coating,Silk,n/a,4/1,500,Score in Half,Moon Slits Bottom Panel,Yes 250 Envelopes 6.5X6.5
Majestic,Silk,6 x 12,Vertical,Rectangle,16PT C2S,No Coating,Silk,n/a,4/1,500,Score in Half,Moon Slits Bottom Panel,Yes 250 Envelopes 6.5X6.5
Majestic,Silk,6 x 12,Vertical,Rectangle,16PT C2S,No Coating,Silk,n/a,4/4,500,Score in Half,Moon Slits Bottom Panel,Yes 250 Envelopes 6.5X6.5
Majestic,Silk,6 x 12,Horizontal,Rectangle,16PT C2S,No Coating,Silk,n/a,4/4,500,Score in Half,Moon Slits Bottom Panel,Yes 250 Envelopes 6.5X6.5
Majestic,Silk,6 x 12,Horizontal,Rectangle,16PT C2S,No Coating,Silk,n/a,4/0,1000,Score in Half,Moon Slits Bottom Panel,Yes 250 Envelopes 6.5X6.5
Majestic,Silk,6 x 12,Vertical,Rectangle,16PT C2S,No Coating,Silk,n/a,4/0,1000,Score in Half,Moon Slits Bottom Panel,Yes 250 Envelopes 6.5X6.5
Majestic,Silk,6 x 12,Horizontal,Rectangle,16PT C2S,No Coating,Silk,n/a,4/1,1000,Score in Half,Moon Slits Bottom Panel,Yes 250 Envelopes 6.5X6.5
Majestic,Silk,6 x 12,Vertical,Rectangle,16PT C2S,No Coating,Silk,n/a,4/1,1000,Score in Half,Moon Slits Bottom Panel,Yes 250 Envelopes 6.5X6.5
Majestic,Silk,6 x 12,Horizontal,Rectangle,16PT C2S,No Coating,Silk,n/a,4/4,1000,Score in Half,Moon Slits Bottom Panel,Yes 250 Envelopes 6.5X6.5
Majestic,Silk,6 x 12,Vertical,Rectangle,16PT C2S,No Coating,Silk,n/a,4/4,1000,Score in Half,Moon Slits Bottom Panel,Yes 250 Envelopes 6.5X6.5
Majestic,Silk,6 x 12,Horizontal,Rectangle,16PT C2S,No Coating,Silk,n/a,4/0,2500,Score in Half,Moon Slits Bottom Panel,Yes 250 Envelopes 6.5X6.5
Majestic,Silk,6 x 12,Vertical,Rectangle,16PT C2S,No Coating,Silk,n/a,4/0,2500,Score in Half,Moon Slits Bottom Panel,Yes 250 Envelopes 6.5X6.5
Majestic,Silk,6 x 12,Horizontal,Rectangle,16PT C2S,No Coating,Silk,n/a,4/1,2500,Score in Half,Moon Slits Bottom Panel,Yes 250 Envelopes 6.5X6.5
Majestic,Silk,6 x 12,Vertical,Rectangle,16PT C2S,No Coating,Silk,n/a,4/1,2500,Score in Half,Moon Slits Bottom Panel,Yes 250 Envelopes 6.5X6.5
Majestic,Silk,6 x 12,Horizontal,Rectangle,16PT C2S,No Coating,Silk,n/a,4/4,2500,Score in Half,Moon Slits Bottom Panel,Yes 250 Envelopes 6.5X6.5
Majestic,Silk,6 x 12,Vertical,Rectangle,16PT C2S,No Coating,Silk,n/a,4/4,2500,Score in Half,Moon Slits Bottom Panel,Yes 250 Envelopes 6.5X6.5
Majestic,Silk,6 x 12,Horizontal,Rectangle,16PT C2S,No Coating,Silk,n/a,4/0,5000,Score in Half,Moon Slits Bottom Panel,Yes 250 Envelopes 6.5X6.5
Majestic,Silk,6 x 12,Vertical,Rectangle,16PT C2S,No Coating,Silk,n/a,4/0,5000,Score in Half,Moon Slits Bottom Panel,Yes 250 Envelopes 6.5X6.5
Majestic,Silk,6 x 12,Horizontal,Rectangle,16PT C2S,No Coating,Silk,n/a,4/1,5000,Score in Half,Moon Slits Bottom Panel,Yes 250 Envelopes 6.5X6.5
Majestic,Silk,6 x 12,Vertical,Rectangle,16PT C2S,No Coating,Silk,n/a,4/1,5000,Score in Half,Moon Slits Bottom Panel,Yes 250 Envelopes 6.5X6.5
Majestic,Silk,6 x 12,Horizontal,Rectangle,16PT C2S,No Coating,Silk,n/a,4/4,5000,Score in Half,Moon Slits Bottom Panel,Yes 250 Envelopes 6.5X6.5
Majestic,Silk,6 x 12,Vertical,Rectangle,16PT C2S,No Coating,Silk,n/a,4/4,5000,Score in Half,Moon Slits Bottom Panel,Yes 250 Envelopes 6.5X6.5
Majestic,Silk,6 x 12,Horizontal,Rectangle,16PT C2S,No Coating,Silk,n/a,4/0,10000,Score in Half,Moon Slits Bottom Panel,Yes 250 Envelopes 6.5X6.5
Majestic,Silk,6 x 12,Vertical,Rectangle,16PT C2S,No Coating,Silk,n/a,4/0,10000,Score in Half,Moon Slits Bottom Panel,Yes 250 Envelopes 6.5X6.5
Majestic,Silk,6 x 12,Horizontal,Rectangle,16PT C2S,No Coating,Silk,n/a,4/1,10000,Score in Half,Moon Slits Bottom Panel,Yes 250 Envelopes 6.5X6.5
Majestic,Silk,6 x 12,Vertical,Rectangle,16PT C2S,No Coating,Silk,n/a,4/1,10000,Score in Half,Moon Slits Bottom Panel,Yes 250 Envelopes 6.5X6.5
Majestic,Silk,6 x 12,Horizontal,Rectangle,16PT C2S,No Coating,Silk,n/a,4/4,10000,Score in Half,Moon Slits Bottom Panel,Yes 250 Envelopes 6.5X6.5
Majestic,Silk,6 x 12,Vertical,Rectangle,16PT C2S,No Coating,Silk,n/a,4/4,10000,Score in Half,Moon Slits Bottom Panel,Yes 250 Envelopes 6.5X6.5
Majestic,Silk,6 x 12,Horizontal,Rectangle,16PT C2S,No Coating,Silk,n/a,4/0,25,Score in Half,Moon Slits Right Panel,Yes 250 Envelopes 6.5X6.5
Majestic,Silk,6 x 12,Vertical,Rectangle,16PT C2S,No Coating,Silk,n/a,4/0,25,Score in Half,Moon Slits Right Panel,Yes 250 Envelopes 6.5X6.5
Majestic,Silk,6 x 12,Horizontal,Rectangle,16PT C2S,No Coating,Silk,n/a,4/1,25,Score in Half,Moon Slits Right Panel,Yes 250 Envelopes 6.5X6.5
Majestic,Silk,6 x 12,Vertical,Rectangle,16PT C2S,No Coating,Silk,n/a,4/1,25,Score in Half,Moon Slits Right Panel,Yes 250 Envelopes 6.5X6.5
Majestic,Silk,6 x 12,Horizontal,Rectangle,16PT C2S,No Coating,Silk,n/a,4/4,25,Score in Half,Moon Slits Right Panel,Yes 250 Envelopes 6.5X6.5
Majestic,Silk,6 x 12,Vertical,Rectangle,16PT C2S,No Coating,Silk,n/a,4/4,25,Score in Half,Moon Slits Right Panel,Yes 250 Envelopes 6.5X6.5
Majestic,Silk,6 x 12,Horizontal,Rectangle,16PT C2S,No Coating,Silk,n/a,4/0,50,Score in Half,Moon Slits Right Panel,Yes 250 Envelopes 6.5X6.5
Majestic,Silk,6 x 12,Vertical,Rectangle,16PT C2S,No Coating,Silk,n/a,4/0,50,Score in Half,Moon Slits Right Panel,Yes 250 Envelopes 6.5X6.5
Majestic,Silk,6 x 12,Horizontal,Rectangle,16PT C2S,No Coating,Silk,n/a,4/1,250,Score in Half,Moon Slits Bottom Panel,Yes 250 Envelopes 6.5X6.5
Majestic,Silk,6 x 12,Horizontal,Rectangle,16PT C2S,No Coating,Silk,n/a,4/4,50,Score in Half,Moon Slits Right Panel,Yes 250 Envelopes 6.5X6.5
Majestic,Silk,6 x 12,Vertical,Rectangle,16PT C2S,No Coating,Silk,n/a,4/1,50,Score in Half,Moon Slits Right Panel,Yes 250 Envelopes 6.5X6.5
Majestic,Silk,6 x 12,Vertical,Rectangle,16PT C2S,No Coating,Silk,n/a,4/4,50,Score in Half,Moon Slits Right Panel,Yes 250 Envelopes 6.5X6.5
Majestic,Silk,6 x 12,Horizontal,Rectangle,16PT C2S,No Coating,Silk,n/a,4/0,75,Score in Half,Moon Slits Right Panel,Yes 250 Envelopes 6.5X6.5
Majestic,Silk,6 x 12,Vertical,Rectangle,16PT C2S,No Coating,Silk,n/a,4/0,75,Score in Half,Moon Slits Right Panel,Yes 250 Envelopes 6.5X6.5
Majestic,Silk,6 x 12,Horizontal,Rectangle,16PT C2S,No Coating,Silk,n/a,4/1,75,Score in Half,Moon Slits Right Panel,Yes 250 Envelopes 6.5X6.5
Majestic,Silk,6 x 12,Vertical,Rectangle,16PT C2S,No Coating,Silk,n/a,4/1,75,Score in Half,Moon Slits Right Panel,Yes 250 Envelopes 6.5X6.5
Majestic,Silk,6 x 12,Horizontal,Rectangle,16PT C2S,No Coating,Silk,n/a,4/4,75,Score in Half,Moon Slits Right Panel,Yes 250 Envelopes 6.5X6.5
Majestic,Silk,6 x 12,Horizontal,Rectangle,16PT C2S,No Coating,Silk,n/a,4/0,100,Score in Half,Moon Slits Right Panel,Yes 250 Envelopes 6.5X6.5
Majestic,Silk,6 x 12,Vertical,Rectangle,16PT C2S,No Coating,Silk,n/a,4/0,100,Score in Half,Moon Slits Right Panel,Yes 250 Envelopes 6.5X6.5
Majestic,Silk,6 x 12,Horizontal,Rectangle,16PT C2S,No Coating,Silk,n/a,4/1,100,Score in Half,Moon Slits Right Panel,Yes 250 Envelopes 6.5X6.5
Majestic,Silk,6 x 12,Vertical,Rectangle,16PT C2S,No Coating,Silk,n/a,4/4,75,Score in Half,Moon Slits Right Panel,Yes 250 Envelopes 6.5X6.5
Majestic,Silk,6 x 12,Vertical,Rectangle,16PT C2S,No Coating,Silk,n/a,4/1,100,Score in Half,Moon Slits Right Panel,Yes 250 Envelopes 6.5X6.5
Majestic,Silk,6 x 12,Vertical,Rectangle,16PT C2S,No Coating,Silk,n/a,4/4,100,Score in Half,Moon Slits Right Panel,Yes 250 Envelopes 6.5X6.5
Majestic,Silk,6 x 12,Horizontal,Rectangle,16PT C2S,No Coating,Silk,n/a,4/4,100,Score in Half,Moon Slits Right Panel,Yes 250 Envelopes 6.5X6.5
Majestic,Silk,6 x 12,Horizontal,Rectangle,16PT C2S,No Coating,Silk,n/a,4/0,250,Score in Half,Moon Slits Right Panel,Yes 250 Envelopes 6.5X6.5
Majestic,Silk,6 x 12,Vertical,Rectangle,16PT C2S,No Coating,Silk,n/a,4/0,250,Score in Half,Moon Slits Right Panel,Yes 250 Envelopes 6.5X6.5
Majestic,Silk,6 x 12,Horizontal,Rectangle,16PT C2S,No Coating,Silk,n/a,4/1,250,Score in Half,Moon Slits Right Panel,Yes 250 Envelopes 6.5X6.5
Majestic,Silk,6 x 12,Vertical,Rectangle,16PT C2S,No Coating,Silk,n/a,4/1,250,Score in Half,Moon Slits Right Panel,Yes 250 Envelopes 6.5X6.5
Majestic,Silk,6 x 12,Horizontal,Rectangle,16PT C2S,No Coating,Silk,n/a,4/4,250,Score in Half,Moon Slits Right Panel,Yes 250 Envelopes 6.5X6.5
Majestic,Silk,6 x 12,Vertical,Rectangle,16PT C2S,No Coating,Silk,n/a,4/4,250,Score in Half,Moon Slits Right Panel,Yes 250 Envelopes 6.5X6.5
Majestic,Silk,6 x 12,Horizontal,Rectangle,16PT C2S,No Coating,Silk,n/a,4/0,500,Score in Half,Moon Slits Right Panel,Yes 250 Envelopes 6.5X6.5
Majestic,Silk,6 x 12,Vertical,Rectangle,16PT C2S,No Coating,Silk,n/a,4/0,500,Score in Half,Moon Slits Right Panel,Yes 250 Envelopes 6.5X6.5
Majestic,Silk,6 x 12,Horizontal,Rectangle,16PT C2S,No Coating,Silk,n/a,4/1,500,Score in Half,Moon Slits Right Panel,Yes 250 Envelopes 6.5X6.5
Majestic,Silk,6 x 12,Vertical,Rectangle,16PT C2S,No Coating,Silk,n/a,4/1,500,Score in Half,Moon Slits Right Panel,Yes 250 Envelopes 6.5X6.5
Majestic,Silk,6 x 12,Vertical,Rectangle,16PT C2S,No Coating,Silk,n/a,4/4,500,Score in Half,Moon Slits Right Panel,Yes 250 Envelopes 6.5X6.5
Majestic,Silk,6 x 12,Horizontal,Rectangle,16PT C2S,No Coating,Silk,n/a,4/4,500,Score in Half,Moon Slits Right Panel,Yes 250 Envelopes 6.5X6.5
Majestic,Silk,6 x 12,Horizontal,Rectangle,16PT C2S,No Coating,Silk,n/a,4/0,1000,Score in Half,Moon Slits Right Panel,Yes 250 Envelopes 6.5X6.5
Majestic,Silk,6 x 12,Vertical,Rectangle,16PT C2S,No Coating,Silk,n/a,4/0,1000,Score in Half,Moon Slits Right Panel,Yes 250 Envelopes 6.5X6.5
Majestic,Silk,6 x 12,Horizontal,Rectangle,16PT C2S,No Coating,Silk,n/a,4/1,1000,Score in Half,Moon Slits Right Panel,Yes 250 Envelopes 6.5X6.5
Majestic,Silk,6 x 12,Vertical,Rectangle,16PT C2S,No Coating,Silk,n/a,4/1,1000,Score in Half,Moon Slits Right Panel,Yes 250 Envelopes 6.5X6.5
Majestic,Silk,6 x 12,Horizontal,Rectangle,16PT C2S,No Coating,Silk,n/a,4/4,1000,Score in Half,Moon Slits Right Panel,Yes 250 Envelopes 6.5X6.5
Majestic,Silk,6 x 12,Vertical,Rectangle,16PT C2S,No Coating,Silk,n/a,4/4,1000,Score in Half,Moon Slits Right Panel,Yes 250 Envelopes 6.5X6.5
Majestic,Silk,6 x 12,Horizontal,Rectangle,16PT C2S,No Coating,Silk,n/a,4/0,2500,Score in Half,Moon Slits Right Panel,Yes 250 Envelopes 6.5X6.5
Majestic,Silk,6 x 12,Vertical,Rectangle,16PT C2S,No Coating,Silk,n/a,4/0,2500,Score in Half,Moon Slits Right Panel,Yes 250 Envelopes 6.5X6.5
Majestic,Silk,6 x 12,Horizontal,Rectangle,16PT C2S,No Coating,Silk,n/a,4/1,2500,Score in Half,Moon Slits Right Panel,Yes 250 Envelopes 6.5X6.5
Majestic,Silk,6 x 12,Vertical,Rectangle,16PT C2S,No Coating,Silk,n/a,4/1,2500,Score in Half,Moon Slits Right Panel,Yes 250 Envelopes 6.5X6.5
Majestic,Silk,6 x 12,Horizontal,Rectangle,16PT C2S,No Coating,Silk,n/a,4/4,2500,Score in Half,Moon Slits Right Panel,Yes 250 Envelopes 6.5X6.5
Majestic,Silk,6 x 12,Vertical,Rectangle,16PT C2S,No Coating,Silk,n/a,4/4,2500,Score in Half,Moon Slits Right Panel,Yes 250 Envelopes 6.5X6.5
Majestic,Silk,6 x 12,Vertical,Rectangle,16PT C2S,No Coating,Silk,n/a,4/1,5000,Score in Half,No Gift Cards Slits,Yes 100 Envelopes 6.5X6.5
Majestic,Silk,6 x 12,Vertical,Rectangle,16PT C2S,No Coating,Silk,n/a,4/0,5000,Score in Half,Moon Slits Right Panel,Yes 250 Envelopes 6.5X6.5
Majestic,Silk,6 x 12,Horizontal,Rectangle,16PT C2S,No Coating,Silk,n/a,4/1,5000,Score in Half,Moon Slits Right Panel,Yes 250 Envelopes 6.5X6.5
Majestic,Silk,6 x 12,Vertical,Rectangle,16PT C2S,No Coating,Silk,n/a,4/1,5000,Score in Half,Moon Slits Right Panel,Yes 250 Envelopes 6.5X6.5
Majestic,Silk,6 x 12,Vertical,Rectangle,16PT C2S,No Coating,Silk,n/a,4/4,5000,Score in Half,Moon Slits Right Panel,Yes 250 Envelopes 6.5X6.5
Majestic,Silk,6 x 12,Horizontal,Rectangle,16PT C2S,No Coating,Silk,n/a,4/4,5000,Score in Half,Moon Slits Right Panel,Yes 250 Envelopes 6.5X6.5
Majestic,Silk,6 x 12,Horizontal,Rectangle,16PT C2S,No Coating,Silk,n/a,4/0,10000,Score in Half,Moon Slits Right Panel,Yes 250 Envelopes 6.5X6.5
Majestic,Silk,6 x 12,Vertical,Rectangle,16PT C2S,No Coating,Silk,n/a,4/0,10000,Score in Half,Moon Slits Right Panel,Yes 250 Envelopes 6.5X6.5
Majestic,Silk,6 x 12,Horizontal,Rectangle,16PT C2S,No Coating,Silk,n/a,4/1,10000,Score in Half,Moon Slits Right Panel,Yes 250 Envelopes 6.5X6.5
Majestic,Silk,6 x 12,Vertical,Rectangle,16PT C2S,No Coating,Silk,n/a,4/1,10000,Score in Half,Moon Slits Right Panel,Yes 250 Envelopes 6.5X6.5
Majestic,Silk,6 x 12,Horizontal,Rectangle,16PT C2S,No Coating,Silk,n/a,4/4,10000,Score in Half,Moon Slits Right Panel,Yes 250 Envelopes 6.5X6.5
Majestic,Silk,6 x 12,Vertical,Rectangle,16PT C2S,No Coating,Silk,n/a,4/4,10000,Score in Half,Moon Slits Right Panel,Yes 250 Envelopes 6.5X6.5
Majestic,Silk,6 x 12,Horizontal,Rectangle,16PT C2S,No Coating,Silk,n/a,4/0,25,Score in Half,No Gift Cards Slits,Yes 250 Envelopes 6.5X6.5
Majestic,Silk,6 x 12,Vertical,Rectangle,16PT C2S,No Coating,Silk,n/a,4/0,25,Score in Half,No Gift Cards Slits,Yes 250 Envelopes 6.5X6.5
Majestic,Silk,6 x 12,Horizontal,Rectangle,16PT C2S,No Coating,Silk,n/a,4/1,25,Score in Half,No Gift Cards Slits,Yes 250 Envelopes 6.5X6.5
Majestic,Silk,6 x 12,Vertical,Rectangle,16PT C2S,No Coating,Silk,n/a,4/1,25,Score in Half,No Gift Cards Slits,Yes 250 Envelopes 6.5X6.5
Majestic,Silk,6 x 12,Horizontal,Rectangle,16PT C2S,No Coating,Silk,n/a,4/4,25,Score in Half,No Gift Cards Slits,Yes 250 Envelopes 6.5X6.5
Majestic,Silk,6 x 12,Vertical,Rectangle,16PT C2S,No Coating,Silk,n/a,4/4,25,Score in Half,No Gift Cards Slits,Yes 250 Envelopes 6.5X6.5
Majestic,Silk,6 x 12,Horizontal,Rectangle,16PT C2S,No Coating,Silk,n/a,4/0,50,Score in Half,No Gift Cards Slits,Yes 250 Envelopes 6.5X6.5
Majestic,Silk,6 x 12,Vertical,Rectangle,16PT C2S,No Coating,Silk,n/a,4/0,50,Score in Half,No Gift Cards Slits,Yes 250 Envelopes 6.5X6.5
Majestic,Silk,6 x 12,Horizontal,Rectangle,16PT C2S,No Coating,Silk,n/a,4/1,50,Score in Half,No Gift Cards Slits,Yes 250 Envelopes 6.5X6.5
Majestic,Silk,6 x 12,Vertical,Rectangle,16PT C2S,No Coating,Silk,n/a,4/1,50,Score in Half,No Gift Cards Slits,Yes 250 Envelopes 6.5X6.5
Majestic,Silk,6 x 12,Vertical,Rectangle,16PT C2S,No Coating,Silk,n/a,4/4,50,Score in Half,No Gift Cards Slits,Yes 250 Envelopes 6.5X6.5
Majestic,Silk,6 x 12,Horizontal,Rectangle,16PT C2S,No Coating,Silk,n/a,4/4,50,Score in Half,No Gift Cards Slits,Yes 250 Envelopes 6.5X6.5
Majestic,Silk,6 x 12,Horizontal,Rectangle,16PT C2S,No Coating,Silk,n/a,4/0,75,Score in Half,No Gift Cards Slits,Yes 250 Envelopes 6.5X6.5
Majestic,Silk,6 x 12,Vertical,Rectangle,16PT C2S,No Coating,Silk,n/a,4/0,75,Score in Half,No Gift Cards Slits,Yes 250 Envelopes 6.5X6.5
Majestic,Silk,6 x 12,Vertical,Rectangle,16PT C2S,No Coating,Silk,n/a,4/1,75,Score in Half,No Gift Cards Slits,Yes 250 Envelopes 6.5X6.5
Majestic,Silk,6 x 12,Horizontal,Rectangle,16PT C2S,No Coating,Silk,n/a,4/1,75,Score in Half,No Gift Cards Slits,Yes 250 Envelopes 6.5X6.5
Majestic,Silk,6 x 12,Horizontal,Rectangle,16PT C2S,No Coating,Silk,n/a,4/4,75,Score in Half,No Gift Cards Slits,Yes 250 Envelopes 6.5X6.5
Majestic,Silk,6 x 12,Vertical,Rectangle,16PT C2S,No Coating,Silk,n/a,4/4,75,Score in Half,No Gift Cards Slits,Yes 250 Envelopes 6.5X6.5
Majestic,Silk,6 x 12,Horizontal,Rectangle,16PT C2S,No Coating,Silk,n/a,4/0,100,Score in Half,No Gift Cards Slits,Yes 250 Envelopes 6.5X6.5
Majestic,Silk,6 x 12,Vertical,Rectangle,16PT C2S,No Coating,Silk,n/a,4/0,100,Score in Half,No Gift Cards Slits,Yes 250 Envelopes 6.5X6.5
Majestic,Silk,6 x 12,Horizontal,Rectangle,16PT C2S,No Coating,Silk,n/a,4/1,100,Score in Half,No Gift Cards Slits,Yes 250 Envelopes 6.5X6.5
Majestic,Silk,6 x 12,Horizontal,Rectangle,16PT C2S,No Coating,Silk,n/a,4/0,5000,Score in Half,Moon Slits Right Panel,Yes 250 Envelopes 6.5X6.5
Majestic,Silk,6 x 12,Vertical,Rectangle,16PT C2S,No Coating,Silk,n/a,4/4,100,Score in Half,No Gift Cards Slits,Yes 250 Envelopes 6.5X6.5
Majestic,Silk,6 x 12,Horizontal,Rectangle,16PT C2S,No Coating,Silk,n/a,4/4,100,Score in Half,No Gift Cards Slits,Yes 250 Envelopes 6.5X6.5
Majestic,Silk,6 x 12,Horizontal,Rectangle,16PT C2S,No Coating,Silk,n/a,4/0,250,Score in Half,No Gift Cards Slits,Yes 250 Envelopes 6.5X6.5
Majestic,Silk,6 x 12,Vertical,Rectangle,16PT C2S,No Coating,Silk,n/a,4/0,250,Score in Half,No Gift Cards Slits,Yes 250 Envelopes 6.5X6.5
Majestic,Silk,6 x 12,Horizontal,Rectangle,16PT C2S,No Coating,Silk,n/a,4/1,250,Score in Half,No Gift Cards Slits,Yes 250 Envelopes 6.5X6.5
Majestic,Silk,6 x 12,Vertical,Rectangle,16PT C2S,No Coating,Silk,n/a,4/1,250,Score in Half,No Gift Cards Slits,Yes 250 Envelopes 6.5X6.5
Majestic,Silk,6 x 12,Horizontal,Rectangle,16PT C2S,No Coating,Silk,n/a,4/4,250,Score in Half,No Gift Cards Slits,Yes 250 Envelopes 6.5X6.5
Majestic,Silk,6 x 12,Vertical,Rectangle,16PT C2S,No Coating,Silk,n/a,4/4,250,Score in Half,No Gift Cards Slits,Yes 250 Envelopes 6.5X6.5
Majestic,Silk,6 x 12,Horizontal,Rectangle,16PT C2S,No Coating,Silk,n/a,4/0,500,Score in Half,No Gift Cards Slits,Yes 250 Envelopes 6.5X6.5
Majestic,Silk,6 x 12,Vertical,Rectangle,16PT C2S,No Coating,Silk,n/a,4/0,500,Score in Half,No Gift Cards Slits,Yes 250 Envelopes 6.5X6.5
Majestic,Silk,6 x 12,Horizontal,Rectangle,16PT C2S,No Coating,Silk,n/a,4/1,500,Score in Half,No Gift Cards Slits,Yes 250 Envelopes 6.5X6.5
Majestic,Silk,6 x 12,Vertical,Rectangle,16PT C2S,No Coating,Silk,n/a,4/1,500,Score in Half,No Gift Cards Slits,Yes 250 Envelopes 6.5X6.5
Majestic,Silk,6 x 12,Vertical,Rectangle,16PT C2S,No Coating,Silk,n/a,4/4,500,Score in Half,No Gift Cards Slits,Yes 250 Envelopes 6.5X6.5
Majestic,Silk,6 x 12,Horizontal,Rectangle,16PT C2S,No Coating,Silk,n/a,4/4,500,Score in Half,No Gift Cards Slits,Yes 250 Envelopes 6.5X6.5
Majestic,Silk,6 x 12,Horizontal,Rectangle,16PT C2S,No Coating,Silk,n/a,4/0,1000,Score in Half,No Gift Cards Slits,Yes 250 Envelopes 6.5X6.5
Majestic,Silk,6 x 12,Vertical,Rectangle,16PT C2S,No Coating,Silk,n/a,4/0,1000,Score in Half,No Gift Cards Slits,Yes 250 Envelopes 6.5X6.5
Majestic,Silk,6 x 12,Horizontal,Rectangle,16PT C2S,No Coating,Silk,n/a,4/1,1000,Score in Half,No Gift Cards Slits,Yes 250 Envelopes 6.5X6.5
Majestic,Silk,6 x 12,Vertical,Rectangle,16PT C2S,No Coating,Silk,n/a,4/1,1000,Score in Half,No Gift Cards Slits,Yes 250 Envelopes 6.5X6.5
Majestic,Silk,6 x 12,Vertical,Rectangle,16PT C2S,No Coating,Silk,n/a,4/4,1000,Score in Half,No Gift Cards Slits,Yes 250 Envelopes 6.5X6.5
Majestic,Silk,6 x 12,Horizontal,Rectangle,16PT C2S,No Coating,Silk,n/a,4/4,1000,Score in Half,No Gift Cards Slits,Yes 250 Envelopes 6.5X6.5
Majestic,Silk,6 x 12,Horizontal,Rectangle,16PT C2S,No Coating,Silk,n/a,4/0,2500,Score in Half,No Gift Cards Slits,Yes 250 Envelopes 6.5X6.5
Majestic,Silk,6 x 12,Vertical,Rectangle,16PT C2S,No Coating,Silk,n/a,4/0,2500,Score in Half,No Gift Cards Slits,Yes 250 Envelopes 6.5X6.5
Majestic,Silk,6 x 12,Horizontal,Rectangle,16PT C2S,No Coating,Silk,n/a,4/1,2500,Score in Half,No Gift Cards Slits,Yes 250 Envelopes 6.5X6.5
Majestic,Silk,6 x 12,Vertical,Rectangle,16PT C2S,No Coating,Silk,n/a,4/1,2500,Score in Half,No Gift Cards Slits,Yes 250 Envelopes 6.5X6.5
Majestic,Silk,6 x 12,Horizontal,Rectangle,16PT C2S,No Coating,Silk,n/a,4/4,2500,Score in Half,No Gift Cards Slits,Yes 250 Envelopes 6.5X6.5
Majestic,Silk,6 x 12,Horizontal,Rectangle,16PT C2S,No Coating,Silk,n/a,4/4,50,Score in Half,No Gift Cards Slits,Yes 100 Envelopes 6.5X6.5
Majestic,Silk,6 x 12,Horizontal,Rectangle,16PT C2S,No Coating,Silk,n/a,4/0,5000,Score in Half,No Gift Cards Slits,Yes 250 Envelopes 6.5X6.5
Majestic,Silk,6 x 12,Vertical,Rectangle,16PT C2S,No Coating,Silk,n/a,4/0,5000,Score in Half,No Gift Cards Slits,Yes 250 Envelopes 6.5X6.5
Majestic,Silk,6 x 12,Horizontal,Rectangle,16PT C2S,No Coating,Silk,n/a,4/1,5000,Score in Half,No Gift Cards Slits,Yes 250 Envelopes 6.5X6.5
Majestic,Silk,6 x 12,Vertical,Rectangle,16PT C2S,No Coating,Silk,n/a,4/1,5000,Score in Half,No Gift Cards Slits,Yes 250 Envelopes 6.5X6.5
Majestic,Silk,6 x 12,Horizontal,Rectangle,16PT C2S,No Coating,Silk,n/a,4/4,5000,Score in Half,No Gift Cards Slits,Yes 250 Envelopes 6.5X6.5
Majestic,Silk,6 x 12,Vertical,Rectangle,16PT C2S,No Coating,Silk,n/a,4/4,5000,Score in Half,No Gift Cards Slits,Yes 250 Envelopes 6.5X6.5
Majestic,Silk,6 x 12,Horizontal,Rectangle,16PT C2S,No Coating,Silk,n/a,4/0,10000,Score in Half,No Gift Cards Slits,Yes 250 Envelopes 6.5X6.5
Majestic,Silk,6 x 12,Vertical,Rectangle,16PT C2S,No Coating,Silk,n/a,4/0,10000,Score in Half,No Gift Cards Slits,Yes 250 Envelopes 6.5X6.5
Majestic,Silk,6 x 12,Horizontal,Rectangle,16PT C2S,No Coating,Silk,n/a,4/1,10000,Score in Half,No Gift Cards Slits,Yes 250 Envelopes 6.5X6.5
Majestic,Silk,6 x 12,Vertical,Rectangle,16PT C2S,No Coating,Silk,n/a,4/1,10000,Score in Half,No Gift Cards Slits,Yes 250 Envelopes 6.5X6.5
Majestic,Silk,6 x 12,Horizontal,Rectangle,16PT C2S,No Coating,Silk,n/a,4/4,10000,Score in Half,No Gift Cards Slits,Yes 250 Envelopes 6.5X6.5
Majestic,Silk,6 x 12,Vertical,Rectangle,16PT C2S,No Coating,Silk,n/a,4/4,10000,Score in Half,No Gift Cards Slits,Yes 250 Envelopes 6.5X6.5
Majestic,Silk,6 x 12,Vertical,Rectangle,16PT C2S,No Coating,Silk,n/a,4/1,100,Score in Half,No Gift Cards Slits,Yes 250 Envelopes 6.5X6.5
Majestic,Silk,6 x 12,Vertical,Rectangle,16PT C2S,No Coating,Silk,n/a,4/0,25,Score in Half,Slide Slits Bottom Panel,Yes 250 Envelopes 6.5X6.5
Majestic,Silk,6 x 12,Horizontal,Rectangle,16PT C2S,No Coating,Silk,n/a,4/1,25,Score in Half,Slide Slits Bottom Panel,Yes 250 Envelopes 6.5X6.5
Majestic,Silk,6 x 12,Vertical,Rectangle,16PT C2S,No Coating,Silk,n/a,4/1,25,Score in Half,Slide Slits Bottom Panel,Yes 250 Envelopes 6.5X6.5
Majestic,Silk,6 x 12,Horizontal,Rectangle,16PT C2S,No Coating,Silk,n/a,4/4,25,Score in Half,Slide Slits Bottom Panel,Yes 250 Envelopes 6.5X6.5
Majestic,Silk,6 x 12,Vertical,Rectangle,16PT C2S,No Coating,Silk,n/a,4/4,25,Score in Half,Slide Slits Bottom Panel,Yes 250 Envelopes 6.5X6.5
Majestic,Silk,6 x 12,Horizontal,Rectangle,16PT C2S,No Coating,Silk,n/a,4/0,50,Score in Half,Slide Slits Bottom Panel,Yes 250 Envelopes 6.5X6.5
Majestic,Silk,6 x 12,Vertical,Rectangle,16PT C2S,No Coating,Silk,n/a,4/0,50,Score in Half,Slide Slits Bottom Panel,Yes 250 Envelopes 6.5X6.5
Majestic,Silk,6 x 12,Horizontal,Rectangle,16PT C2S,No Coating,Silk,n/a,4/1,50,Score in Half,Slide Slits Bottom Panel,Yes 250 Envelopes 6.5X6.5
Majestic,Silk,6 x 12,Horizontal,Rectangle,16PT C2S,No Coating,Silk,n/a,4/4,50,Score in Half,Slide Slits Bottom Panel,Yes 250 Envelopes 6.5X6.5
Majestic,Silk,6 x 12,Vertical,Rectangle,16PT C2S,No Coating,Silk,n/a,4/1,50,Score in Half,Slide Slits Bottom Panel,Yes 250 Envelopes 6.5X6.5
Majestic,Silk,6 x 12,Vertical,Rectangle,16PT C2S,No Coating,Silk,n/a,4/4,50,Score in Half,Slide Slits Bottom Panel,Yes 250 Envelopes 6.5X6.5
Majestic,Silk,6 x 12,Horizontal,Rectangle,16PT C2S,No Coating,Silk,n/a,4/0,75,Score in Half,Slide Slits Bottom Panel,Yes 250 Envelopes 6.5X6.5
Majestic,Silk,6 x 12,Vertical,Rectangle,16PT C2S,No Coating,Silk,n/a,4/0,75,Score in Half,Slide Slits Bottom Panel,Yes 250 Envelopes 6.5X6.5
Majestic,Silk,6 x 12,Horizontal,Rectangle,16PT C2S,No Coating,Silk,n/a,4/1,75,Score in Half,Slide Slits Bottom Panel,Yes 250 Envelopes 6.5X6.5
Majestic,Silk,6 x 12,Vertical,Rectangle,16PT C2S,No Coating,Silk,n/a,4/1,75,Score in Half,Slide Slits Bottom Panel,Yes 250 Envelopes 6.5X6.5
Majestic,Silk,6 x 12,Horizontal,Rectangle,16PT C2S,No Coating,Silk,n/a,4/4,75,Score in Half,Slide Slits Bottom Panel,Yes 250 Envelopes 6.5X6.5
Majestic,Silk,6 x 12,Vertical,Rectangle,16PT C2S,No Coating,Silk,n/a,4/4,75,Score in Half,Slide Slits Bottom Panel,Yes 250 Envelopes 6.5X6.5
Majestic,Silk,6 x 12,Horizontal,Rectangle,16PT C2S,No Coating,Silk,n/a,4/0,100,Score in Half,Slide Slits Bottom Panel,Yes 250 Envelopes 6.5X6.5
Majestic,Silk,6 x 12,Vertical,Rectangle,16PT C2S,No Coating,Silk,n/a,4/0,100,Score in Half,Slide Slits Bottom Panel,Yes 250 Envelopes 6.5X6.5
Majestic,Silk,6 x 12,Horizontal,Rectangle,16PT C2S,No Coating,Silk,n/a,4/1,100,Score in Half,Slide Slits Bottom Panel,Yes 250 Envelopes 6.5X6.5
Majestic,Silk,6 x 12,Vertical,Rectangle,16PT C2S,No Coating,Silk,n/a,4/1,100,Score in Half,Slide Slits Bottom Panel,Yes 250 Envelopes 6.5X6.5
Majestic,Silk,6 x 12,Horizontal,Rectangle,16PT C2S,No Coating,Silk,n/a,4/4,100,Score in Half,Slide Slits Bottom Panel,Yes 250 Envelopes 6.5X6.5
Majestic,Silk,6 x 12,Vertical,Rectangle,16PT C2S,No Coating,Silk,n/a,4/4,100,Score in Half,Slide Slits Bottom Panel,Yes 250 Envelopes 6.5X6.5
Majestic,Silk,6 x 12,Horizontal,Rectangle,16PT C2S,No Coating,Silk,n/a,4/0,250,Score in Half,Slide Slits Bottom Panel,Yes 250 Envelopes 6.5X6.5
Majestic,Silk,6 x 12,Vertical,Rectangle,16PT C2S,No Coating,Silk,n/a,4/0,250,Score in Half,Slide Slits Bottom Panel,Yes 250 Envelopes 6.5X6.5
Majestic,Silk,6 x 12,Horizontal,Rectangle,16PT C2S,No Coating,Silk,n/a,4/1,250,Score in Half,Slide Slits Bottom Panel,Yes 250 Envelopes 6.5X6.5
Majestic,Silk,6 x 12,Vertical,Rectangle,16PT C2S,No Coating,Silk,n/a,4/1,250,Score in Half,Slide Slits Bottom Panel,Yes 250 Envelopes 6.5X6.5
Majestic,Silk,6 x 12,Horizontal,Rectangle,16PT C2S,No Coating,Silk,n/a,4/4,250,Score in Half,Slide Slits Bottom Panel,Yes 250 Envelopes 6.5X6.5
Majestic,Silk,6 x 12,Vertical,Rectangle,16PT C2S,No Coating,Silk,n/a,4/4,250,Score in Half,Slide Slits Bottom Panel,Yes 250 Envelopes 6.5X6.5
Majestic,Silk,6 x 12,Horizontal,Rectangle,16PT C2S,No Coating,Silk,n/a,4/0,500,Score in Half,Slide Slits Bottom Panel,Yes 250 Envelopes 6.5X6.5
Majestic,Silk,6 x 12,Vertical,Rectangle,16PT C2S,No Coating,Silk,n/a,4/0,500,Score in Half,Slide Slits Bottom Panel,Yes 250 Envelopes 6.5X6.5
Majestic,Silk,6 x 12,Horizontal,Rectangle,16PT C2S,No Coating,Silk,n/a,4/1,500,Score in Half,Slide Slits Bottom Panel,Yes 250 Envelopes 6.5X6.5
Majestic,Silk,6 x 12,Vertical,Rectangle,16PT C2S,No Coating,Silk,n/a,4/1,500,Score in Half,Slide Slits Bottom Panel,Yes 250 Envelopes 6.5X6.5
Majestic,Silk,6 x 12,Horizontal,Rectangle,16PT C2S,No Coating,Silk,n/a,4/4,500,Score in Half,Slide Slits Bottom Panel,Yes 250 Envelopes 6.5X6.5
Majestic,Silk,6 x 12,Vertical,Rectangle,16PT C2S,No Coating,Silk,n/a,4/4,500,Score in Half,Slide Slits Bottom Panel,Yes 250 Envelopes 6.5X6.5
Majestic,Silk,6 x 12,Horizontal,Rectangle,16PT C2S,No Coating,Silk,n/a,4/1,50,Score in Half,Moon Slits Right Panel,Yes 250 Envelopes 6.5X6.5
Majestic,Silk,6 x 12,Vertical,Rectangle,16PT C2S,No Coating,Silk,n/a,4/0,1000,Score in Half,Slide Slits Bottom Panel,Yes 250 Envelopes 6.5X6.5
Majestic,Silk,6 x 12,Horizontal,Rectangle,16PT C2S,No Coating,Silk,n/a,4/1,1000,Score in Half,Slide Slits Bottom Panel,Yes 250 Envelopes 6.5X6.5
Majestic,Silk,6 x 12,Vertical,Rectangle,16PT C2S,No Coating,Silk,n/a,4/1,1000,Score in Half,Slide Slits Bottom Panel,Yes 250 Envelopes 6.5X6.5
Majestic,Silk,6 x 12,Horizontal,Rectangle,16PT C2S,No Coating,Silk,n/a,4/4,1000,Score in Half,Slide Slits Bottom Panel,Yes 250 Envelopes 6.5X6.5
Majestic,Silk,6 x 12,Vertical,Rectangle,16PT C2S,No Coating,Silk,n/a,4/4,1000,Score in Half,Slide Slits Bottom Panel,Yes 250 Envelopes 6.5X6.5
Majestic,Silk,6 x 12,Horizontal,Rectangle,16PT C2S,No Coating,Silk,n/a,4/0,2500,Score in Half,Slide Slits Bottom Panel,Yes 250 Envelopes 6.5X6.5
Majestic,Silk,6 x 12,Vertical,Rectangle,16PT C2S,No Coating,Silk,n/a,4/0,2500,Score in Half,Slide Slits Bottom Panel,Yes 250 Envelopes 6.5X6.5
Majestic,Silk,6 x 12,Horizontal,Rectangle,16PT C2S,No Coating,Silk,n/a,4/1,2500,Score in Half,Slide Slits Bottom Panel,Yes 250 Envelopes 6.5X6.5
Majestic,Silk,6 x 12,Vertical,Rectangle,16PT C2S,No Coating,Silk,n/a,4/1,2500,Score in Half,Slide Slits Bottom Panel,Yes 250 Envelopes 6.5X6.5
Majestic,Silk,6 x 12,Horizontal,Rectangle,16PT C2S,No Coating,Silk,n/a,4/4,2500,Score in Half,Slide Slits Bottom Panel,Yes 250 Envelopes 6.5X6.5
Majestic,Silk,6 x 12,Vertical,Rectangle,16PT C2S,No Coating,Silk,n/a,4/4,2500,Score in Half,Slide Slits Bottom Panel,Yes 250 Envelopes 6.5X6.5
Majestic,Silk,6 x 12,Horizontal,Rectangle,16PT C2S,No Coating,Silk,n/a,4/0,5000,Score in Half,Slide Slits Bottom Panel,Yes 250 Envelopes 6.5X6.5
Majestic,Silk,6 x 12,Vertical,Rectangle,16PT C2S,No Coating,Silk,n/a,4/0,5000,Score in Half,Slide Slits Bottom Panel,Yes 250 Envelopes 6.5X6.5
Majestic,Silk,6 x 12,Horizontal,Rectangle,16PT C2S,No Coating,Silk,n/a,4/1,5000,Score in Half,Slide Slits Bottom Panel,Yes 250 Envelopes 6.5X6.5
Majestic,Silk,6 x 12,Vertical,Rectangle,16PT C2S,No Coating,Silk,n/a,4/1,5000,Score in Half,Slide Slits Bottom Panel,Yes 250 Envelopes 6.5X6.5
Majestic,Silk,6 x 12,Horizontal,Rectangle,16PT C2S,No Coating,Silk,n/a,4/4,5000,Score in Half,Slide Slits Bottom Panel,Yes 250 Envelopes 6.5X6.5
Majestic,Silk,6 x 12,Horizontal,Rectangle,16PT C2S,No Coating,Silk,n/a,4/0,25,Score in Half,Slide Slits Bottom Panel,Yes 250 Envelopes 6.5X6.5
Majestic,Silk,6 x 12,Horizontal,Rectangle,16PT C2S,No Coating,Silk,n/a,4/0,10000,Score in Half,Slide Slits Bottom Panel,Yes 250 Envelopes 6.5X6.5
Majestic,Silk,6 x 12,Vertical,Rectangle,16PT C2S,No Coating,Silk,n/a,4/0,10000,Score in Half,Slide Slits Bottom Panel,Yes 250 Envelopes 6.5X6.5
Majestic,Silk,6 x 12,Horizontal,Rectangle,16PT C2S,No Coating,Silk,n/a,4/1,10000,Score in Half,Slide Slits Bottom Panel,Yes 250 Envelopes 6.5X6.5
Majestic,Silk,6 x 12,Vertical,Rectangle,16PT C2S,No Coating,Silk,n/a,4/1,10000,Score in Half,Slide Slits Bottom Panel,Yes 250 Envelopes 6.5X6.5
Majestic,Silk,6 x 12,Horizontal,Rectangle,16PT C2S,No Coating,Silk,n/a,4/4,10000,Score in Half,Slide Slits Bottom Panel,Yes 250 Envelopes 6.5X6.5
Majestic,Silk,6 x 12,Vertical,Rectangle,16PT C2S,No Coating,Silk,n/a,4/4,10000,Score in Half,Slide Slits Bottom Panel,Yes 250 Envelopes 6.5X6.5
Majestic,Silk,6 x 12,Horizontal,Rectangle,16PT C2S,No Coating,Silk,n/a,4/0,25,Score in Half,Slide Slits Right Panel,Yes 250 Envelopes 6.5X6.5
Majestic,Silk,6 x 12,Vertical,Rectangle,16PT C2S,No Coating,Silk,n/a,4/0,25,Score in Half,Slide Slits Right Panel,Yes 250 Envelopes 6.5X6.5
Majestic,Silk,6 x 12,Vertical,Rectangle,16PT C2S,No Coating,Silk,n/a,4/1,25,Score in Half,Slide Slits Right Panel,Yes 250 Envelopes 6.5X6.5
Majestic,Silk,6 x 12,Horizontal,Rectangle,16PT C2S,No Coating,Silk,n/a,4/1,25,Score in Half,Slide Slits Right Panel,Yes 250 Envelopes 6.5X6.5
Majestic,Silk,6 x 12,Horizontal,Rectangle,16PT C2S,No Coating,Silk,n/a,4/4,25,Score in Half,Slide Slits Right Panel,Yes 250 Envelopes 6.5X6.5
Majestic,Silk,6 x 12,Vertical,Rectangle,16PT C2S,No Coating,Silk,n/a,4/4,25,Score in Half,Slide Slits Right Panel,Yes 250 Envelopes 6.5X6.5
Majestic,Silk,6 x 12,Horizontal,Rectangle,16PT C2S,No Coating,Silk,n/a,4/0,50,Score in Half,Slide Slits Right Panel,Yes 250 Envelopes 6.5X6.5
Majestic,Silk,6 x 12,Horizontal,Rectangle,16PT C2S,No Coating,Silk,n/a,4/1,50,Score in Half,Slide Slits Right Panel,Yes 250 Envelopes 6.5X6.5
Majestic,Silk,6 x 12,Vertical,Rectangle,16PT C2S,No Coating,Silk,n/a,4/0,50,Score in Half,Slide Slits Right Panel,Yes 250 Envelopes 6.5X6.5
Majestic,Silk,6 x 12,Vertical,Rectangle,16PT C2S,No Coating,Silk,n/a,4/4,50,Score in Half,Slide Slits Right Panel,Yes 250 Envelopes 6.5X6.5
Majestic,Silk,6 x 12,Horizontal,Rectangle,16PT C2S,No Coating,Silk,n/a,4/0,75,Score in Half,Slide Slits Right Panel,Yes 250 Envelopes 6.5X6.5
Majestic,Silk,6 x 12,Horizontal,Rectangle,16PT C2S,No Coating,Silk,n/a,4/4,50,Score in Half,Slide Slits Right Panel,Yes 250 Envelopes 6.5X6.5
Majestic,Silk,6 x 12,Vertical,Rectangle,16PT C2S,No Coating,Silk,n/a,4/0,75,Score in Half,Slide Slits Right Panel,Yes 250 Envelopes 6.5X6.5
Majestic,Silk,6 x 12,Vertical,Rectangle,16PT C2S,No Coating,Silk,n/a,4/1,50,Score in Half,Slide Slits Right Panel,Yes 250 Envelopes 6.5X6.5
Majestic,Silk,6 x 12,Horizontal,Rectangle,16PT C2S,No Coating,Silk,n/a,4/1,75,Score in Half,Slide Slits Right Panel,Yes 250 Envelopes 6.5X6.5
Majestic,Silk,6 x 12,Vertical,Rectangle,16PT C2S,No Coating,Silk,n/a,4/1,75,Score in Half,Slide Slits Right Panel,Yes 250 Envelopes 6.5X6.5
Majestic,Silk,6 x 12,Horizontal,Rectangle,16PT C2S,No Coating,Silk,n/a,4/4,75,Score in Half,Slide Slits Right Panel,Yes 250 Envelopes 6.5X6.5
Majestic,Silk,6 x 12,Horizontal,Rectangle,16PT C2S,No Coating,Silk,n/a,4/0,100,Score in Half,Slide Slits Right Panel,Yes 250 Envelopes 6.5X6.5
Majestic,Silk,6 x 12,Vertical,Rectangle,16PT C2S,No Coating,Silk,n/a,4/4,75,Score in Half,Slide Slits Right Panel,Yes 250 Envelopes 6.5X6.5
Majestic,Silk,6 x 12,Vertical,Rectangle,16PT C2S,No Coating,Silk,n/a,4/0,100,Score in Half,Slide Slits Right Panel,Yes 250 Envelopes 6.5X6.5
Majestic,Silk,6 x 12,Horizontal,Rectangle,16PT C2S,No Coating,Silk,n/a,4/1,100,Score in Half,Slide Slits Right Panel,Yes 250 Envelopes 6.5X6.5
Majestic,Silk,6 x 12,Vertical,Rectangle,16PT C2S,No Coating,Silk,n/a,4/1,100,Score in Half,Slide Slits Right Panel,Yes 250 Envelopes 6.5X6.5
Majestic,Silk,6 x 12,Horizontal,Rectangle,16PT C2S,No Coating,Silk,n/a,4/4,100,Score in Half,Slide Slits Right Panel,Yes 250 Envelopes 6.5X6.5
Majestic,Silk,6 x 12,Vertical,Rectangle,16PT C2S,No Coating,Silk,n/a,4/4,100,Score in Half,Slide Slits Right Panel,Yes 250 Envelopes 6.5X6.5
Majestic,Silk,6 x 12,Horizontal,Rectangle,16PT C2S,No Coating,Silk,n/a,4/0,250,Score in Half,Slide Slits Right Panel,Yes 250 Envelopes 6.5X6.5
Majestic,Silk,6 x 12,Horizontal,Rectangle,16PT C2S,No Coating,Silk,n/a,4/1,250,Score in Half,Slide Slits Right Panel,Yes 250 Envelopes 6.5X6.5
Majestic,Silk,6 x 12,Vertical,Rectangle,16PT C2S,No Coating,Silk,n/a,4/0,250,Score in Half,Slide Slits Right Panel,Yes 250 Envelopes 6.5X6.5
Majestic,Silk,6 x 12,Horizontal,Rectangle,16PT C2S,No Coating,Silk,n/a,4/4,250,Score in Half,Slide Slits Right Panel,Yes 250 Envelopes 6.5X6.5
Majestic,Silk,6 x 12,Vertical,Rectangle,16PT C2S,No Coating,Silk,n/a,4/1,250,Score in Half,Slide Slits Right Panel,Yes 250 Envelopes 6.5X6.5
Majestic,Silk,6 x 12,Horizontal,Rectangle,16PT C2S,No Coating,Silk,n/a,4/0,500,Score in Half,Slide Slits Right Panel,Yes 250 Envelopes 6.5X6.5
Majestic,Silk,6 x 12,Vertical,Rectangle,16PT C2S,No Coating,Silk,n/a,4/0,500,Score in Half,Slide Slits Right Panel,Yes 250 Envelopes 6.5X6.5
Majestic,Silk,6 x 12,Horizontal,Rectangle,16PT C2S,No Coating,Silk,n/a,4/1,500,Score in Half,Slide Slits Right Panel,Yes 250 Envelopes 6.5X6.5
Majestic,Silk,6 x 12,Vertical,Rectangle,16PT C2S,No Coating,Silk,n/a,4/4,250,Score in Half,Slide Slits Right Panel,Yes 250 Envelopes 6.5X6.5
Majestic,Silk,6 x 12,Vertical,Rectangle,16PT C2S,No Coating,Silk,n/a,4/1,500,Score in Half,Slide Slits Right Panel,Yes 250 Envelopes 6.5X6.5
Majestic,Silk,6 x 12,Horizontal,Rectangle,16PT C2S,No Coating,Silk,n/a,4/4,500,Score in Half,Slide Slits Right Panel,Yes 250 Envelopes 6.5X6.5
Majestic,Silk,6 x 12,Vertical,Rectangle,16PT C2S,No Coating,Silk,n/a,4/4,500,Score in Half,Slide Slits Right Panel,Yes 250 Envelopes 6.5X6.5
Majestic,Silk,6 x 12,Horizontal,Rectangle,16PT C2S,No Coating,Silk,n/a,4/0,1000,Score in Half,Slide Slits Right Panel,Yes 250 Envelopes 6.5X6.5
Majestic,Silk,6 x 12,Vertical,Rectangle,16PT C2S,No Coating,Silk,n/a,4/0,1000,Score in Half,Slide Slits Right Panel,Yes 250 Envelopes 6.5X6.5
Majestic,Silk,6 x 12,Horizontal,Rectangle,16PT C2S,No Coating,Silk,n/a,4/1,1000,Score in Half,Slide Slits Right Panel,Yes 250 Envelopes 6.5X6.5
Majestic,Silk,6 x 12,Vertical,Rectangle,16PT C2S,No Coating,Silk,n/a,4/1,1000,Score in Half,Slide Slits Right Panel,Yes 250 Envelopes 6.5X6.5
Majestic,Silk,6 x 12,Horizontal,Rectangle,16PT C2S,No Coating,Silk,n/a,4/4,1000,Score in Half,Slide Slits Right Panel,Yes 250 Envelopes 6.5X6.5
Majestic,Silk,6 x 12,Vertical,Rectangle,16PT C2S,No Coating,Silk,n/a,4/4,1000,Score in Half,Slide Slits Right Panel,Yes 250 Envelopes 6.5X6.5
Majestic,Silk,6 x 12,Horizontal,Rectangle,16PT C2S,No Coating,Silk,n/a,4/0,2500,Score in Half,Slide Slits Right Panel,Yes 250 Envelopes 6.5X6.5
Majestic,Silk,6 x 12,Horizontal,Rectangle,16PT C2S,No Coating,Silk,n/a,4/1,2500,Score in Half,Slide Slits Right Panel,Yes 250 Envelopes 6.5X6.5
Majestic,Silk,6 x 12,Vertical,Rectangle,16PT C2S,No Coating,Silk,n/a,4/0,2500,Score in Half,Slide Slits Right Panel,Yes 250 Envelopes 6.5X6.5
Majestic,Silk,6 x 12,Vertical,Rectangle,16PT C2S,No Coating,Silk,n/a,4/1,2500,Score in Half,Slide Slits Right Panel,Yes 250 Envelopes 6.5X6.5
Majestic,Silk,6 x 12,Horizontal,Rectangle,16PT C2S,No Coating,Silk,n/a,4/4,2500,Score in Half,Slide Slits Right Panel,Yes 250 Envelopes 6.5X6.5
Majestic,Silk,6 x 12,Vertical,Rectangle,16PT C2S,No Coating,Silk,n/a,4/4,5000,Score in Half,Slide Slits Bottom Panel,Yes 250 Envelopes 6.5X6.5
Majestic,Silk,6 x 12,Horizontal,Rectangle,16PT C2S,No Coating,Silk,n/a,4/0,5000,Score in Half,Slide Slits Right Panel,Yes 250 Envelopes 6.5X6.5
Majestic,Silk,6 x 12,Horizontal,Rectangle,16PT C2S,No Coating,Silk,n/a,4/1,5000,Score in Half,Slide Slits Right Panel,Yes 250 Envelopes 6.5X6.5
Majestic,Silk,6 x 12,Vertical,Rectangle,16PT C2S,No Coating,Silk,n/a,4/1,5000,Score in Half,Slide Slits Right Panel,Yes 250 Envelopes 6.5X6.5
Majestic,Silk,6 x 12,Horizontal,Rectangle,16PT C2S,No Coating,Silk,n/a,4/4,5000,Score in Half,Slide Slits Right Panel,Yes 250 Envelopes 6.5X6.5
Majestic,Silk,6 x 12,Vertical,Rectangle,16PT C2S,No Coating,Silk,n/a,4/4,5000,Score in Half,Slide Slits Right Panel,Yes 250 Envelopes 6.5X6.5
Majestic,Silk,6 x 12,Horizontal,Rectangle,16PT C2S,No Coating,Silk,n/a,4/0,10000,Score in Half,Slide Slits Right Panel,Yes 250 Envelopes 6.5X6.5
Majestic,Silk,6 x 12,Vertical,Rectangle,16PT C2S,No Coating,Silk,n/a,4/0,5000,Score in Half,Slide Slits Right Panel,Yes 250 Envelopes 6.5X6.5
Majestic,Silk,6 x 12,Horizontal,Rectangle,16PT C2S,No Coating,Silk,n/a,4/1,10000,Score in Half,Slide Slits Right Panel,Yes 250 Envelopes 6.5X6.5
Majestic,Silk,6 x 12,Vertical,Rectangle,16PT C2S,No Coating,Silk,n/a,4/1,10000,Score in Half,Slide Slits Right Panel,Yes 250 Envelopes 6.5X6.5
Majestic,Silk,6 x 12,Vertical,Rectangle,16PT C2S,No Coating,Silk,n/a,4/0,10000,Score in Half,Slide Slits Right Panel,Yes 250 Envelopes 6.5X6.5
Majestic,Silk,6 x 12,Vertical,Rectangle,16PT C2S,No Coating,Silk,n/a,4/4,10000,Score in Half,Slide Slits Right Panel,Yes 250 Envelopes 6.5X6.5
Majestic,Silk,6 x 12,Horizontal,Rectangle,16PT C2S,No Coating,Silk,n/a,4/0,25,Score in Half,Moon Slits Bottom Panel,Yes 500 Envelopes 6.5X6.5
Majestic,Silk,6 x 12,Vertical,Rectangle,16PT C2S,No Coating,Silk,n/a,4/0,25,Score in Half,Moon Slits Bottom Panel,Yes 500 Envelopes 6.5X6.5
Majestic,Silk,6 x 12,Horizontal,Rectangle,16PT C2S,No Coating,Silk,n/a,4/4,10000,Score in Half,Slide Slits Right Panel,Yes 250 Envelopes 6.5X6.5
Majestic,Silk,6 x 12,Horizontal,Rectangle,16PT C2S,No Coating,Silk,n/a,4/1,25,Score in Half,Moon Slits Bottom Panel,Yes 500 Envelopes 6.5X6.5
Majestic,Silk,6 x 12,Horizontal,Rectangle,16PT C2S,No Coating,Silk,n/a,4/4,25,Score in Half,Moon Slits Bottom Panel,Yes 500 Envelopes 6.5X6.5
Majestic,Silk,6 x 12,Vertical,Rectangle,16PT C2S,No Coating,Silk,n/a,4/1,25,Score in Half,Moon Slits Bottom Panel,Yes 500 Envelopes 6.5X6.5
Majestic,Silk,6 x 12,Vertical,Rectangle,16PT C2S,No Coating,Silk,n/a,4/4,25,Score in Half,Moon Slits Bottom Panel,Yes 500 Envelopes 6.5X6.5
Majestic,Silk,6 x 12,Horizontal,Rectangle,16PT C2S,No Coating,Silk,n/a,4/0,50,Score in Half,Moon Slits Bottom Panel,Yes 500 Envelopes 6.5X6.5
Majestic,Silk,6 x 12,Horizontal,Rectangle,16PT C2S,No Coating,Silk,n/a,4/1,50,Score in Half,Moon Slits Bottom Panel,Yes 500 Envelopes 6.5X6.5
Majestic,Silk,6 x 12,Vertical,Rectangle,16PT C2S,No Coating,Silk,n/a,4/0,50,Score in Half,Moon Slits Bottom Panel,Yes 500 Envelopes 6.5X6.5
Majestic,Silk,6 x 12,Vertical,Rectangle,16PT C2S,No Coating,Silk,n/a,4/1,50,Score in Half,Moon Slits Bottom Panel,Yes 500 Envelopes 6.5X6.5
Majestic,Silk,6 x 12,Horizontal,Rectangle,16PT C2S,No Coating,Silk,n/a,4/4,50,Score in Half,Moon Slits Bottom Panel,Yes 500 Envelopes 6.5X6.5
Majestic,Silk,6 x 12,Vertical,Rectangle,16PT C2S,No Coating,Silk,n/a,4/4,50,Score in Half,Moon Slits Bottom Panel,Yes 500 Envelopes 6.5X6.5
Majestic,Silk,6 x 12,Vertical,Rectangle,16PT C2S,No Coating,Silk,n/a,4/0,75,Score in Half,Moon Slits Bottom Panel,Yes 500 Envelopes 6.5X6.5
Majestic,Silk,6 x 12,Horizontal,Rectangle,16PT C2S,No Coating,Silk,n/a,4/1,75,Score in Half,Moon Slits Bottom Panel,Yes 500 Envelopes 6.5X6.5
Majestic,Silk,6 x 12,Horizontal,Rectangle,16PT C2S,No Coating,Silk,n/a,4/0,75,Score in Half,Moon Slits Bottom Panel,Yes 500 Envelopes 6.5X6.5
Majestic,Silk,6 x 12,Vertical,Rectangle,16PT C2S,No Coating,Silk,n/a,4/1,75,Score in Half,Moon Slits Bottom Panel,Yes 500 Envelopes 6.5X6.5
Majestic,Silk,6 x 12,Horizontal,Rectangle,16PT C2S,No Coating,Silk,n/a,4/4,75,Score in Half,Moon Slits Bottom Panel,Yes 500 Envelopes 6.5X6.5
Majestic,Silk,6 x 12,Vertical,Rectangle,16PT C2S,No Coating,Silk,n/a,4/4,75,Score in Half,Moon Slits Bottom Panel,Yes 500 Envelopes 6.5X6.5
Majestic,Silk,6 x 12,Horizontal,Rectangle,16PT C2S,No Coating,Silk,n/a,4/0,100,Score in Half,Moon Slits Bottom Panel,Yes 500 Envelopes 6.5X6.5
Majestic,Silk,6 x 12,Vertical,Rectangle,16PT C2S,No Coating,Silk,n/a,4/0,100,Score in Half,Moon Slits Bottom Panel,Yes 500 Envelopes 6.5X6.5
Majestic,Silk,6 x 12,Vertical,Rectangle,16PT C2S,No Coating,Silk,n/a,4/1,100,Score in Half,Moon Slits Bottom Panel,Yes 500 Envelopes 6.5X6.5
Majestic,Silk,6 x 12,Horizontal,Rectangle,16PT C2S,No Coating,Silk,n/a,4/4,100,Score in Half,Moon Slits Bottom Panel,Yes 500 Envelopes 6.5X6.5
Majestic,Silk,6 x 12,Horizontal,Rectangle,16PT C2S,No Coating,Silk,n/a,4/1,100,Score in Half,Moon Slits Bottom Panel,Yes 500 Envelopes 6.5X6.5
Majestic,Silk,6 x 12,Vertical,Rectangle,16PT C2S,No Coating,Silk,n/a,4/4,2500,Score in Half,Slide Slits Right Panel,Yes 250 Envelopes 6.5X6.5
Majestic,Silk,6 x 12,Horizontal,Rectangle,16PT C2S,No Coating,Silk,n/a,4/0,250,Score in Half,Moon Slits Bottom Panel,Yes 500 Envelopes 6.5X6.5
Majestic,Silk,6 x 12,Vertical,Rectangle,16PT C2S,No Coating,Silk,n/a,4/0,250,Score in Half,Moon Slits Bottom Panel,Yes 500 Envelopes 6.5X6.5
Majestic,Silk,6 x 12,Horizontal,Rectangle,16PT C2S,No Coating,Silk,n/a,4/1,250,Score in Half,Moon Slits Bottom Panel,Yes 500 Envelopes 6.5X6.5
Majestic,Silk,6 x 12,Vertical,Rectangle,16PT C2S,No Coating,Silk,n/a,4/1,250,Score in Half,Moon Slits Bottom Panel,Yes 500 Envelopes 6.5X6.5
Majestic,Silk,6 x 12,Horizontal,Rectangle,16PT C2S,No Coating,Silk,n/a,4/4,250,Score in Half,Moon Slits Bottom Panel,Yes 500 Envelopes 6.5X6.5
Majestic,Silk,6 x 12,Vertical,Rectangle,16PT C2S,No Coating,Silk,n/a,4/4,250,Score in Half,Moon Slits Bottom Panel,Yes 500 Envelopes 6.5X6.5
Majestic,Silk,6 x 12,Vertical,Rectangle,16PT C2S,No Coating,Silk,n/a,4/0,500,Score in Half,Moon Slits Bottom Panel,Yes 500 Envelopes 6.5X6.5
Majestic,Silk,6 x 12,Horizontal,Rectangle,16PT C2S,No Coating,Silk,n/a,4/0,500,Score in Half,Moon Slits Bottom Panel,Yes 500 Envelopes 6.5X6.5
Majestic,Silk,6 x 12,Vertical,Rectangle,16PT C2S,No Coating,Silk,n/a,4/1,500,Score in Half,Moon Slits Bottom Panel,Yes 500 Envelopes 6.5X6.5
Majestic,Silk,6 x 12,Horizontal,Rectangle,16PT C2S,No Coating,Silk,n/a,4/1,500,Score in Half,Moon Slits Bottom Panel,Yes 500 Envelopes 6.5X6.5
Majestic,Silk,6 x 12,Vertical,Rectangle,16PT C2S,No Coating,Silk,n/a,4/4,500,Score in Half,Moon Slits Bottom Panel,Yes 500 Envelopes 6.5X6.5
Majestic,Silk,6 x 12,Horizontal,Rectangle,16PT C2S,No Coating,Silk,n/a,4/4,500,Score in Half,Moon Slits Bottom Panel,Yes 500 Envelopes 6.5X6.5
Majestic,Silk,6 x 12,Horizontal,Rectangle,16PT C2S,No Coating,Silk,n/a,4/0,1000,Score in Half,Moon Slits Bottom Panel,Yes 500 Envelopes 6.5X6.5
Majestic,Silk,6 x 12,Vertical,Rectangle,16PT C2S,No Coating,Silk,n/a,4/0,1000,Score in Half,Moon Slits Bottom Panel,Yes 500 Envelopes 6.5X6.5
Majestic,Silk,6 x 12,Horizontal,Rectangle,16PT C2S,No Coating,Silk,n/a,4/1,1000,Score in Half,Moon Slits Bottom Panel,Yes 500 Envelopes 6.5X6.5
Majestic,Silk,6 x 12,Vertical,Rectangle,16PT C2S,No Coating,Silk,n/a,4/1,1000,Score in Half,Moon Slits Bottom Panel,Yes 500 Envelopes 6.5X6.5
Majestic,Silk,6 x 12,Horizontal,Rectangle,16PT C2S,No Coating,Silk,n/a,4/4,1000,Score in Half,Moon Slits Bottom Panel,Yes 500 Envelopes 6.5X6.5
Majestic,Silk,6 x 12,Vertical,Rectangle,16PT C2S,No Coating,Silk,n/a,4/4,1000,Score in Half,Moon Slits Bottom Panel,Yes 500 Envelopes 6.5X6.5
Majestic,Silk,6 x 12,Horizontal,Rectangle,16PT C2S,No Coating,Silk,n/a,4/0,2500,Score in Half,Moon Slits Bottom Panel,Yes 500 Envelopes 6.5X6.5
Majestic,Silk,6 x 12,Vertical,Rectangle,16PT C2S,No Coating,Silk,n/a,4/0,2500,Score in Half,Moon Slits Bottom Panel,Yes 500 Envelopes 6.5X6.5
Majestic,Silk,6 x 12,Horizontal,Rectangle,16PT C2S,No Coating,Silk,n/a,4/1,2500,Score in Half,Moon Slits Bottom Panel,Yes 500 Envelopes 6.5X6.5
Majestic,Silk,6 x 12,Vertical,Rectangle,16PT C2S,No Coating,Silk,n/a,4/1,2500,Score in Half,Moon Slits Bottom Panel,Yes 500 Envelopes 6.5X6.5
Majestic,Silk,6 x 12,Horizontal,Rectangle,16PT C2S,No Coating,Silk,n/a,4/4,2500,Score in Half,Moon Slits Bottom Panel,Yes 500 Envelopes 6.5X6.5
Majestic,Silk,6 x 12,Vertical,Rectangle,16PT C2S,No Coating,Silk,n/a,4/4,2500,Score in Half,Moon Slits Bottom Panel,Yes 500 Envelopes 6.5X6.5
Majestic,Silk,6 x 12,Horizontal,Rectangle,16PT C2S,No Coating,Silk,n/a,4/0,5000,Score in Half,Moon Slits Bottom Panel,Yes 500 Envelopes 6.5X6.5
Majestic,Silk,6 x 12,Vertical,Rectangle,16PT C2S,No Coating,Silk,n/a,4/0,5000,Score in Half,Moon Slits Bottom Panel,Yes 500 Envelopes 6.5X6.5
Majestic,Silk,6 x 12,Horizontal,Rectangle,16PT C2S,No Coating,Silk,n/a,4/1,5000,Score in Half,Moon Slits Bottom Panel,Yes 500 Envelopes 6.5X6.5
Majestic,Silk,6 x 12,Vertical,Rectangle,16PT C2S,No Coating,Silk,n/a,4/1,5000,Score in Half,Moon Slits Bottom Panel,Yes 500 Envelopes 6.5X6.5
Majestic,Silk,6 x 12,Horizontal,Rectangle,16PT C2S,No Coating,Silk,n/a,4/4,5000,Score in Half,Moon Slits Bottom Panel,Yes 500 Envelopes 6.5X6.5
Majestic,Silk,6 x 12,Vertical,Rectangle,16PT C2S,No Coating,Silk,n/a,4/4,5000,Score in Half,Moon Slits Bottom Panel,Yes 500 Envelopes 6.5X6.5
Majestic,Silk,6 x 12,Vertical,Rectangle,16PT C2S,No Coating,Silk,n/a,4/1,10000,Score in Half,Moon Slits Bottom Panel,Yes 500 Envelopes 6.5X6.5
Majestic,Silk,6 x 12,Horizontal,Rectangle,16PT C2S,No Coating,Silk,n/a,4/0,10000,Score in Half,Moon Slits Bottom Panel,Yes 500 Envelopes 6.5X6.5
Majestic,Silk,6 x 12,Horizontal,Rectangle,16PT C2S,No Coating,Silk,n/a,4/4,10000,Score in Half,Moon Slits Bottom Panel,Yes 500 Envelopes 6.5X6.5
Majestic,Silk,6 x 12,Horizontal,Rectangle,16PT C2S,No Coating,Silk,n/a,4/1,10000,Score in Half,Moon Slits Bottom Panel,Yes 500 Envelopes 6.5X6.5
Majestic,Silk,6 x 12,Vertical,Rectangle,16PT C2S,No Coating,Silk,n/a,4/0,10000,Score in Half,Moon Slits Bottom Panel,Yes 500 Envelopes 6.5X6.5
Majestic,Silk,6 x 12,Vertical,Rectangle,16PT C2S,No Coating,Silk,n/a,4/4,10000,Score in Half,Moon Slits Bottom Panel,Yes 500 Envelopes 6.5X6.5
Majestic,Silk,6 x 12,Horizontal,Rectangle,16PT C2S,No Coating,Silk,n/a,4/1,25,Score in Half,Moon Slits Right Panel,Yes 500 Envelopes 6.5X6.5
Majestic,Silk,6 x 12,Horizontal,Rectangle,16PT C2S,No Coating,Silk,n/a,4/0,25,Score in Half,Moon Slits Right Panel,Yes 500 Envelopes 6.5X6.5
Majestic,Silk,6 x 12,Vertical,Rectangle,16PT C2S,No Coating,Silk,n/a,4/0,25,Score in Half,Moon Slits Right Panel,Yes 500 Envelopes 6.5X6.5
Majestic,Silk,6 x 12,Vertical,Rectangle,16PT C2S,No Coating,Silk,n/a,4/1,25,Score in Half,Moon Slits Right Panel,Yes 500 Envelopes 6.5X6.5
Majestic,Silk,6 x 12,Horizontal,Rectangle,16PT C2S,No Coating,Silk,n/a,4/4,25,Score in Half,Moon Slits Right Panel,Yes 500 Envelopes 6.5X6.5
Majestic,Silk,6 x 12,Vertical,Rectangle,16PT C2S,No Coating,Silk,n/a,4/4,25,Score in Half,Moon Slits Right Panel,Yes 500 Envelopes 6.5X6.5
Majestic,Silk,6 x 12,Horizontal,Rectangle,16PT C2S,No Coating,Silk,n/a,4/0,1000,Score in Half,Slide Slits Bottom Panel,Yes 250 Envelopes 6.5X6.5
Majestic,Silk,6 x 12,Vertical,Rectangle,16PT C2S,No Coating,Silk,n/a,4/0,50,Score in Half,Moon Slits Right Panel,Yes 500 Envelopes 6.5X6.5
Majestic,Silk,6 x 12,Horizontal,Rectangle,16PT C2S,No Coating,Silk,n/a,4/1,50,Score in Half,Moon Slits Right Panel,Yes 500 Envelopes 6.5X6.5
Majestic,Silk,6 x 12,Horizontal,Rectangle,16PT C2S,No Coating,Silk,n/a,4/4,50,Score in Half,Moon Slits Right Panel,Yes 500 Envelopes 6.5X6.5
Majestic,Silk,6 x 12,Vertical,Rectangle,16PT C2S,No Coating,Silk,n/a,4/1,50,Score in Half,Moon Slits Right Panel,Yes 500 Envelopes 6.5X6.5
Majestic,Silk,6 x 12,Vertical,Rectangle,16PT C2S,No Coating,Silk,n/a,4/4,50,Score in Half,Moon Slits Right Panel,Yes 500 Envelopes 6.5X6.5
Majestic,Silk,6 x 12,Horizontal,Rectangle,16PT C2S,No Coating,Silk,n/a,4/0,75,Score in Half,Moon Slits Right Panel,Yes 500 Envelopes 6.5X6.5
Majestic,Silk,6 x 12,Vertical,Rectangle,16PT C2S,No Coating,Silk,n/a,4/0,75,Score in Half,Moon Slits Right Panel,Yes 500 Envelopes 6.5X6.5
Majestic,Silk,6 x 12,Vertical,Rectangle,16PT C2S,No Coating,Silk,n/a,4/1,75,Score in Half,Moon Slits Right Panel,Yes 500 Envelopes 6.5X6.5
Majestic,Silk,6 x 12,Horizontal,Rectangle,16PT C2S,No Coating,Silk,n/a,4/1,75,Score in Half,Moon Slits Right Panel,Yes 500 Envelopes 6.5X6.5
Majestic,Silk,6 x 12,Horizontal,Rectangle,16PT C2S,No Coating,Silk,n/a,4/4,75,Score in Half,Moon Slits Right Panel,Yes 500 Envelopes 6.5X6.5
Majestic,Silk,6 x 12,Vertical,Rectangle,16PT C2S,No Coating,Silk,n/a,4/4,75,Score in Half,Moon Slits Right Panel,Yes 500 Envelopes 6.5X6.5
Majestic,Silk,6 x 12,Horizontal,Rectangle,16PT C2S,No Coating,Silk,n/a,4/0,100,Score in Half,Moon Slits Right Panel,Yes 500 Envelopes 6.5X6.5
Majestic,Silk,6 x 12,Vertical,Rectangle,16PT C2S,No Coating,Silk,n/a,4/0,100,Score in Half,Moon Slits Right Panel,Yes 500 Envelopes 6.5X6.5
Majestic,Silk,6 x 12,Horizontal,Rectangle,16PT C2S,No Coating,Silk,n/a,4/1,100,Score in Half,Moon Slits Right Panel,Yes 500 Envelopes 6.5X6.5
Majestic,Silk,6 x 12,Vertical,Rectangle,16PT C2S,No Coating,Silk,n/a,4/1,100,Score in Half,Moon Slits Right Panel,Yes 500 Envelopes 6.5X6.5
Majestic,Silk,6 x 12,Horizontal,Rectangle,16PT C2S,No Coating,Silk,n/a,4/4,100,Score in Half,Moon Slits Right Panel,Yes 500 Envelopes 6.5X6.5
Majestic,Silk,6 x 12,Vertical,Rectangle,16PT C2S,No Coating,Silk,n/a,4/4,100,Score in Half,Moon Slits Right Panel,Yes 500 Envelopes 6.5X6.5
Majestic,Silk,6 x 12,Horizontal,Rectangle,16PT C2S,No Coating,Silk,n/a,4/0,250,Score in Half,Moon Slits Right Panel,Yes 500 Envelopes 6.5X6.5
Majestic,Silk,6 x 12,Vertical,Rectangle,16PT C2S,No Coating,Silk,n/a,4/0,250,Score in Half,Moon Slits Right Panel,Yes 500 Envelopes 6.5X6.5
Majestic,Silk,6 x 12,Horizontal,Rectangle,16PT C2S,No Coating,Silk,n/a,4/1,250,Score in Half,Moon Slits Right Panel,Yes 500 Envelopes 6.5X6.5
Majestic,Silk,6 x 12,Vertical,Rectangle,16PT C2S,No Coating,Silk,n/a,4/1,250,Score in Half,Moon Slits Right Panel,Yes 500 Envelopes 6.5X6.5
Majestic,Silk,6 x 12,Horizontal,Rectangle,16PT C2S,No Coating,Silk,n/a,4/4,250,Score in Half,Moon Slits Right Panel,Yes 500 Envelopes 6.5X6.5
Majestic,Silk,6 x 12,Vertical,Rectangle,16PT C2S,No Coating,Silk,n/a,4/4,250,Score in Half,Moon Slits Right Panel,Yes 500 Envelopes 6.5X6.5
Majestic,Silk,6 x 12,Horizontal,Rectangle,16PT C2S,No Coating,Silk,n/a,4/0,500,Score in Half,Moon Slits Right Panel,Yes 500 Envelopes 6.5X6.5
Majestic,Silk,6 x 12,Vertical,Rectangle,16PT C2S,No Coating,Silk,n/a,4/0,500,Score in Half,Moon Slits Right Panel,Yes 500 Envelopes 6.5X6.5
Majestic,Silk,6 x 12,Horizontal,Rectangle,16PT C2S,No Coating,Silk,n/a,4/1,500,Score in Half,Moon Slits Right Panel,Yes 500 Envelopes 6.5X6.5
Majestic,Silk,6 x 12,Vertical,Rectangle,16PT C2S,No Coating,Silk,n/a,4/1,500,Score in Half,Moon Slits Right Panel,Yes 500 Envelopes 6.5X6.5
Majestic,Silk,6 x 12,Horizontal,Rectangle,16PT C2S,No Coating,Silk,n/a,4/4,500,Score in Half,Moon Slits Right Panel,Yes 500 Envelopes 6.5X6.5
Majestic,Silk,6 x 12,Vertical,Rectangle,16PT C2S,No Coating,Silk,n/a,4/4,500,Score in Half,Moon Slits Right Panel,Yes 500 Envelopes 6.5X6.5
Majestic,Silk,6 x 12,Horizontal,Rectangle,16PT C2S,No Coating,Silk,n/a,4/0,1000,Score in Half,Moon Slits Right Panel,Yes 500 Envelopes 6.5X6.5
Majestic,Silk,6 x 12,Vertical,Rectangle,16PT C2S,No Coating,Silk,n/a,4/0,1000,Score in Half,Moon Slits Right Panel,Yes 500 Envelopes 6.5X6.5
Majestic,Silk,6 x 12,Horizontal,Rectangle,16PT C2S,No Coating,Silk,n/a,4/1,1000,Score in Half,Moon Slits Right Panel,Yes 500 Envelopes 6.5X6.5
Majestic,Silk,6 x 12,Vertical,Rectangle,16PT C2S,No Coating,Silk,n/a,4/1,1000,Score in Half,Moon Slits Right Panel,Yes 500 Envelopes 6.5X6.5
Majestic,Silk,6 x 12,Horizontal,Rectangle,16PT C2S,No Coating,Silk,n/a,4/4,1000,Score in Half,Moon Slits Right Panel,Yes 500 Envelopes 6.5X6.5
Majestic,Silk,6 x 12,Vertical,Rectangle,16PT C2S,No Coating,Silk,n/a,4/4,1000,Score in Half,Moon Slits Right Panel,Yes 500 Envelopes 6.5X6.5
Majestic,Silk,6 x 12,Horizontal,Rectangle,16PT C2S,No Coating,Silk,n/a,4/0,2500,Score in Half,Moon Slits Right Panel,Yes 500 Envelopes 6.5X6.5
Majestic,Silk,6 x 12,Vertical,Rectangle,16PT C2S,No Coating,Silk,n/a,4/0,2500,Score in Half,Moon Slits Right Panel,Yes 500 Envelopes 6.5X6.5
Majestic,Silk,6 x 12,Horizontal,Rectangle,16PT C2S,No Coating,Silk,n/a,4/1,2500,Score in Half,Moon Slits Right Panel,Yes 500 Envelopes 6.5X6.5
Majestic,Silk,6 x 12,Vertical,Rectangle,16PT C2S,No Coating,Silk,n/a,4/1,2500,Score in Half,Moon Slits Right Panel,Yes 500 Envelopes 6.5X6.5
Majestic,Silk,6 x 12,Horizontal,Rectangle,16PT C2S,No Coating,Silk,n/a,4/4,2500,Score in Half,Moon Slits Right Panel,Yes 500 Envelopes 6.5X6.5
Majestic,Silk,6 x 12,Vertical,Rectangle,16PT C2S,No Coating,Silk,n/a,4/4,2500,Score in Half,Moon Slits Right Panel,Yes 500 Envelopes 6.5X6.5
Majestic,Silk,6 x 12,Horizontal,Rectangle,16PT C2S,No Coating,Silk,n/a,4/0,5000,Score in Half,Moon Slits Right Panel,Yes 500 Envelopes 6.5X6.5
Majestic,Silk,6 x 12,Vertical,Rectangle,16PT C2S,No Coating,Silk,n/a,4/0,5000,Score in Half,Moon Slits Right Panel,Yes 500 Envelopes 6.5X6.5
Majestic,Silk,6 x 12,Horizontal,Rectangle,16PT C2S,No Coating,Silk,n/a,4/1,5000,Score in Half,Moon Slits Right Panel,Yes 500 Envelopes 6.5X6.5
Majestic,Silk,6 x 12,Vertical,Rectangle,16PT C2S,No Coating,Silk,n/a,4/1,5000,Score in Half,Moon Slits Right Panel,Yes 500 Envelopes 6.5X6.5
Majestic,Silk,6 x 12,Horizontal,Rectangle,16PT C2S,No Coating,Silk,n/a,4/4,5000,Score in Half,Moon Slits Right Panel,Yes 500 Envelopes 6.5X6.5
Majestic,Silk,6 x 12,Vertical,Rectangle,16PT C2S,No Coating,Silk,n/a,4/4,5000,Score in Half,Moon Slits Right Panel,Yes 500 Envelopes 6.5X6.5
Majestic,Silk,6 x 12,Horizontal,Rectangle,16PT C2S,No Coating,Silk,n/a,4/0,10000,Score in Half,Moon Slits Right Panel,Yes 500 Envelopes 6.5X6.5
Majestic,Silk,6 x 12,Vertical,Rectangle,16PT C2S,No Coating,Silk,n/a,4/0,10000,Score in Half,Moon Slits Right Panel,Yes 500 Envelopes 6.5X6.5
Majestic,Silk,6 x 12,Horizontal,Rectangle,16PT C2S,No Coating,Silk,n/a,4/1,10000,Score in Half,Moon Slits Right Panel,Yes 500 Envelopes 6.5X6.5
Majestic,Silk,6 x 12,Horizontal,Rectangle,16PT C2S,No Coating,Silk,n/a,4/4,10000,Score in Half,Moon Slits Right Panel,Yes 500 Envelopes 6.5X6.5
Majestic,Silk,6 x 12,Vertical,Rectangle,16PT C2S,No Coating,Silk,n/a,4/1,10000,Score in Half,Moon Slits Right Panel,Yes 500 Envelopes 6.5X6.5
Majestic,Silk,6 x 12,Vertical,Rectangle,16PT C2S,No Coating,Silk,n/a,4/4,10000,Score in Half,Moon Slits Right Panel,Yes 500 Envelopes 6.5X6.5
Majestic,Silk,6 x 12,Horizontal,Rectangle,16PT C2S,No Coating,Silk,n/a,4/0,25,Score in Half,No Gift Cards Slits,Yes 500 Envelopes 6.5X6.5
Majestic,Silk,6 x 12,Vertical,Rectangle,16PT C2S,No Coating,Silk,n/a,4/0,25,Score in Half,No Gift Cards Slits,Yes 500 Envelopes 6.5X6.5
Majestic,Silk,6 x 12,Horizontal,Rectangle,16PT C2S,No Coating,Silk,n/a,4/1,25,Score in Half,No Gift Cards Slits,Yes 500 Envelopes 6.5X6.5
Majestic,Silk,6 x 12,Vertical,Rectangle,16PT C2S,No Coating,Silk,n/a,4/1,25,Score in Half,No Gift Cards Slits,Yes 500 Envelopes 6.5X6.5
Majestic,Silk,6 x 12,Horizontal,Rectangle,16PT C2S,No Coating,Silk,n/a,4/0,50,Score in Half,Moon Slits Right Panel,Yes 500 Envelopes 6.5X6.5
Majestic,Silk,6 x 12,Horizontal,Rectangle,16PT C2S,No Coating,Silk,n/a,4/0,50,Score in Half,No Gift Cards Slits,Yes 500 Envelopes 6.5X6.5
Majestic,Silk,6 x 12,Vertical,Rectangle,16PT C2S,No Coating,Silk,n/a,4/4,25,Score in Half,No Gift Cards Slits,Yes 500 Envelopes 6.5X6.5
Majestic,Silk,6 x 12,Vertical,Rectangle,16PT C2S,No Coating,Silk,n/a,4/0,50,Score in Half,No Gift Cards Slits,Yes 500 Envelopes 6.5X6.5
Majestic,Silk,6 x 12,Horizontal,Rectangle,16PT C2S,No Coating,Silk,n/a,4/1,50,Score in Half,No Gift Cards Slits,Yes 500 Envelopes 6.5X6.5
Majestic,Silk,6 x 12,Vertical,Rectangle,16PT C2S,No Coating,Silk,n/a,4/1,50,Score in Half,No Gift Cards Slits,Yes 500 Envelopes 6.5X6.5
Majestic,Silk,6 x 12,Horizontal,Rectangle,16PT C2S,No Coating,Silk,n/a,4/4,50,Score in Half,No Gift Cards Slits,Yes 500 Envelopes 6.5X6.5
Majestic,Silk,6 x 12,Horizontal,Rectangle,16PT C2S,No Coating,Silk,n/a,4/0,75,Score in Half,No Gift Cards Slits,Yes 500 Envelopes 6.5X6.5
Majestic,Silk,6 x 12,Vertical,Rectangle,16PT C2S,No Coating,Silk,n/a,4/4,50,Score in Half,No Gift Cards Slits,Yes 500 Envelopes 6.5X6.5
Majestic,Silk,6 x 12,Vertical,Rectangle,16PT C2S,No Coating,Silk,n/a,4/0,75,Score in Half,No Gift Cards Slits,Yes 500 Envelopes 6.5X6.5
Majestic,Silk,6 x 12,Horizontal,Rectangle,16PT C2S,No Coating,Silk,n/a,4/1,75,Score in Half,No Gift Cards Slits,Yes 500 Envelopes 6.5X6.5
Majestic,Silk,6 x 12,Vertical,Rectangle,16PT C2S,No Coating,Silk,n/a,4/1,75,Score in Half,No Gift Cards Slits,Yes 500 Envelopes 6.5X6.5
Majestic,Silk,6 x 12,Horizontal,Rectangle,16PT C2S,No Coating,Silk,n/a,4/4,75,Score in Half,No Gift Cards Slits,Yes 500 Envelopes 6.5X6.5
Majestic,Silk,6 x 12,Vertical,Rectangle,16PT C2S,No Coating,Silk,n/a,4/4,75,Score in Half,No Gift Cards Slits,Yes 500 Envelopes 6.5X6.5
Majestic,Silk,6 x 12,Horizontal,Rectangle,16PT C2S,No Coating,Silk,n/a,4/0,100,Score in Half,No Gift Cards Slits,Yes 500 Envelopes 6.5X6.5
Majestic,Silk,6 x 12,Vertical,Rectangle,16PT C2S,No Coating,Silk,n/a,4/0,100,Score in Half,No Gift Cards Slits,Yes 500 Envelopes 6.5X6.5
Majestic,Silk,6 x 12,Horizontal,Rectangle,16PT C2S,No Coating,Silk,n/a,4/1,100,Score in Half,No Gift Cards Slits,Yes 500 Envelopes 6.5X6.5
Majestic,Silk,6 x 12,Vertical,Rectangle,16PT C2S,No Coating,Silk,n/a,4/1,100,Score in Half,No Gift Cards Slits,Yes 500 Envelopes 6.5X6.5
Majestic,Silk,6 x 12,Horizontal,Rectangle,16PT C2S,No Coating,Silk,n/a,4/4,100,Score in Half,No Gift Cards Slits,Yes 500 Envelopes 6.5X6.5
Majestic,Silk,6 x 12,Vertical,Rectangle,16PT C2S,No Coating,Silk,n/a,4/4,100,Score in Half,No Gift Cards Slits,Yes 500 Envelopes 6.5X6.5
Majestic,Silk,6 x 12,Horizontal,Rectangle,16PT C2S,No Coating,Silk,n/a,4/0,250,Score in Half,No Gift Cards Slits,Yes 500 Envelopes 6.5X6.5
Majestic,Silk,6 x 12,Vertical,Rectangle,16PT C2S,No Coating,Silk,n/a,4/0,250,Score in Half,No Gift Cards Slits,Yes 500 Envelopes 6.5X6.5
Majestic,Silk,6 x 12,Horizontal,Rectangle,16PT C2S,No Coating,Silk,n/a,4/1,250,Score in Half,No Gift Cards Slits,Yes 500 Envelopes 6.5X6.5
Majestic,Silk,6 x 12,Vertical,Rectangle,16PT C2S,No Coating,Silk,n/a,4/1,250,Score in Half,No Gift Cards Slits,Yes 500 Envelopes 6.5X6.5
Majestic,Silk,6 x 12,Horizontal,Rectangle,16PT C2S,No Coating,Silk,n/a,4/4,250,Score in Half,No Gift Cards Slits,Yes 500 Envelopes 6.5X6.5
Majestic,Silk,6 x 12,Vertical,Rectangle,16PT C2S,No Coating,Silk,n/a,4/4,250,Score in Half,No Gift Cards Slits,Yes 500 Envelopes 6.5X6.5
Majestic,Silk,6 x 12,Horizontal,Rectangle,16PT C2S,No Coating,Silk,n/a,4/0,500,Score in Half,No Gift Cards Slits,Yes 500 Envelopes 6.5X6.5
Majestic,Silk,6 x 12,Vertical,Rectangle,16PT C2S,No Coating,Silk,n/a,4/0,500,Score in Half,No Gift Cards Slits,Yes 500 Envelopes 6.5X6.5
Majestic,Silk,6 x 12,Horizontal,Rectangle,16PT C2S,No Coating,Silk,n/a,4/1,500,Score in Half,No Gift Cards Slits,Yes 500 Envelopes 6.5X6.5
Majestic,Silk,6 x 12,Vertical,Rectangle,16PT C2S,No Coating,Silk,n/a,4/1,500,Score in Half,No Gift Cards Slits,Yes 500 Envelopes 6.5X6.5
Majestic,Silk,6 x 12,Horizontal,Rectangle,16PT C2S,No Coating,Silk,n/a,4/4,500,Score in Half,No Gift Cards Slits,Yes 500 Envelopes 6.5X6.5
Majestic,Silk,6 x 12,Vertical,Rectangle,16PT C2S,No Coating,Silk,n/a,4/4,500,Score in Half,No Gift Cards Slits,Yes 500 Envelopes 6.5X6.5
Majestic,Silk,6 x 12,Horizontal,Rectangle,16PT C2S,No Coating,Silk,n/a,4/0,1000,Score in Half,No Gift Cards Slits,Yes 500 Envelopes 6.5X6.5
Majestic,Silk,6 x 12,Vertical,Rectangle,16PT C2S,No Coating,Silk,n/a,4/0,1000,Score in Half,No Gift Cards Slits,Yes 500 Envelopes 6.5X6.5
Majestic,Silk,6 x 12,Horizontal,Rectangle,16PT C2S,No Coating,Silk,n/a,4/1,1000,Score in Half,No Gift Cards Slits,Yes 500 Envelopes 6.5X6.5
Majestic,Silk,6 x 12,Horizontal,Rectangle,16PT C2S,No Coating,Silk,n/a,4/4,1000,Score in Half,No Gift Cards Slits,Yes 500 Envelopes 6.5X6.5
Majestic,Silk,6 x 12,Vertical,Rectangle,16PT C2S,No Coating,Silk,n/a,4/1,1000,Score in Half,No Gift Cards Slits,Yes 500 Envelopes 6.5X6.5
Majestic,Silk,6 x 12,Vertical,Rectangle,16PT C2S,No Coating,Silk,n/a,4/4,1000,Score in Half,No Gift Cards Slits,Yes 500 Envelopes 6.5X6.5
Majestic,Silk,6 x 12,Horizontal,Rectangle,16PT C2S,No Coating,Silk,n/a,4/0,2500,Score in Half,No Gift Cards Slits,Yes 500 Envelopes 6.5X6.5
Majestic,Silk,6 x 12,Horizontal,Rectangle,16PT C2S,No Coating,Silk,n/a,4/1,2500,Score in Half,No Gift Cards Slits,Yes 500 Envelopes 6.5X6.5
Majestic,Silk,6 x 12,Vertical,Rectangle,16PT C2S,No Coating,Silk,n/a,4/0,2500,Score in Half,No Gift Cards Slits,Yes 500 Envelopes 6.5X6.5
Majestic,Silk,6 x 12,Vertical,Rectangle,16PT C2S,No Coating,Silk,n/a,4/1,2500,Score in Half,No Gift Cards Slits,Yes 500 Envelopes 6.5X6.5
Majestic,Silk,6 x 12,Horizontal,Rectangle,16PT C2S,No Coating,Silk,n/a,4/4,2500,Score in Half,No Gift Cards Slits,Yes 500 Envelopes 6.5X6.5
Majestic,Silk,6 x 12,Vertical,Rectangle,16PT C2S,No Coating,Silk,n/a,4/4,2500,Score in Half,No Gift Cards Slits,Yes 500 Envelopes 6.5X6.5
Majestic,Silk,6 x 12,Horizontal,Rectangle,16PT C2S,No Coating,Silk,n/a,4/0,5000,Score in Half,No Gift Cards Slits,Yes 500 Envelopes 6.5X6.5
Majestic,Silk,6 x 12,Vertical,Rectangle,16PT C2S,No Coating,Silk,n/a,4/0,5000,Score in Half,No Gift Cards Slits,Yes 500 Envelopes 6.5X6.5
Majestic,Silk,6 x 12,Vertical,Rectangle,16PT C2S,No Coating,Silk,n/a,4/4,2500,Score in Half,No Gift Cards Slits,Yes 250 Envelopes 6.5X6.5
Majestic,Silk,6 x 12,Vertical,Rectangle,16PT C2S,No Coating,Silk,n/a,4/1,5000,Score in Half,No Gift Cards Slits,Yes 500 Envelopes 6.5X6.5
Majestic,Silk,6 x 12,Horizontal,Rectangle,16PT C2S,No Coating,Silk,n/a,4/1,5000,Score in Half,No Gift Cards Slits,Yes 500 Envelopes 6.5X6.5
Majestic,Silk,6 x 12,Vertical,Rectangle,16PT C2S,No Coating,Silk,n/a,4/4,5000,Score in Half,No Gift Cards Slits,Yes 500 Envelopes 6.5X6.5
Majestic,Silk,6 x 12,Horizontal,Rectangle,16PT C2S,No Coating,Silk,n/a,4/0,10000,Score in Half,No Gift Cards Slits,Yes 500 Envelopes 6.5X6.5
Majestic,Silk,6 x 12,Vertical,Rectangle,16PT C2S,No Coating,Silk,n/a,4/0,10000,Score in Half,No Gift Cards Slits,Yes 500 Envelopes 6.5X6.5
Majestic,Silk,6 x 12,Horizontal,Rectangle,16PT C2S,No Coating,Silk,n/a,4/1,10000,Score in Half,No Gift Cards Slits,Yes 500 Envelopes 6.5X6.5
Majestic,Silk,6 x 12,Vertical,Rectangle,16PT C2S,No Coating,Silk,n/a,4/1,10000,Score in Half,No Gift Cards Slits,Yes 500 Envelopes 6.5X6.5
Majestic,Silk,6 x 12,Horizontal,Rectangle,16PT C2S,No Coating,Silk,n/a,4/4,10000,Score in Half,No Gift Cards Slits,Yes 500 Envelopes 6.5X6.5
Majestic,Silk,6 x 12,Vertical,Rectangle,16PT C2S,No Coating,Silk,n/a,4/4,10000,Score in Half,No Gift Cards Slits,Yes 500 Envelopes 6.5X6.5
Majestic,Silk,6 x 12,Horizontal,Rectangle,16PT C2S,No Coating,Silk,n/a,4/0,25,Score in Half,Slide Slits Bottom Panel,Yes 500 Envelopes 6.5X6.5
Majestic,Silk,6 x 12,Vertical,Rectangle,16PT C2S,No Coating,Silk,n/a,4/0,25,Score in Half,Slide Slits Bottom Panel,Yes 500 Envelopes 6.5X6.5
Majestic,Silk,6 x 12,Horizontal,Rectangle,16PT C2S,No Coating,Silk,n/a,4/1,25,Score in Half,Slide Slits Bottom Panel,Yes 500 Envelopes 6.5X6.5
Majestic,Silk,6 x 12,Vertical,Rectangle,16PT C2S,No Coating,Silk,n/a,4/1,25,Score in Half,Slide Slits Bottom Panel,Yes 500 Envelopes 6.5X6.5
Majestic,Silk,6 x 12,Horizontal,Rectangle,16PT C2S,No Coating,Silk,n/a,4/4,25,Score in Half,Slide Slits Bottom Panel,Yes 500 Envelopes 6.5X6.5
Majestic,Silk,6 x 12,Vertical,Rectangle,16PT C2S,No Coating,Silk,n/a,4/4,25,Score in Half,Slide Slits Bottom Panel,Yes 500 Envelopes 6.5X6.5
Majestic,Silk,6 x 12,Horizontal,Rectangle,16PT C2S,No Coating,Silk,n/a,4/0,50,Score in Half,Slide Slits Bottom Panel,Yes 500 Envelopes 6.5X6.5
Majestic,Silk,6 x 12,Vertical,Rectangle,16PT C2S,No Coating,Silk,n/a,4/0,50,Score in Half,Slide Slits Bottom Panel,Yes 500 Envelopes 6.5X6.5
Majestic,Silk,6 x 12,Horizontal,Rectangle,16PT C2S,No Coating,Silk,n/a,4/1,50,Score in Half,Slide Slits Bottom Panel,Yes 500 Envelopes 6.5X6.5
Majestic,Silk,6 x 12,Vertical,Rectangle,16PT C2S,No Coating,Silk,n/a,4/1,50,Score in Half,Slide Slits Bottom Panel,Yes 500 Envelopes 6.5X6.5
Majestic,Silk,6 x 12,Horizontal,Rectangle,16PT C2S,No Coating,Silk,n/a,4/4,5000,Score in Half,No Gift Cards Slits,Yes 500 Envelopes 6.5X6.5
Majestic,Silk,6 x 12,Vertical,Rectangle,16PT C2S,No Coating,Silk,n/a,4/4,50,Score in Half,Slide Slits Bottom Panel,Yes 500 Envelopes 6.5X6.5
Majestic,Silk,6 x 12,Horizontal,Rectangle,16PT C2S,No Coating,Silk,n/a,4/0,75,Score in Half,Slide Slits Bottom Panel,Yes 500 Envelopes 6.5X6.5
Majestic,Silk,6 x 12,Vertical,Rectangle,16PT C2S,No Coating,Silk,n/a,4/0,75,Score in Half,Slide Slits Bottom Panel,Yes 500 Envelopes 6.5X6.5
Majestic,Silk,6 x 12,Vertical,Rectangle,16PT C2S,No Coating,Silk,n/a,4/1,75,Score in Half,Slide Slits Bottom Panel,Yes 500 Envelopes 6.5X6.5
Majestic,Silk,6 x 12,Horizontal,Rectangle,16PT C2S,No Coating,Silk,n/a,4/1,75,Score in Half,Slide Slits Bottom Panel,Yes 500 Envelopes 6.5X6.5
Majestic,Silk,6 x 12,Horizontal,Rectangle,16PT C2S,No Coating,Silk,n/a,4/4,50,Score in Half,Slide Slits Bottom Panel,Yes 500 Envelopes 6.5X6.5
Majestic,Silk,6 x 12,Horizontal,Rectangle,16PT C2S,No Coating,Silk,n/a,4/4,75,Score in Half,Slide Slits Bottom Panel,Yes 500 Envelopes 6.5X6.5
Majestic,Silk,6 x 12,Vertical,Rectangle,16PT C2S,No Coating,Silk,n/a,4/0,100,Score in Half,Slide Slits Bottom Panel,Yes 500 Envelopes 6.5X6.5
Majestic,Silk,6 x 12,Horizontal,Rectangle,16PT C2S,No Coating,Silk,n/a,4/0,100,Score in Half,Slide Slits Bottom Panel,Yes 500 Envelopes 6.5X6.5
Majestic,Silk,6 x 12,Vertical,Rectangle,16PT C2S,No Coating,Silk,n/a,4/4,100,Score in Half,Moon Slits Bottom Panel,Yes 500 Envelopes 6.5X6.5
Majestic,Silk,6 x 12,Vertical,Rectangle,16PT C2S,No Coating,Silk,n/a,4/1,100,Score in Half,Slide Slits Bottom Panel,Yes 500 Envelopes 6.5X6.5
Majestic,Silk,6 x 12,Horizontal,Rectangle,16PT C2S,No Coating,Silk,n/a,4/4,100,Score in Half,Slide Slits Bottom Panel,Yes 500 Envelopes 6.5X6.5
Majestic,Silk,6 x 12,Vertical,Rectangle,16PT C2S,No Coating,Silk,n/a,4/4,100,Score in Half,Slide Slits Bottom Panel,Yes 500 Envelopes 6.5X6.5
Majestic,Silk,6 x 12,Horizontal,Rectangle,16PT C2S,No Coating,Silk,n/a,4/0,250,Score in Half,Slide Slits Bottom Panel,Yes 500 Envelopes 6.5X6.5
Majestic,Silk,6 x 12,Vertical,Rectangle,16PT C2S,No Coating,Silk,n/a,4/0,250,Score in Half,Slide Slits Bottom Panel,Yes 500 Envelopes 6.5X6.5
Majestic,Silk,6 x 12,Horizontal,Rectangle,16PT C2S,No Coating,Silk,n/a,4/1,250,Score in Half,Slide Slits Bottom Panel,Yes 500 Envelopes 6.5X6.5
Majestic,Silk,6 x 12,Vertical,Rectangle,16PT C2S,No Coating,Silk,n/a,4/1,250,Score in Half,Slide Slits Bottom Panel,Yes 500 Envelopes 6.5X6.5
Majestic,Silk,6 x 12,Horizontal,Rectangle,16PT C2S,No Coating,Silk,n/a,4/4,250,Score in Half,Slide Slits Bottom Panel,Yes 500 Envelopes 6.5X6.5
Majestic,Silk,6 x 12,Vertical,Rectangle,16PT C2S,No Coating,Silk,n/a,4/4,250,Score in Half,Slide Slits Bottom Panel,Yes 500 Envelopes 6.5X6.5
Majestic,Silk,6 x 12,Horizontal,Rectangle,16PT C2S,No Coating,Silk,n/a,4/0,500,Score in Half,Slide Slits Bottom Panel,Yes 500 Envelopes 6.5X6.5
Majestic,Silk,6 x 12,Vertical,Rectangle,16PT C2S,No Coating,Silk,n/a,4/0,500,Score in Half,Slide Slits Bottom Panel,Yes 500 Envelopes 6.5X6.5
Majestic,Silk,6 x 12,Horizontal,Rectangle,16PT C2S,No Coating,Silk,n/a,4/1,500,Score in Half,Slide Slits Bottom Panel,Yes 500 Envelopes 6.5X6.5
Majestic,Silk,6 x 12,Vertical,Rectangle,16PT C2S,No Coating,Silk,n/a,4/1,500,Score in Half,Slide Slits Bottom Panel,Yes 500 Envelopes 6.5X6.5
Majestic,Silk,6 x 12,Horizontal,Rectangle,16PT C2S,No Coating,Silk,n/a,4/4,500,Score in Half,Slide Slits Bottom Panel,Yes 500 Envelopes 6.5X6.5
Majestic,Silk,6 x 12,Vertical,Rectangle,16PT C2S,No Coating,Silk,n/a,4/4,500,Score in Half,Slide Slits Bottom Panel,Yes 500 Envelopes 6.5X6.5
Majestic,Silk,6 x 12,Horizontal,Rectangle,16PT C2S,No Coating,Silk,n/a,4/0,1000,Score in Half,Slide Slits Bottom Panel,Yes 500 Envelopes 6.5X6.5
Majestic,Silk,6 x 12,Vertical,Rectangle,16PT C2S,No Coating,Silk,n/a,4/0,1000,Score in Half,Slide Slits Bottom Panel,Yes 500 Envelopes 6.5X6.5
Majestic,Silk,6 x 12,Horizontal,Rectangle,16PT C2S,No Coating,Silk,n/a,4/1,1000,Score in Half,Slide Slits Bottom Panel,Yes 500 Envelopes 6.5X6.5
Majestic,Silk,6 x 12,Vertical,Rectangle,16PT C2S,No Coating,Silk,n/a,4/1,1000,Score in Half,Slide Slits Bottom Panel,Yes 500 Envelopes 6.5X6.5
Majestic,Silk,6 x 12,Horizontal,Rectangle,16PT C2S,No Coating,Silk,n/a,4/4,1000,Score in Half,Slide Slits Bottom Panel,Yes 500 Envelopes 6.5X6.5
Majestic,Silk,6 x 12,Vertical,Rectangle,16PT C2S,No Coating,Silk,n/a,4/4,1000,Score in Half,Slide Slits Bottom Panel,Yes 500 Envelopes 6.5X6.5
Majestic,Silk,6 x 12,Horizontal,Rectangle,16PT C2S,No Coating,Silk,n/a,4/0,2500,Score in Half,Slide Slits Bottom Panel,Yes 500 Envelopes 6.5X6.5
Majestic,Silk,6 x 12,Vertical,Rectangle,16PT C2S,No Coating,Silk,n/a,4/0,2500,Score in Half,Slide Slits Bottom Panel,Yes 500 Envelopes 6.5X6.5
Majestic,Silk,6 x 12,Horizontal,Rectangle,16PT C2S,No Coating,Silk,n/a,4/1,2500,Score in Half,Slide Slits Bottom Panel,Yes 500 Envelopes 6.5X6.5
Majestic,Silk,6 x 12,Vertical,Rectangle,16PT C2S,No Coating,Silk,n/a,4/1,2500,Score in Half,Slide Slits Bottom Panel,Yes 500 Envelopes 6.5X6.5
Majestic,Silk,6 x 12,Horizontal,Rectangle,16PT C2S,No Coating,Silk,n/a,4/4,2500,Score in Half,Slide Slits Bottom Panel,Yes 500 Envelopes 6.5X6.5
Majestic,Silk,6 x 12,Vertical,Rectangle,16PT C2S,No Coating,Silk,n/a,4/4,2500,Score in Half,Slide Slits Bottom Panel,Yes 500 Envelopes 6.5X6.5
Majestic,Silk,6 x 12,Horizontal,Rectangle,16PT C2S,No Coating,Silk,n/a,4/0,5000,Score in Half,Slide Slits Bottom Panel,Yes 500 Envelopes 6.5X6.5
Majestic,Silk,6 x 12,Vertical,Rectangle,16PT C2S,No Coating,Silk,n/a,4/0,5000,Score in Half,Slide Slits Bottom Panel,Yes 500 Envelopes 6.5X6.5
Majestic,Silk,6 x 12,Horizontal,Rectangle,16PT C2S,No Coating,Silk,n/a,4/1,5000,Score in Half,Slide Slits Bottom Panel,Yes 500 Envelopes 6.5X6.5
Majestic,Silk,6 x 12,Vertical,Rectangle,16PT C2S,No Coating,Silk,n/a,4/1,5000,Score in Half,Slide Slits Bottom Panel,Yes 500 Envelopes 6.5X6.5
Majestic,Silk,6 x 12,Horizontal,Rectangle,16PT C2S,No Coating,Silk,n/a,4/4,5000,Score in Half,Slide Slits Bottom Panel,Yes 500 Envelopes 6.5X6.5
Majestic,Silk,6 x 12,Vertical,Rectangle,16PT C2S,No Coating,Silk,n/a,4/4,5000,Score in Half,Slide Slits Bottom Panel,Yes 500 Envelopes 6.5X6.5
Majestic,Silk,6 x 12,Horizontal,Rectangle,16PT C2S,No Coating,Silk,n/a,4/0,10000,Score in Half,Slide Slits Bottom Panel,Yes 500 Envelopes 6.5X6.5
Majestic,Silk,6 x 12,Vertical,Rectangle,16PT C2S,No Coating,Silk,n/a,4/0,10000,Score in Half,Slide Slits Bottom Panel,Yes 500 Envelopes 6.5X6.5
Majestic,Silk,6 x 12,Vertical,Rectangle,16PT C2S,No Coating,Silk,n/a,4/4,75,Score in Half,Slide Slits Bottom Panel,Yes 500 Envelopes 6.5X6.5
Majestic,Silk,6 x 12,Vertical,Rectangle,16PT C2S,No Coating,Silk,n/a,4/1,10000,Score in Half,Slide Slits Bottom Panel,Yes 500 Envelopes 6.5X6.5
Majestic,Silk,6 x 12,Horizontal,Rectangle,16PT C2S,No Coating,Silk,n/a,4/4,10000,Score in Half,Slide Slits Bottom Panel,Yes 500 Envelopes 6.5X6.5
Majestic,Silk,6 x 12,Vertical,Rectangle,16PT C2S,No Coating,Silk,n/a,4/4,10000,Score in Half,Slide Slits Bottom Panel,Yes 500 Envelopes 6.5X6.5
Majestic,Silk,6 x 12,Horizontal,Rectangle,16PT C2S,No Coating,Silk,n/a,4/0,25,Score in Half,Slide Slits Right Panel,Yes 500 Envelopes 6.5X6.5
Majestic,Silk,6 x 12,Vertical,Rectangle,16PT C2S,No Coating,Silk,n/a,4/0,25,Score in Half,Slide Slits Right Panel,Yes 500 Envelopes 6.5X6.5
Majestic,Silk,6 x 12,Horizontal,Rectangle,16PT C2S,No Coating,Silk,n/a,4/1,10000,Score in Half,Slide Slits Bottom Panel,Yes 500 Envelopes 6.5X6.5
Majestic,Silk,6 x 12,Vertical,Rectangle,16PT C2S,No Coating,Silk,n/a,4/1,25,Score in Half,Slide Slits Right Panel,Yes 500 Envelopes 6.5X6.5
Majestic,Silk,6 x 12,Horizontal,Rectangle,16PT C2S,No Coating,Silk,n/a,4/4,25,Score in Half,Slide Slits Right Panel,Yes 500 Envelopes 6.5X6.5
Majestic,Silk,6 x 12,Vertical,Rectangle,16PT C2S,No Coating,Silk,n/a,4/4,25,Score in Half,Slide Slits Right Panel,Yes 500 Envelopes 6.5X6.5
Majestic,Silk,6 x 12,Horizontal,Rectangle,16PT C2S,No Coating,Silk,n/a,4/0,50,Score in Half,Slide Slits Right Panel,Yes 500 Envelopes 6.5X6.5
Majestic,Silk,6 x 12,Horizontal,Rectangle,16PT C2S,No Coating,Silk,n/a,4/1,25,Score in Half,Slide Slits Right Panel,Yes 500 Envelopes 6.5X6.5
Majestic,Silk,6 x 12,Horizontal,Rectangle,16PT C2S,No Coating,Silk,n/a,4/1,100,Score in Half,Slide Slits Bottom Panel,Yes 500 Envelopes 6.5X6.5
Majestic,Silk,6 x 12,Vertical,Rectangle,16PT C2S,No Coating,Silk,n/a,4/1,50,Score in Half,Slide Slits Right Panel,Yes 500 Envelopes 6.5X6.5
Majestic,Silk,6 x 12,Horizontal,Rectangle,16PT C2S,No Coating,Silk,n/a,4/4,50,Score in Half,Slide Slits Right Panel,Yes 500 Envelopes 6.5X6.5
Majestic,Silk,6 x 12,Vertical,Rectangle,16PT C2S,No Coating,Silk,n/a,4/4,50,Score in Half,Slide Slits Right Panel,Yes 500 Envelopes 6.5X6.5
Majestic,Silk,6 x 12,Horizontal,Rectangle,16PT C2S,No Coating,Silk,n/a,4/0,75,Score in Half,Slide Slits Right Panel,Yes 500 Envelopes 6.5X6.5
Majestic,Silk,6 x 12,Vertical,Rectangle,16PT C2S,No Coating,Silk,n/a,4/0,75,Score in Half,Slide Slits Right Panel,Yes 500 Envelopes 6.5X6.5
Majestic,Silk,6 x 12,Horizontal,Rectangle,16PT C2S,No Coating,Silk,n/a,4/1,75,Score in Half,Slide Slits Right Panel,Yes 500 Envelopes 6.5X6.5
Majestic,Silk,6 x 12,Vertical,Rectangle,16PT C2S,No Coating,Silk,n/a,4/1,75,Score in Half,Slide Slits Right Panel,Yes 500 Envelopes 6.5X6.5
Majestic,Silk,6 x 12,Horizontal,Rectangle,16PT C2S,No Coating,Silk,n/a,4/4,75,Score in Half,Slide Slits Right Panel,Yes 500 Envelopes 6.5X6.5
Majestic,Silk,6 x 12,Vertical,Rectangle,16PT C2S,No Coating,Silk,n/a,4/4,75,Score in Half,Slide Slits Right Panel,Yes 500 Envelopes 6.5X6.5
Majestic,Silk,6 x 12,Horizontal,Rectangle,16PT C2S,No Coating,Silk,n/a,4/0,100,Score in Half,Slide Slits Right Panel,Yes 500 Envelopes 6.5X6.5
Majestic,Silk,6 x 12,Vertical,Rectangle,16PT C2S,No Coating,Silk,n/a,4/0,100,Score in Half,Slide Slits Right Panel,Yes 500 Envelopes 6.5X6.5
Majestic,Silk,6 x 12,Horizontal,Rectangle,16PT C2S,No Coating,Silk,n/a,4/1,100,Score in Half,Slide Slits Right Panel,Yes 500 Envelopes 6.5X6.5
Majestic,Silk,6 x 12,Vertical,Rectangle,16PT C2S,No Coating,Silk,n/a,4/1,100,Score in Half,Slide Slits Right Panel,Yes 500 Envelopes 6.5X6.5
Majestic,Silk,6 x 12,Horizontal,Rectangle,16PT C2S,No Coating,Silk,n/a,4/4,100,Score in Half,Slide Slits Right Panel,Yes 500 Envelopes 6.5X6.5
Majestic,Silk,6 x 12,Vertical,Rectangle,16PT C2S,No Coating,Silk,n/a,4/4,100,Score in Half,Slide Slits Right Panel,Yes 500 Envelopes 6.5X6.5
Majestic,Silk,6 x 12,Horizontal,Rectangle,16PT C2S,No Coating,Silk,n/a,4/0,250,Score in Half,Slide Slits Right Panel,Yes 500 Envelopes 6.5X6.5
Majestic,Silk,6 x 12,Vertical,Rectangle,16PT C2S,No Coating,Silk,n/a,4/0,250,Score in Half,Slide Slits Right Panel,Yes 500 Envelopes 6.5X6.5
Majestic,Silk,6 x 12,Horizontal,Rectangle,16PT C2S,No Coating,Silk,n/a,4/1,250,Score in Half,Slide Slits Right Panel,Yes 500 Envelopes 6.5X6.5
Majestic,Silk,6 x 12,Horizontal,Rectangle,16PT C2S,No Coating,Silk,n/a,4/4,25,Score in Half,No Gift Cards Slits,Yes 500 Envelopes 6.5X6.5
Majestic,Silk,6 x 12,Vertical,Rectangle,16PT C2S,No Coating,Silk,n/a,4/1,250,Score in Half,Slide Slits Right Panel,Yes 500 Envelopes 6.5X6.5
Majestic,Silk,6 x 12,Vertical,Rectangle,16PT C2S,No Coating,Silk,n/a,4/4,250,Score in Half,Slide Slits Right Panel,Yes 500 Envelopes 6.5X6.5
Majestic,Silk,6 x 12,Horizontal,Rectangle,16PT C2S,No Coating,Silk,n/a,4/0,500,Score in Half,Slide Slits Right Panel,Yes 500 Envelopes 6.5X6.5
Majestic,Silk,6 x 12,Vertical,Rectangle,16PT C2S,No Coating,Silk,n/a,4/0,500,Score in Half,Slide Slits Right Panel,Yes 500 Envelopes 6.5X6.5
Majestic,Silk,6 x 12,Vertical,Rectangle,16PT C2S,No Coating,Silk,n/a,4/1,500,Score in Half,Slide Slits Right Panel,Yes 500 Envelopes 6.5X6.5
Majestic,Silk,6 x 12,Horizontal,Rectangle,16PT C2S,No Coating,Silk,n/a,4/4,500,Score in Half,Slide Slits Right Panel,Yes 500 Envelopes 6.5X6.5
Majestic,Silk,6 x 12,Horizontal,Rectangle,16PT C2S,No Coating,Silk,n/a,4/1,500,Score in Half,Slide Slits Right Panel,Yes 500 Envelopes 6.5X6.5
Majestic,Silk,6 x 12,Vertical,Rectangle,16PT C2S,No Coating,Silk,n/a,4/4,500,Score in Half,Slide Slits Right Panel,Yes 500 Envelopes 6.5X6.5
Majestic,Silk,6 x 12,Horizontal,Rectangle,16PT C2S,No Coating,Silk,n/a,4/0,1000,Score in Half,Slide Slits Right Panel,Yes 500 Envelopes 6.5X6.5
Majestic,Silk,6 x 12,Vertical,Rectangle,16PT C2S,No Coating,Silk,n/a,4/0,1000,Score in Half,Slide Slits Right Panel,Yes 500 Envelopes 6.5X6.5
Majestic,Silk,6 x 12,Horizontal,Rectangle,16PT C2S,No Coating,Silk,n/a,4/1,1000,Score in Half,Slide Slits Right Panel,Yes 500 Envelopes 6.5X6.5
Majestic,Silk,6 x 12,Vertical,Rectangle,16PT C2S,No Coating,Silk,n/a,4/1,1000,Score in Half,Slide Slits Right Panel,Yes 500 Envelopes 6.5X6.5
Majestic,Silk,6 x 12,Horizontal,Rectangle,16PT C2S,No Coating,Silk,n/a,4/4,1000,Score in Half,Slide Slits Right Panel,Yes 500 Envelopes 6.5X6.5
Majestic,Silk,6 x 12,Vertical,Rectangle,16PT C2S,No Coating,Silk,n/a,4/4,1000,Score in Half,Slide Slits Right Panel,Yes 500 Envelopes 6.5X6.5
Majestic,Silk,6 x 12,Horizontal,Rectangle,16PT C2S,No Coating,Silk,n/a,4/0,2500,Score in Half,Slide Slits Right Panel,Yes 500 Envelopes 6.5X6.5
Majestic,Silk,6 x 12,Vertical,Rectangle,16PT C2S,No Coating,Silk,n/a,4/0,2500,Score in Half,Slide Slits Right Panel,Yes 500 Envelopes 6.5X6.5
Majestic,Silk,6 x 12,Horizontal,Rectangle,16PT C2S,No Coating,Silk,n/a,4/1,2500,Score in Half,Slide Slits Right Panel,Yes 500 Envelopes 6.5X6.5
Majestic,Silk,6 x 12,Horizontal,Rectangle,16PT C2S,No Coating,Silk,n/a,4/4,2500,Score in Half,Slide Slits Right Panel,Yes 500 Envelopes 6.5X6.5
Majestic,Silk,6 x 12,Vertical,Rectangle,16PT C2S,No Coating,Silk,n/a,4/4,2500,Score in Half,Slide Slits Right Panel,Yes 500 Envelopes 6.5X6.5
Majestic,Silk,6 x 12,Horizontal,Rectangle,16PT C2S,No Coating,Silk,n/a,4/0,5000,Score in Half,Slide Slits Right Panel,Yes 500 Envelopes 6.5X6.5
Majestic,Silk,6 x 12,Vertical,Rectangle,16PT C2S,No Coating,Silk,n/a,4/0,5000,Score in Half,Slide Slits Right Panel,Yes 500 Envelopes 6.5X6.5
Majestic,Silk,6 x 12,Vertical,Rectangle,16PT C2S,No Coating,Silk,n/a,4/1,2500,Score in Half,Slide Slits Right Panel,Yes 500 Envelopes 6.5X6.5
Majestic,Silk,6 x 12,Horizontal,Rectangle,16PT C2S,No Coating,Silk,n/a,4/1,5000,Score in Half,Slide Slits Right Panel,Yes 500 Envelopes 6.5X6.5
Majestic,Silk,6 x 12,Vertical,Rectangle,16PT C2S,No Coating,Silk,n/a,4/1,5000,Score in Half,Slide Slits Right Panel,Yes 500 Envelopes 6.5X6.5
Majestic,Silk,6 x 12,Horizontal,Rectangle,16PT C2S,No Coating,Silk,n/a,4/4,5000,Score in Half,Slide Slits Right Panel,Yes 500 Envelopes 6.5X6.5
Majestic,Silk,6 x 12,Horizontal,Rectangle,16PT C2S,No Coating,Silk,n/a,4/0,10000,Score in Half,Slide Slits Right Panel,Yes 500 Envelopes 6.5X6.5
Majestic,Silk,6 x 12,Vertical,Rectangle,16PT C2S,No Coating,Silk,n/a,4/0,10000,Score in Half,Slide Slits Right Panel,Yes 500 Envelopes 6.5X6.5
Majestic,Silk,6 x 12,Vertical,Rectangle,16PT C2S,No Coating,Silk,n/a,4/4,5000,Score in Half,Slide Slits Right Panel,Yes 500 Envelopes 6.5X6.5
Majestic,Silk,6 x 12,Horizontal,Rectangle,16PT C2S,No Coating,Silk,n/a,4/1,10000,Score in Half,Slide Slits Right Panel,Yes 500 Envelopes 6.5X6.5
Majestic,Silk,6 x 12,Vertical,Rectangle,16PT C2S,No Coating,Silk,n/a,4/1,10000,Score in Half,Slide Slits Right Panel,Yes 500 Envelopes 6.5X6.5
Majestic,Silk,6 x 12,Horizontal,Rectangle,16PT C2S,No Coating,Silk,n/a,4/4,10000,Score in Half,Slide Slits Right Panel,Yes 500 Envelopes 6.5X6.5
Majestic,Silk,6 x 12,Vertical,Rectangle,16PT C2S,No Coating,Silk,n/a,4/4,10000,Score in Half,Slide Slits Right Panel,Yes 500 Envelopes 6.5X6.5
Majestic,Silk,6 x 12,Horizontal,Rectangle,16PT C2S,No Coating,Silk,n/a,4/0,25,Score in Half,Moon Slits Bottom Panel,Yes 1000 Envelopes 6.5X6.5
Majestic,Silk,6 x 12,Vertical,Rectangle,16PT C2S,No Coating,Silk,n/a,4/0,25,Score in Half,Moon Slits Bottom Panel,Yes 1000 Envelopes 6.5X6.5
Majestic,Silk,6 x 12,Horizontal,Rectangle,16PT C2S,No Coating,Silk,n/a,4/1,25,Score in Half,Moon Slits Bottom Panel,Yes 1000 Envelopes 6.5X6.5
Majestic,Silk,6 x 12,Vertical,Rectangle,16PT C2S,No Coating,Silk,n/a,4/1,25,Score in Half,Moon Slits Bottom Panel,Yes 1000 Envelopes 6.5X6.5
Majestic,Silk,6 x 12,Horizontal,Rectangle,16PT C2S,No Coating,Silk,n/a,4/4,25,Score in Half,Moon Slits Bottom Panel,Yes 1000 Envelopes 6.5X6.5
Majestic,Silk,6 x 12,Vertical,Rectangle,16PT C2S,No Coating,Silk,n/a,4/4,25,Score in Half,Moon Slits Bottom Panel,Yes 1000 Envelopes 6.5X6.5
Majestic,Silk,6 x 12,Horizontal,Rectangle,16PT C2S,No Coating,Silk,n/a,4/0,50,Score in Half,Moon Slits Bottom Panel,Yes 1000 Envelopes 6.5X6.5
Majestic,Silk,6 x 12,Vertical,Rectangle,16PT C2S,No Coating,Silk,n/a,4/0,50,Score in Half,Moon Slits Bottom Panel,Yes 1000 Envelopes 6.5X6.5
Majestic,Silk,6 x 12,Horizontal,Rectangle,16PT C2S,No Coating,Silk,n/a,4/1,50,Score in Half,Slide Slits Right Panel,Yes 500 Envelopes 6.5X6.5
Majestic,Silk,6 x 12,Vertical,Rectangle,16PT C2S,No Coating,Silk,n/a,4/1,50,Score in Half,Moon Slits Bottom Panel,Yes 1000 Envelopes 6.5X6.5
Majestic,Silk,6 x 12,Horizontal,Rectangle,16PT C2S,No Coating,Silk,n/a,4/4,50,Score in Half,Moon Slits Bottom Panel,Yes 1000 Envelopes 6.5X6.5
Majestic,Silk,6 x 12,Vertical,Rectangle,16PT C2S,No Coating,Silk,n/a,4/4,50,Score in Half,Moon Slits Bottom Panel,Yes 1000 Envelopes 6.5X6.5
Majestic,Silk,6 x 12,Horizontal,Rectangle,16PT C2S,No Coating,Silk,n/a,4/0,75,Score in Half,Moon Slits Bottom Panel,Yes 1000 Envelopes 6.5X6.5
Majestic,Silk,6 x 12,Vertical,Rectangle,16PT C2S,No Coating,Silk,n/a,4/0,75,Score in Half,Moon Slits Bottom Panel,Yes 1000 Envelopes 6.5X6.5
Majestic,Silk,6 x 12,Horizontal,Rectangle,16PT C2S,No Coating,Silk,n/a,4/1,75,Score in Half,Moon Slits Bottom Panel,Yes 1000 Envelopes 6.5X6.5
Majestic,Silk,6 x 12,Vertical,Rectangle,16PT C2S,No Coating,Silk,n/a,4/1,75,Score in Half,Moon Slits Bottom Panel,Yes 1000 Envelopes 6.5X6.5
Majestic,Silk,6 x 12,Horizontal,Rectangle,16PT C2S,No Coating,Silk,n/a,4/4,75,Score in Half,Moon Slits Bottom Panel,Yes 1000 Envelopes 6.5X6.5
Majestic,Silk,6 x 12,Vertical,Rectangle,16PT C2S,No Coating,Silk,n/a,4/4,75,Score in Half,Moon Slits Bottom Panel,Yes 1000 Envelopes 6.5X6.5
Majestic,Silk,6 x 12,Horizontal,Rectangle,16PT C2S,No Coating,Silk,n/a,4/4,250,Score in Half,Slide Slits Right Panel,Yes 500 Envelopes 6.5X6.5
Majestic,Silk,6 x 12,Vertical,Rectangle,16PT C2S,No Coating,Silk,n/a,4/0,100,Score in Half,Moon Slits Bottom Panel,Yes 1000 Envelopes 6.5X6.5
Majestic,Silk,6 x 12,Horizontal,Rectangle,16PT C2S,No Coating,Silk,n/a,4/1,100,Score in Half,Moon Slits Bottom Panel,Yes 1000 Envelopes 6.5X6.5
Majestic,Silk,6 x 12,Vertical,Rectangle,16PT C2S,No Coating,Silk,n/a,4/1,100,Score in Half,Moon Slits Bottom Panel,Yes 1000 Envelopes 6.5X6.5
Majestic,Silk,6 x 12,Horizontal,Rectangle,16PT C2S,No Coating,Silk,n/a,4/4,100,Score in Half,Moon Slits Bottom Panel,Yes 1000 Envelopes 6.5X6.5
Majestic,Silk,6 x 12,Vertical,Rectangle,16PT C2S,No Coating,Silk,n/a,4/4,100,Score in Half,Moon Slits Bottom Panel,Yes 1000 Envelopes 6.5X6.5
Majestic,Silk,6 x 12,Horizontal,Rectangle,16PT C2S,No Coating,Silk,n/a,4/0,250,Score in Half,Moon Slits Bottom Panel,Yes 1000 Envelopes 6.5X6.5
Majestic,Silk,6 x 12,Vertical,Rectangle,16PT C2S,No Coating,Silk,n/a,4/0,250,Score in Half,Moon Slits Bottom Panel,Yes 1000 Envelopes 6.5X6.5
Majestic,Silk,6 x 12,Horizontal,Rectangle,16PT C2S,No Coating,Silk,n/a,4/1,250,Score in Half,Moon Slits Bottom Panel,Yes 1000 Envelopes 6.5X6.5
Majestic,Silk,6 x 12,Vertical,Rectangle,16PT C2S,No Coating,Silk,n/a,4/1,250,Score in Half,Moon Slits Bottom Panel,Yes 1000 Envelopes 6.5X6.5
Majestic,Silk,6 x 12,Horizontal,Rectangle,16PT C2S,No Coating,Silk,n/a,4/4,250,Score in Half,Moon Slits Bottom Panel,Yes 1000 Envelopes 6.5X6.5
Majestic,Silk,6 x 12,Horizontal,Rectangle,16PT C2S,No Coating,Silk,n/a,4/1,50,Score in Half,Moon Slits Bottom Panel,Yes 1000 Envelopes 6.5X6.5
Majestic,Silk,6 x 12,Horizontal,Rectangle,16PT C2S,No Coating,Silk,n/a,4/0,500,Score in Half,Moon Slits Bottom Panel,Yes 1000 Envelopes 6.5X6.5
Majestic,Silk,6 x 12,Vertical,Rectangle,16PT C2S,No Coating,Silk,n/a,4/0,500,Score in Half,Moon Slits Bottom Panel,Yes 1000 Envelopes 6.5X6.5
Majestic,Silk,6 x 12,Horizontal,Rectangle,16PT C2S,No Coating,Silk,n/a,4/1,500,Score in Half,Moon Slits Bottom Panel,Yes 1000 Envelopes 6.5X6.5
Majestic,Silk,6 x 12,Vertical,Rectangle,16PT C2S,No Coating,Silk,n/a,4/1,500,Score in Half,Moon Slits Bottom Panel,Yes 1000 Envelopes 6.5X6.5
Majestic,Silk,6 x 12,Horizontal,Rectangle,16PT C2S,No Coating,Silk,n/a,4/4,500,Score in Half,Moon Slits Bottom Panel,Yes 1000 Envelopes 6.5X6.5
Majestic,Silk,6 x 12,Vertical,Rectangle,16PT C2S,No Coating,Silk,n/a,4/4,500,Score in Half,Moon Slits Bottom Panel,Yes 1000 Envelopes 6.5X6.5
Majestic,Silk,6 x 12,Horizontal,Rectangle,16PT C2S,No Coating,Silk,n/a,4/0,1000,Score in Half,Moon Slits Bottom Panel,Yes 1000 Envelopes 6.5X6.5
Majestic,Silk,6 x 12,Vertical,Rectangle,16PT C2S,No Coating,Silk,n/a,4/0,1000,Score in Half,Moon Slits Bottom Panel,Yes 1000 Envelopes 6.5X6.5
Majestic,Silk,6 x 12,Vertical,Rectangle,16PT C2S,No Coating,Silk,n/a,4/1,1000,Score in Half,Moon Slits Bottom Panel,Yes 1000 Envelopes 6.5X6.5
Majestic,Silk,6 x 12,Horizontal,Rectangle,16PT C2S,No Coating,Silk,n/a,4/0,100,Score in Half,Moon Slits Bottom Panel,Yes 1000 Envelopes 6.5X6.5
Majestic,Silk,6 x 12,Horizontal,Rectangle,16PT C2S,No Coating,Silk,n/a,4/1,1000,Score in Half,Moon Slits Bottom Panel,Yes 1000 Envelopes 6.5X6.5
Majestic,Silk,6 x 12,Horizontal,Rectangle,16PT C2S,No Coating,Silk,n/a,4/0,2500,Score in Half,Moon Slits Bottom Panel,Yes 1000 Envelopes 6.5X6.5
Majestic,Silk,6 x 12,Vertical,Rectangle,16PT C2S,No Coating,Silk,n/a,4/0,2500,Score in Half,Moon Slits Bottom Panel,Yes 1000 Envelopes 6.5X6.5
Majestic,Silk,6 x 12,Vertical,Rectangle,16PT C2S,No Coating,Silk,n/a,4/4,1000,Score in Half,Moon Slits Bottom Panel,Yes 1000 Envelopes 6.5X6.5
Majestic,Silk,6 x 12,Horizontal,Rectangle,16PT C2S,No Coating,Silk,n/a,4/1,2500,Score in Half,Moon Slits Bottom Panel,Yes 1000 Envelopes 6.5X6.5
Majestic,Silk,6 x 12,Vertical,Rectangle,16PT C2S,No Coating,Silk,n/a,4/1,2500,Score in Half,Moon Slits Bottom Panel,Yes 1000 Envelopes 6.5X6.5
Majestic,Silk,6 x 12,Horizontal,Rectangle,16PT C2S,No Coating,Silk,n/a,4/4,2500,Score in Half,Moon Slits Bottom Panel,Yes 1000 Envelopes 6.5X6.5
Majestic,Silk,6 x 12,Vertical,Rectangle,16PT C2S,No Coating,Silk,n/a,4/4,2500,Score in Half,Moon Slits Bottom Panel,Yes 1000 Envelopes 6.5X6.5
Majestic,Silk,6 x 12,Horizontal,Rectangle,16PT C2S,No Coating,Silk,n/a,4/0,5000,Score in Half,Moon Slits Bottom Panel,Yes 1000 Envelopes 6.5X6.5
Majestic,Silk,6 x 12,Vertical,Rectangle,16PT C2S,No Coating,Silk,n/a,4/0,5000,Score in Half,Moon Slits Bottom Panel,Yes 1000 Envelopes 6.5X6.5
Majestic,Silk,6 x 12,Horizontal,Rectangle,16PT C2S,No Coating,Silk,n/a,4/1,5000,Score in Half,Moon Slits Bottom Panel,Yes 1000 Envelopes 6.5X6.5
Majestic,Silk,6 x 12,Horizontal,Rectangle,16PT C2S,No Coating,Silk,n/a,4/4,5000,Score in Half,Moon Slits Bottom Panel,Yes 1000 Envelopes 6.5X6.5
Majestic,Silk,6 x 12,Vertical,Rectangle,16PT C2S,No Coating,Silk,n/a,4/1,5000,Score in Half,Moon Slits Bottom Panel,Yes 1000 Envelopes 6.5X6.5
Majestic,Silk,6 x 12,Vertical,Rectangle,16PT C2S,No Coating,Silk,n/a,4/4,5000,Score in Half,Moon Slits Bottom Panel,Yes 1000 Envelopes 6.5X6.5
Majestic,Silk,6 x 12,Horizontal,Rectangle,16PT C2S,No Coating,Silk,n/a,4/0,10000,Score in Half,Moon Slits Bottom Panel,Yes 1000 Envelopes 6.5X6.5
Majestic,Silk,6 x 12,Horizontal,Rectangle,16PT C2S,No Coating,Silk,n/a,4/1,10000,Score in Half,Moon Slits Bottom Panel,Yes 1000 Envelopes 6.5X6.5
Majestic,Silk,6 x 12,Vertical,Rectangle,16PT C2S,No Coating,Silk,n/a,4/0,10000,Score in Half,Moon Slits Bottom Panel,Yes 1000 Envelopes 6.5X6.5
Majestic,Silk,6 x 12,Vertical,Rectangle,16PT C2S,No Coating,Silk,n/a,4/1,10000,Score in Half,Moon Slits Bottom Panel,Yes 1000 Envelopes 6.5X6.5
Majestic,Silk,6 x 12,Horizontal,Rectangle,16PT C2S,No Coating,Silk,n/a,4/4,10000,Score in Half,Moon Slits Bottom Panel,Yes 1000 Envelopes 6.5X6.5
Majestic,Silk,6 x 12,Horizontal,Rectangle,16PT C2S,No Coating,Silk,n/a,4/0,25,Score in Half,Moon Slits Right Panel,Yes 1000 Envelopes 6.5X6.5
Majestic,Silk,6 x 12,Vertical,Rectangle,16PT C2S,No Coating,Silk,n/a,4/4,10000,Score in Half,Moon Slits Bottom Panel,Yes 1000 Envelopes 6.5X6.5
Majestic,Silk,6 x 12,Vertical,Rectangle,16PT C2S,No Coating,Silk,n/a,4/0,25,Score in Half,Moon Slits Right Panel,Yes 1000 Envelopes 6.5X6.5
Majestic,Silk,6 x 12,Horizontal,Rectangle,16PT C2S,No Coating,Silk,n/a,4/1,25,Score in Half,Moon Slits Right Panel,Yes 1000 Envelopes 6.5X6.5
Majestic,Silk,6 x 12,Vertical,Rectangle,16PT C2S,No Coating,Silk,n/a,4/1,25,Score in Half,Moon Slits Right Panel,Yes 1000 Envelopes 6.5X6.5
Majestic,Silk,6 x 12,Horizontal,Rectangle,16PT C2S,No Coating,Silk,n/a,4/4,25,Score in Half,Moon Slits Right Panel,Yes 1000 Envelopes 6.5X6.5
Majestic,Silk,6 x 12,Vertical,Rectangle,16PT C2S,No Coating,Silk,n/a,4/4,25,Score in Half,Moon Slits Right Panel,Yes 1000 Envelopes 6.5X6.5
Majestic,Silk,6 x 12,Horizontal,Rectangle,16PT C2S,No Coating,Silk,n/a,4/0,50,Score in Half,Moon Slits Right Panel,Yes 1000 Envelopes 6.5X6.5
Majestic,Silk,6 x 12,Horizontal,Rectangle,16PT C2S,No Coating,Silk,n/a,4/1,50,Score in Half,Moon Slits Right Panel,Yes 1000 Envelopes 6.5X6.5
Majestic,Silk,6 x 12,Vertical,Rectangle,16PT C2S,No Coating,Silk,n/a,4/0,50,Score in Half,Moon Slits Right Panel,Yes 1000 Envelopes 6.5X6.5
Majestic,Silk,6 x 12,Vertical,Rectangle,16PT C2S,No Coating,Silk,n/a,4/1,50,Score in Half,Moon Slits Right Panel,Yes 1000 Envelopes 6.5X6.5
Majestic,Silk,6 x 12,Horizontal,Rectangle,16PT C2S,No Coating,Silk,n/a,4/4,50,Score in Half,Moon Slits Right Panel,Yes 1000 Envelopes 6.5X6.5
Majestic,Silk,6 x 12,Vertical,Rectangle,16PT C2S,No Coating,Silk,n/a,4/0,75,Score in Half,Moon Slits Right Panel,Yes 1000 Envelopes 6.5X6.5
Majestic,Silk,6 x 12,Vertical,Rectangle,16PT C2S,No Coating,Silk,n/a,4/4,50,Score in Half,Moon Slits Right Panel,Yes 1000 Envelopes 6.5X6.5
Majestic,Silk,6 x 12,Horizontal,Rectangle,16PT C2S,No Coating,Silk,n/a,4/1,75,Score in Half,Moon Slits Right Panel,Yes 1000 Envelopes 6.5X6.5
Majestic,Silk,6 x 12,Horizontal,Rectangle,16PT C2S,No Coating,Silk,n/a,4/0,75,Score in Half,Moon Slits Right Panel,Yes 1000 Envelopes 6.5X6.5
Majestic,Silk,6 x 12,Vertical,Rectangle,16PT C2S,No Coating,Silk,n/a,4/1,75,Score in Half,Moon Slits Right Panel,Yes 1000 Envelopes 6.5X6.5
Majestic,Silk,6 x 12,Horizontal,Rectangle,16PT C2S,No Coating,Silk,n/a,4/4,75,Score in Half,Moon Slits Right Panel,Yes 1000 Envelopes 6.5X6.5
Majestic,Silk,6 x 12,Vertical,Rectangle,16PT C2S,No Coating,Silk,n/a,4/4,75,Score in Half,Moon Slits Right Panel,Yes 1000 Envelopes 6.5X6.5
Majestic,Silk,6 x 12,Horizontal,Rectangle,16PT C2S,No Coating,Silk,n/a,4/0,100,Score in Half,Moon Slits Right Panel,Yes 1000 Envelopes 6.5X6.5
Majestic,Silk,6 x 12,Horizontal,Rectangle,16PT C2S,No Coating,Silk,n/a,4/1,100,Score in Half,Moon Slits Right Panel,Yes 1000 Envelopes 6.5X6.5
Majestic,Silk,6 x 12,Horizontal,Rectangle,16PT C2S,No Coating,Silk,n/a,4/4,100,Score in Half,Moon Slits Right Panel,Yes 1000 Envelopes 6.5X6.5
Majestic,Silk,6 x 12,Vertical,Rectangle,16PT C2S,No Coating,Silk,n/a,4/1,100,Score in Half,Moon Slits Right Panel,Yes 1000 Envelopes 6.5X6.5
Majestic,Silk,6 x 12,Vertical,Rectangle,16PT C2S,No Coating,Silk,n/a,4/0,100,Score in Half,Moon Slits Right Panel,Yes 1000 Envelopes 6.5X6.5
Majestic,Silk,6 x 12,Vertical,Rectangle,16PT C2S,No Coating,Silk,n/a,4/4,100,Score in Half,Moon Slits Right Panel,Yes 1000 Envelopes 6.5X6.5
Majestic,Silk,6 x 12,Horizontal,Rectangle,16PT C2S,No Coating,Silk,n/a,4/0,250,Score in Half,Moon Slits Right Panel,Yes 1000 Envelopes 6.5X6.5
Majestic,Silk,6 x 12,Horizontal,Rectangle,16PT C2S,No Coating,Silk,n/a,4/1,250,Score in Half,Moon Slits Right Panel,Yes 1000 Envelopes 6.5X6.5
Majestic,Silk,6 x 12,Vertical,Rectangle,16PT C2S,No Coating,Silk,n/a,4/0,250,Score in Half,Moon Slits Right Panel,Yes 1000 Envelopes 6.5X6.5
Majestic,Silk,6 x 12,Vertical,Rectangle,16PT C2S,No Coating,Silk,n/a,4/1,250,Score in Half,Moon Slits Right Panel,Yes 1000 Envelopes 6.5X6.5
Majestic,Silk,6 x 12,Horizontal,Rectangle,16PT C2S,No Coating,Silk,n/a,4/4,250,Score in Half,Moon Slits Right Panel,Yes 1000 Envelopes 6.5X6.5
Majestic,Silk,6 x 12,Vertical,Rectangle,16PT C2S,No Coating,Silk,n/a,4/4,250,Score in Half,Moon Slits Right Panel,Yes 1000 Envelopes 6.5X6.5
Majestic,Silk,6 x 12,Horizontal,Rectangle,16PT C2S,No Coating,Silk,n/a,4/0,500,Score in Half,Moon Slits Right Panel,Yes 1000 Envelopes 6.5X6.5
Majestic,Silk,6 x 12,Vertical,Rectangle,16PT C2S,No Coating,Silk,n/a,4/0,500,Score in Half,Moon Slits Right Panel,Yes 1000 Envelopes 6.5X6.5
Majestic,Silk,6 x 12,Horizontal,Rectangle,16PT C2S,No Coating,Silk,n/a,4/1,500,Score in Half,Moon Slits Right Panel,Yes 1000 Envelopes 6.5X6.5
Majestic,Silk,6 x 12,Vertical,Rectangle,16PT C2S,No Coating,Silk,n/a,4/1,500,Score in Half,Moon Slits Right Panel,Yes 1000 Envelopes 6.5X6.5
Majestic,Silk,6 x 12,Horizontal,Rectangle,16PT C2S,No Coating,Silk,n/a,4/4,500,Score in Half,Moon Slits Right Panel,Yes 1000 Envelopes 6.5X6.5
Majestic,Silk,6 x 12,Vertical,Rectangle,16PT C2S,No Coating,Silk,n/a,4/4,500,Score in Half,Moon Slits Right Panel,Yes 1000 Envelopes 6.5X6.5
Majestic,Silk,6 x 12,Horizontal,Rectangle,16PT C2S,No Coating,Silk,n/a,4/0,1000,Score in Half,Moon Slits Right Panel,Yes 1000 Envelopes 6.5X6.5
Majestic,Silk,6 x 12,Vertical,Rectangle,16PT C2S,No Coating,Silk,n/a,4/0,1000,Score in Half,Moon Slits Right Panel,Yes 1000 Envelopes 6.5X6.5
Majestic,Silk,6 x 12,Vertical,Rectangle,16PT C2S,No Coating,Silk,n/a,4/4,250,Score in Half,Moon Slits Bottom Panel,Yes 1000 Envelopes 6.5X6.5
Majestic,Silk,6 x 12,Vertical,Rectangle,16PT C2S,No Coating,Silk,n/a,4/1,1000,Score in Half,Moon Slits Right Panel,Yes 1000 Envelopes 6.5X6.5
Majestic,Silk,6 x 12,Horizontal,Rectangle,16PT C2S,No Coating,Silk,n/a,4/4,1000,Score in Half,Moon Slits Right Panel,Yes 1000 Envelopes 6.5X6.5
Majestic,Silk,6 x 12,Vertical,Rectangle,16PT C2S,No Coating,Silk,n/a,4/4,1000,Score in Half,Moon Slits Right Panel,Yes 1000 Envelopes 6.5X6.5
Majestic,Silk,6 x 12,Horizontal,Rectangle,16PT C2S,No Coating,Silk,n/a,4/0,2500,Score in Half,Moon Slits Right Panel,Yes 1000 Envelopes 6.5X6.5
Majestic,Silk,6 x 12,Vertical,Rectangle,16PT C2S,No Coating,Silk,n/a,4/0,2500,Score in Half,Moon Slits Right Panel,Yes 1000 Envelopes 6.5X6.5
Majestic,Silk,6 x 12,Horizontal,Rectangle,16PT C2S,No Coating,Silk,n/a,4/1,2500,Score in Half,Moon Slits Right Panel,Yes 1000 Envelopes 6.5X6.5
Majestic,Silk,6 x 12,Vertical,Rectangle,16PT C2S,No Coating,Silk,n/a,4/1,2500,Score in Half,Moon Slits Right Panel,Yes 1000 Envelopes 6.5X6.5
Majestic,Silk,6 x 12,Horizontal,Rectangle,16PT C2S,No Coating,Silk,n/a,4/4,2500,Score in Half,Moon Slits Right Panel,Yes 1000 Envelopes 6.5X6.5
Majestic,Silk,6 x 12,Vertical,Rectangle,16PT C2S,No Coating,Silk,n/a,4/4,2500,Score in Half,Moon Slits Right Panel,Yes 1000 Envelopes 6.5X6.5
Majestic,Silk,6 x 12,Horizontal,Rectangle,16PT C2S,No Coating,Silk,n/a,4/0,5000,Score in Half,Moon Slits Right Panel,Yes 1000 Envelopes 6.5X6.5
Majestic,Silk,6 x 12,Vertical,Rectangle,16PT C2S,No Coating,Silk,n/a,4/0,5000,Score in Half,Moon Slits Right Panel,Yes 1000 Envelopes 6.5X6.5
Majestic,Silk,6 x 12,Horizontal,Rectangle,16PT C2S,No Coating,Silk,n/a,4/1,5000,Score in Half,Moon Slits Right Panel,Yes 1000 Envelopes 6.5X6.5
Majestic,Silk,6 x 12,Horizontal,Rectangle,16PT C2S,No Coating,Silk,n/a,4/4,5000,Score in Half,Moon Slits Right Panel,Yes 1000 Envelopes 6.5X6.5
Majestic,Silk,6 x 12,Vertical,Rectangle,16PT C2S,No Coating,Silk,n/a,4/1,5000,Score in Half,Moon Slits Right Panel,Yes 1000 Envelopes 6.5X6.5
Majestic,Silk,6 x 12,Vertical,Rectangle,16PT C2S,No Coating,Silk,n/a,4/4,5000,Score in Half,Moon Slits Right Panel,Yes 1000 Envelopes 6.5X6.5
Majestic,Silk,6 x 12,Horizontal,Rectangle,16PT C2S,No Coating,Silk,n/a,4/0,10000,Score in Half,Moon Slits Right Panel,Yes 1000 Envelopes 6.5X6.5
Majestic,Silk,6 x 12,Vertical,Rectangle,16PT C2S,No Coating,Silk,n/a,4/0,10000,Score in Half,Moon Slits Right Panel,Yes 1000 Envelopes 6.5X6.5
Majestic,Silk,6 x 12,Horizontal,Rectangle,16PT C2S,No Coating,Silk,n/a,4/1,10000,Score in Half,Moon Slits Right Panel,Yes 1000 Envelopes 6.5X6.5
Majestic,Silk,6 x 12,Vertical,Rectangle,16PT C2S,No Coating,Silk,n/a,4/1,10000,Score in Half,Moon Slits Right Panel,Yes 1000 Envelopes 6.5X6.5
Majestic,Silk,6 x 12,Horizontal,Rectangle,16PT C2S,No Coating,Silk,n/a,4/4,10000,Score in Half,Moon Slits Right Panel,Yes 1000 Envelopes 6.5X6.5
Majestic,Silk,6 x 12,Vertical,Rectangle,16PT C2S,No Coating,Silk,n/a,4/4,10000,Score in Half,Moon Slits Right Panel,Yes 1000 Envelopes 6.5X6.5
Majestic,Silk,6 x 12,Horizontal,Rectangle,16PT C2S,No Coating,Silk,n/a,4/0,25,Score in Half,No Gift Cards Slits,Yes 1000 Envelopes 6.5X6.5
Majestic,Silk,6 x 12,Vertical,Rectangle,16PT C2S,No Coating,Silk,n/a,4/0,25,Score in Half,No Gift Cards Slits,Yes 1000 Envelopes 6.5X6.5
Majestic,Silk,6 x 12,Horizontal,Rectangle,16PT C2S,No Coating,Silk,n/a,4/1,25,Score in Half,No Gift Cards Slits,Yes 1000 Envelopes 6.5X6.5
Majestic,Silk,6 x 12,Vertical,Rectangle,16PT C2S,No Coating,Silk,n/a,4/1,25,Score in Half,No Gift Cards Slits,Yes 1000 Envelopes 6.5X6.5
Majestic,Silk,6 x 12,Horizontal,Rectangle,16PT C2S,No Coating,Silk,n/a,4/4,25,Score in Half,No Gift Cards Slits,Yes 1000 Envelopes 6.5X6.5
Majestic,Silk,6 x 12,Vertical,Rectangle,16PT C2S,No Coating,Silk,n/a,4/4,25,Score in Half,No Gift Cards Slits,Yes 1000 Envelopes 6.5X6.5
Majestic,Silk,6 x 12,Horizontal,Rectangle,16PT C2S,No Coating,Silk,n/a,4/0,50,Score in Half,No Gift Cards Slits,Yes 1000 Envelopes 6.5X6.5
Majestic,Silk,6 x 12,Vertical,Rectangle,16PT C2S,No Coating,Silk,n/a,4/0,50,Score in Half,Slide Slits Right Panel,Yes 500 Envelopes 6.5X6.5
Majestic,Silk,6 x 12,Vertical,Rectangle,16PT C2S,No Coating,Silk,n/a,4/0,50,Score in Half,No Gift Cards Slits,Yes 1000 Envelopes 6.5X6.5
Majestic,Silk,6 x 12,Vertical,Rectangle,16PT C2S,No Coating,Silk,n/a,4/1,50,Score in Half,No Gift Cards Slits,Yes 1000 Envelopes 6.5X6.5
Majestic,Silk,6 x 12,Vertical,Rectangle,16PT C2S,No Coating,Silk,n/a,4/0,75,Score in Half,No Gift Cards Slits,Yes 1000 Envelopes 6.5X6.5
Majestic,Silk,6 x 12,Horizontal,Rectangle,16PT C2S,No Coating,Silk,n/a,4/4,50,Score in Half,No Gift Cards Slits,Yes 1000 Envelopes 6.5X6.5
Majestic,Silk,6 x 12,Vertical,Rectangle,16PT C2S,No Coating,Silk,n/a,4/4,50,Score in Half,No Gift Cards Slits,Yes 1000 Envelopes 6.5X6.5
Majestic,Silk,6 x 12,Horizontal,Rectangle,16PT C2S,No Coating,Silk,n/a,4/0,75,Score in Half,No Gift Cards Slits,Yes 1000 Envelopes 6.5X6.5
Majestic,Silk,6 x 12,Horizontal,Rectangle,16PT C2S,No Coating,Silk,n/a,4/1,75,Score in Half,No Gift Cards Slits,Yes 1000 Envelopes 6.5X6.5
Majestic,Silk,6 x 12,Vertical,Rectangle,16PT C2S,No Coating,Silk,n/a,4/1,75,Score in Half,No Gift Cards Slits,Yes 1000 Envelopes 6.5X6.5
Majestic,Silk,6 x 12,Horizontal,Rectangle,16PT C2S,No Coating,Silk,n/a,4/4,75,Score in Half,No Gift Cards Slits,Yes 1000 Envelopes 6.5X6.5
Majestic,Silk,6 x 12,Vertical,Rectangle,16PT C2S,No Coating,Silk,n/a,4/4,75,Score in Half,No Gift Cards Slits,Yes 1000 Envelopes 6.5X6.5
Majestic,Silk,6 x 12,Horizontal,Rectangle,16PT C2S,No Coating,Silk,n/a,4/0,100,Score in Half,No Gift Cards Slits,Yes 1000 Envelopes 6.5X6.5
Majestic,Silk,6 x 12,Vertical,Rectangle,16PT C2S,No Coating,Silk,n/a,4/0,100,Score in Half,No Gift Cards Slits,Yes 1000 Envelopes 6.5X6.5
Majestic,Silk,6 x 12,Horizontal,Rectangle,16PT C2S,No Coating,Silk,n/a,4/1,100,Score in Half,No Gift Cards Slits,Yes 1000 Envelopes 6.5X6.5
Majestic,Silk,6 x 12,Vertical,Rectangle,16PT C2S,No Coating,Silk,n/a,4/1,100,Score in Half,No Gift Cards Slits,Yes 1000 Envelopes 6.5X6.5
Majestic,Silk,6 x 12,Horizontal,Rectangle,16PT C2S,No Coating,Silk,n/a,4/4,100,Score in Half,No Gift Cards Slits,Yes 1000 Envelopes 6.5X6.5
Majestic,Silk,6 x 12,Vertical,Rectangle,16PT C2S,No Coating,Silk,n/a,4/4,100,Score in Half,No Gift Cards Slits,Yes 1000 Envelopes 6.5X6.5
Majestic,Silk,6 x 12,Vertical,Rectangle,16PT C2S,No Coating,Silk,n/a,4/0,250,Score in Half,No Gift Cards Slits,Yes 1000 Envelopes 6.5X6.5
Majestic,Silk,6 x 12,Horizontal,Rectangle,16PT C2S,No Coating,Silk,n/a,4/0,250,Score in Half,No Gift Cards Slits,Yes 1000 Envelopes 6.5X6.5
Majestic,Silk,6 x 12,Horizontal,Rectangle,16PT C2S,No Coating,Silk,n/a,4/1,250,Score in Half,No Gift Cards Slits,Yes 1000 Envelopes 6.5X6.5
Majestic,Silk,6 x 12,Vertical,Rectangle,16PT C2S,No Coating,Silk,n/a,4/1,250,Score in Half,No Gift Cards Slits,Yes 1000 Envelopes 6.5X6.5
Majestic,Silk,6 x 12,Horizontal,Rectangle,16PT C2S,No Coating,Silk,n/a,4/4,250,Score in Half,No Gift Cards Slits,Yes 1000 Envelopes 6.5X6.5
Majestic,Silk,6 x 12,Horizontal,Rectangle,16PT C2S,No Coating,Silk,n/a,4/0,500,Score in Half,No Gift Cards Slits,Yes 1000 Envelopes 6.5X6.5
Majestic,Silk,6 x 12,Vertical,Rectangle,16PT C2S,No Coating,Silk,n/a,4/0,500,Score in Half,No Gift Cards Slits,Yes 1000 Envelopes 6.5X6.5
Majestic,Silk,6 x 12,Vertical,Rectangle,16PT C2S,No Coating,Silk,n/a,4/4,250,Score in Half,No Gift Cards Slits,Yes 1000 Envelopes 6.5X6.5
Majestic,Silk,6 x 12,Horizontal,Rectangle,16PT C2S,No Coating,Silk,n/a,4/1,500,Score in Half,No Gift Cards Slits,Yes 1000 Envelopes 6.5X6.5
Majestic,Silk,6 x 12,Vertical,Rectangle,16PT C2S,No Coating,Silk,n/a,4/1,500,Score in Half,No Gift Cards Slits,Yes 1000 Envelopes 6.5X6.5
Majestic,Silk,6 x 12,Vertical,Rectangle,16PT C2S,No Coating,Silk,n/a,4/4,500,Score in Half,No Gift Cards Slits,Yes 1000 Envelopes 6.5X6.5
Majestic,Silk,6 x 12,Horizontal,Rectangle,16PT C2S,No Coating,Silk,n/a,4/4,500,Score in Half,No Gift Cards Slits,Yes 1000 Envelopes 6.5X6.5
Majestic,Silk,6 x 12,Horizontal,Rectangle,16PT C2S,No Coating,Silk,n/a,4/0,1000,Score in Half,No Gift Cards Slits,Yes 1000 Envelopes 6.5X6.5
Majestic,Silk,6 x 12,Vertical,Rectangle,16PT C2S,No Coating,Silk,n/a,4/0,1000,Score in Half,No Gift Cards Slits,Yes 1000 Envelopes 6.5X6.5
Majestic,Silk,6 x 12,Horizontal,Rectangle,16PT C2S,No Coating,Silk,n/a,4/1,1000,Score in Half,No Gift Cards Slits,Yes 1000 Envelopes 6.5X6.5
Majestic,Silk,6 x 12,Vertical,Rectangle,16PT C2S,No Coating,Silk,n/a,4/1,1000,Score in Half,No Gift Cards Slits,Yes 1000 Envelopes 6.5X6.5
Majestic,Silk,6 x 12,Horizontal,Rectangle,16PT C2S,No Coating,Silk,n/a,4/4,1000,Score in Half,No Gift Cards Slits,Yes 1000 Envelopes 6.5X6.5
Majestic,Silk,6 x 12,Vertical,Rectangle,16PT C2S,No Coating,Silk,n/a,4/4,1000,Score in Half,No Gift Cards Slits,Yes 1000 Envelopes 6.5X6.5
Majestic,Silk,6 x 12,Horizontal,Rectangle,16PT C2S,No Coating,Silk,n/a,4/0,2500,Score in Half,No Gift Cards Slits,Yes 1000 Envelopes 6.5X6.5
Majestic,Silk,6 x 12,Vertical,Rectangle,16PT C2S,No Coating,Silk,n/a,4/0,2500,Score in Half,No Gift Cards Slits,Yes 1000 Envelopes 6.5X6.5
Majestic,Silk,6 x 12,Horizontal,Rectangle,16PT C2S,No Coating,Silk,n/a,4/1,2500,Score in Half,No Gift Cards Slits,Yes 1000 Envelopes 6.5X6.5
Majestic,Silk,6 x 12,Vertical,Rectangle,16PT C2S,No Coating,Silk,n/a,4/1,2500,Score in Half,No Gift Cards Slits,Yes 1000 Envelopes 6.5X6.5
Majestic,Silk,6 x 12,Horizontal,Rectangle,16PT C2S,No Coating,Silk,n/a,4/4,2500,Score in Half,No Gift Cards Slits,Yes 1000 Envelopes 6.5X6.5
Majestic,Silk,6 x 12,Vertical,Rectangle,16PT C2S,No Coating,Silk,n/a,4/4,2500,Score in Half,No Gift Cards Slits,Yes 1000 Envelopes 6.5X6.5
Majestic,Silk,6 x 12,Horizontal,Rectangle,16PT C2S,No Coating,Silk,n/a,4/0,5000,Score in Half,No Gift Cards Slits,Yes 1000 Envelopes 6.5X6.5
Majestic,Silk,6 x 12,Vertical,Rectangle,16PT C2S,No Coating,Silk,n/a,4/0,5000,Score in Half,No Gift Cards Slits,Yes 1000 Envelopes 6.5X6.5
Majestic,Silk,6 x 12,Horizontal,Rectangle,16PT C2S,No Coating,Silk,n/a,4/1,5000,Score in Half,No Gift Cards Slits,Yes 1000 Envelopes 6.5X6.5
Majestic,Silk,6 x 12,Vertical,Rectangle,16PT C2S,No Coating,Silk,n/a,4/1,5000,Score in Half,No Gift Cards Slits,Yes 1000 Envelopes 6.5X6.5
Majestic,Silk,6 x 12,Horizontal,Rectangle,16PT C2S,No Coating,Silk,n/a,4/4,5000,Score in Half,No Gift Cards Slits,Yes 1000 Envelopes 6.5X6.5
Majestic,Silk,6 x 12,Vertical,Rectangle,16PT C2S,No Coating,Silk,n/a,4/4,5000,Score in Half,No Gift Cards Slits,Yes 1000 Envelopes 6.5X6.5
Majestic,Silk,6 x 12,Horizontal,Rectangle,16PT C2S,No Coating,Silk,n/a,4/0,10000,Score in Half,No Gift Cards Slits,Yes 1000 Envelopes 6.5X6.5
Majestic,Silk,6 x 12,Vertical,Rectangle,16PT C2S,No Coating,Silk,n/a,4/0,10000,Score in Half,No Gift Cards Slits,Yes 1000 Envelopes 6.5X6.5
Majestic,Silk,6 x 12,Horizontal,Rectangle,16PT C2S,No Coating,Silk,n/a,4/1,10000,Score in Half,No Gift Cards Slits,Yes 1000 Envelopes 6.5X6.5
Majestic,Silk,6 x 12,Vertical,Rectangle,16PT C2S,No Coating,Silk,n/a,4/1,10000,Score in Half,No Gift Cards Slits,Yes 1000 Envelopes 6.5X6.5
Majestic,Silk,6 x 12,Horizontal,Rectangle,16PT C2S,No Coating,Silk,n/a,4/4,10000,Score in Half,No Gift Cards Slits,Yes 1000 Envelopes 6.5X6.5
Majestic,Silk,6 x 12,Vertical,Rectangle,16PT C2S,No Coating,Silk,n/a,4/4,10000,Score in Half,No Gift Cards Slits,Yes 1000 Envelopes 6.5X6.5
Majestic,Silk,6 x 12,Horizontal,Rectangle,16PT C2S,No Coating,Silk,n/a,4/0,25,Score in Half,Slide Slits Bottom Panel,Yes 1000 Envelopes 6.5X6.5
Majestic,Silk,6 x 12,Vertical,Rectangle,16PT C2S,No Coating,Silk,n/a,4/0,25,Score in Half,Slide Slits Bottom Panel,Yes 1000 Envelopes 6.5X6.5
Majestic,Silk,6 x 12,Horizontal,Rectangle,16PT C2S,No Coating,Silk,n/a,4/1,25,Score in Half,Slide Slits Bottom Panel,Yes 1000 Envelopes 6.5X6.5
Majestic,Silk,6 x 12,Vertical,Rectangle,16PT C2S,No Coating,Silk,n/a,4/1,25,Score in Half,Slide Slits Bottom Panel,Yes 1000 Envelopes 6.5X6.5
Majestic,Silk,6 x 12,Horizontal,Rectangle,16PT C2S,No Coating,Silk,n/a,4/4,25,Score in Half,Slide Slits Bottom Panel,Yes 1000 Envelopes 6.5X6.5
Majestic,Silk,6 x 12,Vertical,Rectangle,16PT C2S,No Coating,Silk,n/a,4/4,25,Score in Half,Slide Slits Bottom Panel,Yes 1000 Envelopes 6.5X6.5
Majestic,Silk,6 x 12,Horizontal,Rectangle,16PT C2S,No Coating,Silk,n/a,4/0,50,Score in Half,Slide Slits Bottom Panel,Yes 1000 Envelopes 6.5X6.5
Majestic,Silk,6 x 12,Vertical,Rectangle,16PT C2S,No Coating,Silk,n/a,4/0,50,Score in Half,Slide Slits Bottom Panel,Yes 1000 Envelopes 6.5X6.5
Majestic,Silk,6 x 12,Horizontal,Rectangle,16PT C2S,No Coating,Silk,n/a,4/1,50,Score in Half,Slide Slits Bottom Panel,Yes 1000 Envelopes 6.5X6.5
Majestic,Silk,6 x 12,Vertical,Rectangle,16PT C2S,No Coating,Silk,n/a,4/1,50,Score in Half,Slide Slits Bottom Panel,Yes 1000 Envelopes 6.5X6.5
Majestic,Silk,6 x 12,Horizontal,Rectangle,16PT C2S,No Coating,Silk,n/a,4/4,50,Score in Half,Slide Slits Bottom Panel,Yes 1000 Envelopes 6.5X6.5
Majestic,Silk,6 x 12,Horizontal,Rectangle,16PT C2S,No Coating,Silk,n/a,4/0,75,Score in Half,Slide Slits Bottom Panel,Yes 1000 Envelopes 6.5X6.5
Majestic,Silk,6 x 12,Vertical,Rectangle,16PT C2S,No Coating,Silk,n/a,4/4,50,Score in Half,Slide Slits Bottom Panel,Yes 1000 Envelopes 6.5X6.5
Majestic,Silk,6 x 12,Horizontal,Rectangle,16PT C2S,No Coating,Silk,n/a,4/1,75,Score in Half,Slide Slits Bottom Panel,Yes 1000 Envelopes 6.5X6.5
Majestic,Silk,6 x 12,Vertical,Rectangle,16PT C2S,No Coating,Silk,n/a,4/1,75,Score in Half,Slide Slits Bottom Panel,Yes 1000 Envelopes 6.5X6.5
Majestic,Silk,6 x 12,Vertical,Rectangle,16PT C2S,No Coating,Silk,n/a,4/0,75,Score in Half,Slide Slits Bottom Panel,Yes 1000 Envelopes 6.5X6.5
Majestic,Silk,6 x 12,Horizontal,Rectangle,16PT C2S,No Coating,Silk,n/a,4/4,75,Score in Half,Slide Slits Bottom Panel,Yes 1000 Envelopes 6.5X6.5
Majestic,Silk,6 x 12,Vertical,Rectangle,16PT C2S,No Coating,Silk,n/a,4/4,75,Score in Half,Slide Slits Bottom Panel,Yes 1000 Envelopes 6.5X6.5
Majestic,Silk,6 x 12,Horizontal,Rectangle,16PT C2S,No Coating,Silk,n/a,4/0,100,Score in Half,Slide Slits Bottom Panel,Yes 1000 Envelopes 6.5X6.5
Majestic,Silk,6 x 12,Vertical,Rectangle,16PT C2S,No Coating,Silk,n/a,4/0,100,Score in Half,Slide Slits Bottom Panel,Yes 1000 Envelopes 6.5X6.5
Majestic,Silk,6 x 12,Horizontal,Rectangle,16PT C2S,No Coating,Silk,n/a,4/1,100,Score in Half,Slide Slits Bottom Panel,Yes 1000 Envelopes 6.5X6.5
Majestic,Silk,6 x 12,Vertical,Rectangle,16PT C2S,No Coating,Silk,n/a,4/1,100,Score in Half,Slide Slits Bottom Panel,Yes 1000 Envelopes 6.5X6.5
Majestic,Silk,6 x 12,Horizontal,Rectangle,16PT C2S,No Coating,Silk,n/a,4/4,100,Score in Half,Slide Slits Bottom Panel,Yes 1000 Envelopes 6.5X6.5
Majestic,Silk,6 x 12,Vertical,Rectangle,16PT C2S,No Coating,Silk,n/a,4/4,100,Score in Half,Slide Slits Bottom Panel,Yes 1000 Envelopes 6.5X6.5
Majestic,Silk,6 x 12,Horizontal,Rectangle,16PT C2S,No Coating,Silk,n/a,4/0,250,Score in Half,Slide Slits Bottom Panel,Yes 1000 Envelopes 6.5X6.5
Majestic,Silk,6 x 12,Vertical,Rectangle,16PT C2S,No Coating,Silk,n/a,4/0,250,Score in Half,Slide Slits Bottom Panel,Yes 1000 Envelopes 6.5X6.5
Majestic,Silk,6 x 12,Horizontal,Rectangle,16PT C2S,No Coating,Silk,n/a,4/1,250,Score in Half,Slide Slits Bottom Panel,Yes 1000 Envelopes 6.5X6.5
Majestic,Silk,6 x 12,Horizontal,Rectangle,16PT C2S,No Coating,Silk,n/a,4/4,250,Score in Half,Slide Slits Bottom Panel,Yes 1000 Envelopes 6.5X6.5
Majestic,Silk,6 x 12,Vertical,Rectangle,16PT C2S,No Coating,Silk,n/a,4/1,250,Score in Half,Slide Slits Bottom Panel,Yes 1000 Envelopes 6.5X6.5
Majestic,Silk,6 x 12,Vertical,Rectangle,16PT C2S,No Coating,Silk,n/a,4/4,250,Score in Half,Slide Slits Bottom Panel,Yes 1000 Envelopes 6.5X6.5
Majestic,Silk,6 x 12,Horizontal,Rectangle,16PT C2S,No Coating,Silk,n/a,4/0,500,Score in Half,Slide Slits Bottom Panel,Yes 1000 Envelopes 6.5X6.5
Majestic,Silk,6 x 12,Vertical,Rectangle,16PT C2S,No Coating,Silk,n/a,4/0,500,Score in Half,Slide Slits Bottom Panel,Yes 1000 Envelopes 6.5X6.5
Majestic,Silk,6 x 12,Horizontal,Rectangle,16PT C2S,No Coating,Silk,n/a,4/1,500,Score in Half,Slide Slits Bottom Panel,Yes 1000 Envelopes 6.5X6.5
Majestic,Silk,6 x 12,Vertical,Rectangle,16PT C2S,No Coating,Silk,n/a,4/1,500,Score in Half,Slide Slits Bottom Panel,Yes 1000 Envelopes 6.5X6.5
Majestic,Silk,6 x 12,Horizontal,Rectangle,16PT C2S,No Coating,Silk,n/a,4/4,500,Score in Half,Slide Slits Bottom Panel,Yes 1000 Envelopes 6.5X6.5
Majestic,Silk,6 x 12,Vertical,Rectangle,16PT C2S,No Coating,Silk,n/a,4/4,500,Score in Half,Slide Slits Bottom Panel,Yes 1000 Envelopes 6.5X6.5
Majestic,Silk,6 x 12,Horizontal,Rectangle,16PT C2S,No Coating,Silk,n/a,4/0,1000,Score in Half,Slide Slits Bottom Panel,Yes 1000 Envelopes 6.5X6.5
Majestic,Silk,6 x 12,Vertical,Rectangle,16PT C2S,No Coating,Silk,n/a,4/0,1000,Score in Half,Slide Slits Bottom Panel,Yes 1000 Envelopes 6.5X6.5
Majestic,Silk,6 x 12,Horizontal,Rectangle,16PT C2S,No Coating,Silk,n/a,4/1,1000,Score in Half,Slide Slits Bottom Panel,Yes 1000 Envelopes 6.5X6.5
Majestic,Silk,6 x 12,Vertical,Rectangle,16PT C2S,No Coating,Silk,n/a,4/1,1000,Score in Half,Slide Slits Bottom Panel,Yes 1000 Envelopes 6.5X6.5
Majestic,Silk,6 x 12,Horizontal,Rectangle,16PT C2S,No Coating,Silk,n/a,4/4,1000,Score in Half,Slide Slits Bottom Panel,Yes 1000 Envelopes 6.5X6.5
Majestic,Silk,6 x 12,Vertical,Rectangle,16PT C2S,No Coating,Silk,n/a,4/4,1000,Score in Half,Slide Slits Bottom Panel,Yes 1000 Envelopes 6.5X6.5
Majestic,Silk,6 x 12,Horizontal,Rectangle,16PT C2S,No Coating,Silk,n/a,4/0,2500,Score in Half,Slide Slits Bottom Panel,Yes 1000 Envelopes 6.5X6.5
Majestic,Silk,6 x 12,Vertical,Rectangle,16PT C2S,No Coating,Silk,n/a,4/0,2500,Score in Half,Slide Slits Bottom Panel,Yes 1000 Envelopes 6.5X6.5
Majestic,Silk,6 x 12,Horizontal,Rectangle,16PT C2S,No Coating,Silk,n/a,4/1,2500,Score in Half,Slide Slits Bottom Panel,Yes 1000 Envelopes 6.5X6.5
Majestic,Silk,6 x 12,Vertical,Rectangle,16PT C2S,No Coating,Silk,n/a,4/1,2500,Score in Half,Slide Slits Bottom Panel,Yes 1000 Envelopes 6.5X6.5
Majestic,Silk,6 x 12,Horizontal,Rectangle,16PT C2S,No Coating,Silk,n/a,4/4,2500,Score in Half,Slide Slits Bottom Panel,Yes 1000 Envelopes 6.5X6.5
Majestic,Silk,6 x 12,Vertical,Rectangle,16PT C2S,No Coating,Silk,n/a,4/4,2500,Score in Half,Slide Slits Bottom Panel,Yes 1000 Envelopes 6.5X6.5
Majestic,Silk,6 x 12,Horizontal,Rectangle,16PT C2S,No Coating,Silk,n/a,4/0,5000,Score in Half,Slide Slits Bottom Panel,Yes 1000 Envelopes 6.5X6.5
Majestic,Silk,6 x 12,Vertical,Rectangle,16PT C2S,No Coating,Silk,n/a,4/0,5000,Score in Half,Slide Slits Bottom Panel,Yes 1000 Envelopes 6.5X6.5
Majestic,Silk,6 x 12,Horizontal,Rectangle,16PT C2S,No Coating,Silk,n/a,4/1,5000,Score in Half,Slide Slits Bottom Panel,Yes 1000 Envelopes 6.5X6.5
Majestic,Silk,6 x 12,Vertical,Rectangle,16PT C2S,No Coating,Silk,n/a,4/1,5000,Score in Half,Slide Slits Bottom Panel,Yes 1000 Envelopes 6.5X6.5
Majestic,Silk,6 x 12,Horizontal,Rectangle,16PT C2S,No Coating,Silk,n/a,4/4,5000,Score in Half,Slide Slits Bottom Panel,Yes 1000 Envelopes 6.5X6.5
Majestic,Silk,6 x 12,Vertical,Rectangle,16PT C2S,No Coating,Silk,n/a,4/4,5000,Score in Half,Slide Slits Bottom Panel,Yes 1000 Envelopes 6.5X6.5
Majestic,Silk,6 x 12,Horizontal,Rectangle,16PT C2S,No Coating,Silk,n/a,4/0,10000,Score in Half,Slide Slits Bottom Panel,Yes 1000 Envelopes 6.5X6.5
Majestic,Silk,6 x 12,Vertical,Rectangle,16PT C2S,No Coating,Silk,n/a,4/0,10000,Score in Half,Slide Slits Bottom Panel,Yes 1000 Envelopes 6.5X6.5
Majestic,Silk,6 x 12,Horizontal,Rectangle,16PT C2S,No Coating,Silk,n/a,4/1,10000,Score in Half,Slide Slits Bottom Panel,Yes 1000 Envelopes 6.5X6.5
Majestic,Silk,6 x 12,Vertical,Rectangle,16PT C2S,No Coating,Silk,n/a,4/1,10000,Score in Half,Slide Slits Bottom Panel,Yes 1000 Envelopes 6.5X6.5
Majestic,Silk,6 x 12,Horizontal,Rectangle,16PT C2S,No Coating,Silk,n/a,4/4,10000,Score in Half,Slide Slits Bottom Panel,Yes 1000 Envelopes 6.5X6.5
Majestic,Silk,6 x 12,Vertical,Rectangle,16PT C2S,No Coating,Silk,n/a,4/4,10000,Score in Half,Slide Slits Bottom Panel,Yes 1000 Envelopes 6.5X6.5
Majestic,Silk,6 x 12,Horizontal,Rectangle,16PT C2S,No Coating,Silk,n/a,4/0,25,Score in Half,Slide Slits Right Panel,Yes 1000 Envelopes 6.5X6.5
Majestic,Silk,6 x 12,Vertical,Rectangle,16PT C2S,No Coating,Silk,n/a,4/0,25,Score in Half,Slide Slits Right Panel,Yes 1000 Envelopes 6.5X6.5
Majestic,Silk,6 x 12,Vertical,Rectangle,16PT C2S,No Coating,Silk,n/a,4/1,25,Score in Half,Slide Slits Right Panel,Yes 1000 Envelopes 6.5X6.5
Majestic,Silk,6 x 12,Horizontal,Rectangle,16PT C2S,No Coating,Silk,n/a,4/1,25,Score in Half,Slide Slits Right Panel,Yes 1000 Envelopes 6.5X6.5
Majestic,Silk,6 x 12,Horizontal,Rectangle,16PT C2S,No Coating,Silk,n/a,4/4,25,Score in Half,Slide Slits Right Panel,Yes 1000 Envelopes 6.5X6.5
Majestic,Silk,6 x 12,Vertical,Rectangle,16PT C2S,No Coating,Silk,n/a,4/4,25,Score in Half,Slide Slits Right Panel,Yes 1000 Envelopes 6.5X6.5
Majestic,Silk,6 x 12,Horizontal,Rectangle,16PT C2S,No Coating,Silk,n/a,4/0,50,Score in Half,Slide Slits Right Panel,Yes 1000 Envelopes 6.5X6.5
Majestic,Silk,6 x 12,Vertical,Rectangle,16PT C2S,No Coating,Silk,n/a,4/0,50,Score in Half,Slide Slits Right Panel,Yes 1000 Envelopes 6.5X6.5
Majestic,Silk,6 x 12,Horizontal,Rectangle,16PT C2S,No Coating,Silk,n/a,4/1,50,Score in Half,Slide Slits Right Panel,Yes 1000 Envelopes 6.5X6.5
Majestic,Silk,6 x 12,Vertical,Rectangle,16PT C2S,No Coating,Silk,n/a,4/1,50,Score in Half,Slide Slits Right Panel,Yes 1000 Envelopes 6.5X6.5
Majestic,Silk,6 x 12,Horizontal,Rectangle,16PT C2S,No Coating,Silk,n/a,4/4,50,Score in Half,Slide Slits Right Panel,Yes 1000 Envelopes 6.5X6.5
Majestic,Silk,6 x 12,Vertical,Rectangle,16PT C2S,No Coating,Silk,n/a,4/4,50,Score in Half,Slide Slits Right Panel,Yes 1000 Envelopes 6.5X6.5
Majestic,Silk,6 x 12,Horizontal,Rectangle,16PT C2S,No Coating,Silk,n/a,4/0,75,Score in Half,Slide Slits Right Panel,Yes 1000 Envelopes 6.5X6.5
Majestic,Silk,6 x 12,Vertical,Rectangle,16PT C2S,No Coating,Silk,n/a,4/0,75,Score in Half,Slide Slits Right Panel,Yes 1000 Envelopes 6.5X6.5
Majestic,Silk,6 x 12,Horizontal,Rectangle,16PT C2S,No Coating,Silk,n/a,4/1,75,Score in Half,Slide Slits Right Panel,Yes 1000 Envelopes 6.5X6.5
Majestic,Silk,6 x 12,Horizontal,Rectangle,16PT C2S,No Coating,Silk,n/a,4/4,75,Score in Half,Slide Slits Right Panel,Yes 1000 Envelopes 6.5X6.5
Majestic,Silk,6 x 12,Vertical,Rectangle,16PT C2S,No Coating,Silk,n/a,4/4,75,Score in Half,Slide Slits Right Panel,Yes 1000 Envelopes 6.5X6.5
Majestic,Silk,6 x 12,Vertical,Rectangle,16PT C2S,No Coating,Silk,n/a,4/1,75,Score in Half,Slide Slits Right Panel,Yes 1000 Envelopes 6.5X6.5
Majestic,Silk,6 x 12,Horizontal,Rectangle,16PT C2S,No Coating,Silk,n/a,4/0,100,Score in Half,Slide Slits Right Panel,Yes 1000 Envelopes 6.5X6.5
Majestic,Silk,6 x 12,Horizontal,Rectangle,16PT C2S,No Coating,Silk,n/a,4/1,100,Score in Half,Slide Slits Right Panel,Yes 1000 Envelopes 6.5X6.5
Majestic,Silk,6 x 12,Vertical,Rectangle,16PT C2S,No Coating,Silk,n/a,4/1,100,Score in Half,Slide Slits Right Panel,Yes 1000 Envelopes 6.5X6.5
Majestic,Silk,6 x 12,Vertical,Rectangle,16PT C2S,No Coating,Silk,n/a,4/0,100,Score in Half,Slide Slits Right Panel,Yes 1000 Envelopes 6.5X6.5
Majestic,Silk,6 x 12,Horizontal,Rectangle,16PT C2S,No Coating,Silk,n/a,4/4,100,Score in Half,Slide Slits Right Panel,Yes 1000 Envelopes 6.5X6.5
Majestic,Silk,6 x 12,Vertical,Rectangle,16PT C2S,No Coating,Silk,n/a,4/4,100,Score in Half,Slide Slits Right Panel,Yes 1000 Envelopes 6.5X6.5
Majestic,Silk,6 x 12,Horizontal,Rectangle,16PT C2S,No Coating,Silk,n/a,4/0,250,Score in Half,Slide Slits Right Panel,Yes 1000 Envelopes 6.5X6.5
Majestic,Silk,6 x 12,Vertical,Rectangle,16PT C2S,No Coating,Silk,n/a,4/0,250,Score in Half,Slide Slits Right Panel,Yes 1000 Envelopes 6.5X6.5
Majestic,Silk,6 x 12,Horizontal,Rectangle,16PT C2S,No Coating,Silk,n/a,4/1,250,Score in Half,Slide Slits Right Panel,Yes 1000 Envelopes 6.5X6.5
Majestic,Silk,6 x 12,Vertical,Rectangle,16PT C2S,No Coating,Silk,n/a,4/1,250,Score in Half,Slide Slits Right Panel,Yes 1000 Envelopes 6.5X6.5
Majestic,Silk,6 x 12,Vertical,Rectangle,16PT C2S,No Coating,Silk,n/a,4/4,250,Score in Half,Slide Slits Right Panel,Yes 1000 Envelopes 6.5X6.5
Majestic,Silk,6 x 12,Horizontal,Rectangle,16PT C2S,No Coating,Silk,n/a,4/4,250,Score in Half,Slide Slits Right Panel,Yes 1000 Envelopes 6.5X6.5
Majestic,Silk,6 x 12,Horizontal,Rectangle,16PT C2S,No Coating,Silk,n/a,4/0,500,Score in Half,Slide Slits Right Panel,Yes 1000 Envelopes 6.5X6.5
Majestic,Silk,6 x 12,Vertical,Rectangle,16PT C2S,No Coating,Silk,n/a,4/0,500,Score in Half,Slide Slits Right Panel,Yes 1000 Envelopes 6.5X6.5
Majestic,Silk,6 x 12,Horizontal,Rectangle,16PT C2S,No Coating,Silk,n/a,4/1,500,Score in Half,Slide Slits Right Panel,Yes 1000 Envelopes 6.5X6.5
Majestic,Silk,6 x 12,Vertical,Rectangle,16PT C2S,No Coating,Silk,n/a,4/1,500,Score in Half,Slide Slits Right Panel,Yes 1000 Envelopes 6.5X6.5
Majestic,Silk,6 x 12,Horizontal,Rectangle,16PT C2S,No Coating,Silk,n/a,4/4,500,Score in Half,Slide Slits Right Panel,Yes 1000 Envelopes 6.5X6.5
Majestic,Silk,6 x 12,Vertical,Rectangle,16PT C2S,No Coating,Silk,n/a,4/4,500,Score in Half,Slide Slits Right Panel,Yes 1000 Envelopes 6.5X6.5
Majestic,Silk,6 x 12,Horizontal,Rectangle,16PT C2S,No Coating,Silk,n/a,4/0,1000,Score in Half,Slide Slits Right Panel,Yes 1000 Envelopes 6.5X6.5
Majestic,Silk,6 x 12,Vertical,Rectangle,16PT C2S,No Coating,Silk,n/a,4/0,1000,Score in Half,Slide Slits Right Panel,Yes 1000 Envelopes 6.5X6.5
Majestic,Silk,6 x 12,Horizontal,Rectangle,16PT C2S,No Coating,Silk,n/a,4/1,1000,Score in Half,Slide Slits Right Panel,Yes 1000 Envelopes 6.5X6.5
Majestic,Silk,6 x 12,Vertical,Rectangle,16PT C2S,No Coating,Silk,n/a,4/1,1000,Score in Half,Slide Slits Right Panel,Yes 1000 Envelopes 6.5X6.5
Majestic,Silk,6 x 12,Horizontal,Rectangle,16PT C2S,No Coating,Silk,n/a,4/4,1000,Score in Half,Slide Slits Right Panel,Yes 1000 Envelopes 6.5X6.5
Majestic,Silk,6 x 12,Vertical,Rectangle,16PT C2S,No Coating,Silk,n/a,4/4,1000,Score in Half,Slide Slits Right Panel,Yes 1000 Envelopes 6.5X6.5
Majestic,Silk,6 x 12,Horizontal,Rectangle,16PT C2S,No Coating,Silk,n/a,4/0,2500,Score in Half,Slide Slits Right Panel,Yes 1000 Envelopes 6.5X6.5
Majestic,Silk,6 x 12,Vertical,Rectangle,16PT C2S,No Coating,Silk,n/a,4/0,2500,Score in Half,Slide Slits Right Panel,Yes 1000 Envelopes 6.5X6.5
Majestic,Silk,6 x 12,Horizontal,Rectangle,16PT C2S,No Coating,Silk,n/a,4/1,2500,Score in Half,Slide Slits Right Panel,Yes 1000 Envelopes 6.5X6.5
Majestic,Silk,6 x 12,Vertical,Rectangle,16PT C2S,No Coating,Silk,n/a,4/1,2500,Score in Half,Slide Slits Right Panel,Yes 1000 Envelopes 6.5X6.5
Majestic,Silk,6 x 12,Horizontal,Rectangle,16PT C2S,No Coating,Silk,n/a,4/4,2500,Score in Half,Slide Slits Right Panel,Yes 1000 Envelopes 6.5X6.5
Majestic,Silk,6 x 12,Vertical,Rectangle,16PT C2S,No Coating,Silk,n/a,4/4,2500,Score in Half,Slide Slits Right Panel,Yes 1000 Envelopes 6.5X6.5
Majestic,Silk,6 x 12,Horizontal,Rectangle,16PT C2S,No Coating,Silk,n/a,4/0,5000,Score in Half,Slide Slits Right Panel,Yes 1000 Envelopes 6.5X6.5
Majestic,Silk,6 x 12,Horizontal,Rectangle,16PT C2S,No Coating,Silk,n/a,4/1,5000,Score in Half,Slide Slits Right Panel,Yes 1000 Envelopes 6.5X6.5
Majestic,Silk,6 x 12,Vertical,Rectangle,16PT C2S,No Coating,Silk,n/a,4/0,5000,Score in Half,Slide Slits Right Panel,Yes 1000 Envelopes 6.5X6.5
Majestic,Silk,6 x 12,Vertical,Rectangle,16PT C2S,No Coating,Silk,n/a,4/1,5000,Score in Half,Slide Slits Right Panel,Yes 1000 Envelopes 6.5X6.5
Majestic,Silk,6 x 12,Horizontal,Rectangle,16PT C2S,No Coating,Silk,n/a,4/4,5000,Score in Half,Slide Slits Right Panel,Yes 1000 Envelopes 6.5X6.5
Majestic,Silk,6 x 12,Vertical,Rectangle,16PT C2S,No Coating,Silk,n/a,4/4,5000,Score in Half,Slide Slits Right Panel,Yes 1000 Envelopes 6.5X6.5
Majestic,Silk,6 x 12,Horizontal,Rectangle,16PT C2S,No Coating,Silk,n/a,4/0,10000,Score in Half,Slide Slits Right Panel,Yes 1000 Envelopes 6.5X6.5
Majestic,Silk,6 x 12,Vertical,Rectangle,16PT C2S,No Coating,Silk,n/a,4/0,10000,Score in Half,Slide Slits Right Panel,Yes 1000 Envelopes 6.5X6.5
Majestic,Silk,6 x 12,Horizontal,Rectangle,16PT C2S,No Coating,Silk,n/a,4/1,10000,Score in Half,Slide Slits Right Panel,Yes 1000 Envelopes 6.5X6.5
Majestic,Silk,6 x 12,Vertical,Rectangle,16PT C2S,No Coating,Silk,n/a,4/1,10000,Score in Half,Slide Slits Right Panel,Yes 1000 Envelopes 6.5X6.5
Majestic,Silk,6 x 12,Vertical,Rectangle,16PT C2S,No Coating,Silk,n/a,4/4,10000,Score in Half,Slide Slits Right Panel,Yes 1000 Envelopes 6.5X6.5
Majestic,Silk,6 x 12,Horizontal,Rectangle,16PT C2S,No Coating,Silk,n/a,4/4,10000,Score in Half,Slide Slits Right Panel,Yes 1000 Envelopes 6.5X6.5
Majestic,Silk,6 x 12,Horizontal,Rectangle,16PT C2S,No Coating,Silk,n/a,4/0,25,Score in Half,Moon Slits Bottom Panel,Yes 2500 Envelopes 6.5X6.5
Majestic,Silk,6 x 12,Vertical,Rectangle,16PT C2S,No Coating,Silk,n/a,4/0,25,Score in Half,Moon Slits Bottom Panel,Yes 2500 Envelopes 6.5X6.5
Majestic,Silk,6 x 12,Horizontal,Rectangle,16PT C2S,No Coating,Silk,n/a,4/1,25,Score in Half,Moon Slits Bottom Panel,Yes 2500 Envelopes 6.5X6.5
Majestic,Silk,6 x 12,Vertical,Rectangle,16PT C2S,No Coating,Silk,n/a,4/1,25,Score in Half,Moon Slits Bottom Panel,Yes 2500 Envelopes 6.5X6.5
Majestic,Silk,6 x 12,Horizontal,Rectangle,16PT C2S,No Coating,Silk,n/a,4/4,25,Score in Half,Moon Slits Bottom Panel,Yes 2500 Envelopes 6.5X6.5
Majestic,Silk,6 x 12,Vertical,Rectangle,16PT C2S,No Coating,Silk,n/a,4/4,25,Score in Half,Moon Slits Bottom Panel,Yes 2500 Envelopes 6.5X6.5
Majestic,Silk,6 x 12,Horizontal,Rectangle,16PT C2S,No Coating,Silk,n/a,4/0,50,Score in Half,Moon Slits Bottom Panel,Yes 2500 Envelopes 6.5X6.5
Majestic,Silk,6 x 12,Vertical,Rectangle,16PT C2S,No Coating,Silk,n/a,4/0,50,Score in Half,Moon Slits Bottom Panel,Yes 2500 Envelopes 6.5X6.5
Majestic,Silk,6 x 12,Horizontal,Rectangle,16PT C2S,No Coating,Silk,n/a,4/1,50,Score in Half,Moon Slits Bottom Panel,Yes 2500 Envelopes 6.5X6.5
Majestic,Silk,6 x 12,Vertical,Rectangle,16PT C2S,No Coating,Silk,n/a,4/1,50,Score in Half,Moon Slits Bottom Panel,Yes 2500 Envelopes 6.5X6.5
Majestic,Silk,6 x 12,Horizontal,Rectangle,16PT C2S,No Coating,Silk,n/a,4/4,50,Score in Half,Moon Slits Bottom Panel,Yes 2500 Envelopes 6.5X6.5
Majestic,Silk,6 x 12,Vertical,Rectangle,16PT C2S,No Coating,Silk,n/a,4/4,50,Score in Half,Moon Slits Bottom Panel,Yes 2500 Envelopes 6.5X6.5
Majestic,Silk,6 x 12,Horizontal,Rectangle,16PT C2S,No Coating,Silk,n/a,4/0,75,Score in Half,Moon Slits Bottom Panel,Yes 2500 Envelopes 6.5X6.5
Majestic,Silk,6 x 12,Vertical,Rectangle,16PT C2S,No Coating,Silk,n/a,4/0,75,Score in Half,Moon Slits Bottom Panel,Yes 2500 Envelopes 6.5X6.5
Majestic,Silk,6 x 12,Horizontal,Rectangle,16PT C2S,No Coating,Silk,n/a,4/1,75,Score in Half,Moon Slits Bottom Panel,Yes 2500 Envelopes 6.5X6.5
Majestic,Silk,6 x 12,Vertical,Rectangle,16PT C2S,No Coating,Silk,n/a,4/1,75,Score in Half,Moon Slits Bottom Panel,Yes 2500 Envelopes 6.5X6.5
Majestic,Silk,6 x 12,Horizontal,Rectangle,16PT C2S,No Coating,Silk,n/a,4/4,75,Score in Half,Moon Slits Bottom Panel,Yes 2500 Envelopes 6.5X6.5
Majestic,Silk,6 x 12,Vertical,Rectangle,16PT C2S,No Coating,Silk,n/a,4/4,75,Score in Half,Moon Slits Bottom Panel,Yes 2500 Envelopes 6.5X6.5
Majestic,Silk,6 x 12,Horizontal,Rectangle,16PT C2S,No Coating,Silk,n/a,4/0,100,Score in Half,Moon Slits Bottom Panel,Yes 2500 Envelopes 6.5X6.5
Majestic,Silk,6 x 12,Vertical,Rectangle,16PT C2S,No Coating,Silk,n/a,4/0,100,Score in Half,Moon Slits Bottom Panel,Yes 2500 Envelopes 6.5X6.5
Majestic,Silk,6 x 12,Horizontal,Rectangle,16PT C2S,No Coating,Silk,n/a,4/1,100,Score in Half,Moon Slits Bottom Panel,Yes 2500 Envelopes 6.5X6.5
Majestic,Silk,6 x 12,Vertical,Rectangle,16PT C2S,No Coating,Silk,n/a,4/1,100,Score in Half,Moon Slits Bottom Panel,Yes 2500 Envelopes 6.5X6.5
Majestic,Silk,6 x 12,Horizontal,Rectangle,16PT C2S,No Coating,Silk,n/a,4/4,100,Score in Half,Moon Slits Bottom Panel,Yes 2500 Envelopes 6.5X6.5
Majestic,Silk,6 x 12,Vertical,Rectangle,16PT C2S,No Coating,Silk,n/a,4/4,100,Score in Half,Moon Slits Bottom Panel,Yes 2500 Envelopes 6.5X6.5
Majestic,Silk,6 x 12,Horizontal,Rectangle,16PT C2S,No Coating,Silk,n/a,4/0,250,Score in Half,Moon Slits Bottom Panel,Yes 2500 Envelopes 6.5X6.5
Majestic,Silk,6 x 12,Vertical,Rectangle,16PT C2S,No Coating,Silk,n/a,4/0,250,Score in Half,Moon Slits Bottom Panel,Yes 2500 Envelopes 6.5X6.5
Majestic,Silk,6 x 12,Horizontal,Rectangle,16PT C2S,No Coating,Silk,n/a,4/1,250,Score in Half,Moon Slits Bottom Panel,Yes 2500 Envelopes 6.5X6.5
Majestic,Silk,6 x 12,Vertical,Rectangle,16PT C2S,No Coating,Silk,n/a,4/1,250,Score in Half,Moon Slits Bottom Panel,Yes 2500 Envelopes 6.5X6.5
Majestic,Silk,6 x 12,Horizontal,Rectangle,16PT C2S,No Coating,Silk,n/a,4/4,250,Score in Half,Moon Slits Bottom Panel,Yes 2500 Envelopes 6.5X6.5
Majestic,Silk,6 x 12,Vertical,Rectangle,16PT C2S,No Coating,Silk,n/a,4/4,250,Score in Half,Moon Slits Bottom Panel,Yes 2500 Envelopes 6.5X6.5
Majestic,Silk,6 x 12,Horizontal,Rectangle,16PT C2S,No Coating,Silk,n/a,4/0,500,Score in Half,Moon Slits Bottom Panel,Yes 2500 Envelopes 6.5X6.5
Majestic,Silk,6 x 12,Vertical,Rectangle,16PT C2S,No Coating,Silk,n/a,4/0,500,Score in Half,Moon Slits Bottom Panel,Yes 2500 Envelopes 6.5X6.5
Majestic,Silk,6 x 12,Horizontal,Rectangle,16PT C2S,No Coating,Silk,n/a,4/1,500,Score in Half,Moon Slits Bottom Panel,Yes 2500 Envelopes 6.5X6.5
Majestic,Silk,6 x 12,Vertical,Rectangle,16PT C2S,No Coating,Silk,n/a,4/1,500,Score in Half,Moon Slits Bottom Panel,Yes 2500 Envelopes 6.5X6.5
Majestic,Silk,6 x 12,Horizontal,Rectangle,16PT C2S,No Coating,Silk,n/a,4/4,500,Score in Half,Moon Slits Bottom Panel,Yes 2500 Envelopes 6.5X6.5
Majestic,Silk,6 x 12,Vertical,Rectangle,16PT C2S,No Coating,Silk,n/a,4/4,500,Score in Half,Moon Slits Bottom Panel,Yes 2500 Envelopes 6.5X6.5
Majestic,Silk,6 x 12,Horizontal,Rectangle,16PT C2S,No Coating,Silk,n/a,4/0,1000,Score in Half,Moon Slits Bottom Panel,Yes 2500 Envelopes 6.5X6.5
Majestic,Silk,6 x 12,Vertical,Rectangle,16PT C2S,No Coating,Silk,n/a,4/0,1000,Score in Half,Moon Slits Bottom Panel,Yes 2500 Envelopes 6.5X6.5
Majestic,Silk,6 x 12,Horizontal,Rectangle,16PT C2S,No Coating,Silk,n/a,4/1,1000,Score in Half,Moon Slits Bottom Panel,Yes 2500 Envelopes 6.5X6.5
Majestic,Silk,6 x 12,Vertical,Rectangle,16PT C2S,No Coating,Silk,n/a,4/1,1000,Score in Half,Moon Slits Bottom Panel,Yes 2500 Envelopes 6.5X6.5
Majestic,Silk,6 x 12,Horizontal,Rectangle,16PT C2S,No Coating,Silk,n/a,4/4,1000,Score in Half,Moon Slits Bottom Panel,Yes 2500 Envelopes 6.5X6.5
Majestic,Silk,6 x 12,Vertical,Rectangle,16PT C2S,No Coating,Silk,n/a,4/4,1000,Score in Half,Moon Slits Bottom Panel,Yes 2500 Envelopes 6.5X6.5
Majestic,Silk,6 x 12,Horizontal,Rectangle,16PT C2S,No Coating,Silk,n/a,4/0,2500,Score in Half,Moon Slits Bottom Panel,Yes 2500 Envelopes 6.5X6.5
Majestic,Silk,6 x 12,Vertical,Rectangle,16PT C2S,No Coating,Silk,n/a,4/0,2500,Score in Half,Moon Slits Bottom Panel,Yes 2500 Envelopes 6.5X6.5
Majestic,Silk,6 x 12,Horizontal,Rectangle,16PT C2S,No Coating,Silk,n/a,4/1,2500,Score in Half,Moon Slits Bottom Panel,Yes 2500 Envelopes 6.5X6.5
Majestic,Silk,6 x 12,Horizontal,Rectangle,16PT C2S,No Coating,Silk,n/a,4/4,1000,Score in Half,Moon Slits Bottom Panel,Yes 1000 Envelopes 6.5X6.5
Majestic,Silk,6 x 12,Horizontal,Rectangle,16PT C2S,No Coating,Silk,n/a,4/4,2500,Score in Half,Moon Slits Bottom Panel,Yes 2500 Envelopes 6.5X6.5
Majestic,Silk,6 x 12,Vertical,Rectangle,16PT C2S,No Coating,Silk,n/a,4/4,2500,Score in Half,Moon Slits Bottom Panel,Yes 2500 Envelopes 6.5X6.5
Majestic,Silk,6 x 12,Horizontal,Rectangle,16PT C2S,No Coating,Silk,n/a,4/0,5000,Score in Half,Moon Slits Bottom Panel,Yes 2500 Envelopes 6.5X6.5
Majestic,Silk,6 x 12,Vertical,Rectangle,16PT C2S,No Coating,Silk,n/a,4/0,5000,Score in Half,Moon Slits Bottom Panel,Yes 2500 Envelopes 6.5X6.5
Majestic,Silk,6 x 12,Horizontal,Rectangle,16PT C2S,No Coating,Silk,n/a,4/1,5000,Score in Half,Moon Slits Bottom Panel,Yes 2500 Envelopes 6.5X6.5
Majestic,Silk,6 x 12,Vertical,Rectangle,16PT C2S,No Coating,Silk,n/a,4/1,5000,Score in Half,Moon Slits Bottom Panel,Yes 2500 Envelopes 6.5X6.5
Majestic,Silk,6 x 12,Horizontal,Rectangle,16PT C2S,No Coating,Silk,n/a,4/4,5000,Score in Half,Moon Slits Bottom Panel,Yes 2500 Envelopes 6.5X6.5
Majestic,Silk,6 x 12,Vertical,Rectangle,16PT C2S,No Coating,Silk,n/a,4/4,5000,Score in Half,Moon Slits Bottom Panel,Yes 2500 Envelopes 6.5X6.5
Majestic,Silk,6 x 12,Horizontal,Rectangle,16PT C2S,No Coating,Silk,n/a,4/0,10000,Score in Half,Moon Slits Bottom Panel,Yes 2500 Envelopes 6.5X6.5
Majestic,Silk,6 x 12,Vertical,Rectangle,16PT C2S,No Coating,Silk,n/a,4/0,10000,Score in Half,Moon Slits Bottom Panel,Yes 2500 Envelopes 6.5X6.5
Majestic,Silk,6 x 12,Horizontal,Rectangle,16PT C2S,No Coating,Silk,n/a,4/1,10000,Score in Half,Moon Slits Bottom Panel,Yes 2500 Envelopes 6.5X6.5
Majestic,Silk,6 x 12,Vertical,Rectangle,16PT C2S,No Coating,Silk,n/a,4/1,10000,Score in Half,Moon Slits Bottom Panel,Yes 2500 Envelopes 6.5X6.5
Majestic,Silk,6 x 12,Horizontal,Rectangle,16PT C2S,No Coating,Silk,n/a,4/4,10000,Score in Half,Moon Slits Bottom Panel,Yes 2500 Envelopes 6.5X6.5
Majestic,Silk,6 x 12,Vertical,Rectangle,16PT C2S,No Coating,Silk,n/a,4/4,10000,Score in Half,Moon Slits Bottom Panel,Yes 2500 Envelopes 6.5X6.5
Majestic,Silk,6 x 12,Horizontal,Rectangle,16PT C2S,No Coating,Silk,n/a,4/0,25,Score in Half,Moon Slits Right Panel,Yes 2500 Envelopes 6.5X6.5
Majestic,Silk,6 x 12,Vertical,Rectangle,16PT C2S,No Coating,Silk,n/a,4/0,25,Score in Half,Moon Slits Right Panel,Yes 2500 Envelopes 6.5X6.5
Majestic,Silk,6 x 12,Horizontal,Rectangle,16PT C2S,No Coating,Silk,n/a,4/1,25,Score in Half,Moon Slits Right Panel,Yes 2500 Envelopes 6.5X6.5
Majestic,Silk,6 x 12,Vertical,Rectangle,16PT C2S,No Coating,Silk,n/a,4/1,25,Score in Half,Moon Slits Right Panel,Yes 2500 Envelopes 6.5X6.5
Majestic,Silk,6 x 12,Horizontal,Rectangle,16PT C2S,No Coating,Silk,n/a,4/4,25,Score in Half,Moon Slits Right Panel,Yes 2500 Envelopes 6.5X6.5
Majestic,Silk,6 x 12,Vertical,Rectangle,16PT C2S,No Coating,Silk,n/a,4/4,25,Score in Half,Moon Slits Right Panel,Yes 2500 Envelopes 6.5X6.5
Majestic,Silk,6 x 12,Horizontal,Rectangle,16PT C2S,No Coating,Silk,n/a,4/0,50,Score in Half,Moon Slits Right Panel,Yes 2500 Envelopes 6.5X6.5
Majestic,Silk,6 x 12,Vertical,Rectangle,16PT C2S,No Coating,Silk,n/a,4/0,50,Score in Half,Moon Slits Right Panel,Yes 2500 Envelopes 6.5X6.5
Majestic,Silk,6 x 12,Horizontal,Rectangle,16PT C2S,No Coating,Silk,n/a,4/1,50,Score in Half,Moon Slits Right Panel,Yes 2500 Envelopes 6.5X6.5
Majestic,Silk,6 x 12,Vertical,Rectangle,16PT C2S,No Coating,Silk,n/a,4/1,50,Score in Half,Moon Slits Right Panel,Yes 2500 Envelopes 6.5X6.5
Majestic,Silk,6 x 12,Horizontal,Rectangle,16PT C2S,No Coating,Silk,n/a,4/4,50,Score in Half,Moon Slits Right Panel,Yes 2500 Envelopes 6.5X6.5
Majestic,Silk,6 x 12,Vertical,Rectangle,16PT C2S,No Coating,Silk,n/a,4/4,50,Score in Half,Moon Slits Right Panel,Yes 2500 Envelopes 6.5X6.5
Majestic,Silk,6 x 12,Vertical,Rectangle,16PT C2S,No Coating,Silk,n/a,4/1,2500,Score in Half,Moon Slits Bottom Panel,Yes 2500 Envelopes 6.5X6.5
Majestic,Silk,6 x 12,Horizontal,Rectangle,16PT C2S,No Coating,Silk,n/a,4/1,50,Score in Half,No Gift Cards Slits,Yes 1000 Envelopes 6.5X6.5
Majestic,Silk,6 x 12,Horizontal,Rectangle,16PT C2S,No Coating,Silk,n/a,4/1,75,Score in Half,Moon Slits Right Panel,Yes 2500 Envelopes 6.5X6.5
Majestic,Silk,6 x 12,Vertical,Rectangle,16PT C2S,No Coating,Silk,n/a,4/1,75,Score in Half,Moon Slits Right Panel,Yes 2500 Envelopes 6.5X6.5
Majestic,Silk,6 x 12,Vertical,Rectangle,16PT C2S,No Coating,Silk,n/a,4/0,75,Score in Half,Moon Slits Right Panel,Yes 2500 Envelopes 6.5X6.5
Majestic,Silk,6 x 12,Vertical,Rectangle,16PT C2S,No Coating,Silk,n/a,4/4,75,Score in Half,Moon Slits Right Panel,Yes 2500 Envelopes 6.5X6.5
Majestic,Silk,6 x 12,Horizontal,Rectangle,16PT C2S,No Coating,Silk,n/a,4/0,100,Score in Half,Moon Slits Right Panel,Yes 2500 Envelopes 6.5X6.5
Majestic,Silk,6 x 12,Vertical,Rectangle,16PT C2S,No Coating,Silk,n/a,4/0,100,Score in Half,Moon Slits Right Panel,Yes 2500 Envelopes 6.5X6.5
Majestic,Silk,6 x 12,Horizontal,Rectangle,16PT C2S,No Coating,Silk,n/a,4/1,100,Score in Half,Moon Slits Right Panel,Yes 2500 Envelopes 6.5X6.5
Majestic,Silk,6 x 12,Vertical,Rectangle,16PT C2S,No Coating,Silk,n/a,4/1,100,Score in Half,Moon Slits Right Panel,Yes 2500 Envelopes 6.5X6.5
Majestic,Silk,6 x 12,Horizontal,Rectangle,16PT C2S,No Coating,Silk,n/a,4/4,100,Score in Half,Moon Slits Right Panel,Yes 2500 Envelopes 6.5X6.5
Majestic,Silk,6 x 12,Vertical,Rectangle,16PT C2S,No Coating,Silk,n/a,4/4,100,Score in Half,Moon Slits Right Panel,Yes 2500 Envelopes 6.5X6.5
Majestic,Silk,6 x 12,Horizontal,Rectangle,16PT C2S,No Coating,Silk,n/a,4/0,250,Score in Half,Moon Slits Right Panel,Yes 2500 Envelopes 6.5X6.5
Majestic,Silk,6 x 12,Vertical,Rectangle,16PT C2S,No Coating,Silk,n/a,4/0,250,Score in Half,Moon Slits Right Panel,Yes 2500 Envelopes 6.5X6.5
Majestic,Silk,6 x 12,Horizontal,Rectangle,16PT C2S,No Coating,Silk,n/a,4/1,250,Score in Half,Moon Slits Right Panel,Yes 2500 Envelopes 6.5X6.5
Majestic,Silk,6 x 12,Vertical,Rectangle,16PT C2S,No Coating,Silk,n/a,4/1,250,Score in Half,Moon Slits Right Panel,Yes 2500 Envelopes 6.5X6.5
Majestic,Silk,6 x 12,Horizontal,Rectangle,16PT C2S,No Coating,Silk,n/a,4/4,250,Score in Half,Moon Slits Right Panel,Yes 2500 Envelopes 6.5X6.5
Majestic,Silk,6 x 12,Vertical,Rectangle,16PT C2S,No Coating,Silk,n/a,4/4,250,Score in Half,Moon Slits Right Panel,Yes 2500 Envelopes 6.5X6.5
Majestic,Silk,6 x 12,Vertical,Rectangle,16PT C2S,No Coating,Silk,n/a,4/0,500,Score in Half,Moon Slits Right Panel,Yes 2500 Envelopes 6.5X6.5
Majestic,Silk,6 x 12,Horizontal,Rectangle,16PT C2S,No Coating,Silk,n/a,4/0,500,Score in Half,Moon Slits Right Panel,Yes 2500 Envelopes 6.5X6.5
Majestic,Silk,6 x 12,Horizontal,Rectangle,16PT C2S,No Coating,Silk,n/a,4/1,500,Score in Half,Moon Slits Right Panel,Yes 2500 Envelopes 6.5X6.5
Majestic,Silk,6 x 12,Vertical,Rectangle,16PT C2S,No Coating,Silk,n/a,4/1,500,Score in Half,Moon Slits Right Panel,Yes 2500 Envelopes 6.5X6.5
Majestic,Silk,6 x 12,Horizontal,Rectangle,16PT C2S,No Coating,Silk,n/a,4/4,500,Score in Half,Moon Slits Right Panel,Yes 2500 Envelopes 6.5X6.5
Majestic,Silk,6 x 12,Vertical,Rectangle,16PT C2S,No Coating,Silk,n/a,4/4,500,Score in Half,Moon Slits Right Panel,Yes 2500 Envelopes 6.5X6.5
Majestic,Silk,6 x 12,Horizontal,Rectangle,16PT C2S,No Coating,Silk,n/a,4/0,1000,Score in Half,Moon Slits Right Panel,Yes 2500 Envelopes 6.5X6.5
Majestic,Silk,6 x 12,Vertical,Rectangle,16PT C2S,No Coating,Silk,n/a,4/0,1000,Score in Half,Moon Slits Right Panel,Yes 2500 Envelopes 6.5X6.5
Majestic,Silk,6 x 12,Horizontal,Rectangle,16PT C2S,No Coating,Silk,n/a,4/1,1000,Score in Half,Moon Slits Right Panel,Yes 2500 Envelopes 6.5X6.5
Majestic,Silk,6 x 12,Vertical,Rectangle,16PT C2S,No Coating,Silk,n/a,4/1,1000,Score in Half,Moon Slits Right Panel,Yes 2500 Envelopes 6.5X6.5
Majestic,Silk,6 x 12,Vertical,Rectangle,16PT C2S,No Coating,Silk,n/a,4/4,1000,Score in Half,Moon Slits Right Panel,Yes 2500 Envelopes 6.5X6.5
Majestic,Silk,6 x 12,Horizontal,Rectangle,16PT C2S,No Coating,Silk,n/a,4/4,1000,Score in Half,Moon Slits Right Panel,Yes 2500 Envelopes 6.5X6.5
Majestic,Silk,6 x 12,Horizontal,Rectangle,16PT C2S,No Coating,Silk,n/a,4/0,2500,Score in Half,Moon Slits Right Panel,Yes 2500 Envelopes 6.5X6.5
Majestic,Silk,6 x 12,Vertical,Rectangle,16PT C2S,No Coating,Silk,n/a,4/0,2500,Score in Half,Moon Slits Right Panel,Yes 2500 Envelopes 6.5X6.5
Majestic,Silk,6 x 12,Horizontal,Rectangle,16PT C2S,No Coating,Silk,n/a,4/1,2500,Score in Half,Moon Slits Right Panel,Yes 2500 Envelopes 6.5X6.5
Majestic,Silk,6 x 12,Vertical,Rectangle,16PT C2S,No Coating,Silk,n/a,4/1,2500,Score in Half,Moon Slits Right Panel,Yes 2500 Envelopes 6.5X6.5
Majestic,Silk,6 x 12,Horizontal,Rectangle,16PT C2S,No Coating,Silk,n/a,4/4,2500,Score in Half,Moon Slits Right Panel,Yes 2500 Envelopes 6.5X6.5
Majestic,Silk,6 x 12,Vertical,Rectangle,16PT C2S,No Coating,Silk,n/a,4/4,2500,Score in Half,Moon Slits Right Panel,Yes 2500 Envelopes 6.5X6.5
Majestic,Silk,6 x 12,Horizontal,Rectangle,16PT C2S,No Coating,Silk,n/a,4/0,5000,Score in Half,Moon Slits Right Panel,Yes 2500 Envelopes 6.5X6.5
Majestic,Silk,6 x 12,Horizontal,Rectangle,16PT C2S,No Coating,Silk,n/a,4/4,75,Score in Half,Moon Slits Right Panel,Yes 2500 Envelopes 6.5X6.5
Majestic,Silk,6 x 12,Horizontal,Rectangle,16PT C2S,No Coating,Silk,n/a,4/1,5000,Score in Half,Moon Slits Right Panel,Yes 2500 Envelopes 6.5X6.5
Majestic,Silk,6 x 12,Vertical,Rectangle,16PT C2S,No Coating,Silk,n/a,4/1,5000,Score in Half,Moon Slits Right Panel,Yes 2500 Envelopes 6.5X6.5
Majestic,Silk,6 x 12,Horizontal,Rectangle,16PT C2S,No Coating,Silk,n/a,4/4,5000,Score in Half,Moon Slits Right Panel,Yes 2500 Envelopes 6.5X6.5
Majestic,Silk,6 x 12,Vertical,Rectangle,16PT C2S,No Coating,Silk,n/a,4/4,5000,Score in Half,Moon Slits Right Panel,Yes 2500 Envelopes 6.5X6.5
Majestic,Silk,6 x 12,Horizontal,Rectangle,16PT C2S,No Coating,Silk,n/a,4/0,10000,Score in Half,Moon Slits Right Panel,Yes 2500 Envelopes 6.5X6.5
Majestic,Silk,6 x 12,Vertical,Rectangle,16PT C2S,No Coating,Silk,n/a,4/0,10000,Score in Half,Moon Slits Right Panel,Yes 2500 Envelopes 6.5X6.5
Majestic,Silk,6 x 12,Horizontal,Rectangle,16PT C2S,No Coating,Silk,n/a,4/1,10000,Score in Half,Moon Slits Right Panel,Yes 2500 Envelopes 6.5X6.5
Majestic,Silk,6 x 12,Vertical,Rectangle,16PT C2S,No Coating,Silk,n/a,4/1,10000,Score in Half,Moon Slits Right Panel,Yes 2500 Envelopes 6.5X6.5
Majestic,Silk,6 x 12,Horizontal,Rectangle,16PT C2S,No Coating,Silk,n/a,4/4,10000,Score in Half,Moon Slits Right Panel,Yes 2500 Envelopes 6.5X6.5
Majestic,Silk,6 x 12,Horizontal,Rectangle,16PT C2S,No Coating,Silk,n/a,4/1,1000,Score in Half,Moon Slits Right Panel,Yes 1000 Envelopes 6.5X6.5
Majestic,Silk,6 x 12,Horizontal,Rectangle,16PT C2S,No Coating,Silk,n/a,4/0,25,Score in Half,No Gift Cards Slits,Yes 2500 Envelopes 6.5X6.5
Majestic,Silk,6 x 12,Vertical,Rectangle,16PT C2S,No Coating,Silk,n/a,4/0,25,Score in Half,No Gift Cards Slits,Yes 2500 Envelopes 6.5X6.5
Majestic,Silk,6 x 12,Horizontal,Rectangle,16PT C2S,No Coating,Silk,n/a,4/1,25,Score in Half,No Gift Cards Slits,Yes 2500 Envelopes 6.5X6.5
Majestic,Silk,6 x 12,Vertical,Rectangle,16PT C2S,No Coating,Silk,n/a,4/1,25,Score in Half,No Gift Cards Slits,Yes 2500 Envelopes 6.5X6.5
Majestic,Silk,6 x 12,Horizontal,Rectangle,16PT C2S,No Coating,Silk,n/a,4/4,25,Score in Half,No Gift Cards Slits,Yes 2500 Envelopes 6.5X6.5
Majestic,Silk,6 x 12,Vertical,Rectangle,16PT C2S,No Coating,Silk,n/a,4/4,25,Score in Half,No Gift Cards Slits,Yes 2500 Envelopes 6.5X6.5
Majestic,Silk,6 x 12,Horizontal,Rectangle,16PT C2S,No Coating,Silk,n/a,4/0,50,Score in Half,No Gift Cards Slits,Yes 2500 Envelopes 6.5X6.5
Majestic,Silk,6 x 12,Vertical,Rectangle,16PT C2S,No Coating,Silk,n/a,4/0,5000,Score in Half,Moon Slits Right Panel,Yes 2500 Envelopes 6.5X6.5
Majestic,Silk,6 x 12,Horizontal,Rectangle,16PT C2S,No Coating,Silk,n/a,4/1,50,Score in Half,No Gift Cards Slits,Yes 2500 Envelopes 6.5X6.5
Majestic,Silk,6 x 12,Vertical,Rectangle,16PT C2S,No Coating,Silk,n/a,4/1,50,Score in Half,No Gift Cards Slits,Yes 2500 Envelopes 6.5X6.5
Majestic,Silk,6 x 12,Horizontal,Rectangle,16PT C2S,No Coating,Silk,n/a,4/4,50,Score in Half,No Gift Cards Slits,Yes 2500 Envelopes 6.5X6.5
Majestic,Silk,6 x 12,Vertical,Rectangle,16PT C2S,No Coating,Silk,n/a,4/4,50,Score in Half,No Gift Cards Slits,Yes 2500 Envelopes 6.5X6.5
Majestic,Silk,6 x 12,Horizontal,Rectangle,16PT C2S,No Coating,Silk,n/a,4/0,75,Score in Half,No Gift Cards Slits,Yes 2500 Envelopes 6.5X6.5
Majestic,Silk,6 x 12,Vertical,Rectangle,16PT C2S,No Coating,Silk,n/a,4/0,75,Score in Half,No Gift Cards Slits,Yes 2500 Envelopes 6.5X6.5
Majestic,Silk,6 x 12,Horizontal,Rectangle,16PT C2S,No Coating,Silk,n/a,4/1,75,Score in Half,No Gift Cards Slits,Yes 2500 Envelopes 6.5X6.5
Majestic,Silk,6 x 12,Vertical,Rectangle,16PT C2S,No Coating,Silk,n/a,4/1,75,Score in Half,No Gift Cards Slits,Yes 2500 Envelopes 6.5X6.5
Majestic,Silk,6 x 12,Horizontal,Rectangle,16PT C2S,No Coating,Silk,n/a,4/4,75,Score in Half,No Gift Cards Slits,Yes 2500 Envelopes 6.5X6.5
Majestic,Silk,6 x 12,Vertical,Rectangle,16PT C2S,No Coating,Silk,n/a,4/4,75,Score in Half,No Gift Cards Slits,Yes 2500 Envelopes 6.5X6.5
Majestic,Silk,6 x 12,Horizontal,Rectangle,16PT C2S,No Coating,Silk,n/a,4/0,100,Score in Half,No Gift Cards Slits,Yes 2500 Envelopes 6.5X6.5
Majestic,Silk,6 x 12,Horizontal,Rectangle,16PT C2S,No Coating,Silk,n/a,4/1,100,Score in Half,No Gift Cards Slits,Yes 2500 Envelopes 6.5X6.5
Majestic,Silk,6 x 12,Vertical,Rectangle,16PT C2S,No Coating,Silk,n/a,4/1,100,Score in Half,No Gift Cards Slits,Yes 2500 Envelopes 6.5X6.5
Majestic,Silk,6 x 12,Vertical,Rectangle,16PT C2S,No Coating,Silk,n/a,4/0,100,Score in Half,No Gift Cards Slits,Yes 2500 Envelopes 6.5X6.5
Majestic,Silk,6 x 12,Horizontal,Rectangle,16PT C2S,No Coating,Silk,n/a,4/4,100,Score in Half,No Gift Cards Slits,Yes 2500 Envelopes 6.5X6.5
Majestic,Silk,6 x 12,Horizontal,Rectangle,16PT C2S,No Coating,Silk,n/a,4/0,250,Score in Half,No Gift Cards Slits,Yes 2500 Envelopes 6.5X6.5
Majestic,Silk,6 x 12,Vertical,Rectangle,16PT C2S,No Coating,Silk,n/a,4/0,250,Score in Half,No Gift Cards Slits,Yes 2500 Envelopes 6.5X6.5
Majestic,Silk,6 x 12,Horizontal,Rectangle,16PT C2S,No Coating,Silk,n/a,4/1,250,Score in Half,No Gift Cards Slits,Yes 2500 Envelopes 6.5X6.5
Majestic,Silk,6 x 12,Vertical,Rectangle,16PT C2S,No Coating,Silk,n/a,4/4,100,Score in Half,No Gift Cards Slits,Yes 2500 Envelopes 6.5X6.5
Majestic,Silk,6 x 12,Vertical,Rectangle,16PT C2S,No Coating,Silk,n/a,4/1,250,Score in Half,No Gift Cards Slits,Yes 2500 Envelopes 6.5X6.5
Majestic,Silk,6 x 12,Horizontal,Rectangle,16PT C2S,No Coating,Silk,n/a,4/4,250,Score in Half,No Gift Cards Slits,Yes 2500 Envelopes 6.5X6.5
Majestic,Silk,6 x 12,Vertical,Rectangle,16PT C2S,No Coating,Silk,n/a,4/4,250,Score in Half,No Gift Cards Slits,Yes 2500 Envelopes 6.5X6.5
Majestic,Silk,6 x 12,Horizontal,Rectangle,16PT C2S,No Coating,Silk,n/a,4/0,500,Score in Half,No Gift Cards Slits,Yes 2500 Envelopes 6.5X6.5
Majestic,Silk,6 x 12,Vertical,Rectangle,16PT C2S,No Coating,Silk,n/a,4/0,500,Score in Half,No Gift Cards Slits,Yes 2500 Envelopes 6.5X6.5
Majestic,Silk,6 x 12,Horizontal,Rectangle,16PT C2S,No Coating,Silk,n/a,4/1,500,Score in Half,No Gift Cards Slits,Yes 2500 Envelopes 6.5X6.5
Majestic,Silk,6 x 12,Horizontal,Rectangle,16PT C2S,No Coating,Silk,n/a,4/4,500,Score in Half,No Gift Cards Slits,Yes 2500 Envelopes 6.5X6.5
Majestic,Silk,6 x 12,Vertical,Rectangle,16PT C2S,No Coating,Silk,n/a,4/1,500,Score in Half,No Gift Cards Slits,Yes 2500 Envelopes 6.5X6.5
Majestic,Silk,6 x 12,Vertical,Rectangle,16PT C2S,No Coating,Silk,n/a,4/4,500,Score in Half,No Gift Cards Slits,Yes 2500 Envelopes 6.5X6.5
Majestic,Silk,6 x 12,Horizontal,Rectangle,16PT C2S,No Coating,Silk,n/a,4/0,1000,Score in Half,No Gift Cards Slits,Yes 2500 Envelopes 6.5X6.5
Majestic,Silk,6 x 12,Vertical,Rectangle,16PT C2S,No Coating,Silk,n/a,4/0,1000,Score in Half,No Gift Cards Slits,Yes 2500 Envelopes 6.5X6.5
Majestic,Silk,6 x 12,Horizontal,Rectangle,16PT C2S,No Coating,Silk,n/a,4/1,1000,Score in Half,No Gift Cards Slits,Yes 2500 Envelopes 6.5X6.5
Majestic,Silk,6 x 12,Vertical,Rectangle,16PT C2S,No Coating,Silk,n/a,4/1,1000,Score in Half,No Gift Cards Slits,Yes 2500 Envelopes 6.5X6.5
Majestic,Silk,6 x 12,Horizontal,Rectangle,16PT C2S,No Coating,Silk,n/a,4/4,1000,Score in Half,No Gift Cards Slits,Yes 2500 Envelopes 6.5X6.5
Majestic,Silk,6 x 12,Vertical,Rectangle,16PT C2S,No Coating,Silk,n/a,4/4,1000,Score in Half,No Gift Cards Slits,Yes 2500 Envelopes 6.5X6.5
Majestic,Silk,6 x 12,Vertical,Rectangle,16PT C2S,No Coating,Silk,n/a,4/0,2500,Score in Half,No Gift Cards Slits,Yes 2500 Envelopes 6.5X6.5
Majestic,Silk,6 x 12,Horizontal,Rectangle,16PT C2S,No Coating,Silk,n/a,4/0,2500,Score in Half,No Gift Cards Slits,Yes 2500 Envelopes 6.5X6.5
Majestic,Silk,6 x 12,Horizontal,Rectangle,16PT C2S,No Coating,Silk,n/a,4/1,2500,Score in Half,No Gift Cards Slits,Yes 2500 Envelopes 6.5X6.5
Majestic,Silk,6 x 12,Vertical,Rectangle,16PT C2S,No Coating,Silk,n/a,4/1,2500,Score in Half,No Gift Cards Slits,Yes 2500 Envelopes 6.5X6.5
Majestic,Silk,6 x 12,Vertical,Rectangle,16PT C2S,No Coating,Silk,n/a,4/4,2500,Score in Half,No Gift Cards Slits,Yes 2500 Envelopes 6.5X6.5
Majestic,Silk,6 x 12,Vertical,Rectangle,16PT C2S,No Coating,Silk,n/a,4/4,10000,Score in Half,Moon Slits Right Panel,Yes 2500 Envelopes 6.5X6.5
Majestic,Silk,6 x 12,Horizontal,Rectangle,16PT C2S,No Coating,Silk,n/a,4/0,5000,Score in Half,No Gift Cards Slits,Yes 2500 Envelopes 6.5X6.5
Majestic,Silk,6 x 12,Vertical,Rectangle,16PT C2S,No Coating,Silk,n/a,4/0,5000,Score in Half,No Gift Cards Slits,Yes 2500 Envelopes 6.5X6.5
Majestic,Silk,6 x 12,Horizontal,Rectangle,16PT C2S,No Coating,Silk,n/a,4/1,5000,Score in Half,No Gift Cards Slits,Yes 2500 Envelopes 6.5X6.5
Majestic,Silk,6 x 12,Horizontal,Rectangle,16PT C2S,No Coating,Silk,n/a,4/4,5000,Score in Half,No Gift Cards Slits,Yes 2500 Envelopes 6.5X6.5
Majestic,Silk,6 x 12,Vertical,Rectangle,16PT C2S,No Coating,Silk,n/a,4/4,5000,Score in Half,No Gift Cards Slits,Yes 2500 Envelopes 6.5X6.5
Majestic,Silk,6 x 12,Horizontal,Rectangle,16PT C2S,No Coating,Silk,n/a,4/0,10000,Score in Half,No Gift Cards Slits,Yes 2500 Envelopes 6.5X6.5
Majestic,Silk,6 x 12,Vertical,Rectangle,16PT C2S,No Coating,Silk,n/a,4/0,10000,Score in Half,No Gift Cards Slits,Yes 2500 Envelopes 6.5X6.5
Majestic,Silk,6 x 12,Vertical,Rectangle,16PT C2S,No Coating,Silk,n/a,4/1,5000,Score in Half,No Gift Cards Slits,Yes 2500 Envelopes 6.5X6.5
Majestic,Silk,6 x 12,Vertical,Rectangle,16PT C2S,No Coating,Silk,n/a,4/1,10000,Score in Half,No Gift Cards Slits,Yes 2500 Envelopes 6.5X6.5
Majestic,Silk,6 x 12,Horizontal,Rectangle,16PT C2S,No Coating,Silk,n/a,4/4,10000,Score in Half,No Gift Cards Slits,Yes 2500 Envelopes 6.5X6.5
Majestic,Silk,6 x 12,Horizontal,Rectangle,16PT C2S,No Coating,Silk,n/a,4/1,10000,Score in Half,No Gift Cards Slits,Yes 2500 Envelopes 6.5X6.5
Majestic,Silk,6 x 12,Horizontal,Rectangle,16PT C2S,No Coating,Silk,n/a,4/0,25,Score in Half,Slide Slits Bottom Panel,Yes 2500 Envelopes 6.5X6.5
Majestic,Silk,6 x 12,Vertical,Rectangle,16PT C2S,No Coating,Silk,n/a,4/0,25,Score in Half,Slide Slits Bottom Panel,Yes 2500 Envelopes 6.5X6.5
Majestic,Silk,6 x 12,Vertical,Rectangle,16PT C2S,No Coating,Silk,n/a,4/4,10000,Score in Half,No Gift Cards Slits,Yes 2500 Envelopes 6.5X6.5
Majestic,Silk,6 x 12,Horizontal,Rectangle,16PT C2S,No Coating,Silk,n/a,4/1,25,Score in Half,Slide Slits Bottom Panel,Yes 2500 Envelopes 6.5X6.5
Majestic,Silk,6 x 12,Vertical,Rectangle,16PT C2S,No Coating,Silk,n/a,4/1,25,Score in Half,Slide Slits Bottom Panel,Yes 2500 Envelopes 6.5X6.5
Majestic,Silk,6 x 12,Horizontal,Rectangle,16PT C2S,No Coating,Silk,n/a,4/4,25,Score in Half,Slide Slits Bottom Panel,Yes 2500 Envelopes 6.5X6.5
Majestic,Silk,6 x 12,Horizontal,Rectangle,16PT C2S,No Coating,Silk,n/a,4/1,50,Score in Half,Slide Slits Bottom Panel,Yes 2500 Envelopes 6.5X6.5
Majestic,Silk,6 x 12,Horizontal,Rectangle,16PT C2S,No Coating,Silk,n/a,4/0,50,Score in Half,Slide Slits Bottom Panel,Yes 2500 Envelopes 6.5X6.5
Majestic,Silk,6 x 12,Vertical,Rectangle,16PT C2S,No Coating,Silk,n/a,4/4,25,Score in Half,Slide Slits Bottom Panel,Yes 2500 Envelopes 6.5X6.5
Majestic,Silk,6 x 12,Vertical,Rectangle,16PT C2S,No Coating,Silk,n/a,4/1,50,Score in Half,Slide Slits Bottom Panel,Yes 2500 Envelopes 6.5X6.5
Majestic,Silk,6 x 12,Vertical,Rectangle,16PT C2S,No Coating,Silk,n/a,4/0,50,Score in Half,Slide Slits Bottom Panel,Yes 2500 Envelopes 6.5X6.5
Majestic,Silk,6 x 12,Horizontal,Rectangle,16PT C2S,No Coating,Silk,n/a,4/4,50,Score in Half,Slide Slits Bottom Panel,Yes 2500 Envelopes 6.5X6.5
Majestic,Silk,6 x 12,Horizontal,Rectangle,16PT C2S,No Coating,Silk,n/a,4/0,75,Score in Half,Slide Slits Bottom Panel,Yes 2500 Envelopes 6.5X6.5
Majestic,Silk,6 x 12,Horizontal,Rectangle,16PT C2S,No Coating,Silk,n/a,4/1,75,Score in Half,Slide Slits Bottom Panel,Yes 2500 Envelopes 6.5X6.5
Majestic,Silk,6 x 12,Vertical,Rectangle,16PT C2S,No Coating,Silk,n/a,4/0,75,Score in Half,Slide Slits Bottom Panel,Yes 2500 Envelopes 6.5X6.5
Majestic,Silk,6 x 12,Vertical,Rectangle,16PT C2S,No Coating,Silk,n/a,4/1,75,Score in Half,Slide Slits Bottom Panel,Yes 2500 Envelopes 6.5X6.5
Majestic,Silk,6 x 12,Vertical,Rectangle,16PT C2S,No Coating,Silk,n/a,4/4,50,Score in Half,Slide Slits Bottom Panel,Yes 2500 Envelopes 6.5X6.5
Majestic,Silk,6 x 12,Horizontal,Rectangle,16PT C2S,No Coating,Silk,n/a,4/4,75,Score in Half,Slide Slits Bottom Panel,Yes 2500 Envelopes 6.5X6.5
Majestic,Silk,6 x 12,Horizontal,Rectangle,16PT C2S,No Coating,Silk,n/a,4/0,100,Score in Half,Slide Slits Bottom Panel,Yes 2500 Envelopes 6.5X6.5
Majestic,Silk,6 x 12,Vertical,Rectangle,16PT C2S,No Coating,Silk,n/a,4/4,75,Score in Half,Slide Slits Bottom Panel,Yes 2500 Envelopes 6.5X6.5
Majestic,Silk,6 x 12,Vertical,Rectangle,16PT C2S,No Coating,Silk,n/a,4/0,100,Score in Half,Slide Slits Bottom Panel,Yes 2500 Envelopes 6.5X6.5
Majestic,Silk,6 x 12,Vertical,Rectangle,16PT C2S,No Coating,Silk,n/a,4/1,100,Score in Half,Slide Slits Bottom Panel,Yes 2500 Envelopes 6.5X6.5
Majestic,Silk,6 x 12,Horizontal,Rectangle,16PT C2S,No Coating,Silk,n/a,4/1,100,Score in Half,Slide Slits Bottom Panel,Yes 2500 Envelopes 6.5X6.5
Majestic,Silk,6 x 12,Vertical,Rectangle,16PT C2S,No Coating,Silk,n/a,4/4,100,Score in Half,Slide Slits Bottom Panel,Yes 2500 Envelopes 6.5X6.5
Majestic,Silk,6 x 12,Horizontal,Rectangle,16PT C2S,No Coating,Silk,n/a,4/4,100,Score in Half,Slide Slits Bottom Panel,Yes 2500 Envelopes 6.5X6.5
Majestic,Silk,6 x 12,Horizontal,Rectangle,16PT C2S,No Coating,Silk,n/a,4/0,250,Score in Half,Slide Slits Bottom Panel,Yes 2500 Envelopes 6.5X6.5
Majestic,Silk,6 x 12,Horizontal,Rectangle,16PT C2S,No Coating,Silk,n/a,4/1,250,Score in Half,Slide Slits Bottom Panel,Yes 2500 Envelopes 6.5X6.5
Majestic,Silk,6 x 12,Vertical,Rectangle,16PT C2S,No Coating,Silk,n/a,4/0,250,Score in Half,Slide Slits Bottom Panel,Yes 2500 Envelopes 6.5X6.5
Majestic,Silk,6 x 12,Vertical,Rectangle,16PT C2S,No Coating,Silk,n/a,4/1,250,Score in Half,Slide Slits Bottom Panel,Yes 2500 Envelopes 6.5X6.5
Majestic,Silk,6 x 12,Horizontal,Rectangle,16PT C2S,No Coating,Silk,n/a,4/4,250,Score in Half,Slide Slits Bottom Panel,Yes 2500 Envelopes 6.5X6.5
Majestic,Silk,6 x 12,Vertical,Rectangle,16PT C2S,No Coating,Silk,n/a,4/4,250,Score in Half,Slide Slits Bottom Panel,Yes 2500 Envelopes 6.5X6.5
Majestic,Silk,6 x 12,Vertical,Rectangle,16PT C2S,No Coating,Silk,n/a,4/0,500,Score in Half,Slide Slits Bottom Panel,Yes 2500 Envelopes 6.5X6.5
Majestic,Silk,6 x 12,Horizontal,Rectangle,16PT C2S,No Coating,Silk,n/a,4/0,500,Score in Half,Slide Slits Bottom Panel,Yes 2500 Envelopes 6.5X6.5
Majestic,Silk,6 x 12,Vertical,Rectangle,16PT C2S,No Coating,Silk,n/a,4/1,500,Score in Half,Slide Slits Bottom Panel,Yes 2500 Envelopes 6.5X6.5
Majestic,Silk,6 x 12,Horizontal,Rectangle,16PT C2S,No Coating,Silk,n/a,4/1,500,Score in Half,Slide Slits Bottom Panel,Yes 2500 Envelopes 6.5X6.5
Majestic,Silk,6 x 12,Horizontal,Rectangle,16PT C2S,No Coating,Silk,n/a,4/4,500,Score in Half,Slide Slits Bottom Panel,Yes 2500 Envelopes 6.5X6.5
Majestic,Silk,6 x 12,Horizontal,Rectangle,16PT C2S,No Coating,Silk,n/a,4/0,1000,Score in Half,Slide Slits Bottom Panel,Yes 2500 Envelopes 6.5X6.5
Majestic,Silk,6 x 12,Vertical,Rectangle,16PT C2S,No Coating,Silk,n/a,4/4,500,Score in Half,Slide Slits Bottom Panel,Yes 2500 Envelopes 6.5X6.5
Majestic,Silk,6 x 12,Horizontal,Rectangle,16PT C2S,No Coating,Silk,n/a,4/1,1000,Score in Half,Slide Slits Bottom Panel,Yes 2500 Envelopes 6.5X6.5
Majestic,Silk,6 x 12,Vertical,Rectangle,16PT C2S,No Coating,Silk,n/a,4/0,1000,Score in Half,Slide Slits Bottom Panel,Yes 2500 Envelopes 6.5X6.5
Majestic,Silk,6 x 12,Vertical,Rectangle,16PT C2S,No Coating,Silk,n/a,4/1,1000,Score in Half,Slide Slits Bottom Panel,Yes 2500 Envelopes 6.5X6.5
Majestic,Silk,6 x 12,Vertical,Rectangle,16PT C2S,No Coating,Silk,n/a,4/4,1000,Score in Half,Slide Slits Bottom Panel,Yes 2500 Envelopes 6.5X6.5
Majestic,Silk,6 x 12,Horizontal,Rectangle,16PT C2S,No Coating,Silk,n/a,4/4,1000,Score in Half,Slide Slits Bottom Panel,Yes 2500 Envelopes 6.5X6.5
Majestic,Silk,6 x 12,Vertical,Rectangle,16PT C2S,No Coating,Silk,n/a,4/0,2500,Score in Half,Slide Slits Bottom Panel,Yes 2500 Envelopes 6.5X6.5
Majestic,Silk,6 x 12,Horizontal,Rectangle,16PT C2S,No Coating,Silk,n/a,4/0,2500,Score in Half,Slide Slits Bottom Panel,Yes 2500 Envelopes 6.5X6.5
Majestic,Silk,6 x 12,Horizontal,Rectangle,16PT C2S,No Coating,Silk,n/a,4/1,2500,Score in Half,Slide Slits Bottom Panel,Yes 2500 Envelopes 6.5X6.5
Majestic,Silk,6 x 12,Horizontal,Rectangle,16PT C2S,No Coating,Silk,n/a,4/4,2500,Score in Half,Slide Slits Bottom Panel,Yes 2500 Envelopes 6.5X6.5
Majestic,Silk,6 x 12,Vertical,Rectangle,16PT C2S,No Coating,Silk,n/a,4/1,2500,Score in Half,Slide Slits Bottom Panel,Yes 2500 Envelopes 6.5X6.5
Majestic,Silk,6 x 12,Horizontal,Rectangle,16PT C2S,No Coating,Silk,n/a,4/0,5000,Score in Half,Slide Slits Bottom Panel,Yes 2500 Envelopes 6.5X6.5
Majestic,Silk,6 x 12,Vertical,Rectangle,16PT C2S,No Coating,Silk,n/a,4/4,2500,Score in Half,Slide Slits Bottom Panel,Yes 2500 Envelopes 6.5X6.5
Majestic,Silk,6 x 12,Vertical,Rectangle,16PT C2S,No Coating,Silk,n/a,4/0,5000,Score in Half,Slide Slits Bottom Panel,Yes 2500 Envelopes 6.5X6.5
Majestic,Silk,6 x 12,Horizontal,Rectangle,16PT C2S,No Coating,Silk,n/a,4/1,5000,Score in Half,Slide Slits Bottom Panel,Yes 2500 Envelopes 6.5X6.5
Majestic,Silk,6 x 12,Horizontal,Rectangle,16PT C2S,No Coating,Silk,n/a,4/4,5000,Score in Half,Slide Slits Bottom Panel,Yes 2500 Envelopes 6.5X6.5
Majestic,Silk,6 x 12,Horizontal,Rectangle,16PT C2S,No Coating,Silk,n/a,4/0,10000,Score in Half,Slide Slits Bottom Panel,Yes 2500 Envelopes 6.5X6.5
Majestic,Silk,6 x 12,Vertical,Rectangle,16PT C2S,No Coating,Silk,n/a,4/4,5000,Score in Half,Slide Slits Bottom Panel,Yes 2500 Envelopes 6.5X6.5
Majestic,Silk,6 x 12,Vertical,Rectangle,16PT C2S,No Coating,Silk,n/a,4/0,10000,Score in Half,Slide Slits Bottom Panel,Yes 2500 Envelopes 6.5X6.5
Majestic,Silk,6 x 12,Vertical,Rectangle,16PT C2S,No Coating,Silk,n/a,4/1,5000,Score in Half,Slide Slits Bottom Panel,Yes 2500 Envelopes 6.5X6.5
Majestic,Silk,6 x 12,Vertical,Rectangle,16PT C2S,No Coating,Silk,n/a,4/1,10000,Score in Half,Slide Slits Bottom Panel,Yes 2500 Envelopes 6.5X6.5
Majestic,Silk,6 x 12,Horizontal,Rectangle,16PT C2S,No Coating,Silk,n/a,4/1,10000,Score in Half,Slide Slits Bottom Panel,Yes 2500 Envelopes 6.5X6.5
Majestic,Silk,6 x 12,Horizontal,Rectangle,16PT C2S,No Coating,Silk,n/a,4/4,10000,Score in Half,Slide Slits Bottom Panel,Yes 2500 Envelopes 6.5X6.5
Majestic,Silk,6 x 12,Horizontal,Rectangle,16PT C2S,No Coating,Silk,n/a,4/0,25,Score in Half,Slide Slits Right Panel,Yes 2500 Envelopes 6.5X6.5
Majestic,Silk,6 x 12,Vertical,Rectangle,16PT C2S,No Coating,Silk,n/a,4/4,10000,Score in Half,Slide Slits Bottom Panel,Yes 2500 Envelopes 6.5X6.5
Majestic,Silk,6 x 12,Vertical,Rectangle,16PT C2S,No Coating,Silk,n/a,4/1,25,Score in Half,Slide Slits Right Panel,Yes 2500 Envelopes 6.5X6.5
Majestic,Silk,6 x 12,Vertical,Rectangle,16PT C2S,No Coating,Silk,n/a,4/0,25,Score in Half,Slide Slits Right Panel,Yes 2500 Envelopes 6.5X6.5
Majestic,Silk,6 x 12,Horizontal,Rectangle,16PT C2S,No Coating,Silk,n/a,4/1,25,Score in Half,Slide Slits Right Panel,Yes 2500 Envelopes 6.5X6.5
Majestic,Silk,6 x 12,Horizontal,Rectangle,16PT C2S,No Coating,Silk,n/a,4/4,25,Score in Half,Slide Slits Right Panel,Yes 2500 Envelopes 6.5X6.5
Majestic,Silk,6 x 12,Vertical,Rectangle,16PT C2S,No Coating,Silk,n/a,4/4,25,Score in Half,Slide Slits Right Panel,Yes 2500 Envelopes 6.5X6.5
Majestic,Silk,6 x 12,Horizontal,Rectangle,16PT C2S,No Coating,Silk,n/a,4/0,50,Score in Half,Slide Slits Right Panel,Yes 2500 Envelopes 6.5X6.5
Majestic,Silk,6 x 12,Vertical,Rectangle,16PT C2S,No Coating,Silk,n/a,4/0,50,Score in Half,Slide Slits Right Panel,Yes 2500 Envelopes 6.5X6.5
Majestic,Silk,6 x 12,Vertical,Rectangle,16PT C2S,No Coating,Silk,n/a,4/1,50,Score in Half,Slide Slits Right Panel,Yes 2500 Envelopes 6.5X6.5
Majestic,Silk,6 x 12,Horizontal,Rectangle,16PT C2S,No Coating,Silk,n/a,4/1,50,Score in Half,Slide Slits Right Panel,Yes 2500 Envelopes 6.5X6.5
Majestic,Silk,6 x 12,Horizontal,Rectangle,16PT C2S,No Coating,Silk,n/a,4/4,50,Score in Half,Slide Slits Right Panel,Yes 2500 Envelopes 6.5X6.5
Majestic,Silk,6 x 12,Vertical,Rectangle,16PT C2S,No Coating,Silk,n/a,4/4,50,Score in Half,Slide Slits Right Panel,Yes 2500 Envelopes 6.5X6.5
Majestic,Silk,6 x 12,Horizontal,Rectangle,16PT C2S,No Coating,Silk,n/a,4/0,75,Score in Half,Slide Slits Right Panel,Yes 2500 Envelopes 6.5X6.5
Majestic,Silk,6 x 12,Vertical,Rectangle,16PT C2S,No Coating,Silk,n/a,4/0,75,Score in Half,Slide Slits Right Panel,Yes 2500 Envelopes 6.5X6.5
Majestic,Silk,6 x 12,Horizontal,Rectangle,16PT C2S,No Coating,Silk,n/a,4/1,75,Score in Half,Slide Slits Right Panel,Yes 2500 Envelopes 6.5X6.5
Majestic,Silk,6 x 12,Vertical,Rectangle,16PT C2S,No Coating,Silk,n/a,4/1,75,Score in Half,Slide Slits Right Panel,Yes 2500 Envelopes 6.5X6.5
Majestic,Silk,6 x 12,Horizontal,Rectangle,16PT C2S,No Coating,Silk,n/a,4/0,100,Score in Half,Slide Slits Right Panel,Yes 2500 Envelopes 6.5X6.5
Majestic,Silk,6 x 12,Horizontal,Rectangle,16PT C2S,No Coating,Silk,n/a,4/4,2500,Score in Half,No Gift Cards Slits,Yes 2500 Envelopes 6.5X6.5
Majestic,Silk,6 x 12,Vertical,Rectangle,16PT C2S,No Coating,Silk,n/a,4/4,75,Score in Half,Slide Slits Right Panel,Yes 2500 Envelopes 6.5X6.5
Majestic,Silk,6 x 12,Horizontal,Rectangle,16PT C2S,No Coating,Silk,n/a,4/1,100,Score in Half,Slide Slits Right Panel,Yes 2500 Envelopes 6.5X6.5
Majestic,Silk,6 x 12,Vertical,Rectangle,16PT C2S,No Coating,Silk,n/a,4/0,100,Score in Half,Slide Slits Right Panel,Yes 2500 Envelopes 6.5X6.5
Majestic,Silk,6 x 12,Horizontal,Rectangle,16PT C2S,No Coating,Silk,n/a,4/4,100,Score in Half,Slide Slits Right Panel,Yes 2500 Envelopes 6.5X6.5
Majestic,Silk,6 x 12,Vertical,Rectangle,16PT C2S,No Coating,Silk,n/a,4/1,100,Score in Half,Slide Slits Right Panel,Yes 2500 Envelopes 6.5X6.5
Majestic,Silk,6 x 12,Horizontal,Rectangle,16PT C2S,No Coating,Silk,n/a,4/0,250,Score in Half,Slide Slits Right Panel,Yes 2500 Envelopes 6.5X6.5
Majestic,Silk,6 x 12,Vertical,Rectangle,16PT C2S,No Coating,Silk,n/a,4/0,250,Score in Half,Slide Slits Right Panel,Yes 2500 Envelopes 6.5X6.5
Majestic,Silk,6 x 12,Vertical,Rectangle,16PT C2S,No Coating,Silk,n/a,4/1,250,Score in Half,Slide Slits Right Panel,Yes 2500 Envelopes 6.5X6.5
Majestic,Silk,6 x 12,Horizontal,Rectangle,16PT C2S,No Coating,Silk,n/a,4/4,250,Score in Half,Slide Slits Right Panel,Yes 2500 Envelopes 6.5X6.5
Majestic,Silk,6 x 12,Horizontal,Rectangle,16PT C2S,No Coating,Silk,n/a,4/1,250,Score in Half,Slide Slits Right Panel,Yes 2500 Envelopes 6.5X6.5
Majestic,Silk,6 x 12,Vertical,Rectangle,16PT C2S,No Coating,Silk,n/a,4/4,250,Score in Half,Slide Slits Right Panel,Yes 2500 Envelopes 6.5X6.5
Majestic,Silk,6 x 12,Horizontal,Rectangle,16PT C2S,No Coating,Silk,n/a,4/0,500,Score in Half,Slide Slits Right Panel,Yes 2500 Envelopes 6.5X6.5
Majestic,Silk,6 x 12,Vertical,Rectangle,16PT C2S,No Coating,Silk,n/a,4/0,500,Score in Half,Slide Slits Right Panel,Yes 2500 Envelopes 6.5X6.5
Majestic,Silk,6 x 12,Vertical,Rectangle,16PT C2S,No Coating,Silk,n/a,4/4,100,Score in Half,Slide Slits Right Panel,Yes 2500 Envelopes 6.5X6.5
Majestic,Silk,6 x 12,Horizontal,Rectangle,16PT C2S,No Coating,Silk,n/a,4/4,500,Score in Half,Slide Slits Right Panel,Yes 2500 Envelopes 6.5X6.5
Majestic,Silk,6 x 12,Horizontal,Rectangle,16PT C2S,No Coating,Silk,n/a,4/1,500,Score in Half,Slide Slits Right Panel,Yes 2500 Envelopes 6.5X6.5
Majestic,Silk,6 x 12,Vertical,Rectangle,16PT C2S,No Coating,Silk,n/a,4/1,500,Score in Half,Slide Slits Right Panel,Yes 2500 Envelopes 6.5X6.5
Majestic,Silk,6 x 12,Horizontal,Rectangle,16PT C2S,No Coating,Silk,n/a,4/0,1000,Score in Half,Slide Slits Right Panel,Yes 2500 Envelopes 6.5X6.5
Majestic,Silk,6 x 12,Vertical,Rectangle,16PT C2S,No Coating,Silk,n/a,4/0,1000,Score in Half,Slide Slits Right Panel,Yes 2500 Envelopes 6.5X6.5
Majestic,Silk,6 x 12,Horizontal,Rectangle,16PT C2S,No Coating,Silk,n/a,4/1,1000,Score in Half,Slide Slits Right Panel,Yes 2500 Envelopes 6.5X6.5
Majestic,Silk,6 x 12,Vertical,Rectangle,16PT C2S,No Coating,Silk,n/a,4/1,1000,Score in Half,Slide Slits Right Panel,Yes 2500 Envelopes 6.5X6.5
Majestic,Silk,6 x 12,Horizontal,Rectangle,16PT C2S,No Coating,Silk,n/a,4/0,2500,Score in Half,Slide Slits Right Panel,Yes 2500 Envelopes 6.5X6.5
Majestic,Silk,6 x 12,Vertical,Rectangle,16PT C2S,No Coating,Silk,n/a,4/4,500,Score in Half,Slide Slits Right Panel,Yes 2500 Envelopes 6.5X6.5
Majestic,Silk,6 x 12,Horizontal,Rectangle,16PT C2S,No Coating,Silk,n/a,4/4,1000,Score in Half,Slide Slits Right Panel,Yes 2500 Envelopes 6.5X6.5
Majestic,Silk,6 x 12,Vertical,Rectangle,16PT C2S,No Coating,Silk,n/a,4/4,1000,Score in Half,Slide Slits Right Panel,Yes 2500 Envelopes 6.5X6.5
Majestic,Silk,6 x 12,Vertical,Rectangle,16PT C2S,No Coating,Silk,n/a,4/0,2500,Score in Half,Slide Slits Right Panel,Yes 2500 Envelopes 6.5X6.5
Majestic,Silk,6 x 12,Horizontal,Rectangle,16PT C2S,No Coating,Silk,n/a,4/1,2500,Score in Half,Slide Slits Right Panel,Yes 2500 Envelopes 6.5X6.5
Majestic,Silk,6 x 12,Vertical,Rectangle,16PT C2S,No Coating,Silk,n/a,4/1,2500,Score in Half,Slide Slits Right Panel,Yes 2500 Envelopes 6.5X6.5
Majestic,Silk,6 x 12,Vertical,Rectangle,16PT C2S,No Coating,Silk,n/a,4/4,2500,Score in Half,Slide Slits Right Panel,Yes 2500 Envelopes 6.5X6.5
Majestic,Silk,6 x 12,Horizontal,Rectangle,16PT C2S,No Coating,Silk,n/a,4/4,2500,Score in Half,Slide Slits Right Panel,Yes 2500 Envelopes 6.5X6.5
Majestic,Silk,6 x 12,Horizontal,Rectangle,16PT C2S,No Coating,Silk,n/a,4/0,5000,Score in Half,Slide Slits Right Panel,Yes 2500 Envelopes 6.5X6.5
Majestic,Silk,6 x 12,Vertical,Rectangle,16PT C2S,No Coating,Silk,n/a,4/1,5000,Score in Half,Slide Slits Right Panel,Yes 2500 Envelopes 6.5X6.5
Majestic,Silk,6 x 12,Horizontal,Rectangle,16PT C2S,No Coating,Silk,n/a,4/4,5000,Score in Half,Slide Slits Right Panel,Yes 2500 Envelopes 6.5X6.5
Majestic,Silk,6 x 12,Vertical,Rectangle,16PT C2S,No Coating,Silk,n/a,4/0,5000,Score in Half,Slide Slits Right Panel,Yes 2500 Envelopes 6.5X6.5
Majestic,Silk,6 x 12,Vertical,Rectangle,16PT C2S,No Coating,Silk,n/a,4/4,5000,Score in Half,Slide Slits Right Panel,Yes 2500 Envelopes 6.5X6.5
Majestic,Silk,6 x 12,Horizontal,Rectangle,16PT C2S,No Coating,Silk,n/a,4/0,10000,Score in Half,Slide Slits Right Panel,Yes 2500 Envelopes 6.5X6.5
Majestic,Silk,6 x 12,Vertical,Rectangle,16PT C2S,No Coating,Silk,n/a,4/0,10000,Score in Half,Slide Slits Right Panel,Yes 2500 Envelopes 6.5X6.5
Majestic,Silk,6 x 12,Horizontal,Rectangle,16PT C2S,No Coating,Silk,n/a,4/1,10000,Score in Half,Slide Slits Right Panel,Yes 2500 Envelopes 6.5X6.5
Majestic,Silk,6 x 12,Vertical,Rectangle,16PT C2S,No Coating,Silk,n/a,4/1,10000,Score in Half,Slide Slits Right Panel,Yes 2500 Envelopes 6.5X6.5
Majestic,Silk,6 x 12,Horizontal,Rectangle,16PT C2S,No Coating,Silk,n/a,4/4,10000,Score in Half,Slide Slits Right Panel,Yes 2500 Envelopes 6.5X6.5
Majestic,Silk,6 x 12,Vertical,Rectangle,16PT C2S,No Coating,Silk,n/a,4/4,10000,Score in Half,Slide Slits Right Panel,Yes 2500 Envelopes 6.5X6.5
Majestic,Silk,6 x 12,Horizontal,Rectangle,16PT C2S,No Coating,Silk,n/a,4/0,25,Score in Half,Moon Slits Bottom Panel,Yes 5000 Envelopes 6.5X6.5
Majestic,Silk,6 x 12,Vertical,Rectangle,16PT C2S,No Coating,Silk,n/a,4/0,25,Score in Half,Moon Slits Bottom Panel,Yes 5000 Envelopes 6.5X6.5
Majestic,Silk,6 x 12,Horizontal,Rectangle,16PT C2S,No Coating,Silk,n/a,4/1,25,Score in Half,Moon Slits Bottom Panel,Yes 5000 Envelopes 6.5X6.5
Majestic,Silk,6 x 12,Vertical,Rectangle,16PT C2S,No Coating,Silk,n/a,4/1,25,Score in Half,Moon Slits Bottom Panel,Yes 5000 Envelopes 6.5X6.5
Majestic,Silk,6 x 12,Horizontal,Rectangle,16PT C2S,No Coating,Silk,n/a,4/4,25,Score in Half,Moon Slits Bottom Panel,Yes 5000 Envelopes 6.5X6.5
Majestic,Silk,6 x 12,Horizontal,Rectangle,16PT C2S,No Coating,Silk,n/a,4/1,5000,Score in Half,Slide Slits Right Panel,Yes 2500 Envelopes 6.5X6.5
Majestic,Silk,6 x 12,Vertical,Rectangle,16PT C2S,No Coating,Silk,n/a,4/4,25,Score in Half,Moon Slits Bottom Panel,Yes 5000 Envelopes 6.5X6.5
Majestic,Silk,6 x 12,Horizontal,Rectangle,16PT C2S,No Coating,Silk,n/a,4/0,50,Score in Half,Moon Slits Bottom Panel,Yes 5000 Envelopes 6.5X6.5
Majestic,Silk,6 x 12,Vertical,Rectangle,16PT C2S,No Coating,Silk,n/a,4/0,50,Score in Half,Moon Slits Bottom Panel,Yes 5000 Envelopes 6.5X6.5
Majestic,Silk,6 x 12,Vertical,Rectangle,16PT C2S,No Coating,Silk,n/a,4/1,50,Score in Half,Moon Slits Bottom Panel,Yes 5000 Envelopes 6.5X6.5
Majestic,Silk,6 x 12,Horizontal,Rectangle,16PT C2S,No Coating,Silk,n/a,4/4,50,Score in Half,Moon Slits Bottom Panel,Yes 5000 Envelopes 6.5X6.5
Majestic,Silk,6 x 12,Vertical,Rectangle,16PT C2S,No Coating,Silk,n/a,4/4,50,Score in Half,Moon Slits Bottom Panel,Yes 5000 Envelopes 6.5X6.5
Majestic,Silk,6 x 12,Horizontal,Rectangle,16PT C2S,No Coating,Silk,n/a,4/0,75,Score in Half,Moon Slits Bottom Panel,Yes 5000 Envelopes 6.5X6.5
Majestic,Silk,6 x 12,Horizontal,Rectangle,16PT C2S,No Coating,Silk,n/a,4/1,50,Score in Half,Moon Slits Bottom Panel,Yes 5000 Envelopes 6.5X6.5
Majestic,Silk,6 x 12,Vertical,Rectangle,16PT C2S,No Coating,Silk,n/a,4/0,75,Score in Half,Moon Slits Bottom Panel,Yes 5000 Envelopes 6.5X6.5
Majestic,Silk,6 x 12,Horizontal,Rectangle,16PT C2S,No Coating,Silk,n/a,4/1,75,Score in Half,Moon Slits Bottom Panel,Yes 5000 Envelopes 6.5X6.5
Majestic,Silk,6 x 12,Vertical,Rectangle,16PT C2S,No Coating,Silk,n/a,4/1,75,Score in Half,Moon Slits Bottom Panel,Yes 5000 Envelopes 6.5X6.5
Majestic,Silk,6 x 12,Vertical,Rectangle,16PT C2S,No Coating,Silk,n/a,4/4,75,Score in Half,Moon Slits Bottom Panel,Yes 5000 Envelopes 6.5X6.5
Majestic,Silk,6 x 12,Horizontal,Rectangle,16PT C2S,No Coating,Silk,n/a,4/4,75,Score in Half,Moon Slits Bottom Panel,Yes 5000 Envelopes 6.5X6.5
Majestic,Silk,6 x 12,Horizontal,Rectangle,16PT C2S,No Coating,Silk,n/a,4/0,100,Score in Half,Moon Slits Bottom Panel,Yes 5000 Envelopes 6.5X6.5
Majestic,Silk,6 x 12,Vertical,Rectangle,16PT C2S,No Coating,Silk,n/a,4/0,100,Score in Half,Moon Slits Bottom Panel,Yes 5000 Envelopes 6.5X6.5
Majestic,Silk,6 x 12,Horizontal,Rectangle,16PT C2S,No Coating,Silk,n/a,4/1,100,Score in Half,Moon Slits Bottom Panel,Yes 5000 Envelopes 6.5X6.5
Majestic,Silk,6 x 12,Vertical,Rectangle,16PT C2S,No Coating,Silk,n/a,4/1,100,Score in Half,Moon Slits Bottom Panel,Yes 5000 Envelopes 6.5X6.5
Majestic,Silk,6 x 12,Horizontal,Rectangle,16PT C2S,No Coating,Silk,n/a,4/4,100,Score in Half,Moon Slits Bottom Panel,Yes 5000 Envelopes 6.5X6.5
Majestic,Silk,6 x 12,Vertical,Rectangle,16PT C2S,No Coating,Silk,n/a,4/4,100,Score in Half,Moon Slits Bottom Panel,Yes 5000 Envelopes 6.5X6.5
Majestic,Silk,6 x 12,Horizontal,Rectangle,16PT C2S,No Coating,Silk,n/a,4/0,250,Score in Half,Moon Slits Bottom Panel,Yes 5000 Envelopes 6.5X6.5
Majestic,Silk,6 x 12,Vertical,Rectangle,16PT C2S,No Coating,Silk,n/a,4/0,250,Score in Half,Moon Slits Bottom Panel,Yes 5000 Envelopes 6.5X6.5
Majestic,Silk,6 x 12,Horizontal,Rectangle,16PT C2S,No Coating,Silk,n/a,4/4,75,Score in Half,Slide Slits Right Panel,Yes 2500 Envelopes 6.5X6.5
Majestic,Silk,6 x 12,Vertical,Rectangle,16PT C2S,No Coating,Silk,n/a,4/1,250,Score in Half,Moon Slits Bottom Panel,Yes 5000 Envelopes 6.5X6.5
Majestic,Silk,6 x 12,Horizontal,Rectangle,16PT C2S,No Coating,Silk,n/a,4/4,250,Score in Half,Moon Slits Bottom Panel,Yes 5000 Envelopes 6.5X6.5
Majestic,Silk,6 x 12,Vertical,Rectangle,16PT C2S,No Coating,Silk,n/a,4/4,250,Score in Half,Moon Slits Bottom Panel,Yes 5000 Envelopes 6.5X6.5
Majestic,Silk,6 x 12,Horizontal,Rectangle,16PT C2S,No Coating,Silk,n/a,4/0,500,Score in Half,Moon Slits Bottom Panel,Yes 5000 Envelopes 6.5X6.5
Majestic,Silk,6 x 12,Vertical,Rectangle,16PT C2S,No Coating,Silk,n/a,4/0,500,Score in Half,Moon Slits Bottom Panel,Yes 5000 Envelopes 6.5X6.5
Majestic,Silk,6 x 12,Horizontal,Rectangle,16PT C2S,No Coating,Silk,n/a,4/1,500,Score in Half,Moon Slits Bottom Panel,Yes 5000 Envelopes 6.5X6.5
Majestic,Silk,6 x 12,Vertical,Rectangle,16PT C2S,No Coating,Silk,n/a,4/1,500,Score in Half,Moon Slits Bottom Panel,Yes 5000 Envelopes 6.5X6.5
Majestic,Silk,6 x 12,Horizontal,Rectangle,16PT C2S,No Coating,Silk,n/a,4/4,500,Score in Half,Moon Slits Bottom Panel,Yes 5000 Envelopes 6.5X6.5
Majestic,Silk,6 x 12,Vertical,Rectangle,16PT C2S,No Coating,Silk,n/a,4/4,500,Score in Half,Moon Slits Bottom Panel,Yes 5000 Envelopes 6.5X6.5
Majestic,Silk,6 x 12,Horizontal,Rectangle,16PT C2S,No Coating,Silk,n/a,4/0,1000,Score in Half,Moon Slits Bottom Panel,Yes 5000 Envelopes 6.5X6.5
Majestic,Silk,6 x 12,Vertical,Rectangle,16PT C2S,No Coating,Silk,n/a,4/0,1000,Score in Half,Moon Slits Bottom Panel,Yes 5000 Envelopes 6.5X6.5
Majestic,Silk,6 x 12,Horizontal,Rectangle,16PT C2S,No Coating,Silk,n/a,4/1,1000,Score in Half,Moon Slits Bottom Panel,Yes 5000 Envelopes 6.5X6.5
Majestic,Silk,6 x 12,Vertical,Rectangle,16PT C2S,No Coating,Silk,n/a,4/1,1000,Score in Half,Moon Slits Bottom Panel,Yes 5000 Envelopes 6.5X6.5
Majestic,Silk,6 x 12,Horizontal,Rectangle,16PT C2S,No Coating,Silk,n/a,4/4,1000,Score in Half,Moon Slits Bottom Panel,Yes 5000 Envelopes 6.5X6.5
Majestic,Silk,6 x 12,Vertical,Rectangle,16PT C2S,No Coating,Silk,n/a,4/4,1000,Score in Half,Moon Slits Bottom Panel,Yes 5000 Envelopes 6.5X6.5
Majestic,Silk,6 x 12,Horizontal,Rectangle,16PT C2S,No Coating,Silk,n/a,4/0,2500,Score in Half,Moon Slits Bottom Panel,Yes 5000 Envelopes 6.5X6.5
Majestic,Silk,6 x 12,Vertical,Rectangle,16PT C2S,No Coating,Silk,n/a,4/0,2500,Score in Half,Moon Slits Bottom Panel,Yes 5000 Envelopes 6.5X6.5
Majestic,Silk,6 x 12,Horizontal,Rectangle,16PT C2S,No Coating,Silk,n/a,4/1,2500,Score in Half,Moon Slits Bottom Panel,Yes 5000 Envelopes 6.5X6.5
Majestic,Silk,6 x 12,Vertical,Rectangle,16PT C2S,No Coating,Silk,n/a,4/1,2500,Score in Half,Moon Slits Bottom Panel,Yes 5000 Envelopes 6.5X6.5
Majestic,Silk,6 x 12,Horizontal,Rectangle,16PT C2S,No Coating,Silk,n/a,4/4,2500,Score in Half,Moon Slits Bottom Panel,Yes 5000 Envelopes 6.5X6.5
Majestic,Silk,6 x 12,Vertical,Rectangle,16PT C2S,No Coating,Silk,n/a,4/4,2500,Score in Half,Moon Slits Bottom Panel,Yes 5000 Envelopes 6.5X6.5
Majestic,Silk,6 x 12,Horizontal,Rectangle,16PT C2S,No Coating,Silk,n/a,4/0,5000,Score in Half,Moon Slits Bottom Panel,Yes 5000 Envelopes 6.5X6.5
Majestic,Silk,6 x 12,Vertical,Rectangle,16PT C2S,No Coating,Silk,n/a,4/0,5000,Score in Half,Moon Slits Bottom Panel,Yes 5000 Envelopes 6.5X6.5
Majestic,Silk,6 x 12,Horizontal,Rectangle,16PT C2S,No Coating,Silk,n/a,4/1,5000,Score in Half,Moon Slits Bottom Panel,Yes 5000 Envelopes 6.5X6.5
Majestic,Silk,6 x 12,Vertical,Rectangle,16PT C2S,No Coating,Silk,n/a,4/1,5000,Score in Half,Moon Slits Bottom Panel,Yes 5000 Envelopes 6.5X6.5
Majestic,Silk,6 x 12,Horizontal,Rectangle,16PT C2S,No Coating,Silk,n/a,4/4,5000,Score in Half,Moon Slits Bottom Panel,Yes 5000 Envelopes 6.5X6.5
Majestic,Silk,6 x 12,Vertical,Rectangle,16PT C2S,No Coating,Silk,n/a,4/4,5000,Score in Half,Moon Slits Bottom Panel,Yes 5000 Envelopes 6.5X6.5
Majestic,Silk,6 x 12,Horizontal,Rectangle,16PT C2S,No Coating,Silk,n/a,4/0,10000,Score in Half,Moon Slits Bottom Panel,Yes 5000 Envelopes 6.5X6.5
Majestic,Silk,6 x 12,Vertical,Rectangle,16PT C2S,No Coating,Silk,n/a,4/0,10000,Score in Half,Moon Slits Bottom Panel,Yes 5000 Envelopes 6.5X6.5
Majestic,Silk,6 x 12,Horizontal,Rectangle,16PT C2S,No Coating,Silk,n/a,4/1,10000,Score in Half,Moon Slits Bottom Panel,Yes 5000 Envelopes 6.5X6.5
Majestic,Silk,6 x 12,Vertical,Rectangle,16PT C2S,No Coating,Silk,n/a,4/1,10000,Score in Half,Moon Slits Bottom Panel,Yes 5000 Envelopes 6.5X6.5
Majestic,Silk,6 x 12,Horizontal,Rectangle,16PT C2S,No Coating,Silk,n/a,4/4,10000,Score in Half,Moon Slits Bottom Panel,Yes 5000 Envelopes 6.5X6.5
Majestic,Silk,6 x 12,Vertical,Rectangle,16PT C2S,No Coating,Silk,n/a,4/4,10000,Score in Half,Moon Slits Bottom Panel,Yes 5000 Envelopes 6.5X6.5
Majestic,Silk,6 x 12,Horizontal,Rectangle,16PT C2S,No Coating,Silk,n/a,4/0,25,Score in Half,Moon Slits Right Panel,Yes 5000 Envelopes 6.5X6.5
Majestic,Silk,6 x 12,Vertical,Rectangle,16PT C2S,No Coating,Silk,n/a,4/0,25,Score in Half,Moon Slits Right Panel,Yes 5000 Envelopes 6.5X6.5
Majestic,Silk,6 x 12,Horizontal,Rectangle,16PT C2S,No Coating,Silk,n/a,4/1,25,Score in Half,Moon Slits Right Panel,Yes 5000 Envelopes 6.5X6.5
Majestic,Silk,6 x 12,Horizontal,Rectangle,16PT C2S,No Coating,Silk,n/a,4/4,25,Score in Half,Moon Slits Right Panel,Yes 5000 Envelopes 6.5X6.5
Majestic,Silk,6 x 12,Vertical,Rectangle,16PT C2S,No Coating,Silk,n/a,4/1,25,Score in Half,Moon Slits Right Panel,Yes 5000 Envelopes 6.5X6.5
Majestic,Silk,6 x 12,Vertical,Rectangle,16PT C2S,No Coating,Silk,n/a,4/4,25,Score in Half,Moon Slits Right Panel,Yes 5000 Envelopes 6.5X6.5
Majestic,Silk,6 x 12,Horizontal,Rectangle,16PT C2S,No Coating,Silk,n/a,4/0,50,Score in Half,Moon Slits Right Panel,Yes 5000 Envelopes 6.5X6.5
Majestic,Silk,6 x 12,Vertical,Rectangle,16PT C2S,No Coating,Silk,n/a,4/0,50,Score in Half,Moon Slits Right Panel,Yes 5000 Envelopes 6.5X6.5
Majestic,Silk,6 x 12,Horizontal,Rectangle,16PT C2S,No Coating,Silk,n/a,4/1,50,Score in Half,Moon Slits Right Panel,Yes 5000 Envelopes 6.5X6.5
Majestic,Silk,6 x 12,Vertical,Rectangle,16PT C2S,No Coating,Silk,n/a,4/1,50,Score in Half,Moon Slits Right Panel,Yes 5000 Envelopes 6.5X6.5
Majestic,Silk,6 x 12,Horizontal,Rectangle,16PT C2S,No Coating,Silk,n/a,4/4,50,Score in Half,Moon Slits Right Panel,Yes 5000 Envelopes 6.5X6.5
Majestic,Silk,6 x 12,Vertical,Rectangle,16PT C2S,No Coating,Silk,n/a,4/4,50,Score in Half,Moon Slits Right Panel,Yes 5000 Envelopes 6.5X6.5
Majestic,Silk,6 x 12,Horizontal,Rectangle,16PT C2S,No Coating,Silk,n/a,4/0,75,Score in Half,Moon Slits Right Panel,Yes 5000 Envelopes 6.5X6.5
Majestic,Silk,6 x 12,Vertical,Rectangle,16PT C2S,No Coating,Silk,n/a,4/0,75,Score in Half,Moon Slits Right Panel,Yes 5000 Envelopes 6.5X6.5
Majestic,Silk,6 x 12,Horizontal,Rectangle,16PT C2S,No Coating,Silk,n/a,4/1,75,Score in Half,Moon Slits Right Panel,Yes 5000 Envelopes 6.5X6.5
Majestic,Silk,6 x 12,Vertical,Rectangle,16PT C2S,No Coating,Silk,n/a,4/1,75,Score in Half,Moon Slits Right Panel,Yes 5000 Envelopes 6.5X6.5
Majestic,Silk,6 x 12,Horizontal,Rectangle,16PT C2S,No Coating,Silk,n/a,4/4,75,Score in Half,Moon Slits Right Panel,Yes 5000 Envelopes 6.5X6.5
Majestic,Silk,6 x 12,Vertical,Rectangle,16PT C2S,No Coating,Silk,n/a,4/4,75,Score in Half,Moon Slits Right Panel,Yes 5000 Envelopes 6.5X6.5
Majestic,Silk,6 x 12,Vertical,Rectangle,16PT C2S,No Coating,Silk,n/a,4/0,100,Score in Half,Moon Slits Right Panel,Yes 5000 Envelopes 6.5X6.5
Majestic,Silk,6 x 12,Horizontal,Rectangle,16PT C2S,No Coating,Silk,n/a,4/0,100,Score in Half,Moon Slits Right Panel,Yes 5000 Envelopes 6.5X6.5
Majestic,Silk,6 x 12,Horizontal,Rectangle,16PT C2S,No Coating,Silk,n/a,4/1,100,Score in Half,Moon Slits Right Panel,Yes 5000 Envelopes 6.5X6.5
Majestic,Silk,6 x 12,Horizontal,Rectangle,16PT C2S,No Coating,Silk,n/a,4/4,100,Score in Half,Moon Slits Right Panel,Yes 5000 Envelopes 6.5X6.5
Majestic,Silk,6 x 12,Vertical,Rectangle,16PT C2S,No Coating,Silk,n/a,4/1,100,Score in Half,Moon Slits Right Panel,Yes 5000 Envelopes 6.5X6.5
Majestic,Silk,6 x 12,Vertical,Rectangle,16PT C2S,No Coating,Silk,n/a,4/4,100,Score in Half,Moon Slits Right Panel,Yes 5000 Envelopes 6.5X6.5
Majestic,Silk,6 x 12,Horizontal,Rectangle,16PT C2S,No Coating,Silk,n/a,4/0,250,Score in Half,Moon Slits Right Panel,Yes 5000 Envelopes 6.5X6.5
Majestic,Silk,6 x 12,Vertical,Rectangle,16PT C2S,No Coating,Silk,n/a,4/0,250,Score in Half,Moon Slits Right Panel,Yes 5000 Envelopes 6.5X6.5
Majestic,Silk,6 x 12,Vertical,Rectangle,16PT C2S,No Coating,Silk,n/a,4/1,250,Score in Half,Moon Slits Right Panel,Yes 5000 Envelopes 6.5X6.5
Majestic,Silk,6 x 12,Horizontal,Rectangle,16PT C2S,No Coating,Silk,n/a,4/1,250,Score in Half,Moon Slits Right Panel,Yes 5000 Envelopes 6.5X6.5
Majestic,Silk,6 x 12,Horizontal,Rectangle,16PT C2S,No Coating,Silk,n/a,4/4,250,Score in Half,Moon Slits Right Panel,Yes 5000 Envelopes 6.5X6.5
Majestic,Silk,6 x 12,Vertical,Rectangle,16PT C2S,No Coating,Silk,n/a,4/4,250,Score in Half,Moon Slits Right Panel,Yes 5000 Envelopes 6.5X6.5
Majestic,Silk,6 x 12,Horizontal,Rectangle,16PT C2S,No Coating,Silk,n/a,4/1,500,Score in Half,Moon Slits Right Panel,Yes 5000 Envelopes 6.5X6.5
Majestic,Silk,6 x 12,Horizontal,Rectangle,16PT C2S,No Coating,Silk,n/a,4/0,500,Score in Half,Moon Slits Right Panel,Yes 5000 Envelopes 6.5X6.5
Majestic,Silk,6 x 12,Vertical,Rectangle,16PT C2S,No Coating,Silk,n/a,4/1,500,Score in Half,Moon Slits Right Panel,Yes 5000 Envelopes 6.5X6.5
Majestic,Silk,6 x 12,Vertical,Rectangle,16PT C2S,No Coating,Silk,n/a,4/0,500,Score in Half,Moon Slits Right Panel,Yes 5000 Envelopes 6.5X6.5
Majestic,Silk,6 x 12,Horizontal,Rectangle,16PT C2S,No Coating,Silk,n/a,4/4,500,Score in Half,Moon Slits Right Panel,Yes 5000 Envelopes 6.5X6.5
Majestic,Silk,6 x 12,Horizontal,Rectangle,16PT C2S,No Coating,Silk,n/a,4/0,1000,Score in Half,Moon Slits Right Panel,Yes 5000 Envelopes 6.5X6.5
Majestic,Silk,6 x 12,Vertical,Rectangle,16PT C2S,No Coating,Silk,n/a,4/4,500,Score in Half,Moon Slits Right Panel,Yes 5000 Envelopes 6.5X6.5
Majestic,Silk,6 x 12,Horizontal,Rectangle,16PT C2S,No Coating,Silk,n/a,4/1,1000,Score in Half,Moon Slits Right Panel,Yes 5000 Envelopes 6.5X6.5
Majestic,Silk,6 x 12,Vertical,Rectangle,16PT C2S,No Coating,Silk,n/a,4/0,1000,Score in Half,Moon Slits Right Panel,Yes 5000 Envelopes 6.5X6.5
Majestic,Silk,6 x 12,Vertical,Rectangle,16PT C2S,No Coating,Silk,n/a,4/1,1000,Score in Half,Moon Slits Right Panel,Yes 5000 Envelopes 6.5X6.5
Majestic,Silk,6 x 12,Horizontal,Rectangle,16PT C2S,No Coating,Silk,n/a,4/4,1000,Score in Half,Moon Slits Right Panel,Yes 5000 Envelopes 6.5X6.5
Majestic,Silk,6 x 12,Vertical,Rectangle,16PT C2S,No Coating,Silk,n/a,4/4,1000,Score in Half,Moon Slits Right Panel,Yes 5000 Envelopes 6.5X6.5
Majestic,Silk,6 x 12,Horizontal,Rectangle,16PT C2S,No Coating,Silk,n/a,4/1,2500,Score in Half,Moon Slits Right Panel,Yes 5000 Envelopes 6.5X6.5
Majestic,Silk,6 x 12,Vertical,Rectangle,16PT C2S,No Coating,Silk,n/a,4/1,2500,Score in Half,Moon Slits Right Panel,Yes 5000 Envelopes 6.5X6.5
Majestic,Silk,6 x 12,Vertical,Rectangle,16PT C2S,No Coating,Silk,n/a,4/0,2500,Score in Half,Moon Slits Right Panel,Yes 5000 Envelopes 6.5X6.5
Majestic,Silk,6 x 12,Horizontal,Rectangle,16PT C2S,No Coating,Silk,n/a,4/4,2500,Score in Half,Moon Slits Right Panel,Yes 5000 Envelopes 6.5X6.5
Majestic,Silk,6 x 12,Horizontal,Rectangle,16PT C2S,No Coating,Silk,n/a,4/0,5000,Score in Half,Moon Slits Right Panel,Yes 5000 Envelopes 6.5X6.5
Majestic,Silk,6 x 12,Horizontal,Rectangle,16PT C2S,No Coating,Silk,n/a,4/0,2500,Score in Half,Moon Slits Right Panel,Yes 5000 Envelopes 6.5X6.5
Majestic,Silk,6 x 12,Vertical,Rectangle,16PT C2S,No Coating,Silk,n/a,4/4,2500,Score in Half,Moon Slits Right Panel,Yes 5000 Envelopes 6.5X6.5
Majestic,Silk,6 x 12,Horizontal,Rectangle,16PT C2S,No Coating,Silk,n/a,4/1,5000,Score in Half,Moon Slits Right Panel,Yes 5000 Envelopes 6.5X6.5
Majestic,Silk,6 x 12,Vertical,Rectangle,16PT C2S,No Coating,Silk,n/a,4/0,5000,Score in Half,Moon Slits Right Panel,Yes 5000 Envelopes 6.5X6.5
Majestic,Silk,6 x 12,Horizontal,Rectangle,16PT C2S,No Coating,Silk,n/a,4/4,5000,Score in Half,Moon Slits Right Panel,Yes 5000 Envelopes 6.5X6.5
Majestic,Silk,6 x 12,Vertical,Rectangle,16PT C2S,No Coating,Silk,n/a,4/4,5000,Score in Half,Moon Slits Right Panel,Yes 5000 Envelopes 6.5X6.5
Majestic,Silk,6 x 12,Vertical,Rectangle,16PT C2S,No Coating,Silk,n/a,4/1,5000,Score in Half,Moon Slits Right Panel,Yes 5000 Envelopes 6.5X6.5
Majestic,Silk,6 x 12,Vertical,Rectangle,16PT C2S,No Coating,Silk,n/a,4/0,10000,Score in Half,Moon Slits Right Panel,Yes 5000 Envelopes 6.5X6.5
Majestic,Silk,6 x 12,Horizontal,Rectangle,16PT C2S,No Coating,Silk,n/a,4/0,10000,Score in Half,Moon Slits Right Panel,Yes 5000 Envelopes 6.5X6.5
Majestic,Silk,6 x 12,Horizontal,Rectangle,16PT C2S,No Coating,Silk,n/a,4/1,10000,Score in Half,Moon Slits Right Panel,Yes 5000 Envelopes 6.5X6.5
Majestic,Silk,6 x 12,Horizontal,Rectangle,16PT C2S,No Coating,Silk,n/a,4/4,10000,Score in Half,Moon Slits Right Panel,Yes 5000 Envelopes 6.5X6.5
Majestic,Silk,6 x 12,Vertical,Rectangle,16PT C2S,No Coating,Silk,n/a,4/1,10000,Score in Half,Moon Slits Right Panel,Yes 5000 Envelopes 6.5X6.5
Majestic,Silk,6 x 12,Horizontal,Rectangle,16PT C2S,No Coating,Silk,n/a,4/0,25,Score in Half,No Gift Cards Slits,Yes 5000 Envelopes 6.5X6.5
Majestic,Silk,6 x 12,Vertical,Rectangle,16PT C2S,No Coating,Silk,n/a,4/0,25,Score in Half,No Gift Cards Slits,Yes 5000 Envelopes 6.5X6.5
Majestic,Silk,6 x 12,Vertical,Rectangle,16PT C2S,No Coating,Silk,n/a,4/4,10000,Score in Half,Moon Slits Right Panel,Yes 5000 Envelopes 6.5X6.5
Majestic,Silk,6 x 12,Vertical,Rectangle,16PT C2S,No Coating,Silk,n/a,4/1,25,Score in Half,No Gift Cards Slits,Yes 5000 Envelopes 6.5X6.5
Majestic,Silk,6 x 12,Horizontal,Rectangle,16PT C2S,No Coating,Silk,n/a,4/1,25,Score in Half,No Gift Cards Slits,Yes 5000 Envelopes 6.5X6.5
Majestic,Silk,6 x 12,Horizontal,Rectangle,16PT C2S,No Coating,Silk,n/a,4/4,25,Score in Half,No Gift Cards Slits,Yes 5000 Envelopes 6.5X6.5
Majestic,Silk,6 x 12,Horizontal,Rectangle,16PT C2S,No Coating,Silk,n/a,4/0,50,Score in Half,No Gift Cards Slits,Yes 5000 Envelopes 6.5X6.5
Majestic,Silk,6 x 12,Vertical,Rectangle,16PT C2S,No Coating,Silk,n/a,4/4,25,Score in Half,No Gift Cards Slits,Yes 5000 Envelopes 6.5X6.5
Majestic,Silk,6 x 12,Horizontal,Rectangle,16PT C2S,No Coating,Silk,n/a,4/1,50,Score in Half,No Gift Cards Slits,Yes 5000 Envelopes 6.5X6.5
Majestic,Silk,6 x 12,Vertical,Rectangle,16PT C2S,No Coating,Silk,n/a,4/0,50,Score in Half,No Gift Cards Slits,Yes 5000 Envelopes 6.5X6.5
Majestic,Silk,6 x 12,Vertical,Rectangle,16PT C2S,No Coating,Silk,n/a,4/1,50,Score in Half,No Gift Cards Slits,Yes 5000 Envelopes 6.5X6.5
Majestic,Silk,6 x 12,Vertical,Rectangle,16PT C2S,No Coating,Silk,n/a,4/4,50,Score in Half,No Gift Cards Slits,Yes 5000 Envelopes 6.5X6.5
Majestic,Silk,6 x 12,Horizontal,Rectangle,16PT C2S,No Coating,Silk,n/a,4/4,50,Score in Half,No Gift Cards Slits,Yes 5000 Envelopes 6.5X6.5
Majestic,Silk,6 x 12,Vertical,Rectangle,16PT C2S,No Coating,Silk,n/a,4/0,75,Score in Half,No Gift Cards Slits,Yes 5000 Envelopes 6.5X6.5
Majestic,Silk,6 x 12,Horizontal,Rectangle,16PT C2S,No Coating,Silk,n/a,4/1,75,Score in Half,No Gift Cards Slits,Yes 5000 Envelopes 6.5X6.5
Majestic,Silk,6 x 12,Horizontal,Rectangle,16PT C2S,No Coating,Silk,n/a,4/0,75,Score in Half,No Gift Cards Slits,Yes 5000 Envelopes 6.5X6.5
Majestic,Silk,6 x 12,Horizontal,Rectangle,16PT C2S,No Coating,Silk,n/a,4/0,75,Score in Half,Moon Slits Right Panel,Yes 2500 Envelopes 6.5X6.5
Majestic,Silk,6 x 12,Vertical,Rectangle,16PT C2S,No Coating,Silk,n/a,4/4,75,Score in Half,No Gift Cards Slits,Yes 5000 Envelopes 6.5X6.5
Majestic,Silk,6 x 12,Horizontal,Rectangle,16PT C2S,No Coating,Silk,n/a,4/0,100,Score in Half,No Gift Cards Slits,Yes 5000 Envelopes 6.5X6.5
Majestic,Silk,6 x 12,Horizontal,Rectangle,16PT C2S,No Coating,Silk,n/a,4/4,75,Score in Half,No Gift Cards Slits,Yes 5000 Envelopes 6.5X6.5
Majestic,Silk,6 x 12,Horizontal,Rectangle,16PT C2S,No Coating,Silk,n/a,4/1,100,Score in Half,No Gift Cards Slits,Yes 5000 Envelopes 6.5X6.5
Majestic,Silk,6 x 12,Vertical,Rectangle,16PT C2S,No Coating,Silk,n/a,4/1,100,Score in Half,No Gift Cards Slits,Yes 5000 Envelopes 6.5X6.5
Majestic,Silk,6 x 12,Horizontal,Rectangle,16PT C2S,No Coating,Silk,n/a,4/4,100,Score in Half,No Gift Cards Slits,Yes 5000 Envelopes 6.5X6.5
Majestic,Silk,6 x 12,Vertical,Rectangle,16PT C2S,No Coating,Silk,n/a,4/0,50,Score in Half,No Gift Cards Slits,Yes 2500 Envelopes 6.5X6.5
Majestic,Silk,6 x 12,Horizontal,Rectangle,16PT C2S,No Coating,Silk,n/a,4/0,250,Score in Half,No Gift Cards Slits,Yes 5000 Envelopes 6.5X6.5
Majestic,Silk,6 x 12,Vertical,Rectangle,16PT C2S,No Coating,Silk,n/a,4/0,250,Score in Half,No Gift Cards Slits,Yes 5000 Envelopes 6.5X6.5
Majestic,Silk,6 x 12,Horizontal,Rectangle,16PT C2S,No Coating,Silk,n/a,4/1,250,Score in Half,No Gift Cards Slits,Yes 5000 Envelopes 6.5X6.5
Majestic,Silk,6 x 12,Vertical,Rectangle,16PT C2S,No Coating,Silk,n/a,4/0,100,Score in Half,No Gift Cards Slits,Yes 5000 Envelopes 6.5X6.5
Majestic,Silk,6 x 12,Vertical,Rectangle,16PT C2S,No Coating,Silk,n/a,4/1,250,Score in Half,No Gift Cards Slits,Yes 5000 Envelopes 6.5X6.5
Majestic,Silk,6 x 12,Vertical,Rectangle,16PT C2S,No Coating,Silk,n/a,4/0,500,Score in Half,No Gift Cards Slits,Yes 5000 Envelopes 6.5X6.5
Majestic,Silk,6 x 12,Horizontal,Rectangle,16PT C2S,No Coating,Silk,n/a,4/0,500,Score in Half,No Gift Cards Slits,Yes 5000 Envelopes 6.5X6.5
Majestic,Silk,6 x 12,Vertical,Rectangle,16PT C2S,No Coating,Silk,n/a,4/4,250,Score in Half,No Gift Cards Slits,Yes 5000 Envelopes 6.5X6.5
Majestic,Silk,6 x 12,Horizontal,Rectangle,16PT C2S,No Coating,Silk,n/a,4/1,500,Score in Half,No Gift Cards Slits,Yes 5000 Envelopes 6.5X6.5
Majestic,Silk,6 x 12,Vertical,Rectangle,16PT C2S,No Coating,Silk,n/a,4/4,500,Score in Half,No Gift Cards Slits,Yes 5000 Envelopes 6.5X6.5
Majestic,Silk,6 x 12,Horizontal,Rectangle,16PT C2S,No Coating,Silk,n/a,4/4,500,Score in Half,No Gift Cards Slits,Yes 5000 Envelopes 6.5X6.5
Majestic,Silk,6 x 12,Vertical,Rectangle,16PT C2S,No Coating,Silk,n/a,4/1,500,Score in Half,No Gift Cards Slits,Yes 5000 Envelopes 6.5X6.5
Majestic,Silk,6 x 12,Horizontal,Rectangle,16PT C2S,No Coating,Silk,n/a,4/0,1000,Score in Half,No Gift Cards Slits,Yes 5000 Envelopes 6.5X6.5
Majestic,Silk,6 x 12,Horizontal,Rectangle,16PT C2S,No Coating,Silk,n/a,4/4,250,Score in Half,No Gift Cards Slits,Yes 5000 Envelopes 6.5X6.5
Majestic,Silk,6 x 12,Vertical,Rectangle,16PT C2S,No Coating,Silk,n/a,4/1,1000,Score in Half,No Gift Cards Slits,Yes 5000 Envelopes 6.5X6.5
Majestic,Silk,6 x 12,Vertical,Rectangle,16PT C2S,No Coating,Silk,n/a,4/0,1000,Score in Half,No Gift Cards Slits,Yes 5000 Envelopes 6.5X6.5
Majestic,Silk,6 x 12,Vertical,Rectangle,16PT C2S,No Coating,Silk,n/a,4/4,1000,Score in Half,No Gift Cards Slits,Yes 5000 Envelopes 6.5X6.5
Majestic,Silk,6 x 12,Horizontal,Rectangle,16PT C2S,No Coating,Silk,n/a,4/1,1000,Score in Half,No Gift Cards Slits,Yes 5000 Envelopes 6.5X6.5
Majestic,Silk,6 x 12,Horizontal,Rectangle,16PT C2S,No Coating,Silk,n/a,4/0,2500,Score in Half,No Gift Cards Slits,Yes 5000 Envelopes 6.5X6.5
Majestic,Silk,6 x 12,Vertical,Rectangle,16PT C2S,No Coating,Silk,n/a,4/0,2500,Score in Half,No Gift Cards Slits,Yes 5000 Envelopes 6.5X6.5
Majestic,Silk,6 x 12,Horizontal,Rectangle,16PT C2S,No Coating,Silk,n/a,4/4,1000,Score in Half,No Gift Cards Slits,Yes 5000 Envelopes 6.5X6.5
Majestic,Silk,6 x 12,Vertical,Rectangle,16PT C2S,No Coating,Silk,n/a,4/1,2500,Score in Half,No Gift Cards Slits,Yes 5000 Envelopes 6.5X6.5
Majestic,Silk,6 x 12,Horizontal,Rectangle,16PT C2S,No Coating,Silk,n/a,4/4,2500,Score in Half,No Gift Cards Slits,Yes 5000 Envelopes 6.5X6.5
Majestic,Silk,6 x 12,Horizontal,Rectangle,16PT C2S,No Coating,Silk,n/a,4/0,5000,Score in Half,No Gift Cards Slits,Yes 5000 Envelopes 6.5X6.5
Majestic,Silk,6 x 12,Horizontal,Rectangle,16PT C2S,No Coating,Silk,n/a,4/1,2500,Score in Half,No Gift Cards Slits,Yes 5000 Envelopes 6.5X6.5
Majestic,Silk,6 x 12,Vertical,Rectangle,16PT C2S,No Coating,Silk,n/a,4/4,2500,Score in Half,No Gift Cards Slits,Yes 5000 Envelopes 6.5X6.5
Majestic,Silk,6 x 12,Horizontal,Rectangle,16PT C2S,No Coating,Silk,n/a,4/1,5000,Score in Half,No Gift Cards Slits,Yes 5000 Envelopes 6.5X6.5
Majestic,Silk,6 x 12,Vertical,Rectangle,16PT C2S,No Coating,Silk,n/a,4/1,5000,Score in Half,No Gift Cards Slits,Yes 5000 Envelopes 6.5X6.5
Majestic,Silk,6 x 12,Vertical,Rectangle,16PT C2S,No Coating,Silk,n/a,4/0,5000,Score in Half,No Gift Cards Slits,Yes 5000 Envelopes 6.5X6.5
Majestic,Silk,6 x 12,Horizontal,Rectangle,16PT C2S,No Coating,Silk,n/a,4/4,5000,Score in Half,No Gift Cards Slits,Yes 5000 Envelopes 6.5X6.5
Majestic,Silk,6 x 12,Horizontal,Rectangle,16PT C2S,No Coating,Silk,n/a,4/0,10000,Score in Half,No Gift Cards Slits,Yes 5000 Envelopes 6.5X6.5
Majestic,Silk,6 x 12,Vertical,Rectangle,16PT C2S,No Coating,Silk,n/a,4/4,5000,Score in Half,No Gift Cards Slits,Yes 5000 Envelopes 6.5X6.5
Majestic,Silk,6 x 12,Vertical,Rectangle,16PT C2S,No Coating,Silk,n/a,4/0,10000,Score in Half,No Gift Cards Slits,Yes 5000 Envelopes 6.5X6.5
Majestic,Silk,6 x 12,Horizontal,Rectangle,16PT C2S,No Coating,Silk,n/a,4/1,10000,Score in Half,No Gift Cards Slits,Yes 5000 Envelopes 6.5X6.5
Majestic,Silk,6 x 12,Vertical,Rectangle,16PT C2S,No Coating,Silk,n/a,4/1,10000,Score in Half,No Gift Cards Slits,Yes 5000 Envelopes 6.5X6.5
Majestic,Silk,6 x 12,Horizontal,Rectangle,16PT C2S,No Coating,Silk,n/a,4/4,10000,Score in Half,No Gift Cards Slits,Yes 5000 Envelopes 6.5X6.5
Majestic,Silk,6 x 12,Vertical,Rectangle,16PT C2S,No Coating,Silk,n/a,4/4,10000,Score in Half,No Gift Cards Slits,Yes 5000 Envelopes 6.5X6.5
Majestic,Silk,6 x 12,Horizontal,Rectangle,16PT C2S,No Coating,Silk,n/a,4/0,25,Score in Half,Slide Slits Bottom Panel,Yes 5000 Envelopes 6.5X6.5
Majestic,Silk,6 x 12,Vertical,Rectangle,16PT C2S,No Coating,Silk,n/a,4/0,25,Score in Half,Slide Slits Bottom Panel,Yes 5000 Envelopes 6.5X6.5
Majestic,Silk,6 x 12,Horizontal,Rectangle,16PT C2S,No Coating,Silk,n/a,4/1,25,Score in Half,Slide Slits Bottom Panel,Yes 5000 Envelopes 6.5X6.5
Majestic,Silk,6 x 12,Vertical,Rectangle,16PT C2S,No Coating,Silk,n/a,4/1,25,Score in Half,Slide Slits Bottom Panel,Yes 5000 Envelopes 6.5X6.5
Majestic,Silk,6 x 12,Horizontal,Rectangle,16PT C2S,No Coating,Silk,n/a,4/4,25,Score in Half,Slide Slits Bottom Panel,Yes 5000 Envelopes 6.5X6.5
Majestic,Silk,6 x 12,Vertical,Rectangle,16PT C2S,No Coating,Silk,n/a,4/4,25,Score in Half,Slide Slits Bottom Panel,Yes 5000 Envelopes 6.5X6.5
Majestic,Silk,6 x 12,Vertical,Rectangle,16PT C2S,No Coating,Silk,n/a,4/0,50,Score in Half,Slide Slits Bottom Panel,Yes 5000 Envelopes 6.5X6.5
Majestic,Silk,6 x 12,Horizontal,Rectangle,16PT C2S,No Coating,Silk,n/a,4/0,50,Score in Half,Slide Slits Bottom Panel,Yes 5000 Envelopes 6.5X6.5
Majestic,Silk,6 x 12,Vertical,Rectangle,16PT C2S,No Coating,Silk,n/a,4/1,50,Score in Half,Slide Slits Bottom Panel,Yes 5000 Envelopes 6.5X6.5
Majestic,Silk,6 x 12,Horizontal,Rectangle,16PT C2S,No Coating,Silk,n/a,4/1,50,Score in Half,Slide Slits Bottom Panel,Yes 5000 Envelopes 6.5X6.5
Majestic,Silk,6 x 12,Horizontal,Rectangle,16PT C2S,No Coating,Silk,n/a,4/4,50,Score in Half,Slide Slits Bottom Panel,Yes 5000 Envelopes 6.5X6.5
Majestic,Silk,6 x 12,Vertical,Rectangle,16PT C2S,No Coating,Silk,n/a,4/0,75,Score in Half,Slide Slits Bottom Panel,Yes 5000 Envelopes 6.5X6.5
Majestic,Silk,6 x 12,Horizontal,Rectangle,16PT C2S,No Coating,Silk,n/a,4/1,75,Score in Half,Slide Slits Bottom Panel,Yes 5000 Envelopes 6.5X6.5
Majestic,Silk,6 x 12,Vertical,Rectangle,16PT C2S,No Coating,Silk,n/a,4/1,75,Score in Half,Slide Slits Bottom Panel,Yes 5000 Envelopes 6.5X6.5
Majestic,Silk,6 x 12,Horizontal,Rectangle,16PT C2S,No Coating,Silk,n/a,4/4,75,Score in Half,Slide Slits Bottom Panel,Yes 5000 Envelopes 6.5X6.5
Majestic,Silk,6 x 12,Vertical,Rectangle,16PT C2S,No Coating,Silk,n/a,4/4,75,Score in Half,Slide Slits Bottom Panel,Yes 5000 Envelopes 6.5X6.5
Majestic,Silk,6 x 12,Horizontal,Rectangle,16PT C2S,No Coating,Silk,n/a,4/0,100,Score in Half,Slide Slits Bottom Panel,Yes 5000 Envelopes 6.5X6.5
Majestic,Silk,6 x 12,Vertical,Rectangle,16PT C2S,No Coating,Silk,n/a,4/0,100,Score in Half,Slide Slits Bottom Panel,Yes 5000 Envelopes 6.5X6.5
Majestic,Silk,6 x 12,Horizontal,Rectangle,16PT C2S,No Coating,Silk,n/a,4/1,100,Score in Half,Slide Slits Bottom Panel,Yes 5000 Envelopes 6.5X6.5
Majestic,Silk,6 x 12,Vertical,Rectangle,16PT C2S,No Coating,Silk,n/a,4/1,100,Score in Half,Slide Slits Bottom Panel,Yes 5000 Envelopes 6.5X6.5
Majestic,Silk,6 x 12,Horizontal,Rectangle,16PT C2S,No Coating,Silk,n/a,4/4,100,Score in Half,Slide Slits Bottom Panel,Yes 5000 Envelopes 6.5X6.5
Majestic,Silk,6 x 12,Vertical,Rectangle,16PT C2S,No Coating,Silk,n/a,4/4,100,Score in Half,Slide Slits Bottom Panel,Yes 5000 Envelopes 6.5X6.5
Majestic,Silk,6 x 12,Horizontal,Rectangle,16PT C2S,No Coating,Silk,n/a,4/0,250,Score in Half,Slide Slits Bottom Panel,Yes 5000 Envelopes 6.5X6.5
Majestic,Silk,6 x 12,Horizontal,Rectangle,16PT C2S,No Coating,Silk,n/a,4/0,75,Score in Half,Slide Slits Bottom Panel,Yes 5000 Envelopes 6.5X6.5
Majestic,Silk,6 x 12,Vertical,Rectangle,16PT C2S,No Coating,Silk,n/a,4/4,50,Score in Half,Slide Slits Bottom Panel,Yes 5000 Envelopes 6.5X6.5
Majestic,Silk,6 x 12,Vertical,Rectangle,16PT C2S,No Coating,Silk,n/a,4/0,250,Score in Half,Slide Slits Bottom Panel,Yes 5000 Envelopes 6.5X6.5
Majestic,Silk,6 x 12,Vertical,Rectangle,16PT C2S,No Coating,Silk,n/a,4/4,250,Score in Half,Slide Slits Bottom Panel,Yes 5000 Envelopes 6.5X6.5
Majestic,Silk,6 x 12,Horizontal,Rectangle,16PT C2S,No Coating,Silk,n/a,4/1,250,Score in Half,Slide Slits Bottom Panel,Yes 5000 Envelopes 6.5X6.5
Majestic,Silk,6 x 12,Horizontal,Rectangle,16PT C2S,No Coating,Silk,n/a,4/0,500,Score in Half,Slide Slits Bottom Panel,Yes 5000 Envelopes 6.5X6.5
Majestic,Silk,6 x 12,Horizontal,Rectangle,16PT C2S,No Coating,Silk,n/a,4/4,250,Score in Half,Slide Slits Bottom Panel,Yes 5000 Envelopes 6.5X6.5
Majestic,Silk,6 x 12,Vertical,Rectangle,16PT C2S,No Coating,Silk,n/a,4/1,250,Score in Half,Slide Slits Bottom Panel,Yes 5000 Envelopes 6.5X6.5
Majestic,Silk,6 x 12,Vertical,Rectangle,16PT C2S,No Coating,Silk,n/a,4/0,500,Score in Half,Slide Slits Bottom Panel,Yes 5000 Envelopes 6.5X6.5
Majestic,Silk,6 x 12,Vertical,Rectangle,16PT C2S,No Coating,Silk,n/a,4/4,500,Score in Half,Slide Slits Bottom Panel,Yes 5000 Envelopes 6.5X6.5
Majestic,Silk,6 x 12,Horizontal,Rectangle,16PT C2S,No Coating,Silk,n/a,4/1,500,Score in Half,Slide Slits Bottom Panel,Yes 5000 Envelopes 6.5X6.5
Majestic,Silk,6 x 12,Vertical,Rectangle,16PT C2S,No Coating,Silk,n/a,4/1,500,Score in Half,Slide Slits Bottom Panel,Yes 5000 Envelopes 6.5X6.5
Majestic,Silk,6 x 12,Horizontal,Rectangle,16PT C2S,No Coating,Silk,n/a,4/0,1000,Score in Half,Slide Slits Bottom Panel,Yes 5000 Envelopes 6.5X6.5
Majestic,Silk,6 x 12,Vertical,Rectangle,16PT C2S,No Coating,Silk,n/a,4/0,1000,Score in Half,Slide Slits Bottom Panel,Yes 5000 Envelopes 6.5X6.5
Majestic,Silk,6 x 12,Horizontal,Rectangle,16PT C2S,No Coating,Silk,n/a,4/4,500,Score in Half,Slide Slits Bottom Panel,Yes 5000 Envelopes 6.5X6.5
Majestic,Silk,6 x 12,Horizontal,Rectangle,16PT C2S,No Coating,Silk,n/a,4/4,1000,Score in Half,Slide Slits Bottom Panel,Yes 5000 Envelopes 6.5X6.5
Majestic,Silk,6 x 12,Vertical,Rectangle,16PT C2S,No Coating,Silk,n/a,4/1,1000,Score in Half,Slide Slits Bottom Panel,Yes 5000 Envelopes 6.5X6.5
Majestic,Silk,6 x 12,Horizontal,Rectangle,16PT C2S,No Coating,Silk,n/a,4/1,1000,Score in Half,Slide Slits Bottom Panel,Yes 5000 Envelopes 6.5X6.5
Majestic,Silk,6 x 12,Vertical,Rectangle,16PT C2S,No Coating,Silk,n/a,4/4,1000,Score in Half,Slide Slits Bottom Panel,Yes 5000 Envelopes 6.5X6.5
Majestic,Silk,6 x 12,Horizontal,Rectangle,16PT C2S,No Coating,Silk,n/a,4/0,2500,Score in Half,Slide Slits Bottom Panel,Yes 5000 Envelopes 6.5X6.5
Majestic,Silk,6 x 12,Horizontal,Rectangle,16PT C2S,No Coating,Silk,n/a,4/1,2500,Score in Half,Slide Slits Bottom Panel,Yes 5000 Envelopes 6.5X6.5
Majestic,Silk,6 x 12,Horizontal,Rectangle,16PT C2S,No Coating,Silk,n/a,4/4,2500,Score in Half,Slide Slits Bottom Panel,Yes 5000 Envelopes 6.5X6.5
Majestic,Silk,6 x 12,Vertical,Rectangle,16PT C2S,No Coating,Silk,n/a,4/0,2500,Score in Half,Slide Slits Bottom Panel,Yes 5000 Envelopes 6.5X6.5
Majestic,Silk,6 x 12,Vertical,Rectangle,16PT C2S,No Coating,Silk,n/a,4/1,2500,Score in Half,Slide Slits Bottom Panel,Yes 5000 Envelopes 6.5X6.5
Majestic,Silk,6 x 12,Vertical,Rectangle,16PT C2S,No Coating,Silk,n/a,4/4,2500,Score in Half,Slide Slits Bottom Panel,Yes 5000 Envelopes 6.5X6.5
Majestic,Silk,6 x 12,Horizontal,Rectangle,16PT C2S,No Coating,Silk,n/a,4/0,5000,Score in Half,Slide Slits Bottom Panel,Yes 5000 Envelopes 6.5X6.5
Majestic,Silk,6 x 12,Vertical,Rectangle,16PT C2S,No Coating,Silk,n/a,4/1,5000,Score in Half,Slide Slits Bottom Panel,Yes 5000 Envelopes 6.5X6.5
Majestic,Silk,6 x 12,Horizontal,Rectangle,16PT C2S,No Coating,Silk,n/a,4/1,250,Score in Half,Moon Slits Bottom Panel,Yes 5000 Envelopes 6.5X6.5
Majestic,Silk,6 x 12,Horizontal,Rectangle,16PT C2S,No Coating,Silk,n/a,4/1,5000,Score in Half,Slide Slits Bottom Panel,Yes 5000 Envelopes 6.5X6.5
Majestic,Silk,6 x 12,Vertical,Rectangle,16PT C2S,No Coating,Silk,n/a,4/4,5000,Score in Half,Slide Slits Bottom Panel,Yes 5000 Envelopes 6.5X6.5
Majestic,Silk,6 x 12,Horizontal,Rectangle,16PT C2S,No Coating,Silk,n/a,4/4,5000,Score in Half,Slide Slits Bottom Panel,Yes 5000 Envelopes 6.5X6.5
Majestic,Silk,6 x 12,Horizontal,Rectangle,16PT C2S,No Coating,Silk,n/a,4/1,10000,Score in Half,Slide Slits Bottom Panel,Yes 5000 Envelopes 6.5X6.5
Majestic,Silk,6 x 12,Horizontal,Rectangle,16PT C2S,No Coating,Silk,n/a,4/0,10000,Score in Half,Slide Slits Bottom Panel,Yes 5000 Envelopes 6.5X6.5
Majestic,Silk,6 x 12,Vertical,Rectangle,16PT C2S,No Coating,Silk,n/a,4/1,10000,Score in Half,Slide Slits Bottom Panel,Yes 5000 Envelopes 6.5X6.5
Majestic,Silk,6 x 12,Vertical,Rectangle,16PT C2S,No Coating,Silk,n/a,4/0,10000,Score in Half,Slide Slits Bottom Panel,Yes 5000 Envelopes 6.5X6.5
Majestic,Silk,6 x 12,Horizontal,Rectangle,16PT C2S,No Coating,Silk,n/a,4/4,10000,Score in Half,Slide Slits Bottom Panel,Yes 5000 Envelopes 6.5X6.5
Majestic,Silk,6 x 12,Horizontal,Rectangle,16PT C2S,No Coating,Silk,n/a,4/0,25,Score in Half,Slide Slits Right Panel,Yes 5000 Envelopes 6.5X6.5
Majestic,Silk,6 x 12,Vertical,Rectangle,16PT C2S,No Coating,Silk,n/a,4/4,10000,Score in Half,Slide Slits Bottom Panel,Yes 5000 Envelopes 6.5X6.5
Majestic,Silk,6 x 12,Vertical,Rectangle,16PT C2S,No Coating,Silk,n/a,4/0,25,Score in Half,Slide Slits Right Panel,Yes 5000 Envelopes 6.5X6.5
Majestic,Silk,6 x 12,Horizontal,Rectangle,16PT C2S,No Coating,Silk,n/a,4/1,25,Score in Half,Slide Slits Right Panel,Yes 5000 Envelopes 6.5X6.5
Majestic,Silk,6 x 12,Vertical,Rectangle,16PT C2S,No Coating,Silk,n/a,4/1,25,Score in Half,Slide Slits Right Panel,Yes 5000 Envelopes 6.5X6.5
Majestic,Silk,6 x 12,Horizontal,Rectangle,16PT C2S,No Coating,Silk,n/a,4/0,50,Score in Half,Slide Slits Right Panel,Yes 5000 Envelopes 6.5X6.5
Majestic,Silk,6 x 12,Vertical,Rectangle,16PT C2S,No Coating,Silk,n/a,4/4,25,Score in Half,Slide Slits Right Panel,Yes 5000 Envelopes 6.5X6.5
Majestic,Silk,6 x 12,Horizontal,Rectangle,16PT C2S,No Coating,Silk,n/a,4/4,25,Score in Half,Slide Slits Right Panel,Yes 5000 Envelopes 6.5X6.5
Majestic,Silk,6 x 12,Horizontal,Rectangle,16PT C2S,No Coating,Silk,n/a,4/1,50,Score in Half,Slide Slits Right Panel,Yes 5000 Envelopes 6.5X6.5
Majestic,Silk,6 x 12,Vertical,Rectangle,16PT C2S,No Coating,Silk,n/a,4/0,50,Score in Half,Slide Slits Right Panel,Yes 5000 Envelopes 6.5X6.5
Majestic,Silk,6 x 12,Horizontal,Rectangle,16PT C2S,No Coating,Silk,n/a,4/4,50,Score in Half,Slide Slits Right Panel,Yes 5000 Envelopes 6.5X6.5
Majestic,Silk,6 x 12,Horizontal,Rectangle,16PT C2S,No Coating,Silk,n/a,4/0,75,Score in Half,Slide Slits Right Panel,Yes 5000 Envelopes 6.5X6.5
Majestic,Silk,6 x 12,Vertical,Rectangle,16PT C2S,No Coating,Silk,n/a,4/1,50,Score in Half,Slide Slits Right Panel,Yes 5000 Envelopes 6.5X6.5
Majestic,Silk,6 x 12,Vertical,Rectangle,16PT C2S,No Coating,Silk,n/a,4/1,75,Score in Half,No Gift Cards Slits,Yes 5000 Envelopes 6.5X6.5
Majestic,Silk,6 x 12,Horizontal,Rectangle,16PT C2S,No Coating,Silk,n/a,4/1,75,Score in Half,Slide Slits Right Panel,Yes 5000 Envelopes 6.5X6.5
Majestic,Silk,6 x 12,Vertical,Rectangle,16PT C2S,No Coating,Silk,n/a,4/0,75,Score in Half,Slide Slits Right Panel,Yes 5000 Envelopes 6.5X6.5
Majestic,Silk,6 x 12,Vertical,Rectangle,16PT C2S,No Coating,Silk,n/a,4/1,75,Score in Half,Slide Slits Right Panel,Yes 5000 Envelopes 6.5X6.5
Majestic,Silk,6 x 12,Horizontal,Rectangle,16PT C2S,No Coating,Silk,n/a,4/4,75,Score in Half,Slide Slits Right Panel,Yes 5000 Envelopes 6.5X6.5
Majestic,Silk,6 x 12,Vertical,Rectangle,16PT C2S,No Coating,Silk,n/a,4/4,75,Score in Half,Slide Slits Right Panel,Yes 5000 Envelopes 6.5X6.5
Majestic,Silk,6 x 12,Vertical,Rectangle,16PT C2S,No Coating,Silk,n/a,4/0,100,Score in Half,Slide Slits Right Panel,Yes 5000 Envelopes 6.5X6.5
Majestic,Silk,6 x 12,Vertical,Rectangle,16PT C2S,No Coating,Silk,n/a,4/1,100,Score in Half,Slide Slits Right Panel,Yes 5000 Envelopes 6.5X6.5
Majestic,Silk,6 x 12,Horizontal,Rectangle,16PT C2S,No Coating,Silk,n/a,4/0,100,Score in Half,Slide Slits Right Panel,Yes 5000 Envelopes 6.5X6.5
Majestic,Silk,6 x 12,Horizontal,Rectangle,16PT C2S,No Coating,Silk,n/a,4/1,100,Score in Half,Slide Slits Right Panel,Yes 5000 Envelopes 6.5X6.5
Majestic,Silk,6 x 12,Horizontal,Rectangle,16PT C2S,No Coating,Silk,n/a,4/4,100,Score in Half,Slide Slits Right Panel,Yes 5000 Envelopes 6.5X6.5
Majestic,Silk,6 x 12,Vertical,Rectangle,16PT C2S,No Coating,Silk,n/a,4/4,100,Score in Half,Slide Slits Right Panel,Yes 5000 Envelopes 6.5X6.5
Majestic,Silk,6 x 12,Horizontal,Rectangle,16PT C2S,No Coating,Silk,n/a,4/1,250,Score in Half,Slide Slits Right Panel,Yes 5000 Envelopes 6.5X6.5
Majestic,Silk,6 x 12,Vertical,Rectangle,16PT C2S,No Coating,Silk,n/a,4/1,250,Score in Half,Slide Slits Right Panel,Yes 5000 Envelopes 6.5X6.5
Majestic,Silk,6 x 12,Horizontal,Rectangle,16PT C2S,No Coating,Silk,n/a,4/0,250,Score in Half,Slide Slits Right Panel,Yes 5000 Envelopes 6.5X6.5
Majestic,Silk,6 x 12,Vertical,Rectangle,16PT C2S,No Coating,Silk,n/a,4/0,250,Score in Half,Slide Slits Right Panel,Yes 5000 Envelopes 6.5X6.5
Majestic,Silk,6 x 12,Horizontal,Rectangle,16PT C2S,No Coating,Silk,n/a,4/4,250,Score in Half,Slide Slits Right Panel,Yes 5000 Envelopes 6.5X6.5
Majestic,Silk,6 x 12,Vertical,Rectangle,16PT C2S,No Coating,Silk,n/a,4/4,250,Score in Half,Slide Slits Right Panel,Yes 5000 Envelopes 6.5X6.5
Majestic,Silk,6 x 12,Horizontal,Rectangle,16PT C2S,No Coating,Silk,n/a,4/1,500,Score in Half,Slide Slits Right Panel,Yes 5000 Envelopes 6.5X6.5
Majestic,Silk,6 x 12,Vertical,Rectangle,16PT C2S,No Coating,Silk,n/a,4/1,500,Score in Half,Slide Slits Right Panel,Yes 5000 Envelopes 6.5X6.5
Majestic,Silk,6 x 12,Horizontal,Rectangle,16PT C2S,No Coating,Silk,n/a,4/0,500,Score in Half,Slide Slits Right Panel,Yes 5000 Envelopes 6.5X6.5
Majestic,Silk,6 x 12,Vertical,Rectangle,16PT C2S,No Coating,Silk,n/a,4/0,500,Score in Half,Slide Slits Right Panel,Yes 5000 Envelopes 6.5X6.5
Majestic,Silk,6 x 12,Horizontal,Rectangle,16PT C2S,No Coating,Silk,n/a,4/4,500,Score in Half,Slide Slits Right Panel,Yes 5000 Envelopes 6.5X6.5
Majestic,Silk,6 x 12,Vertical,Rectangle,16PT C2S,No Coating,Silk,n/a,4/4,500,Score in Half,Slide Slits Right Panel,Yes 5000 Envelopes 6.5X6.5
Majestic,Silk,6 x 12,Horizontal,Rectangle,16PT C2S,No Coating,Silk,n/a,4/1,1000,Score in Half,Slide Slits Right Panel,Yes 5000 Envelopes 6.5X6.5
Majestic,Silk,6 x 12,Vertical,Rectangle,16PT C2S,No Coating,Silk,n/a,4/1,1000,Score in Half,Slide Slits Right Panel,Yes 5000 Envelopes 6.5X6.5
Majestic,Silk,6 x 12,Horizontal,Rectangle,16PT C2S,No Coating,Silk,n/a,4/0,1000,Score in Half,Slide Slits Right Panel,Yes 5000 Envelopes 6.5X6.5
Majestic,Silk,6 x 12,Vertical,Rectangle,16PT C2S,No Coating,Silk,n/a,4/0,1000,Score in Half,Slide Slits Right Panel,Yes 5000 Envelopes 6.5X6.5
Majestic,Silk,6 x 12,Horizontal,Rectangle,16PT C2S,No Coating,Silk,n/a,4/4,1000,Score in Half,Slide Slits Right Panel,Yes 5000 Envelopes 6.5X6.5
Majestic,Silk,6 x 12,Horizontal,Rectangle,16PT C2S,No Coating,Silk,n/a,4/0,2500,Score in Half,Slide Slits Right Panel,Yes 5000 Envelopes 6.5X6.5
Majestic,Silk,6 x 12,Horizontal,Rectangle,16PT C2S,No Coating,Silk,n/a,4/1,2500,Score in Half,Slide Slits Right Panel,Yes 5000 Envelopes 6.5X6.5
Majestic,Silk,6 x 12,Vertical,Rectangle,16PT C2S,No Coating,Silk,n/a,4/4,1000,Score in Half,Slide Slits Right Panel,Yes 5000 Envelopes 6.5X6.5
Majestic,Silk,6 x 12,Vertical,Rectangle,16PT C2S,No Coating,Silk,n/a,4/0,2500,Score in Half,Slide Slits Right Panel,Yes 5000 Envelopes 6.5X6.5
Majestic,Silk,6 x 12,Vertical,Rectangle,16PT C2S,No Coating,Silk,n/a,4/1,2500,Score in Half,Slide Slits Right Panel,Yes 5000 Envelopes 6.5X6.5
Majestic,Silk,6 x 12,Horizontal,Rectangle,16PT C2S,No Coating,Silk,n/a,4/4,2500,Score in Half,Slide Slits Right Panel,Yes 5000 Envelopes 6.5X6.5
Majestic,Silk,6 x 12,Vertical,Rectangle,16PT C2S,No Coating,Silk,n/a,4/0,5000,Score in Half,Slide Slits Right Panel,Yes 5000 Envelopes 6.5X6.5
Majestic,Silk,6 x 12,Vertical,Rectangle,16PT C2S,No Coating,Silk,n/a,4/4,2500,Score in Half,Slide Slits Right Panel,Yes 5000 Envelopes 6.5X6.5
Majestic,Silk,6 x 12,Horizontal,Rectangle,16PT C2S,No Coating,Silk,n/a,4/0,5000,Score in Half,Slide Slits Right Panel,Yes 5000 Envelopes 6.5X6.5
Majestic,Silk,6 x 12,Horizontal,Rectangle,16PT C2S,No Coating,Silk,n/a,4/1,5000,Score in Half,Slide Slits Right Panel,Yes 5000 Envelopes 6.5X6.5
Majestic,Silk,6 x 12,Vertical,Rectangle,16PT C2S,No Coating,Silk,n/a,4/1,5000,Score in Half,Slide Slits Right Panel,Yes 5000 Envelopes 6.5X6.5
Majestic,Silk,6 x 12,Vertical,Rectangle,16PT C2S,No Coating,Silk,n/a,4/4,5000,Score in Half,Slide Slits Right Panel,Yes 5000 Envelopes 6.5X6.5
Majestic,Silk,6 x 12,Horizontal,Rectangle,16PT C2S,No Coating,Silk,n/a,4/4,5000,Score in Half,Slide Slits Right Panel,Yes 5000 Envelopes 6.5X6.5
Majestic,Silk,6 x 12,Horizontal,Rectangle,16PT C2S,No Coating,Silk,n/a,4/0,10000,Score in Half,Slide Slits Right Panel,Yes 5000 Envelopes 6.5X6.5
Majestic,Silk,6 x 12,Horizontal,Rectangle,16PT C2S,No Coating,Silk,n/a,4/1,10000,Score in Half,Slide Slits Right Panel,Yes 5000 Envelopes 6.5X6.5
Majestic,Silk,6 x 12,Vertical,Rectangle,16PT C2S,No Coating,Silk,n/a,4/0,10000,Score in Half,Slide Slits Right Panel,Yes 5000 Envelopes 6.5X6.5
Majestic,Silk,6 x 12,Vertical,Rectangle,16PT C2S,No Coating,Silk,n/a,4/1,10000,Score in Half,Slide Slits Right Panel,Yes 5000 Envelopes 6.5X6.5
Majestic,Silk,6 x 12,Horizontal,Rectangle,16PT C2S,No Coating,Silk,n/a,4/4,10000,Score in Half,Slide Slits Right Panel,Yes 5000 Envelopes 6.5X6.5
Majestic,Silk,6 x 12,Horizontal,Rectangle,16PT C2S,No Coating,Silk,n/a,4/0,25,Score in Half,Moon Slits Bottom Panel,Yes 10000 Envelopes 6.5X6.5
Majestic,Silk,6 x 12,Horizontal,Rectangle,16PT C2S,No Coating,Silk,n/a,4/1,25,Score in Half,Moon Slits Bottom Panel,Yes 10000 Envelopes 6.5X6.5
Majestic,Silk,6 x 12,Vertical,Rectangle,16PT C2S,No Coating,Silk,n/a,4/4,10000,Score in Half,Slide Slits Right Panel,Yes 5000 Envelopes 6.5X6.5
Majestic,Silk,6 x 12,Vertical,Rectangle,16PT C2S,No Coating,Silk,n/a,4/0,25,Score in Half,Moon Slits Bottom Panel,Yes 10000 Envelopes 6.5X6.5
Majestic,Silk,6 x 12,Vertical,Rectangle,16PT C2S,No Coating,Silk,n/a,4/1,25,Score in Half,Moon Slits Bottom Panel,Yes 10000 Envelopes 6.5X6.5
Majestic,Silk,6 x 12,Horizontal,Rectangle,16PT C2S,No Coating,Silk,n/a,4/4,25,Score in Half,Moon Slits Bottom Panel,Yes 10000 Envelopes 6.5X6.5
Majestic,Silk,6 x 12,Vertical,Rectangle,16PT C2S,No Coating,Silk,n/a,4/4,25,Score in Half,Moon Slits Bottom Panel,Yes 10000 Envelopes 6.5X6.5
Majestic,Silk,6 x 12,Horizontal,Rectangle,16PT C2S,No Coating,Silk,n/a,4/0,50,Score in Half,Moon Slits Bottom Panel,Yes 10000 Envelopes 6.5X6.5
Majestic,Silk,6 x 12,Vertical,Rectangle,16PT C2S,No Coating,Silk,n/a,4/0,50,Score in Half,Moon Slits Bottom Panel,Yes 10000 Envelopes 6.5X6.5
Majestic,Silk,6 x 12,Horizontal,Rectangle,16PT C2S,No Coating,Silk,n/a,4/4,50,Score in Half,Moon Slits Bottom Panel,Yes 10000 Envelopes 6.5X6.5
Majestic,Silk,6 x 12,Vertical,Rectangle,16PT C2S,No Coating,Silk,n/a,4/4,50,Score in Half,Slide Slits Right Panel,Yes 5000 Envelopes 6.5X6.5
Majestic,Silk,6 x 12,Horizontal,Rectangle,16PT C2S,No Coating,Silk,n/a,4/0,75,Score in Half,Moon Slits Bottom Panel,Yes 10000 Envelopes 6.5X6.5
Majestic,Silk,6 x 12,Vertical,Rectangle,16PT C2S,No Coating,Silk,n/a,4/4,50,Score in Half,Moon Slits Bottom Panel,Yes 10000 Envelopes 6.5X6.5
Majestic,Silk,6 x 12,Vertical,Rectangle,16PT C2S,No Coating,Silk,n/a,4/0,75,Score in Half,Moon Slits Bottom Panel,Yes 10000 Envelopes 6.5X6.5
Majestic,Silk,6 x 12,Horizontal,Rectangle,16PT C2S,No Coating,Silk,n/a,4/1,75,Score in Half,Moon Slits Bottom Panel,Yes 10000 Envelopes 6.5X6.5
Majestic,Silk,6 x 12,Vertical,Rectangle,16PT C2S,No Coating,Silk,n/a,4/1,75,Score in Half,Moon Slits Bottom Panel,Yes 10000 Envelopes 6.5X6.5
Majestic,Silk,6 x 12,Horizontal,Rectangle,16PT C2S,No Coating,Silk,n/a,4/4,75,Score in Half,Moon Slits Bottom Panel,Yes 10000 Envelopes 6.5X6.5
Majestic,Silk,6 x 12,Vertical,Rectangle,16PT C2S,No Coating,Silk,n/a,4/4,75,Score in Half,Moon Slits Bottom Panel,Yes 10000 Envelopes 6.5X6.5
Majestic,Silk,6 x 12,Horizontal,Rectangle,16PT C2S,No Coating,Silk,n/a,4/0,100,Score in Half,Moon Slits Bottom Panel,Yes 10000 Envelopes 6.5X6.5
Majestic,Silk,6 x 12,Vertical,Rectangle,16PT C2S,No Coating,Silk,n/a,4/0,100,Score in Half,Moon Slits Bottom Panel,Yes 10000 Envelopes 6.5X6.5
Majestic,Silk,6 x 12,Horizontal,Rectangle,16PT C2S,No Coating,Silk,n/a,4/1,100,Score in Half,Moon Slits Bottom Panel,Yes 10000 Envelopes 6.5X6.5
Majestic,Silk,6 x 12,Vertical,Rectangle,16PT C2S,No Coating,Silk,n/a,4/1,100,Score in Half,Moon Slits Bottom Panel,Yes 10000 Envelopes 6.5X6.5
Majestic,Silk,6 x 12,Vertical,Rectangle,16PT C2S,No Coating,Silk,n/a,4/1,50,Score in Half,Moon Slits Bottom Panel,Yes 10000 Envelopes 6.5X6.5
Majestic,Silk,6 x 12,Horizontal,Rectangle,16PT C2S,No Coating,Silk,n/a,4/4,100,Score in Half,Moon Slits Bottom Panel,Yes 10000 Envelopes 6.5X6.5
Majestic,Silk,6 x 12,Vertical,Rectangle,16PT C2S,No Coating,Silk,n/a,4/4,100,Score in Half,Moon Slits Bottom Panel,Yes 10000 Envelopes 6.5X6.5
Majestic,Silk,6 x 12,Horizontal,Rectangle,16PT C2S,No Coating,Silk,n/a,4/0,250,Score in Half,Moon Slits Bottom Panel,Yes 10000 Envelopes 6.5X6.5
Majestic,Silk,6 x 12,Horizontal,Rectangle,16PT C2S,No Coating,Silk,n/a,4/1,250,Score in Half,Moon Slits Bottom Panel,Yes 10000 Envelopes 6.5X6.5
Majestic,Silk,6 x 12,Horizontal,Rectangle,16PT C2S,No Coating,Silk,n/a,4/4,250,Score in Half,Moon Slits Bottom Panel,Yes 10000 Envelopes 6.5X6.5
Majestic,Silk,6 x 12,Vertical,Rectangle,16PT C2S,No Coating,Silk,n/a,4/1,250,Score in Half,Moon Slits Bottom Panel,Yes 10000 Envelopes 6.5X6.5
Majestic,Silk,6 x 12,Vertical,Rectangle,16PT C2S,No Coating,Silk,n/a,4/0,250,Score in Half,Moon Slits Bottom Panel,Yes 10000 Envelopes 6.5X6.5
Majestic,Silk,6 x 12,Vertical,Rectangle,16PT C2S,No Coating,Silk,n/a,4/4,250,Score in Half,Moon Slits Bottom Panel,Yes 10000 Envelopes 6.5X6.5
Majestic,Silk,6 x 12,Horizontal,Rectangle,16PT C2S,No Coating,Silk,n/a,4/0,500,Score in Half,Moon Slits Bottom Panel,Yes 10000 Envelopes 6.5X6.5
Majestic,Silk,6 x 12,Vertical,Rectangle,16PT C2S,No Coating,Silk,n/a,4/0,500,Score in Half,Moon Slits Bottom Panel,Yes 10000 Envelopes 6.5X6.5
Majestic,Silk,6 x 12,Horizontal,Rectangle,16PT C2S,No Coating,Silk,n/a,4/1,500,Score in Half,Moon Slits Bottom Panel,Yes 10000 Envelopes 6.5X6.5
Majestic,Silk,6 x 12,Vertical,Rectangle,16PT C2S,No Coating,Silk,n/a,4/1,500,Score in Half,Moon Slits Bottom Panel,Yes 10000 Envelopes 6.5X6.5
Majestic,Silk,6 x 12,Horizontal,Rectangle,16PT C2S,No Coating,Silk,n/a,4/4,500,Score in Half,Moon Slits Bottom Panel,Yes 10000 Envelopes 6.5X6.5
Majestic,Silk,6 x 12,Vertical,Rectangle,16PT C2S,No Coating,Silk,n/a,4/4,500,Score in Half,Moon Slits Bottom Panel,Yes 10000 Envelopes 6.5X6.5
Majestic,Silk,6 x 12,Vertical,Rectangle,16PT C2S,No Coating,Silk,n/a,4/0,1000,Score in Half,Moon Slits Bottom Panel,Yes 10000 Envelopes 6.5X6.5
Majestic,Silk,6 x 12,Horizontal,Rectangle,16PT C2S,No Coating,Silk,n/a,4/0,1000,Score in Half,Moon Slits Bottom Panel,Yes 10000 Envelopes 6.5X6.5
Majestic,Silk,6 x 12,Horizontal,Rectangle,16PT C2S,No Coating,Silk,n/a,4/1,1000,Score in Half,Moon Slits Bottom Panel,Yes 10000 Envelopes 6.5X6.5
Majestic,Silk,6 x 12,Vertical,Rectangle,16PT C2S,No Coating,Silk,n/a,4/1,1000,Score in Half,Moon Slits Bottom Panel,Yes 10000 Envelopes 6.5X6.5
Majestic,Silk,6 x 12,Horizontal,Rectangle,16PT C2S,No Coating,Silk,n/a,4/4,1000,Score in Half,Moon Slits Bottom Panel,Yes 10000 Envelopes 6.5X6.5
Majestic,Silk,6 x 12,Vertical,Rectangle,16PT C2S,No Coating,Silk,n/a,4/4,1000,Score in Half,Moon Slits Bottom Panel,Yes 10000 Envelopes 6.5X6.5
Majestic,Silk,6 x 12,Horizontal,Rectangle,16PT C2S,No Coating,Silk,n/a,4/0,2500,Score in Half,Moon Slits Bottom Panel,Yes 10000 Envelopes 6.5X6.5
Majestic,Silk,6 x 12,Vertical,Rectangle,16PT C2S,No Coating,Silk,n/a,4/0,2500,Score in Half,Moon Slits Bottom Panel,Yes 10000 Envelopes 6.5X6.5
Majestic,Silk,6 x 12,Horizontal,Rectangle,16PT C2S,No Coating,Silk,n/a,4/1,2500,Score in Half,Moon Slits Bottom Panel,Yes 10000 Envelopes 6.5X6.5
Majestic,Silk,6 x 12,Vertical,Rectangle,16PT C2S,No Coating,Silk,n/a,4/1,2500,Score in Half,Moon Slits Bottom Panel,Yes 10000 Envelopes 6.5X6.5
Majestic,Silk,6 x 12,Horizontal,Rectangle,16PT C2S,No Coating,Silk,n/a,4/4,2500,Score in Half,Moon Slits Bottom Panel,Yes 10000 Envelopes 6.5X6.5
Majestic,Silk,6 x 12,Horizontal,Rectangle,16PT C2S,No Coating,Silk,n/a,4/0,5000,Score in Half,Moon Slits Bottom Panel,Yes 10000 Envelopes 6.5X6.5
Majestic,Silk,6 x 12,Vertical,Rectangle,16PT C2S,No Coating,Silk,n/a,4/4,2500,Score in Half,Moon Slits Bottom Panel,Yes 10000 Envelopes 6.5X6.5
Majestic,Silk,6 x 12,Horizontal,Rectangle,16PT C2S,No Coating,Silk,n/a,4/1,5000,Score in Half,Moon Slits Bottom Panel,Yes 10000 Envelopes 6.5X6.5
Majestic,Silk,6 x 12,Horizontal,Rectangle,16PT C2S,No Coating,Silk,n/a,4/4,5000,Score in Half,Moon Slits Bottom Panel,Yes 10000 Envelopes 6.5X6.5
Majestic,Silk,6 x 12,Vertical,Rectangle,16PT C2S,No Coating,Silk,n/a,4/0,5000,Score in Half,Moon Slits Bottom Panel,Yes 10000 Envelopes 6.5X6.5
Majestic,Silk,6 x 12,Vertical,Rectangle,16PT C2S,No Coating,Silk,n/a,4/1,5000,Score in Half,Moon Slits Bottom Panel,Yes 10000 Envelopes 6.5X6.5
Majestic,Silk,6 x 12,Vertical,Rectangle,16PT C2S,No Coating,Silk,n/a,4/4,5000,Score in Half,Moon Slits Bottom Panel,Yes 10000 Envelopes 6.5X6.5
Majestic,Silk,6 x 12,Horizontal,Rectangle,16PT C2S,No Coating,Silk,n/a,4/0,10000,Score in Half,Moon Slits Bottom Panel,Yes 10000 Envelopes 6.5X6.5
Majestic,Silk,6 x 12,Vertical,Rectangle,16PT C2S,No Coating,Silk,n/a,4/0,10000,Score in Half,Moon Slits Bottom Panel,Yes 10000 Envelopes 6.5X6.5
Majestic,Silk,6 x 12,Vertical,Rectangle,16PT C2S,No Coating,Silk,n/a,4/1,10000,Score in Half,Moon Slits Bottom Panel,Yes 10000 Envelopes 6.5X6.5
Majestic,Silk,6 x 12,Horizontal,Rectangle,16PT C2S,No Coating,Silk,n/a,4/1,10000,Score in Half,Moon Slits Bottom Panel,Yes 10000 Envelopes 6.5X6.5
Majestic,Silk,6 x 12,Horizontal,Rectangle,16PT C2S,No Coating,Silk,n/a,4/4,10000,Score in Half,Moon Slits Bottom Panel,Yes 10000 Envelopes 6.5X6.5
Majestic,Silk,6 x 12,Vertical,Rectangle,16PT C2S,No Coating,Silk,n/a,4/4,10000,Score in Half,Moon Slits Bottom Panel,Yes 10000 Envelopes 6.5X6.5
Majestic,Silk,6 x 12,Horizontal,Rectangle,16PT C2S,No Coating,Silk,n/a,4/0,25,Score in Half,Moon Slits Right Panel,Yes 10000 Envelopes 6.5X6.5
Majestic,Silk,6 x 12,Horizontal,Rectangle,16PT C2S,No Coating,Silk,n/a,4/1,25,Score in Half,Moon Slits Right Panel,Yes 10000 Envelopes 6.5X6.5
Majestic,Silk,6 x 12,Vertical,Rectangle,16PT C2S,No Coating,Silk,n/a,4/0,25,Score in Half,Moon Slits Right Panel,Yes 10000 Envelopes 6.5X6.5
Majestic,Silk,6 x 12,Vertical,Rectangle,16PT C2S,No Coating,Silk,n/a,4/1,25,Score in Half,Moon Slits Right Panel,Yes 10000 Envelopes 6.5X6.5
Majestic,Silk,6 x 12,Horizontal,Rectangle,16PT C2S,No Coating,Silk,n/a,4/4,25,Score in Half,Moon Slits Right Panel,Yes 10000 Envelopes 6.5X6.5
Majestic,Silk,6 x 12,Horizontal,Rectangle,16PT C2S,No Coating,Silk,n/a,4/0,50,Score in Half,Moon Slits Right Panel,Yes 10000 Envelopes 6.5X6.5
Majestic,Silk,6 x 12,Vertical,Rectangle,16PT C2S,No Coating,Silk,n/a,4/4,25,Score in Half,Moon Slits Right Panel,Yes 10000 Envelopes 6.5X6.5
Majestic,Silk,6 x 12,Vertical,Rectangle,16PT C2S,No Coating,Silk,n/a,4/0,50,Score in Half,Moon Slits Right Panel,Yes 10000 Envelopes 6.5X6.5
Majestic,Silk,6 x 12,Horizontal,Rectangle,16PT C2S,No Coating,Silk,n/a,4/1,50,Score in Half,Moon Slits Right Panel,Yes 10000 Envelopes 6.5X6.5
Majestic,Silk,6 x 12,Vertical,Rectangle,16PT C2S,No Coating,Silk,n/a,4/1,50,Score in Half,Moon Slits Right Panel,Yes 10000 Envelopes 6.5X6.5
Majestic,Silk,6 x 12,Horizontal,Rectangle,16PT C2S,No Coating,Silk,n/a,4/4,50,Score in Half,Moon Slits Right Panel,Yes 10000 Envelopes 6.5X6.5
Majestic,Silk,6 x 12,Horizontal,Rectangle,16PT C2S,No Coating,Silk,n/a,4/0,75,Score in Half,Moon Slits Right Panel,Yes 10000 Envelopes 6.5X6.5
Majestic,Silk,6 x 12,Vertical,Rectangle,16PT C2S,No Coating,Silk,n/a,4/4,50,Score in Half,Moon Slits Right Panel,Yes 10000 Envelopes 6.5X6.5
Majestic,Silk,6 x 12,Vertical,Rectangle,16PT C2S,No Coating,Silk,n/a,4/1,75,Score in Half,Moon Slits Right Panel,Yes 10000 Envelopes 6.5X6.5
Majestic,Silk,6 x 12,Horizontal,Rectangle,16PT C2S,No Coating,Silk,n/a,4/1,75,Score in Half,Moon Slits Right Panel,Yes 10000 Envelopes 6.5X6.5
Majestic,Silk,6 x 12,Horizontal,Rectangle,16PT C2S,No Coating,Silk,n/a,4/4,75,Score in Half,Moon Slits Right Panel,Yes 10000 Envelopes 6.5X6.5
Majestic,Silk,6 x 12,Vertical,Rectangle,16PT C2S,No Coating,Silk,n/a,4/4,75,Score in Half,Moon Slits Right Panel,Yes 10000 Envelopes 6.5X6.5
Majestic,Silk,6 x 12,Horizontal,Rectangle,16PT C2S,No Coating,Silk,n/a,4/0,100,Score in Half,Moon Slits Right Panel,Yes 10000 Envelopes 6.5X6.5
Majestic,Silk,6 x 12,Vertical,Rectangle,16PT C2S,No Coating,Silk,n/a,4/0,100,Score in Half,Moon Slits Right Panel,Yes 10000 Envelopes 6.5X6.5
Majestic,Silk,6 x 12,Horizontal,Rectangle,16PT C2S,No Coating,Silk,n/a,4/1,100,Score in Half,Moon Slits Right Panel,Yes 10000 Envelopes 6.5X6.5
Majestic,Silk,6 x 12,Vertical,Rectangle,16PT C2S,No Coating,Silk,n/a,4/1,100,Score in Half,Moon Slits Right Panel,Yes 10000 Envelopes 6.5X6.5
Majestic,Silk,6 x 12,Horizontal,Rectangle,16PT C2S,No Coating,Silk,n/a,4/4,100,Score in Half,Moon Slits Right Panel,Yes 10000 Envelopes 6.5X6.5
Majestic,Silk,6 x 12,Vertical,Rectangle,16PT C2S,No Coating,Silk,n/a,4/4,100,Score in Half,Moon Slits Right Panel,Yes 10000 Envelopes 6.5X6.5
Majestic,Silk,6 x 12,Horizontal,Rectangle,16PT C2S,No Coating,Silk,n/a,4/0,250,Score in Half,Moon Slits Right Panel,Yes 10000 Envelopes 6.5X6.5
Majestic,Silk,6 x 12,Vertical,Rectangle,16PT C2S,No Coating,Silk,n/a,4/0,250,Score in Half,Moon Slits Right Panel,Yes 10000 Envelopes 6.5X6.5
Majestic,Silk,6 x 12,Horizontal,Rectangle,16PT C2S,No Coating,Silk,n/a,4/1,250,Score in Half,Moon Slits Right Panel,Yes 10000 Envelopes 6.5X6.5
Majestic,Silk,6 x 12,Vertical,Rectangle,16PT C2S,No Coating,Silk,n/a,4/1,250,Score in Half,Moon Slits Right Panel,Yes 10000 Envelopes 6.5X6.5
Majestic,Silk,6 x 12,Horizontal,Rectangle,16PT C2S,No Coating,Silk,n/a,4/4,250,Score in Half,Moon Slits Right Panel,Yes 10000 Envelopes 6.5X6.5
Majestic,Silk,6 x 12,Vertical,Rectangle,16PT C2S,No Coating,Silk,n/a,4/0,75,Score in Half,Moon Slits Right Panel,Yes 10000 Envelopes 6.5X6.5
Majestic,Silk,6 x 12,Vertical,Rectangle,16PT C2S,No Coating,Silk,n/a,4/4,250,Score in Half,Moon Slits Right Panel,Yes 10000 Envelopes 6.5X6.5
Majestic,Silk,6 x 12,Horizontal,Rectangle,16PT C2S,No Coating,Silk,n/a,4/0,500,Score in Half,Moon Slits Right Panel,Yes 10000 Envelopes 6.5X6.5
Majestic,Silk,6 x 12,Vertical,Rectangle,16PT C2S,No Coating,Silk,n/a,4/0,500,Score in Half,Moon Slits Right Panel,Yes 10000 Envelopes 6.5X6.5
Majestic,Silk,6 x 12,Vertical,Rectangle,16PT C2S,No Coating,Silk,n/a,4/1,500,Score in Half,Moon Slits Right Panel,Yes 10000 Envelopes 6.5X6.5
Majestic,Silk,6 x 12,Horizontal,Rectangle,16PT C2S,No Coating,Silk,n/a,4/4,500,Score in Half,Moon Slits Right Panel,Yes 10000 Envelopes 6.5X6.5
Majestic,Silk,6 x 12,Vertical,Rectangle,16PT C2S,No Coating,Silk,n/a,4/4,500,Score in Half,Moon Slits Right Panel,Yes 10000 Envelopes 6.5X6.5
Majestic,Silk,6 x 12,Horizontal,Rectangle,16PT C2S,No Coating,Silk,n/a,4/0,1000,Score in Half,Moon Slits Right Panel,Yes 10000 Envelopes 6.5X6.5
Majestic,Silk,6 x 12,Vertical,Rectangle,16PT C2S,No Coating,Silk,n/a,4/0,1000,Score in Half,Moon Slits Right Panel,Yes 10000 Envelopes 6.5X6.5
Majestic,Silk,6 x 12,Horizontal,Rectangle,16PT C2S,No Coating,Silk,n/a,4/1,500,Score in Half,Moon Slits Right Panel,Yes 10000 Envelopes 6.5X6.5
Majestic,Silk,6 x 12,Horizontal,Rectangle,16PT C2S,No Coating,Silk,n/a,4/1,1000,Score in Half,Moon Slits Right Panel,Yes 10000 Envelopes 6.5X6.5
Majestic,Silk,6 x 12,Vertical,Rectangle,16PT C2S,No Coating,Silk,n/a,4/1,1000,Score in Half,Moon Slits Right Panel,Yes 10000 Envelopes 6.5X6.5
Majestic,Silk,6 x 12,Horizontal,Rectangle,16PT C2S,No Coating,Silk,n/a,4/4,1000,Score in Half,Moon Slits Right Panel,Yes 10000 Envelopes 6.5X6.5
Majestic,Silk,6 x 12,Vertical,Rectangle,16PT C2S,No Coating,Silk,n/a,4/4,1000,Score in Half,Moon Slits Right Panel,Yes 10000 Envelopes 6.5X6.5
Majestic,Silk,6 x 12,Horizontal,Rectangle,16PT C2S,No Coating,Silk,n/a,4/0,2500,Score in Half,Moon Slits Right Panel,Yes 10000 Envelopes 6.5X6.5
Majestic,Silk,6 x 12,Vertical,Rectangle,16PT C2S,No Coating,Silk,n/a,4/0,2500,Score in Half,Moon Slits Right Panel,Yes 10000 Envelopes 6.5X6.5
Majestic,Silk,6 x 12,Horizontal,Rectangle,16PT C2S,No Coating,Silk,n/a,4/1,2500,Score in Half,Moon Slits Right Panel,Yes 10000 Envelopes 6.5X6.5
Majestic,Silk,6 x 12,Vertical,Rectangle,16PT C2S,No Coating,Silk,n/a,4/1,2500,Score in Half,Moon Slits Right Panel,Yes 10000 Envelopes 6.5X6.5
Majestic,Silk,6 x 12,Vertical,Rectangle,16PT C2S,No Coating,Silk,n/a,4/4,2500,Score in Half,Moon Slits Right Panel,Yes 10000 Envelopes 6.5X6.5
Majestic,Silk,6 x 12,Horizontal,Rectangle,16PT C2S,No Coating,Silk,n/a,4/0,5000,Score in Half,Moon Slits Right Panel,Yes 10000 Envelopes 6.5X6.5
Majestic,Silk,6 x 12,Vertical,Rectangle,16PT C2S,No Coating,Silk,n/a,4/0,5000,Score in Half,Moon Slits Right Panel,Yes 10000 Envelopes 6.5X6.5
Majestic,Silk,6 x 12,Horizontal,Rectangle,16PT C2S,No Coating,Silk,n/a,4/1,5000,Score in Half,Moon Slits Right Panel,Yes 10000 Envelopes 6.5X6.5
Majestic,Silk,6 x 12,Vertical,Rectangle,16PT C2S,No Coating,Silk,n/a,4/0,5000,Score in Half,Slide Slits Bottom Panel,Yes 5000 Envelopes 6.5X6.5
Majestic,Silk,6 x 12,Horizontal,Rectangle,16PT C2S,No Coating,Silk,n/a,4/4,5000,Score in Half,Moon Slits Right Panel,Yes 10000 Envelopes 6.5X6.5
Majestic,Silk,6 x 12,Horizontal,Rectangle,16PT C2S,No Coating,Silk,n/a,4/4,2500,Score in Half,Moon Slits Right Panel,Yes 10000 Envelopes 6.5X6.5
Majestic,Silk,6 x 12,Vertical,Rectangle,16PT C2S,No Coating,Silk,n/a,4/4,5000,Score in Half,Moon Slits Right Panel,Yes 10000 Envelopes 6.5X6.5
Majestic,Silk,6 x 12,Horizontal,Rectangle,16PT C2S,No Coating,Silk,n/a,4/0,10000,Score in Half,Moon Slits Right Panel,Yes 10000 Envelopes 6.5X6.5
Majestic,Silk,6 x 12,Vertical,Rectangle,16PT C2S,No Coating,Silk,n/a,4/0,10000,Score in Half,Moon Slits Right Panel,Yes 10000 Envelopes 6.5X6.5
Majestic,Silk,6 x 12,Vertical,Rectangle,16PT C2S,No Coating,Silk,n/a,4/1,5000,Score in Half,Moon Slits Right Panel,Yes 10000 Envelopes 6.5X6.5
Majestic,Silk,6 x 12,Horizontal,Rectangle,16PT C2S,No Coating,Silk,n/a,4/4,10000,Score in Half,Moon Slits Right Panel,Yes 10000 Envelopes 6.5X6.5
Majestic,Silk,6 x 12,Vertical,Rectangle,16PT C2S,No Coating,Silk,n/a,4/4,10000,Score in Half,Moon Slits Right Panel,Yes 10000 Envelopes 6.5X6.5
Majestic,Silk,6 x 12,Horizontal,Rectangle,16PT C2S,No Coating,Silk,n/a,4/0,25,Score in Half,No Gift Cards Slits,Yes 10000 Envelopes 6.5X6.5
Majestic,Silk,6 x 12,Vertical,Rectangle,16PT C2S,No Coating,Silk,n/a,4/0,25,Score in Half,No Gift Cards Slits,Yes 10000 Envelopes 6.5X6.5
Majestic,Silk,6 x 12,Horizontal,Rectangle,16PT C2S,No Coating,Silk,n/a,4/1,25,Score in Half,No Gift Cards Slits,Yes 10000 Envelopes 6.5X6.5
Majestic,Silk,6 x 12,Horizontal,Rectangle,16PT C2S,No Coating,Silk,n/a,4/1,10000,Score in Half,Moon Slits Right Panel,Yes 10000 Envelopes 6.5X6.5
Majestic,Silk,6 x 12,Horizontal,Rectangle,16PT C2S,No Coating,Silk,n/a,4/4,25,Score in Half,No Gift Cards Slits,Yes 10000 Envelopes 6.5X6.5
Majestic,Silk,6 x 12,Vertical,Rectangle,16PT C2S,No Coating,Silk,n/a,4/1,25,Score in Half,No Gift Cards Slits,Yes 10000 Envelopes 6.5X6.5
Majestic,Silk,6 x 12,Vertical,Rectangle,16PT C2S,No Coating,Silk,n/a,4/4,25,Score in Half,No Gift Cards Slits,Yes 10000 Envelopes 6.5X6.5
Majestic,Silk,6 x 12,Vertical,Rectangle,16PT C2S,No Coating,Silk,n/a,4/0,50,Score in Half,No Gift Cards Slits,Yes 10000 Envelopes 6.5X6.5
Majestic,Silk,6 x 12,Horizontal,Rectangle,16PT C2S,No Coating,Silk,n/a,4/0,50,Score in Half,No Gift Cards Slits,Yes 10000 Envelopes 6.5X6.5
Majestic,Silk,6 x 12,Vertical,Rectangle,16PT C2S,No Coating,Silk,n/a,4/1,50,Score in Half,No Gift Cards Slits,Yes 10000 Envelopes 6.5X6.5
Majestic,Silk,6 x 12,Horizontal,Rectangle,16PT C2S,No Coating,Silk,n/a,4/1,50,Score in Half,No Gift Cards Slits,Yes 10000 Envelopes 6.5X6.5
Majestic,Silk,6 x 12,Horizontal,Rectangle,16PT C2S,No Coating,Silk,n/a,4/4,50,Score in Half,No Gift Cards Slits,Yes 10000 Envelopes 6.5X6.5
Majestic,Silk,6 x 12,Vertical,Rectangle,16PT C2S,No Coating,Silk,n/a,4/4,50,Score in Half,No Gift Cards Slits,Yes 10000 Envelopes 6.5X6.5
Majestic,Silk,6 x 12,Vertical,Rectangle,16PT C2S,No Coating,Silk,n/a,4/0,75,Score in Half,No Gift Cards Slits,Yes 10000 Envelopes 6.5X6.5
Majestic,Silk,6 x 12,Vertical,Rectangle,16PT C2S,No Coating,Silk,n/a,4/4,100,Score in Half,No Gift Cards Slits,Yes 5000 Envelopes 6.5X6.5
Majestic,Silk,6 x 12,Horizontal,Rectangle,16PT C2S,No Coating,Silk,n/a,4/1,75,Score in Half,No Gift Cards Slits,Yes 10000 Envelopes 6.5X6.5
Majestic,Silk,6 x 12,Horizontal,Rectangle,16PT C2S,No Coating,Silk,n/a,4/1,50,Score in Half,Moon Slits Bottom Panel,Yes 10000 Envelopes 6.5X6.5
Majestic,Silk,6 x 12,Vertical,Rectangle,16PT C2S,No Coating,Silk,n/a,4/4,75,Score in Half,No Gift Cards Slits,Yes 10000 Envelopes 6.5X6.5
Majestic,Silk,6 x 12,Horizontal,Rectangle,16PT C2S,No Coating,Silk,n/a,4/0,100,Score in Half,No Gift Cards Slits,Yes 10000 Envelopes 6.5X6.5
Majestic,Silk,6 x 12,Vertical,Rectangle,16PT C2S,No Coating,Silk,n/a,4/1,75,Score in Half,No Gift Cards Slits,Yes 10000 Envelopes 6.5X6.5
Majestic,Silk,6 x 12,Horizontal,Rectangle,16PT C2S,No Coating,Silk,n/a,4/1,100,Score in Half,No Gift Cards Slits,Yes 10000 Envelopes 6.5X6.5
Majestic,Silk,6 x 12,Vertical,Rectangle,16PT C2S,No Coating,Silk,n/a,4/0,100,Score in Half,No Gift Cards Slits,Yes 10000 Envelopes 6.5X6.5
Majestic,Silk,6 x 12,Vertical,Rectangle,16PT C2S,No Coating,Silk,n/a,4/1,100,Score in Half,No Gift Cards Slits,Yes 10000 Envelopes 6.5X6.5
Majestic,Silk,6 x 12,Vertical,Rectangle,16PT C2S,No Coating,Silk,n/a,4/4,100,Score in Half,No Gift Cards Slits,Yes 10000 Envelopes 6.5X6.5
Majestic,Silk,6 x 12,Horizontal,Rectangle,16PT C2S,No Coating,Silk,n/a,4/0,250,Score in Half,No Gift Cards Slits,Yes 10000 Envelopes 6.5X6.5
Majestic,Silk,6 x 12,Vertical,Rectangle,16PT C2S,No Coating,Silk,n/a,4/0,250,Score in Half,No Gift Cards Slits,Yes 10000 Envelopes 6.5X6.5
Majestic,Silk,6 x 12,Horizontal,Rectangle,16PT C2S,No Coating,Silk,n/a,4/4,100,Score in Half,No Gift Cards Slits,Yes 10000 Envelopes 6.5X6.5
Majestic,Silk,6 x 12,Horizontal,Rectangle,16PT C2S,No Coating,Silk,n/a,4/1,250,Score in Half,No Gift Cards Slits,Yes 10000 Envelopes 6.5X6.5
Majestic,Silk,6 x 12,Vertical,Rectangle,16PT C2S,No Coating,Silk,n/a,4/1,250,Score in Half,No Gift Cards Slits,Yes 10000 Envelopes 6.5X6.5
Majestic,Silk,6 x 12,Horizontal,Rectangle,16PT C2S,No Coating,Silk,n/a,4/4,250,Score in Half,No Gift Cards Slits,Yes 10000 Envelopes 6.5X6.5
Majestic,Silk,6 x 12,Vertical,Rectangle,16PT C2S,No Coating,Silk,n/a,4/4,250,Score in Half,No Gift Cards Slits,Yes 10000 Envelopes 6.5X6.5
Majestic,Silk,6 x 12,Horizontal,Rectangle,16PT C2S,No Coating,Silk,n/a,4/0,500,Score in Half,No Gift Cards Slits,Yes 10000 Envelopes 6.5X6.5
Majestic,Silk,6 x 12,Horizontal,Rectangle,16PT C2S,No Coating,Silk,n/a,4/1,500,Score in Half,No Gift Cards Slits,Yes 10000 Envelopes 6.5X6.5
Majestic,Silk,6 x 12,Vertical,Rectangle,16PT C2S,No Coating,Silk,n/a,4/0,500,Score in Half,No Gift Cards Slits,Yes 10000 Envelopes 6.5X6.5
Majestic,Silk,6 x 12,Vertical,Rectangle,16PT C2S,No Coating,Silk,n/a,4/1,500,Score in Half,No Gift Cards Slits,Yes 10000 Envelopes 6.5X6.5
Majestic,Silk,6 x 12,Horizontal,Rectangle,16PT C2S,No Coating,Silk,n/a,4/4,500,Score in Half,No Gift Cards Slits,Yes 10000 Envelopes 6.5X6.5
Majestic,Silk,6 x 12,Horizontal,Rectangle,16PT C2S,No Coating,Silk,n/a,4/0,1000,Score in Half,No Gift Cards Slits,Yes 10000 Envelopes 6.5X6.5
Majestic,Silk,6 x 12,Vertical,Rectangle,16PT C2S,No Coating,Silk,n/a,4/4,500,Score in Half,No Gift Cards Slits,Yes 10000 Envelopes 6.5X6.5
Majestic,Silk,6 x 12,Horizontal,Rectangle,16PT C2S,No Coating,Silk,n/a,4/1,1000,Score in Half,No Gift Cards Slits,Yes 10000 Envelopes 6.5X6.5
Majestic,Silk,6 x 12,Vertical,Rectangle,16PT C2S,No Coating,Silk,n/a,4/1,1000,Score in Half,No Gift Cards Slits,Yes 10000 Envelopes 6.5X6.5
Majestic,Silk,6 x 12,Horizontal,Rectangle,16PT C2S,No Coating,Silk,n/a,4/4,1000,Score in Half,No Gift Cards Slits,Yes 10000 Envelopes 6.5X6.5
Majestic,Silk,6 x 12,Vertical,Rectangle,16PT C2S,No Coating,Silk,n/a,4/4,1000,Score in Half,No Gift Cards Slits,Yes 10000 Envelopes 6.5X6.5
Majestic,Silk,6 x 12,Vertical,Rectangle,16PT C2S,No Coating,Silk,n/a,4/0,1000,Score in Half,No Gift Cards Slits,Yes 10000 Envelopes 6.5X6.5
Majestic,Silk,6 x 12,Horizontal,Rectangle,16PT C2S,No Coating,Silk,n/a,4/0,2500,Score in Half,No Gift Cards Slits,Yes 10000 Envelopes 6.5X6.5
Majestic,Silk,6 x 12,Vertical,Rectangle,16PT C2S,No Coating,Silk,n/a,4/0,2500,Score in Half,No Gift Cards Slits,Yes 10000 Envelopes 6.5X6.5
Majestic,Silk,6 x 12,Horizontal,Rectangle,16PT C2S,No Coating,Silk,n/a,4/1,2500,Score in Half,No Gift Cards Slits,Yes 10000 Envelopes 6.5X6.5
Majestic,Silk,6 x 12,Horizontal,Rectangle,16PT C2S,No Coating,Silk,n/a,4/4,2500,Score in Half,No Gift Cards Slits,Yes 10000 Envelopes 6.5X6.5
Majestic,Silk,6 x 12,Vertical,Rectangle,16PT C2S,No Coating,Silk,n/a,4/4,2500,Score in Half,No Gift Cards Slits,Yes 10000 Envelopes 6.5X6.5
Majestic,Silk,6 x 12,Horizontal,Rectangle,16PT C2S,No Coating,Silk,n/a,4/0,5000,Score in Half,No Gift Cards Slits,Yes 10000 Envelopes 6.5X6.5
Majestic,Silk,6 x 12,Vertical,Rectangle,16PT C2S,No Coating,Silk,n/a,4/0,5000,Score in Half,No Gift Cards Slits,Yes 10000 Envelopes 6.5X6.5
Majestic,Silk,6 x 12,Horizontal,Rectangle,16PT C2S,No Coating,Silk,n/a,4/1,5000,Score in Half,No Gift Cards Slits,Yes 10000 Envelopes 6.5X6.5
Majestic,Silk,6 x 12,Vertical,Rectangle,16PT C2S,No Coating,Silk,n/a,4/1,2500,Score in Half,No Gift Cards Slits,Yes 10000 Envelopes 6.5X6.5
Majestic,Silk,6 x 12,Vertical,Rectangle,16PT C2S,No Coating,Silk,n/a,4/1,5000,Score in Half,No Gift Cards Slits,Yes 10000 Envelopes 6.5X6.5
Majestic,Silk,6 x 12,Horizontal,Rectangle,16PT C2S,No Coating,Silk,n/a,4/4,5000,Score in Half,No Gift Cards Slits,Yes 10000 Envelopes 6.5X6.5
Majestic,Silk,6 x 12,Vertical,Rectangle,16PT C2S,No Coating,Silk,n/a,4/1,10000,Score in Half,Moon Slits Right Panel,Yes 10000 Envelopes 6.5X6.5
Majestic,Silk,6 x 12,Vertical,Rectangle,16PT C2S,No Coating,Silk,n/a,4/0,10000,Score in Half,No Gift Cards Slits,Yes 10000 Envelopes 6.5X6.5
Majestic,Silk,6 x 12,Horizontal,Rectangle,16PT C2S,No Coating,Silk,n/a,4/0,10000,Score in Half,No Gift Cards Slits,Yes 10000 Envelopes 6.5X6.5
Majestic,Silk,6 x 12,Horizontal,Rectangle,16PT C2S,No Coating,Silk,n/a,4/1,10000,Score in Half,No Gift Cards Slits,Yes 10000 Envelopes 6.5X6.5
Majestic,Silk,6 x 12,Vertical,Rectangle,16PT C2S,No Coating,Silk,n/a,4/1,10000,Score in Half,No Gift Cards Slits,Yes 10000 Envelopes 6.5X6.5
Majestic,Silk,6 x 12,Horizontal,Rectangle,16PT C2S,No Coating,Silk,n/a,4/4,10000,Score in Half,No Gift Cards Slits,Yes 10000 Envelopes 6.5X6.5
Majestic,Silk,6 x 12,Horizontal,Rectangle,16PT C2S,No Coating,Silk,n/a,4/0,25,Score in Half,Slide Slits Bottom Panel,Yes 10000 Envelopes 6.5X6.5
Majestic,Silk,6 x 12,Vertical,Rectangle,16PT C2S,No Coating,Silk,n/a,4/0,25,Score in Half,Slide Slits Bottom Panel,Yes 10000 Envelopes 6.5X6.5
Majestic,Silk,6 x 12,Horizontal,Rectangle,16PT C2S,No Coating,Silk,n/a,4/1,25,Score in Half,Slide Slits Bottom Panel,Yes 10000 Envelopes 6.5X6.5
Majestic,Silk,6 x 12,Vertical,Rectangle,16PT C2S,No Coating,Silk,n/a,4/4,10000,Score in Half,No Gift Cards Slits,Yes 10000 Envelopes 6.5X6.5
Majestic,Silk,6 x 12,Vertical,Rectangle,16PT C2S,No Coating,Silk,n/a,4/1,25,Score in Half,Slide Slits Bottom Panel,Yes 10000 Envelopes 6.5X6.5
Majestic,Silk,6 x 12,Horizontal,Rectangle,16PT C2S,No Coating,Silk,n/a,4/4,25,Score in Half,Slide Slits Bottom Panel,Yes 10000 Envelopes 6.5X6.5
Majestic,Silk,6 x 12,Vertical,Rectangle,16PT C2S,No Coating,Silk,n/a,4/4,25,Score in Half,Slide Slits Bottom Panel,Yes 10000 Envelopes 6.5X6.5
Majestic,Silk,6 x 12,Vertical,Rectangle,16PT C2S,No Coating,Silk,n/a,4/0,50,Score in Half,Slide Slits Bottom Panel,Yes 10000 Envelopes 6.5X6.5
Majestic,Silk,6 x 12,Vertical,Rectangle,16PT C2S,No Coating,Silk,n/a,4/1,50,Score in Half,Slide Slits Bottom Panel,Yes 10000 Envelopes 6.5X6.5
Majestic,Silk,6 x 12,Horizontal,Rectangle,16PT C2S,No Coating,Silk,n/a,4/1,50,Score in Half,Slide Slits Bottom Panel,Yes 10000 Envelopes 6.5X6.5
Majestic,Silk,6 x 12,Horizontal,Rectangle,16PT C2S,No Coating,Silk,n/a,4/4,50,Score in Half,Slide Slits Bottom Panel,Yes 10000 Envelopes 6.5X6.5
Majestic,Silk,6 x 12,Horizontal,Rectangle,16PT C2S,No Coating,Silk,n/a,4/0,50,Score in Half,Slide Slits Bottom Panel,Yes 10000 Envelopes 6.5X6.5
Majestic,Silk,6 x 12,Vertical,Rectangle,16PT C2S,No Coating,Silk,n/a,4/4,50,Score in Half,Slide Slits Bottom Panel,Yes 10000 Envelopes 6.5X6.5
Majestic,Silk,6 x 12,Horizontal,Rectangle,16PT C2S,No Coating,Silk,n/a,4/0,75,Score in Half,Slide Slits Bottom Panel,Yes 10000 Envelopes 6.5X6.5
Majestic,Silk,6 x 12,Vertical,Rectangle,16PT C2S,No Coating,Silk,n/a,4/0,75,Score in Half,Slide Slits Bottom Panel,Yes 10000 Envelopes 6.5X6.5
Majestic,Silk,6 x 12,Horizontal,Rectangle,16PT C2S,No Coating,Silk,n/a,4/4,75,Score in Half,Slide Slits Bottom Panel,Yes 10000 Envelopes 6.5X6.5
Majestic,Silk,6 x 12,Vertical,Rectangle,16PT C2S,No Coating,Silk,n/a,4/4,75,Score in Half,Slide Slits Bottom Panel,Yes 10000 Envelopes 6.5X6.5
Majestic,Silk,6 x 12,Vertical,Rectangle,16PT C2S,No Coating,Silk,n/a,4/1,75,Score in Half,Slide Slits Bottom Panel,Yes 10000 Envelopes 6.5X6.5
Majestic,Silk,6 x 12,Vertical,Rectangle,16PT C2S,No Coating,Silk,n/a,4/0,100,Score in Half,Slide Slits Bottom Panel,Yes 10000 Envelopes 6.5X6.5
Majestic,Silk,6 x 12,Horizontal,Rectangle,16PT C2S,No Coating,Silk,n/a,4/0,100,Score in Half,Slide Slits Bottom Panel,Yes 10000 Envelopes 6.5X6.5
Majestic,Silk,6 x 12,Horizontal,Rectangle,16PT C2S,No Coating,Silk,n/a,4/1,100,Score in Half,Slide Slits Bottom Panel,Yes 10000 Envelopes 6.5X6.5
Majestic,Silk,6 x 12,Horizontal,Rectangle,16PT C2S,No Coating,Silk,n/a,4/1,75,Score in Half,Slide Slits Bottom Panel,Yes 10000 Envelopes 6.5X6.5
Majestic,Silk,6 x 12,Vertical,Rectangle,16PT C2S,No Coating,Silk,n/a,4/1,100,Score in Half,Slide Slits Bottom Panel,Yes 10000 Envelopes 6.5X6.5
Majestic,Silk,6 x 12,Vertical,Rectangle,16PT C2S,No Coating,Silk,n/a,4/4,100,Score in Half,Slide Slits Bottom Panel,Yes 10000 Envelopes 6.5X6.5
Majestic,Silk,6 x 12,Horizontal,Rectangle,16PT C2S,No Coating,Silk,n/a,4/4,100,Score in Half,Slide Slits Bottom Panel,Yes 10000 Envelopes 6.5X6.5
Majestic,Silk,6 x 12,Horizontal,Rectangle,16PT C2S,No Coating,Silk,n/a,4/0,250,Score in Half,Slide Slits Bottom Panel,Yes 10000 Envelopes 6.5X6.5
Majestic,Silk,6 x 12,Vertical,Rectangle,16PT C2S,No Coating,Silk,n/a,4/0,250,Score in Half,Slide Slits Bottom Panel,Yes 10000 Envelopes 6.5X6.5
Majestic,Silk,6 x 12,Horizontal,Rectangle,16PT C2S,No Coating,Silk,n/a,4/1,250,Score in Half,Slide Slits Bottom Panel,Yes 10000 Envelopes 6.5X6.5
Majestic,Silk,6 x 12,Vertical,Rectangle,16PT C2S,No Coating,Silk,n/a,4/1,250,Score in Half,Slide Slits Bottom Panel,Yes 10000 Envelopes 6.5X6.5
Majestic,Silk,6 x 12,Horizontal,Rectangle,16PT C2S,No Coating,Silk,n/a,4/4,250,Score in Half,Slide Slits Bottom Panel,Yes 10000 Envelopes 6.5X6.5
Majestic,Silk,6 x 12,Vertical,Rectangle,16PT C2S,No Coating,Silk,n/a,4/4,250,Score in Half,Slide Slits Bottom Panel,Yes 10000 Envelopes 6.5X6.5
Majestic,Silk,6 x 12,Vertical,Rectangle,16PT C2S,No Coating,Silk,n/a,4/0,500,Score in Half,Slide Slits Bottom Panel,Yes 10000 Envelopes 6.5X6.5
Majestic,Silk,6 x 12,Horizontal,Rectangle,16PT C2S,No Coating,Silk,n/a,4/0,500,Score in Half,Slide Slits Bottom Panel,Yes 10000 Envelopes 6.5X6.5
Majestic,Silk,6 x 12,Horizontal,Rectangle,16PT C2S,No Coating,Silk,n/a,4/1,500,Score in Half,Slide Slits Bottom Panel,Yes 10000 Envelopes 6.5X6.5
Majestic,Silk,6 x 12,Vertical,Rectangle,16PT C2S,No Coating,Silk,n/a,4/1,500,Score in Half,Slide Slits Bottom Panel,Yes 10000 Envelopes 6.5X6.5
Majestic,Silk,6 x 12,Horizontal,Rectangle,16PT C2S,No Coating,Silk,n/a,4/4,500,Score in Half,Slide Slits Bottom Panel,Yes 10000 Envelopes 6.5X6.5
Majestic,Silk,6 x 12,Vertical,Rectangle,16PT C2S,No Coating,Silk,n/a,4/4,500,Score in Half,Slide Slits Bottom Panel,Yes 10000 Envelopes 6.5X6.5
Majestic,Silk,6 x 12,Horizontal,Rectangle,16PT C2S,No Coating,Silk,n/a,4/0,1000,Score in Half,Slide Slits Bottom Panel,Yes 10000 Envelopes 6.5X6.5
Majestic,Silk,6 x 12,Vertical,Rectangle,16PT C2S,No Coating,Silk,n/a,4/0,1000,Score in Half,Slide Slits Bottom Panel,Yes 10000 Envelopes 6.5X6.5
Majestic,Silk,6 x 12,Horizontal,Rectangle,16PT C2S,No Coating,Silk,n/a,4/1,1000,Score in Half,Slide Slits Bottom Panel,Yes 10000 Envelopes 6.5X6.5
Majestic,Silk,6 x 12,Vertical,Rectangle,16PT C2S,No Coating,Silk,n/a,4/1,1000,Score in Half,Slide Slits Bottom Panel,Yes 10000 Envelopes 6.5X6.5
Majestic,Silk,6 x 12,Horizontal,Rectangle,16PT C2S,No Coating,Silk,n/a,4/4,1000,Score in Half,Slide Slits Bottom Panel,Yes 10000 Envelopes 6.5X6.5
Majestic,Silk,6 x 12,Vertical,Rectangle,16PT C2S,No Coating,Silk,n/a,4/4,1000,Score in Half,Slide Slits Bottom Panel,Yes 10000 Envelopes 6.5X6.5
Majestic,Silk,6 x 12,Vertical,Rectangle,16PT C2S,No Coating,Silk,n/a,4/0,2500,Score in Half,Slide Slits Bottom Panel,Yes 10000 Envelopes 6.5X6.5
Majestic,Silk,6 x 12,Horizontal,Rectangle,16PT C2S,No Coating,Silk,n/a,4/0,2500,Score in Half,Slide Slits Bottom Panel,Yes 10000 Envelopes 6.5X6.5
Majestic,Silk,6 x 12,Horizontal,Rectangle,16PT C2S,No Coating,Silk,n/a,4/1,2500,Score in Half,Slide Slits Bottom Panel,Yes 10000 Envelopes 6.5X6.5
Majestic,Silk,6 x 12,Horizontal,Rectangle,16PT C2S,No Coating,Silk,n/a,4/4,2500,Score in Half,Slide Slits Bottom Panel,Yes 10000 Envelopes 6.5X6.5
Majestic,Silk,6 x 12,Horizontal,Rectangle,16PT C2S,No Coating,Silk,n/a,4/0,5000,Score in Half,Slide Slits Bottom Panel,Yes 10000 Envelopes 6.5X6.5
Majestic,Silk,6 x 12,Vertical,Rectangle,16PT C2S,No Coating,Silk,n/a,4/1,2500,Score in Half,Slide Slits Bottom Panel,Yes 10000 Envelopes 6.5X6.5
Majestic,Silk,6 x 12,Vertical,Rectangle,16PT C2S,No Coating,Silk,n/a,4/4,2500,Score in Half,Slide Slits Bottom Panel,Yes 10000 Envelopes 6.5X6.5
Majestic,Silk,6 x 12,Vertical,Rectangle,16PT C2S,No Coating,Silk,n/a,4/0,5000,Score in Half,Slide Slits Bottom Panel,Yes 10000 Envelopes 6.5X6.5
Majestic,Silk,6 x 12,Horizontal,Rectangle,16PT C2S,No Coating,Silk,n/a,4/1,5000,Score in Half,Slide Slits Bottom Panel,Yes 10000 Envelopes 6.5X6.5
Majestic,Silk,6 x 12,Vertical,Rectangle,16PT C2S,No Coating,Silk,n/a,4/1,5000,Score in Half,Slide Slits Bottom Panel,Yes 10000 Envelopes 6.5X6.5
Majestic,Silk,6 x 12,Horizontal,Rectangle,16PT C2S,No Coating,Silk,n/a,4/4,5000,Score in Half,Slide Slits Bottom Panel,Yes 10000 Envelopes 6.5X6.5
Majestic,Silk,6 x 12,Vertical,Rectangle,16PT C2S,No Coating,Silk,n/a,4/4,5000,Score in Half,Slide Slits Bottom Panel,Yes 10000 Envelopes 6.5X6.5
Majestic,Silk,6 x 12,Horizontal,Rectangle,16PT C2S,No Coating,Silk,n/a,4/0,10000,Score in Half,Slide Slits Bottom Panel,Yes 10000 Envelopes 6.5X6.5
Majestic,Silk,6 x 12,Vertical,Rectangle,16PT C2S,No Coating,Silk,n/a,4/0,10000,Score in Half,Slide Slits Bottom Panel,Yes 10000 Envelopes 6.5X6.5
Majestic,Silk,6 x 12,Horizontal,Rectangle,16PT C2S,No Coating,Silk,n/a,4/1,10000,Score in Half,Slide Slits Bottom Panel,Yes 10000 Envelopes 6.5X6.5
Majestic,Silk,6 x 12,Vertical,Rectangle,16PT C2S,No Coating,Silk,n/a,4/1,10000,Score in Half,Slide Slits Bottom Panel,Yes 10000 Envelopes 6.5X6.5
Majestic,Silk,6 x 12,Horizontal,Rectangle,16PT C2S,No Coating,Silk,n/a,4/4,10000,Score in Half,Slide Slits Bottom Panel,Yes 10000 Envelopes 6.5X6.5
Majestic,Silk,6 x 12,Vertical,Rectangle,16PT C2S,No Coating,Silk,n/a,4/4,10000,Score in Half,Slide Slits Bottom Panel,Yes 10000 Envelopes 6.5X6.5
Majestic,Silk,6 x 12,Horizontal,Rectangle,16PT C2S,No Coating,Silk,n/a,4/0,25,Score in Half,Slide Slits Right Panel,Yes 10000 Envelopes 6.5X6.5
Majestic,Silk,6 x 12,Vertical,Rectangle,16PT C2S,No Coating,Silk,n/a,4/0,25,Score in Half,Slide Slits Right Panel,Yes 10000 Envelopes 6.5X6.5
Majestic,Silk,6 x 12,Horizontal,Rectangle,16PT C2S,No Coating,Silk,n/a,4/1,25,Score in Half,Slide Slits Right Panel,Yes 10000 Envelopes 6.5X6.5
Majestic,Silk,6 x 12,Vertical,Rectangle,16PT C2S,No Coating,Silk,n/a,4/1,25,Score in Half,Slide Slits Right Panel,Yes 10000 Envelopes 6.5X6.5
Majestic,Silk,6 x 12,Vertical,Rectangle,16PT C2S,No Coating,Silk,n/a,4/4,25,Score in Half,Slide Slits Right Panel,Yes 10000 Envelopes 6.5X6.5
Majestic,Silk,6 x 12,Horizontal,Rectangle,16PT C2S,No Coating,Silk,n/a,4/4,25,Score in Half,Slide Slits Right Panel,Yes 10000 Envelopes 6.5X6.5
Majestic,Silk,6 x 12,Horizontal,Rectangle,16PT C2S,No Coating,Silk,n/a,4/0,50,Score in Half,Slide Slits Right Panel,Yes 10000 Envelopes 6.5X6.5
Majestic,Silk,6 x 12,Vertical,Rectangle,16PT C2S,No Coating,Silk,n/a,4/0,50,Score in Half,Slide Slits Right Panel,Yes 10000 Envelopes 6.5X6.5
Majestic,Silk,6 x 12,Horizontal,Rectangle,16PT C2S,No Coating,Silk,n/a,4/1,50,Score in Half,Slide Slits Right Panel,Yes 10000 Envelopes 6.5X6.5
Majestic,Silk,6 x 12,Horizontal,Rectangle,16PT C2S,No Coating,Silk,n/a,4/4,50,Score in Half,Slide Slits Right Panel,Yes 10000 Envelopes 6.5X6.5
Majestic,Silk,6 x 12,Vertical,Rectangle,16PT C2S,No Coating,Silk,n/a,4/1,50,Score in Half,Slide Slits Right Panel,Yes 10000 Envelopes 6.5X6.5
Majestic,Silk,6 x 12,Vertical,Rectangle,16PT C2S,No Coating,Silk,n/a,4/4,50,Score in Half,Slide Slits Right Panel,Yes 10000 Envelopes 6.5X6.5
Majestic,Silk,6 x 12,Horizontal,Rectangle,16PT C2S,No Coating,Silk,n/a,4/0,75,Score in Half,Slide Slits Right Panel,Yes 10000 Envelopes 6.5X6.5
Majestic,Silk,6 x 12,Vertical,Rectangle,16PT C2S,No Coating,Silk,n/a,4/0,75,Score in Half,Slide Slits Right Panel,Yes 10000 Envelopes 6.5X6.5
Majestic,Silk,6 x 12,Vertical,Rectangle,16PT C2S,No Coating,Silk,n/a,4/1,75,Score in Half,Slide Slits Right Panel,Yes 10000 Envelopes 6.5X6.5
Majestic,Silk,6 x 12,Horizontal,Rectangle,16PT C2S,No Coating,Silk,n/a,4/4,75,Score in Half,Slide Slits Right Panel,Yes 10000 Envelopes 6.5X6.5
Majestic,Silk,6 x 12,Horizontal,Rectangle,16PT C2S,No Coating,Silk,n/a,4/1,75,Score in Half,Slide Slits Right Panel,Yes 10000 Envelopes 6.5X6.5
Majestic,Silk,6 x 12,Vertical,Rectangle,16PT C2S,No Coating,Silk,n/a,4/4,75,Score in Half,Slide Slits Right Panel,Yes 10000 Envelopes 6.5X6.5
Majestic,Silk,6 x 12,Horizontal,Rectangle,16PT C2S,No Coating,Silk,n/a,4/0,100,Score in Half,Slide Slits Right Panel,Yes 10000 Envelopes 6.5X6.5
Majestic,Silk,6 x 12,Vertical,Rectangle,16PT C2S,No Coating,Silk,n/a,4/0,100,Score in Half,Slide Slits Right Panel,Yes 10000 Envelopes 6.5X6.5
Majestic,Silk,6 x 12,Horizontal,Rectangle,16PT C2S,No Coating,Silk,n/a,4/1,100,Score in Half,Slide Slits Right Panel,Yes 10000 Envelopes 6.5X6.5
Majestic,Silk,6 x 12,Vertical,Rectangle,16PT C2S,No Coating,Silk,n/a,4/1,100,Score in Half,Slide Slits Right Panel,Yes 10000 Envelopes 6.5X6.5
Majestic,Silk,6 x 12,Horizontal,Rectangle,16PT C2S,No Coating,Silk,n/a,4/4,100,Score in Half,Slide Slits Right Panel,Yes 10000 Envelopes 6.5X6.5
Majestic,Silk,6 x 12,Vertical,Rectangle,16PT C2S,No Coating,Silk,n/a,4/4,100,Score in Half,Slide Slits Right Panel,Yes 10000 Envelopes 6.5X6.5
Majestic,Silk,6 x 12,Horizontal,Rectangle,16PT C2S,No Coating,Silk,n/a,4/0,250,Score in Half,Slide Slits Right Panel,Yes 10000 Envelopes 6.5X6.5
Majestic,Silk,6 x 12,Vertical,Rectangle,16PT C2S,No Coating,Silk,n/a,4/0,250,Score in Half,Slide Slits Right Panel,Yes 10000 Envelopes 6.5X6.5
Majestic,Silk,6 x 12,Horizontal,Rectangle,16PT C2S,No Coating,Silk,n/a,4/1,250,Score in Half,Slide Slits Right Panel,Yes 10000 Envelopes 6.5X6.5
Majestic,Silk,6 x 12,Vertical,Rectangle,16PT C2S,No Coating,Silk,n/a,4/1,250,Score in Half,Slide Slits Right Panel,Yes 10000 Envelopes 6.5X6.5
Majestic,Silk,6 x 12,Horizontal,Rectangle,16PT C2S,No Coating,Silk,n/a,4/4,250,Score in Half,Slide Slits Right Panel,Yes 10000 Envelopes 6.5X6.5
Majestic,Silk,6 x 12,Vertical,Rectangle,16PT C2S,No Coating,Silk,n/a,4/4,5000,Score in Half,No Gift Cards Slits,Yes 10000 Envelopes 6.5X6.5
Majestic,Silk,6 x 12,Horizontal,Rectangle,16PT C2S,No Coating,Silk,n/a,4/0,500,Score in Half,Slide Slits Right Panel,Yes 10000 Envelopes 6.5X6.5
Majestic,Silk,6 x 12,Vertical,Rectangle,16PT C2S,No Coating,Silk,n/a,4/0,500,Score in Half,Slide Slits Right Panel,Yes 10000 Envelopes 6.5X6.5
Majestic,Silk,6 x 12,Horizontal,Rectangle,16PT C2S,No Coating,Silk,n/a,4/1,500,Score in Half,Slide Slits Right Panel,Yes 10000 Envelopes 6.5X6.5
Majestic,Silk,6 x 12,Vertical,Rectangle,16PT C2S,No Coating,Silk,n/a,4/1,500,Score in Half,Slide Slits Right Panel,Yes 10000 Envelopes 6.5X6.5
Majestic,Silk,6 x 12,Horizontal,Rectangle,16PT C2S,No Coating,Silk,n/a,4/4,500,Score in Half,Slide Slits Right Panel,Yes 10000 Envelopes 6.5X6.5
Majestic,Silk,6 x 12,Vertical,Rectangle,16PT C2S,No Coating,Silk,n/a,4/4,500,Score in Half,Slide Slits Right Panel,Yes 10000 Envelopes 6.5X6.5
Majestic,Silk,6 x 12,Horizontal,Rectangle,16PT C2S,No Coating,Silk,n/a,4/0,1000,Score in Half,Slide Slits Right Panel,Yes 10000 Envelopes 6.5X6.5
Majestic,Silk,6 x 12,Vertical,Rectangle,16PT C2S,No Coating,Silk,n/a,4/0,1000,Score in Half,Slide Slits Right Panel,Yes 10000 Envelopes 6.5X6.5
Majestic,Silk,6 x 12,Horizontal,Rectangle,16PT C2S,No Coating,Silk,n/a,4/1,1000,Score in Half,Slide Slits Right Panel,Yes 10000 Envelopes 6.5X6.5
Majestic,Silk,6 x 12,Vertical,Rectangle,16PT C2S,No Coating,Silk,n/a,4/1,1000,Score in Half,Slide Slits Right Panel,Yes 10000 Envelopes 6.5X6.5
Majestic,Silk,6 x 12,Horizontal,Rectangle,16PT C2S,No Coating,Silk,n/a,4/4,1000,Score in Half,Slide Slits Right Panel,Yes 10000 Envelopes 6.5X6.5
Majestic,Silk,6 x 12,Horizontal,Rectangle,16PT C2S,No Coating,Silk,n/a,4/0,2500,Score in Half,Slide Slits Right Panel,Yes 10000 Envelopes 6.5X6.5
Majestic,Silk,6 x 12,Vertical,Rectangle,16PT C2S,No Coating,Silk,n/a,4/4,1000,Score in Half,Slide Slits Right Panel,Yes 10000 Envelopes 6.5X6.5
Majestic,Silk,6 x 12,Vertical,Rectangle,16PT C2S,No Coating,Silk,n/a,4/0,2500,Score in Half,Slide Slits Right Panel,Yes 10000 Envelopes 6.5X6.5
Majestic,Silk,6 x 12,Horizontal,Rectangle,16PT C2S,No Coating,Silk,n/a,4/1,2500,Score in Half,Slide Slits Right Panel,Yes 10000 Envelopes 6.5X6.5
Majestic,Silk,6 x 12,Vertical,Rectangle,16PT C2S,No Coating,Silk,n/a,4/1,2500,Score in Half,Slide Slits Right Panel,Yes 10000 Envelopes 6.5X6.5
Majestic,Silk,6 x 12,Horizontal,Rectangle,16PT C2S,No Coating,Silk,n/a,4/4,2500,Score in Half,Slide Slits Right Panel,Yes 10000 Envelopes 6.5X6.5
Majestic,Silk,6 x 12,Vertical,Rectangle,16PT C2S,No Coating,Silk,n/a,4/4,2500,Score in Half,Slide Slits Right Panel,Yes 10000 Envelopes 6.5X6.5
Majestic,Silk,6 x 12,Horizontal,Rectangle,16PT C2S,No Coating,Silk,n/a,4/0,5000,Score in Half,Slide Slits Right Panel,Yes 10000 Envelopes 6.5X6.5
Majestic,Silk,6 x 12,Vertical,Rectangle,16PT C2S,No Coating,Silk,n/a,4/0,5000,Score in Half,Slide Slits Right Panel,Yes 10000 Envelopes 6.5X6.5
Majestic,Silk,6 x 12,Horizontal,Rectangle,16PT C2S,No Coating,Silk,n/a,4/1,5000,Score in Half,Slide Slits Right Panel,Yes 10000 Envelopes 6.5X6.5
Majestic,Silk,6 x 12,Vertical,Rectangle,16PT C2S,No Coating,Silk,n/a,4/1,5000,Score in Half,Slide Slits Right Panel,Yes 10000 Envelopes 6.5X6.5
Majestic,Silk,6 x 12,Horizontal,Rectangle,16PT C2S,No Coating,Silk,n/a,4/4,5000,Score in Half,Slide Slits Right Panel,Yes 10000 Envelopes 6.5X6.5
Majestic,Silk,6 x 12,Horizontal,Rectangle,16PT C2S,No Coating,Silk,n/a,4/0,10000,Score in Half,Slide Slits Right Panel,Yes 10000 Envelopes 6.5X6.5
Majestic,Silk,6 x 12,Vertical,Rectangle,16PT C2S,No Coating,Silk,n/a,4/4,5000,Score in Half,Slide Slits Right Panel,Yes 10000 Envelopes 6.5X6.5
Majestic,Silk,6 x 12,Vertical,Rectangle,16PT C2S,No Coating,Silk,n/a,4/0,10000,Score in Half,Slide Slits Right Panel,Yes 10000 Envelopes 6.5X6.5
Majestic,Silk,6 x 12,Horizontal,Rectangle,16PT C2S,No Coating,Silk,n/a,4/1,10000,Score in Half,Slide Slits Right Panel,Yes 10000 Envelopes 6.5X6.5
Majestic,Silk,6 x 12,Vertical,Rectangle,16PT C2S,No Coating,Silk,n/a,4/1,10000,Score in Half,Slide Slits Right Panel,Yes 10000 Envelopes 6.5X6.5
Majestic,Silk,6 x 12,Horizontal,Rectangle,16PT C2S,No Coating,Silk,n/a,4/4,10000,Score in Half,Slide Slits Right Panel,Yes 10000 Envelopes 6.5X6.5
Majestic,Silk,6 x 12,Vertical,Rectangle,16PT C2S,No Coating,Silk,n/a,4/4,10000,Score in Half,Slide Slits Right Panel,Yes 10000 Envelopes 6.5X6.5
Majestic,Silk,7 x 10,Horizontal,Rectangle,16PT C2S,No Coating,Silk,n/a,4/0,25,Score in Half,Moon Slits Bottom Panel,No Blank Envelopes
Majestic,Silk,7 x 10,Vertical,Rectangle,16PT C2S,No Coating,Silk,n/a,4/0,25,Score in Half,Moon Slits Bottom Panel,No Blank Envelopes
Majestic,Silk,7 x 10,Horizontal,Rectangle,16PT C2S,No Coating,Silk,n/a,4/1,25,Score in Half,Moon Slits Bottom Panel,No Blank Envelopes
Majestic,Silk,7 x 10,Horizontal,Rectangle,16PT C2S,No Coating,Silk,n/a,4/4,25,Score in Half,Moon Slits Bottom Panel,No Blank Envelopes
Majestic,Silk,7 x 10,Vertical,Rectangle,16PT C2S,No Coating,Silk,n/a,4/4,25,Score in Half,Moon Slits Bottom Panel,No Blank Envelopes
Majestic,Silk,7 x 10,Horizontal,Rectangle,16PT C2S,No Coating,Silk,n/a,4/0,50,Score in Half,Moon Slits Bottom Panel,No Blank Envelopes
Majestic,Silk,7 x 10,Vertical,Rectangle,16PT C2S,No Coating,Silk,n/a,4/0,50,Score in Half,Moon Slits Bottom Panel,No Blank Envelopes
Majestic,Silk,7 x 10,Horizontal,Rectangle,16PT C2S,No Coating,Silk,n/a,4/1,50,Score in Half,Moon Slits Bottom Panel,No Blank Envelopes
Majestic,Silk,7 x 10,Vertical,Rectangle,16PT C2S,No Coating,Silk,n/a,4/1,50,Score in Half,Moon Slits Bottom Panel,No Blank Envelopes
Majestic,Silk,7 x 10,Horizontal,Rectangle,16PT C2S,No Coating,Silk,n/a,4/4,50,Score in Half,Moon Slits Bottom Panel,No Blank Envelopes
Majestic,Silk,7 x 10,Horizontal,Rectangle,16PT C2S,No Coating,Silk,n/a,4/0,75,Score in Half,Moon Slits Bottom Panel,No Blank Envelopes
Majestic,Silk,7 x 10,Vertical,Rectangle,16PT C2S,No Coating,Silk,n/a,4/1,25,Score in Half,Moon Slits Bottom Panel,No Blank Envelopes
Majestic,Silk,7 x 10,Vertical,Rectangle,16PT C2S,No Coating,Silk,n/a,4/0,75,Score in Half,Moon Slits Bottom Panel,No Blank Envelopes
Majestic,Silk,7 x 10,Horizontal,Rectangle,16PT C2S,No Coating,Silk,n/a,4/1,75,Score in Half,Moon Slits Bottom Panel,No Blank Envelopes
Majestic,Silk,7 x 10,Vertical,Rectangle,16PT C2S,No Coating,Silk,n/a,4/4,50,Score in Half,Moon Slits Bottom Panel,No Blank Envelopes
Majestic,Silk,7 x 10,Vertical,Rectangle,16PT C2S,No Coating,Silk,n/a,4/4,75,Score in Half,Moon Slits Bottom Panel,No Blank Envelopes
Majestic,Silk,7 x 10,Horizontal,Rectangle,16PT C2S,No Coating,Silk,n/a,4/4,75,Score in Half,Moon Slits Bottom Panel,No Blank Envelopes
Majestic,Silk,7 x 10,Horizontal,Rectangle,16PT C2S,No Coating,Silk,n/a,4/0,100,Score in Half,Moon Slits Bottom Panel,No Blank Envelopes
Majestic,Silk,7 x 10,Vertical,Rectangle,16PT C2S,No Coating,Silk,n/a,4/0,100,Score in Half,Moon Slits Bottom Panel,No Blank Envelopes
Majestic,Silk,7 x 10,Horizontal,Rectangle,16PT C2S,No Coating,Silk,n/a,4/1,100,Score in Half,Moon Slits Bottom Panel,No Blank Envelopes
Majestic,Silk,7 x 10,Horizontal,Rectangle,16PT C2S,No Coating,Silk,n/a,4/4,100,Score in Half,Moon Slits Bottom Panel,No Blank Envelopes
Majestic,Silk,7 x 10,Horizontal,Rectangle,16PT C2S,No Coating,Silk,n/a,4/0,250,Score in Half,Moon Slits Bottom Panel,No Blank Envelopes
Majestic,Silk,7 x 10,Vertical,Rectangle,16PT C2S,No Coating,Silk,n/a,4/1,100,Score in Half,Moon Slits Bottom Panel,No Blank Envelopes
Majestic,Silk,7 x 10,Vertical,Rectangle,16PT C2S,No Coating,Silk,n/a,4/0,250,Score in Half,Moon Slits Bottom Panel,No Blank Envelopes
Majestic,Silk,7 x 10,Vertical,Rectangle,16PT C2S,No Coating,Silk,n/a,4/1,75,Score in Half,Moon Slits Bottom Panel,No Blank Envelopes
Majestic,Silk,7 x 10,Vertical,Rectangle,16PT C2S,No Coating,Silk,n/a,4/1,250,Score in Half,Moon Slits Bottom Panel,No Blank Envelopes
Majestic,Silk,7 x 10,Horizontal,Rectangle,16PT C2S,No Coating,Silk,n/a,4/1,250,Score in Half,Moon Slits Bottom Panel,No Blank Envelopes
Majestic,Silk,7 x 10,Vertical,Rectangle,16PT C2S,No Coating,Silk,n/a,4/4,100,Score in Half,Moon Slits Bottom Panel,No Blank Envelopes
Majestic,Silk,7 x 10,Horizontal,Rectangle,16PT C2S,No Coating,Silk,n/a,4/4,250,Score in Half,Moon Slits Bottom Panel,No Blank Envelopes
Majestic,Silk,7 x 10,Vertical,Rectangle,16PT C2S,No Coating,Silk,n/a,4/4,250,Score in Half,Moon Slits Bottom Panel,No Blank Envelopes
Majestic,Silk,7 x 10,Horizontal,Rectangle,16PT C2S,No Coating,Silk,n/a,4/0,500,Score in Half,Moon Slits Bottom Panel,No Blank Envelopes
Majestic,Silk,7 x 10,Vertical,Rectangle,16PT C2S,No Coating,Silk,n/a,4/0,500,Score in Half,Moon Slits Bottom Panel,No Blank Envelopes
Majestic,Silk,7 x 10,Horizontal,Rectangle,16PT C2S,No Coating,Silk,n/a,4/1,500,Score in Half,Moon Slits Bottom Panel,No Blank Envelopes
Majestic,Silk,7 x 10,Vertical,Rectangle,16PT C2S,No Coating,Silk,n/a,4/1,500,Score in Half,Moon Slits Bottom Panel,No Blank Envelopes
Majestic,Silk,7 x 10,Horizontal,Rectangle,16PT C2S,No Coating,Silk,n/a,4/4,500,Score in Half,Moon Slits Bottom Panel,No Blank Envelopes
Majestic,Silk,7 x 10,Vertical,Rectangle,16PT C2S,No Coating,Silk,n/a,4/4,500,Score in Half,Moon Slits Bottom Panel,No Blank Envelopes
Majestic,Silk,7 x 10,Vertical,Rectangle,16PT C2S,No Coating,Silk,n/a,4/0,1000,Score in Half,Moon Slits Bottom Panel,No Blank Envelopes
Majestic,Silk,7 x 10,Horizontal,Rectangle,16PT C2S,No Coating,Silk,n/a,4/0,1000,Score in Half,Moon Slits Bottom Panel,No Blank Envelopes
Majestic,Silk,7 x 10,Horizontal,Rectangle,16PT C2S,No Coating,Silk,n/a,4/1,1000,Score in Half,Moon Slits Bottom Panel,No Blank Envelopes
Majestic,Silk,7 x 10,Vertical,Rectangle,16PT C2S,No Coating,Silk,n/a,4/1,1000,Score in Half,Moon Slits Bottom Panel,No Blank Envelopes
Majestic,Silk,7 x 10,Horizontal,Rectangle,16PT C2S,No Coating,Silk,n/a,4/4,1000,Score in Half,Moon Slits Bottom Panel,No Blank Envelopes
Majestic,Silk,7 x 10,Vertical,Rectangle,16PT C2S,No Coating,Silk,n/a,4/4,1000,Score in Half,Moon Slits Bottom Panel,No Blank Envelopes
Majestic,Silk,6 x 12,Horizontal,Rectangle,16PT C2S,No Coating,Silk,n/a,4/4,75,Score in Half,No Gift Cards Slits,Yes 10000 Envelopes 6.5X6.5
Majestic,Silk,6 x 12,Horizontal,Rectangle,16PT C2S,No Coating,Silk,n/a,4/0,75,Score in Half,No Gift Cards Slits,Yes 10000 Envelopes 6.5X6.5
Majestic,Silk,7 x 10,Horizontal,Rectangle,16PT C2S,No Coating,Silk,n/a,4/1,2500,Score in Half,Moon Slits Bottom Panel,No Blank Envelopes
Majestic,Silk,7 x 10,Vertical,Rectangle,16PT C2S,No Coating,Silk,n/a,4/1,2500,Score in Half,Moon Slits Bottom Panel,No Blank Envelopes
Majestic,Silk,7 x 10,Horizontal,Rectangle,16PT C2S,No Coating,Silk,n/a,4/4,2500,Score in Half,Moon Slits Bottom Panel,No Blank Envelopes
Majestic,Silk,7 x 10,Vertical,Rectangle,16PT C2S,No Coating,Silk,n/a,4/4,2500,Score in Half,Moon Slits Bottom Panel,No Blank Envelopes
Majestic,Silk,7 x 10,Horizontal,Rectangle,16PT C2S,No Coating,Silk,n/a,4/0,5000,Score in Half,Moon Slits Bottom Panel,No Blank Envelopes
Majestic,Silk,7 x 10,Vertical,Rectangle,16PT C2S,No Coating,Silk,n/a,4/0,5000,Score in Half,Moon Slits Bottom Panel,No Blank Envelopes
Majestic,Silk,7 x 10,Horizontal,Rectangle,16PT C2S,No Coating,Silk,n/a,4/1,5000,Score in Half,Moon Slits Bottom Panel,No Blank Envelopes
Majestic,Silk,6 x 12,Vertical,Rectangle,16PT C2S,No Coating,Silk,n/a,4/4,250,Score in Half,Slide Slits Right Panel,Yes 10000 Envelopes 6.5X6.5
Majestic,Silk,7 x 10,Horizontal,Rectangle,16PT C2S,No Coating,Silk,n/a,4/4,5000,Score in Half,Moon Slits Bottom Panel,No Blank Envelopes
Majestic,Silk,7 x 10,Vertical,Rectangle,16PT C2S,No Coating,Silk,n/a,4/4,5000,Score in Half,Moon Slits Bottom Panel,No Blank Envelopes
Majestic,Silk,7 x 10,Horizontal,Rectangle,16PT C2S,No Coating,Silk,n/a,4/0,10000,Score in Half,Moon Slits Bottom Panel,No Blank Envelopes
Majestic,Silk,7 x 10,Vertical,Rectangle,16PT C2S,No Coating,Silk,n/a,4/0,10000,Score in Half,Moon Slits Bottom Panel,No Blank Envelopes
Majestic,Silk,7 x 10,Vertical,Rectangle,16PT C2S,No Coating,Silk,n/a,4/1,5000,Score in Half,Moon Slits Bottom Panel,No Blank Envelopes
Majestic,Silk,7 x 10,Vertical,Rectangle,16PT C2S,No Coating,Silk,n/a,4/1,10000,Score in Half,Moon Slits Bottom Panel,No Blank Envelopes
Majestic,Silk,7 x 10,Vertical,Rectangle,16PT C2S,No Coating,Silk,n/a,4/4,10000,Score in Half,Moon Slits Bottom Panel,No Blank Envelopes
Majestic,Silk,7 x 10,Horizontal,Rectangle,16PT C2S,No Coating,Silk,n/a,4/4,10000,Score in Half,Moon Slits Bottom Panel,No Blank Envelopes
Majestic,Silk,7 x 10,Horizontal,Rectangle,16PT C2S,No Coating,Silk,n/a,4/0,25,Score in Half,Moon Slits Right Panel,No Blank Envelopes
Majestic,Silk,7 x 10,Horizontal,Rectangle,16PT C2S,No Coating,Silk,n/a,4/0,2500,Score in Half,Moon Slits Bottom Panel,No Blank Envelopes
Majestic,Silk,7 x 10,Horizontal,Rectangle,16PT C2S,No Coating,Silk,n/a,4/1,25,Score in Half,Moon Slits Right Panel,No Blank Envelopes
Majestic,Silk,7 x 10,Vertical,Rectangle,16PT C2S,No Coating,Silk,n/a,4/1,25,Score in Half,Moon Slits Right Panel,No Blank Envelopes
Majestic,Silk,7 x 10,Horizontal,Rectangle,16PT C2S,No Coating,Silk,n/a,4/4,25,Score in Half,Moon Slits Right Panel,No Blank Envelopes
Majestic,Silk,7 x 10,Vertical,Rectangle,16PT C2S,No Coating,Silk,n/a,4/4,25,Score in Half,Moon Slits Right Panel,No Blank Envelopes
Majestic,Silk,7 x 10,Vertical,Rectangle,16PT C2S,No Coating,Silk,n/a,4/0,50,Score in Half,Moon Slits Right Panel,No Blank Envelopes
Majestic,Silk,7 x 10,Horizontal,Rectangle,16PT C2S,No Coating,Silk,n/a,4/1,50,Score in Half,Moon Slits Right Panel,No Blank Envelopes
Majestic,Silk,7 x 10,Horizontal,Rectangle,16PT C2S,No Coating,Silk,n/a,4/0,50,Score in Half,Moon Slits Right Panel,No Blank Envelopes
Majestic,Silk,7 x 10,Vertical,Rectangle,16PT C2S,No Coating,Silk,n/a,4/1,50,Score in Half,Moon Slits Right Panel,No Blank Envelopes
Majestic,Silk,7 x 10,Horizontal,Rectangle,16PT C2S,No Coating,Silk,n/a,4/4,50,Score in Half,Moon Slits Right Panel,No Blank Envelopes
Majestic,Silk,7 x 10,Vertical,Rectangle,16PT C2S,No Coating,Silk,n/a,4/4,50,Score in Half,Moon Slits Right Panel,No Blank Envelopes
Majestic,Silk,7 x 10,Horizontal,Rectangle,16PT C2S,No Coating,Silk,n/a,4/0,75,Score in Half,Moon Slits Right Panel,No Blank Envelopes
Majestic,Silk,7 x 10,Vertical,Rectangle,16PT C2S,No Coating,Silk,n/a,4/0,75,Score in Half,Moon Slits Right Panel,No Blank Envelopes
Majestic,Silk,7 x 10,Horizontal,Rectangle,16PT C2S,No Coating,Silk,n/a,4/1,75,Score in Half,Moon Slits Right Panel,No Blank Envelopes
Majestic,Silk,7 x 10,Vertical,Rectangle,16PT C2S,No Coating,Silk,n/a,4/1,75,Score in Half,Moon Slits Right Panel,No Blank Envelopes
Majestic,Silk,7 x 10,Horizontal,Rectangle,16PT C2S,No Coating,Silk,n/a,4/4,75,Score in Half,Moon Slits Right Panel,No Blank Envelopes
Majestic,Silk,7 x 10,Vertical,Rectangle,16PT C2S,No Coating,Silk,n/a,4/4,75,Score in Half,Moon Slits Right Panel,No Blank Envelopes
Majestic,Silk,7 x 10,Horizontal,Rectangle,16PT C2S,No Coating,Silk,n/a,4/0,100,Score in Half,Moon Slits Right Panel,No Blank Envelopes
Majestic,Silk,7 x 10,Vertical,Rectangle,16PT C2S,No Coating,Silk,n/a,4/0,100,Score in Half,Moon Slits Right Panel,No Blank Envelopes
Majestic,Silk,7 x 10,Horizontal,Rectangle,16PT C2S,No Coating,Silk,n/a,4/1,100,Score in Half,Moon Slits Right Panel,No Blank Envelopes
Majestic,Silk,7 x 10,Vertical,Rectangle,16PT C2S,No Coating,Silk,n/a,4/1,100,Score in Half,Moon Slits Right Panel,No Blank Envelopes
Majestic,Silk,7 x 10,Horizontal,Rectangle,16PT C2S,No Coating,Silk,n/a,4/4,100,Score in Half,Moon Slits Right Panel,No Blank Envelopes
Majestic,Silk,7 x 10,Vertical,Rectangle,16PT C2S,No Coating,Silk,n/a,4/4,100,Score in Half,Moon Slits Right Panel,No Blank Envelopes
Majestic,Silk,7 x 10,Horizontal,Rectangle,16PT C2S,No Coating,Silk,n/a,4/0,250,Score in Half,Moon Slits Right Panel,No Blank Envelopes
Majestic,Silk,7 x 10,Horizontal,Rectangle,16PT C2S,No Coating,Silk,n/a,4/1,250,Score in Half,Moon Slits Right Panel,No Blank Envelopes
Majestic,Silk,7 x 10,Vertical,Rectangle,16PT C2S,No Coating,Silk,n/a,4/0,250,Score in Half,Moon Slits Right Panel,No Blank Envelopes
Majestic,Silk,7 x 10,Vertical,Rectangle,16PT C2S,No Coating,Silk,n/a,4/1,250,Score in Half,Moon Slits Right Panel,No Blank Envelopes
Majestic,Silk,7 x 10,Horizontal,Rectangle,16PT C2S,No Coating,Silk,n/a,4/4,250,Score in Half,Moon Slits Right Panel,No Blank Envelopes
Majestic,Silk,7 x 10,Vertical,Rectangle,16PT C2S,No Coating,Silk,n/a,4/4,250,Score in Half,Moon Slits Right Panel,No Blank Envelopes
Majestic,Silk,7 x 10,Vertical,Rectangle,16PT C2S,No Coating,Silk,n/a,4/0,500,Score in Half,Moon Slits Right Panel,No Blank Envelopes
Majestic,Silk,7 x 10,Horizontal,Rectangle,16PT C2S,No Coating,Silk,n/a,4/0,500,Score in Half,Moon Slits Right Panel,No Blank Envelopes
Majestic,Silk,7 x 10,Horizontal,Rectangle,16PT C2S,No Coating,Silk,n/a,4/1,500,Score in Half,Moon Slits Right Panel,No Blank Envelopes
Majestic,Silk,7 x 10,Vertical,Rectangle,16PT C2S,No Coating,Silk,n/a,4/1,500,Score in Half,Moon Slits Right Panel,No Blank Envelopes
Majestic,Silk,7 x 10,Horizontal,Rectangle,16PT C2S,No Coating,Silk,n/a,4/4,500,Score in Half,Moon Slits Right Panel,No Blank Envelopes
Majestic,Silk,7 x 10,Horizontal,Rectangle,16PT C2S,No Coating,Silk,n/a,4/0,1000,Score in Half,Moon Slits Right Panel,No Blank Envelopes
Majestic,Silk,7 x 10,Vertical,Rectangle,16PT C2S,No Coating,Silk,n/a,4/4,500,Score in Half,Moon Slits Right Panel,No Blank Envelopes
Majestic,Silk,7 x 10,Vertical,Rectangle,16PT C2S,No Coating,Silk,n/a,4/0,1000,Score in Half,Moon Slits Right Panel,No Blank Envelopes
Majestic,Silk,7 x 10,Horizontal,Rectangle,16PT C2S,No Coating,Silk,n/a,4/1,1000,Score in Half,Moon Slits Right Panel,No Blank Envelopes
Majestic,Silk,7 x 10,Vertical,Rectangle,16PT C2S,No Coating,Silk,n/a,4/1,1000,Score in Half,Moon Slits Right Panel,No Blank Envelopes
Majestic,Silk,7 x 10,Vertical,Rectangle,16PT C2S,No Coating,Silk,n/a,4/4,1000,Score in Half,Moon Slits Right Panel,No Blank Envelopes
Majestic,Silk,7 x 10,Horizontal,Rectangle,16PT C2S,No Coating,Silk,n/a,4/4,1000,Score in Half,Moon Slits Right Panel,No Blank Envelopes
Majestic,Silk,7 x 10,Horizontal,Rectangle,16PT C2S,No Coating,Silk,n/a,4/0,2500,Score in Half,Moon Slits Right Panel,No Blank Envelopes
Majestic,Silk,7 x 10,Vertical,Rectangle,16PT C2S,No Coating,Silk,n/a,4/0,2500,Score in Half,Moon Slits Right Panel,No Blank Envelopes
Majestic,Silk,7 x 10,Horizontal,Rectangle,16PT C2S,No Coating,Silk,n/a,4/1,2500,Score in Half,Moon Slits Right Panel,No Blank Envelopes
Majestic,Silk,7 x 10,Vertical,Rectangle,16PT C2S,No Coating,Silk,n/a,4/1,2500,Score in Half,Moon Slits Right Panel,No Blank Envelopes
Majestic,Silk,7 x 10,Horizontal,Rectangle,16PT C2S,No Coating,Silk,n/a,4/4,2500,Score in Half,Moon Slits Right Panel,No Blank Envelopes
Majestic,Silk,7 x 10,Vertical,Rectangle,16PT C2S,No Coating,Silk,n/a,4/4,2500,Score in Half,Moon Slits Right Panel,No Blank Envelopes
Majestic,Silk,7 x 10,Horizontal,Rectangle,16PT C2S,No Coating,Silk,n/a,4/0,5000,Score in Half,Moon Slits Right Panel,No Blank Envelopes
Majestic,Silk,7 x 10,Vertical,Rectangle,16PT C2S,No Coating,Silk,n/a,4/0,5000,Score in Half,Moon Slits Right Panel,No Blank Envelopes
Majestic,Silk,7 x 10,Horizontal,Rectangle,16PT C2S,No Coating,Silk,n/a,4/1,5000,Score in Half,Moon Slits Right Panel,No Blank Envelopes
Majestic,Silk,7 x 10,Vertical,Rectangle,16PT C2S,No Coating,Silk,n/a,4/1,5000,Score in Half,Moon Slits Right Panel,No Blank Envelopes
Majestic,Silk,7 x 10,Horizontal,Rectangle,16PT C2S,No Coating,Silk,n/a,4/4,5000,Score in Half,Moon Slits Right Panel,No Blank Envelopes
Majestic,Silk,7 x 10,Horizontal,Rectangle,16PT C2S,No Coating,Silk,n/a,4/0,10000,Score in Half,Moon Slits Right Panel,No Blank Envelopes
Majestic,Silk,7 x 10,Horizontal,Rectangle,16PT C2S,No Coating,Silk,n/a,4/1,10000,Score in Half,Moon Slits Right Panel,No Blank Envelopes
Majestic,Silk,7 x 10,Vertical,Rectangle,16PT C2S,No Coating,Silk,n/a,4/0,10000,Score in Half,Moon Slits Right Panel,No Blank Envelopes
Majestic,Silk,7 x 10,Vertical,Rectangle,16PT C2S,No Coating,Silk,n/a,4/4,5000,Score in Half,Moon Slits Right Panel,No Blank Envelopes
Majestic,Silk,7 x 10,Vertical,Rectangle,16PT C2S,No Coating,Silk,n/a,4/1,10000,Score in Half,Moon Slits Right Panel,No Blank Envelopes
Majestic,Silk,7 x 10,Horizontal,Rectangle,16PT C2S,No Coating,Silk,n/a,4/4,10000,Score in Half,Moon Slits Right Panel,No Blank Envelopes
Majestic,Silk,7 x 10,Vertical,Rectangle,16PT C2S,No Coating,Silk,n/a,4/4,10000,Score in Half,Moon Slits Right Panel,No Blank Envelopes
Majestic,Silk,7 x 10,Horizontal,Rectangle,16PT C2S,No Coating,Silk,n/a,4/0,25,Score in Half,No Gift Cards Slits,No Blank Envelopes
Majestic,Silk,7 x 10,Vertical,Rectangle,16PT C2S,No Coating,Silk,n/a,4/0,25,Score in Half,No Gift Cards Slits,No Blank Envelopes
Majestic,Silk,7 x 10,Horizontal,Rectangle,16PT C2S,No Coating,Silk,n/a,4/1,25,Score in Half,No Gift Cards Slits,No Blank Envelopes
Majestic,Silk,7 x 10,Vertical,Rectangle,16PT C2S,No Coating,Silk,n/a,4/1,25,Score in Half,No Gift Cards Slits,No Blank Envelopes
Majestic,Silk,7 x 10,Vertical,Rectangle,16PT C2S,No Coating,Silk,n/a,4/4,25,Score in Half,No Gift Cards Slits,No Blank Envelopes
Majestic,Silk,7 x 10,Horizontal,Rectangle,16PT C2S,No Coating,Silk,n/a,4/0,50,Score in Half,No Gift Cards Slits,No Blank Envelopes
Majestic,Silk,7 x 10,Horizontal,Rectangle,16PT C2S,No Coating,Silk,n/a,4/4,25,Score in Half,No Gift Cards Slits,No Blank Envelopes
Majestic,Silk,7 x 10,Vertical,Rectangle,16PT C2S,No Coating,Silk,n/a,4/0,50,Score in Half,No Gift Cards Slits,No Blank Envelopes
Majestic,Silk,7 x 10,Horizontal,Rectangle,16PT C2S,No Coating,Silk,n/a,4/1,50,Score in Half,No Gift Cards Slits,No Blank Envelopes
Majestic,Silk,7 x 10,Vertical,Rectangle,16PT C2S,No Coating,Silk,n/a,4/1,50,Score in Half,No Gift Cards Slits,No Blank Envelopes
Majestic,Silk,7 x 10,Horizontal,Rectangle,16PT C2S,No Coating,Silk,n/a,4/4,50,Score in Half,No Gift Cards Slits,No Blank Envelopes
Majestic,Silk,7 x 10,Horizontal,Rectangle,16PT C2S,No Coating,Silk,n/a,4/0,75,Score in Half,No Gift Cards Slits,No Blank Envelopes
Majestic,Silk,7 x 10,Vertical,Rectangle,16PT C2S,No Coating,Silk,n/a,4/0,75,Score in Half,No Gift Cards Slits,No Blank Envelopes
Majestic,Silk,7 x 10,Horizontal,Rectangle,16PT C2S,No Coating,Silk,n/a,4/1,75,Score in Half,No Gift Cards Slits,No Blank Envelopes
Majestic,Silk,7 x 10,Vertical,Rectangle,16PT C2S,No Coating,Silk,n/a,4/4,50,Score in Half,No Gift Cards Slits,No Blank Envelopes
Majestic,Silk,7 x 10,Vertical,Rectangle,16PT C2S,No Coating,Silk,n/a,4/1,75,Score in Half,No Gift Cards Slits,No Blank Envelopes
Majestic,Silk,7 x 10,Horizontal,Rectangle,16PT C2S,No Coating,Silk,n/a,4/4,75,Score in Half,No Gift Cards Slits,No Blank Envelopes
Majestic,Silk,7 x 10,Vertical,Rectangle,16PT C2S,No Coating,Silk,n/a,4/0,100,Score in Half,No Gift Cards Slits,No Blank Envelopes
Majestic,Silk,7 x 10,Vertical,Rectangle,16PT C2S,No Coating,Silk,n/a,4/4,75,Score in Half,No Gift Cards Slits,No Blank Envelopes
Majestic,Silk,7 x 10,Horizontal,Rectangle,16PT C2S,No Coating,Silk,n/a,4/1,100,Score in Half,No Gift Cards Slits,No Blank Envelopes
Majestic,Silk,7 x 10,Horizontal,Rectangle,16PT C2S,No Coating,Silk,n/a,4/0,100,Score in Half,No Gift Cards Slits,No Blank Envelopes
Majestic,Silk,7 x 10,Vertical,Rectangle,16PT C2S,No Coating,Silk,n/a,4/1,100,Score in Half,No Gift Cards Slits,No Blank Envelopes
Majestic,Silk,7 x 10,Vertical,Rectangle,16PT C2S,No Coating,Silk,n/a,4/0,250,Score in Half,No Gift Cards Slits,No Blank Envelopes
Majestic,Silk,7 x 10,Horizontal,Rectangle,16PT C2S,No Coating,Silk,n/a,4/1,250,Score in Half,No Gift Cards Slits,No Blank Envelopes
Majestic,Silk,7 x 10,Horizontal,Rectangle,16PT C2S,No Coating,Silk,n/a,4/0,250,Score in Half,No Gift Cards Slits,No Blank Envelopes
Majestic,Silk,7 x 10,Vertical,Rectangle,16PT C2S,No Coating,Silk,n/a,4/4,100,Score in Half,No Gift Cards Slits,No Blank Envelopes
Majestic,Silk,7 x 10,Vertical,Rectangle,16PT C2S,No Coating,Silk,n/a,4/1,250,Score in Half,No Gift Cards Slits,No Blank Envelopes
Majestic,Silk,7 x 10,Horizontal,Rectangle,16PT C2S,No Coating,Silk,n/a,4/0,500,Score in Half,No Gift Cards Slits,No Blank Envelopes
Majestic,Silk,7 x 10,Horizontal,Rectangle,16PT C2S,No Coating,Silk,n/a,4/4,250,Score in Half,No Gift Cards Slits,No Blank Envelopes
Majestic,Silk,7 x 10,Horizontal,Rectangle,16PT C2S,No Coating,Silk,n/a,4/4,100,Score in Half,No Gift Cards Slits,No Blank Envelopes
Majestic,Silk,7 x 10,Horizontal,Rectangle,16PT C2S,No Coating,Silk,n/a,4/1,10000,Score in Half,Moon Slits Bottom Panel,No Blank Envelopes
Majestic,Silk,7 x 10,Vertical,Rectangle,16PT C2S,No Coating,Silk,n/a,4/1,500,Score in Half,No Gift Cards Slits,No Blank Envelopes
Majestic,Silk,7 x 10,Vertical,Rectangle,16PT C2S,No Coating,Silk,n/a,4/0,500,Score in Half,No Gift Cards Slits,No Blank Envelopes
Majestic,Silk,7 x 10,Horizontal,Rectangle,16PT C2S,No Coating,Silk,n/a,4/4,500,Score in Half,No Gift Cards Slits,No Blank Envelopes
Majestic,Silk,7 x 10,Vertical,Rectangle,16PT C2S,No Coating,Silk,n/a,4/4,500,Score in Half,No Gift Cards Slits,No Blank Envelopes
Majestic,Silk,7 x 10,Horizontal,Rectangle,16PT C2S,No Coating,Silk,n/a,4/0,1000,Score in Half,No Gift Cards Slits,No Blank Envelopes
Majestic,Silk,7 x 10,Horizontal,Rectangle,16PT C2S,No Coating,Silk,n/a,4/1,1000,Score in Half,No Gift Cards Slits,No Blank Envelopes
Majestic,Silk,7 x 10,Vertical,Rectangle,16PT C2S,No Coating,Silk,n/a,4/1,1000,Score in Half,No Gift Cards Slits,No Blank Envelopes
Majestic,Silk,7 x 10,Vertical,Rectangle,16PT C2S,No Coating,Silk,n/a,4/0,1000,Score in Half,No Gift Cards Slits,No Blank Envelopes
Majestic,Silk,7 x 10,Vertical,Rectangle,16PT C2S,No Coating,Silk,n/a,4/4,1000,Score in Half,No Gift Cards Slits,No Blank Envelopes
Majestic,Silk,7 x 10,Horizontal,Rectangle,16PT C2S,No Coating,Silk,n/a,4/4,1000,Score in Half,No Gift Cards Slits,No Blank Envelopes
Majestic,Silk,7 x 10,Horizontal,Rectangle,16PT C2S,No Coating,Silk,n/a,4/0,2500,Score in Half,No Gift Cards Slits,No Blank Envelopes
Majestic,Silk,7 x 10,Vertical,Rectangle,16PT C2S,No Coating,Silk,n/a,4/0,2500,Score in Half,No Gift Cards Slits,No Blank Envelopes
Majestic,Silk,7 x 10,Horizontal,Rectangle,16PT C2S,No Coating,Silk,n/a,4/1,500,Score in Half,No Gift Cards Slits,No Blank Envelopes
Majestic,Silk,7 x 10,Horizontal,Rectangle,16PT C2S,No Coating,Silk,n/a,4/1,2500,Score in Half,No Gift Cards Slits,No Blank Envelopes
Majestic,Silk,7 x 10,Vertical,Rectangle,16PT C2S,No Coating,Silk,n/a,4/1,2500,Score in Half,No Gift Cards Slits,No Blank Envelopes
Majestic,Silk,7 x 10,Horizontal,Rectangle,16PT C2S,No Coating,Silk,n/a,4/0,5000,Score in Half,No Gift Cards Slits,No Blank Envelopes
Majestic,Silk,7 x 10,Vertical,Rectangle,16PT C2S,No Coating,Silk,n/a,4/0,5000,Score in Half,No Gift Cards Slits,No Blank Envelopes
Majestic,Silk,7 x 10,Horizontal,Rectangle,16PT C2S,No Coating,Silk,n/a,4/4,2500,Score in Half,No Gift Cards Slits,No Blank Envelopes
Majestic,Silk,7 x 10,Horizontal,Rectangle,16PT C2S,No Coating,Silk,n/a,4/1,5000,Score in Half,No Gift Cards Slits,No Blank Envelopes
Majestic,Silk,7 x 10,Vertical,Rectangle,16PT C2S,No Coating,Silk,n/a,4/4,2500,Score in Half,No Gift Cards Slits,No Blank Envelopes
Majestic,Silk,7 x 10,Vertical,Rectangle,16PT C2S,No Coating,Silk,n/a,4/1,5000,Score in Half,No Gift Cards Slits,No Blank Envelopes
Majestic,Silk,7 x 10,Vertical,Rectangle,16PT C2S,No Coating,Silk,n/a,4/4,5000,Score in Half,No Gift Cards Slits,No Blank Envelopes
Majestic,Silk,7 x 10,Horizontal,Rectangle,16PT C2S,No Coating,Silk,n/a,4/0,10000,Score in Half,No Gift Cards Slits,No Blank Envelopes
Majestic,Silk,7 x 10,Horizontal,Rectangle,16PT C2S,No Coating,Silk,n/a,4/4,5000,Score in Half,No Gift Cards Slits,No Blank Envelopes
Majestic,Silk,7 x 10,Vertical,Rectangle,16PT C2S,No Coating,Silk,n/a,4/0,10000,Score in Half,No Gift Cards Slits,No Blank Envelopes
Majestic,Silk,7 x 10,Horizontal,Rectangle,16PT C2S,No Coating,Silk,n/a,4/1,10000,Score in Half,No Gift Cards Slits,No Blank Envelopes
Majestic,Silk,7 x 10,Vertical,Rectangle,16PT C2S,No Coating,Silk,n/a,4/1,10000,Score in Half,No Gift Cards Slits,No Blank Envelopes
Majestic,Silk,7 x 10,Vertical,Rectangle,16PT C2S,No Coating,Silk,n/a,4/4,10000,Score in Half,No Gift Cards Slits,No Blank Envelopes
Majestic,Silk,7 x 10,Vertical,Rectangle,16PT C2S,No Coating,Silk,n/a,4/4,250,Score in Half,No Gift Cards Slits,No Blank Envelopes
Majestic,Silk,7 x 10,Horizontal,Rectangle,16PT C2S,No Coating,Silk,n/a,4/0,25,Score in Half,Slide Slits Bottom Panel,No Blank Envelopes
Majestic,Silk,7 x 10,Horizontal,Rectangle,16PT C2S,No Coating,Silk,n/a,4/1,25,Score in Half,Slide Slits Bottom Panel,No Blank Envelopes
Majestic,Silk,7 x 10,Vertical,Rectangle,16PT C2S,No Coating,Silk,n/a,4/0,25,Score in Half,Slide Slits Bottom Panel,No Blank Envelopes
Majestic,Silk,7 x 10,Horizontal,Rectangle,16PT C2S,No Coating,Silk,n/a,4/4,25,Score in Half,Slide Slits Bottom Panel,No Blank Envelopes
Majestic,Silk,7 x 10,Vertical,Rectangle,16PT C2S,No Coating,Silk,n/a,4/1,25,Score in Half,Slide Slits Bottom Panel,No Blank Envelopes
Majestic,Silk,7 x 10,Vertical,Rectangle,16PT C2S,No Coating,Silk,n/a,4/0,2500,Score in Half,Moon Slits Bottom Panel,No Blank Envelopes
Majestic,Silk,7 x 10,Vertical,Rectangle,16PT C2S,No Coating,Silk,n/a,4/4,25,Score in Half,Slide Slits Bottom Panel,No Blank Envelopes
Majestic,Silk,7 x 10,Vertical,Rectangle,16PT C2S,No Coating,Silk,n/a,4/0,50,Score in Half,Slide Slits Bottom Panel,No Blank Envelopes
Majestic,Silk,7 x 10,Horizontal,Rectangle,16PT C2S,No Coating,Silk,n/a,4/1,50,Score in Half,Slide Slits Bottom Panel,No Blank Envelopes
Majestic,Silk,7 x 10,Vertical,Rectangle,16PT C2S,No Coating,Silk,n/a,4/1,50,Score in Half,Slide Slits Bottom Panel,No Blank Envelopes
Majestic,Silk,7 x 10,Horizontal,Rectangle,16PT C2S,No Coating,Silk,n/a,4/4,50,Score in Half,Slide Slits Bottom Panel,No Blank Envelopes
Majestic,Silk,7 x 10,Vertical,Rectangle,16PT C2S,No Coating,Silk,n/a,4/4,50,Score in Half,Slide Slits Bottom Panel,No Blank Envelopes
Majestic,Silk,7 x 10,Horizontal,Rectangle,16PT C2S,No Coating,Silk,n/a,4/0,75,Score in Half,Slide Slits Bottom Panel,No Blank Envelopes
Majestic,Silk,7 x 10,Horizontal,Rectangle,16PT C2S,No Coating,Silk,n/a,4/1,75,Score in Half,Slide Slits Bottom Panel,No Blank Envelopes
Majestic,Silk,7 x 10,Vertical,Rectangle,16PT C2S,No Coating,Silk,n/a,4/0,75,Score in Half,Slide Slits Bottom Panel,No Blank Envelopes
Majestic,Silk,7 x 10,Horizontal,Rectangle,16PT C2S,No Coating,Silk,n/a,4/4,75,Score in Half,Slide Slits Bottom Panel,No Blank Envelopes
Majestic,Silk,7 x 10,Vertical,Rectangle,16PT C2S,No Coating,Silk,n/a,4/1,75,Score in Half,Slide Slits Bottom Panel,No Blank Envelopes
Majestic,Silk,7 x 10,Vertical,Rectangle,16PT C2S,No Coating,Silk,n/a,4/4,75,Score in Half,Slide Slits Bottom Panel,No Blank Envelopes
Majestic,Silk,7 x 10,Horizontal,Rectangle,16PT C2S,No Coating,Silk,n/a,4/0,100,Score in Half,Slide Slits Bottom Panel,No Blank Envelopes
Majestic,Silk,7 x 10,Vertical,Rectangle,16PT C2S,No Coating,Silk,n/a,4/0,100,Score in Half,Slide Slits Bottom Panel,No Blank Envelopes
Majestic,Silk,7 x 10,Vertical,Rectangle,16PT C2S,No Coating,Silk,n/a,4/1,100,Score in Half,Slide Slits Bottom Panel,No Blank Envelopes
Majestic,Silk,7 x 10,Horizontal,Rectangle,16PT C2S,No Coating,Silk,n/a,4/4,100,Score in Half,Slide Slits Bottom Panel,No Blank Envelopes
Majestic,Silk,7 x 10,Horizontal,Rectangle,16PT C2S,No Coating,Silk,n/a,4/1,100,Score in Half,Slide Slits Bottom Panel,No Blank Envelopes
Majestic,Silk,7 x 10,Horizontal,Rectangle,16PT C2S,No Coating,Silk,n/a,4/0,250,Score in Half,Slide Slits Bottom Panel,No Blank Envelopes
Majestic,Silk,7 x 10,Vertical,Rectangle,16PT C2S,No Coating,Silk,n/a,4/4,100,Score in Half,Slide Slits Bottom Panel,No Blank Envelopes
Majestic,Silk,7 x 10,Vertical,Rectangle,16PT C2S,No Coating,Silk,n/a,4/0,250,Score in Half,Slide Slits Bottom Panel,No Blank Envelopes
Majestic,Silk,7 x 10,Horizontal,Rectangle,16PT C2S,No Coating,Silk,n/a,4/4,10000,Score in Half,No Gift Cards Slits,No Blank Envelopes
Majestic,Silk,7 x 10,Horizontal,Rectangle,16PT C2S,No Coating,Silk,n/a,4/0,500,Score in Half,Slide Slits Bottom Panel,No Blank Envelopes
Majestic,Silk,7 x 10,Horizontal,Rectangle,16PT C2S,No Coating,Silk,n/a,4/4,250,Score in Half,Slide Slits Bottom Panel,No Blank Envelopes
Majestic,Silk,7 x 10,Vertical,Rectangle,16PT C2S,No Coating,Silk,n/a,4/4,250,Score in Half,Slide Slits Bottom Panel,No Blank Envelopes
Majestic,Silk,7 x 10,Vertical,Rectangle,16PT C2S,No Coating,Silk,n/a,4/0,500,Score in Half,Slide Slits Bottom Panel,No Blank Envelopes
Majestic,Silk,7 x 10,Horizontal,Rectangle,16PT C2S,No Coating,Silk,n/a,4/1,500,Score in Half,Slide Slits Bottom Panel,No Blank Envelopes
Majestic,Silk,7 x 10,Horizontal,Rectangle,16PT C2S,No Coating,Silk,n/a,4/1,250,Score in Half,Slide Slits Bottom Panel,No Blank Envelopes
Majestic,Silk,7 x 10,Vertical,Rectangle,16PT C2S,No Coating,Silk,n/a,4/1,500,Score in Half,Slide Slits Bottom Panel,No Blank Envelopes
Majestic,Silk,7 x 10,Horizontal,Rectangle,16PT C2S,No Coating,Silk,n/a,4/4,500,Score in Half,Slide Slits Bottom Panel,No Blank Envelopes
Majestic,Silk,7 x 10,Vertical,Rectangle,16PT C2S,No Coating,Silk,n/a,4/4,500,Score in Half,Slide Slits Bottom Panel,No Blank Envelopes
Majestic,Silk,7 x 10,Horizontal,Rectangle,16PT C2S,No Coating,Silk,n/a,4/1,1000,Score in Half,Slide Slits Bottom Panel,No Blank Envelopes
Majestic,Silk,7 x 10,Vertical,Rectangle,16PT C2S,No Coating,Silk,n/a,4/0,1000,Score in Half,Slide Slits Bottom Panel,No Blank Envelopes
Majestic,Silk,7 x 10,Horizontal,Rectangle,16PT C2S,No Coating,Silk,n/a,4/0,1000,Score in Half,Slide Slits Bottom Panel,No Blank Envelopes
Majestic,Silk,7 x 10,Horizontal,Rectangle,16PT C2S,No Coating,Silk,n/a,4/4,1000,Score in Half,Slide Slits Bottom Panel,No Blank Envelopes
Majestic,Silk,7 x 10,Vertical,Rectangle,16PT C2S,No Coating,Silk,n/a,4/1,1000,Score in Half,Slide Slits Bottom Panel,No Blank Envelopes
Majestic,Silk,7 x 10,Vertical,Rectangle,16PT C2S,No Coating,Silk,n/a,4/4,1000,Score in Half,Slide Slits Bottom Panel,No Blank Envelopes
Majestic,Silk,7 x 10,Horizontal,Rectangle,16PT C2S,No Coating,Silk,n/a,4/0,2500,Score in Half,Slide Slits Bottom Panel,No Blank Envelopes
Majestic,Silk,7 x 10,Vertical,Rectangle,16PT C2S,No Coating,Silk,n/a,4/0,2500,Score in Half,Slide Slits Bottom Panel,No Blank Envelopes
Majestic,Silk,7 x 10,Horizontal,Rectangle,16PT C2S,No Coating,Silk,n/a,4/1,2500,Score in Half,Slide Slits Bottom Panel,No Blank Envelopes
Majestic,Silk,7 x 10,Vertical,Rectangle,16PT C2S,No Coating,Silk,n/a,4/1,2500,Score in Half,Slide Slits Bottom Panel,No Blank Envelopes
Majestic,Silk,7 x 10,Horizontal,Rectangle,16PT C2S,No Coating,Silk,n/a,4/4,2500,Score in Half,Slide Slits Bottom Panel,No Blank Envelopes
Majestic,Silk,7 x 10,Horizontal,Rectangle,16PT C2S,No Coating,Silk,n/a,4/0,5000,Score in Half,Slide Slits Bottom Panel,No Blank Envelopes
Majestic,Silk,7 x 10,Vertical,Rectangle,16PT C2S,No Coating,Silk,n/a,4/0,5000,Score in Half,Slide Slits Bottom Panel,No Blank Envelopes
Majestic,Silk,7 x 10,Horizontal,Rectangle,16PT C2S,No Coating,Silk,n/a,4/1,5000,Score in Half,Slide Slits Bottom Panel,No Blank Envelopes
Majestic,Silk,7 x 10,Horizontal,Rectangle,16PT C2S,No Coating,Silk,n/a,4/4,5000,Score in Half,Slide Slits Bottom Panel,No Blank Envelopes
Majestic,Silk,7 x 10,Vertical,Rectangle,16PT C2S,No Coating,Silk,n/a,4/1,5000,Score in Half,Slide Slits Bottom Panel,No Blank Envelopes
Majestic,Silk,7 x 10,Vertical,Rectangle,16PT C2S,No Coating,Silk,n/a,4/4,5000,Score in Half,Slide Slits Bottom Panel,No Blank Envelopes
Majestic,Silk,7 x 10,Horizontal,Rectangle,16PT C2S,No Coating,Silk,n/a,4/0,10000,Score in Half,Slide Slits Bottom Panel,No Blank Envelopes
Majestic,Silk,7 x 10,Vertical,Rectangle,16PT C2S,No Coating,Silk,n/a,4/4,2500,Score in Half,Slide Slits Bottom Panel,No Blank Envelopes
Majestic,Silk,7 x 10,Vertical,Rectangle,16PT C2S,No Coating,Silk,n/a,4/1,10000,Score in Half,Slide Slits Bottom Panel,No Blank Envelopes
Majestic,Silk,7 x 10,Vertical,Rectangle,16PT C2S,No Coating,Silk,n/a,4/0,10000,Score in Half,Slide Slits Bottom Panel,No Blank Envelopes
Majestic,Silk,7 x 10,Horizontal,Rectangle,16PT C2S,No Coating,Silk,n/a,4/4,10000,Score in Half,Slide Slits Bottom Panel,No Blank Envelopes
Majestic,Silk,7 x 10,Horizontal,Rectangle,16PT C2S,No Coating,Silk,n/a,4/1,10000,Score in Half,Slide Slits Bottom Panel,No Blank Envelopes
Majestic,Silk,7 x 10,Vertical,Rectangle,16PT C2S,No Coating,Silk,n/a,4/4,10000,Score in Half,Slide Slits Bottom Panel,No Blank Envelopes
Majestic,Silk,7 x 10,Horizontal,Rectangle,16PT C2S,No Coating,Silk,n/a,4/1,25,Score in Half,Slide Slits Right Panel,No Blank Envelopes
Majestic,Silk,7 x 10,Horizontal,Rectangle,16PT C2S,No Coating,Silk,n/a,4/0,25,Score in Half,Slide Slits Right Panel,No Blank Envelopes
Majestic,Silk,7 x 10,Vertical,Rectangle,16PT C2S,No Coating,Silk,n/a,4/0,25,Score in Half,Slide Slits Right Panel,No Blank Envelopes
Majestic,Silk,7 x 10,Horizontal,Rectangle,16PT C2S,No Coating,Silk,n/a,4/4,25,Score in Half,Slide Slits Right Panel,No Blank Envelopes
Majestic,Silk,7 x 10,Vertical,Rectangle,16PT C2S,No Coating,Silk,n/a,4/4,25,Score in Half,Slide Slits Right Panel,No Blank Envelopes
Majestic,Silk,7 x 10,Vertical,Rectangle,16PT C2S,No Coating,Silk,n/a,4/1,25,Score in Half,Slide Slits Right Panel,No Blank Envelopes
Majestic,Silk,7 x 10,Vertical,Rectangle,16PT C2S,No Coating,Silk,n/a,4/0,50,Score in Half,Slide Slits Right Panel,No Blank Envelopes
Majestic,Silk,7 x 10,Horizontal,Rectangle,16PT C2S,No Coating,Silk,n/a,4/0,50,Score in Half,Slide Slits Right Panel,No Blank Envelopes
Majestic,Silk,7 x 10,Horizontal,Rectangle,16PT C2S,No Coating,Silk,n/a,4/4,50,Score in Half,Slide Slits Right Panel,No Blank Envelopes
Majestic,Silk,7 x 10,Vertical,Rectangle,16PT C2S,No Coating,Silk,n/a,4/1,50,Score in Half,Slide Slits Right Panel,No Blank Envelopes
Majestic,Silk,7 x 10,Horizontal,Rectangle,16PT C2S,No Coating,Silk,n/a,4/1,50,Score in Half,Slide Slits Right Panel,No Blank Envelopes
Majestic,Silk,7 x 10,Horizontal,Rectangle,16PT C2S,No Coating,Silk,n/a,4/0,75,Score in Half,Slide Slits Right Panel,No Blank Envelopes
Majestic,Silk,7 x 10,Vertical,Rectangle,16PT C2S,No Coating,Silk,n/a,4/1,75,Score in Half,Slide Slits Right Panel,No Blank Envelopes
Majestic,Silk,7 x 10,Horizontal,Rectangle,16PT C2S,No Coating,Silk,n/a,4/1,75,Score in Half,Slide Slits Right Panel,No Blank Envelopes
Majestic,Silk,7 x 10,Vertical,Rectangle,16PT C2S,No Coating,Silk,n/a,4/0,75,Score in Half,Slide Slits Right Panel,No Blank Envelopes
Majestic,Silk,7 x 10,Horizontal,Rectangle,16PT C2S,No Coating,Silk,n/a,4/4,75,Score in Half,Slide Slits Right Panel,No Blank Envelopes
Majestic,Silk,7 x 10,Vertical,Rectangle,16PT C2S,No Coating,Silk,n/a,4/0,100,Score in Half,Slide Slits Right Panel,No Blank Envelopes
Majestic,Silk,7 x 10,Vertical,Rectangle,16PT C2S,No Coating,Silk,n/a,4/4,75,Score in Half,Slide Slits Right Panel,No Blank Envelopes
Majestic,Silk,7 x 10,Horizontal,Rectangle,16PT C2S,No Coating,Silk,n/a,4/0,100,Score in Half,Slide Slits Right Panel,No Blank Envelopes
Majestic,Silk,7 x 10,Horizontal,Rectangle,16PT C2S,No Coating,Silk,n/a,4/1,100,Score in Half,Slide Slits Right Panel,No Blank Envelopes
Majestic,Silk,7 x 10,Vertical,Rectangle,16PT C2S,No Coating,Silk,n/a,4/4,50,Score in Half,Slide Slits Right Panel,No Blank Envelopes
Majestic,Silk,7 x 10,Vertical,Rectangle,16PT C2S,No Coating,Silk,n/a,4/1,100,Score in Half,Slide Slits Right Panel,No Blank Envelopes
Majestic,Silk,7 x 10,Horizontal,Rectangle,16PT C2S,No Coating,Silk,n/a,4/4,100,Score in Half,Slide Slits Right Panel,No Blank Envelopes
Majestic,Silk,7 x 10,Vertical,Rectangle,16PT C2S,No Coating,Silk,n/a,4/4,100,Score in Half,Slide Slits Right Panel,No Blank Envelopes
Majestic,Silk,7 x 10,Vertical,Rectangle,16PT C2S,No Coating,Silk,n/a,4/0,250,Score in Half,Slide Slits Right Panel,No Blank Envelopes
Majestic,Silk,7 x 10,Horizontal,Rectangle,16PT C2S,No Coating,Silk,n/a,4/1,250,Score in Half,Slide Slits Right Panel,No Blank Envelopes
Majestic,Silk,7 x 10,Vertical,Rectangle,16PT C2S,No Coating,Silk,n/a,4/1,250,Score in Half,Slide Slits Right Panel,No Blank Envelopes
Majestic,Silk,7 x 10,Horizontal,Rectangle,16PT C2S,No Coating,Silk,n/a,4/0,250,Score in Half,Slide Slits Right Panel,No Blank Envelopes
Majestic,Silk,7 x 10,Vertical,Rectangle,16PT C2S,No Coating,Silk,n/a,4/4,250,Score in Half,Slide Slits Right Panel,No Blank Envelopes
Majestic,Silk,7 x 10,Horizontal,Rectangle,16PT C2S,No Coating,Silk,n/a,4/4,250,Score in Half,Slide Slits Right Panel,No Blank Envelopes
Majestic,Silk,7 x 10,Horizontal,Rectangle,16PT C2S,No Coating,Silk,n/a,4/0,500,Score in Half,Slide Slits Right Panel,No Blank Envelopes
Majestic,Silk,7 x 10,Horizontal,Rectangle,16PT C2S,No Coating,Silk,n/a,4/1,500,Score in Half,Slide Slits Right Panel,No Blank Envelopes
Majestic,Silk,7 x 10,Vertical,Rectangle,16PT C2S,No Coating,Silk,n/a,4/1,500,Score in Half,Slide Slits Right Panel,No Blank Envelopes
Majestic,Silk,7 x 10,Horizontal,Rectangle,16PT C2S,No Coating,Silk,n/a,4/4,500,Score in Half,Slide Slits Right Panel,No Blank Envelopes
Majestic,Silk,7 x 10,Vertical,Rectangle,16PT C2S,No Coating,Silk,n/a,4/0,500,Score in Half,Slide Slits Right Panel,No Blank Envelopes
Majestic,Silk,7 x 10,Horizontal,Rectangle,16PT C2S,No Coating,Silk,n/a,4/0,1000,Score in Half,Slide Slits Right Panel,No Blank Envelopes
Majestic,Silk,7 x 10,Vertical,Rectangle,16PT C2S,No Coating,Silk,n/a,4/0,1000,Score in Half,Slide Slits Right Panel,No Blank Envelopes
Majestic,Silk,7 x 10,Vertical,Rectangle,16PT C2S,No Coating,Silk,n/a,4/4,500,Score in Half,Slide Slits Right Panel,No Blank Envelopes
Majestic,Silk,7 x 10,Horizontal,Rectangle,16PT C2S,No Coating,Silk,n/a,4/1,1000,Score in Half,Slide Slits Right Panel,No Blank Envelopes
Majestic,Silk,7 x 10,Vertical,Rectangle,16PT C2S,No Coating,Silk,n/a,4/1,1000,Score in Half,Slide Slits Right Panel,No Blank Envelopes
Majestic,Silk,7 x 10,Vertical,Rectangle,16PT C2S,No Coating,Silk,n/a,4/4,1000,Score in Half,Slide Slits Right Panel,No Blank Envelopes
Majestic,Silk,7 x 10,Horizontal,Rectangle,16PT C2S,No Coating,Silk,n/a,4/4,1000,Score in Half,Slide Slits Right Panel,No Blank Envelopes
Majestic,Silk,7 x 10,Vertical,Rectangle,16PT C2S,No Coating,Silk,n/a,4/0,2500,Score in Half,Slide Slits Right Panel,No Blank Envelopes
Majestic,Silk,7 x 10,Vertical,Rectangle,16PT C2S,No Coating,Silk,n/a,4/1,2500,Score in Half,Slide Slits Right Panel,No Blank Envelopes
Majestic,Silk,7 x 10,Horizontal,Rectangle,16PT C2S,No Coating,Silk,n/a,4/1,2500,Score in Half,Slide Slits Right Panel,No Blank Envelopes
Majestic,Silk,7 x 10,Horizontal,Rectangle,16PT C2S,No Coating,Silk,n/a,4/4,2500,Score in Half,Slide Slits Right Panel,No Blank Envelopes
Majestic,Silk,7 x 10,Vertical,Rectangle,16PT C2S,No Coating,Silk,n/a,4/4,2500,Score in Half,Slide Slits Right Panel,No Blank Envelopes
Majestic,Silk,7 x 10,Horizontal,Rectangle,16PT C2S,No Coating,Silk,n/a,4/0,5000,Score in Half,Slide Slits Right Panel,No Blank Envelopes
Majestic,Silk,7 x 10,Horizontal,Rectangle,16PT C2S,No Coating,Silk,n/a,4/0,2500,Score in Half,Slide Slits Right Panel,No Blank Envelopes
Majestic,Silk,7 x 10,Horizontal,Rectangle,16PT C2S,No Coating,Silk,n/a,4/0,50,Score in Half,Slide Slits Bottom Panel,No Blank Envelopes
Majestic,Silk,7 x 10,Horizontal,Rectangle,16PT C2S,No Coating,Silk,n/a,4/1,5000,Score in Half,Slide Slits Right Panel,No Blank Envelopes
Majestic,Silk,7 x 10,Vertical,Rectangle,16PT C2S,No Coating,Silk,n/a,4/1,5000,Score in Half,Slide Slits Right Panel,No Blank Envelopes
Majestic,Silk,7 x 10,Horizontal,Rectangle,16PT C2S,No Coating,Silk,n/a,4/0,10000,Score in Half,Slide Slits Right Panel,No Blank Envelopes
Majestic,Silk,7 x 10,Vertical,Rectangle,16PT C2S,No Coating,Silk,n/a,4/1,250,Score in Half,Slide Slits Bottom Panel,No Blank Envelopes
Majestic,Silk,7 x 10,Horizontal,Rectangle,16PT C2S,No Coating,Silk,n/a,4/4,5000,Score in Half,Slide Slits Right Panel,No Blank Envelopes
Majestic,Silk,7 x 10,Vertical,Rectangle,16PT C2S,No Coating,Silk,n/a,4/4,5000,Score in Half,Slide Slits Right Panel,No Blank Envelopes
Majestic,Silk,7 x 10,Vertical,Rectangle,16PT C2S,No Coating,Silk,n/a,4/1,10000,Score in Half,Slide Slits Right Panel,No Blank Envelopes
Majestic,Silk,7 x 10,Horizontal,Rectangle,16PT C2S,No Coating,Silk,n/a,4/1,10000,Score in Half,Slide Slits Right Panel,No Blank Envelopes
Majestic,Silk,7 x 10,Horizontal,Rectangle,16PT C2S,No Coating,Silk,n/a,4/4,10000,Score in Half,Slide Slits Right Panel,No Blank Envelopes
Majestic,Silk,7 x 10,Vertical,Rectangle,16PT C2S,No Coating,Silk,n/a,4/4,10000,Score in Half,Slide Slits Right Panel,No Blank Envelopes
Majestic,Silk,7 x 10,Horizontal,Rectangle,16PT C2S,No Coating,Silk,n/a,4/0,25,Score in Half,Moon Slits Bottom Panel,Yes 25 Envelopes A7
Majestic,Silk,7 x 10,Vertical,Rectangle,16PT C2S,No Coating,Silk,n/a,4/0,25,Score in Half,Moon Slits Bottom Panel,Yes 25 Envelopes A7
Majestic,Silk,7 x 10,Vertical,Rectangle,16PT C2S,No Coating,Silk,n/a,4/1,25,Score in Half,Moon Slits Bottom Panel,Yes 25 Envelopes A7
Majestic,Silk,7 x 10,Vertical,Rectangle,16PT C2S,No Coating,Silk,n/a,4/4,25,Score in Half,Moon Slits Bottom Panel,Yes 25 Envelopes A7
Majestic,Silk,7 x 10,Horizontal,Rectangle,16PT C2S,No Coating,Silk,n/a,4/4,25,Score in Half,Moon Slits Bottom Panel,Yes 25 Envelopes A7
Majestic,Silk,7 x 10,Horizontal,Rectangle,16PT C2S,No Coating,Silk,n/a,4/0,50,Score in Half,Moon Slits Bottom Panel,Yes 25 Envelopes A7
Majestic,Silk,7 x 10,Horizontal,Rectangle,16PT C2S,No Coating,Silk,n/a,4/1,50,Score in Half,Moon Slits Bottom Panel,Yes 25 Envelopes A7
Majestic,Silk,7 x 10,Vertical,Rectangle,16PT C2S,No Coating,Silk,n/a,4/0,5000,Score in Half,Slide Slits Right Panel,No Blank Envelopes
Majestic,Silk,7 x 10,Vertical,Rectangle,16PT C2S,No Coating,Silk,n/a,4/0,25,Score in Half,Moon Slits Right Panel,No Blank Envelopes
Majestic,Silk,7 x 10,Horizontal,Rectangle,16PT C2S,No Coating,Silk,n/a,4/4,50,Score in Half,Moon Slits Bottom Panel,Yes 25 Envelopes A7
Majestic,Silk,7 x 10,Vertical,Rectangle,16PT C2S,No Coating,Silk,n/a,4/4,50,Score in Half,Moon Slits Bottom Panel,Yes 25 Envelopes A7
Majestic,Silk,7 x 10,Horizontal,Rectangle,16PT C2S,No Coating,Silk,n/a,4/0,75,Score in Half,Moon Slits Bottom Panel,Yes 25 Envelopes A7
Majestic,Silk,7 x 10,Horizontal,Rectangle,16PT C2S,No Coating,Silk,n/a,4/1,25,Score in Half,Moon Slits Bottom Panel,Yes 25 Envelopes A7
Majestic,Silk,7 x 10,Horizontal,Rectangle,16PT C2S,No Coating,Silk,n/a,4/1,75,Score in Half,Moon Slits Bottom Panel,Yes 25 Envelopes A7
Majestic,Silk,7 x 10,Vertical,Rectangle,16PT C2S,No Coating,Silk,n/a,4/0,75,Score in Half,Moon Slits Bottom Panel,Yes 25 Envelopes A7
Majestic,Silk,7 x 10,Vertical,Rectangle,16PT C2S,No Coating,Silk,n/a,4/1,75,Score in Half,Moon Slits Bottom Panel,Yes 25 Envelopes A7
Majestic,Silk,7 x 10,Horizontal,Rectangle,16PT C2S,No Coating,Silk,n/a,4/0,100,Score in Half,Moon Slits Bottom Panel,Yes 25 Envelopes A7
Majestic,Silk,7 x 10,Vertical,Rectangle,16PT C2S,No Coating,Silk,n/a,4/0,100,Score in Half,Moon Slits Bottom Panel,Yes 25 Envelopes A7
Majestic,Silk,7 x 10,Vertical,Rectangle,16PT C2S,No Coating,Silk,n/a,4/4,75,Score in Half,Moon Slits Bottom Panel,Yes 25 Envelopes A7
Majestic,Silk,7 x 10,Horizontal,Rectangle,16PT C2S,No Coating,Silk,n/a,4/1,100,Score in Half,Moon Slits Bottom Panel,Yes 25 Envelopes A7
Majestic,Silk,7 x 10,Horizontal,Rectangle,16PT C2S,No Coating,Silk,n/a,4/4,100,Score in Half,Moon Slits Bottom Panel,Yes 25 Envelopes A7
Majestic,Silk,7 x 10,Vertical,Rectangle,16PT C2S,No Coating,Silk,n/a,4/1,100,Score in Half,Moon Slits Bottom Panel,Yes 25 Envelopes A7
Majestic,Silk,7 x 10,Horizontal,Rectangle,16PT C2S,No Coating,Silk,n/a,4/4,75,Score in Half,Moon Slits Bottom Panel,Yes 25 Envelopes A7
Majestic,Silk,7 x 10,Vertical,Rectangle,16PT C2S,No Coating,Silk,n/a,4/4,100,Score in Half,Moon Slits Bottom Panel,Yes 25 Envelopes A7
Majestic,Silk,7 x 10,Horizontal,Rectangle,16PT C2S,No Coating,Silk,n/a,4/0,250,Score in Half,Moon Slits Bottom Panel,Yes 25 Envelopes A7
Majestic,Silk,7 x 10,Vertical,Rectangle,16PT C2S,No Coating,Silk,n/a,4/0,250,Score in Half,Moon Slits Bottom Panel,Yes 25 Envelopes A7
Majestic,Silk,7 x 10,Vertical,Rectangle,16PT C2S,No Coating,Silk,n/a,4/1,250,Score in Half,Moon Slits Bottom Panel,Yes 25 Envelopes A7
Majestic,Silk,7 x 10,Horizontal,Rectangle,16PT C2S,No Coating,Silk,n/a,4/1,250,Score in Half,Moon Slits Bottom Panel,Yes 25 Envelopes A7
Majestic,Silk,7 x 10,Horizontal,Rectangle,16PT C2S,No Coating,Silk,n/a,4/4,250,Score in Half,Moon Slits Bottom Panel,Yes 25 Envelopes A7
Majestic,Silk,7 x 10,Horizontal,Rectangle,16PT C2S,No Coating,Silk,n/a,4/0,500,Score in Half,Moon Slits Bottom Panel,Yes 25 Envelopes A7
Majestic,Silk,7 x 10,Vertical,Rectangle,16PT C2S,No Coating,Silk,n/a,4/4,250,Score in Half,Moon Slits Bottom Panel,Yes 25 Envelopes A7
Majestic,Silk,7 x 10,Vertical,Rectangle,16PT C2S,No Coating,Silk,n/a,4/0,500,Score in Half,Moon Slits Bottom Panel,Yes 25 Envelopes A7
Majestic,Silk,7 x 10,Vertical,Rectangle,16PT C2S,No Coating,Silk,n/a,4/1,500,Score in Half,Moon Slits Bottom Panel,Yes 25 Envelopes A7
Majestic,Silk,7 x 10,Horizontal,Rectangle,16PT C2S,No Coating,Silk,n/a,4/1,500,Score in Half,Moon Slits Bottom Panel,Yes 25 Envelopes A7
Majestic,Silk,7 x 10,Vertical,Rectangle,16PT C2S,No Coating,Silk,n/a,4/0,10000,Score in Half,Slide Slits Right Panel,No Blank Envelopes
Majestic,Silk,7 x 10,Horizontal,Rectangle,16PT C2S,No Coating,Silk,n/a,4/0,1000,Score in Half,Moon Slits Bottom Panel,Yes 25 Envelopes A7
Majestic,Silk,7 x 10,Horizontal,Rectangle,16PT C2S,No Coating,Silk,n/a,4/4,500,Score in Half,Moon Slits Bottom Panel,Yes 25 Envelopes A7
Majestic,Silk,7 x 10,Vertical,Rectangle,16PT C2S,No Coating,Silk,n/a,4/0,1000,Score in Half,Moon Slits Bottom Panel,Yes 25 Envelopes A7
Majestic,Silk,7 x 10,Horizontal,Rectangle,16PT C2S,No Coating,Silk,n/a,4/1,1000,Score in Half,Moon Slits Bottom Panel,Yes 25 Envelopes A7
Majestic,Silk,7 x 10,Vertical,Rectangle,16PT C2S,No Coating,Silk,n/a,4/1,50,Score in Half,Moon Slits Bottom Panel,Yes 25 Envelopes A7
Majestic,Silk,7 x 10,Vertical,Rectangle,16PT C2S,No Coating,Silk,n/a,4/4,500,Score in Half,Moon Slits Bottom Panel,Yes 25 Envelopes A7
Majestic,Silk,7 x 10,Vertical,Rectangle,16PT C2S,No Coating,Silk,n/a,4/4,1000,Score in Half,Moon Slits Bottom Panel,Yes 25 Envelopes A7
Majestic,Silk,7 x 10,Vertical,Rectangle,16PT C2S,No Coating,Silk,n/a,4/0,2500,Score in Half,Moon Slits Bottom Panel,Yes 25 Envelopes A7
Majestic,Silk,7 x 10,Horizontal,Rectangle,16PT C2S,No Coating,Silk,n/a,4/0,2500,Score in Half,Moon Slits Bottom Panel,Yes 25 Envelopes A7
Majestic,Silk,7 x 10,Horizontal,Rectangle,16PT C2S,No Coating,Silk,n/a,4/4,2500,Score in Half,Moon Slits Bottom Panel,Yes 25 Envelopes A7
Majestic,Silk,7 x 10,Horizontal,Rectangle,16PT C2S,No Coating,Silk,n/a,4/1,2500,Score in Half,Moon Slits Bottom Panel,Yes 25 Envelopes A7
Majestic,Silk,7 x 10,Vertical,Rectangle,16PT C2S,No Coating,Silk,n/a,4/1,2500,Score in Half,Moon Slits Bottom Panel,Yes 25 Envelopes A7
Majestic,Silk,7 x 10,Vertical,Rectangle,16PT C2S,No Coating,Silk,n/a,4/4,2500,Score in Half,Moon Slits Bottom Panel,Yes 25 Envelopes A7
Majestic,Silk,7 x 10,Horizontal,Rectangle,16PT C2S,No Coating,Silk,n/a,4/0,5000,Score in Half,Moon Slits Bottom Panel,Yes 25 Envelopes A7
Majestic,Silk,7 x 10,Vertical,Rectangle,16PT C2S,No Coating,Silk,n/a,4/0,5000,Score in Half,Moon Slits Bottom Panel,Yes 25 Envelopes A7
Majestic,Silk,7 x 10,Horizontal,Rectangle,16PT C2S,No Coating,Silk,n/a,4/1,5000,Score in Half,Moon Slits Bottom Panel,Yes 25 Envelopes A7
Majestic,Silk,7 x 10,Vertical,Rectangle,16PT C2S,No Coating,Silk,n/a,4/1,5000,Score in Half,Moon Slits Bottom Panel,Yes 25 Envelopes A7
Majestic,Silk,7 x 10,Horizontal,Rectangle,16PT C2S,No Coating,Silk,n/a,4/4,5000,Score in Half,Moon Slits Bottom Panel,Yes 25 Envelopes A7
Majestic,Silk,7 x 10,Vertical,Rectangle,16PT C2S,No Coating,Silk,n/a,4/4,5000,Score in Half,Moon Slits Bottom Panel,Yes 25 Envelopes A7
Majestic,Silk,7 x 10,Vertical,Rectangle,16PT C2S,No Coating,Silk,n/a,4/0,10000,Score in Half,Moon Slits Bottom Panel,Yes 25 Envelopes A7
Majestic,Silk,7 x 10,Horizontal,Rectangle,16PT C2S,No Coating,Silk,n/a,4/1,10000,Score in Half,Moon Slits Bottom Panel,Yes 25 Envelopes A7
Majestic,Silk,7 x 10,Vertical,Rectangle,16PT C2S,No Coating,Silk,n/a,4/1,10000,Score in Half,Moon Slits Bottom Panel,Yes 25 Envelopes A7
Majestic,Silk,7 x 10,Horizontal,Rectangle,16PT C2S,No Coating,Silk,n/a,4/0,10000,Score in Half,Moon Slits Bottom Panel,Yes 25 Envelopes A7
Majestic,Silk,7 x 10,Vertical,Rectangle,16PT C2S,No Coating,Silk,n/a,4/4,10000,Score in Half,Moon Slits Bottom Panel,Yes 25 Envelopes A7
Majestic,Silk,7 x 10,Horizontal,Rectangle,16PT C2S,No Coating,Silk,n/a,4/0,25,Score in Half,Moon Slits Right Panel,Yes 25 Envelopes A7
Majestic,Silk,7 x 10,Horizontal,Rectangle,16PT C2S,No Coating,Silk,n/a,4/4,10000,Score in Half,Moon Slits Bottom Panel,Yes 25 Envelopes A7
Majestic,Silk,7 x 10,Horizontal,Rectangle,16PT C2S,No Coating,Silk,n/a,4/1,25,Score in Half,Moon Slits Right Panel,Yes 25 Envelopes A7
Majestic,Silk,7 x 10,Vertical,Rectangle,16PT C2S,No Coating,Silk,n/a,4/1,25,Score in Half,Moon Slits Right Panel,Yes 25 Envelopes A7
Majestic,Silk,7 x 10,Vertical,Rectangle,16PT C2S,No Coating,Silk,n/a,4/0,25,Score in Half,Moon Slits Right Panel,Yes 25 Envelopes A7
Majestic,Silk,7 x 10,Horizontal,Rectangle,16PT C2S,No Coating,Silk,n/a,4/4,25,Score in Half,Moon Slits Right Panel,Yes 25 Envelopes A7
Majestic,Silk,7 x 10,Vertical,Rectangle,16PT C2S,No Coating,Silk,n/a,4/4,25,Score in Half,Moon Slits Right Panel,Yes 25 Envelopes A7
Majestic,Silk,7 x 10,Horizontal,Rectangle,16PT C2S,No Coating,Silk,n/a,4/0,50,Score in Half,Moon Slits Right Panel,Yes 25 Envelopes A7
Majestic,Silk,7 x 10,Vertical,Rectangle,16PT C2S,No Coating,Silk,n/a,4/0,50,Score in Half,Moon Slits Right Panel,Yes 25 Envelopes A7
Majestic,Silk,7 x 10,Vertical,Rectangle,16PT C2S,No Coating,Silk,n/a,4/1,50,Score in Half,Moon Slits Right Panel,Yes 25 Envelopes A7
Majestic,Silk,7 x 10,Horizontal,Rectangle,16PT C2S,No Coating,Silk,n/a,4/1,50,Score in Half,Moon Slits Right Panel,Yes 25 Envelopes A7
Majestic,Silk,7 x 10,Vertical,Rectangle,16PT C2S,No Coating,Silk,n/a,4/4,50,Score in Half,Moon Slits Right Panel,Yes 25 Envelopes A7
Majestic,Silk,7 x 10,Horizontal,Rectangle,16PT C2S,No Coating,Silk,n/a,4/4,50,Score in Half,Moon Slits Right Panel,Yes 25 Envelopes A7
Majestic,Silk,7 x 10,Horizontal,Rectangle,16PT C2S,No Coating,Silk,n/a,4/0,75,Score in Half,Moon Slits Right Panel,Yes 25 Envelopes A7
Majestic,Silk,7 x 10,Horizontal,Rectangle,16PT C2S,No Coating,Silk,n/a,4/1,75,Score in Half,Moon Slits Right Panel,Yes 25 Envelopes A7
Majestic,Silk,7 x 10,Vertical,Rectangle,16PT C2S,No Coating,Silk,n/a,4/1,75,Score in Half,Moon Slits Right Panel,Yes 25 Envelopes A7
Majestic,Silk,7 x 10,Vertical,Rectangle,16PT C2S,No Coating,Silk,n/a,4/4,75,Score in Half,Moon Slits Right Panel,Yes 25 Envelopes A7
Majestic,Silk,7 x 10,Horizontal,Rectangle,16PT C2S,No Coating,Silk,n/a,4/4,75,Score in Half,Moon Slits Right Panel,Yes 25 Envelopes A7
Majestic,Silk,7 x 10,Vertical,Rectangle,16PT C2S,No Coating,Silk,n/a,4/0,100,Score in Half,Moon Slits Right Panel,Yes 25 Envelopes A7
Majestic,Silk,7 x 10,Horizontal,Rectangle,16PT C2S,No Coating,Silk,n/a,4/0,100,Score in Half,Moon Slits Right Panel,Yes 25 Envelopes A7
Majestic,Silk,7 x 10,Horizontal,Rectangle,16PT C2S,No Coating,Silk,n/a,4/1,100,Score in Half,Moon Slits Right Panel,Yes 25 Envelopes A7
Majestic,Silk,7 x 10,Vertical,Rectangle,16PT C2S,No Coating,Silk,n/a,4/1,100,Score in Half,Moon Slits Right Panel,Yes 25 Envelopes A7
Majestic,Silk,7 x 10,Horizontal,Rectangle,16PT C2S,No Coating,Silk,n/a,4/4,100,Score in Half,Moon Slits Right Panel,Yes 25 Envelopes A7
Majestic,Silk,7 x 10,Horizontal,Rectangle,16PT C2S,No Coating,Silk,n/a,4/0,250,Score in Half,Moon Slits Right Panel,Yes 25 Envelopes A7
Majestic,Silk,7 x 10,Vertical,Rectangle,16PT C2S,No Coating,Silk,n/a,4/0,75,Score in Half,Moon Slits Right Panel,Yes 25 Envelopes A7
Majestic,Silk,7 x 10,Vertical,Rectangle,16PT C2S,No Coating,Silk,n/a,4/4,100,Score in Half,Moon Slits Right Panel,Yes 25 Envelopes A7
Majestic,Silk,7 x 10,Horizontal,Rectangle,16PT C2S,No Coating,Silk,n/a,4/1,250,Score in Half,Moon Slits Right Panel,Yes 25 Envelopes A7
Majestic,Silk,7 x 10,Vertical,Rectangle,16PT C2S,No Coating,Silk,n/a,4/0,250,Score in Half,Moon Slits Right Panel,Yes 25 Envelopes A7
Majestic,Silk,7 x 10,Horizontal,Rectangle,16PT C2S,No Coating,Silk,n/a,4/4,250,Score in Half,Moon Slits Right Panel,Yes 25 Envelopes A7
Majestic,Silk,7 x 10,Vertical,Rectangle,16PT C2S,No Coating,Silk,n/a,4/4,250,Score in Half,Moon Slits Right Panel,Yes 25 Envelopes A7
Majestic,Silk,7 x 10,Vertical,Rectangle,16PT C2S,No Coating,Silk,n/a,4/1,250,Score in Half,Moon Slits Right Panel,Yes 25 Envelopes A7
Majestic,Silk,7 x 10,Horizontal,Rectangle,16PT C2S,No Coating,Silk,n/a,4/1,500,Score in Half,Moon Slits Right Panel,Yes 25 Envelopes A7
Majestic,Silk,7 x 10,Vertical,Rectangle,16PT C2S,No Coating,Silk,n/a,4/0,500,Score in Half,Moon Slits Right Panel,Yes 25 Envelopes A7
Majestic,Silk,7 x 10,Vertical,Rectangle,16PT C2S,No Coating,Silk,n/a,4/1,500,Score in Half,Moon Slits Right Panel,Yes 25 Envelopes A7
Majestic,Silk,7 x 10,Horizontal,Rectangle,16PT C2S,No Coating,Silk,n/a,4/4,500,Score in Half,Moon Slits Right Panel,Yes 25 Envelopes A7
Majestic,Silk,7 x 10,Vertical,Rectangle,16PT C2S,No Coating,Silk,n/a,4/4,500,Score in Half,Moon Slits Right Panel,Yes 25 Envelopes A7
Majestic,Silk,7 x 10,Horizontal,Rectangle,16PT C2S,No Coating,Silk,n/a,4/0,1000,Score in Half,Moon Slits Right Panel,Yes 25 Envelopes A7
Majestic,Silk,7 x 10,Vertical,Rectangle,16PT C2S,No Coating,Silk,n/a,4/0,1000,Score in Half,Moon Slits Right Panel,Yes 25 Envelopes A7
Majestic,Silk,7 x 10,Horizontal,Rectangle,16PT C2S,No Coating,Silk,n/a,4/1,1000,Score in Half,Moon Slits Right Panel,Yes 25 Envelopes A7
Majestic,Silk,7 x 10,Vertical,Rectangle,16PT C2S,No Coating,Silk,n/a,4/1,1000,Score in Half,Moon Slits Right Panel,Yes 25 Envelopes A7
Majestic,Silk,7 x 10,Horizontal,Rectangle,16PT C2S,No Coating,Silk,n/a,4/4,1000,Score in Half,Moon Slits Right Panel,Yes 25 Envelopes A7
Majestic,Silk,7 x 10,Vertical,Rectangle,16PT C2S,No Coating,Silk,n/a,4/4,1000,Score in Half,Moon Slits Right Panel,Yes 25 Envelopes A7
Majestic,Silk,7 x 10,Horizontal,Rectangle,16PT C2S,No Coating,Silk,n/a,4/0,2500,Score in Half,Moon Slits Right Panel,Yes 25 Envelopes A7
Majestic,Silk,7 x 10,Vertical,Rectangle,16PT C2S,No Coating,Silk,n/a,4/0,2500,Score in Half,Moon Slits Right Panel,Yes 25 Envelopes A7
Majestic,Silk,7 x 10,Horizontal,Rectangle,16PT C2S,No Coating,Silk,n/a,4/1,2500,Score in Half,Moon Slits Right Panel,Yes 25 Envelopes A7
Majestic,Silk,7 x 10,Vertical,Rectangle,16PT C2S,No Coating,Silk,n/a,4/1,2500,Score in Half,Moon Slits Right Panel,Yes 25 Envelopes A7
Majestic,Silk,7 x 10,Horizontal,Rectangle,16PT C2S,No Coating,Silk,n/a,4/4,2500,Score in Half,Moon Slits Right Panel,Yes 25 Envelopes A7
Majestic,Silk,7 x 10,Horizontal,Rectangle,16PT C2S,No Coating,Silk,n/a,4/0,500,Score in Half,Moon Slits Right Panel,Yes 25 Envelopes A7
Majestic,Silk,7 x 10,Vertical,Rectangle,16PT C2S,No Coating,Silk,n/a,4/4,2500,Score in Half,Moon Slits Right Panel,Yes 25 Envelopes A7
Majestic,Silk,7 x 10,Horizontal,Rectangle,16PT C2S,No Coating,Silk,n/a,4/0,5000,Score in Half,Moon Slits Right Panel,Yes 25 Envelopes A7
Majestic,Silk,7 x 10,Vertical,Rectangle,16PT C2S,No Coating,Silk,n/a,4/0,5000,Score in Half,Moon Slits Right Panel,Yes 25 Envelopes A7
Majestic,Silk,7 x 10,Vertical,Rectangle,16PT C2S,No Coating,Silk,n/a,4/1,5000,Score in Half,Moon Slits Right Panel,Yes 25 Envelopes A7
Majestic,Silk,7 x 10,Horizontal,Rectangle,16PT C2S,No Coating,Silk,n/a,4/4,5000,Score in Half,Moon Slits Right Panel,Yes 25 Envelopes A7
Majestic,Silk,7 x 10,Vertical,Rectangle,16PT C2S,No Coating,Silk,n/a,4/4,5000,Score in Half,Moon Slits Right Panel,Yes 25 Envelopes A7
Majestic,Silk,7 x 10,Horizontal,Rectangle,16PT C2S,No Coating,Silk,n/a,4/0,10000,Score in Half,Moon Slits Right Panel,Yes 25 Envelopes A7
Majestic,Silk,7 x 10,Vertical,Rectangle,16PT C2S,No Coating,Silk,n/a,4/0,10000,Score in Half,Moon Slits Right Panel,Yes 25 Envelopes A7
Majestic,Silk,7 x 10,Horizontal,Rectangle,16PT C2S,No Coating,Silk,n/a,4/1,5000,Score in Half,Moon Slits Right Panel,Yes 25 Envelopes A7
Majestic,Silk,7 x 10,Horizontal,Rectangle,16PT C2S,No Coating,Silk,n/a,4/1,10000,Score in Half,Moon Slits Right Panel,Yes 25 Envelopes A7
Majestic,Silk,7 x 10,Vertical,Rectangle,16PT C2S,No Coating,Silk,n/a,4/1,10000,Score in Half,Moon Slits Right Panel,Yes 25 Envelopes A7
Majestic,Silk,7 x 10,Horizontal,Rectangle,16PT C2S,No Coating,Silk,n/a,4/4,10000,Score in Half,Moon Slits Right Panel,Yes 25 Envelopes A7
Majestic,Silk,7 x 10,Horizontal,Rectangle,16PT C2S,No Coating,Silk,n/a,4/0,25,Score in Half,No Gift Cards Slits,Yes 25 Envelopes A7
Majestic,Silk,7 x 10,Vertical,Rectangle,16PT C2S,No Coating,Silk,n/a,4/4,10000,Score in Half,Moon Slits Right Panel,Yes 25 Envelopes A7
Majestic,Silk,7 x 10,Vertical,Rectangle,16PT C2S,No Coating,Silk,n/a,4/0,25,Score in Half,No Gift Cards Slits,Yes 25 Envelopes A7
Majestic,Silk,7 x 10,Horizontal,Rectangle,16PT C2S,No Coating,Silk,n/a,4/1,25,Score in Half,No Gift Cards Slits,Yes 25 Envelopes A7
Majestic,Silk,7 x 10,Vertical,Rectangle,16PT C2S,No Coating,Silk,n/a,4/1,25,Score in Half,No Gift Cards Slits,Yes 25 Envelopes A7
Majestic,Silk,7 x 10,Horizontal,Rectangle,16PT C2S,No Coating,Silk,n/a,4/4,25,Score in Half,No Gift Cards Slits,Yes 25 Envelopes A7
Majestic,Silk,7 x 10,Vertical,Rectangle,16PT C2S,No Coating,Silk,n/a,4/4,25,Score in Half,No Gift Cards Slits,Yes 25 Envelopes A7
Majestic,Silk,7 x 10,Horizontal,Rectangle,16PT C2S,No Coating,Silk,n/a,4/0,50,Score in Half,No Gift Cards Slits,Yes 25 Envelopes A7
Majestic,Silk,7 x 10,Vertical,Rectangle,16PT C2S,No Coating,Silk,n/a,4/0,50,Score in Half,No Gift Cards Slits,Yes 25 Envelopes A7
Majestic,Silk,7 x 10,Horizontal,Rectangle,16PT C2S,No Coating,Silk,n/a,4/1,50,Score in Half,No Gift Cards Slits,Yes 25 Envelopes A7
Majestic,Silk,7 x 10,Vertical,Rectangle,16PT C2S,No Coating,Silk,n/a,4/1,50,Score in Half,No Gift Cards Slits,Yes 25 Envelopes A7
Majestic,Silk,7 x 10,Horizontal,Rectangle,16PT C2S,No Coating,Silk,n/a,4/4,50,Score in Half,No Gift Cards Slits,Yes 25 Envelopes A7
Majestic,Silk,7 x 10,Vertical,Rectangle,16PT C2S,No Coating,Silk,n/a,4/4,50,Score in Half,No Gift Cards Slits,Yes 25 Envelopes A7
Majestic,Silk,7 x 10,Horizontal,Rectangle,16PT C2S,No Coating,Silk,n/a,4/0,75,Score in Half,No Gift Cards Slits,Yes 25 Envelopes A7
Majestic,Silk,7 x 10,Vertical,Rectangle,16PT C2S,No Coating,Silk,n/a,4/0,75,Score in Half,No Gift Cards Slits,Yes 25 Envelopes A7
Majestic,Silk,7 x 10,Horizontal,Rectangle,16PT C2S,No Coating,Silk,n/a,4/1,75,Score in Half,No Gift Cards Slits,Yes 25 Envelopes A7
Majestic,Silk,7 x 10,Vertical,Rectangle,16PT C2S,No Coating,Silk,n/a,4/1,75,Score in Half,No Gift Cards Slits,Yes 25 Envelopes A7
Majestic,Silk,7 x 10,Horizontal,Rectangle,16PT C2S,No Coating,Silk,n/a,4/4,75,Score in Half,No Gift Cards Slits,Yes 25 Envelopes A7
Majestic,Silk,7 x 10,Vertical,Rectangle,16PT C2S,No Coating,Silk,n/a,4/4,75,Score in Half,No Gift Cards Slits,Yes 25 Envelopes A7
Majestic,Silk,7 x 10,Horizontal,Rectangle,16PT C2S,No Coating,Silk,n/a,4/0,100,Score in Half,No Gift Cards Slits,Yes 25 Envelopes A7
Majestic,Silk,7 x 10,Vertical,Rectangle,16PT C2S,No Coating,Silk,n/a,4/0,100,Score in Half,No Gift Cards Slits,Yes 25 Envelopes A7
Majestic,Silk,7 x 10,Horizontal,Rectangle,16PT C2S,No Coating,Silk,n/a,4/1,100,Score in Half,No Gift Cards Slits,Yes 25 Envelopes A7
Majestic,Silk,7 x 10,Vertical,Rectangle,16PT C2S,No Coating,Silk,n/a,4/0,50,Score in Half,Moon Slits Bottom Panel,Yes 25 Envelopes A7
Majestic,Silk,7 x 10,Horizontal,Rectangle,16PT C2S,No Coating,Silk,n/a,4/4,100,Score in Half,No Gift Cards Slits,Yes 25 Envelopes A7
Majestic,Silk,7 x 10,Vertical,Rectangle,16PT C2S,No Coating,Silk,n/a,4/4,100,Score in Half,No Gift Cards Slits,Yes 25 Envelopes A7
Majestic,Silk,7 x 10,Vertical,Rectangle,16PT C2S,No Coating,Silk,n/a,4/0,250,Score in Half,No Gift Cards Slits,Yes 25 Envelopes A7
Majestic,Silk,7 x 10,Horizontal,Rectangle,16PT C2S,No Coating,Silk,n/a,4/0,250,Score in Half,No Gift Cards Slits,Yes 25 Envelopes A7
Majestic,Silk,7 x 10,Horizontal,Rectangle,16PT C2S,No Coating,Silk,n/a,4/1,250,Score in Half,No Gift Cards Slits,Yes 25 Envelopes A7
Majestic,Silk,7 x 10,Vertical,Rectangle,16PT C2S,No Coating,Silk,n/a,4/1,250,Score in Half,No Gift Cards Slits,Yes 25 Envelopes A7
Majestic,Silk,7 x 10,Horizontal,Rectangle,16PT C2S,No Coating,Silk,n/a,4/4,250,Score in Half,No Gift Cards Slits,Yes 25 Envelopes A7
Majestic,Silk,7 x 10,Vertical,Rectangle,16PT C2S,No Coating,Silk,n/a,4/4,250,Score in Half,No Gift Cards Slits,Yes 25 Envelopes A7
Majestic,Silk,7 x 10,Horizontal,Rectangle,16PT C2S,No Coating,Silk,n/a,4/0,500,Score in Half,No Gift Cards Slits,Yes 25 Envelopes A7
Majestic,Silk,7 x 10,Vertical,Rectangle,16PT C2S,No Coating,Silk,n/a,4/0,500,Score in Half,No Gift Cards Slits,Yes 25 Envelopes A7
Majestic,Silk,7 x 10,Horizontal,Rectangle,16PT C2S,No Coating,Silk,n/a,4/1,500,Score in Half,No Gift Cards Slits,Yes 25 Envelopes A7
Majestic,Silk,7 x 10,Vertical,Rectangle,16PT C2S,No Coating,Silk,n/a,4/1,500,Score in Half,No Gift Cards Slits,Yes 25 Envelopes A7
Majestic,Silk,7 x 10,Horizontal,Rectangle,16PT C2S,No Coating,Silk,n/a,4/4,500,Score in Half,No Gift Cards Slits,Yes 25 Envelopes A7
Majestic,Silk,7 x 10,Vertical,Rectangle,16PT C2S,No Coating,Silk,n/a,4/4,500,Score in Half,No Gift Cards Slits,Yes 25 Envelopes A7
Majestic,Silk,7 x 10,Horizontal,Rectangle,16PT C2S,No Coating,Silk,n/a,4/0,1000,Score in Half,No Gift Cards Slits,Yes 25 Envelopes A7
Majestic,Silk,7 x 10,Vertical,Rectangle,16PT C2S,No Coating,Silk,n/a,4/0,1000,Score in Half,No Gift Cards Slits,Yes 25 Envelopes A7
Majestic,Silk,7 x 10,Horizontal,Rectangle,16PT C2S,No Coating,Silk,n/a,4/4,1000,Score in Half,No Gift Cards Slits,Yes 25 Envelopes A7
Majestic,Silk,7 x 10,Vertical,Rectangle,16PT C2S,No Coating,Silk,n/a,4/1,100,Score in Half,No Gift Cards Slits,Yes 25 Envelopes A7
Majestic,Silk,7 x 10,Vertical,Rectangle,16PT C2S,No Coating,Silk,n/a,4/4,1000,Score in Half,No Gift Cards Slits,Yes 25 Envelopes A7
Majestic,Silk,7 x 10,Horizontal,Rectangle,16PT C2S,No Coating,Silk,n/a,4/1,1000,Score in Half,No Gift Cards Slits,Yes 25 Envelopes A7
Majestic,Silk,7 x 10,Horizontal,Rectangle,16PT C2S,No Coating,Silk,n/a,4/0,2500,Score in Half,No Gift Cards Slits,Yes 25 Envelopes A7
Majestic,Silk,7 x 10,Vertical,Rectangle,16PT C2S,No Coating,Silk,n/a,4/1,2500,Score in Half,No Gift Cards Slits,Yes 25 Envelopes A7
Majestic,Silk,7 x 10,Vertical,Rectangle,16PT C2S,No Coating,Silk,n/a,4/0,2500,Score in Half,No Gift Cards Slits,Yes 25 Envelopes A7
Majestic,Silk,7 x 10,Horizontal,Rectangle,16PT C2S,No Coating,Silk,n/a,4/1,2500,Score in Half,No Gift Cards Slits,Yes 25 Envelopes A7
Majestic,Silk,7 x 10,Horizontal,Rectangle,16PT C2S,No Coating,Silk,n/a,4/4,2500,Score in Half,No Gift Cards Slits,Yes 25 Envelopes A7
Majestic,Silk,7 x 10,Vertical,Rectangle,16PT C2S,No Coating,Silk,n/a,4/1,1000,Score in Half,Moon Slits Bottom Panel,Yes 25 Envelopes A7
Majestic,Silk,7 x 10,Horizontal,Rectangle,16PT C2S,No Coating,Silk,n/a,4/0,5000,Score in Half,No Gift Cards Slits,Yes 25 Envelopes A7
Majestic,Silk,7 x 10,Vertical,Rectangle,16PT C2S,No Coating,Silk,n/a,4/0,5000,Score in Half,No Gift Cards Slits,Yes 25 Envelopes A7
Majestic,Silk,7 x 10,Horizontal,Rectangle,16PT C2S,No Coating,Silk,n/a,4/1,5000,Score in Half,No Gift Cards Slits,Yes 25 Envelopes A7
Majestic,Silk,7 x 10,Vertical,Rectangle,16PT C2S,No Coating,Silk,n/a,4/1,5000,Score in Half,No Gift Cards Slits,Yes 25 Envelopes A7
Majestic,Silk,7 x 10,Vertical,Rectangle,16PT C2S,No Coating,Silk,n/a,4/4,5000,Score in Half,No Gift Cards Slits,Yes 25 Envelopes A7
Majestic,Silk,7 x 10,Horizontal,Rectangle,16PT C2S,No Coating,Silk,n/a,4/4,5000,Score in Half,No Gift Cards Slits,Yes 25 Envelopes A7
Majestic,Silk,7 x 10,Horizontal,Rectangle,16PT C2S,No Coating,Silk,n/a,4/0,10000,Score in Half,No Gift Cards Slits,Yes 25 Envelopes A7
Majestic,Silk,7 x 10,Horizontal,Rectangle,16PT C2S,No Coating,Silk,n/a,4/4,1000,Score in Half,Moon Slits Bottom Panel,Yes 25 Envelopes A7
Majestic,Silk,7 x 10,Horizontal,Rectangle,16PT C2S,No Coating,Silk,n/a,4/1,10000,Score in Half,No Gift Cards Slits,Yes 25 Envelopes A7
Majestic,Silk,7 x 10,Horizontal,Rectangle,16PT C2S,No Coating,Silk,n/a,4/4,10000,Score in Half,No Gift Cards Slits,Yes 25 Envelopes A7
Majestic,Silk,7 x 10,Vertical,Rectangle,16PT C2S,No Coating,Silk,n/a,4/4,10000,Score in Half,No Gift Cards Slits,Yes 25 Envelopes A7
Majestic,Silk,7 x 10,Vertical,Rectangle,16PT C2S,No Coating,Silk,n/a,4/1,10000,Score in Half,No Gift Cards Slits,Yes 25 Envelopes A7
Majestic,Silk,7 x 10,Horizontal,Rectangle,16PT C2S,No Coating,Silk,n/a,4/1,25,Score in Half,Slide Slits Bottom Panel,Yes 25 Envelopes A7
Majestic,Silk,7 x 10,Vertical,Rectangle,16PT C2S,No Coating,Silk,n/a,4/0,25,Score in Half,Slide Slits Bottom Panel,Yes 25 Envelopes A7
Majestic,Silk,7 x 10,Vertical,Rectangle,16PT C2S,No Coating,Silk,n/a,4/1,25,Score in Half,Slide Slits Bottom Panel,Yes 25 Envelopes A7
Majestic,Silk,7 x 10,Horizontal,Rectangle,16PT C2S,No Coating,Silk,n/a,4/4,25,Score in Half,Slide Slits Bottom Panel,Yes 25 Envelopes A7
Majestic,Silk,7 x 10,Horizontal,Rectangle,16PT C2S,No Coating,Silk,n/a,4/0,25,Score in Half,Slide Slits Bottom Panel,Yes 25 Envelopes A7
Majestic,Silk,7 x 10,Vertical,Rectangle,16PT C2S,No Coating,Silk,n/a,4/4,25,Score in Half,Slide Slits Bottom Panel,Yes 25 Envelopes A7
Majestic,Silk,7 x 10,Horizontal,Rectangle,16PT C2S,No Coating,Silk,n/a,4/0,50,Score in Half,Slide Slits Bottom Panel,Yes 25 Envelopes A7
Majestic,Silk,7 x 10,Vertical,Rectangle,16PT C2S,No Coating,Silk,n/a,4/1,50,Score in Half,Slide Slits Bottom Panel,Yes 25 Envelopes A7
Majestic,Silk,7 x 10,Vertical,Rectangle,16PT C2S,No Coating,Silk,n/a,4/0,50,Score in Half,Slide Slits Bottom Panel,Yes 25 Envelopes A7
Majestic,Silk,7 x 10,Vertical,Rectangle,16PT C2S,No Coating,Silk,n/a,4/1,1000,Score in Half,No Gift Cards Slits,Yes 25 Envelopes A7
Majestic,Silk,7 x 10,Horizontal,Rectangle,16PT C2S,No Coating,Silk,n/a,4/4,50,Score in Half,Slide Slits Bottom Panel,Yes 25 Envelopes A7
Majestic,Silk,7 x 10,Vertical,Rectangle,16PT C2S,No Coating,Silk,n/a,4/4,50,Score in Half,Slide Slits Bottom Panel,Yes 25 Envelopes A7
Majestic,Silk,7 x 10,Vertical,Rectangle,16PT C2S,No Coating,Silk,n/a,4/0,75,Score in Half,Slide Slits Bottom Panel,Yes 25 Envelopes A7
Majestic,Silk,7 x 10,Horizontal,Rectangle,16PT C2S,No Coating,Silk,n/a,4/1,75,Score in Half,Slide Slits Bottom Panel,Yes 25 Envelopes A7
Majestic,Silk,7 x 10,Horizontal,Rectangle,16PT C2S,No Coating,Silk,n/a,4/0,75,Score in Half,Slide Slits Bottom Panel,Yes 25 Envelopes A7
Majestic,Silk,7 x 10,Vertical,Rectangle,16PT C2S,No Coating,Silk,n/a,4/1,75,Score in Half,Slide Slits Bottom Panel,Yes 25 Envelopes A7
Majestic,Silk,7 x 10,Horizontal,Rectangle,16PT C2S,No Coating,Silk,n/a,4/0,100,Score in Half,Slide Slits Bottom Panel,Yes 25 Envelopes A7
Majestic,Silk,7 x 10,Vertical,Rectangle,16PT C2S,No Coating,Silk,n/a,4/4,75,Score in Half,Slide Slits Bottom Panel,Yes 25 Envelopes A7
Majestic,Silk,7 x 10,Horizontal,Rectangle,16PT C2S,No Coating,Silk,n/a,4/4,75,Score in Half,Slide Slits Bottom Panel,Yes 25 Envelopes A7
Majestic,Silk,7 x 10,Vertical,Rectangle,16PT C2S,No Coating,Silk,n/a,4/0,100,Score in Half,Slide Slits Bottom Panel,Yes 25 Envelopes A7
Majestic,Silk,7 x 10,Horizontal,Rectangle,16PT C2S,No Coating,Silk,n/a,4/1,100,Score in Half,Slide Slits Bottom Panel,Yes 25 Envelopes A7
Majestic,Silk,7 x 10,Vertical,Rectangle,16PT C2S,No Coating,Silk,n/a,4/4,100,Score in Half,Slide Slits Bottom Panel,Yes 25 Envelopes A7
Majestic,Silk,7 x 10,Vertical,Rectangle,16PT C2S,No Coating,Silk,n/a,4/1,100,Score in Half,Slide Slits Bottom Panel,Yes 25 Envelopes A7
Majestic,Silk,7 x 10,Horizontal,Rectangle,16PT C2S,No Coating,Silk,n/a,4/4,100,Score in Half,Slide Slits Bottom Panel,Yes 25 Envelopes A7
Majestic,Silk,7 x 10,Vertical,Rectangle,16PT C2S,No Coating,Silk,n/a,4/0,250,Score in Half,Slide Slits Bottom Panel,Yes 25 Envelopes A7
Majestic,Silk,7 x 10,Horizontal,Rectangle,16PT C2S,No Coating,Silk,n/a,4/0,250,Score in Half,Slide Slits Bottom Panel,Yes 25 Envelopes A7
Majestic,Silk,7 x 10,Horizontal,Rectangle,16PT C2S,No Coating,Silk,n/a,4/1,250,Score in Half,Slide Slits Bottom Panel,Yes 25 Envelopes A7
Majestic,Silk,7 x 10,Horizontal,Rectangle,16PT C2S,No Coating,Silk,n/a,4/4,250,Score in Half,Slide Slits Bottom Panel,Yes 25 Envelopes A7
Majestic,Silk,7 x 10,Vertical,Rectangle,16PT C2S,No Coating,Silk,n/a,4/4,250,Score in Half,Slide Slits Bottom Panel,Yes 25 Envelopes A7
Majestic,Silk,7 x 10,Horizontal,Rectangle,16PT C2S,No Coating,Silk,n/a,4/0,500,Score in Half,Slide Slits Bottom Panel,Yes 25 Envelopes A7
Majestic,Silk,7 x 10,Vertical,Rectangle,16PT C2S,No Coating,Silk,n/a,4/1,250,Score in Half,Slide Slits Bottom Panel,Yes 25 Envelopes A7
Majestic,Silk,7 x 10,Vertical,Rectangle,16PT C2S,No Coating,Silk,n/a,4/0,10000,Score in Half,No Gift Cards Slits,Yes 25 Envelopes A7
Majestic,Silk,7 x 10,Horizontal,Rectangle,16PT C2S,No Coating,Silk,n/a,4/1,500,Score in Half,Slide Slits Bottom Panel,Yes 25 Envelopes A7
Majestic,Silk,7 x 10,Horizontal,Rectangle,16PT C2S,No Coating,Silk,n/a,4/4,500,Score in Half,Slide Slits Bottom Panel,Yes 25 Envelopes A7
Majestic,Silk,7 x 10,Vertical,Rectangle,16PT C2S,No Coating,Silk,n/a,4/1,500,Score in Half,Slide Slits Bottom Panel,Yes 25 Envelopes A7
Majestic,Silk,7 x 10,Vertical,Rectangle,16PT C2S,No Coating,Silk,n/a,4/4,500,Score in Half,Slide Slits Bottom Panel,Yes 25 Envelopes A7
Majestic,Silk,7 x 10,Horizontal,Rectangle,16PT C2S,No Coating,Silk,n/a,4/0,1000,Score in Half,Slide Slits Bottom Panel,Yes 25 Envelopes A7
Majestic,Silk,7 x 10,Vertical,Rectangle,16PT C2S,No Coating,Silk,n/a,4/0,1000,Score in Half,Slide Slits Bottom Panel,Yes 25 Envelopes A7
Majestic,Silk,7 x 10,Vertical,Rectangle,16PT C2S,No Coating,Silk,n/a,4/1,1000,Score in Half,Slide Slits Bottom Panel,Yes 25 Envelopes A7
Majestic,Silk,7 x 10,Horizontal,Rectangle,16PT C2S,No Coating,Silk,n/a,4/1,1000,Score in Half,Slide Slits Bottom Panel,Yes 25 Envelopes A7
Majestic,Silk,7 x 10,Vertical,Rectangle,16PT C2S,No Coating,Silk,n/a,4/4,1000,Score in Half,Slide Slits Bottom Panel,Yes 25 Envelopes A7
Majestic,Silk,7 x 10,Horizontal,Rectangle,16PT C2S,No Coating,Silk,n/a,4/0,2500,Score in Half,Slide Slits Bottom Panel,Yes 25 Envelopes A7
Majestic,Silk,7 x 10,Horizontal,Rectangle,16PT C2S,No Coating,Silk,n/a,4/4,1000,Score in Half,Slide Slits Bottom Panel,Yes 25 Envelopes A7
Majestic,Silk,7 x 10,Vertical,Rectangle,16PT C2S,No Coating,Silk,n/a,4/0,2500,Score in Half,Slide Slits Bottom Panel,Yes 25 Envelopes A7
Majestic,Silk,7 x 10,Horizontal,Rectangle,16PT C2S,No Coating,Silk,n/a,4/1,2500,Score in Half,Slide Slits Bottom Panel,Yes 25 Envelopes A7
Majestic,Silk,7 x 10,Vertical,Rectangle,16PT C2S,No Coating,Silk,n/a,4/1,2500,Score in Half,Slide Slits Bottom Panel,Yes 25 Envelopes A7
Majestic,Silk,7 x 10,Horizontal,Rectangle,16PT C2S,No Coating,Silk,n/a,4/4,2500,Score in Half,Slide Slits Bottom Panel,Yes 25 Envelopes A7
Majestic,Silk,7 x 10,Vertical,Rectangle,16PT C2S,No Coating,Silk,n/a,4/4,2500,Score in Half,Slide Slits Bottom Panel,Yes 25 Envelopes A7
Majestic,Silk,7 x 10,Vertical,Rectangle,16PT C2S,No Coating,Silk,n/a,4/0,5000,Score in Half,Slide Slits Bottom Panel,Yes 25 Envelopes A7
Majestic,Silk,7 x 10,Horizontal,Rectangle,16PT C2S,No Coating,Silk,n/a,4/0,5000,Score in Half,Slide Slits Bottom Panel,Yes 25 Envelopes A7
Majestic,Silk,7 x 10,Vertical,Rectangle,16PT C2S,No Coating,Silk,n/a,4/1,5000,Score in Half,Slide Slits Bottom Panel,Yes 25 Envelopes A7
Majestic,Silk,7 x 10,Horizontal,Rectangle,16PT C2S,No Coating,Silk,n/a,4/4,5000,Score in Half,Slide Slits Bottom Panel,Yes 25 Envelopes A7
Majestic,Silk,7 x 10,Horizontal,Rectangle,16PT C2S,No Coating,Silk,n/a,4/1,5000,Score in Half,Slide Slits Bottom Panel,Yes 25 Envelopes A7
Majestic,Silk,7 x 10,Horizontal,Rectangle,16PT C2S,No Coating,Silk,n/a,4/0,10000,Score in Half,Slide Slits Bottom Panel,Yes 25 Envelopes A7
Majestic,Silk,7 x 10,Vertical,Rectangle,16PT C2S,No Coating,Silk,n/a,4/0,10000,Score in Half,Slide Slits Bottom Panel,Yes 25 Envelopes A7
Majestic,Silk,7 x 10,Vertical,Rectangle,16PT C2S,No Coating,Silk,n/a,4/4,5000,Score in Half,Slide Slits Bottom Panel,Yes 25 Envelopes A7
Majestic,Silk,7 x 10,Vertical,Rectangle,16PT C2S,No Coating,Silk,n/a,4/1,10000,Score in Half,Slide Slits Bottom Panel,Yes 25 Envelopes A7
Majestic,Silk,7 x 10,Horizontal,Rectangle,16PT C2S,No Coating,Silk,n/a,4/1,10000,Score in Half,Slide Slits Bottom Panel,Yes 25 Envelopes A7
Majestic,Silk,7 x 10,Horizontal,Rectangle,16PT C2S,No Coating,Silk,n/a,4/4,10000,Score in Half,Slide Slits Bottom Panel,Yes 25 Envelopes A7
Majestic,Silk,7 x 10,Horizontal,Rectangle,16PT C2S,No Coating,Silk,n/a,4/0,25,Score in Half,Slide Slits Right Panel,Yes 25 Envelopes A7
Majestic,Silk,7 x 10,Vertical,Rectangle,16PT C2S,No Coating,Silk,n/a,4/4,10000,Score in Half,Slide Slits Bottom Panel,Yes 25 Envelopes A7
Majestic,Silk,7 x 10,Horizontal,Rectangle,16PT C2S,No Coating,Silk,n/a,4/1,25,Score in Half,Slide Slits Right Panel,Yes 25 Envelopes A7
Majestic,Silk,7 x 10,Vertical,Rectangle,16PT C2S,No Coating,Silk,n/a,4/0,25,Score in Half,Slide Slits Right Panel,Yes 25 Envelopes A7
Majestic,Silk,7 x 10,Vertical,Rectangle,16PT C2S,No Coating,Silk,n/a,4/1,25,Score in Half,Slide Slits Right Panel,Yes 25 Envelopes A7
Majestic,Silk,7 x 10,Vertical,Rectangle,16PT C2S,No Coating,Silk,n/a,4/4,25,Score in Half,Slide Slits Right Panel,Yes 25 Envelopes A7
Majestic,Silk,7 x 10,Vertical,Rectangle,16PT C2S,No Coating,Silk,n/a,4/0,50,Score in Half,Slide Slits Right Panel,Yes 25 Envelopes A7
Majestic,Silk,7 x 10,Horizontal,Rectangle,16PT C2S,No Coating,Silk,n/a,4/0,50,Score in Half,Slide Slits Right Panel,Yes 25 Envelopes A7
Majestic,Silk,7 x 10,Horizontal,Rectangle,16PT C2S,No Coating,Silk,n/a,4/1,50,Score in Half,Slide Slits Right Panel,Yes 25 Envelopes A7
Majestic,Silk,7 x 10,Horizontal,Rectangle,16PT C2S,No Coating,Silk,n/a,4/4,25,Score in Half,Slide Slits Right Panel,Yes 25 Envelopes A7
Majestic,Silk,7 x 10,Vertical,Rectangle,16PT C2S,No Coating,Silk,n/a,4/1,50,Score in Half,Slide Slits Right Panel,Yes 25 Envelopes A7
Majestic,Silk,7 x 10,Horizontal,Rectangle,16PT C2S,No Coating,Silk,n/a,4/4,50,Score in Half,Slide Slits Right Panel,Yes 25 Envelopes A7
Majestic,Silk,7 x 10,Vertical,Rectangle,16PT C2S,No Coating,Silk,n/a,4/4,50,Score in Half,Slide Slits Right Panel,Yes 25 Envelopes A7
Majestic,Silk,7 x 10,Vertical,Rectangle,16PT C2S,No Coating,Silk,n/a,4/0,75,Score in Half,Slide Slits Right Panel,Yes 25 Envelopes A7
Majestic,Silk,7 x 10,Horizontal,Rectangle,16PT C2S,No Coating,Silk,n/a,4/1,75,Score in Half,Slide Slits Right Panel,Yes 25 Envelopes A7
Majestic,Silk,7 x 10,Vertical,Rectangle,16PT C2S,No Coating,Silk,n/a,4/1,75,Score in Half,Slide Slits Right Panel,Yes 25 Envelopes A7
Majestic,Silk,7 x 10,Horizontal,Rectangle,16PT C2S,No Coating,Silk,n/a,4/4,75,Score in Half,Slide Slits Right Panel,Yes 25 Envelopes A7
Majestic,Silk,7 x 10,Vertical,Rectangle,16PT C2S,No Coating,Silk,n/a,4/4,75,Score in Half,Slide Slits Right Panel,Yes 25 Envelopes A7
Majestic,Silk,7 x 10,Horizontal,Rectangle,16PT C2S,No Coating,Silk,n/a,4/0,75,Score in Half,Slide Slits Right Panel,Yes 25 Envelopes A7
Majestic,Silk,7 x 10,Horizontal,Rectangle,16PT C2S,No Coating,Silk,n/a,4/0,100,Score in Half,Slide Slits Right Panel,Yes 25 Envelopes A7
Majestic,Silk,7 x 10,Vertical,Rectangle,16PT C2S,No Coating,Silk,n/a,4/0,100,Score in Half,Slide Slits Right Panel,Yes 25 Envelopes A7
Majestic,Silk,7 x 10,Horizontal,Rectangle,16PT C2S,No Coating,Silk,n/a,4/1,100,Score in Half,Slide Slits Right Panel,Yes 25 Envelopes A7
Majestic,Silk,7 x 10,Horizontal,Rectangle,16PT C2S,No Coating,Silk,n/a,4/4,100,Score in Half,Slide Slits Right Panel,Yes 25 Envelopes A7
Majestic,Silk,7 x 10,Vertical,Rectangle,16PT C2S,No Coating,Silk,n/a,4/1,100,Score in Half,Slide Slits Right Panel,Yes 25 Envelopes A7
Majestic,Silk,7 x 10,Vertical,Rectangle,16PT C2S,No Coating,Silk,n/a,4/4,100,Score in Half,Slide Slits Right Panel,Yes 25 Envelopes A7
Majestic,Silk,7 x 10,Horizontal,Rectangle,16PT C2S,No Coating,Silk,n/a,4/0,250,Score in Half,Slide Slits Right Panel,Yes 25 Envelopes A7
Majestic,Silk,7 x 10,Vertical,Rectangle,16PT C2S,No Coating,Silk,n/a,4/0,250,Score in Half,Slide Slits Right Panel,Yes 25 Envelopes A7
Majestic,Silk,7 x 10,Horizontal,Rectangle,16PT C2S,No Coating,Silk,n/a,4/1,250,Score in Half,Slide Slits Right Panel,Yes 25 Envelopes A7
Majestic,Silk,7 x 10,Horizontal,Rectangle,16PT C2S,No Coating,Silk,n/a,4/4,250,Score in Half,Slide Slits Right Panel,Yes 25 Envelopes A7
Majestic,Silk,7 x 10,Vertical,Rectangle,16PT C2S,No Coating,Silk,n/a,4/4,250,Score in Half,Slide Slits Right Panel,Yes 25 Envelopes A7
Majestic,Silk,7 x 10,Vertical,Rectangle,16PT C2S,No Coating,Silk,n/a,4/1,250,Score in Half,Slide Slits Right Panel,Yes 25 Envelopes A7
Majestic,Silk,7 x 10,Horizontal,Rectangle,16PT C2S,No Coating,Silk,n/a,4/0,500,Score in Half,Slide Slits Right Panel,Yes 25 Envelopes A7
Majestic,Silk,7 x 10,Vertical,Rectangle,16PT C2S,No Coating,Silk,n/a,4/0,500,Score in Half,Slide Slits Right Panel,Yes 25 Envelopes A7
Majestic,Silk,7 x 10,Horizontal,Rectangle,16PT C2S,No Coating,Silk,n/a,4/1,500,Score in Half,Slide Slits Right Panel,Yes 25 Envelopes A7
Majestic,Silk,7 x 10,Vertical,Rectangle,16PT C2S,No Coating,Silk,n/a,4/1,500,Score in Half,Slide Slits Right Panel,Yes 25 Envelopes A7
Majestic,Silk,7 x 10,Horizontal,Rectangle,16PT C2S,No Coating,Silk,n/a,4/4,500,Score in Half,Slide Slits Right Panel,Yes 25 Envelopes A7
Majestic,Silk,7 x 10,Vertical,Rectangle,16PT C2S,No Coating,Silk,n/a,4/4,500,Score in Half,Slide Slits Right Panel,Yes 25 Envelopes A7
Majestic,Silk,7 x 10,Horizontal,Rectangle,16PT C2S,No Coating,Silk,n/a,4/0,1000,Score in Half,Slide Slits Right Panel,Yes 25 Envelopes A7
Majestic,Silk,7 x 10,Vertical,Rectangle,16PT C2S,No Coating,Silk,n/a,4/0,1000,Score in Half,Slide Slits Right Panel,Yes 25 Envelopes A7
Majestic,Silk,7 x 10,Horizontal,Rectangle,16PT C2S,No Coating,Silk,n/a,4/1,1000,Score in Half,Slide Slits Right Panel,Yes 25 Envelopes A7
Majestic,Silk,7 x 10,Horizontal,Rectangle,16PT C2S,No Coating,Silk,n/a,4/1,50,Score in Half,Slide Slits Bottom Panel,Yes 25 Envelopes A7
Majestic,Silk,7 x 10,Horizontal,Rectangle,16PT C2S,No Coating,Silk,n/a,4/4,1000,Score in Half,Slide Slits Right Panel,Yes 25 Envelopes A7
Majestic,Silk,7 x 10,Horizontal,Rectangle,16PT C2S,No Coating,Silk,n/a,4/0,2500,Score in Half,Slide Slits Right Panel,Yes 25 Envelopes A7
Majestic,Silk,7 x 10,Vertical,Rectangle,16PT C2S,No Coating,Silk,n/a,4/4,1000,Score in Half,Slide Slits Right Panel,Yes 25 Envelopes A7
Majestic,Silk,7 x 10,Vertical,Rectangle,16PT C2S,No Coating,Silk,n/a,4/0,2500,Score in Half,Slide Slits Right Panel,Yes 25 Envelopes A7
Majestic,Silk,7 x 10,Horizontal,Rectangle,16PT C2S,No Coating,Silk,n/a,4/1,2500,Score in Half,Slide Slits Right Panel,Yes 25 Envelopes A7
Majestic,Silk,7 x 10,Vertical,Rectangle,16PT C2S,No Coating,Silk,n/a,4/1,2500,Score in Half,Slide Slits Right Panel,Yes 25 Envelopes A7
Majestic,Silk,7 x 10,Horizontal,Rectangle,16PT C2S,No Coating,Silk,n/a,4/4,2500,Score in Half,Slide Slits Right Panel,Yes 25 Envelopes A7
Majestic,Silk,7 x 10,Vertical,Rectangle,16PT C2S,No Coating,Silk,n/a,4/4,2500,Score in Half,Slide Slits Right Panel,Yes 25 Envelopes A7
Majestic,Silk,7 x 10,Horizontal,Rectangle,16PT C2S,No Coating,Silk,n/a,4/0,5000,Score in Half,Slide Slits Right Panel,Yes 25 Envelopes A7
Majestic,Silk,7 x 10,Vertical,Rectangle,16PT C2S,No Coating,Silk,n/a,4/0,5000,Score in Half,Slide Slits Right Panel,Yes 25 Envelopes A7
Majestic,Silk,7 x 10,Horizontal,Rectangle,16PT C2S,No Coating,Silk,n/a,4/1,5000,Score in Half,Slide Slits Right Panel,Yes 25 Envelopes A7
Majestic,Silk,7 x 10,Vertical,Rectangle,16PT C2S,No Coating,Silk,n/a,4/1,5000,Score in Half,Slide Slits Right Panel,Yes 25 Envelopes A7
Majestic,Silk,7 x 10,Horizontal,Rectangle,16PT C2S,No Coating,Silk,n/a,4/4,5000,Score in Half,Slide Slits Right Panel,Yes 25 Envelopes A7
Majestic,Silk,7 x 10,Vertical,Rectangle,16PT C2S,No Coating,Silk,n/a,4/4,5000,Score in Half,Slide Slits Right Panel,Yes 25 Envelopes A7
Majestic,Silk,7 x 10,Horizontal,Rectangle,16PT C2S,No Coating,Silk,n/a,4/0,10000,Score in Half,Slide Slits Right Panel,Yes 25 Envelopes A7
Majestic,Silk,7 x 10,Vertical,Rectangle,16PT C2S,No Coating,Silk,n/a,4/0,10000,Score in Half,Slide Slits Right Panel,Yes 25 Envelopes A7
Majestic,Silk,7 x 10,Horizontal,Rectangle,16PT C2S,No Coating,Silk,n/a,4/1,10000,Score in Half,Slide Slits Right Panel,Yes 25 Envelopes A7
Majestic,Silk,7 x 10,Vertical,Rectangle,16PT C2S,No Coating,Silk,n/a,4/1,10000,Score in Half,Slide Slits Right Panel,Yes 25 Envelopes A7
Majestic,Silk,7 x 10,Horizontal,Rectangle,16PT C2S,No Coating,Silk,n/a,4/4,10000,Score in Half,Slide Slits Right Panel,Yes 25 Envelopes A7
Majestic,Silk,7 x 10,Vertical,Rectangle,16PT C2S,No Coating,Silk,n/a,4/4,10000,Score in Half,Slide Slits Right Panel,Yes 25 Envelopes A7
Majestic,Silk,7 x 10,Horizontal,Rectangle,16PT C2S,No Coating,Silk,n/a,4/0,25,Score in Half,Moon Slits Bottom Panel,Yes 50 Envelopes A7
Majestic,Silk,7 x 10,Vertical,Rectangle,16PT C2S,No Coating,Silk,n/a,4/0,25,Score in Half,Moon Slits Bottom Panel,Yes 50 Envelopes A7
Majestic,Silk,7 x 10,Horizontal,Rectangle,16PT C2S,No Coating,Silk,n/a,4/1,25,Score in Half,Moon Slits Bottom Panel,Yes 50 Envelopes A7
Majestic,Silk,7 x 10,Vertical,Rectangle,16PT C2S,No Coating,Silk,n/a,4/1,25,Score in Half,Moon Slits Bottom Panel,Yes 50 Envelopes A7
Majestic,Silk,7 x 10,Horizontal,Rectangle,16PT C2S,No Coating,Silk,n/a,4/4,25,Score in Half,Moon Slits Bottom Panel,Yes 50 Envelopes A7
Majestic,Silk,7 x 10,Vertical,Rectangle,16PT C2S,No Coating,Silk,n/a,4/4,25,Score in Half,Moon Slits Bottom Panel,Yes 50 Envelopes A7
Majestic,Silk,7 x 10,Horizontal,Rectangle,16PT C2S,No Coating,Silk,n/a,4/0,50,Score in Half,Moon Slits Bottom Panel,Yes 50 Envelopes A7
Majestic,Silk,7 x 10,Vertical,Rectangle,16PT C2S,No Coating,Silk,n/a,4/0,50,Score in Half,Moon Slits Bottom Panel,Yes 50 Envelopes A7
Majestic,Silk,7 x 10,Horizontal,Rectangle,16PT C2S,No Coating,Silk,n/a,4/1,50,Score in Half,Moon Slits Bottom Panel,Yes 50 Envelopes A7
Majestic,Silk,7 x 10,Vertical,Rectangle,16PT C2S,No Coating,Silk,n/a,4/1,50,Score in Half,Moon Slits Bottom Panel,Yes 50 Envelopes A7
Majestic,Silk,7 x 10,Horizontal,Rectangle,16PT C2S,No Coating,Silk,n/a,4/4,50,Score in Half,Moon Slits Bottom Panel,Yes 50 Envelopes A7
Majestic,Silk,7 x 10,Vertical,Rectangle,16PT C2S,No Coating,Silk,n/a,4/4,50,Score in Half,Moon Slits Bottom Panel,Yes 50 Envelopes A7
Majestic,Silk,7 x 10,Horizontal,Rectangle,16PT C2S,No Coating,Silk,n/a,4/0,75,Score in Half,Moon Slits Bottom Panel,Yes 50 Envelopes A7
Majestic,Silk,7 x 10,Vertical,Rectangle,16PT C2S,No Coating,Silk,n/a,4/0,75,Score in Half,Moon Slits Bottom Panel,Yes 50 Envelopes A7
Majestic,Silk,7 x 10,Horizontal,Rectangle,16PT C2S,No Coating,Silk,n/a,4/1,75,Score in Half,Moon Slits Bottom Panel,Yes 50 Envelopes A7
Majestic,Silk,7 x 10,Vertical,Rectangle,16PT C2S,No Coating,Silk,n/a,4/1,75,Score in Half,Moon Slits Bottom Panel,Yes 50 Envelopes A7
Majestic,Silk,7 x 10,Horizontal,Rectangle,16PT C2S,No Coating,Silk,n/a,4/4,75,Score in Half,Moon Slits Bottom Panel,Yes 50 Envelopes A7
Majestic,Silk,7 x 10,Vertical,Rectangle,16PT C2S,No Coating,Silk,n/a,4/4,75,Score in Half,Moon Slits Bottom Panel,Yes 50 Envelopes A7
Majestic,Silk,7 x 10,Horizontal,Rectangle,16PT C2S,No Coating,Silk,n/a,4/0,100,Score in Half,Moon Slits Bottom Panel,Yes 50 Envelopes A7
Majestic,Silk,7 x 10,Vertical,Rectangle,16PT C2S,No Coating,Silk,n/a,4/0,100,Score in Half,Moon Slits Bottom Panel,Yes 50 Envelopes A7
Majestic,Silk,7 x 10,Horizontal,Rectangle,16PT C2S,No Coating,Silk,n/a,4/1,100,Score in Half,Moon Slits Bottom Panel,Yes 50 Envelopes A7
Majestic,Silk,7 x 10,Vertical,Rectangle,16PT C2S,No Coating,Silk,n/a,4/1,100,Score in Half,Moon Slits Bottom Panel,Yes 50 Envelopes A7
Majestic,Silk,7 x 10,Horizontal,Rectangle,16PT C2S,No Coating,Silk,n/a,4/4,100,Score in Half,Moon Slits Bottom Panel,Yes 50 Envelopes A7
Majestic,Silk,7 x 10,Vertical,Rectangle,16PT C2S,No Coating,Silk,n/a,4/4,100,Score in Half,Moon Slits Bottom Panel,Yes 50 Envelopes A7
Majestic,Silk,7 x 10,Horizontal,Rectangle,16PT C2S,No Coating,Silk,n/a,4/0,250,Score in Half,Moon Slits Bottom Panel,Yes 50 Envelopes A7
Majestic,Silk,7 x 10,Vertical,Rectangle,16PT C2S,No Coating,Silk,n/a,4/0,250,Score in Half,Moon Slits Bottom Panel,Yes 50 Envelopes A7
Majestic,Silk,7 x 10,Horizontal,Rectangle,16PT C2S,No Coating,Silk,n/a,4/1,250,Score in Half,Moon Slits Bottom Panel,Yes 50 Envelopes A7
Majestic,Silk,7 x 10,Vertical,Rectangle,16PT C2S,No Coating,Silk,n/a,4/1,250,Score in Half,Moon Slits Bottom Panel,Yes 50 Envelopes A7
Majestic,Silk,7 x 10,Horizontal,Rectangle,16PT C2S,No Coating,Silk,n/a,4/4,250,Score in Half,Moon Slits Bottom Panel,Yes 50 Envelopes A7
Majestic,Silk,7 x 10,Vertical,Rectangle,16PT C2S,No Coating,Silk,n/a,4/4,250,Score in Half,Moon Slits Bottom Panel,Yes 50 Envelopes A7
Majestic,Silk,7 x 10,Horizontal,Rectangle,16PT C2S,No Coating,Silk,n/a,4/0,500,Score in Half,Moon Slits Bottom Panel,Yes 50 Envelopes A7
Majestic,Silk,7 x 10,Vertical,Rectangle,16PT C2S,No Coating,Silk,n/a,4/0,500,Score in Half,Slide Slits Bottom Panel,Yes 25 Envelopes A7
Majestic,Silk,7 x 10,Horizontal,Rectangle,16PT C2S,No Coating,Silk,n/a,4/1,500,Score in Half,Moon Slits Bottom Panel,Yes 50 Envelopes A7
Majestic,Silk,7 x 10,Vertical,Rectangle,16PT C2S,No Coating,Silk,n/a,4/1,500,Score in Half,Moon Slits Bottom Panel,Yes 50 Envelopes A7
Majestic,Silk,7 x 10,Horizontal,Rectangle,16PT C2S,No Coating,Silk,n/a,4/4,500,Score in Half,Moon Slits Bottom Panel,Yes 50 Envelopes A7
Majestic,Silk,7 x 10,Vertical,Rectangle,16PT C2S,No Coating,Silk,n/a,4/4,500,Score in Half,Moon Slits Bottom Panel,Yes 50 Envelopes A7
Majestic,Silk,7 x 10,Vertical,Rectangle,16PT C2S,No Coating,Silk,n/a,4/0,1000,Score in Half,Moon Slits Bottom Panel,Yes 50 Envelopes A7
Majestic,Silk,7 x 10,Horizontal,Rectangle,16PT C2S,No Coating,Silk,n/a,4/1,1000,Score in Half,Moon Slits Bottom Panel,Yes 50 Envelopes A7
Majestic,Silk,7 x 10,Horizontal,Rectangle,16PT C2S,No Coating,Silk,n/a,4/0,1000,Score in Half,Moon Slits Bottom Panel,Yes 50 Envelopes A7
Majestic,Silk,7 x 10,Vertical,Rectangle,16PT C2S,No Coating,Silk,n/a,4/1,1000,Score in Half,Moon Slits Bottom Panel,Yes 50 Envelopes A7
Majestic,Silk,7 x 10,Horizontal,Rectangle,16PT C2S,No Coating,Silk,n/a,4/4,1000,Score in Half,Moon Slits Bottom Panel,Yes 50 Envelopes A7
Majestic,Silk,7 x 10,Vertical,Rectangle,16PT C2S,No Coating,Silk,n/a,4/4,1000,Score in Half,Moon Slits Bottom Panel,Yes 50 Envelopes A7
Majestic,Silk,7 x 10,Horizontal,Rectangle,16PT C2S,No Coating,Silk,n/a,4/0,2500,Score in Half,Moon Slits Bottom Panel,Yes 50 Envelopes A7
Majestic,Silk,7 x 10,Vertical,Rectangle,16PT C2S,No Coating,Silk,n/a,4/0,2500,Score in Half,Moon Slits Bottom Panel,Yes 50 Envelopes A7
Majestic,Silk,7 x 10,Horizontal,Rectangle,16PT C2S,No Coating,Silk,n/a,4/1,2500,Score in Half,Moon Slits Bottom Panel,Yes 50 Envelopes A7
Majestic,Silk,7 x 10,Horizontal,Rectangle,16PT C2S,No Coating,Silk,n/a,4/4,2500,Score in Half,Moon Slits Bottom Panel,Yes 50 Envelopes A7
Majestic,Silk,7 x 10,Vertical,Rectangle,16PT C2S,No Coating,Silk,n/a,4/1,2500,Score in Half,Moon Slits Bottom Panel,Yes 50 Envelopes A7
Majestic,Silk,7 x 10,Vertical,Rectangle,16PT C2S,No Coating,Silk,n/a,4/4,2500,Score in Half,Moon Slits Bottom Panel,Yes 50 Envelopes A7
Majestic,Silk,7 x 10,Horizontal,Rectangle,16PT C2S,No Coating,Silk,n/a,4/0,5000,Score in Half,Moon Slits Bottom Panel,Yes 50 Envelopes A7
Majestic,Silk,7 x 10,Vertical,Rectangle,16PT C2S,No Coating,Silk,n/a,4/0,5000,Score in Half,Moon Slits Bottom Panel,Yes 50 Envelopes A7
Majestic,Silk,7 x 10,Horizontal,Rectangle,16PT C2S,No Coating,Silk,n/a,4/1,5000,Score in Half,Moon Slits Bottom Panel,Yes 50 Envelopes A7
Majestic,Silk,7 x 10,Vertical,Rectangle,16PT C2S,No Coating,Silk,n/a,4/1,5000,Score in Half,Moon Slits Bottom Panel,Yes 50 Envelopes A7
Majestic,Silk,7 x 10,Horizontal,Rectangle,16PT C2S,No Coating,Silk,n/a,4/4,5000,Score in Half,Moon Slits Bottom Panel,Yes 50 Envelopes A7
Majestic,Silk,7 x 10,Vertical,Rectangle,16PT C2S,No Coating,Silk,n/a,4/4,2500,Score in Half,No Gift Cards Slits,Yes 25 Envelopes A7
Majestic,Silk,7 x 10,Horizontal,Rectangle,16PT C2S,No Coating,Silk,n/a,4/0,10000,Score in Half,Moon Slits Bottom Panel,Yes 50 Envelopes A7
Majestic,Silk,7 x 10,Vertical,Rectangle,16PT C2S,No Coating,Silk,n/a,4/0,10000,Score in Half,Moon Slits Bottom Panel,Yes 50 Envelopes A7
Majestic,Silk,7 x 10,Horizontal,Rectangle,16PT C2S,No Coating,Silk,n/a,4/1,10000,Score in Half,Moon Slits Bottom Panel,Yes 50 Envelopes A7
Majestic,Silk,7 x 10,Vertical,Rectangle,16PT C2S,No Coating,Silk,n/a,4/1,10000,Score in Half,Moon Slits Bottom Panel,Yes 50 Envelopes A7
Majestic,Silk,7 x 10,Horizontal,Rectangle,16PT C2S,No Coating,Silk,n/a,4/4,10000,Score in Half,Moon Slits Bottom Panel,Yes 50 Envelopes A7
Majestic,Silk,7 x 10,Vertical,Rectangle,16PT C2S,No Coating,Silk,n/a,4/4,10000,Score in Half,Moon Slits Bottom Panel,Yes 50 Envelopes A7
Majestic,Silk,7 x 10,Horizontal,Rectangle,16PT C2S,No Coating,Silk,n/a,4/0,25,Score in Half,Moon Slits Right Panel,Yes 50 Envelopes A7
Majestic,Silk,7 x 10,Vertical,Rectangle,16PT C2S,No Coating,Silk,n/a,4/0,25,Score in Half,Moon Slits Right Panel,Yes 50 Envelopes A7
Majestic,Silk,7 x 10,Horizontal,Rectangle,16PT C2S,No Coating,Silk,n/a,4/1,25,Score in Half,Moon Slits Right Panel,Yes 50 Envelopes A7
Majestic,Silk,7 x 10,Vertical,Rectangle,16PT C2S,No Coating,Silk,n/a,4/1,25,Score in Half,Moon Slits Right Panel,Yes 50 Envelopes A7
Majestic,Silk,7 x 10,Horizontal,Rectangle,16PT C2S,No Coating,Silk,n/a,4/4,25,Score in Half,Moon Slits Right Panel,Yes 50 Envelopes A7
Majestic,Silk,7 x 10,Vertical,Rectangle,16PT C2S,No Coating,Silk,n/a,4/4,25,Score in Half,Moon Slits Right Panel,Yes 50 Envelopes A7
Majestic,Silk,7 x 10,Vertical,Rectangle,16PT C2S,No Coating,Silk,n/a,4/1,1000,Score in Half,Slide Slits Right Panel,Yes 25 Envelopes A7
Majestic,Silk,7 x 10,Vertical,Rectangle,16PT C2S,No Coating,Silk,n/a,4/0,50,Score in Half,Moon Slits Right Panel,Yes 50 Envelopes A7
Majestic,Silk,7 x 10,Horizontal,Rectangle,16PT C2S,No Coating,Silk,n/a,4/1,50,Score in Half,Moon Slits Right Panel,Yes 50 Envelopes A7
Majestic,Silk,7 x 10,Horizontal,Rectangle,16PT C2S,No Coating,Silk,n/a,4/4,50,Score in Half,Moon Slits Right Panel,Yes 50 Envelopes A7
Majestic,Silk,7 x 10,Vertical,Rectangle,16PT C2S,No Coating,Silk,n/a,4/0,500,Score in Half,Moon Slits Bottom Panel,Yes 50 Envelopes A7
Majestic,Silk,7 x 10,Vertical,Rectangle,16PT C2S,No Coating,Silk,n/a,4/4,50,Score in Half,Moon Slits Right Panel,Yes 50 Envelopes A7
Majestic,Silk,7 x 10,Horizontal,Rectangle,16PT C2S,No Coating,Silk,n/a,4/0,75,Score in Half,Moon Slits Right Panel,Yes 50 Envelopes A7
Majestic,Silk,7 x 10,Vertical,Rectangle,16PT C2S,No Coating,Silk,n/a,4/0,75,Score in Half,Moon Slits Right Panel,Yes 50 Envelopes A7
Majestic,Silk,7 x 10,Horizontal,Rectangle,16PT C2S,No Coating,Silk,n/a,4/1,75,Score in Half,Moon Slits Right Panel,Yes 50 Envelopes A7
Majestic,Silk,7 x 10,Horizontal,Rectangle,16PT C2S,No Coating,Silk,n/a,4/0,50,Score in Half,Moon Slits Right Panel,Yes 50 Envelopes A7
Majestic,Silk,7 x 10,Horizontal,Rectangle,16PT C2S,No Coating,Silk,n/a,4/4,75,Score in Half,Moon Slits Right Panel,Yes 50 Envelopes A7
Majestic,Silk,7 x 10,Vertical,Rectangle,16PT C2S,No Coating,Silk,n/a,4/4,75,Score in Half,Moon Slits Right Panel,Yes 50 Envelopes A7
Majestic,Silk,7 x 10,Horizontal,Rectangle,16PT C2S,No Coating,Silk,n/a,4/0,100,Score in Half,Moon Slits Right Panel,Yes 50 Envelopes A7
Majestic,Silk,7 x 10,Vertical,Rectangle,16PT C2S,No Coating,Silk,n/a,4/0,100,Score in Half,Moon Slits Right Panel,Yes 50 Envelopes A7
Majestic,Silk,7 x 10,Horizontal,Rectangle,16PT C2S,No Coating,Silk,n/a,4/1,100,Score in Half,Moon Slits Right Panel,Yes 50 Envelopes A7
Majestic,Silk,7 x 10,Vertical,Rectangle,16PT C2S,No Coating,Silk,n/a,4/1,100,Score in Half,Moon Slits Right Panel,Yes 50 Envelopes A7
Majestic,Silk,7 x 10,Horizontal,Rectangle,16PT C2S,No Coating,Silk,n/a,4/4,100,Score in Half,Moon Slits Right Panel,Yes 50 Envelopes A7
Majestic,Silk,7 x 10,Vertical,Rectangle,16PT C2S,No Coating,Silk,n/a,4/4,100,Score in Half,Moon Slits Right Panel,Yes 50 Envelopes A7
Majestic,Silk,7 x 10,Horizontal,Rectangle,16PT C2S,No Coating,Silk,n/a,4/0,250,Score in Half,Moon Slits Right Panel,Yes 50 Envelopes A7
Majestic,Silk,7 x 10,Vertical,Rectangle,16PT C2S,No Coating,Silk,n/a,4/0,250,Score in Half,Moon Slits Right Panel,Yes 50 Envelopes A7
Majestic,Silk,7 x 10,Horizontal,Rectangle,16PT C2S,No Coating,Silk,n/a,4/1,250,Score in Half,Moon Slits Right Panel,Yes 50 Envelopes A7
Majestic,Silk,7 x 10,Vertical,Rectangle,16PT C2S,No Coating,Silk,n/a,4/1,250,Score in Half,Moon Slits Right Panel,Yes 50 Envelopes A7
Majestic,Silk,7 x 10,Horizontal,Rectangle,16PT C2S,No Coating,Silk,n/a,4/4,250,Score in Half,Moon Slits Right Panel,Yes 50 Envelopes A7
Majestic,Silk,7 x 10,Vertical,Rectangle,16PT C2S,No Coating,Silk,n/a,4/4,250,Score in Half,Moon Slits Right Panel,Yes 50 Envelopes A7
Majestic,Silk,7 x 10,Horizontal,Rectangle,16PT C2S,No Coating,Silk,n/a,4/0,500,Score in Half,Moon Slits Right Panel,Yes 50 Envelopes A7
Majestic,Silk,7 x 10,Vertical,Rectangle,16PT C2S,No Coating,Silk,n/a,4/0,500,Score in Half,Moon Slits Right Panel,Yes 50 Envelopes A7
Majestic,Silk,7 x 10,Vertical,Rectangle,16PT C2S,No Coating,Silk,n/a,4/1,500,Score in Half,Moon Slits Right Panel,Yes 50 Envelopes A7
Majestic,Silk,7 x 10,Horizontal,Rectangle,16PT C2S,No Coating,Silk,n/a,4/1,500,Score in Half,Moon Slits Right Panel,Yes 50 Envelopes A7
Majestic,Silk,7 x 10,Horizontal,Rectangle,16PT C2S,No Coating,Silk,n/a,4/4,500,Score in Half,Moon Slits Right Panel,Yes 50 Envelopes A7
Majestic,Silk,7 x 10,Vertical,Rectangle,16PT C2S,No Coating,Silk,n/a,4/4,500,Score in Half,Moon Slits Right Panel,Yes 50 Envelopes A7
Majestic,Silk,7 x 10,Horizontal,Rectangle,16PT C2S,No Coating,Silk,n/a,4/0,1000,Score in Half,Moon Slits Right Panel,Yes 50 Envelopes A7
Majestic,Silk,7 x 10,Vertical,Rectangle,16PT C2S,No Coating,Silk,n/a,4/0,1000,Score in Half,Moon Slits Right Panel,Yes 50 Envelopes A7
Majestic,Silk,7 x 10,Horizontal,Rectangle,16PT C2S,No Coating,Silk,n/a,4/1,1000,Score in Half,Moon Slits Right Panel,Yes 50 Envelopes A7
Majestic,Silk,7 x 10,Vertical,Rectangle,16PT C2S,No Coating,Silk,n/a,4/1,1000,Score in Half,Moon Slits Right Panel,Yes 50 Envelopes A7
Majestic,Silk,7 x 10,Horizontal,Rectangle,16PT C2S,No Coating,Silk,n/a,4/4,1000,Score in Half,Moon Slits Right Panel,Yes 50 Envelopes A7
Majestic,Silk,7 x 10,Vertical,Rectangle,16PT C2S,No Coating,Silk,n/a,4/4,1000,Score in Half,Moon Slits Right Panel,Yes 50 Envelopes A7
Majestic,Silk,7 x 10,Horizontal,Rectangle,16PT C2S,No Coating,Silk,n/a,4/0,2500,Score in Half,Moon Slits Right Panel,Yes 50 Envelopes A7
Majestic,Silk,7 x 10,Vertical,Rectangle,16PT C2S,No Coating,Silk,n/a,4/0,2500,Score in Half,Moon Slits Right Panel,Yes 50 Envelopes A7
Majestic,Silk,7 x 10,Vertical,Rectangle,16PT C2S,No Coating,Silk,n/a,4/1,2500,Score in Half,Moon Slits Right Panel,Yes 50 Envelopes A7
Majestic,Silk,7 x 10,Horizontal,Rectangle,16PT C2S,No Coating,Silk,n/a,4/4,2500,Score in Half,Moon Slits Right Panel,Yes 50 Envelopes A7
Majestic,Silk,7 x 10,Horizontal,Rectangle,16PT C2S,No Coating,Silk,n/a,4/1,2500,Score in Half,Moon Slits Right Panel,Yes 50 Envelopes A7
Majestic,Silk,7 x 10,Vertical,Rectangle,16PT C2S,No Coating,Silk,n/a,4/4,2500,Score in Half,Moon Slits Right Panel,Yes 50 Envelopes A7
Majestic,Silk,7 x 10,Horizontal,Rectangle,16PT C2S,No Coating,Silk,n/a,4/0,5000,Score in Half,Moon Slits Right Panel,Yes 50 Envelopes A7
Majestic,Silk,7 x 10,Vertical,Rectangle,16PT C2S,No Coating,Silk,n/a,4/0,5000,Score in Half,Moon Slits Right Panel,Yes 50 Envelopes A7
Majestic,Silk,7 x 10,Horizontal,Rectangle,16PT C2S,No Coating,Silk,n/a,4/1,5000,Score in Half,Moon Slits Right Panel,Yes 50 Envelopes A7
Majestic,Silk,7 x 10,Vertical,Rectangle,16PT C2S,No Coating,Silk,n/a,4/1,5000,Score in Half,Moon Slits Right Panel,Yes 50 Envelopes A7
Majestic,Silk,7 x 10,Horizontal,Rectangle,16PT C2S,No Coating,Silk,n/a,4/4,5000,Score in Half,Moon Slits Right Panel,Yes 50 Envelopes A7
Majestic,Silk,7 x 10,Vertical,Rectangle,16PT C2S,No Coating,Silk,n/a,4/4,5000,Score in Half,Moon Slits Right Panel,Yes 50 Envelopes A7
Majestic,Silk,7 x 10,Horizontal,Rectangle,16PT C2S,No Coating,Silk,n/a,4/0,10000,Score in Half,Moon Slits Right Panel,Yes 50 Envelopes A7
Majestic,Silk,7 x 10,Vertical,Rectangle,16PT C2S,No Coating,Silk,n/a,4/0,10000,Score in Half,Moon Slits Right Panel,Yes 50 Envelopes A7
Majestic,Silk,7 x 10,Horizontal,Rectangle,16PT C2S,No Coating,Silk,n/a,4/1,10000,Score in Half,Moon Slits Right Panel,Yes 50 Envelopes A7
Majestic,Silk,7 x 10,Vertical,Rectangle,16PT C2S,No Coating,Silk,n/a,4/4,10000,Score in Half,Moon Slits Right Panel,Yes 50 Envelopes A7
Majestic,Silk,7 x 10,Vertical,Rectangle,16PT C2S,No Coating,Silk,n/a,4/1,10000,Score in Half,Moon Slits Right Panel,Yes 50 Envelopes A7
Majestic,Silk,7 x 10,Horizontal,Rectangle,16PT C2S,No Coating,Silk,n/a,4/4,10000,Score in Half,Moon Slits Right Panel,Yes 50 Envelopes A7
Majestic,Silk,7 x 10,Horizontal,Rectangle,16PT C2S,No Coating,Silk,n/a,4/0,25,Score in Half,No Gift Cards Slits,Yes 50 Envelopes A7
Majestic,Silk,7 x 10,Vertical,Rectangle,16PT C2S,No Coating,Silk,n/a,4/0,25,Score in Half,No Gift Cards Slits,Yes 50 Envelopes A7
Majestic,Silk,7 x 10,Vertical,Rectangle,16PT C2S,No Coating,Silk,n/a,4/1,25,Score in Half,No Gift Cards Slits,Yes 50 Envelopes A7
Majestic,Silk,7 x 10,Horizontal,Rectangle,16PT C2S,No Coating,Silk,n/a,4/1,25,Score in Half,No Gift Cards Slits,Yes 50 Envelopes A7
Majestic,Silk,7 x 10,Horizontal,Rectangle,16PT C2S,No Coating,Silk,n/a,4/4,25,Score in Half,No Gift Cards Slits,Yes 50 Envelopes A7
Majestic,Silk,7 x 10,Vertical,Rectangle,16PT C2S,No Coating,Silk,n/a,4/4,25,Score in Half,No Gift Cards Slits,Yes 50 Envelopes A7
Majestic,Silk,7 x 10,Horizontal,Rectangle,16PT C2S,No Coating,Silk,n/a,4/0,50,Score in Half,No Gift Cards Slits,Yes 50 Envelopes A7
Majestic,Silk,7 x 10,Vertical,Rectangle,16PT C2S,No Coating,Silk,n/a,4/1,50,Score in Half,Moon Slits Right Panel,Yes 50 Envelopes A7
Majestic,Silk,7 x 10,Horizontal,Rectangle,16PT C2S,No Coating,Silk,n/a,4/1,50,Score in Half,No Gift Cards Slits,Yes 50 Envelopes A7
Majestic,Silk,7 x 10,Horizontal,Rectangle,16PT C2S,No Coating,Silk,n/a,4/4,50,Score in Half,No Gift Cards Slits,Yes 50 Envelopes A7
Majestic,Silk,7 x 10,Vertical,Rectangle,16PT C2S,No Coating,Silk,n/a,4/1,50,Score in Half,No Gift Cards Slits,Yes 50 Envelopes A7
Majestic,Silk,7 x 10,Vertical,Rectangle,16PT C2S,No Coating,Silk,n/a,4/4,50,Score in Half,No Gift Cards Slits,Yes 50 Envelopes A7
Majestic,Silk,7 x 10,Horizontal,Rectangle,16PT C2S,No Coating,Silk,n/a,4/0,75,Score in Half,No Gift Cards Slits,Yes 50 Envelopes A7
Majestic,Silk,7 x 10,Vertical,Rectangle,16PT C2S,No Coating,Silk,n/a,4/0,75,Score in Half,No Gift Cards Slits,Yes 50 Envelopes A7
Majestic,Silk,7 x 10,Horizontal,Rectangle,16PT C2S,No Coating,Silk,n/a,4/1,75,Score in Half,No Gift Cards Slits,Yes 50 Envelopes A7
Majestic,Silk,7 x 10,Vertical,Rectangle,16PT C2S,No Coating,Silk,n/a,4/1,75,Score in Half,No Gift Cards Slits,Yes 50 Envelopes A7
Majestic,Silk,7 x 10,Horizontal,Rectangle,16PT C2S,No Coating,Silk,n/a,4/4,75,Score in Half,No Gift Cards Slits,Yes 50 Envelopes A7
Majestic,Silk,7 x 10,Vertical,Rectangle,16PT C2S,No Coating,Silk,n/a,4/4,5000,Score in Half,Moon Slits Bottom Panel,Yes 50 Envelopes A7
Majestic,Silk,7 x 10,Horizontal,Rectangle,16PT C2S,No Coating,Silk,n/a,4/0,100,Score in Half,No Gift Cards Slits,Yes 50 Envelopes A7
Majestic,Silk,7 x 10,Vertical,Rectangle,16PT C2S,No Coating,Silk,n/a,4/0,100,Score in Half,No Gift Cards Slits,Yes 50 Envelopes A7
Majestic,Silk,7 x 10,Horizontal,Rectangle,16PT C2S,No Coating,Silk,n/a,4/1,100,Score in Half,No Gift Cards Slits,Yes 50 Envelopes A7
Majestic,Silk,7 x 10,Vertical,Rectangle,16PT C2S,No Coating,Silk,n/a,4/1,100,Score in Half,No Gift Cards Slits,Yes 50 Envelopes A7
Majestic,Silk,7 x 10,Horizontal,Rectangle,16PT C2S,No Coating,Silk,n/a,4/4,100,Score in Half,No Gift Cards Slits,Yes 50 Envelopes A7
Majestic,Silk,7 x 10,Vertical,Rectangle,16PT C2S,No Coating,Silk,n/a,4/4,100,Score in Half,No Gift Cards Slits,Yes 50 Envelopes A7
Majestic,Silk,7 x 10,Horizontal,Rectangle,16PT C2S,No Coating,Silk,n/a,4/0,250,Score in Half,No Gift Cards Slits,Yes 50 Envelopes A7
Majestic,Silk,7 x 10,Horizontal,Rectangle,16PT C2S,No Coating,Silk,n/a,4/1,250,Score in Half,No Gift Cards Slits,Yes 50 Envelopes A7
Majestic,Silk,7 x 10,Vertical,Rectangle,16PT C2S,No Coating,Silk,n/a,4/0,250,Score in Half,No Gift Cards Slits,Yes 50 Envelopes A7
Majestic,Silk,7 x 10,Vertical,Rectangle,16PT C2S,No Coating,Silk,n/a,4/1,250,Score in Half,No Gift Cards Slits,Yes 50 Envelopes A7
Majestic,Silk,7 x 10,Horizontal,Rectangle,16PT C2S,No Coating,Silk,n/a,4/4,250,Score in Half,No Gift Cards Slits,Yes 50 Envelopes A7
Majestic,Silk,7 x 10,Vertical,Rectangle,16PT C2S,No Coating,Silk,n/a,4/4,250,Score in Half,No Gift Cards Slits,Yes 50 Envelopes A7
Majestic,Silk,7 x 10,Horizontal,Rectangle,16PT C2S,No Coating,Silk,n/a,4/0,500,Score in Half,No Gift Cards Slits,Yes 50 Envelopes A7
Majestic,Silk,7 x 10,Vertical,Rectangle,16PT C2S,No Coating,Silk,n/a,4/0,500,Score in Half,No Gift Cards Slits,Yes 50 Envelopes A7
Majestic,Silk,7 x 10,Horizontal,Rectangle,16PT C2S,No Coating,Silk,n/a,4/1,500,Score in Half,No Gift Cards Slits,Yes 50 Envelopes A7
Majestic,Silk,7 x 10,Vertical,Rectangle,16PT C2S,No Coating,Silk,n/a,4/1,500,Score in Half,No Gift Cards Slits,Yes 50 Envelopes A7
Majestic,Silk,7 x 10,Horizontal,Rectangle,16PT C2S,No Coating,Silk,n/a,4/4,500,Score in Half,No Gift Cards Slits,Yes 50 Envelopes A7
Majestic,Silk,7 x 10,Vertical,Rectangle,16PT C2S,No Coating,Silk,n/a,4/4,500,Score in Half,No Gift Cards Slits,Yes 50 Envelopes A7
Majestic,Silk,7 x 10,Horizontal,Rectangle,16PT C2S,No Coating,Silk,n/a,4/0,1000,Score in Half,No Gift Cards Slits,Yes 50 Envelopes A7
Majestic,Silk,7 x 10,Vertical,Rectangle,16PT C2S,No Coating,Silk,n/a,4/0,1000,Score in Half,No Gift Cards Slits,Yes 50 Envelopes A7
Majestic,Silk,7 x 10,Horizontal,Rectangle,16PT C2S,No Coating,Silk,n/a,4/1,1000,Score in Half,No Gift Cards Slits,Yes 50 Envelopes A7
Majestic,Silk,7 x 10,Horizontal,Rectangle,16PT C2S,No Coating,Silk,n/a,4/4,1000,Score in Half,No Gift Cards Slits,Yes 50 Envelopes A7
Majestic,Silk,7 x 10,Vertical,Rectangle,16PT C2S,No Coating,Silk,n/a,4/1,1000,Score in Half,No Gift Cards Slits,Yes 50 Envelopes A7
Majestic,Silk,7 x 10,Vertical,Rectangle,16PT C2S,No Coating,Silk,n/a,4/4,1000,Score in Half,No Gift Cards Slits,Yes 50 Envelopes A7
Majestic,Silk,7 x 10,Horizontal,Rectangle,16PT C2S,No Coating,Silk,n/a,4/0,2500,Score in Half,No Gift Cards Slits,Yes 50 Envelopes A7
Majestic,Silk,7 x 10,Vertical,Rectangle,16PT C2S,No Coating,Silk,n/a,4/0,2500,Score in Half,No Gift Cards Slits,Yes 50 Envelopes A7
Majestic,Silk,7 x 10,Vertical,Rectangle,16PT C2S,No Coating,Silk,n/a,4/4,75,Score in Half,No Gift Cards Slits,Yes 50 Envelopes A7
Majestic,Silk,7 x 10,Vertical,Rectangle,16PT C2S,No Coating,Silk,n/a,4/1,2500,Score in Half,No Gift Cards Slits,Yes 50 Envelopes A7
Majestic,Silk,7 x 10,Horizontal,Rectangle,16PT C2S,No Coating,Silk,n/a,4/4,2500,Score in Half,No Gift Cards Slits,Yes 50 Envelopes A7
Majestic,Silk,7 x 10,Vertical,Rectangle,16PT C2S,No Coating,Silk,n/a,4/4,2500,Score in Half,No Gift Cards Slits,Yes 50 Envelopes A7
Majestic,Silk,7 x 10,Horizontal,Rectangle,16PT C2S,No Coating,Silk,n/a,4/0,5000,Score in Half,No Gift Cards Slits,Yes 50 Envelopes A7
Majestic,Silk,7 x 10,Vertical,Rectangle,16PT C2S,No Coating,Silk,n/a,4/0,5000,Score in Half,No Gift Cards Slits,Yes 50 Envelopes A7
Majestic,Silk,7 x 10,Horizontal,Rectangle,16PT C2S,No Coating,Silk,n/a,4/1,5000,Score in Half,No Gift Cards Slits,Yes 50 Envelopes A7
Majestic,Silk,7 x 10,Vertical,Rectangle,16PT C2S,No Coating,Silk,n/a,4/1,5000,Score in Half,No Gift Cards Slits,Yes 50 Envelopes A7
Majestic,Silk,7 x 10,Horizontal,Rectangle,16PT C2S,No Coating,Silk,n/a,4/4,5000,Score in Half,No Gift Cards Slits,Yes 50 Envelopes A7
Majestic,Silk,7 x 10,Vertical,Rectangle,16PT C2S,No Coating,Silk,n/a,4/4,5000,Score in Half,No Gift Cards Slits,Yes 50 Envelopes A7
Majestic,Silk,7 x 10,Horizontal,Rectangle,16PT C2S,No Coating,Silk,n/a,4/0,10000,Score in Half,No Gift Cards Slits,Yes 50 Envelopes A7
Majestic,Silk,7 x 10,Vertical,Rectangle,16PT C2S,No Coating,Silk,n/a,4/0,10000,Score in Half,No Gift Cards Slits,Yes 50 Envelopes A7
Majestic,Silk,7 x 10,Horizontal,Rectangle,16PT C2S,No Coating,Silk,n/a,4/1,10000,Score in Half,No Gift Cards Slits,Yes 50 Envelopes A7
Majestic,Silk,7 x 10,Vertical,Rectangle,16PT C2S,No Coating,Silk,n/a,4/1,10000,Score in Half,No Gift Cards Slits,Yes 50 Envelopes A7
Majestic,Silk,7 x 10,Horizontal,Rectangle,16PT C2S,No Coating,Silk,n/a,4/4,10000,Score in Half,No Gift Cards Slits,Yes 50 Envelopes A7
Majestic,Silk,7 x 10,Vertical,Rectangle,16PT C2S,No Coating,Silk,n/a,4/4,10000,Score in Half,No Gift Cards Slits,Yes 50 Envelopes A7
Majestic,Silk,7 x 10,Horizontal,Rectangle,16PT C2S,No Coating,Silk,n/a,4/0,25,Score in Half,Slide Slits Bottom Panel,Yes 50 Envelopes A7
Majestic,Silk,7 x 10,Vertical,Rectangle,16PT C2S,No Coating,Silk,n/a,4/0,25,Score in Half,Slide Slits Bottom Panel,Yes 50 Envelopes A7
Majestic,Silk,7 x 10,Horizontal,Rectangle,16PT C2S,No Coating,Silk,n/a,4/1,25,Score in Half,Slide Slits Bottom Panel,Yes 50 Envelopes A7
Majestic,Silk,7 x 10,Vertical,Rectangle,16PT C2S,No Coating,Silk,n/a,4/1,25,Score in Half,Slide Slits Bottom Panel,Yes 50 Envelopes A7
Majestic,Silk,7 x 10,Horizontal,Rectangle,16PT C2S,No Coating,Silk,n/a,4/4,25,Score in Half,Slide Slits Bottom Panel,Yes 50 Envelopes A7
Majestic,Silk,7 x 10,Vertical,Rectangle,16PT C2S,No Coating,Silk,n/a,4/4,25,Score in Half,Slide Slits Bottom Panel,Yes 50 Envelopes A7
Majestic,Silk,7 x 10,Horizontal,Rectangle,16PT C2S,No Coating,Silk,n/a,4/0,50,Score in Half,Slide Slits Bottom Panel,Yes 50 Envelopes A7
Majestic,Silk,7 x 10,Vertical,Rectangle,16PT C2S,No Coating,Silk,n/a,4/0,50,Score in Half,Slide Slits Bottom Panel,Yes 50 Envelopes A7
Majestic,Silk,7 x 10,Horizontal,Rectangle,16PT C2S,No Coating,Silk,n/a,4/1,50,Score in Half,Slide Slits Bottom Panel,Yes 50 Envelopes A7
Majestic,Silk,7 x 10,Vertical,Rectangle,16PT C2S,No Coating,Silk,n/a,4/1,50,Score in Half,Slide Slits Bottom Panel,Yes 50 Envelopes A7
Majestic,Silk,7 x 10,Horizontal,Rectangle,16PT C2S,No Coating,Silk,n/a,4/4,50,Score in Half,Slide Slits Bottom Panel,Yes 50 Envelopes A7
Majestic,Silk,7 x 10,Vertical,Rectangle,16PT C2S,No Coating,Silk,n/a,4/4,50,Score in Half,Slide Slits Bottom Panel,Yes 50 Envelopes A7
Majestic,Silk,7 x 10,Horizontal,Rectangle,16PT C2S,No Coating,Silk,n/a,4/0,75,Score in Half,Slide Slits Bottom Panel,Yes 50 Envelopes A7
Majestic,Silk,7 x 10,Vertical,Rectangle,16PT C2S,No Coating,Silk,n/a,4/0,75,Score in Half,Slide Slits Bottom Panel,Yes 50 Envelopes A7
Majestic,Silk,7 x 10,Horizontal,Rectangle,16PT C2S,No Coating,Silk,n/a,4/1,75,Score in Half,Slide Slits Bottom Panel,Yes 50 Envelopes A7
Majestic,Silk,7 x 10,Vertical,Rectangle,16PT C2S,No Coating,Silk,n/a,4/1,75,Score in Half,Slide Slits Bottom Panel,Yes 50 Envelopes A7
Majestic,Silk,7 x 10,Horizontal,Rectangle,16PT C2S,No Coating,Silk,n/a,4/4,75,Score in Half,Slide Slits Bottom Panel,Yes 50 Envelopes A7
Majestic,Silk,7 x 10,Vertical,Rectangle,16PT C2S,No Coating,Silk,n/a,4/4,75,Score in Half,Slide Slits Bottom Panel,Yes 50 Envelopes A7
Majestic,Silk,7 x 10,Horizontal,Rectangle,16PT C2S,No Coating,Silk,n/a,4/0,100,Score in Half,Slide Slits Bottom Panel,Yes 50 Envelopes A7
Majestic,Silk,7 x 10,Vertical,Rectangle,16PT C2S,No Coating,Silk,n/a,4/0,100,Score in Half,Slide Slits Bottom Panel,Yes 50 Envelopes A7
Majestic,Silk,7 x 10,Horizontal,Rectangle,16PT C2S,No Coating,Silk,n/a,4/1,100,Score in Half,Slide Slits Bottom Panel,Yes 50 Envelopes A7
Majestic,Silk,7 x 10,Vertical,Rectangle,16PT C2S,No Coating,Silk,n/a,4/1,100,Score in Half,Slide Slits Bottom Panel,Yes 50 Envelopes A7
Majestic,Silk,7 x 10,Horizontal,Rectangle,16PT C2S,No Coating,Silk,n/a,4/4,100,Score in Half,Slide Slits Bottom Panel,Yes 50 Envelopes A7
Majestic,Silk,7 x 10,Vertical,Rectangle,16PT C2S,No Coating,Silk,n/a,4/4,100,Score in Half,Slide Slits Bottom Panel,Yes 50 Envelopes A7
Majestic,Silk,7 x 10,Horizontal,Rectangle,16PT C2S,No Coating,Silk,n/a,4/0,250,Score in Half,Slide Slits Bottom Panel,Yes 50 Envelopes A7
Majestic,Silk,7 x 10,Vertical,Rectangle,16PT C2S,No Coating,Silk,n/a,4/0,250,Score in Half,Slide Slits Bottom Panel,Yes 50 Envelopes A7
Majestic,Silk,7 x 10,Horizontal,Rectangle,16PT C2S,No Coating,Silk,n/a,4/1,250,Score in Half,Slide Slits Bottom Panel,Yes 50 Envelopes A7
Majestic,Silk,7 x 10,Vertical,Rectangle,16PT C2S,No Coating,Silk,n/a,4/1,250,Score in Half,Slide Slits Bottom Panel,Yes 50 Envelopes A7
Majestic,Silk,7 x 10,Horizontal,Rectangle,16PT C2S,No Coating,Silk,n/a,4/4,250,Score in Half,Slide Slits Bottom Panel,Yes 50 Envelopes A7
Majestic,Silk,7 x 10,Vertical,Rectangle,16PT C2S,No Coating,Silk,n/a,4/4,250,Score in Half,Slide Slits Bottom Panel,Yes 50 Envelopes A7
Majestic,Silk,7 x 10,Horizontal,Rectangle,16PT C2S,No Coating,Silk,n/a,4/0,500,Score in Half,Slide Slits Bottom Panel,Yes 50 Envelopes A7
Majestic,Silk,7 x 10,Vertical,Rectangle,16PT C2S,No Coating,Silk,n/a,4/0,500,Score in Half,Slide Slits Bottom Panel,Yes 50 Envelopes A7
Majestic,Silk,7 x 10,Horizontal,Rectangle,16PT C2S,No Coating,Silk,n/a,4/1,500,Score in Half,Slide Slits Bottom Panel,Yes 50 Envelopes A7
Majestic,Silk,7 x 10,Vertical,Rectangle,16PT C2S,No Coating,Silk,n/a,4/1,500,Score in Half,Slide Slits Bottom Panel,Yes 50 Envelopes A7
Majestic,Silk,7 x 10,Horizontal,Rectangle,16PT C2S,No Coating,Silk,n/a,4/4,500,Score in Half,Slide Slits Bottom Panel,Yes 50 Envelopes A7
Majestic,Silk,7 x 10,Vertical,Rectangle,16PT C2S,No Coating,Silk,n/a,4/4,500,Score in Half,Slide Slits Bottom Panel,Yes 50 Envelopes A7
Majestic,Silk,7 x 10,Horizontal,Rectangle,16PT C2S,No Coating,Silk,n/a,4/0,1000,Score in Half,Slide Slits Bottom Panel,Yes 50 Envelopes A7
Majestic,Silk,7 x 10,Vertical,Rectangle,16PT C2S,No Coating,Silk,n/a,4/0,1000,Score in Half,Slide Slits Bottom Panel,Yes 50 Envelopes A7
Majestic,Silk,7 x 10,Horizontal,Rectangle,16PT C2S,No Coating,Silk,n/a,4/1,2500,Score in Half,No Gift Cards Slits,Yes 50 Envelopes A7
Majestic,Silk,7 x 10,Vertical,Rectangle,16PT C2S,No Coating,Silk,n/a,4/1,1000,Score in Half,Slide Slits Bottom Panel,Yes 50 Envelopes A7
Majestic,Silk,7 x 10,Horizontal,Rectangle,16PT C2S,No Coating,Silk,n/a,4/4,1000,Score in Half,Slide Slits Bottom Panel,Yes 50 Envelopes A7
Majestic,Silk,7 x 10,Vertical,Rectangle,16PT C2S,No Coating,Silk,n/a,4/4,1000,Score in Half,Slide Slits Bottom Panel,Yes 50 Envelopes A7
Majestic,Silk,7 x 10,Horizontal,Rectangle,16PT C2S,No Coating,Silk,n/a,4/0,2500,Score in Half,Slide Slits Bottom Panel,Yes 50 Envelopes A7
Majestic,Silk,7 x 10,Vertical,Rectangle,16PT C2S,No Coating,Silk,n/a,4/0,2500,Score in Half,Slide Slits Bottom Panel,Yes 50 Envelopes A7
Majestic,Silk,7 x 10,Horizontal,Rectangle,16PT C2S,No Coating,Silk,n/a,4/1,2500,Score in Half,Slide Slits Bottom Panel,Yes 50 Envelopes A7
Majestic,Silk,7 x 10,Vertical,Rectangle,16PT C2S,No Coating,Silk,n/a,4/1,2500,Score in Half,Slide Slits Bottom Panel,Yes 50 Envelopes A7
Majestic,Silk,7 x 10,Horizontal,Rectangle,16PT C2S,No Coating,Silk,n/a,4/4,2500,Score in Half,Slide Slits Bottom Panel,Yes 50 Envelopes A7
Majestic,Silk,7 x 10,Vertical,Rectangle,16PT C2S,No Coating,Silk,n/a,4/0,50,Score in Half,No Gift Cards Slits,Yes 50 Envelopes A7
Majestic,Silk,7 x 10,Horizontal,Rectangle,16PT C2S,No Coating,Silk,n/a,4/0,5000,Score in Half,Slide Slits Bottom Panel,Yes 50 Envelopes A7
Majestic,Silk,7 x 10,Vertical,Rectangle,16PT C2S,No Coating,Silk,n/a,4/0,5000,Score in Half,Slide Slits Bottom Panel,Yes 50 Envelopes A7
Majestic,Silk,7 x 10,Horizontal,Rectangle,16PT C2S,No Coating,Silk,n/a,4/1,5000,Score in Half,Slide Slits Bottom Panel,Yes 50 Envelopes A7
Majestic,Silk,7 x 10,Vertical,Rectangle,16PT C2S,No Coating,Silk,n/a,4/1,5000,Score in Half,Slide Slits Bottom Panel,Yes 50 Envelopes A7
Majestic,Silk,7 x 10,Horizontal,Rectangle,16PT C2S,No Coating,Silk,n/a,4/4,5000,Score in Half,Slide Slits Bottom Panel,Yes 50 Envelopes A7
Majestic,Silk,7 x 10,Vertical,Rectangle,16PT C2S,No Coating,Silk,n/a,4/4,5000,Score in Half,Slide Slits Bottom Panel,Yes 50 Envelopes A7
Majestic,Silk,7 x 10,Horizontal,Rectangle,16PT C2S,No Coating,Silk,n/a,4/0,10000,Score in Half,Slide Slits Bottom Panel,Yes 50 Envelopes A7
Majestic,Silk,7 x 10,Vertical,Rectangle,16PT C2S,No Coating,Silk,n/a,4/0,10000,Score in Half,Slide Slits Bottom Panel,Yes 50 Envelopes A7
Majestic,Silk,7 x 10,Horizontal,Rectangle,16PT C2S,No Coating,Silk,n/a,4/1,10000,Score in Half,Slide Slits Bottom Panel,Yes 50 Envelopes A7
Majestic,Silk,7 x 10,Vertical,Rectangle,16PT C2S,No Coating,Silk,n/a,4/1,10000,Score in Half,Slide Slits Bottom Panel,Yes 50 Envelopes A7
Majestic,Silk,7 x 10,Horizontal,Rectangle,16PT C2S,No Coating,Silk,n/a,4/4,10000,Score in Half,Slide Slits Bottom Panel,Yes 50 Envelopes A7
Majestic,Silk,7 x 10,Vertical,Rectangle,16PT C2S,No Coating,Silk,n/a,4/4,10000,Score in Half,Slide Slits Bottom Panel,Yes 50 Envelopes A7
Majestic,Silk,7 x 10,Horizontal,Rectangle,16PT C2S,No Coating,Silk,n/a,4/0,25,Score in Half,Slide Slits Right Panel,Yes 50 Envelopes A7
Majestic,Silk,7 x 10,Vertical,Rectangle,16PT C2S,No Coating,Silk,n/a,4/0,25,Score in Half,Slide Slits Right Panel,Yes 50 Envelopes A7
Majestic,Silk,7 x 10,Horizontal,Rectangle,16PT C2S,No Coating,Silk,n/a,4/1,25,Score in Half,Slide Slits Right Panel,Yes 50 Envelopes A7
Majestic,Silk,7 x 10,Vertical,Rectangle,16PT C2S,No Coating,Silk,n/a,4/1,25,Score in Half,Slide Slits Right Panel,Yes 50 Envelopes A7
Majestic,Silk,7 x 10,Horizontal,Rectangle,16PT C2S,No Coating,Silk,n/a,4/4,25,Score in Half,Slide Slits Right Panel,Yes 50 Envelopes A7
Majestic,Silk,7 x 10,Vertical,Rectangle,16PT C2S,No Coating,Silk,n/a,4/4,25,Score in Half,Slide Slits Right Panel,Yes 50 Envelopes A7
Majestic,Silk,7 x 10,Horizontal,Rectangle,16PT C2S,No Coating,Silk,n/a,4/0,50,Score in Half,Slide Slits Right Panel,Yes 50 Envelopes A7
Majestic,Silk,7 x 10,Vertical,Rectangle,16PT C2S,No Coating,Silk,n/a,4/0,50,Score in Half,Slide Slits Right Panel,Yes 50 Envelopes A7
Majestic,Silk,7 x 10,Horizontal,Rectangle,16PT C2S,No Coating,Silk,n/a,4/1,50,Score in Half,Slide Slits Right Panel,Yes 50 Envelopes A7
Majestic,Silk,7 x 10,Vertical,Rectangle,16PT C2S,No Coating,Silk,n/a,4/1,50,Score in Half,Slide Slits Right Panel,Yes 50 Envelopes A7
Majestic,Silk,7 x 10,Horizontal,Rectangle,16PT C2S,No Coating,Silk,n/a,4/4,50,Score in Half,Slide Slits Right Panel,Yes 50 Envelopes A7
Majestic,Silk,7 x 10,Vertical,Rectangle,16PT C2S,No Coating,Silk,n/a,4/4,50,Score in Half,Slide Slits Right Panel,Yes 50 Envelopes A7
Majestic,Silk,7 x 10,Horizontal,Rectangle,16PT C2S,No Coating,Silk,n/a,4/0,75,Score in Half,Slide Slits Right Panel,Yes 50 Envelopes A7
Majestic,Silk,7 x 10,Vertical,Rectangle,16PT C2S,No Coating,Silk,n/a,4/0,75,Score in Half,Slide Slits Right Panel,Yes 50 Envelopes A7
Majestic,Silk,7 x 10,Horizontal,Rectangle,16PT C2S,No Coating,Silk,n/a,4/1,75,Score in Half,Slide Slits Right Panel,Yes 50 Envelopes A7
Majestic,Silk,7 x 10,Vertical,Rectangle,16PT C2S,No Coating,Silk,n/a,4/1,75,Score in Half,Slide Slits Right Panel,Yes 50 Envelopes A7
Majestic,Silk,7 x 10,Horizontal,Rectangle,16PT C2S,No Coating,Silk,n/a,4/4,75,Score in Half,Slide Slits Right Panel,Yes 50 Envelopes A7
Majestic,Silk,7 x 10,Vertical,Rectangle,16PT C2S,No Coating,Silk,n/a,4/4,75,Score in Half,Slide Slits Right Panel,Yes 50 Envelopes A7
Majestic,Silk,7 x 10,Horizontal,Rectangle,16PT C2S,No Coating,Silk,n/a,4/0,100,Score in Half,Slide Slits Right Panel,Yes 50 Envelopes A7
Majestic,Silk,7 x 10,Vertical,Rectangle,16PT C2S,No Coating,Silk,n/a,4/0,100,Score in Half,Slide Slits Right Panel,Yes 50 Envelopes A7
Majestic,Silk,7 x 10,Horizontal,Rectangle,16PT C2S,No Coating,Silk,n/a,4/1,100,Score in Half,Slide Slits Right Panel,Yes 50 Envelopes A7
Majestic,Silk,7 x 10,Vertical,Rectangle,16PT C2S,No Coating,Silk,n/a,4/1,100,Score in Half,Slide Slits Right Panel,Yes 50 Envelopes A7
Majestic,Silk,7 x 10,Horizontal,Rectangle,16PT C2S,No Coating,Silk,n/a,4/4,100,Score in Half,Slide Slits Right Panel,Yes 50 Envelopes A7
Majestic,Silk,7 x 10,Vertical,Rectangle,16PT C2S,No Coating,Silk,n/a,4/4,100,Score in Half,Slide Slits Right Panel,Yes 50 Envelopes A7
Majestic,Silk,7 x 10,Horizontal,Rectangle,16PT C2S,No Coating,Silk,n/a,4/0,250,Score in Half,Slide Slits Right Panel,Yes 50 Envelopes A7
Majestic,Silk,7 x 10,Vertical,Rectangle,16PT C2S,No Coating,Silk,n/a,4/0,250,Score in Half,Slide Slits Right Panel,Yes 50 Envelopes A7
Majestic,Silk,7 x 10,Horizontal,Rectangle,16PT C2S,No Coating,Silk,n/a,4/1,250,Score in Half,Slide Slits Right Panel,Yes 50 Envelopes A7
Majestic,Silk,7 x 10,Vertical,Rectangle,16PT C2S,No Coating,Silk,n/a,4/1,250,Score in Half,Slide Slits Right Panel,Yes 50 Envelopes A7
Majestic,Silk,7 x 10,Horizontal,Rectangle,16PT C2S,No Coating,Silk,n/a,4/4,250,Score in Half,Slide Slits Right Panel,Yes 50 Envelopes A7
Majestic,Silk,7 x 10,Vertical,Rectangle,16PT C2S,No Coating,Silk,n/a,4/4,250,Score in Half,Slide Slits Right Panel,Yes 50 Envelopes A7
Majestic,Silk,7 x 10,Horizontal,Rectangle,16PT C2S,No Coating,Silk,n/a,4/0,500,Score in Half,Slide Slits Right Panel,Yes 50 Envelopes A7
Majestic,Silk,7 x 10,Vertical,Rectangle,16PT C2S,No Coating,Silk,n/a,4/4,2500,Score in Half,Slide Slits Bottom Panel,Yes 50 Envelopes A7
Majestic,Silk,7 x 10,Horizontal,Rectangle,16PT C2S,No Coating,Silk,n/a,4/1,500,Score in Half,Slide Slits Right Panel,Yes 50 Envelopes A7
Majestic,Silk,7 x 10,Vertical,Rectangle,16PT C2S,No Coating,Silk,n/a,4/1,500,Score in Half,Slide Slits Right Panel,Yes 50 Envelopes A7
Majestic,Silk,7 x 10,Horizontal,Rectangle,16PT C2S,No Coating,Silk,n/a,4/4,500,Score in Half,Slide Slits Right Panel,Yes 50 Envelopes A7
Majestic,Silk,7 x 10,Vertical,Rectangle,16PT C2S,No Coating,Silk,n/a,4/4,500,Score in Half,Slide Slits Right Panel,Yes 50 Envelopes A7
Majestic,Silk,7 x 10,Horizontal,Rectangle,16PT C2S,No Coating,Silk,n/a,4/0,1000,Score in Half,Slide Slits Right Panel,Yes 50 Envelopes A7
Majestic,Silk,7 x 10,Vertical,Rectangle,16PT C2S,No Coating,Silk,n/a,4/0,1000,Score in Half,Slide Slits Right Panel,Yes 50 Envelopes A7
Majestic,Silk,7 x 10,Horizontal,Rectangle,16PT C2S,No Coating,Silk,n/a,4/1,1000,Score in Half,Slide Slits Right Panel,Yes 50 Envelopes A7
Majestic,Silk,7 x 10,Vertical,Rectangle,16PT C2S,No Coating,Silk,n/a,4/1,1000,Score in Half,Slide Slits Right Panel,Yes 50 Envelopes A7
Majestic,Silk,7 x 10,Horizontal,Rectangle,16PT C2S,No Coating,Silk,n/a,4/4,1000,Score in Half,Slide Slits Right Panel,Yes 50 Envelopes A7
Majestic,Silk,7 x 10,Vertical,Rectangle,16PT C2S,No Coating,Silk,n/a,4/4,1000,Score in Half,Slide Slits Right Panel,Yes 50 Envelopes A7
Majestic,Silk,7 x 10,Horizontal,Rectangle,16PT C2S,No Coating,Silk,n/a,4/0,2500,Score in Half,Slide Slits Right Panel,Yes 50 Envelopes A7
Majestic,Silk,7 x 10,Vertical,Rectangle,16PT C2S,No Coating,Silk,n/a,4/0,2500,Score in Half,Slide Slits Right Panel,Yes 50 Envelopes A7
Majestic,Silk,7 x 10,Horizontal,Rectangle,16PT C2S,No Coating,Silk,n/a,4/1,2500,Score in Half,Slide Slits Right Panel,Yes 50 Envelopes A7
Majestic,Silk,7 x 10,Vertical,Rectangle,16PT C2S,No Coating,Silk,n/a,4/1,2500,Score in Half,Slide Slits Right Panel,Yes 50 Envelopes A7
Majestic,Silk,7 x 10,Horizontal,Rectangle,16PT C2S,No Coating,Silk,n/a,4/4,2500,Score in Half,Slide Slits Right Panel,Yes 50 Envelopes A7
Majestic,Silk,7 x 10,Vertical,Rectangle,16PT C2S,No Coating,Silk,n/a,4/4,2500,Score in Half,Slide Slits Right Panel,Yes 50 Envelopes A7
Majestic,Silk,7 x 10,Horizontal,Rectangle,16PT C2S,No Coating,Silk,n/a,4/0,5000,Score in Half,Slide Slits Right Panel,Yes 50 Envelopes A7
Majestic,Silk,7 x 10,Vertical,Rectangle,16PT C2S,No Coating,Silk,n/a,4/0,5000,Score in Half,Slide Slits Right Panel,Yes 50 Envelopes A7
Majestic,Silk,7 x 10,Horizontal,Rectangle,16PT C2S,No Coating,Silk,n/a,4/1,5000,Score in Half,Slide Slits Right Panel,Yes 50 Envelopes A7
Majestic,Silk,7 x 10,Vertical,Rectangle,16PT C2S,No Coating,Silk,n/a,4/1,5000,Score in Half,Slide Slits Right Panel,Yes 50 Envelopes A7
Majestic,Silk,7 x 10,Horizontal,Rectangle,16PT C2S,No Coating,Silk,n/a,4/4,5000,Score in Half,Slide Slits Right Panel,Yes 50 Envelopes A7
Majestic,Silk,7 x 10,Vertical,Rectangle,16PT C2S,No Coating,Silk,n/a,4/4,5000,Score in Half,Slide Slits Right Panel,Yes 50 Envelopes A7
Majestic,Silk,7 x 10,Horizontal,Rectangle,16PT C2S,No Coating,Silk,n/a,4/0,10000,Score in Half,Slide Slits Right Panel,Yes 50 Envelopes A7
Majestic,Silk,7 x 10,Vertical,Rectangle,16PT C2S,No Coating,Silk,n/a,4/0,10000,Score in Half,Slide Slits Right Panel,Yes 50 Envelopes A7
Majestic,Silk,7 x 10,Horizontal,Rectangle,16PT C2S,No Coating,Silk,n/a,4/1,10000,Score in Half,Slide Slits Right Panel,Yes 50 Envelopes A7
Majestic,Silk,7 x 10,Vertical,Rectangle,16PT C2S,No Coating,Silk,n/a,4/1,10000,Score in Half,Slide Slits Right Panel,Yes 50 Envelopes A7
Majestic,Silk,7 x 10,Horizontal,Rectangle,16PT C2S,No Coating,Silk,n/a,4/4,10000,Score in Half,Slide Slits Right Panel,Yes 50 Envelopes A7
Majestic,Silk,7 x 10,Vertical,Rectangle,16PT C2S,No Coating,Silk,n/a,4/4,10000,Score in Half,Slide Slits Right Panel,Yes 50 Envelopes A7
Majestic,Silk,7 x 10,Horizontal,Rectangle,16PT C2S,No Coating,Silk,n/a,4/0,25,Score in Half,Moon Slits Bottom Panel,Yes 75 Envelopes A7
Majestic,Silk,7 x 10,Vertical,Rectangle,16PT C2S,No Coating,Silk,n/a,4/0,25,Score in Half,Moon Slits Bottom Panel,Yes 75 Envelopes A7
Majestic,Silk,7 x 10,Horizontal,Rectangle,16PT C2S,No Coating,Silk,n/a,4/1,25,Score in Half,Moon Slits Bottom Panel,Yes 75 Envelopes A7
Majestic,Silk,7 x 10,Vertical,Rectangle,16PT C2S,No Coating,Silk,n/a,4/1,25,Score in Half,Moon Slits Bottom Panel,Yes 75 Envelopes A7
Majestic,Silk,7 x 10,Horizontal,Rectangle,16PT C2S,No Coating,Silk,n/a,4/4,25,Score in Half,Moon Slits Bottom Panel,Yes 75 Envelopes A7
Majestic,Silk,7 x 10,Vertical,Rectangle,16PT C2S,No Coating,Silk,n/a,4/4,25,Score in Half,Moon Slits Bottom Panel,Yes 75 Envelopes A7
Majestic,Silk,7 x 10,Horizontal,Rectangle,16PT C2S,No Coating,Silk,n/a,4/0,50,Score in Half,Moon Slits Bottom Panel,Yes 75 Envelopes A7
Majestic,Silk,7 x 10,Vertical,Rectangle,16PT C2S,No Coating,Silk,n/a,4/0,50,Score in Half,Moon Slits Bottom Panel,Yes 75 Envelopes A7
Majestic,Silk,7 x 10,Horizontal,Rectangle,16PT C2S,No Coating,Silk,n/a,4/1,50,Score in Half,Moon Slits Bottom Panel,Yes 75 Envelopes A7
Majestic,Silk,7 x 10,Vertical,Rectangle,16PT C2S,No Coating,Silk,n/a,4/1,50,Score in Half,Moon Slits Bottom Panel,Yes 75 Envelopes A7
Majestic,Silk,7 x 10,Horizontal,Rectangle,16PT C2S,No Coating,Silk,n/a,4/4,50,Score in Half,Moon Slits Bottom Panel,Yes 75 Envelopes A7
Majestic,Silk,7 x 10,Vertical,Rectangle,16PT C2S,No Coating,Silk,n/a,4/4,50,Score in Half,Moon Slits Bottom Panel,Yes 75 Envelopes A7
Majestic,Silk,7 x 10,Horizontal,Rectangle,16PT C2S,No Coating,Silk,n/a,4/0,75,Score in Half,Moon Slits Bottom Panel,Yes 75 Envelopes A7
Majestic,Silk,7 x 10,Vertical,Rectangle,16PT C2S,No Coating,Silk,n/a,4/0,75,Score in Half,Moon Slits Bottom Panel,Yes 75 Envelopes A7
Majestic,Silk,7 x 10,Horizontal,Rectangle,16PT C2S,No Coating,Silk,n/a,4/1,75,Score in Half,Moon Slits Bottom Panel,Yes 75 Envelopes A7
Majestic,Silk,7 x 10,Vertical,Rectangle,16PT C2S,No Coating,Silk,n/a,4/1,75,Score in Half,Moon Slits Bottom Panel,Yes 75 Envelopes A7
Majestic,Silk,7 x 10,Horizontal,Rectangle,16PT C2S,No Coating,Silk,n/a,4/4,75,Score in Half,Moon Slits Bottom Panel,Yes 75 Envelopes A7
Majestic,Silk,7 x 10,Vertical,Rectangle,16PT C2S,No Coating,Silk,n/a,4/4,75,Score in Half,Moon Slits Bottom Panel,Yes 75 Envelopes A7
Majestic,Silk,7 x 10,Horizontal,Rectangle,16PT C2S,No Coating,Silk,n/a,4/0,100,Score in Half,Moon Slits Bottom Panel,Yes 75 Envelopes A7
Majestic,Silk,7 x 10,Vertical,Rectangle,16PT C2S,No Coating,Silk,n/a,4/0,100,Score in Half,Moon Slits Bottom Panel,Yes 75 Envelopes A7
Majestic,Silk,7 x 10,Horizontal,Rectangle,16PT C2S,No Coating,Silk,n/a,4/1,100,Score in Half,Moon Slits Bottom Panel,Yes 75 Envelopes A7
Majestic,Silk,7 x 10,Vertical,Rectangle,16PT C2S,No Coating,Silk,n/a,4/1,100,Score in Half,Moon Slits Bottom Panel,Yes 75 Envelopes A7
Majestic,Silk,7 x 10,Horizontal,Rectangle,16PT C2S,No Coating,Silk,n/a,4/4,100,Score in Half,Moon Slits Bottom Panel,Yes 75 Envelopes A7
Majestic,Silk,7 x 10,Vertical,Rectangle,16PT C2S,No Coating,Silk,n/a,4/4,100,Score in Half,Moon Slits Bottom Panel,Yes 75 Envelopes A7
Majestic,Silk,7 x 10,Vertical,Rectangle,16PT C2S,No Coating,Silk,n/a,4/1,75,Score in Half,Moon Slits Right Panel,Yes 50 Envelopes A7
Majestic,Silk,7 x 10,Vertical,Rectangle,16PT C2S,No Coating,Silk,n/a,4/0,250,Score in Half,Moon Slits Bottom Panel,Yes 75 Envelopes A7
Majestic,Silk,7 x 10,Horizontal,Rectangle,16PT C2S,No Coating,Silk,n/a,4/1,250,Score in Half,Moon Slits Bottom Panel,Yes 75 Envelopes A7
Majestic,Silk,7 x 10,Vertical,Rectangle,16PT C2S,No Coating,Silk,n/a,4/1,250,Score in Half,Moon Slits Bottom Panel,Yes 75 Envelopes A7
Majestic,Silk,7 x 10,Horizontal,Rectangle,16PT C2S,No Coating,Silk,n/a,4/4,250,Score in Half,Moon Slits Bottom Panel,Yes 75 Envelopes A7
Majestic,Silk,7 x 10,Vertical,Rectangle,16PT C2S,No Coating,Silk,n/a,4/4,250,Score in Half,Moon Slits Bottom Panel,Yes 75 Envelopes A7
Majestic,Silk,7 x 10,Vertical,Rectangle,16PT C2S,No Coating,Silk,n/a,4/0,500,Score in Half,Moon Slits Bottom Panel,Yes 75 Envelopes A7
Majestic,Silk,7 x 10,Horizontal,Rectangle,16PT C2S,No Coating,Silk,n/a,4/0,500,Score in Half,Moon Slits Bottom Panel,Yes 75 Envelopes A7
Majestic,Silk,7 x 10,Horizontal,Rectangle,16PT C2S,No Coating,Silk,n/a,4/1,500,Score in Half,Moon Slits Bottom Panel,Yes 75 Envelopes A7
Majestic,Silk,7 x 10,Vertical,Rectangle,16PT C2S,No Coating,Silk,n/a,4/1,500,Score in Half,Moon Slits Bottom Panel,Yes 75 Envelopes A7
Majestic,Silk,7 x 10,Horizontal,Rectangle,16PT C2S,No Coating,Silk,n/a,4/4,500,Score in Half,Moon Slits Bottom Panel,Yes 75 Envelopes A7
Majestic,Silk,7 x 10,Vertical,Rectangle,16PT C2S,No Coating,Silk,n/a,4/4,500,Score in Half,Moon Slits Bottom Panel,Yes 75 Envelopes A7
Majestic,Silk,7 x 10,Horizontal,Rectangle,16PT C2S,No Coating,Silk,n/a,4/0,1000,Score in Half,Moon Slits Bottom Panel,Yes 75 Envelopes A7
Majestic,Silk,7 x 10,Vertical,Rectangle,16PT C2S,No Coating,Silk,n/a,4/0,1000,Score in Half,Moon Slits Bottom Panel,Yes 75 Envelopes A7
Majestic,Silk,7 x 10,Horizontal,Rectangle,16PT C2S,No Coating,Silk,n/a,4/1,1000,Score in Half,Moon Slits Bottom Panel,Yes 75 Envelopes A7
Majestic,Silk,7 x 10,Vertical,Rectangle,16PT C2S,No Coating,Silk,n/a,4/1,1000,Score in Half,Moon Slits Bottom Panel,Yes 75 Envelopes A7
Majestic,Silk,7 x 10,Horizontal,Rectangle,16PT C2S,No Coating,Silk,n/a,4/4,1000,Score in Half,Moon Slits Bottom Panel,Yes 75 Envelopes A7
Majestic,Silk,7 x 10,Horizontal,Rectangle,16PT C2S,No Coating,Silk,n/a,4/0,2500,Score in Half,Moon Slits Bottom Panel,Yes 75 Envelopes A7
Majestic,Silk,7 x 10,Vertical,Rectangle,16PT C2S,No Coating,Silk,n/a,4/0,2500,Score in Half,Moon Slits Bottom Panel,Yes 75 Envelopes A7
Majestic,Silk,7 x 10,Vertical,Rectangle,16PT C2S,No Coating,Silk,n/a,4/4,1000,Score in Half,Moon Slits Bottom Panel,Yes 75 Envelopes A7
Majestic,Silk,7 x 10,Horizontal,Rectangle,16PT C2S,No Coating,Silk,n/a,4/1,2500,Score in Half,Moon Slits Bottom Panel,Yes 75 Envelopes A7
Majestic,Silk,7 x 10,Vertical,Rectangle,16PT C2S,No Coating,Silk,n/a,4/1,2500,Score in Half,Moon Slits Bottom Panel,Yes 75 Envelopes A7
Majestic,Silk,7 x 10,Vertical,Rectangle,16PT C2S,No Coating,Silk,n/a,4/4,2500,Score in Half,Moon Slits Bottom Panel,Yes 75 Envelopes A7
Majestic,Silk,7 x 10,Horizontal,Rectangle,16PT C2S,No Coating,Silk,n/a,4/0,5000,Score in Half,Moon Slits Bottom Panel,Yes 75 Envelopes A7
Majestic,Silk,7 x 10,Vertical,Rectangle,16PT C2S,No Coating,Silk,n/a,4/0,5000,Score in Half,Moon Slits Bottom Panel,Yes 75 Envelopes A7
Majestic,Silk,7 x 10,Horizontal,Rectangle,16PT C2S,No Coating,Silk,n/a,4/4,2500,Score in Half,Moon Slits Bottom Panel,Yes 75 Envelopes A7
Majestic,Silk,7 x 10,Horizontal,Rectangle,16PT C2S,No Coating,Silk,n/a,4/1,5000,Score in Half,Moon Slits Bottom Panel,Yes 75 Envelopes A7
Majestic,Silk,7 x 10,Vertical,Rectangle,16PT C2S,No Coating,Silk,n/a,4/1,5000,Score in Half,Moon Slits Bottom Panel,Yes 75 Envelopes A7
Majestic,Silk,7 x 10,Horizontal,Rectangle,16PT C2S,No Coating,Silk,n/a,4/4,5000,Score in Half,Moon Slits Bottom Panel,Yes 75 Envelopes A7
Majestic,Silk,7 x 10,Vertical,Rectangle,16PT C2S,No Coating,Silk,n/a,4/0,10000,Score in Half,Moon Slits Bottom Panel,Yes 75 Envelopes A7
Majestic,Silk,7 x 10,Vertical,Rectangle,16PT C2S,No Coating,Silk,n/a,4/4,5000,Score in Half,Moon Slits Bottom Panel,Yes 75 Envelopes A7
Majestic,Silk,7 x 10,Horizontal,Rectangle,16PT C2S,No Coating,Silk,n/a,4/1,10000,Score in Half,Moon Slits Bottom Panel,Yes 75 Envelopes A7
Majestic,Silk,7 x 10,Horizontal,Rectangle,16PT C2S,No Coating,Silk,n/a,4/0,10000,Score in Half,Moon Slits Bottom Panel,Yes 75 Envelopes A7
Majestic,Silk,7 x 10,Vertical,Rectangle,16PT C2S,No Coating,Silk,n/a,4/1,10000,Score in Half,Moon Slits Bottom Panel,Yes 75 Envelopes A7
Majestic,Silk,7 x 10,Horizontal,Rectangle,16PT C2S,No Coating,Silk,n/a,4/4,10000,Score in Half,Moon Slits Bottom Panel,Yes 75 Envelopes A7
Majestic,Silk,7 x 10,Vertical,Rectangle,16PT C2S,No Coating,Silk,n/a,4/4,10000,Score in Half,Moon Slits Bottom Panel,Yes 75 Envelopes A7
Majestic,Silk,7 x 10,Horizontal,Rectangle,16PT C2S,No Coating,Silk,n/a,4/0,25,Score in Half,Moon Slits Right Panel,Yes 75 Envelopes A7
Majestic,Silk,7 x 10,Vertical,Rectangle,16PT C2S,No Coating,Silk,n/a,4/0,25,Score in Half,Moon Slits Right Panel,Yes 75 Envelopes A7
Majestic,Silk,7 x 10,Horizontal,Rectangle,16PT C2S,No Coating,Silk,n/a,4/1,25,Score in Half,Moon Slits Right Panel,Yes 75 Envelopes A7
Majestic,Silk,7 x 10,Horizontal,Rectangle,16PT C2S,No Coating,Silk,n/a,4/4,25,Score in Half,Moon Slits Right Panel,Yes 75 Envelopes A7
Majestic,Silk,7 x 10,Vertical,Rectangle,16PT C2S,No Coating,Silk,n/a,4/1,25,Score in Half,Moon Slits Right Panel,Yes 75 Envelopes A7
Majestic,Silk,7 x 10,Vertical,Rectangle,16PT C2S,No Coating,Silk,n/a,4/4,25,Score in Half,Moon Slits Right Panel,Yes 75 Envelopes A7
Majestic,Silk,7 x 10,Horizontal,Rectangle,16PT C2S,No Coating,Silk,n/a,4/0,50,Score in Half,Moon Slits Right Panel,Yes 75 Envelopes A7
Majestic,Silk,7 x 10,Vertical,Rectangle,16PT C2S,No Coating,Silk,n/a,4/0,50,Score in Half,Moon Slits Right Panel,Yes 75 Envelopes A7
Majestic,Silk,7 x 10,Horizontal,Rectangle,16PT C2S,No Coating,Silk,n/a,4/1,50,Score in Half,Moon Slits Right Panel,Yes 75 Envelopes A7
Majestic,Silk,7 x 10,Vertical,Rectangle,16PT C2S,No Coating,Silk,n/a,4/1,50,Score in Half,Moon Slits Right Panel,Yes 75 Envelopes A7
Majestic,Silk,7 x 10,Horizontal,Rectangle,16PT C2S,No Coating,Silk,n/a,4/4,50,Score in Half,Moon Slits Right Panel,Yes 75 Envelopes A7
Majestic,Silk,7 x 10,Horizontal,Rectangle,16PT C2S,No Coating,Silk,n/a,4/0,75,Score in Half,Moon Slits Right Panel,Yes 75 Envelopes A7
Majestic,Silk,7 x 10,Horizontal,Rectangle,16PT C2S,No Coating,Silk,n/a,4/1,1000,Score in Half,Slide Slits Bottom Panel,Yes 50 Envelopes A7
Majestic,Silk,7 x 10,Vertical,Rectangle,16PT C2S,No Coating,Silk,n/a,4/0,75,Score in Half,Moon Slits Right Panel,Yes 75 Envelopes A7
Majestic,Silk,7 x 10,Horizontal,Rectangle,16PT C2S,No Coating,Silk,n/a,4/1,75,Score in Half,Moon Slits Right Panel,Yes 75 Envelopes A7
Majestic,Silk,7 x 10,Vertical,Rectangle,16PT C2S,No Coating,Silk,n/a,4/1,75,Score in Half,Moon Slits Right Panel,Yes 75 Envelopes A7
Majestic,Silk,7 x 10,Horizontal,Rectangle,16PT C2S,No Coating,Silk,n/a,4/4,75,Score in Half,Moon Slits Right Panel,Yes 75 Envelopes A7
Majestic,Silk,7 x 10,Vertical,Rectangle,16PT C2S,No Coating,Silk,n/a,4/4,75,Score in Half,Moon Slits Right Panel,Yes 75 Envelopes A7
Majestic,Silk,7 x 10,Horizontal,Rectangle,16PT C2S,No Coating,Silk,n/a,4/0,100,Score in Half,Moon Slits Right Panel,Yes 75 Envelopes A7
Majestic,Silk,7 x 10,Vertical,Rectangle,16PT C2S,No Coating,Silk,n/a,4/0,100,Score in Half,Moon Slits Right Panel,Yes 75 Envelopes A7
Majestic,Silk,7 x 10,Horizontal,Rectangle,16PT C2S,No Coating,Silk,n/a,4/1,100,Score in Half,Moon Slits Right Panel,Yes 75 Envelopes A7
Majestic,Silk,7 x 10,Vertical,Rectangle,16PT C2S,No Coating,Silk,n/a,4/1,100,Score in Half,Moon Slits Right Panel,Yes 75 Envelopes A7
Majestic,Silk,7 x 10,Horizontal,Rectangle,16PT C2S,No Coating,Silk,n/a,4/4,100,Score in Half,Moon Slits Right Panel,Yes 75 Envelopes A7
Majestic,Silk,7 x 10,Vertical,Rectangle,16PT C2S,No Coating,Silk,n/a,4/4,100,Score in Half,Moon Slits Right Panel,Yes 75 Envelopes A7
Majestic,Silk,7 x 10,Horizontal,Rectangle,16PT C2S,No Coating,Silk,n/a,4/1,250,Score in Half,Moon Slits Right Panel,Yes 75 Envelopes A7
Majestic,Silk,7 x 10,Horizontal,Rectangle,16PT C2S,No Coating,Silk,n/a,4/0,250,Score in Half,Moon Slits Right Panel,Yes 75 Envelopes A7
Majestic,Silk,7 x 10,Vertical,Rectangle,16PT C2S,No Coating,Silk,n/a,4/0,250,Score in Half,Moon Slits Right Panel,Yes 75 Envelopes A7
Majestic,Silk,7 x 10,Vertical,Rectangle,16PT C2S,No Coating,Silk,n/a,4/1,250,Score in Half,Moon Slits Right Panel,Yes 75 Envelopes A7
Majestic,Silk,7 x 10,Horizontal,Rectangle,16PT C2S,No Coating,Silk,n/a,4/4,250,Score in Half,Moon Slits Right Panel,Yes 75 Envelopes A7
Majestic,Silk,7 x 10,Vertical,Rectangle,16PT C2S,No Coating,Silk,n/a,4/4,250,Score in Half,Moon Slits Right Panel,Yes 75 Envelopes A7
Majestic,Silk,7 x 10,Vertical,Rectangle,16PT C2S,No Coating,Silk,n/a,4/0,500,Score in Half,Moon Slits Right Panel,Yes 75 Envelopes A7
Majestic,Silk,7 x 10,Horizontal,Rectangle,16PT C2S,No Coating,Silk,n/a,4/0,500,Score in Half,Moon Slits Right Panel,Yes 75 Envelopes A7
Majestic,Silk,7 x 10,Horizontal,Rectangle,16PT C2S,No Coating,Silk,n/a,4/1,500,Score in Half,Moon Slits Right Panel,Yes 75 Envelopes A7
Majestic,Silk,7 x 10,Vertical,Rectangle,16PT C2S,No Coating,Silk,n/a,4/1,500,Score in Half,Moon Slits Right Panel,Yes 75 Envelopes A7
Majestic,Silk,7 x 10,Horizontal,Rectangle,16PT C2S,No Coating,Silk,n/a,4/4,500,Score in Half,Moon Slits Right Panel,Yes 75 Envelopes A7
Majestic,Silk,7 x 10,Vertical,Rectangle,16PT C2S,No Coating,Silk,n/a,4/4,500,Score in Half,Moon Slits Right Panel,Yes 75 Envelopes A7
Majestic,Silk,7 x 10,Horizontal,Rectangle,16PT C2S,No Coating,Silk,n/a,4/0,1000,Score in Half,Moon Slits Right Panel,Yes 75 Envelopes A7
Majestic,Silk,7 x 10,Vertical,Rectangle,16PT C2S,No Coating,Silk,n/a,4/0,1000,Score in Half,Moon Slits Right Panel,Yes 75 Envelopes A7
Majestic,Silk,7 x 10,Horizontal,Rectangle,16PT C2S,No Coating,Silk,n/a,4/1,1000,Score in Half,Moon Slits Right Panel,Yes 75 Envelopes A7
Majestic,Silk,7 x 10,Vertical,Rectangle,16PT C2S,No Coating,Silk,n/a,4/1,1000,Score in Half,Moon Slits Right Panel,Yes 75 Envelopes A7
Majestic,Silk,7 x 10,Horizontal,Rectangle,16PT C2S,No Coating,Silk,n/a,4/4,1000,Score in Half,Moon Slits Right Panel,Yes 75 Envelopes A7
Majestic,Silk,7 x 10,Vertical,Rectangle,16PT C2S,No Coating,Silk,n/a,4/4,1000,Score in Half,Moon Slits Right Panel,Yes 75 Envelopes A7
Majestic,Silk,7 x 10,Vertical,Rectangle,16PT C2S,No Coating,Silk,n/a,4/0,2500,Score in Half,Moon Slits Right Panel,Yes 75 Envelopes A7
Majestic,Silk,7 x 10,Horizontal,Rectangle,16PT C2S,No Coating,Silk,n/a,4/0,2500,Score in Half,Moon Slits Right Panel,Yes 75 Envelopes A7
Majestic,Silk,7 x 10,Horizontal,Rectangle,16PT C2S,No Coating,Silk,n/a,4/1,2500,Score in Half,Moon Slits Right Panel,Yes 75 Envelopes A7
Majestic,Silk,7 x 10,Vertical,Rectangle,16PT C2S,No Coating,Silk,n/a,4/1,2500,Score in Half,Moon Slits Right Panel,Yes 75 Envelopes A7
Majestic,Silk,7 x 10,Vertical,Rectangle,16PT C2S,No Coating,Silk,n/a,4/4,2500,Score in Half,Moon Slits Right Panel,Yes 75 Envelopes A7
Majestic,Silk,7 x 10,Horizontal,Rectangle,16PT C2S,No Coating,Silk,n/a,4/4,2500,Score in Half,Moon Slits Right Panel,Yes 75 Envelopes A7
Majestic,Silk,7 x 10,Horizontal,Rectangle,16PT C2S,No Coating,Silk,n/a,4/0,5000,Score in Half,Moon Slits Right Panel,Yes 75 Envelopes A7
Majestic,Silk,7 x 10,Vertical,Rectangle,16PT C2S,No Coating,Silk,n/a,4/0,5000,Score in Half,Moon Slits Right Panel,Yes 75 Envelopes A7
Majestic,Silk,7 x 10,Horizontal,Rectangle,16PT C2S,No Coating,Silk,n/a,4/1,5000,Score in Half,Moon Slits Right Panel,Yes 75 Envelopes A7
Majestic,Silk,7 x 10,Vertical,Rectangle,16PT C2S,No Coating,Silk,n/a,4/1,5000,Score in Half,Moon Slits Right Panel,Yes 75 Envelopes A7
Majestic,Silk,7 x 10,Horizontal,Rectangle,16PT C2S,No Coating,Silk,n/a,4/4,5000,Score in Half,Moon Slits Right Panel,Yes 75 Envelopes A7
Majestic,Silk,7 x 10,Vertical,Rectangle,16PT C2S,No Coating,Silk,n/a,4/4,5000,Score in Half,Moon Slits Right Panel,Yes 75 Envelopes A7
Majestic,Silk,7 x 10,Horizontal,Rectangle,16PT C2S,No Coating,Silk,n/a,4/0,10000,Score in Half,Moon Slits Right Panel,Yes 75 Envelopes A7
Majestic,Silk,7 x 10,Vertical,Rectangle,16PT C2S,No Coating,Silk,n/a,4/0,10000,Score in Half,Moon Slits Right Panel,Yes 75 Envelopes A7
Majestic,Silk,7 x 10,Horizontal,Rectangle,16PT C2S,No Coating,Silk,n/a,4/1,10000,Score in Half,Moon Slits Right Panel,Yes 75 Envelopes A7
Majestic,Silk,7 x 10,Vertical,Rectangle,16PT C2S,No Coating,Silk,n/a,4/1,10000,Score in Half,Moon Slits Right Panel,Yes 75 Envelopes A7
Majestic,Silk,7 x 10,Horizontal,Rectangle,16PT C2S,No Coating,Silk,n/a,4/4,10000,Score in Half,Moon Slits Right Panel,Yes 75 Envelopes A7
Majestic,Silk,7 x 10,Vertical,Rectangle,16PT C2S,No Coating,Silk,n/a,4/4,10000,Score in Half,Moon Slits Right Panel,Yes 75 Envelopes A7
Majestic,Silk,7 x 10,Horizontal,Rectangle,16PT C2S,No Coating,Silk,n/a,4/0,25,Score in Half,No Gift Cards Slits,Yes 75 Envelopes A7
Majestic,Silk,7 x 10,Horizontal,Rectangle,16PT C2S,No Coating,Silk,n/a,4/1,25,Score in Half,No Gift Cards Slits,Yes 75 Envelopes A7
Majestic,Silk,7 x 10,Vertical,Rectangle,16PT C2S,No Coating,Silk,n/a,4/1,25,Score in Half,No Gift Cards Slits,Yes 75 Envelopes A7
Majestic,Silk,7 x 10,Horizontal,Rectangle,16PT C2S,No Coating,Silk,n/a,4/4,25,Score in Half,No Gift Cards Slits,Yes 75 Envelopes A7
Majestic,Silk,7 x 10,Vertical,Rectangle,16PT C2S,No Coating,Silk,n/a,4/4,25,Score in Half,No Gift Cards Slits,Yes 75 Envelopes A7
Majestic,Silk,7 x 10,Horizontal,Rectangle,16PT C2S,No Coating,Silk,n/a,4/0,50,Score in Half,No Gift Cards Slits,Yes 75 Envelopes A7
Majestic,Silk,7 x 10,Vertical,Rectangle,16PT C2S,No Coating,Silk,n/a,4/0,50,Score in Half,No Gift Cards Slits,Yes 75 Envelopes A7
Majestic,Silk,7 x 10,Vertical,Rectangle,16PT C2S,No Coating,Silk,n/a,4/0,25,Score in Half,No Gift Cards Slits,Yes 75 Envelopes A7
Majestic,Silk,7 x 10,Horizontal,Rectangle,16PT C2S,No Coating,Silk,n/a,4/1,50,Score in Half,No Gift Cards Slits,Yes 75 Envelopes A7
Majestic,Silk,7 x 10,Vertical,Rectangle,16PT C2S,No Coating,Silk,n/a,4/1,50,Score in Half,No Gift Cards Slits,Yes 75 Envelopes A7
Majestic,Silk,7 x 10,Horizontal,Rectangle,16PT C2S,No Coating,Silk,n/a,4/4,50,Score in Half,No Gift Cards Slits,Yes 75 Envelopes A7
Majestic,Silk,7 x 10,Horizontal,Rectangle,16PT C2S,No Coating,Silk,n/a,4/0,75,Score in Half,No Gift Cards Slits,Yes 75 Envelopes A7
Majestic,Silk,7 x 10,Vertical,Rectangle,16PT C2S,No Coating,Silk,n/a,4/0,75,Score in Half,No Gift Cards Slits,Yes 75 Envelopes A7
Majestic,Silk,7 x 10,Horizontal,Rectangle,16PT C2S,No Coating,Silk,n/a,4/1,75,Score in Half,No Gift Cards Slits,Yes 75 Envelopes A7
Majestic,Silk,7 x 10,Vertical,Rectangle,16PT C2S,No Coating,Silk,n/a,4/1,75,Score in Half,No Gift Cards Slits,Yes 75 Envelopes A7
Majestic,Silk,7 x 10,Vertical,Rectangle,16PT C2S,No Coating,Silk,n/a,4/4,50,Score in Half,No Gift Cards Slits,Yes 75 Envelopes A7
Majestic,Silk,7 x 10,Horizontal,Rectangle,16PT C2S,No Coating,Silk,n/a,4/4,75,Score in Half,No Gift Cards Slits,Yes 75 Envelopes A7
Majestic,Silk,7 x 10,Vertical,Rectangle,16PT C2S,No Coating,Silk,n/a,4/4,75,Score in Half,No Gift Cards Slits,Yes 75 Envelopes A7
Majestic,Silk,7 x 10,Horizontal,Rectangle,16PT C2S,No Coating,Silk,n/a,4/0,100,Score in Half,No Gift Cards Slits,Yes 75 Envelopes A7
Majestic,Silk,7 x 10,Horizontal,Rectangle,16PT C2S,No Coating,Silk,n/a,4/1,100,Score in Half,No Gift Cards Slits,Yes 75 Envelopes A7
Majestic,Silk,7 x 10,Vertical,Rectangle,16PT C2S,No Coating,Silk,n/a,4/1,100,Score in Half,No Gift Cards Slits,Yes 75 Envelopes A7
Majestic,Silk,7 x 10,Vertical,Rectangle,16PT C2S,No Coating,Silk,n/a,4/4,100,Score in Half,No Gift Cards Slits,Yes 75 Envelopes A7
Majestic,Silk,7 x 10,Vertical,Rectangle,16PT C2S,No Coating,Silk,n/a,4/0,100,Score in Half,No Gift Cards Slits,Yes 75 Envelopes A7
Majestic,Silk,7 x 10,Horizontal,Rectangle,16PT C2S,No Coating,Silk,n/a,4/4,100,Score in Half,No Gift Cards Slits,Yes 75 Envelopes A7
Majestic,Silk,7 x 10,Horizontal,Rectangle,16PT C2S,No Coating,Silk,n/a,4/0,250,Score in Half,No Gift Cards Slits,Yes 75 Envelopes A7
Majestic,Silk,7 x 10,Vertical,Rectangle,16PT C2S,No Coating,Silk,n/a,4/0,250,Score in Half,No Gift Cards Slits,Yes 75 Envelopes A7
Majestic,Silk,7 x 10,Horizontal,Rectangle,16PT C2S,No Coating,Silk,n/a,4/4,250,Score in Half,No Gift Cards Slits,Yes 75 Envelopes A7
Majestic,Silk,7 x 10,Vertical,Rectangle,16PT C2S,No Coating,Silk,n/a,4/4,250,Score in Half,No Gift Cards Slits,Yes 75 Envelopes A7
Majestic,Silk,7 x 10,Vertical,Rectangle,16PT C2S,No Coating,Silk,n/a,4/1,250,Score in Half,No Gift Cards Slits,Yes 75 Envelopes A7
Majestic,Silk,7 x 10,Horizontal,Rectangle,16PT C2S,No Coating,Silk,n/a,4/0,500,Score in Half,No Gift Cards Slits,Yes 75 Envelopes A7
Majestic,Silk,7 x 10,Vertical,Rectangle,16PT C2S,No Coating,Silk,n/a,4/0,500,Score in Half,No Gift Cards Slits,Yes 75 Envelopes A7
Majestic,Silk,7 x 10,Horizontal,Rectangle,16PT C2S,No Coating,Silk,n/a,4/1,500,Score in Half,No Gift Cards Slits,Yes 75 Envelopes A7
Majestic,Silk,7 x 10,Vertical,Rectangle,16PT C2S,No Coating,Silk,n/a,4/1,500,Score in Half,No Gift Cards Slits,Yes 75 Envelopes A7
Majestic,Silk,7 x 10,Horizontal,Rectangle,16PT C2S,No Coating,Silk,n/a,4/4,500,Score in Half,No Gift Cards Slits,Yes 75 Envelopes A7
Majestic,Silk,7 x 10,Vertical,Rectangle,16PT C2S,No Coating,Silk,n/a,4/4,500,Score in Half,No Gift Cards Slits,Yes 75 Envelopes A7
Majestic,Silk,7 x 10,Horizontal,Rectangle,16PT C2S,No Coating,Silk,n/a,4/0,1000,Score in Half,No Gift Cards Slits,Yes 75 Envelopes A7
Majestic,Silk,7 x 10,Horizontal,Rectangle,16PT C2S,No Coating,Silk,n/a,4/0,250,Score in Half,Moon Slits Bottom Panel,Yes 75 Envelopes A7
Majestic,Silk,7 x 10,Horizontal,Rectangle,16PT C2S,No Coating,Silk,n/a,4/1,1000,Score in Half,No Gift Cards Slits,Yes 75 Envelopes A7
Majestic,Silk,7 x 10,Vertical,Rectangle,16PT C2S,No Coating,Silk,n/a,4/1,1000,Score in Half,No Gift Cards Slits,Yes 75 Envelopes A7
Majestic,Silk,7 x 10,Horizontal,Rectangle,16PT C2S,No Coating,Silk,n/a,4/1,250,Score in Half,No Gift Cards Slits,Yes 75 Envelopes A7
Majestic,Silk,7 x 10,Horizontal,Rectangle,16PT C2S,No Coating,Silk,n/a,4/4,1000,Score in Half,No Gift Cards Slits,Yes 75 Envelopes A7
Majestic,Silk,7 x 10,Vertical,Rectangle,16PT C2S,No Coating,Silk,n/a,4/4,1000,Score in Half,No Gift Cards Slits,Yes 75 Envelopes A7
Majestic,Silk,7 x 10,Horizontal,Rectangle,16PT C2S,No Coating,Silk,n/a,4/0,2500,Score in Half,No Gift Cards Slits,Yes 75 Envelopes A7
Majestic,Silk,7 x 10,Horizontal,Rectangle,16PT C2S,No Coating,Silk,n/a,4/1,2500,Score in Half,No Gift Cards Slits,Yes 75 Envelopes A7
Majestic,Silk,7 x 10,Vertical,Rectangle,16PT C2S,No Coating,Silk,n/a,4/1,2500,Score in Half,No Gift Cards Slits,Yes 75 Envelopes A7
Majestic,Silk,7 x 10,Horizontal,Rectangle,16PT C2S,No Coating,Silk,n/a,4/4,2500,Score in Half,No Gift Cards Slits,Yes 75 Envelopes A7
Majestic,Silk,7 x 10,Vertical,Rectangle,16PT C2S,No Coating,Silk,n/a,4/0,2500,Score in Half,No Gift Cards Slits,Yes 75 Envelopes A7
Majestic,Silk,7 x 10,Vertical,Rectangle,16PT C2S,No Coating,Silk,n/a,4/4,2500,Score in Half,No Gift Cards Slits,Yes 75 Envelopes A7
Majestic,Silk,7 x 10,Horizontal,Rectangle,16PT C2S,No Coating,Silk,n/a,4/0,5000,Score in Half,No Gift Cards Slits,Yes 75 Envelopes A7
Majestic,Silk,7 x 10,Vertical,Rectangle,16PT C2S,No Coating,Silk,n/a,4/0,5000,Score in Half,No Gift Cards Slits,Yes 75 Envelopes A7
Majestic,Silk,7 x 10,Horizontal,Rectangle,16PT C2S,No Coating,Silk,n/a,4/1,5000,Score in Half,No Gift Cards Slits,Yes 75 Envelopes A7
Majestic,Silk,7 x 10,Vertical,Rectangle,16PT C2S,No Coating,Silk,n/a,4/1,5000,Score in Half,No Gift Cards Slits,Yes 75 Envelopes A7
Majestic,Silk,7 x 10,Horizontal,Rectangle,16PT C2S,No Coating,Silk,n/a,4/4,5000,Score in Half,No Gift Cards Slits,Yes 75 Envelopes A7
Majestic,Silk,7 x 10,Vertical,Rectangle,16PT C2S,No Coating,Silk,n/a,4/4,5000,Score in Half,No Gift Cards Slits,Yes 75 Envelopes A7
Majestic,Silk,7 x 10,Horizontal,Rectangle,16PT C2S,No Coating,Silk,n/a,4/0,10000,Score in Half,No Gift Cards Slits,Yes 75 Envelopes A7
Majestic,Silk,7 x 10,Vertical,Rectangle,16PT C2S,No Coating,Silk,n/a,4/0,10000,Score in Half,No Gift Cards Slits,Yes 75 Envelopes A7
Majestic,Silk,7 x 10,Horizontal,Rectangle,16PT C2S,No Coating,Silk,n/a,4/1,10000,Score in Half,No Gift Cards Slits,Yes 75 Envelopes A7
Majestic,Silk,7 x 10,Vertical,Rectangle,16PT C2S,No Coating,Silk,n/a,4/1,10000,Score in Half,No Gift Cards Slits,Yes 75 Envelopes A7
Majestic,Silk,7 x 10,Horizontal,Rectangle,16PT C2S,No Coating,Silk,n/a,4/4,10000,Score in Half,No Gift Cards Slits,Yes 75 Envelopes A7
Majestic,Silk,7 x 10,Vertical,Rectangle,16PT C2S,No Coating,Silk,n/a,4/4,10000,Score in Half,No Gift Cards Slits,Yes 75 Envelopes A7
Majestic,Silk,7 x 10,Horizontal,Rectangle,16PT C2S,No Coating,Silk,n/a,4/0,25,Score in Half,Slide Slits Bottom Panel,Yes 75 Envelopes A7
Majestic,Silk,7 x 10,Vertical,Rectangle,16PT C2S,No Coating,Silk,n/a,4/0,25,Score in Half,Slide Slits Bottom Panel,Yes 75 Envelopes A7
Majestic,Silk,7 x 10,Horizontal,Rectangle,16PT C2S,No Coating,Silk,n/a,4/1,25,Score in Half,Slide Slits Bottom Panel,Yes 75 Envelopes A7
Majestic,Silk,7 x 10,Vertical,Rectangle,16PT C2S,No Coating,Silk,n/a,4/1,25,Score in Half,Slide Slits Bottom Panel,Yes 75 Envelopes A7
Majestic,Silk,7 x 10,Horizontal,Rectangle,16PT C2S,No Coating,Silk,n/a,4/4,25,Score in Half,Slide Slits Bottom Panel,Yes 75 Envelopes A7
Majestic,Silk,7 x 10,Vertical,Rectangle,16PT C2S,No Coating,Silk,n/a,4/4,25,Score in Half,Slide Slits Bottom Panel,Yes 75 Envelopes A7
Majestic,Silk,7 x 10,Horizontal,Rectangle,16PT C2S,No Coating,Silk,n/a,4/0,50,Score in Half,Slide Slits Bottom Panel,Yes 75 Envelopes A7
Majestic,Silk,7 x 10,Vertical,Rectangle,16PT C2S,No Coating,Silk,n/a,4/0,50,Score in Half,Slide Slits Bottom Panel,Yes 75 Envelopes A7
Majestic,Silk,7 x 10,Vertical,Rectangle,16PT C2S,No Coating,Silk,n/a,4/1,50,Score in Half,Slide Slits Bottom Panel,Yes 75 Envelopes A7
Majestic,Silk,7 x 10,Horizontal,Rectangle,16PT C2S,No Coating,Silk,n/a,4/1,50,Score in Half,Slide Slits Bottom Panel,Yes 75 Envelopes A7
Majestic,Silk,7 x 10,Horizontal,Rectangle,16PT C2S,No Coating,Silk,n/a,4/4,50,Score in Half,Slide Slits Bottom Panel,Yes 75 Envelopes A7
Majestic,Silk,7 x 10,Vertical,Rectangle,16PT C2S,No Coating,Silk,n/a,4/4,50,Score in Half,Slide Slits Bottom Panel,Yes 75 Envelopes A7
Majestic,Silk,7 x 10,Vertical,Rectangle,16PT C2S,No Coating,Silk,n/a,4/0,75,Score in Half,Slide Slits Bottom Panel,Yes 75 Envelopes A7
Majestic,Silk,7 x 10,Horizontal,Rectangle,16PT C2S,No Coating,Silk,n/a,4/0,75,Score in Half,Slide Slits Bottom Panel,Yes 75 Envelopes A7
Majestic,Silk,7 x 10,Horizontal,Rectangle,16PT C2S,No Coating,Silk,n/a,4/1,75,Score in Half,Slide Slits Bottom Panel,Yes 75 Envelopes A7
Majestic,Silk,7 x 10,Vertical,Rectangle,16PT C2S,No Coating,Silk,n/a,4/1,75,Score in Half,Slide Slits Bottom Panel,Yes 75 Envelopes A7
Majestic,Silk,7 x 10,Horizontal,Rectangle,16PT C2S,No Coating,Silk,n/a,4/4,75,Score in Half,Slide Slits Bottom Panel,Yes 75 Envelopes A7
Majestic,Silk,7 x 10,Vertical,Rectangle,16PT C2S,No Coating,Silk,n/a,4/4,75,Score in Half,Slide Slits Bottom Panel,Yes 75 Envelopes A7
Majestic,Silk,7 x 10,Horizontal,Rectangle,16PT C2S,No Coating,Silk,n/a,4/0,100,Score in Half,Slide Slits Bottom Panel,Yes 75 Envelopes A7
Majestic,Silk,7 x 10,Vertical,Rectangle,16PT C2S,No Coating,Silk,n/a,4/0,100,Score in Half,Slide Slits Bottom Panel,Yes 75 Envelopes A7
Majestic,Silk,7 x 10,Horizontal,Rectangle,16PT C2S,No Coating,Silk,n/a,4/1,100,Score in Half,Slide Slits Bottom Panel,Yes 75 Envelopes A7
Majestic,Silk,7 x 10,Vertical,Rectangle,16PT C2S,No Coating,Silk,n/a,4/1,100,Score in Half,Slide Slits Bottom Panel,Yes 75 Envelopes A7
Majestic,Silk,7 x 10,Horizontal,Rectangle,16PT C2S,No Coating,Silk,n/a,4/4,100,Score in Half,Slide Slits Bottom Panel,Yes 75 Envelopes A7
Majestic,Silk,7 x 10,Vertical,Rectangle,16PT C2S,No Coating,Silk,n/a,4/4,100,Score in Half,Slide Slits Bottom Panel,Yes 75 Envelopes A7
Majestic,Silk,7 x 10,Horizontal,Rectangle,16PT C2S,No Coating,Silk,n/a,4/0,250,Score in Half,Slide Slits Bottom Panel,Yes 75 Envelopes A7
Majestic,Silk,7 x 10,Vertical,Rectangle,16PT C2S,No Coating,Silk,n/a,4/0,250,Score in Half,Slide Slits Bottom Panel,Yes 75 Envelopes A7
Majestic,Silk,7 x 10,Horizontal,Rectangle,16PT C2S,No Coating,Silk,n/a,4/1,250,Score in Half,Slide Slits Bottom Panel,Yes 75 Envelopes A7
Majestic,Silk,7 x 10,Vertical,Rectangle,16PT C2S,No Coating,Silk,n/a,4/1,250,Score in Half,Slide Slits Bottom Panel,Yes 75 Envelopes A7
Majestic,Silk,7 x 10,Horizontal,Rectangle,16PT C2S,No Coating,Silk,n/a,4/4,250,Score in Half,Slide Slits Bottom Panel,Yes 75 Envelopes A7
Majestic,Silk,7 x 10,Vertical,Rectangle,16PT C2S,No Coating,Silk,n/a,4/4,250,Score in Half,Slide Slits Bottom Panel,Yes 75 Envelopes A7
Majestic,Silk,7 x 10,Horizontal,Rectangle,16PT C2S,No Coating,Silk,n/a,4/0,500,Score in Half,Slide Slits Bottom Panel,Yes 75 Envelopes A7
Majestic,Silk,7 x 10,Vertical,Rectangle,16PT C2S,No Coating,Silk,n/a,4/0,500,Score in Half,Slide Slits Bottom Panel,Yes 75 Envelopes A7
Majestic,Silk,7 x 10,Horizontal,Rectangle,16PT C2S,No Coating,Silk,n/a,4/1,500,Score in Half,Slide Slits Bottom Panel,Yes 75 Envelopes A7
Majestic,Silk,7 x 10,Vertical,Rectangle,16PT C2S,No Coating,Silk,n/a,4/1,500,Score in Half,Slide Slits Bottom Panel,Yes 75 Envelopes A7
Majestic,Silk,7 x 10,Horizontal,Rectangle,16PT C2S,No Coating,Silk,n/a,4/4,500,Score in Half,Slide Slits Bottom Panel,Yes 75 Envelopes A7
Majestic,Silk,7 x 10,Vertical,Rectangle,16PT C2S,No Coating,Silk,n/a,4/4,500,Score in Half,Slide Slits Bottom Panel,Yes 75 Envelopes A7
Majestic,Silk,7 x 10,Horizontal,Rectangle,16PT C2S,No Coating,Silk,n/a,4/0,1000,Score in Half,Slide Slits Bottom Panel,Yes 75 Envelopes A7
Majestic,Silk,7 x 10,Vertical,Rectangle,16PT C2S,No Coating,Silk,n/a,4/0,1000,Score in Half,Slide Slits Bottom Panel,Yes 75 Envelopes A7
Majestic,Silk,7 x 10,Horizontal,Rectangle,16PT C2S,No Coating,Silk,n/a,4/1,1000,Score in Half,Slide Slits Bottom Panel,Yes 75 Envelopes A7
Majestic,Silk,7 x 10,Horizontal,Rectangle,16PT C2S,No Coating,Silk,n/a,4/4,1000,Score in Half,Slide Slits Bottom Panel,Yes 75 Envelopes A7
Majestic,Silk,7 x 10,Vertical,Rectangle,16PT C2S,No Coating,Silk,n/a,4/1,1000,Score in Half,Slide Slits Bottom Panel,Yes 75 Envelopes A7
Majestic,Silk,7 x 10,Vertical,Rectangle,16PT C2S,No Coating,Silk,n/a,4/4,1000,Score in Half,Slide Slits Bottom Panel,Yes 75 Envelopes A7
Majestic,Silk,7 x 10,Horizontal,Rectangle,16PT C2S,No Coating,Silk,n/a,4/0,2500,Score in Half,Slide Slits Bottom Panel,Yes 75 Envelopes A7
Majestic,Silk,7 x 10,Vertical,Rectangle,16PT C2S,No Coating,Silk,n/a,4/0,2500,Score in Half,Slide Slits Bottom Panel,Yes 75 Envelopes A7
Majestic,Silk,7 x 10,Horizontal,Rectangle,16PT C2S,No Coating,Silk,n/a,4/1,2500,Score in Half,Slide Slits Bottom Panel,Yes 75 Envelopes A7
Majestic,Silk,7 x 10,Vertical,Rectangle,16PT C2S,No Coating,Silk,n/a,4/1,2500,Score in Half,Slide Slits Bottom Panel,Yes 75 Envelopes A7
Majestic,Silk,7 x 10,Horizontal,Rectangle,16PT C2S,No Coating,Silk,n/a,4/4,2500,Score in Half,Slide Slits Bottom Panel,Yes 75 Envelopes A7
Majestic,Silk,7 x 10,Vertical,Rectangle,16PT C2S,No Coating,Silk,n/a,4/4,2500,Score in Half,Slide Slits Bottom Panel,Yes 75 Envelopes A7
Majestic,Silk,7 x 10,Horizontal,Rectangle,16PT C2S,No Coating,Silk,n/a,4/0,5000,Score in Half,Slide Slits Bottom Panel,Yes 75 Envelopes A7
Majestic,Silk,7 x 10,Horizontal,Rectangle,16PT C2S,No Coating,Silk,n/a,4/1,5000,Score in Half,Slide Slits Bottom Panel,Yes 75 Envelopes A7
Majestic,Silk,7 x 10,Vertical,Rectangle,16PT C2S,No Coating,Silk,n/a,4/0,5000,Score in Half,Slide Slits Bottom Panel,Yes 75 Envelopes A7
Majestic,Silk,7 x 10,Vertical,Rectangle,16PT C2S,No Coating,Silk,n/a,4/4,50,Score in Half,Moon Slits Right Panel,Yes 75 Envelopes A7
Majestic,Silk,7 x 10,Horizontal,Rectangle,16PT C2S,No Coating,Silk,n/a,4/4,5000,Score in Half,Slide Slits Bottom Panel,Yes 75 Envelopes A7
Majestic,Silk,7 x 10,Vertical,Rectangle,16PT C2S,No Coating,Silk,n/a,4/4,5000,Score in Half,Slide Slits Bottom Panel,Yes 75 Envelopes A7
Majestic,Silk,7 x 10,Horizontal,Rectangle,16PT C2S,No Coating,Silk,n/a,4/0,10000,Score in Half,Slide Slits Bottom Panel,Yes 75 Envelopes A7
Majestic,Silk,7 x 10,Vertical,Rectangle,16PT C2S,No Coating,Silk,n/a,4/0,10000,Score in Half,Slide Slits Bottom Panel,Yes 75 Envelopes A7
Majestic,Silk,7 x 10,Vertical,Rectangle,16PT C2S,No Coating,Silk,n/a,4/0,1000,Score in Half,No Gift Cards Slits,Yes 75 Envelopes A7
Majestic,Silk,7 x 10,Horizontal,Rectangle,16PT C2S,No Coating,Silk,n/a,4/4,10000,Score in Half,Slide Slits Bottom Panel,Yes 75 Envelopes A7
Majestic,Silk,7 x 10,Vertical,Rectangle,16PT C2S,No Coating,Silk,n/a,4/1,10000,Score in Half,Slide Slits Bottom Panel,Yes 75 Envelopes A7
Majestic,Silk,7 x 10,Vertical,Rectangle,16PT C2S,No Coating,Silk,n/a,4/4,10000,Score in Half,Slide Slits Bottom Panel,Yes 75 Envelopes A7
Majestic,Silk,7 x 10,Horizontal,Rectangle,16PT C2S,No Coating,Silk,n/a,4/0,25,Score in Half,Slide Slits Right Panel,Yes 75 Envelopes A7
Majestic,Silk,7 x 10,Horizontal,Rectangle,16PT C2S,No Coating,Silk,n/a,4/1,25,Score in Half,Slide Slits Right Panel,Yes 75 Envelopes A7
Majestic,Silk,7 x 10,Vertical,Rectangle,16PT C2S,No Coating,Silk,n/a,4/0,25,Score in Half,Slide Slits Right Panel,Yes 75 Envelopes A7
Majestic,Silk,7 x 10,Vertical,Rectangle,16PT C2S,No Coating,Silk,n/a,4/1,25,Score in Half,Slide Slits Right Panel,Yes 75 Envelopes A7
Majestic,Silk,7 x 10,Horizontal,Rectangle,16PT C2S,No Coating,Silk,n/a,4/4,25,Score in Half,Slide Slits Right Panel,Yes 75 Envelopes A7
Majestic,Silk,7 x 10,Vertical,Rectangle,16PT C2S,No Coating,Silk,n/a,4/4,25,Score in Half,Slide Slits Right Panel,Yes 75 Envelopes A7
Majestic,Silk,7 x 10,Horizontal,Rectangle,16PT C2S,No Coating,Silk,n/a,4/0,50,Score in Half,Slide Slits Right Panel,Yes 75 Envelopes A7
Majestic,Silk,7 x 10,Vertical,Rectangle,16PT C2S,No Coating,Silk,n/a,4/0,50,Score in Half,Slide Slits Right Panel,Yes 75 Envelopes A7
Majestic,Silk,7 x 10,Horizontal,Rectangle,16PT C2S,No Coating,Silk,n/a,4/1,50,Score in Half,Slide Slits Right Panel,Yes 75 Envelopes A7
Majestic,Silk,7 x 10,Vertical,Rectangle,16PT C2S,No Coating,Silk,n/a,4/1,50,Score in Half,Slide Slits Right Panel,Yes 75 Envelopes A7
Majestic,Silk,7 x 10,Horizontal,Rectangle,16PT C2S,No Coating,Silk,n/a,4/4,50,Score in Half,Slide Slits Right Panel,Yes 75 Envelopes A7
Majestic,Silk,7 x 10,Vertical,Rectangle,16PT C2S,No Coating,Silk,n/a,4/4,50,Score in Half,Slide Slits Right Panel,Yes 75 Envelopes A7
Majestic,Silk,7 x 10,Horizontal,Rectangle,16PT C2S,No Coating,Silk,n/a,4/0,75,Score in Half,Slide Slits Right Panel,Yes 75 Envelopes A7
Majestic,Silk,7 x 10,Vertical,Rectangle,16PT C2S,No Coating,Silk,n/a,4/0,75,Score in Half,Slide Slits Right Panel,Yes 75 Envelopes A7
Majestic,Silk,7 x 10,Horizontal,Rectangle,16PT C2S,No Coating,Silk,n/a,4/1,75,Score in Half,Slide Slits Right Panel,Yes 75 Envelopes A7
Majestic,Silk,7 x 10,Vertical,Rectangle,16PT C2S,No Coating,Silk,n/a,4/1,75,Score in Half,Slide Slits Right Panel,Yes 75 Envelopes A7
Majestic,Silk,7 x 10,Horizontal,Rectangle,16PT C2S,No Coating,Silk,n/a,4/4,75,Score in Half,Slide Slits Right Panel,Yes 75 Envelopes A7
Majestic,Silk,7 x 10,Vertical,Rectangle,16PT C2S,No Coating,Silk,n/a,4/4,75,Score in Half,Slide Slits Right Panel,Yes 75 Envelopes A7
Majestic,Silk,7 x 10,Horizontal,Rectangle,16PT C2S,No Coating,Silk,n/a,4/0,100,Score in Half,Slide Slits Right Panel,Yes 75 Envelopes A7
Majestic,Silk,7 x 10,Horizontal,Rectangle,16PT C2S,No Coating,Silk,n/a,4/1,100,Score in Half,Slide Slits Right Panel,Yes 75 Envelopes A7
Majestic,Silk,7 x 10,Vertical,Rectangle,16PT C2S,No Coating,Silk,n/a,4/0,100,Score in Half,Slide Slits Right Panel,Yes 75 Envelopes A7
Majestic,Silk,7 x 10,Vertical,Rectangle,16PT C2S,No Coating,Silk,n/a,4/1,100,Score in Half,Slide Slits Right Panel,Yes 75 Envelopes A7
Majestic,Silk,7 x 10,Horizontal,Rectangle,16PT C2S,No Coating,Silk,n/a,4/4,100,Score in Half,Slide Slits Right Panel,Yes 75 Envelopes A7
Majestic,Silk,7 x 10,Vertical,Rectangle,16PT C2S,No Coating,Silk,n/a,4/4,100,Score in Half,Slide Slits Right Panel,Yes 75 Envelopes A7
Majestic,Silk,7 x 10,Horizontal,Rectangle,16PT C2S,No Coating,Silk,n/a,4/0,250,Score in Half,Slide Slits Right Panel,Yes 75 Envelopes A7
Majestic,Silk,7 x 10,Vertical,Rectangle,16PT C2S,No Coating,Silk,n/a,4/0,250,Score in Half,Slide Slits Right Panel,Yes 75 Envelopes A7
Majestic,Silk,7 x 10,Horizontal,Rectangle,16PT C2S,No Coating,Silk,n/a,4/1,250,Score in Half,Slide Slits Right Panel,Yes 75 Envelopes A7
Majestic,Silk,7 x 10,Vertical,Rectangle,16PT C2S,No Coating,Silk,n/a,4/1,250,Score in Half,Slide Slits Right Panel,Yes 75 Envelopes A7
Majestic,Silk,7 x 10,Horizontal,Rectangle,16PT C2S,No Coating,Silk,n/a,4/4,250,Score in Half,Slide Slits Right Panel,Yes 75 Envelopes A7
Majestic,Silk,7 x 10,Vertical,Rectangle,16PT C2S,No Coating,Silk,n/a,4/4,250,Score in Half,Slide Slits Right Panel,Yes 75 Envelopes A7
Majestic,Silk,7 x 10,Horizontal,Rectangle,16PT C2S,No Coating,Silk,n/a,4/0,500,Score in Half,Slide Slits Right Panel,Yes 75 Envelopes A7
Majestic,Silk,7 x 10,Vertical,Rectangle,16PT C2S,No Coating,Silk,n/a,4/0,500,Score in Half,Slide Slits Right Panel,Yes 75 Envelopes A7
Majestic,Silk,7 x 10,Horizontal,Rectangle,16PT C2S,No Coating,Silk,n/a,4/1,500,Score in Half,Slide Slits Right Panel,Yes 75 Envelopes A7
Majestic,Silk,7 x 10,Vertical,Rectangle,16PT C2S,No Coating,Silk,n/a,4/1,500,Score in Half,Slide Slits Right Panel,Yes 75 Envelopes A7
Majestic,Silk,7 x 10,Horizontal,Rectangle,16PT C2S,No Coating,Silk,n/a,4/4,500,Score in Half,Slide Slits Right Panel,Yes 75 Envelopes A7
Majestic,Silk,7 x 10,Vertical,Rectangle,16PT C2S,No Coating,Silk,n/a,4/4,500,Score in Half,Slide Slits Right Panel,Yes 75 Envelopes A7
Majestic,Silk,7 x 10,Vertical,Rectangle,16PT C2S,No Coating,Silk,n/a,4/0,1000,Score in Half,Slide Slits Right Panel,Yes 75 Envelopes A7
Majestic,Silk,7 x 10,Horizontal,Rectangle,16PT C2S,No Coating,Silk,n/a,4/0,1000,Score in Half,Slide Slits Right Panel,Yes 75 Envelopes A7
Majestic,Silk,7 x 10,Horizontal,Rectangle,16PT C2S,No Coating,Silk,n/a,4/1,1000,Score in Half,Slide Slits Right Panel,Yes 75 Envelopes A7
Majestic,Silk,7 x 10,Vertical,Rectangle,16PT C2S,No Coating,Silk,n/a,4/1,1000,Score in Half,Slide Slits Right Panel,Yes 75 Envelopes A7
Majestic,Silk,7 x 10,Horizontal,Rectangle,16PT C2S,No Coating,Silk,n/a,4/4,1000,Score in Half,Slide Slits Right Panel,Yes 75 Envelopes A7
Majestic,Silk,7 x 10,Vertical,Rectangle,16PT C2S,No Coating,Silk,n/a,4/4,1000,Score in Half,Slide Slits Right Panel,Yes 75 Envelopes A7
Majestic,Silk,7 x 10,Horizontal,Rectangle,16PT C2S,No Coating,Silk,n/a,4/0,2500,Score in Half,Slide Slits Right Panel,Yes 75 Envelopes A7
Majestic,Silk,7 x 10,Vertical,Rectangle,16PT C2S,No Coating,Silk,n/a,4/0,2500,Score in Half,Slide Slits Right Panel,Yes 75 Envelopes A7
Majestic,Silk,7 x 10,Horizontal,Rectangle,16PT C2S,No Coating,Silk,n/a,4/1,2500,Score in Half,Slide Slits Right Panel,Yes 75 Envelopes A7
Majestic,Silk,7 x 10,Vertical,Rectangle,16PT C2S,No Coating,Silk,n/a,4/1,2500,Score in Half,Slide Slits Right Panel,Yes 75 Envelopes A7
Majestic,Silk,7 x 10,Horizontal,Rectangle,16PT C2S,No Coating,Silk,n/a,4/4,2500,Score in Half,Slide Slits Right Panel,Yes 75 Envelopes A7
Majestic,Silk,7 x 10,Vertical,Rectangle,16PT C2S,No Coating,Silk,n/a,4/4,2500,Score in Half,Slide Slits Right Panel,Yes 75 Envelopes A7
Majestic,Silk,7 x 10,Horizontal,Rectangle,16PT C2S,No Coating,Silk,n/a,4/0,5000,Score in Half,Slide Slits Right Panel,Yes 75 Envelopes A7
Majestic,Silk,7 x 10,Vertical,Rectangle,16PT C2S,No Coating,Silk,n/a,4/0,5000,Score in Half,Slide Slits Right Panel,Yes 75 Envelopes A7
Majestic,Silk,7 x 10,Horizontal,Rectangle,16PT C2S,No Coating,Silk,n/a,4/1,5000,Score in Half,Slide Slits Right Panel,Yes 75 Envelopes A7
Majestic,Silk,7 x 10,Vertical,Rectangle,16PT C2S,No Coating,Silk,n/a,4/1,5000,Score in Half,Slide Slits Right Panel,Yes 75 Envelopes A7
Majestic,Silk,7 x 10,Horizontal,Rectangle,16PT C2S,No Coating,Silk,n/a,4/4,5000,Score in Half,Slide Slits Right Panel,Yes 75 Envelopes A7
Majestic,Silk,7 x 10,Vertical,Rectangle,16PT C2S,No Coating,Silk,n/a,4/4,5000,Score in Half,Slide Slits Right Panel,Yes 75 Envelopes A7
Majestic,Silk,7 x 10,Horizontal,Rectangle,16PT C2S,No Coating,Silk,n/a,4/0,10000,Score in Half,Slide Slits Right Panel,Yes 75 Envelopes A7
Majestic,Silk,7 x 10,Vertical,Rectangle,16PT C2S,No Coating,Silk,n/a,4/0,10000,Score in Half,Slide Slits Right Panel,Yes 75 Envelopes A7
Majestic,Silk,7 x 10,Horizontal,Rectangle,16PT C2S,No Coating,Silk,n/a,4/1,10000,Score in Half,Slide Slits Right Panel,Yes 75 Envelopes A7
Majestic,Silk,7 x 10,Vertical,Rectangle,16PT C2S,No Coating,Silk,n/a,4/1,10000,Score in Half,Slide Slits Right Panel,Yes 75 Envelopes A7
Majestic,Silk,7 x 10,Vertical,Rectangle,16PT C2S,No Coating,Silk,n/a,4/4,10000,Score in Half,Slide Slits Right Panel,Yes 75 Envelopes A7
Majestic,Silk,7 x 10,Horizontal,Rectangle,16PT C2S,No Coating,Silk,n/a,4/4,10000,Score in Half,Slide Slits Right Panel,Yes 75 Envelopes A7
Majestic,Silk,7 x 10,Horizontal,Rectangle,16PT C2S,No Coating,Silk,n/a,4/0,25,Score in Half,Moon Slits Bottom Panel,Yes 100 Envelopes A7
Majestic,Silk,7 x 10,Vertical,Rectangle,16PT C2S,No Coating,Silk,n/a,4/0,25,Score in Half,Moon Slits Bottom Panel,Yes 100 Envelopes A7
Majestic,Silk,7 x 10,Horizontal,Rectangle,16PT C2S,No Coating,Silk,n/a,4/1,25,Score in Half,Moon Slits Bottom Panel,Yes 100 Envelopes A7
Majestic,Silk,7 x 10,Vertical,Rectangle,16PT C2S,No Coating,Silk,n/a,4/1,25,Score in Half,Moon Slits Bottom Panel,Yes 100 Envelopes A7
Majestic,Silk,7 x 10,Horizontal,Rectangle,16PT C2S,No Coating,Silk,n/a,4/4,25,Score in Half,Moon Slits Bottom Panel,Yes 100 Envelopes A7
Majestic,Silk,7 x 10,Vertical,Rectangle,16PT C2S,No Coating,Silk,n/a,4/4,25,Score in Half,Moon Slits Bottom Panel,Yes 100 Envelopes A7
Majestic,Silk,7 x 10,Horizontal,Rectangle,16PT C2S,No Coating,Silk,n/a,4/0,50,Score in Half,Moon Slits Bottom Panel,Yes 100 Envelopes A7
Majestic,Silk,7 x 10,Vertical,Rectangle,16PT C2S,No Coating,Silk,n/a,4/0,50,Score in Half,Moon Slits Bottom Panel,Yes 100 Envelopes A7
Majestic,Silk,7 x 10,Horizontal,Rectangle,16PT C2S,No Coating,Silk,n/a,4/1,50,Score in Half,Moon Slits Bottom Panel,Yes 100 Envelopes A7
Majestic,Silk,7 x 10,Vertical,Rectangle,16PT C2S,No Coating,Silk,n/a,4/1,50,Score in Half,Moon Slits Bottom Panel,Yes 100 Envelopes A7
Majestic,Silk,7 x 10,Horizontal,Rectangle,16PT C2S,No Coating,Silk,n/a,4/4,50,Score in Half,Moon Slits Bottom Panel,Yes 100 Envelopes A7
Majestic,Silk,7 x 10,Vertical,Rectangle,16PT C2S,No Coating,Silk,n/a,4/4,50,Score in Half,Moon Slits Bottom Panel,Yes 100 Envelopes A7
Majestic,Silk,7 x 10,Horizontal,Rectangle,16PT C2S,No Coating,Silk,n/a,4/0,75,Score in Half,Moon Slits Bottom Panel,Yes 100 Envelopes A7
Majestic,Silk,7 x 10,Vertical,Rectangle,16PT C2S,No Coating,Silk,n/a,4/0,75,Score in Half,Moon Slits Bottom Panel,Yes 100 Envelopes A7
Majestic,Silk,7 x 10,Horizontal,Rectangle,16PT C2S,No Coating,Silk,n/a,4/1,75,Score in Half,Moon Slits Bottom Panel,Yes 100 Envelopes A7
Majestic,Silk,7 x 10,Vertical,Rectangle,16PT C2S,No Coating,Silk,n/a,4/1,75,Score in Half,Moon Slits Bottom Panel,Yes 100 Envelopes A7
Majestic,Silk,7 x 10,Vertical,Rectangle,16PT C2S,No Coating,Silk,n/a,4/4,75,Score in Half,Moon Slits Bottom Panel,Yes 100 Envelopes A7
Majestic,Silk,7 x 10,Horizontal,Rectangle,16PT C2S,No Coating,Silk,n/a,4/4,75,Score in Half,Moon Slits Bottom Panel,Yes 100 Envelopes A7
Majestic,Silk,7 x 10,Horizontal,Rectangle,16PT C2S,No Coating,Silk,n/a,4/0,100,Score in Half,Moon Slits Bottom Panel,Yes 100 Envelopes A7
Majestic,Silk,7 x 10,Vertical,Rectangle,16PT C2S,No Coating,Silk,n/a,4/0,100,Score in Half,Moon Slits Bottom Panel,Yes 100 Envelopes A7
Majestic,Silk,7 x 10,Horizontal,Rectangle,16PT C2S,No Coating,Silk,n/a,4/1,100,Score in Half,Moon Slits Bottom Panel,Yes 100 Envelopes A7
Majestic,Silk,7 x 10,Vertical,Rectangle,16PT C2S,No Coating,Silk,n/a,4/1,100,Score in Half,Moon Slits Bottom Panel,Yes 100 Envelopes A7
Majestic,Silk,7 x 10,Vertical,Rectangle,16PT C2S,No Coating,Silk,n/a,4/4,100,Score in Half,Moon Slits Bottom Panel,Yes 100 Envelopes A7
Majestic,Silk,7 x 10,Horizontal,Rectangle,16PT C2S,No Coating,Silk,n/a,4/4,100,Score in Half,Moon Slits Bottom Panel,Yes 100 Envelopes A7
Majestic,Silk,7 x 10,Horizontal,Rectangle,16PT C2S,No Coating,Silk,n/a,4/0,250,Score in Half,Moon Slits Bottom Panel,Yes 100 Envelopes A7
Majestic,Silk,7 x 10,Vertical,Rectangle,16PT C2S,No Coating,Silk,n/a,4/0,250,Score in Half,Moon Slits Bottom Panel,Yes 100 Envelopes A7
Majestic,Silk,7 x 10,Horizontal,Rectangle,16PT C2S,No Coating,Silk,n/a,4/1,250,Score in Half,Moon Slits Bottom Panel,Yes 100 Envelopes A7
Majestic,Silk,7 x 10,Vertical,Rectangle,16PT C2S,No Coating,Silk,n/a,4/1,250,Score in Half,Moon Slits Bottom Panel,Yes 100 Envelopes A7
Majestic,Silk,7 x 10,Horizontal,Rectangle,16PT C2S,No Coating,Silk,n/a,4/4,250,Score in Half,Moon Slits Bottom Panel,Yes 100 Envelopes A7
Majestic,Silk,7 x 10,Vertical,Rectangle,16PT C2S,No Coating,Silk,n/a,4/4,250,Score in Half,Moon Slits Bottom Panel,Yes 100 Envelopes A7
Majestic,Silk,7 x 10,Horizontal,Rectangle,16PT C2S,No Coating,Silk,n/a,4/0,500,Score in Half,Moon Slits Bottom Panel,Yes 100 Envelopes A7
Majestic,Silk,7 x 10,Vertical,Rectangle,16PT C2S,No Coating,Silk,n/a,4/0,500,Score in Half,Moon Slits Bottom Panel,Yes 100 Envelopes A7
Majestic,Silk,7 x 10,Horizontal,Rectangle,16PT C2S,No Coating,Silk,n/a,4/1,500,Score in Half,Moon Slits Bottom Panel,Yes 100 Envelopes A7
Majestic,Silk,7 x 10,Vertical,Rectangle,16PT C2S,No Coating,Silk,n/a,4/1,500,Score in Half,Moon Slits Bottom Panel,Yes 100 Envelopes A7
Majestic,Silk,7 x 10,Horizontal,Rectangle,16PT C2S,No Coating,Silk,n/a,4/4,500,Score in Half,Moon Slits Bottom Panel,Yes 100 Envelopes A7
Majestic,Silk,7 x 10,Vertical,Rectangle,16PT C2S,No Coating,Silk,n/a,4/4,500,Score in Half,Moon Slits Bottom Panel,Yes 100 Envelopes A7
Majestic,Silk,7 x 10,Horizontal,Rectangle,16PT C2S,No Coating,Silk,n/a,4/0,1000,Score in Half,Moon Slits Bottom Panel,Yes 100 Envelopes A7
Majestic,Silk,7 x 10,Vertical,Rectangle,16PT C2S,No Coating,Silk,n/a,4/0,1000,Score in Half,Moon Slits Bottom Panel,Yes 100 Envelopes A7
Majestic,Silk,7 x 10,Horizontal,Rectangle,16PT C2S,No Coating,Silk,n/a,4/1,1000,Score in Half,Moon Slits Bottom Panel,Yes 100 Envelopes A7
Majestic,Silk,7 x 10,Vertical,Rectangle,16PT C2S,No Coating,Silk,n/a,4/1,1000,Score in Half,Moon Slits Bottom Panel,Yes 100 Envelopes A7
Majestic,Silk,7 x 10,Horizontal,Rectangle,16PT C2S,No Coating,Silk,n/a,4/4,1000,Score in Half,Moon Slits Bottom Panel,Yes 100 Envelopes A7
Majestic,Silk,7 x 10,Vertical,Rectangle,16PT C2S,No Coating,Silk,n/a,4/4,1000,Score in Half,Moon Slits Bottom Panel,Yes 100 Envelopes A7
Majestic,Silk,7 x 10,Horizontal,Rectangle,16PT C2S,No Coating,Silk,n/a,4/0,2500,Score in Half,Moon Slits Bottom Panel,Yes 100 Envelopes A7
Majestic,Silk,7 x 10,Vertical,Rectangle,16PT C2S,No Coating,Silk,n/a,4/0,2500,Score in Half,Moon Slits Bottom Panel,Yes 100 Envelopes A7
Majestic,Silk,7 x 10,Horizontal,Rectangle,16PT C2S,No Coating,Silk,n/a,4/1,2500,Score in Half,Moon Slits Bottom Panel,Yes 100 Envelopes A7
Majestic,Silk,7 x 10,Vertical,Rectangle,16PT C2S,No Coating,Silk,n/a,4/1,2500,Score in Half,Moon Slits Bottom Panel,Yes 100 Envelopes A7
Majestic,Silk,7 x 10,Horizontal,Rectangle,16PT C2S,No Coating,Silk,n/a,4/4,2500,Score in Half,Moon Slits Bottom Panel,Yes 100 Envelopes A7
Majestic,Silk,7 x 10,Vertical,Rectangle,16PT C2S,No Coating,Silk,n/a,4/4,2500,Score in Half,Moon Slits Bottom Panel,Yes 100 Envelopes A7
Majestic,Silk,7 x 10,Horizontal,Rectangle,16PT C2S,No Coating,Silk,n/a,4/0,5000,Score in Half,Moon Slits Bottom Panel,Yes 100 Envelopes A7
Majestic,Silk,7 x 10,Vertical,Rectangle,16PT C2S,No Coating,Silk,n/a,4/0,5000,Score in Half,Moon Slits Bottom Panel,Yes 100 Envelopes A7
Majestic,Silk,7 x 10,Horizontal,Rectangle,16PT C2S,No Coating,Silk,n/a,4/1,5000,Score in Half,Moon Slits Bottom Panel,Yes 100 Envelopes A7
Majestic,Silk,7 x 10,Vertical,Rectangle,16PT C2S,No Coating,Silk,n/a,4/1,5000,Score in Half,Moon Slits Bottom Panel,Yes 100 Envelopes A7
Majestic,Silk,7 x 10,Horizontal,Rectangle,16PT C2S,No Coating,Silk,n/a,4/4,5000,Score in Half,Moon Slits Bottom Panel,Yes 100 Envelopes A7
Majestic,Silk,7 x 10,Vertical,Rectangle,16PT C2S,No Coating,Silk,n/a,4/4,5000,Score in Half,Moon Slits Bottom Panel,Yes 100 Envelopes A7
Majestic,Silk,7 x 10,Horizontal,Rectangle,16PT C2S,No Coating,Silk,n/a,4/0,10000,Score in Half,Moon Slits Bottom Panel,Yes 100 Envelopes A7
Majestic,Silk,7 x 10,Vertical,Rectangle,16PT C2S,No Coating,Silk,n/a,4/0,10000,Score in Half,Moon Slits Bottom Panel,Yes 100 Envelopes A7
Majestic,Silk,7 x 10,Horizontal,Rectangle,16PT C2S,No Coating,Silk,n/a,4/1,10000,Score in Half,Moon Slits Bottom Panel,Yes 100 Envelopes A7
Majestic,Silk,7 x 10,Horizontal,Rectangle,16PT C2S,No Coating,Silk,n/a,4/4,10000,Score in Half,Moon Slits Bottom Panel,Yes 100 Envelopes A7
Majestic,Silk,7 x 10,Vertical,Rectangle,16PT C2S,No Coating,Silk,n/a,4/1,10000,Score in Half,Moon Slits Bottom Panel,Yes 100 Envelopes A7
Majestic,Silk,7 x 10,Vertical,Rectangle,16PT C2S,No Coating,Silk,n/a,4/4,10000,Score in Half,Moon Slits Bottom Panel,Yes 100 Envelopes A7
Majestic,Silk,7 x 10,Horizontal,Rectangle,16PT C2S,No Coating,Silk,n/a,4/0,25,Score in Half,Moon Slits Right Panel,Yes 100 Envelopes A7
Majestic,Silk,7 x 10,Vertical,Rectangle,16PT C2S,No Coating,Silk,n/a,4/0,25,Score in Half,Moon Slits Right Panel,Yes 100 Envelopes A7
Majestic,Silk,7 x 10,Horizontal,Rectangle,16PT C2S,No Coating,Silk,n/a,4/1,10000,Score in Half,Slide Slits Bottom Panel,Yes 75 Envelopes A7
Majestic,Silk,7 x 10,Horizontal,Rectangle,16PT C2S,No Coating,Silk,n/a,4/1,25,Score in Half,Moon Slits Right Panel,Yes 100 Envelopes A7
Majestic,Silk,7 x 10,Horizontal,Rectangle,16PT C2S,No Coating,Silk,n/a,4/4,25,Score in Half,Moon Slits Right Panel,Yes 100 Envelopes A7
Majestic,Silk,7 x 10,Vertical,Rectangle,16PT C2S,No Coating,Silk,n/a,4/4,25,Score in Half,Moon Slits Right Panel,Yes 100 Envelopes A7
Majestic,Silk,7 x 10,Horizontal,Rectangle,16PT C2S,No Coating,Silk,n/a,4/0,50,Score in Half,Moon Slits Right Panel,Yes 100 Envelopes A7
Majestic,Silk,7 x 10,Vertical,Rectangle,16PT C2S,No Coating,Silk,n/a,4/0,50,Score in Half,Moon Slits Right Panel,Yes 100 Envelopes A7
Majestic,Silk,7 x 10,Horizontal,Rectangle,16PT C2S,No Coating,Silk,n/a,4/1,50,Score in Half,Moon Slits Right Panel,Yes 100 Envelopes A7
Majestic,Silk,7 x 10,Vertical,Rectangle,16PT C2S,No Coating,Silk,n/a,4/1,50,Score in Half,Moon Slits Right Panel,Yes 100 Envelopes A7
Majestic,Silk,7 x 10,Horizontal,Rectangle,16PT C2S,No Coating,Silk,n/a,4/4,50,Score in Half,Moon Slits Right Panel,Yes 100 Envelopes A7
Majestic,Silk,7 x 10,Vertical,Rectangle,16PT C2S,No Coating,Silk,n/a,4/4,50,Score in Half,Moon Slits Right Panel,Yes 100 Envelopes A7
Majestic,Silk,7 x 10,Horizontal,Rectangle,16PT C2S,No Coating,Silk,n/a,4/0,75,Score in Half,Moon Slits Right Panel,Yes 100 Envelopes A7
Majestic,Silk,7 x 10,Vertical,Rectangle,16PT C2S,No Coating,Silk,n/a,4/0,75,Score in Half,Moon Slits Right Panel,Yes 100 Envelopes A7
Majestic,Silk,7 x 10,Horizontal,Rectangle,16PT C2S,No Coating,Silk,n/a,4/1,75,Score in Half,Moon Slits Right Panel,Yes 100 Envelopes A7
Majestic,Silk,7 x 10,Vertical,Rectangle,16PT C2S,No Coating,Silk,n/a,4/1,75,Score in Half,Moon Slits Right Panel,Yes 100 Envelopes A7
Majestic,Silk,7 x 10,Vertical,Rectangle,16PT C2S,No Coating,Silk,n/a,4/4,75,Score in Half,Moon Slits Right Panel,Yes 100 Envelopes A7
Majestic,Silk,7 x 10,Horizontal,Rectangle,16PT C2S,No Coating,Silk,n/a,4/4,75,Score in Half,Moon Slits Right Panel,Yes 100 Envelopes A7
Majestic,Silk,7 x 10,Horizontal,Rectangle,16PT C2S,No Coating,Silk,n/a,4/0,100,Score in Half,Moon Slits Right Panel,Yes 100 Envelopes A7
Majestic,Silk,7 x 10,Vertical,Rectangle,16PT C2S,No Coating,Silk,n/a,4/0,100,Score in Half,Moon Slits Right Panel,Yes 100 Envelopes A7
Majestic,Silk,7 x 10,Vertical,Rectangle,16PT C2S,No Coating,Silk,n/a,4/0,500,Score in Half,Slide Slits Right Panel,Yes 50 Envelopes A7
Majestic,Silk,7 x 10,Vertical,Rectangle,16PT C2S,No Coating,Silk,n/a,4/1,100,Score in Half,Moon Slits Right Panel,Yes 100 Envelopes A7
Majestic,Silk,7 x 10,Horizontal,Rectangle,16PT C2S,No Coating,Silk,n/a,4/4,100,Score in Half,Moon Slits Right Panel,Yes 100 Envelopes A7
Majestic,Silk,7 x 10,Vertical,Rectangle,16PT C2S,No Coating,Silk,n/a,4/4,100,Score in Half,Moon Slits Right Panel,Yes 100 Envelopes A7
Majestic,Silk,7 x 10,Horizontal,Rectangle,16PT C2S,No Coating,Silk,n/a,4/0,250,Score in Half,Moon Slits Right Panel,Yes 100 Envelopes A7
Majestic,Silk,7 x 10,Vertical,Rectangle,16PT C2S,No Coating,Silk,n/a,4/0,250,Score in Half,Moon Slits Right Panel,Yes 100 Envelopes A7
Majestic,Silk,7 x 10,Vertical,Rectangle,16PT C2S,No Coating,Silk,n/a,4/1,250,Score in Half,Moon Slits Right Panel,Yes 100 Envelopes A7
Majestic,Silk,7 x 10,Horizontal,Rectangle,16PT C2S,No Coating,Silk,n/a,4/1,250,Score in Half,Moon Slits Right Panel,Yes 100 Envelopes A7
Majestic,Silk,7 x 10,Horizontal,Rectangle,16PT C2S,No Coating,Silk,n/a,4/4,250,Score in Half,Moon Slits Right Panel,Yes 100 Envelopes A7
Majestic,Silk,7 x 10,Vertical,Rectangle,16PT C2S,No Coating,Silk,n/a,4/4,250,Score in Half,Moon Slits Right Panel,Yes 100 Envelopes A7
Majestic,Silk,7 x 10,Horizontal,Rectangle,16PT C2S,No Coating,Silk,n/a,4/0,500,Score in Half,Moon Slits Right Panel,Yes 100 Envelopes A7
Majestic,Silk,7 x 10,Vertical,Rectangle,16PT C2S,No Coating,Silk,n/a,4/0,500,Score in Half,Moon Slits Right Panel,Yes 100 Envelopes A7
Majestic,Silk,7 x 10,Horizontal,Rectangle,16PT C2S,No Coating,Silk,n/a,4/1,500,Score in Half,Moon Slits Right Panel,Yes 100 Envelopes A7
Majestic,Silk,7 x 10,Vertical,Rectangle,16PT C2S,No Coating,Silk,n/a,4/1,500,Score in Half,Moon Slits Right Panel,Yes 100 Envelopes A7
Majestic,Silk,7 x 10,Horizontal,Rectangle,16PT C2S,No Coating,Silk,n/a,4/4,500,Score in Half,Moon Slits Right Panel,Yes 100 Envelopes A7
Majestic,Silk,7 x 10,Vertical,Rectangle,16PT C2S,No Coating,Silk,n/a,4/4,500,Score in Half,Moon Slits Right Panel,Yes 100 Envelopes A7
Majestic,Silk,7 x 10,Horizontal,Rectangle,16PT C2S,No Coating,Silk,n/a,4/0,1000,Score in Half,Moon Slits Right Panel,Yes 100 Envelopes A7
Majestic,Silk,7 x 10,Vertical,Rectangle,16PT C2S,No Coating,Silk,n/a,4/0,1000,Score in Half,Moon Slits Right Panel,Yes 100 Envelopes A7
Majestic,Silk,7 x 10,Horizontal,Rectangle,16PT C2S,No Coating,Silk,n/a,4/1,1000,Score in Half,Moon Slits Right Panel,Yes 100 Envelopes A7
Majestic,Silk,7 x 10,Vertical,Rectangle,16PT C2S,No Coating,Silk,n/a,4/1,1000,Score in Half,Moon Slits Right Panel,Yes 100 Envelopes A7
Majestic,Silk,7 x 10,Horizontal,Rectangle,16PT C2S,No Coating,Silk,n/a,4/4,1000,Score in Half,Moon Slits Right Panel,Yes 100 Envelopes A7
Majestic,Silk,7 x 10,Vertical,Rectangle,16PT C2S,No Coating,Silk,n/a,4/4,1000,Score in Half,Moon Slits Right Panel,Yes 100 Envelopes A7
Majestic,Silk,7 x 10,Horizontal,Rectangle,16PT C2S,No Coating,Silk,n/a,4/0,2500,Score in Half,Moon Slits Right Panel,Yes 100 Envelopes A7
Majestic,Silk,7 x 10,Vertical,Rectangle,16PT C2S,No Coating,Silk,n/a,4/0,2500,Score in Half,Moon Slits Right Panel,Yes 100 Envelopes A7
Majestic,Silk,7 x 10,Horizontal,Rectangle,16PT C2S,No Coating,Silk,n/a,4/1,2500,Score in Half,Moon Slits Right Panel,Yes 100 Envelopes A7
Majestic,Silk,7 x 10,Vertical,Rectangle,16PT C2S,No Coating,Silk,n/a,4/1,5000,Score in Half,Slide Slits Bottom Panel,Yes 75 Envelopes A7
Majestic,Silk,7 x 10,Horizontal,Rectangle,16PT C2S,No Coating,Silk,n/a,4/4,2500,Score in Half,Moon Slits Right Panel,Yes 100 Envelopes A7
Majestic,Silk,7 x 10,Vertical,Rectangle,16PT C2S,No Coating,Silk,n/a,4/4,2500,Score in Half,Moon Slits Right Panel,Yes 100 Envelopes A7
Majestic,Silk,7 x 10,Horizontal,Rectangle,16PT C2S,No Coating,Silk,n/a,4/0,5000,Score in Half,Moon Slits Right Panel,Yes 100 Envelopes A7
Majestic,Silk,7 x 10,Vertical,Rectangle,16PT C2S,No Coating,Silk,n/a,4/0,5000,Score in Half,Moon Slits Right Panel,Yes 100 Envelopes A7
Majestic,Silk,7 x 10,Horizontal,Rectangle,16PT C2S,No Coating,Silk,n/a,4/1,5000,Score in Half,Moon Slits Right Panel,Yes 100 Envelopes A7
Majestic,Silk,7 x 10,Vertical,Rectangle,16PT C2S,No Coating,Silk,n/a,4/1,5000,Score in Half,Moon Slits Right Panel,Yes 100 Envelopes A7
Majestic,Silk,7 x 10,Horizontal,Rectangle,16PT C2S,No Coating,Silk,n/a,4/4,5000,Score in Half,Moon Slits Right Panel,Yes 100 Envelopes A7
Majestic,Silk,7 x 10,Vertical,Rectangle,16PT C2S,No Coating,Silk,n/a,4/4,5000,Score in Half,Moon Slits Right Panel,Yes 100 Envelopes A7
Majestic,Silk,7 x 10,Horizontal,Rectangle,16PT C2S,No Coating,Silk,n/a,4/0,10000,Score in Half,Moon Slits Right Panel,Yes 100 Envelopes A7
Majestic,Silk,7 x 10,Vertical,Rectangle,16PT C2S,No Coating,Silk,n/a,4/0,10000,Score in Half,Moon Slits Right Panel,Yes 100 Envelopes A7
Majestic,Silk,7 x 10,Horizontal,Rectangle,16PT C2S,No Coating,Silk,n/a,4/1,10000,Score in Half,Moon Slits Right Panel,Yes 100 Envelopes A7
Majestic,Silk,7 x 10,Vertical,Rectangle,16PT C2S,No Coating,Silk,n/a,4/1,10000,Score in Half,Moon Slits Right Panel,Yes 100 Envelopes A7
Majestic,Silk,7 x 10,Horizontal,Rectangle,16PT C2S,No Coating,Silk,n/a,4/4,10000,Score in Half,Moon Slits Right Panel,Yes 100 Envelopes A7
Majestic,Silk,7 x 10,Vertical,Rectangle,16PT C2S,No Coating,Silk,n/a,4/4,10000,Score in Half,Moon Slits Right Panel,Yes 100 Envelopes A7
Majestic,Silk,7 x 10,Horizontal,Rectangle,16PT C2S,No Coating,Silk,n/a,4/0,25,Score in Half,No Gift Cards Slits,Yes 100 Envelopes A7
Majestic,Silk,7 x 10,Vertical,Rectangle,16PT C2S,No Coating,Silk,n/a,4/0,25,Score in Half,No Gift Cards Slits,Yes 100 Envelopes A7
Majestic,Silk,7 x 10,Vertical,Rectangle,16PT C2S,No Coating,Silk,n/a,4/1,25,Score in Half,No Gift Cards Slits,Yes 100 Envelopes A7
Majestic,Silk,7 x 10,Horizontal,Rectangle,16PT C2S,No Coating,Silk,n/a,4/1,25,Score in Half,No Gift Cards Slits,Yes 100 Envelopes A7
Majestic,Silk,7 x 10,Horizontal,Rectangle,16PT C2S,No Coating,Silk,n/a,4/4,25,Score in Half,No Gift Cards Slits,Yes 100 Envelopes A7
Majestic,Silk,7 x 10,Vertical,Rectangle,16PT C2S,No Coating,Silk,n/a,4/4,25,Score in Half,No Gift Cards Slits,Yes 100 Envelopes A7
Majestic,Silk,7 x 10,Horizontal,Rectangle,16PT C2S,No Coating,Silk,n/a,4/0,50,Score in Half,No Gift Cards Slits,Yes 100 Envelopes A7
Majestic,Silk,7 x 10,Vertical,Rectangle,16PT C2S,No Coating,Silk,n/a,4/0,50,Score in Half,No Gift Cards Slits,Yes 100 Envelopes A7
Majestic,Silk,7 x 10,Horizontal,Rectangle,16PT C2S,No Coating,Silk,n/a,4/1,50,Score in Half,No Gift Cards Slits,Yes 100 Envelopes A7
Majestic,Silk,7 x 10,Vertical,Rectangle,16PT C2S,No Coating,Silk,n/a,4/1,50,Score in Half,No Gift Cards Slits,Yes 100 Envelopes A7
Majestic,Silk,7 x 10,Horizontal,Rectangle,16PT C2S,No Coating,Silk,n/a,4/4,50,Score in Half,No Gift Cards Slits,Yes 100 Envelopes A7
Majestic,Silk,7 x 10,Vertical,Rectangle,16PT C2S,No Coating,Silk,n/a,4/4,50,Score in Half,No Gift Cards Slits,Yes 100 Envelopes A7
Majestic,Silk,7 x 10,Horizontal,Rectangle,16PT C2S,No Coating,Silk,n/a,4/0,75,Score in Half,No Gift Cards Slits,Yes 100 Envelopes A7
Majestic,Silk,7 x 10,Vertical,Rectangle,16PT C2S,No Coating,Silk,n/a,4/0,75,Score in Half,No Gift Cards Slits,Yes 100 Envelopes A7
Majestic,Silk,7 x 10,Horizontal,Rectangle,16PT C2S,No Coating,Silk,n/a,4/1,75,Score in Half,No Gift Cards Slits,Yes 100 Envelopes A7
Majestic,Silk,7 x 10,Vertical,Rectangle,16PT C2S,No Coating,Silk,n/a,4/1,75,Score in Half,No Gift Cards Slits,Yes 100 Envelopes A7
Majestic,Silk,7 x 10,Horizontal,Rectangle,16PT C2S,No Coating,Silk,n/a,4/4,75,Score in Half,No Gift Cards Slits,Yes 100 Envelopes A7
Majestic,Silk,7 x 10,Vertical,Rectangle,16PT C2S,No Coating,Silk,n/a,4/4,75,Score in Half,No Gift Cards Slits,Yes 100 Envelopes A7
Majestic,Silk,7 x 10,Horizontal,Rectangle,16PT C2S,No Coating,Silk,n/a,4/0,100,Score in Half,No Gift Cards Slits,Yes 100 Envelopes A7
Majestic,Silk,7 x 10,Vertical,Rectangle,16PT C2S,No Coating,Silk,n/a,4/0,100,Score in Half,No Gift Cards Slits,Yes 100 Envelopes A7
Majestic,Silk,7 x 10,Horizontal,Rectangle,16PT C2S,No Coating,Silk,n/a,4/1,100,Score in Half,No Gift Cards Slits,Yes 100 Envelopes A7
Majestic,Silk,7 x 10,Vertical,Rectangle,16PT C2S,No Coating,Silk,n/a,4/1,100,Score in Half,No Gift Cards Slits,Yes 100 Envelopes A7
Majestic,Silk,7 x 10,Horizontal,Rectangle,16PT C2S,No Coating,Silk,n/a,4/4,100,Score in Half,No Gift Cards Slits,Yes 100 Envelopes A7
Majestic,Silk,7 x 10,Vertical,Rectangle,16PT C2S,No Coating,Silk,n/a,4/4,100,Score in Half,No Gift Cards Slits,Yes 100 Envelopes A7
Majestic,Silk,7 x 10,Horizontal,Rectangle,16PT C2S,No Coating,Silk,n/a,4/0,250,Score in Half,No Gift Cards Slits,Yes 100 Envelopes A7
Majestic,Silk,7 x 10,Vertical,Rectangle,16PT C2S,No Coating,Silk,n/a,4/0,250,Score in Half,No Gift Cards Slits,Yes 100 Envelopes A7
Majestic,Silk,7 x 10,Horizontal,Rectangle,16PT C2S,No Coating,Silk,n/a,4/1,250,Score in Half,No Gift Cards Slits,Yes 100 Envelopes A7
Majestic,Silk,7 x 10,Vertical,Rectangle,16PT C2S,No Coating,Silk,n/a,4/1,250,Score in Half,No Gift Cards Slits,Yes 100 Envelopes A7
Majestic,Silk,7 x 10,Horizontal,Rectangle,16PT C2S,No Coating,Silk,n/a,4/4,250,Score in Half,No Gift Cards Slits,Yes 100 Envelopes A7
Majestic,Silk,7 x 10,Vertical,Rectangle,16PT C2S,No Coating,Silk,n/a,4/4,250,Score in Half,No Gift Cards Slits,Yes 100 Envelopes A7
Majestic,Silk,7 x 10,Vertical,Rectangle,16PT C2S,No Coating,Silk,n/a,4/1,2500,Score in Half,Moon Slits Right Panel,Yes 100 Envelopes A7
Majestic,Silk,7 x 10,Vertical,Rectangle,16PT C2S,No Coating,Silk,n/a,4/0,500,Score in Half,No Gift Cards Slits,Yes 100 Envelopes A7
Majestic,Silk,7 x 10,Horizontal,Rectangle,16PT C2S,No Coating,Silk,n/a,4/1,500,Score in Half,No Gift Cards Slits,Yes 100 Envelopes A7
Majestic,Silk,7 x 10,Vertical,Rectangle,16PT C2S,No Coating,Silk,n/a,4/1,500,Score in Half,No Gift Cards Slits,Yes 100 Envelopes A7
Majestic,Silk,7 x 10,Horizontal,Rectangle,16PT C2S,No Coating,Silk,n/a,4/4,500,Score in Half,No Gift Cards Slits,Yes 100 Envelopes A7
Majestic,Silk,7 x 10,Vertical,Rectangle,16PT C2S,No Coating,Silk,n/a,4/4,500,Score in Half,No Gift Cards Slits,Yes 100 Envelopes A7
Majestic,Silk,7 x 10,Horizontal,Rectangle,16PT C2S,No Coating,Silk,n/a,4/0,1000,Score in Half,No Gift Cards Slits,Yes 100 Envelopes A7
Majestic,Silk,7 x 10,Vertical,Rectangle,16PT C2S,No Coating,Silk,n/a,4/0,1000,Score in Half,No Gift Cards Slits,Yes 100 Envelopes A7
Majestic,Silk,7 x 10,Horizontal,Rectangle,16PT C2S,No Coating,Silk,n/a,4/1,1000,Score in Half,No Gift Cards Slits,Yes 100 Envelopes A7
Majestic,Silk,7 x 10,Vertical,Rectangle,16PT C2S,No Coating,Silk,n/a,4/1,1000,Score in Half,No Gift Cards Slits,Yes 100 Envelopes A7
Majestic,Silk,7 x 10,Horizontal,Rectangle,16PT C2S,No Coating,Silk,n/a,4/4,1000,Score in Half,No Gift Cards Slits,Yes 100 Envelopes A7
Majestic,Silk,7 x 10,Horizontal,Rectangle,16PT C2S,No Coating,Silk,n/a,4/0,2500,Score in Half,No Gift Cards Slits,Yes 100 Envelopes A7
Majestic,Silk,7 x 10,Vertical,Rectangle,16PT C2S,No Coating,Silk,n/a,4/4,1000,Score in Half,No Gift Cards Slits,Yes 100 Envelopes A7
Majestic,Silk,7 x 10,Vertical,Rectangle,16PT C2S,No Coating,Silk,n/a,4/0,2500,Score in Half,No Gift Cards Slits,Yes 100 Envelopes A7
Majestic,Silk,7 x 10,Horizontal,Rectangle,16PT C2S,No Coating,Silk,n/a,4/1,2500,Score in Half,No Gift Cards Slits,Yes 100 Envelopes A7
Majestic,Silk,7 x 10,Vertical,Rectangle,16PT C2S,No Coating,Silk,n/a,4/1,2500,Score in Half,No Gift Cards Slits,Yes 100 Envelopes A7
Majestic,Silk,7 x 10,Vertical,Rectangle,16PT C2S,No Coating,Silk,n/a,4/4,2500,Score in Half,No Gift Cards Slits,Yes 100 Envelopes A7
Majestic,Silk,7 x 10,Horizontal,Rectangle,16PT C2S,No Coating,Silk,n/a,4/4,2500,Score in Half,No Gift Cards Slits,Yes 100 Envelopes A7
Majestic,Silk,7 x 10,Horizontal,Rectangle,16PT C2S,No Coating,Silk,n/a,4/0,5000,Score in Half,No Gift Cards Slits,Yes 100 Envelopes A7
Majestic,Silk,7 x 10,Vertical,Rectangle,16PT C2S,No Coating,Silk,n/a,4/0,5000,Score in Half,No Gift Cards Slits,Yes 100 Envelopes A7
Majestic,Silk,7 x 10,Horizontal,Rectangle,16PT C2S,No Coating,Silk,n/a,4/1,5000,Score in Half,No Gift Cards Slits,Yes 100 Envelopes A7
Majestic,Silk,7 x 10,Vertical,Rectangle,16PT C2S,No Coating,Silk,n/a,4/1,5000,Score in Half,No Gift Cards Slits,Yes 100 Envelopes A7
Majestic,Silk,7 x 10,Horizontal,Rectangle,16PT C2S,No Coating,Silk,n/a,4/4,5000,Score in Half,No Gift Cards Slits,Yes 100 Envelopes A7
Majestic,Silk,7 x 10,Vertical,Rectangle,16PT C2S,No Coating,Silk,n/a,4/4,5000,Score in Half,No Gift Cards Slits,Yes 100 Envelopes A7
Majestic,Silk,7 x 10,Horizontal,Rectangle,16PT C2S,No Coating,Silk,n/a,4/0,10000,Score in Half,No Gift Cards Slits,Yes 100 Envelopes A7
Majestic,Silk,7 x 10,Vertical,Rectangle,16PT C2S,No Coating,Silk,n/a,4/0,10000,Score in Half,No Gift Cards Slits,Yes 100 Envelopes A7
Majestic,Silk,7 x 10,Horizontal,Rectangle,16PT C2S,No Coating,Silk,n/a,4/1,10000,Score in Half,No Gift Cards Slits,Yes 100 Envelopes A7
Majestic,Silk,7 x 10,Vertical,Rectangle,16PT C2S,No Coating,Silk,n/a,4/1,10000,Score in Half,No Gift Cards Slits,Yes 100 Envelopes A7
Majestic,Silk,7 x 10,Vertical,Rectangle,16PT C2S,No Coating,Silk,n/a,4/4,10000,Score in Half,No Gift Cards Slits,Yes 100 Envelopes A7
Majestic,Silk,7 x 10,Horizontal,Rectangle,16PT C2S,No Coating,Silk,n/a,4/0,25,Score in Half,Slide Slits Bottom Panel,Yes 100 Envelopes A7
Majestic,Silk,7 x 10,Horizontal,Rectangle,16PT C2S,No Coating,Silk,n/a,4/4,10000,Score in Half,No Gift Cards Slits,Yes 100 Envelopes A7
Majestic,Silk,7 x 10,Vertical,Rectangle,16PT C2S,No Coating,Silk,n/a,4/0,25,Score in Half,Slide Slits Bottom Panel,Yes 100 Envelopes A7
Majestic,Silk,7 x 10,Horizontal,Rectangle,16PT C2S,No Coating,Silk,n/a,4/1,25,Score in Half,Slide Slits Bottom Panel,Yes 100 Envelopes A7
Majestic,Silk,7 x 10,Vertical,Rectangle,16PT C2S,No Coating,Silk,n/a,4/1,25,Score in Half,Slide Slits Bottom Panel,Yes 100 Envelopes A7
Majestic,Silk,7 x 10,Horizontal,Rectangle,16PT C2S,No Coating,Silk,n/a,4/4,25,Score in Half,Slide Slits Bottom Panel,Yes 100 Envelopes A7
Majestic,Silk,7 x 10,Vertical,Rectangle,16PT C2S,No Coating,Silk,n/a,4/4,25,Score in Half,Slide Slits Bottom Panel,Yes 100 Envelopes A7
Majestic,Silk,7 x 10,Horizontal,Rectangle,16PT C2S,No Coating,Silk,n/a,4/0,50,Score in Half,Slide Slits Bottom Panel,Yes 100 Envelopes A7
Majestic,Silk,7 x 10,Vertical,Rectangle,16PT C2S,No Coating,Silk,n/a,4/0,50,Score in Half,Slide Slits Bottom Panel,Yes 100 Envelopes A7
Majestic,Silk,7 x 10,Horizontal,Rectangle,16PT C2S,No Coating,Silk,n/a,4/1,50,Score in Half,Slide Slits Bottom Panel,Yes 100 Envelopes A7
Majestic,Silk,7 x 10,Vertical,Rectangle,16PT C2S,No Coating,Silk,n/a,4/1,50,Score in Half,Slide Slits Bottom Panel,Yes 100 Envelopes A7
Majestic,Silk,7 x 10,Horizontal,Rectangle,16PT C2S,No Coating,Silk,n/a,4/4,50,Score in Half,Slide Slits Bottom Panel,Yes 100 Envelopes A7
Majestic,Silk,7 x 10,Vertical,Rectangle,16PT C2S,No Coating,Silk,n/a,4/4,50,Score in Half,Slide Slits Bottom Panel,Yes 100 Envelopes A7
Majestic,Silk,7 x 10,Horizontal,Rectangle,16PT C2S,No Coating,Silk,n/a,4/0,75,Score in Half,Slide Slits Bottom Panel,Yes 100 Envelopes A7
Majestic,Silk,7 x 10,Vertical,Rectangle,16PT C2S,No Coating,Silk,n/a,4/0,75,Score in Half,Slide Slits Bottom Panel,Yes 100 Envelopes A7
Majestic,Silk,7 x 10,Horizontal,Rectangle,16PT C2S,No Coating,Silk,n/a,4/1,75,Score in Half,Slide Slits Bottom Panel,Yes 100 Envelopes A7
Majestic,Silk,7 x 10,Vertical,Rectangle,16PT C2S,No Coating,Silk,n/a,4/1,75,Score in Half,Slide Slits Bottom Panel,Yes 100 Envelopes A7
Majestic,Silk,7 x 10,Horizontal,Rectangle,16PT C2S,No Coating,Silk,n/a,4/4,75,Score in Half,Slide Slits Bottom Panel,Yes 100 Envelopes A7
Majestic,Silk,7 x 10,Vertical,Rectangle,16PT C2S,No Coating,Silk,n/a,4/4,75,Score in Half,Slide Slits Bottom Panel,Yes 100 Envelopes A7
Majestic,Silk,7 x 10,Horizontal,Rectangle,16PT C2S,No Coating,Silk,n/a,4/0,100,Score in Half,Slide Slits Bottom Panel,Yes 100 Envelopes A7
Majestic,Silk,7 x 10,Vertical,Rectangle,16PT C2S,No Coating,Silk,n/a,4/0,100,Score in Half,Slide Slits Bottom Panel,Yes 100 Envelopes A7
Majestic,Silk,7 x 10,Horizontal,Rectangle,16PT C2S,No Coating,Silk,n/a,4/1,100,Score in Half,Slide Slits Bottom Panel,Yes 100 Envelopes A7
Majestic,Silk,7 x 10,Vertical,Rectangle,16PT C2S,No Coating,Silk,n/a,4/1,100,Score in Half,Slide Slits Bottom Panel,Yes 100 Envelopes A7
Majestic,Silk,7 x 10,Horizontal,Rectangle,16PT C2S,No Coating,Silk,n/a,4/4,100,Score in Half,Slide Slits Bottom Panel,Yes 100 Envelopes A7
Majestic,Silk,7 x 10,Vertical,Rectangle,16PT C2S,No Coating,Silk,n/a,4/4,100,Score in Half,Slide Slits Bottom Panel,Yes 100 Envelopes A7
Majestic,Silk,7 x 10,Horizontal,Rectangle,16PT C2S,No Coating,Silk,n/a,4/0,250,Score in Half,Slide Slits Bottom Panel,Yes 100 Envelopes A7
Majestic,Silk,7 x 10,Vertical,Rectangle,16PT C2S,No Coating,Silk,n/a,4/0,250,Score in Half,Slide Slits Bottom Panel,Yes 100 Envelopes A7
Majestic,Silk,7 x 10,Horizontal,Rectangle,16PT C2S,No Coating,Silk,n/a,4/1,250,Score in Half,Slide Slits Bottom Panel,Yes 100 Envelopes A7
Majestic,Silk,7 x 10,Vertical,Rectangle,16PT C2S,No Coating,Silk,n/a,4/1,250,Score in Half,Slide Slits Bottom Panel,Yes 100 Envelopes A7
Majestic,Silk,7 x 10,Horizontal,Rectangle,16PT C2S,No Coating,Silk,n/a,4/4,250,Score in Half,Slide Slits Bottom Panel,Yes 100 Envelopes A7
Majestic,Silk,7 x 10,Vertical,Rectangle,16PT C2S,No Coating,Silk,n/a,4/4,250,Score in Half,Slide Slits Bottom Panel,Yes 100 Envelopes A7
Majestic,Silk,7 x 10,Horizontal,Rectangle,16PT C2S,No Coating,Silk,n/a,4/0,500,Score in Half,Slide Slits Bottom Panel,Yes 100 Envelopes A7
Majestic,Silk,7 x 10,Vertical,Rectangle,16PT C2S,No Coating,Silk,n/a,4/0,500,Score in Half,Slide Slits Bottom Panel,Yes 100 Envelopes A7
Majestic,Silk,7 x 10,Horizontal,Rectangle,16PT C2S,No Coating,Silk,n/a,4/1,500,Score in Half,Slide Slits Bottom Panel,Yes 100 Envelopes A7
Majestic,Silk,7 x 10,Vertical,Rectangle,16PT C2S,No Coating,Silk,n/a,4/1,500,Score in Half,Slide Slits Bottom Panel,Yes 100 Envelopes A7
Majestic,Silk,7 x 10,Horizontal,Rectangle,16PT C2S,No Coating,Silk,n/a,4/4,500,Score in Half,Slide Slits Bottom Panel,Yes 100 Envelopes A7
Majestic,Silk,7 x 10,Vertical,Rectangle,16PT C2S,No Coating,Silk,n/a,4/4,500,Score in Half,Slide Slits Bottom Panel,Yes 100 Envelopes A7
Majestic,Silk,7 x 10,Horizontal,Rectangle,16PT C2S,No Coating,Silk,n/a,4/0,1000,Score in Half,Slide Slits Bottom Panel,Yes 100 Envelopes A7
Majestic,Silk,7 x 10,Vertical,Rectangle,16PT C2S,No Coating,Silk,n/a,4/0,1000,Score in Half,Slide Slits Bottom Panel,Yes 100 Envelopes A7
Majestic,Silk,7 x 10,Horizontal,Rectangle,16PT C2S,No Coating,Silk,n/a,4/1,1000,Score in Half,Slide Slits Bottom Panel,Yes 100 Envelopes A7
Majestic,Silk,7 x 10,Vertical,Rectangle,16PT C2S,No Coating,Silk,n/a,4/1,1000,Score in Half,Slide Slits Bottom Panel,Yes 100 Envelopes A7
Majestic,Silk,7 x 10,Horizontal,Rectangle,16PT C2S,No Coating,Silk,n/a,4/4,1000,Score in Half,Slide Slits Bottom Panel,Yes 100 Envelopes A7
Majestic,Silk,7 x 10,Vertical,Rectangle,16PT C2S,No Coating,Silk,n/a,4/4,1000,Score in Half,Slide Slits Bottom Panel,Yes 100 Envelopes A7
Majestic,Silk,7 x 10,Horizontal,Rectangle,16PT C2S,No Coating,Silk,n/a,4/0,2500,Score in Half,Slide Slits Bottom Panel,Yes 100 Envelopes A7
Majestic,Silk,7 x 10,Vertical,Rectangle,16PT C2S,No Coating,Silk,n/a,4/0,2500,Score in Half,Slide Slits Bottom Panel,Yes 100 Envelopes A7
Majestic,Silk,7 x 10,Horizontal,Rectangle,16PT C2S,No Coating,Silk,n/a,4/1,2500,Score in Half,Slide Slits Bottom Panel,Yes 100 Envelopes A7
Majestic,Silk,7 x 10,Vertical,Rectangle,16PT C2S,No Coating,Silk,n/a,4/1,2500,Score in Half,Slide Slits Bottom Panel,Yes 100 Envelopes A7
Majestic,Silk,7 x 10,Horizontal,Rectangle,16PT C2S,No Coating,Silk,n/a,4/4,2500,Score in Half,Slide Slits Bottom Panel,Yes 100 Envelopes A7
Majestic,Silk,7 x 10,Vertical,Rectangle,16PT C2S,No Coating,Silk,n/a,4/4,2500,Score in Half,Slide Slits Bottom Panel,Yes 100 Envelopes A7
Majestic,Silk,7 x 10,Horizontal,Rectangle,16PT C2S,No Coating,Silk,n/a,4/0,5000,Score in Half,Slide Slits Bottom Panel,Yes 100 Envelopes A7
Majestic,Silk,7 x 10,Vertical,Rectangle,16PT C2S,No Coating,Silk,n/a,4/0,5000,Score in Half,Slide Slits Bottom Panel,Yes 100 Envelopes A7
Majestic,Silk,7 x 10,Horizontal,Rectangle,16PT C2S,No Coating,Silk,n/a,4/1,5000,Score in Half,Slide Slits Bottom Panel,Yes 100 Envelopes A7
Majestic,Silk,7 x 10,Vertical,Rectangle,16PT C2S,No Coating,Silk,n/a,4/1,5000,Score in Half,Slide Slits Bottom Panel,Yes 100 Envelopes A7
Majestic,Silk,7 x 10,Horizontal,Rectangle,16PT C2S,No Coating,Silk,n/a,4/4,5000,Score in Half,Slide Slits Bottom Panel,Yes 100 Envelopes A7
Majestic,Silk,7 x 10,Horizontal,Rectangle,16PT C2S,No Coating,Silk,n/a,4/0,10000,Score in Half,Slide Slits Bottom Panel,Yes 100 Envelopes A7
Majestic,Silk,7 x 10,Vertical,Rectangle,16PT C2S,No Coating,Silk,n/a,4/4,5000,Score in Half,Slide Slits Bottom Panel,Yes 100 Envelopes A7
Majestic,Silk,7 x 10,Vertical,Rectangle,16PT C2S,No Coating,Silk,n/a,4/0,10000,Score in Half,Slide Slits Bottom Panel,Yes 100 Envelopes A7
Majestic,Silk,7 x 10,Horizontal,Rectangle,16PT C2S,No Coating,Silk,n/a,4/1,10000,Score in Half,Slide Slits Bottom Panel,Yes 100 Envelopes A7
Majestic,Silk,7 x 10,Vertical,Rectangle,16PT C2S,No Coating,Silk,n/a,4/1,10000,Score in Half,Slide Slits Bottom Panel,Yes 100 Envelopes A7
Majestic,Silk,7 x 10,Horizontal,Rectangle,16PT C2S,No Coating,Silk,n/a,4/4,10000,Score in Half,Slide Slits Bottom Panel,Yes 100 Envelopes A7
Majestic,Silk,7 x 10,Vertical,Rectangle,16PT C2S,No Coating,Silk,n/a,4/4,10000,Score in Half,Slide Slits Bottom Panel,Yes 100 Envelopes A7
Majestic,Silk,7 x 10,Horizontal,Rectangle,16PT C2S,No Coating,Silk,n/a,4/0,25,Score in Half,Slide Slits Right Panel,Yes 100 Envelopes A7
Majestic,Silk,7 x 10,Vertical,Rectangle,16PT C2S,No Coating,Silk,n/a,4/0,25,Score in Half,Slide Slits Right Panel,Yes 100 Envelopes A7
Majestic,Silk,7 x 10,Horizontal,Rectangle,16PT C2S,No Coating,Silk,n/a,4/1,25,Score in Half,Slide Slits Right Panel,Yes 100 Envelopes A7
Majestic,Silk,7 x 10,Vertical,Rectangle,16PT C2S,No Coating,Silk,n/a,4/1,25,Score in Half,Slide Slits Right Panel,Yes 100 Envelopes A7
Majestic,Silk,7 x 10,Horizontal,Rectangle,16PT C2S,No Coating,Silk,n/a,4/4,25,Score in Half,Slide Slits Right Panel,Yes 100 Envelopes A7
Majestic,Silk,7 x 10,Vertical,Rectangle,16PT C2S,No Coating,Silk,n/a,4/4,25,Score in Half,Slide Slits Right Panel,Yes 100 Envelopes A7
Majestic,Silk,7 x 10,Horizontal,Rectangle,16PT C2S,No Coating,Silk,n/a,4/0,50,Score in Half,Slide Slits Right Panel,Yes 100 Envelopes A7
Majestic,Silk,7 x 10,Vertical,Rectangle,16PT C2S,No Coating,Silk,n/a,4/0,50,Score in Half,Slide Slits Right Panel,Yes 100 Envelopes A7
Majestic,Silk,7 x 10,Horizontal,Rectangle,16PT C2S,No Coating,Silk,n/a,4/1,50,Score in Half,Slide Slits Right Panel,Yes 100 Envelopes A7
Majestic,Silk,7 x 10,Vertical,Rectangle,16PT C2S,No Coating,Silk,n/a,4/1,50,Score in Half,Slide Slits Right Panel,Yes 100 Envelopes A7
Majestic,Silk,7 x 10,Horizontal,Rectangle,16PT C2S,No Coating,Silk,n/a,4/4,50,Score in Half,Slide Slits Right Panel,Yes 100 Envelopes A7
Majestic,Silk,7 x 10,Vertical,Rectangle,16PT C2S,No Coating,Silk,n/a,4/4,50,Score in Half,Slide Slits Right Panel,Yes 100 Envelopes A7
Majestic,Silk,7 x 10,Horizontal,Rectangle,16PT C2S,No Coating,Silk,n/a,4/0,75,Score in Half,Slide Slits Right Panel,Yes 100 Envelopes A7
Majestic,Silk,7 x 10,Vertical,Rectangle,16PT C2S,No Coating,Silk,n/a,4/0,75,Score in Half,Slide Slits Right Panel,Yes 100 Envelopes A7
Majestic,Silk,7 x 10,Horizontal,Rectangle,16PT C2S,No Coating,Silk,n/a,4/1,75,Score in Half,Slide Slits Right Panel,Yes 100 Envelopes A7
Majestic,Silk,7 x 10,Vertical,Rectangle,16PT C2S,No Coating,Silk,n/a,4/1,75,Score in Half,Slide Slits Right Panel,Yes 100 Envelopes A7
Majestic,Silk,7 x 10,Horizontal,Rectangle,16PT C2S,No Coating,Silk,n/a,4/4,75,Score in Half,Slide Slits Right Panel,Yes 100 Envelopes A7
Majestic,Silk,7 x 10,Vertical,Rectangle,16PT C2S,No Coating,Silk,n/a,4/4,75,Score in Half,Slide Slits Right Panel,Yes 100 Envelopes A7
Majestic,Silk,7 x 10,Horizontal,Rectangle,16PT C2S,No Coating,Silk,n/a,4/0,100,Score in Half,Slide Slits Right Panel,Yes 100 Envelopes A7
Majestic,Silk,7 x 10,Vertical,Rectangle,16PT C2S,No Coating,Silk,n/a,4/0,100,Score in Half,Slide Slits Right Panel,Yes 100 Envelopes A7
Majestic,Silk,7 x 10,Horizontal,Rectangle,16PT C2S,No Coating,Silk,n/a,4/1,100,Score in Half,Slide Slits Right Panel,Yes 100 Envelopes A7
Majestic,Silk,7 x 10,Vertical,Rectangle,16PT C2S,No Coating,Silk,n/a,4/1,100,Score in Half,Slide Slits Right Panel,Yes 100 Envelopes A7
Majestic,Silk,7 x 10,Horizontal,Rectangle,16PT C2S,No Coating,Silk,n/a,4/4,100,Score in Half,Slide Slits Right Panel,Yes 100 Envelopes A7
Majestic,Silk,7 x 10,Vertical,Rectangle,16PT C2S,No Coating,Silk,n/a,4/4,100,Score in Half,Slide Slits Right Panel,Yes 100 Envelopes A7
Majestic,Silk,7 x 10,Horizontal,Rectangle,16PT C2S,No Coating,Silk,n/a,4/0,250,Score in Half,Slide Slits Right Panel,Yes 100 Envelopes A7
Majestic,Silk,7 x 10,Vertical,Rectangle,16PT C2S,No Coating,Silk,n/a,4/0,250,Score in Half,Slide Slits Right Panel,Yes 100 Envelopes A7
Majestic,Silk,7 x 10,Horizontal,Rectangle,16PT C2S,No Coating,Silk,n/a,4/1,250,Score in Half,Slide Slits Right Panel,Yes 100 Envelopes A7
Majestic,Silk,7 x 10,Vertical,Rectangle,16PT C2S,No Coating,Silk,n/a,4/1,250,Score in Half,Slide Slits Right Panel,Yes 100 Envelopes A7
Majestic,Silk,7 x 10,Horizontal,Rectangle,16PT C2S,No Coating,Silk,n/a,4/4,250,Score in Half,Slide Slits Right Panel,Yes 100 Envelopes A7
Majestic,Silk,7 x 10,Vertical,Rectangle,16PT C2S,No Coating,Silk,n/a,4/4,250,Score in Half,Slide Slits Right Panel,Yes 100 Envelopes A7
Majestic,Silk,7 x 10,Horizontal,Rectangle,16PT C2S,No Coating,Silk,n/a,4/0,500,Score in Half,Slide Slits Right Panel,Yes 100 Envelopes A7
Majestic,Silk,7 x 10,Vertical,Rectangle,16PT C2S,No Coating,Silk,n/a,4/0,500,Score in Half,Slide Slits Right Panel,Yes 100 Envelopes A7
Majestic,Silk,7 x 10,Horizontal,Rectangle,16PT C2S,No Coating,Silk,n/a,4/1,500,Score in Half,Slide Slits Right Panel,Yes 100 Envelopes A7
Majestic,Silk,7 x 10,Vertical,Rectangle,16PT C2S,No Coating,Silk,n/a,4/1,500,Score in Half,Slide Slits Right Panel,Yes 100 Envelopes A7
Majestic,Silk,7 x 10,Horizontal,Rectangle,16PT C2S,No Coating,Silk,n/a,4/4,500,Score in Half,Slide Slits Right Panel,Yes 100 Envelopes A7
Majestic,Silk,7 x 10,Vertical,Rectangle,16PT C2S,No Coating,Silk,n/a,4/4,500,Score in Half,Slide Slits Right Panel,Yes 100 Envelopes A7
Majestic,Silk,7 x 10,Horizontal,Rectangle,16PT C2S,No Coating,Silk,n/a,4/0,1000,Score in Half,Slide Slits Right Panel,Yes 100 Envelopes A7
Majestic,Silk,7 x 10,Vertical,Rectangle,16PT C2S,No Coating,Silk,n/a,4/0,1000,Score in Half,Slide Slits Right Panel,Yes 100 Envelopes A7
Majestic,Silk,7 x 10,Horizontal,Rectangle,16PT C2S,No Coating,Silk,n/a,4/1,1000,Score in Half,Slide Slits Right Panel,Yes 100 Envelopes A7
Majestic,Silk,7 x 10,Vertical,Rectangle,16PT C2S,No Coating,Silk,n/a,4/1,1000,Score in Half,Slide Slits Right Panel,Yes 100 Envelopes A7
Majestic,Silk,7 x 10,Horizontal,Rectangle,16PT C2S,No Coating,Silk,n/a,4/4,1000,Score in Half,Slide Slits Right Panel,Yes 100 Envelopes A7
Majestic,Silk,7 x 10,Vertical,Rectangle,16PT C2S,No Coating,Silk,n/a,4/4,1000,Score in Half,Slide Slits Right Panel,Yes 100 Envelopes A7
Majestic,Silk,7 x 10,Vertical,Rectangle,16PT C2S,No Coating,Silk,n/a,4/0,2500,Score in Half,Slide Slits Right Panel,Yes 100 Envelopes A7
Majestic,Silk,7 x 10,Horizontal,Rectangle,16PT C2S,No Coating,Silk,n/a,4/0,2500,Score in Half,Slide Slits Right Panel,Yes 100 Envelopes A7
Majestic,Silk,7 x 10,Horizontal,Rectangle,16PT C2S,No Coating,Silk,n/a,4/1,2500,Score in Half,Slide Slits Right Panel,Yes 100 Envelopes A7
Majestic,Silk,7 x 10,Vertical,Rectangle,16PT C2S,No Coating,Silk,n/a,4/1,2500,Score in Half,Slide Slits Right Panel,Yes 100 Envelopes A7
Majestic,Silk,7 x 10,Horizontal,Rectangle,16PT C2S,No Coating,Silk,n/a,4/4,2500,Score in Half,Slide Slits Right Panel,Yes 100 Envelopes A7
Majestic,Silk,7 x 10,Vertical,Rectangle,16PT C2S,No Coating,Silk,n/a,4/4,2500,Score in Half,Slide Slits Right Panel,Yes 100 Envelopes A7
Majestic,Silk,7 x 10,Horizontal,Rectangle,16PT C2S,No Coating,Silk,n/a,4/0,5000,Score in Half,Slide Slits Right Panel,Yes 100 Envelopes A7
Majestic,Silk,7 x 10,Vertical,Rectangle,16PT C2S,No Coating,Silk,n/a,4/0,5000,Score in Half,Slide Slits Right Panel,Yes 100 Envelopes A7
Majestic,Silk,7 x 10,Horizontal,Rectangle,16PT C2S,No Coating,Silk,n/a,4/1,5000,Score in Half,Slide Slits Right Panel,Yes 100 Envelopes A7
Majestic,Silk,7 x 10,Vertical,Rectangle,16PT C2S,No Coating,Silk,n/a,4/1,5000,Score in Half,Slide Slits Right Panel,Yes 100 Envelopes A7
Majestic,Silk,7 x 10,Horizontal,Rectangle,16PT C2S,No Coating,Silk,n/a,4/4,5000,Score in Half,Slide Slits Right Panel,Yes 100 Envelopes A7
Majestic,Silk,7 x 10,Vertical,Rectangle,16PT C2S,No Coating,Silk,n/a,4/4,5000,Score in Half,Slide Slits Right Panel,Yes 100 Envelopes A7
Majestic,Silk,7 x 10,Horizontal,Rectangle,16PT C2S,No Coating,Silk,n/a,4/0,10000,Score in Half,Slide Slits Right Panel,Yes 100 Envelopes A7
Majestic,Silk,7 x 10,Vertical,Rectangle,16PT C2S,No Coating,Silk,n/a,4/0,10000,Score in Half,Slide Slits Right Panel,Yes 100 Envelopes A7
Majestic,Silk,7 x 10,Horizontal,Rectangle,16PT C2S,No Coating,Silk,n/a,4/1,10000,Score in Half,Slide Slits Right Panel,Yes 100 Envelopes A7
Majestic,Silk,7 x 10,Vertical,Rectangle,16PT C2S,No Coating,Silk,n/a,4/1,10000,Score in Half,Slide Slits Right Panel,Yes 100 Envelopes A7
Majestic,Silk,7 x 10,Horizontal,Rectangle,16PT C2S,No Coating,Silk,n/a,4/4,10000,Score in Half,Slide Slits Right Panel,Yes 100 Envelopes A7
Majestic,Silk,7 x 10,Vertical,Rectangle,16PT C2S,No Coating,Silk,n/a,4/4,10000,Score in Half,Slide Slits Right Panel,Yes 100 Envelopes A7
Majestic,Silk,7 x 10,Horizontal,Rectangle,16PT C2S,No Coating,Silk,n/a,4/0,25,Score in Half,Moon Slits Bottom Panel,Yes 250 Envelopes A7
Majestic,Silk,7 x 10,Horizontal,Rectangle,16PT C2S,No Coating,Silk,n/a,4/1,25,Score in Half,Moon Slits Bottom Panel,Yes 250 Envelopes A7
Majestic,Silk,7 x 10,Horizontal,Rectangle,16PT C2S,No Coating,Silk,n/a,4/4,25,Score in Half,Moon Slits Bottom Panel,Yes 250 Envelopes A7
Majestic,Silk,7 x 10,Vertical,Rectangle,16PT C2S,No Coating,Silk,n/a,4/1,25,Score in Half,Moon Slits Bottom Panel,Yes 250 Envelopes A7
Majestic,Silk,7 x 10,Vertical,Rectangle,16PT C2S,No Coating,Silk,n/a,4/0,25,Score in Half,Moon Slits Bottom Panel,Yes 250 Envelopes A7
Majestic,Silk,7 x 10,Vertical,Rectangle,16PT C2S,No Coating,Silk,n/a,4/4,25,Score in Half,Moon Slits Bottom Panel,Yes 250 Envelopes A7
Majestic,Silk,7 x 10,Horizontal,Rectangle,16PT C2S,No Coating,Silk,n/a,4/0,50,Score in Half,Moon Slits Bottom Panel,Yes 250 Envelopes A7
Majestic,Silk,7 x 10,Vertical,Rectangle,16PT C2S,No Coating,Silk,n/a,4/1,50,Score in Half,Moon Slits Bottom Panel,Yes 250 Envelopes A7
Majestic,Silk,7 x 10,Vertical,Rectangle,16PT C2S,No Coating,Silk,n/a,4/0,50,Score in Half,Moon Slits Bottom Panel,Yes 250 Envelopes A7
Majestic,Silk,7 x 10,Horizontal,Rectangle,16PT C2S,No Coating,Silk,n/a,4/4,50,Score in Half,Moon Slits Bottom Panel,Yes 250 Envelopes A7
Majestic,Silk,7 x 10,Horizontal,Rectangle,16PT C2S,No Coating,Silk,n/a,4/1,50,Score in Half,Moon Slits Bottom Panel,Yes 250 Envelopes A7
Majestic,Silk,7 x 10,Vertical,Rectangle,16PT C2S,No Coating,Silk,n/a,4/4,50,Score in Half,Moon Slits Bottom Panel,Yes 250 Envelopes A7
Majestic,Silk,7 x 10,Vertical,Rectangle,16PT C2S,No Coating,Silk,n/a,4/0,75,Score in Half,Moon Slits Bottom Panel,Yes 250 Envelopes A7
Majestic,Silk,7 x 10,Horizontal,Rectangle,16PT C2S,No Coating,Silk,n/a,4/0,75,Score in Half,Moon Slits Bottom Panel,Yes 250 Envelopes A7
Majestic,Silk,7 x 10,Vertical,Rectangle,16PT C2S,No Coating,Silk,n/a,4/1,75,Score in Half,Moon Slits Bottom Panel,Yes 250 Envelopes A7
Majestic,Silk,7 x 10,Horizontal,Rectangle,16PT C2S,No Coating,Silk,n/a,4/1,75,Score in Half,Moon Slits Bottom Panel,Yes 250 Envelopes A7
Majestic,Silk,7 x 10,Horizontal,Rectangle,16PT C2S,No Coating,Silk,n/a,4/4,75,Score in Half,Moon Slits Bottom Panel,Yes 250 Envelopes A7
Majestic,Silk,7 x 10,Vertical,Rectangle,16PT C2S,No Coating,Silk,n/a,4/4,75,Score in Half,Moon Slits Bottom Panel,Yes 250 Envelopes A7
Majestic,Silk,7 x 10,Horizontal,Rectangle,16PT C2S,No Coating,Silk,n/a,4/0,100,Score in Half,Moon Slits Bottom Panel,Yes 250 Envelopes A7
Majestic,Silk,7 x 10,Vertical,Rectangle,16PT C2S,No Coating,Silk,n/a,4/0,100,Score in Half,Moon Slits Bottom Panel,Yes 250 Envelopes A7
Majestic,Silk,7 x 10,Horizontal,Rectangle,16PT C2S,No Coating,Silk,n/a,4/1,100,Score in Half,Moon Slits Bottom Panel,Yes 250 Envelopes A7
Majestic,Silk,7 x 10,Vertical,Rectangle,16PT C2S,No Coating,Silk,n/a,4/1,100,Score in Half,Moon Slits Bottom Panel,Yes 250 Envelopes A7
Majestic,Silk,7 x 10,Horizontal,Rectangle,16PT C2S,No Coating,Silk,n/a,4/4,100,Score in Half,Moon Slits Bottom Panel,Yes 250 Envelopes A7
Majestic,Silk,7 x 10,Vertical,Rectangle,16PT C2S,No Coating,Silk,n/a,4/4,100,Score in Half,Moon Slits Bottom Panel,Yes 250 Envelopes A7
Majestic,Silk,7 x 10,Horizontal,Rectangle,16PT C2S,No Coating,Silk,n/a,4/0,250,Score in Half,Moon Slits Bottom Panel,Yes 250 Envelopes A7
Majestic,Silk,7 x 10,Vertical,Rectangle,16PT C2S,No Coating,Silk,n/a,4/0,250,Score in Half,Moon Slits Bottom Panel,Yes 250 Envelopes A7
Majestic,Silk,7 x 10,Horizontal,Rectangle,16PT C2S,No Coating,Silk,n/a,4/1,250,Score in Half,Moon Slits Bottom Panel,Yes 250 Envelopes A7
Majestic,Silk,7 x 10,Vertical,Rectangle,16PT C2S,No Coating,Silk,n/a,4/1,250,Score in Half,Moon Slits Bottom Panel,Yes 250 Envelopes A7
Majestic,Silk,7 x 10,Horizontal,Rectangle,16PT C2S,No Coating,Silk,n/a,4/4,250,Score in Half,Moon Slits Bottom Panel,Yes 250 Envelopes A7
Majestic,Silk,7 x 10,Vertical,Rectangle,16PT C2S,No Coating,Silk,n/a,4/4,250,Score in Half,Moon Slits Bottom Panel,Yes 250 Envelopes A7
Majestic,Silk,7 x 10,Horizontal,Rectangle,16PT C2S,No Coating,Silk,n/a,4/0,500,Score in Half,Moon Slits Bottom Panel,Yes 250 Envelopes A7
Majestic,Silk,7 x 10,Vertical,Rectangle,16PT C2S,No Coating,Silk,n/a,4/0,500,Score in Half,Moon Slits Bottom Panel,Yes 250 Envelopes A7
Majestic,Silk,7 x 10,Horizontal,Rectangle,16PT C2S,No Coating,Silk,n/a,4/1,500,Score in Half,Moon Slits Bottom Panel,Yes 250 Envelopes A7
Majestic,Silk,7 x 10,Vertical,Rectangle,16PT C2S,No Coating,Silk,n/a,4/1,500,Score in Half,Moon Slits Bottom Panel,Yes 250 Envelopes A7
Majestic,Silk,7 x 10,Horizontal,Rectangle,16PT C2S,No Coating,Silk,n/a,4/4,500,Score in Half,Moon Slits Bottom Panel,Yes 250 Envelopes A7
Majestic,Silk,7 x 10,Vertical,Rectangle,16PT C2S,No Coating,Silk,n/a,4/4,500,Score in Half,Moon Slits Bottom Panel,Yes 250 Envelopes A7
Majestic,Silk,7 x 10,Horizontal,Rectangle,16PT C2S,No Coating,Silk,n/a,4/0,1000,Score in Half,Moon Slits Bottom Panel,Yes 250 Envelopes A7
Majestic,Silk,7 x 10,Horizontal,Rectangle,16PT C2S,No Coating,Silk,n/a,4/1,100,Score in Half,Moon Slits Right Panel,Yes 100 Envelopes A7
Majestic,Silk,7 x 10,Horizontal,Rectangle,16PT C2S,No Coating,Silk,n/a,4/1,1000,Score in Half,Moon Slits Bottom Panel,Yes 250 Envelopes A7
Majestic,Silk,7 x 10,Vertical,Rectangle,16PT C2S,No Coating,Silk,n/a,4/1,1000,Score in Half,Moon Slits Bottom Panel,Yes 250 Envelopes A7
Majestic,Silk,7 x 10,Horizontal,Rectangle,16PT C2S,No Coating,Silk,n/a,4/4,1000,Score in Half,Moon Slits Bottom Panel,Yes 250 Envelopes A7
Majestic,Silk,7 x 10,Vertical,Rectangle,16PT C2S,No Coating,Silk,n/a,4/4,1000,Score in Half,Moon Slits Bottom Panel,Yes 250 Envelopes A7
Majestic,Silk,7 x 10,Horizontal,Rectangle,16PT C2S,No Coating,Silk,n/a,4/0,2500,Score in Half,Moon Slits Bottom Panel,Yes 250 Envelopes A7
Majestic,Silk,7 x 10,Vertical,Rectangle,16PT C2S,No Coating,Silk,n/a,4/0,2500,Score in Half,Moon Slits Bottom Panel,Yes 250 Envelopes A7
Majestic,Silk,7 x 10,Horizontal,Rectangle,16PT C2S,No Coating,Silk,n/a,4/1,2500,Score in Half,Moon Slits Bottom Panel,Yes 250 Envelopes A7
Majestic,Silk,7 x 10,Vertical,Rectangle,16PT C2S,No Coating,Silk,n/a,4/1,2500,Score in Half,Moon Slits Bottom Panel,Yes 250 Envelopes A7
Majestic,Silk,7 x 10,Horizontal,Rectangle,16PT C2S,No Coating,Silk,n/a,4/4,2500,Score in Half,Moon Slits Bottom Panel,Yes 250 Envelopes A7
Majestic,Silk,7 x 10,Vertical,Rectangle,16PT C2S,No Coating,Silk,n/a,4/0,1000,Score in Half,Moon Slits Bottom Panel,Yes 250 Envelopes A7
Majestic,Silk,7 x 10,Horizontal,Rectangle,16PT C2S,No Coating,Silk,n/a,4/0,500,Score in Half,No Gift Cards Slits,Yes 100 Envelopes A7
Majestic,Silk,7 x 10,Vertical,Rectangle,16PT C2S,No Coating,Silk,n/a,4/0,5000,Score in Half,Moon Slits Bottom Panel,Yes 250 Envelopes A7
Majestic,Silk,7 x 10,Horizontal,Rectangle,16PT C2S,No Coating,Silk,n/a,4/1,5000,Score in Half,Moon Slits Bottom Panel,Yes 250 Envelopes A7
Majestic,Silk,7 x 10,Vertical,Rectangle,16PT C2S,No Coating,Silk,n/a,4/1,5000,Score in Half,Moon Slits Bottom Panel,Yes 250 Envelopes A7
Majestic,Silk,7 x 10,Horizontal,Rectangle,16PT C2S,No Coating,Silk,n/a,4/4,5000,Score in Half,Moon Slits Bottom Panel,Yes 250 Envelopes A7
Majestic,Silk,7 x 10,Vertical,Rectangle,16PT C2S,No Coating,Silk,n/a,4/4,5000,Score in Half,Moon Slits Bottom Panel,Yes 250 Envelopes A7
Majestic,Silk,7 x 10,Horizontal,Rectangle,16PT C2S,No Coating,Silk,n/a,4/0,10000,Score in Half,Moon Slits Bottom Panel,Yes 250 Envelopes A7
Majestic,Silk,7 x 10,Vertical,Rectangle,16PT C2S,No Coating,Silk,n/a,4/0,10000,Score in Half,Moon Slits Bottom Panel,Yes 250 Envelopes A7
Majestic,Silk,7 x 10,Horizontal,Rectangle,16PT C2S,No Coating,Silk,n/a,4/1,10000,Score in Half,Moon Slits Bottom Panel,Yes 250 Envelopes A7
Majestic,Silk,7 x 10,Vertical,Rectangle,16PT C2S,No Coating,Silk,n/a,4/1,10000,Score in Half,Moon Slits Bottom Panel,Yes 250 Envelopes A7
Majestic,Silk,7 x 10,Horizontal,Rectangle,16PT C2S,No Coating,Silk,n/a,4/4,10000,Score in Half,Moon Slits Bottom Panel,Yes 250 Envelopes A7
Majestic,Silk,7 x 10,Vertical,Rectangle,16PT C2S,No Coating,Silk,n/a,4/4,10000,Score in Half,Moon Slits Bottom Panel,Yes 250 Envelopes A7
Majestic,Silk,7 x 10,Horizontal,Rectangle,16PT C2S,No Coating,Silk,n/a,4/0,25,Score in Half,Moon Slits Right Panel,Yes 250 Envelopes A7
Majestic,Silk,7 x 10,Horizontal,Rectangle,16PT C2S,No Coating,Silk,n/a,4/1,25,Score in Half,Moon Slits Right Panel,Yes 250 Envelopes A7
Majestic,Silk,7 x 10,Vertical,Rectangle,16PT C2S,No Coating,Silk,n/a,4/0,25,Score in Half,Moon Slits Right Panel,Yes 250 Envelopes A7
Majestic,Silk,7 x 10,Vertical,Rectangle,16PT C2S,No Coating,Silk,n/a,4/1,25,Score in Half,Moon Slits Right Panel,Yes 250 Envelopes A7
Majestic,Silk,7 x 10,Horizontal,Rectangle,16PT C2S,No Coating,Silk,n/a,4/4,25,Score in Half,Moon Slits Right Panel,Yes 250 Envelopes A7
Majestic,Silk,7 x 10,Vertical,Rectangle,16PT C2S,No Coating,Silk,n/a,4/4,25,Score in Half,Moon Slits Right Panel,Yes 250 Envelopes A7
Majestic,Silk,7 x 10,Horizontal,Rectangle,16PT C2S,No Coating,Silk,n/a,4/0,50,Score in Half,Moon Slits Right Panel,Yes 250 Envelopes A7
Majestic,Silk,7 x 10,Vertical,Rectangle,16PT C2S,No Coating,Silk,n/a,4/0,50,Score in Half,Moon Slits Right Panel,Yes 250 Envelopes A7
Majestic,Silk,7 x 10,Horizontal,Rectangle,16PT C2S,No Coating,Silk,n/a,4/1,50,Score in Half,Moon Slits Right Panel,Yes 250 Envelopes A7
Majestic,Silk,7 x 10,Vertical,Rectangle,16PT C2S,No Coating,Silk,n/a,4/1,50,Score in Half,Moon Slits Right Panel,Yes 250 Envelopes A7
Majestic,Silk,7 x 10,Horizontal,Rectangle,16PT C2S,No Coating,Silk,n/a,4/4,50,Score in Half,Moon Slits Right Panel,Yes 250 Envelopes A7
Majestic,Silk,7 x 10,Vertical,Rectangle,16PT C2S,No Coating,Silk,n/a,4/4,50,Score in Half,Moon Slits Right Panel,Yes 250 Envelopes A7
Majestic,Silk,7 x 10,Horizontal,Rectangle,16PT C2S,No Coating,Silk,n/a,4/0,75,Score in Half,Moon Slits Right Panel,Yes 250 Envelopes A7
Majestic,Silk,7 x 10,Vertical,Rectangle,16PT C2S,No Coating,Silk,n/a,4/0,75,Score in Half,Moon Slits Right Panel,Yes 250 Envelopes A7
Majestic,Silk,7 x 10,Horizontal,Rectangle,16PT C2S,No Coating,Silk,n/a,4/1,75,Score in Half,Moon Slits Right Panel,Yes 250 Envelopes A7
Majestic,Silk,7 x 10,Vertical,Rectangle,16PT C2S,No Coating,Silk,n/a,4/1,75,Score in Half,Moon Slits Right Panel,Yes 250 Envelopes A7
Majestic,Silk,7 x 10,Horizontal,Rectangle,16PT C2S,No Coating,Silk,n/a,4/4,75,Score in Half,Moon Slits Right Panel,Yes 250 Envelopes A7
Majestic,Silk,7 x 10,Vertical,Rectangle,16PT C2S,No Coating,Silk,n/a,4/4,75,Score in Half,Moon Slits Right Panel,Yes 250 Envelopes A7
Majestic,Silk,7 x 10,Horizontal,Rectangle,16PT C2S,No Coating,Silk,n/a,4/0,100,Score in Half,Moon Slits Right Panel,Yes 250 Envelopes A7
Majestic,Silk,7 x 10,Vertical,Rectangle,16PT C2S,No Coating,Silk,n/a,4/0,100,Score in Half,Moon Slits Right Panel,Yes 250 Envelopes A7
Majestic,Silk,7 x 10,Horizontal,Rectangle,16PT C2S,No Coating,Silk,n/a,4/1,100,Score in Half,Moon Slits Right Panel,Yes 250 Envelopes A7
Majestic,Silk,7 x 10,Vertical,Rectangle,16PT C2S,No Coating,Silk,n/a,4/1,100,Score in Half,Moon Slits Right Panel,Yes 250 Envelopes A7
Majestic,Silk,7 x 10,Horizontal,Rectangle,16PT C2S,No Coating,Silk,n/a,4/4,100,Score in Half,Moon Slits Right Panel,Yes 250 Envelopes A7
Majestic,Silk,7 x 10,Vertical,Rectangle,16PT C2S,No Coating,Silk,n/a,4/4,100,Score in Half,Moon Slits Right Panel,Yes 250 Envelopes A7
Majestic,Silk,7 x 10,Horizontal,Rectangle,16PT C2S,No Coating,Silk,n/a,4/0,250,Score in Half,Moon Slits Right Panel,Yes 250 Envelopes A7
Majestic,Silk,7 x 10,Vertical,Rectangle,16PT C2S,No Coating,Silk,n/a,4/0,250,Score in Half,Moon Slits Right Panel,Yes 250 Envelopes A7
Majestic,Silk,7 x 10,Vertical,Rectangle,16PT C2S,No Coating,Silk,n/a,4/1,250,Score in Half,Moon Slits Right Panel,Yes 250 Envelopes A7
Majestic,Silk,7 x 10,Horizontal,Rectangle,16PT C2S,No Coating,Silk,n/a,4/1,250,Score in Half,Moon Slits Right Panel,Yes 250 Envelopes A7
Majestic,Silk,7 x 10,Horizontal,Rectangle,16PT C2S,No Coating,Silk,n/a,4/4,250,Score in Half,Moon Slits Right Panel,Yes 250 Envelopes A7
Majestic,Silk,7 x 10,Vertical,Rectangle,16PT C2S,No Coating,Silk,n/a,4/4,250,Score in Half,Moon Slits Right Panel,Yes 250 Envelopes A7
Majestic,Silk,7 x 10,Horizontal,Rectangle,16PT C2S,No Coating,Silk,n/a,4/0,500,Score in Half,Moon Slits Right Panel,Yes 250 Envelopes A7
Majestic,Silk,7 x 10,Horizontal,Rectangle,16PT C2S,No Coating,Silk,n/a,4/1,500,Score in Half,Moon Slits Right Panel,Yes 250 Envelopes A7
Majestic,Silk,7 x 10,Vertical,Rectangle,16PT C2S,No Coating,Silk,n/a,4/0,500,Score in Half,Moon Slits Right Panel,Yes 250 Envelopes A7
Majestic,Silk,7 x 10,Vertical,Rectangle,16PT C2S,No Coating,Silk,n/a,4/1,500,Score in Half,Moon Slits Right Panel,Yes 250 Envelopes A7
Majestic,Silk,7 x 10,Horizontal,Rectangle,16PT C2S,No Coating,Silk,n/a,4/4,500,Score in Half,Moon Slits Right Panel,Yes 250 Envelopes A7
Majestic,Silk,7 x 10,Vertical,Rectangle,16PT C2S,No Coating,Silk,n/a,4/4,500,Score in Half,Moon Slits Right Panel,Yes 250 Envelopes A7
Majestic,Silk,7 x 10,Vertical,Rectangle,16PT C2S,No Coating,Silk,n/a,4/0,1000,Score in Half,Moon Slits Right Panel,Yes 250 Envelopes A7
Majestic,Silk,7 x 10,Horizontal,Rectangle,16PT C2S,No Coating,Silk,n/a,4/1,1000,Score in Half,Moon Slits Right Panel,Yes 250 Envelopes A7
Majestic,Silk,7 x 10,Vertical,Rectangle,16PT C2S,No Coating,Silk,n/a,4/1,1000,Score in Half,Moon Slits Right Panel,Yes 250 Envelopes A7
Majestic,Silk,7 x 10,Horizontal,Rectangle,16PT C2S,No Coating,Silk,n/a,4/4,1000,Score in Half,Moon Slits Right Panel,Yes 250 Envelopes A7
Majestic,Silk,7 x 10,Horizontal,Rectangle,16PT C2S,No Coating,Silk,n/a,4/0,1000,Score in Half,Moon Slits Right Panel,Yes 250 Envelopes A7
Majestic,Silk,7 x 10,Vertical,Rectangle,16PT C2S,No Coating,Silk,n/a,4/4,1000,Score in Half,Moon Slits Right Panel,Yes 250 Envelopes A7
Majestic,Silk,7 x 10,Horizontal,Rectangle,16PT C2S,No Coating,Silk,n/a,4/0,2500,Score in Half,Moon Slits Right Panel,Yes 250 Envelopes A7
Majestic,Silk,7 x 10,Vertical,Rectangle,16PT C2S,No Coating,Silk,n/a,4/0,2500,Score in Half,Moon Slits Right Panel,Yes 250 Envelopes A7
Majestic,Silk,7 x 10,Vertical,Rectangle,16PT C2S,No Coating,Silk,n/a,4/1,2500,Score in Half,Moon Slits Right Panel,Yes 250 Envelopes A7
Majestic,Silk,7 x 10,Vertical,Rectangle,16PT C2S,No Coating,Silk,n/a,4/1,25,Score in Half,Moon Slits Right Panel,Yes 100 Envelopes A7
Majestic,Silk,7 x 10,Horizontal,Rectangle,16PT C2S,No Coating,Silk,n/a,4/1,2500,Score in Half,Moon Slits Right Panel,Yes 250 Envelopes A7
Majestic,Silk,7 x 10,Vertical,Rectangle,16PT C2S,No Coating,Silk,n/a,4/4,2500,Score in Half,Moon Slits Right Panel,Yes 250 Envelopes A7
Majestic,Silk,7 x 10,Horizontal,Rectangle,16PT C2S,No Coating,Silk,n/a,4/0,5000,Score in Half,Moon Slits Right Panel,Yes 250 Envelopes A7
Majestic,Silk,7 x 10,Vertical,Rectangle,16PT C2S,No Coating,Silk,n/a,4/0,5000,Score in Half,Moon Slits Right Panel,Yes 250 Envelopes A7
Majestic,Silk,7 x 10,Horizontal,Rectangle,16PT C2S,No Coating,Silk,n/a,4/1,5000,Score in Half,Moon Slits Right Panel,Yes 250 Envelopes A7
Majestic,Silk,7 x 10,Vertical,Rectangle,16PT C2S,No Coating,Silk,n/a,4/1,5000,Score in Half,Moon Slits Right Panel,Yes 250 Envelopes A7
Majestic,Silk,7 x 10,Horizontal,Rectangle,16PT C2S,No Coating,Silk,n/a,4/4,5000,Score in Half,Moon Slits Right Panel,Yes 250 Envelopes A7
Majestic,Silk,7 x 10,Vertical,Rectangle,16PT C2S,No Coating,Silk,n/a,4/4,5000,Score in Half,Moon Slits Right Panel,Yes 250 Envelopes A7
Majestic,Silk,7 x 10,Horizontal,Rectangle,16PT C2S,No Coating,Silk,n/a,4/0,10000,Score in Half,Moon Slits Right Panel,Yes 250 Envelopes A7
Majestic,Silk,7 x 10,Vertical,Rectangle,16PT C2S,No Coating,Silk,n/a,4/0,10000,Score in Half,Moon Slits Right Panel,Yes 250 Envelopes A7
Majestic,Silk,7 x 10,Horizontal,Rectangle,16PT C2S,No Coating,Silk,n/a,4/1,10000,Score in Half,Moon Slits Right Panel,Yes 250 Envelopes A7
Majestic,Silk,7 x 10,Vertical,Rectangle,16PT C2S,No Coating,Silk,n/a,4/1,10000,Score in Half,Moon Slits Right Panel,Yes 250 Envelopes A7
Majestic,Silk,7 x 10,Horizontal,Rectangle,16PT C2S,No Coating,Silk,n/a,4/4,10000,Score in Half,Moon Slits Right Panel,Yes 250 Envelopes A7
Majestic,Silk,7 x 10,Vertical,Rectangle,16PT C2S,No Coating,Silk,n/a,4/4,10000,Score in Half,Moon Slits Right Panel,Yes 250 Envelopes A7
Majestic,Silk,7 x 10,Horizontal,Rectangle,16PT C2S,No Coating,Silk,n/a,4/0,25,Score in Half,No Gift Cards Slits,Yes 250 Envelopes A7
Majestic,Silk,7 x 10,Vertical,Rectangle,16PT C2S,No Coating,Silk,n/a,4/0,25,Score in Half,No Gift Cards Slits,Yes 250 Envelopes A7
Majestic,Silk,7 x 10,Horizontal,Rectangle,16PT C2S,No Coating,Silk,n/a,4/1,25,Score in Half,No Gift Cards Slits,Yes 250 Envelopes A7
Majestic,Silk,7 x 10,Vertical,Rectangle,16PT C2S,No Coating,Silk,n/a,4/1,25,Score in Half,No Gift Cards Slits,Yes 250 Envelopes A7
Majestic,Silk,7 x 10,Horizontal,Rectangle,16PT C2S,No Coating,Silk,n/a,4/4,25,Score in Half,No Gift Cards Slits,Yes 250 Envelopes A7
Majestic,Silk,7 x 10,Horizontal,Rectangle,16PT C2S,No Coating,Silk,n/a,4/0,5000,Score in Half,Moon Slits Bottom Panel,Yes 250 Envelopes A7
Majestic,Silk,7 x 10,Horizontal,Rectangle,16PT C2S,No Coating,Silk,n/a,4/0,50,Score in Half,No Gift Cards Slits,Yes 250 Envelopes A7
Majestic,Silk,7 x 10,Vertical,Rectangle,16PT C2S,No Coating,Silk,n/a,4/0,50,Score in Half,No Gift Cards Slits,Yes 250 Envelopes A7
Majestic,Silk,7 x 10,Vertical,Rectangle,16PT C2S,No Coating,Silk,n/a,4/4,25,Score in Half,No Gift Cards Slits,Yes 250 Envelopes A7
Majestic,Silk,7 x 10,Vertical,Rectangle,16PT C2S,No Coating,Silk,n/a,4/1,50,Score in Half,No Gift Cards Slits,Yes 250 Envelopes A7
Majestic,Silk,7 x 10,Horizontal,Rectangle,16PT C2S,No Coating,Silk,n/a,4/4,50,Score in Half,No Gift Cards Slits,Yes 250 Envelopes A7
Majestic,Silk,7 x 10,Vertical,Rectangle,16PT C2S,No Coating,Silk,n/a,4/4,50,Score in Half,No Gift Cards Slits,Yes 250 Envelopes A7
Majestic,Silk,7 x 10,Horizontal,Rectangle,16PT C2S,No Coating,Silk,n/a,4/0,75,Score in Half,No Gift Cards Slits,Yes 250 Envelopes A7
Majestic,Silk,7 x 10,Horizontal,Rectangle,16PT C2S,No Coating,Silk,n/a,4/4,2500,Score in Half,Moon Slits Right Panel,Yes 250 Envelopes A7
Majestic,Silk,7 x 10,Horizontal,Rectangle,16PT C2S,No Coating,Silk,n/a,4/1,75,Score in Half,No Gift Cards Slits,Yes 250 Envelopes A7
Majestic,Silk,7 x 10,Vertical,Rectangle,16PT C2S,No Coating,Silk,n/a,4/1,75,Score in Half,No Gift Cards Slits,Yes 250 Envelopes A7
Majestic,Silk,7 x 10,Horizontal,Rectangle,16PT C2S,No Coating,Silk,n/a,4/4,75,Score in Half,No Gift Cards Slits,Yes 250 Envelopes A7
Majestic,Silk,7 x 10,Vertical,Rectangle,16PT C2S,No Coating,Silk,n/a,4/4,75,Score in Half,No Gift Cards Slits,Yes 250 Envelopes A7
Majestic,Silk,7 x 10,Vertical,Rectangle,16PT C2S,No Coating,Silk,n/a,4/0,100,Score in Half,No Gift Cards Slits,Yes 250 Envelopes A7
Majestic,Silk,7 x 10,Horizontal,Rectangle,16PT C2S,No Coating,Silk,n/a,4/1,100,Score in Half,No Gift Cards Slits,Yes 250 Envelopes A7
Majestic,Silk,7 x 10,Vertical,Rectangle,16PT C2S,No Coating,Silk,n/a,4/1,100,Score in Half,No Gift Cards Slits,Yes 250 Envelopes A7
Majestic,Silk,7 x 10,Horizontal,Rectangle,16PT C2S,No Coating,Silk,n/a,4/0,100,Score in Half,No Gift Cards Slits,Yes 250 Envelopes A7
Majestic,Silk,7 x 10,Horizontal,Rectangle,16PT C2S,No Coating,Silk,n/a,4/4,100,Score in Half,No Gift Cards Slits,Yes 250 Envelopes A7
Majestic,Silk,7 x 10,Vertical,Rectangle,16PT C2S,No Coating,Silk,n/a,4/4,100,Score in Half,No Gift Cards Slits,Yes 250 Envelopes A7
Majestic,Silk,7 x 10,Horizontal,Rectangle,16PT C2S,No Coating,Silk,n/a,4/0,250,Score in Half,No Gift Cards Slits,Yes 250 Envelopes A7
Majestic,Silk,7 x 10,Vertical,Rectangle,16PT C2S,No Coating,Silk,n/a,4/0,250,Score in Half,No Gift Cards Slits,Yes 250 Envelopes A7
Majestic,Silk,7 x 10,Horizontal,Rectangle,16PT C2S,No Coating,Silk,n/a,4/1,250,Score in Half,No Gift Cards Slits,Yes 250 Envelopes A7
Majestic,Silk,7 x 10,Vertical,Rectangle,16PT C2S,No Coating,Silk,n/a,4/1,250,Score in Half,No Gift Cards Slits,Yes 250 Envelopes A7
Majestic,Silk,7 x 10,Horizontal,Rectangle,16PT C2S,No Coating,Silk,n/a,4/4,250,Score in Half,No Gift Cards Slits,Yes 250 Envelopes A7
Majestic,Silk,7 x 10,Vertical,Rectangle,16PT C2S,No Coating,Silk,n/a,4/4,250,Score in Half,No Gift Cards Slits,Yes 250 Envelopes A7
Majestic,Silk,7 x 10,Horizontal,Rectangle,16PT C2S,No Coating,Silk,n/a,4/0,500,Score in Half,No Gift Cards Slits,Yes 250 Envelopes A7
Majestic,Silk,7 x 10,Vertical,Rectangle,16PT C2S,No Coating,Silk,n/a,4/0,500,Score in Half,No Gift Cards Slits,Yes 250 Envelopes A7
Majestic,Silk,7 x 10,Horizontal,Rectangle,16PT C2S,No Coating,Silk,n/a,4/1,500,Score in Half,No Gift Cards Slits,Yes 250 Envelopes A7
Majestic,Silk,7 x 10,Horizontal,Rectangle,16PT C2S,No Coating,Silk,n/a,4/4,500,Score in Half,No Gift Cards Slits,Yes 250 Envelopes A7
Majestic,Silk,7 x 10,Vertical,Rectangle,16PT C2S,No Coating,Silk,n/a,4/4,500,Score in Half,No Gift Cards Slits,Yes 250 Envelopes A7
Majestic,Silk,7 x 10,Vertical,Rectangle,16PT C2S,No Coating,Silk,n/a,4/1,500,Score in Half,No Gift Cards Slits,Yes 250 Envelopes A7
Majestic,Silk,7 x 10,Horizontal,Rectangle,16PT C2S,No Coating,Silk,n/a,4/0,1000,Score in Half,No Gift Cards Slits,Yes 250 Envelopes A7
Majestic,Silk,7 x 10,Vertical,Rectangle,16PT C2S,No Coating,Silk,n/a,4/0,1000,Score in Half,No Gift Cards Slits,Yes 250 Envelopes A7
Majestic,Silk,7 x 10,Horizontal,Rectangle,16PT C2S,No Coating,Silk,n/a,4/1,1000,Score in Half,No Gift Cards Slits,Yes 250 Envelopes A7
Majestic,Silk,7 x 10,Vertical,Rectangle,16PT C2S,No Coating,Silk,n/a,4/1,1000,Score in Half,No Gift Cards Slits,Yes 250 Envelopes A7
Majestic,Silk,7 x 10,Horizontal,Rectangle,16PT C2S,No Coating,Silk,n/a,4/4,1000,Score in Half,No Gift Cards Slits,Yes 250 Envelopes A7
Majestic,Silk,7 x 10,Vertical,Rectangle,16PT C2S,No Coating,Silk,n/a,4/4,1000,Score in Half,No Gift Cards Slits,Yes 250 Envelopes A7
Majestic,Silk,7 x 10,Vertical,Rectangle,16PT C2S,No Coating,Silk,n/a,4/0,2500,Score in Half,No Gift Cards Slits,Yes 250 Envelopes A7
Majestic,Silk,7 x 10,Horizontal,Rectangle,16PT C2S,No Coating,Silk,n/a,4/0,2500,Score in Half,No Gift Cards Slits,Yes 250 Envelopes A7
Majestic,Silk,7 x 10,Horizontal,Rectangle,16PT C2S,No Coating,Silk,n/a,4/1,2500,Score in Half,No Gift Cards Slits,Yes 250 Envelopes A7
Majestic,Silk,7 x 10,Vertical,Rectangle,16PT C2S,No Coating,Silk,n/a,4/1,2500,Score in Half,No Gift Cards Slits,Yes 250 Envelopes A7
Majestic,Silk,7 x 10,Horizontal,Rectangle,16PT C2S,No Coating,Silk,n/a,4/4,2500,Score in Half,No Gift Cards Slits,Yes 250 Envelopes A7
Majestic,Silk,7 x 10,Horizontal,Rectangle,16PT C2S,No Coating,Silk,n/a,4/1,50,Score in Half,No Gift Cards Slits,Yes 250 Envelopes A7
Majestic,Silk,7 x 10,Horizontal,Rectangle,16PT C2S,No Coating,Silk,n/a,4/0,5000,Score in Half,No Gift Cards Slits,Yes 250 Envelopes A7
Majestic,Silk,7 x 10,Vertical,Rectangle,16PT C2S,No Coating,Silk,n/a,4/0,5000,Score in Half,No Gift Cards Slits,Yes 250 Envelopes A7
Majestic,Silk,7 x 10,Horizontal,Rectangle,16PT C2S,No Coating,Silk,n/a,4/1,5000,Score in Half,No Gift Cards Slits,Yes 250 Envelopes A7
Majestic,Silk,7 x 10,Vertical,Rectangle,16PT C2S,No Coating,Silk,n/a,4/1,5000,Score in Half,No Gift Cards Slits,Yes 250 Envelopes A7
Majestic,Silk,7 x 10,Vertical,Rectangle,16PT C2S,No Coating,Silk,n/a,4/4,5000,Score in Half,No Gift Cards Slits,Yes 250 Envelopes A7
Majestic,Silk,7 x 10,Horizontal,Rectangle,16PT C2S,No Coating,Silk,n/a,4/4,5000,Score in Half,No Gift Cards Slits,Yes 250 Envelopes A7
Majestic,Silk,7 x 10,Horizontal,Rectangle,16PT C2S,No Coating,Silk,n/a,4/0,10000,Score in Half,No Gift Cards Slits,Yes 250 Envelopes A7
Majestic,Silk,7 x 10,Vertical,Rectangle,16PT C2S,No Coating,Silk,n/a,4/0,10000,Score in Half,No Gift Cards Slits,Yes 250 Envelopes A7
Majestic,Silk,7 x 10,Horizontal,Rectangle,16PT C2S,No Coating,Silk,n/a,4/1,10000,Score in Half,No Gift Cards Slits,Yes 250 Envelopes A7
Majestic,Silk,7 x 10,Vertical,Rectangle,16PT C2S,No Coating,Silk,n/a,4/1,10000,Score in Half,No Gift Cards Slits,Yes 250 Envelopes A7
Majestic,Silk,7 x 10,Vertical,Rectangle,16PT C2S,No Coating,Silk,n/a,4/4,10000,Score in Half,No Gift Cards Slits,Yes 250 Envelopes A7
Majestic,Silk,7 x 10,Horizontal,Rectangle,16PT C2S,No Coating,Silk,n/a,4/4,10000,Score in Half,No Gift Cards Slits,Yes 250 Envelopes A7
Majestic,Silk,7 x 10,Horizontal,Rectangle,16PT C2S,No Coating,Silk,n/a,4/0,25,Score in Half,Slide Slits Bottom Panel,Yes 250 Envelopes A7
Majestic,Silk,7 x 10,Vertical,Rectangle,16PT C2S,No Coating,Silk,n/a,4/0,25,Score in Half,Slide Slits Bottom Panel,Yes 250 Envelopes A7
Majestic,Silk,7 x 10,Horizontal,Rectangle,16PT C2S,No Coating,Silk,n/a,4/1,25,Score in Half,Slide Slits Bottom Panel,Yes 250 Envelopes A7
Majestic,Silk,7 x 10,Vertical,Rectangle,16PT C2S,No Coating,Silk,n/a,4/1,25,Score in Half,Slide Slits Bottom Panel,Yes 250 Envelopes A7
Majestic,Silk,7 x 10,Horizontal,Rectangle,16PT C2S,No Coating,Silk,n/a,4/4,25,Score in Half,Slide Slits Bottom Panel,Yes 250 Envelopes A7
Majestic,Silk,7 x 10,Vertical,Rectangle,16PT C2S,No Coating,Silk,n/a,4/4,25,Score in Half,Slide Slits Bottom Panel,Yes 250 Envelopes A7
Majestic,Silk,7 x 10,Horizontal,Rectangle,16PT C2S,No Coating,Silk,n/a,4/0,50,Score in Half,Slide Slits Bottom Panel,Yes 250 Envelopes A7
Majestic,Silk,7 x 10,Vertical,Rectangle,16PT C2S,No Coating,Silk,n/a,4/0,50,Score in Half,Slide Slits Bottom Panel,Yes 250 Envelopes A7
Majestic,Silk,7 x 10,Horizontal,Rectangle,16PT C2S,No Coating,Silk,n/a,4/1,50,Score in Half,Slide Slits Bottom Panel,Yes 250 Envelopes A7
Majestic,Silk,7 x 10,Vertical,Rectangle,16PT C2S,No Coating,Silk,n/a,4/1,50,Score in Half,Slide Slits Bottom Panel,Yes 250 Envelopes A7
Majestic,Silk,7 x 10,Horizontal,Rectangle,16PT C2S,No Coating,Silk,n/a,4/4,50,Score in Half,Slide Slits Bottom Panel,Yes 250 Envelopes A7
Majestic,Silk,7 x 10,Vertical,Rectangle,16PT C2S,No Coating,Silk,n/a,4/4,50,Score in Half,Slide Slits Bottom Panel,Yes 250 Envelopes A7
Majestic,Silk,7 x 10,Horizontal,Rectangle,16PT C2S,No Coating,Silk,n/a,4/0,75,Score in Half,Slide Slits Bottom Panel,Yes 250 Envelopes A7
Majestic,Silk,7 x 10,Vertical,Rectangle,16PT C2S,No Coating,Silk,n/a,4/0,75,Score in Half,Slide Slits Bottom Panel,Yes 250 Envelopes A7
Majestic,Silk,7 x 10,Horizontal,Rectangle,16PT C2S,No Coating,Silk,n/a,4/1,75,Score in Half,Slide Slits Bottom Panel,Yes 250 Envelopes A7
Majestic,Silk,7 x 10,Vertical,Rectangle,16PT C2S,No Coating,Silk,n/a,4/0,75,Score in Half,No Gift Cards Slits,Yes 250 Envelopes A7
Majestic,Silk,7 x 10,Horizontal,Rectangle,16PT C2S,No Coating,Silk,n/a,4/4,75,Score in Half,Slide Slits Bottom Panel,Yes 250 Envelopes A7
Majestic,Silk,7 x 10,Vertical,Rectangle,16PT C2S,No Coating,Silk,n/a,4/4,75,Score in Half,Slide Slits Bottom Panel,Yes 250 Envelopes A7
Majestic,Silk,7 x 10,Vertical,Rectangle,16PT C2S,No Coating,Silk,n/a,4/4,2500,Score in Half,Moon Slits Bottom Panel,Yes 250 Envelopes A7
Majestic,Silk,7 x 10,Vertical,Rectangle,16PT C2S,No Coating,Silk,n/a,4/0,100,Score in Half,Slide Slits Bottom Panel,Yes 250 Envelopes A7
Majestic,Silk,7 x 10,Horizontal,Rectangle,16PT C2S,No Coating,Silk,n/a,4/1,100,Score in Half,Slide Slits Bottom Panel,Yes 250 Envelopes A7
Majestic,Silk,7 x 10,Vertical,Rectangle,16PT C2S,No Coating,Silk,n/a,4/1,100,Score in Half,Slide Slits Bottom Panel,Yes 250 Envelopes A7
Majestic,Silk,7 x 10,Horizontal,Rectangle,16PT C2S,No Coating,Silk,n/a,4/4,100,Score in Half,Slide Slits Bottom Panel,Yes 250 Envelopes A7
Majestic,Silk,7 x 10,Vertical,Rectangle,16PT C2S,No Coating,Silk,n/a,4/4,100,Score in Half,Slide Slits Bottom Panel,Yes 250 Envelopes A7
Majestic,Silk,7 x 10,Horizontal,Rectangle,16PT C2S,No Coating,Silk,n/a,4/0,250,Score in Half,Slide Slits Bottom Panel,Yes 250 Envelopes A7
Majestic,Silk,7 x 10,Vertical,Rectangle,16PT C2S,No Coating,Silk,n/a,4/0,250,Score in Half,Slide Slits Bottom Panel,Yes 250 Envelopes A7
Majestic,Silk,7 x 10,Horizontal,Rectangle,16PT C2S,No Coating,Silk,n/a,4/1,250,Score in Half,Slide Slits Bottom Panel,Yes 250 Envelopes A7
Majestic,Silk,7 x 10,Vertical,Rectangle,16PT C2S,No Coating,Silk,n/a,4/1,250,Score in Half,Slide Slits Bottom Panel,Yes 250 Envelopes A7
Majestic,Silk,7 x 10,Horizontal,Rectangle,16PT C2S,No Coating,Silk,n/a,4/4,250,Score in Half,Slide Slits Bottom Panel,Yes 250 Envelopes A7
Majestic,Silk,7 x 10,Vertical,Rectangle,16PT C2S,No Coating,Silk,n/a,4/4,250,Score in Half,Slide Slits Bottom Panel,Yes 250 Envelopes A7
Majestic,Silk,7 x 10,Horizontal,Rectangle,16PT C2S,No Coating,Silk,n/a,4/0,500,Score in Half,Slide Slits Bottom Panel,Yes 250 Envelopes A7
Majestic,Silk,7 x 10,Vertical,Rectangle,16PT C2S,No Coating,Silk,n/a,4/0,500,Score in Half,Slide Slits Bottom Panel,Yes 250 Envelopes A7
Majestic,Silk,7 x 10,Horizontal,Rectangle,16PT C2S,No Coating,Silk,n/a,4/1,500,Score in Half,Slide Slits Bottom Panel,Yes 250 Envelopes A7
Majestic,Silk,7 x 10,Vertical,Rectangle,16PT C2S,No Coating,Silk,n/a,4/1,75,Score in Half,Slide Slits Bottom Panel,Yes 250 Envelopes A7
Majestic,Silk,7 x 10,Horizontal,Rectangle,16PT C2S,No Coating,Silk,n/a,4/4,500,Score in Half,Slide Slits Bottom Panel,Yes 250 Envelopes A7
Majestic,Silk,7 x 10,Vertical,Rectangle,16PT C2S,No Coating,Silk,n/a,4/4,500,Score in Half,Slide Slits Bottom Panel,Yes 250 Envelopes A7
Majestic,Silk,7 x 10,Horizontal,Rectangle,16PT C2S,No Coating,Silk,n/a,4/0,1000,Score in Half,Slide Slits Bottom Panel,Yes 250 Envelopes A7
Majestic,Silk,7 x 10,Vertical,Rectangle,16PT C2S,No Coating,Silk,n/a,4/0,1000,Score in Half,Slide Slits Bottom Panel,Yes 250 Envelopes A7
Majestic,Silk,7 x 10,Horizontal,Rectangle,16PT C2S,No Coating,Silk,n/a,4/1,1000,Score in Half,Slide Slits Bottom Panel,Yes 250 Envelopes A7
Majestic,Silk,7 x 10,Vertical,Rectangle,16PT C2S,No Coating,Silk,n/a,4/1,500,Score in Half,Slide Slits Bottom Panel,Yes 250 Envelopes A7
Majestic,Silk,7 x 10,Horizontal,Rectangle,16PT C2S,No Coating,Silk,n/a,4/4,1000,Score in Half,Slide Slits Bottom Panel,Yes 250 Envelopes A7
Majestic,Silk,7 x 10,Vertical,Rectangle,16PT C2S,No Coating,Silk,n/a,4/4,1000,Score in Half,Slide Slits Bottom Panel,Yes 250 Envelopes A7
Majestic,Silk,7 x 10,Horizontal,Rectangle,16PT C2S,No Coating,Silk,n/a,4/0,2500,Score in Half,Slide Slits Bottom Panel,Yes 250 Envelopes A7
Majestic,Silk,7 x 10,Vertical,Rectangle,16PT C2S,No Coating,Silk,n/a,4/0,2500,Score in Half,Slide Slits Bottom Panel,Yes 250 Envelopes A7
Majestic,Silk,7 x 10,Horizontal,Rectangle,16PT C2S,No Coating,Silk,n/a,4/1,2500,Score in Half,Slide Slits Bottom Panel,Yes 250 Envelopes A7
Majestic,Silk,7 x 10,Vertical,Rectangle,16PT C2S,No Coating,Silk,n/a,4/1,2500,Score in Half,Slide Slits Bottom Panel,Yes 250 Envelopes A7
Majestic,Silk,7 x 10,Vertical,Rectangle,16PT C2S,No Coating,Silk,n/a,4/4,2500,Score in Half,Slide Slits Bottom Panel,Yes 250 Envelopes A7
Majestic,Silk,7 x 10,Horizontal,Rectangle,16PT C2S,No Coating,Silk,n/a,4/4,2500,Score in Half,Slide Slits Bottom Panel,Yes 250 Envelopes A7
Majestic,Silk,7 x 10,Horizontal,Rectangle,16PT C2S,No Coating,Silk,n/a,4/0,5000,Score in Half,Slide Slits Bottom Panel,Yes 250 Envelopes A7
Majestic,Silk,7 x 10,Vertical,Rectangle,16PT C2S,No Coating,Silk,n/a,4/0,5000,Score in Half,Slide Slits Bottom Panel,Yes 250 Envelopes A7
Majestic,Silk,7 x 10,Vertical,Rectangle,16PT C2S,No Coating,Silk,n/a,4/1,5000,Score in Half,Slide Slits Bottom Panel,Yes 250 Envelopes A7
Majestic,Silk,7 x 10,Horizontal,Rectangle,16PT C2S,No Coating,Silk,n/a,4/1,5000,Score in Half,Slide Slits Bottom Panel,Yes 250 Envelopes A7
Majestic,Silk,7 x 10,Horizontal,Rectangle,16PT C2S,No Coating,Silk,n/a,4/4,5000,Score in Half,Slide Slits Bottom Panel,Yes 250 Envelopes A7
Majestic,Silk,7 x 10,Vertical,Rectangle,16PT C2S,No Coating,Silk,n/a,4/4,5000,Score in Half,Slide Slits Bottom Panel,Yes 250 Envelopes A7
Majestic,Silk,7 x 10,Horizontal,Rectangle,16PT C2S,No Coating,Silk,n/a,4/0,10000,Score in Half,Slide Slits Bottom Panel,Yes 250 Envelopes A7
Majestic,Silk,7 x 10,Vertical,Rectangle,16PT C2S,No Coating,Silk,n/a,4/0,10000,Score in Half,Slide Slits Bottom Panel,Yes 250 Envelopes A7
Majestic,Silk,7 x 10,Vertical,Rectangle,16PT C2S,No Coating,Silk,n/a,4/1,10000,Score in Half,Slide Slits Bottom Panel,Yes 250 Envelopes A7
Majestic,Silk,7 x 10,Horizontal,Rectangle,16PT C2S,No Coating,Silk,n/a,4/1,10000,Score in Half,Slide Slits Bottom Panel,Yes 250 Envelopes A7
Majestic,Silk,7 x 10,Horizontal,Rectangle,16PT C2S,No Coating,Silk,n/a,4/4,10000,Score in Half,Slide Slits Bottom Panel,Yes 250 Envelopes A7
Majestic,Silk,7 x 10,Vertical,Rectangle,16PT C2S,No Coating,Silk,n/a,4/4,10000,Score in Half,Slide Slits Bottom Panel,Yes 250 Envelopes A7
Majestic,Silk,7 x 10,Horizontal,Rectangle,16PT C2S,No Coating,Silk,n/a,4/0,25,Score in Half,Slide Slits Right Panel,Yes 250 Envelopes A7
Majestic,Silk,7 x 10,Vertical,Rectangle,16PT C2S,No Coating,Silk,n/a,4/0,25,Score in Half,Slide Slits Right Panel,Yes 250 Envelopes A7
Majestic,Silk,7 x 10,Horizontal,Rectangle,16PT C2S,No Coating,Silk,n/a,4/1,25,Score in Half,Slide Slits Right Panel,Yes 250 Envelopes A7
Majestic,Silk,7 x 10,Vertical,Rectangle,16PT C2S,No Coating,Silk,n/a,4/1,25,Score in Half,Slide Slits Right Panel,Yes 250 Envelopes A7
Majestic,Silk,7 x 10,Vertical,Rectangle,16PT C2S,No Coating,Silk,n/a,4/4,25,Score in Half,Slide Slits Right Panel,Yes 250 Envelopes A7
Majestic,Silk,7 x 10,Horizontal,Rectangle,16PT C2S,No Coating,Silk,n/a,4/4,25,Score in Half,Slide Slits Right Panel,Yes 250 Envelopes A7
Majestic,Silk,7 x 10,Horizontal,Rectangle,16PT C2S,No Coating,Silk,n/a,4/0,50,Score in Half,Slide Slits Right Panel,Yes 250 Envelopes A7
Majestic,Silk,7 x 10,Vertical,Rectangle,16PT C2S,No Coating,Silk,n/a,4/0,50,Score in Half,Slide Slits Right Panel,Yes 250 Envelopes A7
Majestic,Silk,7 x 10,Horizontal,Rectangle,16PT C2S,No Coating,Silk,n/a,4/1,50,Score in Half,Slide Slits Right Panel,Yes 250 Envelopes A7
Majestic,Silk,7 x 10,Vertical,Rectangle,16PT C2S,No Coating,Silk,n/a,4/1,50,Score in Half,Slide Slits Right Panel,Yes 250 Envelopes A7
Majestic,Silk,7 x 10,Horizontal,Rectangle,16PT C2S,No Coating,Silk,n/a,4/4,50,Score in Half,Slide Slits Right Panel,Yes 250 Envelopes A7
Majestic,Silk,7 x 10,Vertical,Rectangle,16PT C2S,No Coating,Silk,n/a,4/4,50,Score in Half,Slide Slits Right Panel,Yes 250 Envelopes A7
Majestic,Silk,7 x 10,Horizontal,Rectangle,16PT C2S,No Coating,Silk,n/a,4/0,75,Score in Half,Slide Slits Right Panel,Yes 250 Envelopes A7
Majestic,Silk,7 x 10,Vertical,Rectangle,16PT C2S,No Coating,Silk,n/a,4/0,75,Score in Half,Slide Slits Right Panel,Yes 250 Envelopes A7
Majestic,Silk,7 x 10,Horizontal,Rectangle,16PT C2S,No Coating,Silk,n/a,4/1,75,Score in Half,Slide Slits Right Panel,Yes 250 Envelopes A7
Majestic,Silk,7 x 10,Vertical,Rectangle,16PT C2S,No Coating,Silk,n/a,4/1,75,Score in Half,Slide Slits Right Panel,Yes 250 Envelopes A7
Majestic,Silk,7 x 10,Horizontal,Rectangle,16PT C2S,No Coating,Silk,n/a,4/4,75,Score in Half,Slide Slits Right Panel,Yes 250 Envelopes A7
Majestic,Silk,7 x 10,Vertical,Rectangle,16PT C2S,No Coating,Silk,n/a,4/4,75,Score in Half,Slide Slits Right Panel,Yes 250 Envelopes A7
Majestic,Silk,7 x 10,Horizontal,Rectangle,16PT C2S,No Coating,Silk,n/a,4/0,100,Score in Half,Slide Slits Right Panel,Yes 250 Envelopes A7
Majestic,Silk,7 x 10,Vertical,Rectangle,16PT C2S,No Coating,Silk,n/a,4/0,100,Score in Half,Slide Slits Right Panel,Yes 250 Envelopes A7
Majestic,Silk,7 x 10,Horizontal,Rectangle,16PT C2S,No Coating,Silk,n/a,4/1,100,Score in Half,Slide Slits Right Panel,Yes 250 Envelopes A7
Majestic,Silk,7 x 10,Vertical,Rectangle,16PT C2S,No Coating,Silk,n/a,4/1,100,Score in Half,Slide Slits Right Panel,Yes 250 Envelopes A7
Majestic,Silk,7 x 10,Horizontal,Rectangle,16PT C2S,No Coating,Silk,n/a,4/4,100,Score in Half,Slide Slits Right Panel,Yes 250 Envelopes A7
Majestic,Silk,7 x 10,Vertical,Rectangle,16PT C2S,No Coating,Silk,n/a,4/4,100,Score in Half,Slide Slits Right Panel,Yes 250 Envelopes A7
Majestic,Silk,7 x 10,Horizontal,Rectangle,16PT C2S,No Coating,Silk,n/a,4/0,250,Score in Half,Slide Slits Right Panel,Yes 250 Envelopes A7
Majestic,Silk,7 x 10,Vertical,Rectangle,16PT C2S,No Coating,Silk,n/a,4/0,250,Score in Half,Slide Slits Right Panel,Yes 250 Envelopes A7
Majestic,Silk,7 x 10,Horizontal,Rectangle,16PT C2S,No Coating,Silk,n/a,4/1,250,Score in Half,Slide Slits Right Panel,Yes 250 Envelopes A7
Majestic,Silk,7 x 10,Vertical,Rectangle,16PT C2S,No Coating,Silk,n/a,4/1,250,Score in Half,Slide Slits Right Panel,Yes 250 Envelopes A7
Majestic,Silk,7 x 10,Horizontal,Rectangle,16PT C2S,No Coating,Silk,n/a,4/4,250,Score in Half,Slide Slits Right Panel,Yes 250 Envelopes A7
Majestic,Silk,7 x 10,Horizontal,Rectangle,16PT C2S,No Coating,Silk,n/a,4/0,500,Score in Half,Slide Slits Right Panel,Yes 250 Envelopes A7
Majestic,Silk,7 x 10,Vertical,Rectangle,16PT C2S,No Coating,Silk,n/a,4/4,250,Score in Half,Slide Slits Right Panel,Yes 250 Envelopes A7
Majestic,Silk,7 x 10,Vertical,Rectangle,16PT C2S,No Coating,Silk,n/a,4/0,500,Score in Half,Slide Slits Right Panel,Yes 250 Envelopes A7
Majestic,Silk,7 x 10,Horizontal,Rectangle,16PT C2S,No Coating,Silk,n/a,4/1,500,Score in Half,Slide Slits Right Panel,Yes 250 Envelopes A7
Majestic,Silk,7 x 10,Vertical,Rectangle,16PT C2S,No Coating,Silk,n/a,4/1,500,Score in Half,Slide Slits Right Panel,Yes 250 Envelopes A7
Majestic,Silk,7 x 10,Horizontal,Rectangle,16PT C2S,No Coating,Silk,n/a,4/4,500,Score in Half,Slide Slits Right Panel,Yes 250 Envelopes A7
Majestic,Silk,7 x 10,Vertical,Rectangle,16PT C2S,No Coating,Silk,n/a,4/4,500,Score in Half,Slide Slits Right Panel,Yes 250 Envelopes A7
Majestic,Silk,7 x 10,Horizontal,Rectangle,16PT C2S,No Coating,Silk,n/a,4/0,1000,Score in Half,Slide Slits Right Panel,Yes 250 Envelopes A7
Majestic,Silk,7 x 10,Vertical,Rectangle,16PT C2S,No Coating,Silk,n/a,4/0,1000,Score in Half,Slide Slits Right Panel,Yes 250 Envelopes A7
Majestic,Silk,7 x 10,Horizontal,Rectangle,16PT C2S,No Coating,Silk,n/a,4/1,1000,Score in Half,Slide Slits Right Panel,Yes 250 Envelopes A7
Majestic,Silk,7 x 10,Vertical,Rectangle,16PT C2S,No Coating,Silk,n/a,4/1,1000,Score in Half,Slide Slits Right Panel,Yes 250 Envelopes A7
Majestic,Silk,7 x 10,Horizontal,Rectangle,16PT C2S,No Coating,Silk,n/a,4/4,1000,Score in Half,Slide Slits Right Panel,Yes 250 Envelopes A7
Majestic,Silk,7 x 10,Vertical,Rectangle,16PT C2S,No Coating,Silk,n/a,4/4,1000,Score in Half,Slide Slits Right Panel,Yes 250 Envelopes A7
Majestic,Silk,7 x 10,Horizontal,Rectangle,16PT C2S,No Coating,Silk,n/a,4/0,2500,Score in Half,Slide Slits Right Panel,Yes 250 Envelopes A7
Majestic,Silk,7 x 10,Horizontal,Rectangle,16PT C2S,No Coating,Silk,n/a,4/1,2500,Score in Half,Slide Slits Right Panel,Yes 250 Envelopes A7
Majestic,Silk,7 x 10,Vertical,Rectangle,16PT C2S,No Coating,Silk,n/a,4/0,2500,Score in Half,Slide Slits Right Panel,Yes 250 Envelopes A7
Majestic,Silk,7 x 10,Vertical,Rectangle,16PT C2S,No Coating,Silk,n/a,4/1,2500,Score in Half,Slide Slits Right Panel,Yes 250 Envelopes A7
Majestic,Silk,7 x 10,Horizontal,Rectangle,16PT C2S,No Coating,Silk,n/a,4/4,2500,Score in Half,Slide Slits Right Panel,Yes 250 Envelopes A7
Majestic,Silk,7 x 10,Vertical,Rectangle,16PT C2S,No Coating,Silk,n/a,4/4,2500,Score in Half,Slide Slits Right Panel,Yes 250 Envelopes A7
Majestic,Silk,7 x 10,Horizontal,Rectangle,16PT C2S,No Coating,Silk,n/a,4/0,5000,Score in Half,Slide Slits Right Panel,Yes 250 Envelopes A7
Majestic,Silk,7 x 10,Vertical,Rectangle,16PT C2S,No Coating,Silk,n/a,4/0,5000,Score in Half,Slide Slits Right Panel,Yes 250 Envelopes A7
Majestic,Silk,7 x 10,Horizontal,Rectangle,16PT C2S,No Coating,Silk,n/a,4/1,5000,Score in Half,Slide Slits Right Panel,Yes 250 Envelopes A7
Majestic,Silk,7 x 10,Vertical,Rectangle,16PT C2S,No Coating,Silk,n/a,4/1,5000,Score in Half,Slide Slits Right Panel,Yes 250 Envelopes A7
Majestic,Silk,7 x 10,Vertical,Rectangle,16PT C2S,No Coating,Silk,n/a,4/4,2500,Score in Half,No Gift Cards Slits,Yes 250 Envelopes A7
Majestic,Silk,7 x 10,Vertical,Rectangle,16PT C2S,No Coating,Silk,n/a,4/4,5000,Score in Half,Slide Slits Right Panel,Yes 250 Envelopes A7
Majestic,Silk,7 x 10,Horizontal,Rectangle,16PT C2S,No Coating,Silk,n/a,4/0,10000,Score in Half,Slide Slits Right Panel,Yes 250 Envelopes A7
Majestic,Silk,7 x 10,Vertical,Rectangle,16PT C2S,No Coating,Silk,n/a,4/0,10000,Score in Half,Slide Slits Right Panel,Yes 250 Envelopes A7
Majestic,Silk,7 x 10,Horizontal,Rectangle,16PT C2S,No Coating,Silk,n/a,4/1,10000,Score in Half,Slide Slits Right Panel,Yes 250 Envelopes A7
Majestic,Silk,7 x 10,Horizontal,Rectangle,16PT C2S,No Coating,Silk,n/a,4/4,10000,Score in Half,Slide Slits Right Panel,Yes 250 Envelopes A7
Majestic,Silk,7 x 10,Vertical,Rectangle,16PT C2S,No Coating,Silk,n/a,4/1,10000,Score in Half,Slide Slits Right Panel,Yes 250 Envelopes A7
Majestic,Silk,7 x 10,Horizontal,Rectangle,16PT C2S,No Coating,Silk,n/a,4/0,25,Score in Half,Moon Slits Bottom Panel,Yes 500 Envelopes A7
Majestic,Silk,7 x 10,Vertical,Rectangle,16PT C2S,No Coating,Silk,n/a,4/4,10000,Score in Half,Slide Slits Right Panel,Yes 250 Envelopes A7
Majestic,Silk,7 x 10,Vertical,Rectangle,16PT C2S,No Coating,Silk,n/a,4/0,25,Score in Half,Moon Slits Bottom Panel,Yes 500 Envelopes A7
Majestic,Silk,7 x 10,Horizontal,Rectangle,16PT C2S,No Coating,Silk,n/a,4/1,25,Score in Half,Moon Slits Bottom Panel,Yes 500 Envelopes A7
Majestic,Silk,7 x 10,Vertical,Rectangle,16PT C2S,No Coating,Silk,n/a,4/1,25,Score in Half,Moon Slits Bottom Panel,Yes 500 Envelopes A7
Majestic,Silk,7 x 10,Horizontal,Rectangle,16PT C2S,No Coating,Silk,n/a,4/4,25,Score in Half,Moon Slits Bottom Panel,Yes 500 Envelopes A7
Majestic,Silk,7 x 10,Vertical,Rectangle,16PT C2S,No Coating,Silk,n/a,4/4,25,Score in Half,Moon Slits Bottom Panel,Yes 500 Envelopes A7
Majestic,Silk,7 x 10,Horizontal,Rectangle,16PT C2S,No Coating,Silk,n/a,4/0,50,Score in Half,Moon Slits Bottom Panel,Yes 500 Envelopes A7
Majestic,Silk,7 x 10,Vertical,Rectangle,16PT C2S,No Coating,Silk,n/a,4/0,50,Score in Half,Moon Slits Bottom Panel,Yes 500 Envelopes A7
Majestic,Silk,7 x 10,Horizontal,Rectangle,16PT C2S,No Coating,Silk,n/a,4/1,50,Score in Half,Moon Slits Bottom Panel,Yes 500 Envelopes A7
Majestic,Silk,7 x 10,Vertical,Rectangle,16PT C2S,No Coating,Silk,n/a,4/1,50,Score in Half,Moon Slits Bottom Panel,Yes 500 Envelopes A7
Majestic,Silk,7 x 10,Horizontal,Rectangle,16PT C2S,No Coating,Silk,n/a,4/4,50,Score in Half,Moon Slits Bottom Panel,Yes 500 Envelopes A7
Majestic,Silk,7 x 10,Vertical,Rectangle,16PT C2S,No Coating,Silk,n/a,4/4,50,Score in Half,Moon Slits Bottom Panel,Yes 500 Envelopes A7
Majestic,Silk,7 x 10,Horizontal,Rectangle,16PT C2S,No Coating,Silk,n/a,4/0,100,Score in Half,Slide Slits Bottom Panel,Yes 250 Envelopes A7
Majestic,Silk,7 x 10,Vertical,Rectangle,16PT C2S,No Coating,Silk,n/a,4/0,75,Score in Half,Moon Slits Bottom Panel,Yes 500 Envelopes A7
Majestic,Silk,7 x 10,Horizontal,Rectangle,16PT C2S,No Coating,Silk,n/a,4/1,75,Score in Half,Moon Slits Bottom Panel,Yes 500 Envelopes A7
Majestic,Silk,7 x 10,Vertical,Rectangle,16PT C2S,No Coating,Silk,n/a,4/1,75,Score in Half,Moon Slits Bottom Panel,Yes 500 Envelopes A7
Majestic,Silk,7 x 10,Horizontal,Rectangle,16PT C2S,No Coating,Silk,n/a,4/0,75,Score in Half,Moon Slits Bottom Panel,Yes 500 Envelopes A7
Majestic,Silk,7 x 10,Horizontal,Rectangle,16PT C2S,No Coating,Silk,n/a,4/0,100,Score in Half,Moon Slits Bottom Panel,Yes 500 Envelopes A7
Majestic,Silk,7 x 10,Vertical,Rectangle,16PT C2S,No Coating,Silk,n/a,4/4,75,Score in Half,Moon Slits Bottom Panel,Yes 500 Envelopes A7
Majestic,Silk,7 x 10,Vertical,Rectangle,16PT C2S,No Coating,Silk,n/a,4/0,100,Score in Half,Moon Slits Bottom Panel,Yes 500 Envelopes A7
Majestic,Silk,7 x 10,Horizontal,Rectangle,16PT C2S,No Coating,Silk,n/a,4/1,100,Score in Half,Moon Slits Bottom Panel,Yes 500 Envelopes A7
Majestic,Silk,7 x 10,Vertical,Rectangle,16PT C2S,No Coating,Silk,n/a,4/1,100,Score in Half,Moon Slits Bottom Panel,Yes 500 Envelopes A7
Majestic,Silk,7 x 10,Horizontal,Rectangle,16PT C2S,No Coating,Silk,n/a,4/4,100,Score in Half,Moon Slits Bottom Panel,Yes 500 Envelopes A7
Majestic,Silk,7 x 10,Vertical,Rectangle,16PT C2S,No Coating,Silk,n/a,4/4,100,Score in Half,Moon Slits Bottom Panel,Yes 500 Envelopes A7
Majestic,Silk,7 x 10,Horizontal,Rectangle,16PT C2S,No Coating,Silk,n/a,4/0,250,Score in Half,Moon Slits Bottom Panel,Yes 500 Envelopes A7
Majestic,Silk,7 x 10,Vertical,Rectangle,16PT C2S,No Coating,Silk,n/a,4/0,250,Score in Half,Moon Slits Bottom Panel,Yes 500 Envelopes A7
Majestic,Silk,7 x 10,Vertical,Rectangle,16PT C2S,No Coating,Silk,n/a,4/1,250,Score in Half,Moon Slits Bottom Panel,Yes 500 Envelopes A7
Majestic,Silk,7 x 10,Horizontal,Rectangle,16PT C2S,No Coating,Silk,n/a,4/1,250,Score in Half,Moon Slits Bottom Panel,Yes 500 Envelopes A7
Majestic,Silk,7 x 10,Horizontal,Rectangle,16PT C2S,No Coating,Silk,n/a,4/4,250,Score in Half,Moon Slits Bottom Panel,Yes 500 Envelopes A7
Majestic,Silk,7 x 10,Vertical,Rectangle,16PT C2S,No Coating,Silk,n/a,4/4,250,Score in Half,Moon Slits Bottom Panel,Yes 500 Envelopes A7
Majestic,Silk,7 x 10,Horizontal,Rectangle,16PT C2S,No Coating,Silk,n/a,4/0,500,Score in Half,Moon Slits Bottom Panel,Yes 500 Envelopes A7
Majestic,Silk,7 x 10,Vertical,Rectangle,16PT C2S,No Coating,Silk,n/a,4/0,500,Score in Half,Moon Slits Bottom Panel,Yes 500 Envelopes A7
Majestic,Silk,7 x 10,Horizontal,Rectangle,16PT C2S,No Coating,Silk,n/a,4/1,500,Score in Half,Moon Slits Bottom Panel,Yes 500 Envelopes A7
Majestic,Silk,7 x 10,Vertical,Rectangle,16PT C2S,No Coating,Silk,n/a,4/1,500,Score in Half,Moon Slits Bottom Panel,Yes 500 Envelopes A7
Majestic,Silk,7 x 10,Horizontal,Rectangle,16PT C2S,No Coating,Silk,n/a,4/4,500,Score in Half,Moon Slits Bottom Panel,Yes 500 Envelopes A7
Majestic,Silk,7 x 10,Vertical,Rectangle,16PT C2S,No Coating,Silk,n/a,4/4,500,Score in Half,Moon Slits Bottom Panel,Yes 500 Envelopes A7
Majestic,Silk,7 x 10,Vertical,Rectangle,16PT C2S,No Coating,Silk,n/a,4/1,1000,Score in Half,Slide Slits Bottom Panel,Yes 250 Envelopes A7
Majestic,Silk,7 x 10,Vertical,Rectangle,16PT C2S,No Coating,Silk,n/a,4/0,1000,Score in Half,Moon Slits Bottom Panel,Yes 500 Envelopes A7
Majestic,Silk,7 x 10,Horizontal,Rectangle,16PT C2S,No Coating,Silk,n/a,4/1,1000,Score in Half,Moon Slits Bottom Panel,Yes 500 Envelopes A7
Majestic,Silk,7 x 10,Vertical,Rectangle,16PT C2S,No Coating,Silk,n/a,4/1,1000,Score in Half,Moon Slits Bottom Panel,Yes 500 Envelopes A7
Majestic,Silk,7 x 10,Horizontal,Rectangle,16PT C2S,No Coating,Silk,n/a,4/4,1000,Score in Half,Moon Slits Bottom Panel,Yes 500 Envelopes A7
Majestic,Silk,7 x 10,Vertical,Rectangle,16PT C2S,No Coating,Silk,n/a,4/4,1000,Score in Half,Moon Slits Bottom Panel,Yes 500 Envelopes A7
Majestic,Silk,7 x 10,Horizontal,Rectangle,16PT C2S,No Coating,Silk,n/a,4/0,2500,Score in Half,Moon Slits Bottom Panel,Yes 500 Envelopes A7
Majestic,Silk,7 x 10,Vertical,Rectangle,16PT C2S,No Coating,Silk,n/a,4/0,2500,Score in Half,Moon Slits Bottom Panel,Yes 500 Envelopes A7
Majestic,Silk,7 x 10,Horizontal,Rectangle,16PT C2S,No Coating,Silk,n/a,4/1,2500,Score in Half,Moon Slits Bottom Panel,Yes 500 Envelopes A7
Majestic,Silk,7 x 10,Vertical,Rectangle,16PT C2S,No Coating,Silk,n/a,4/1,2500,Score in Half,Moon Slits Bottom Panel,Yes 500 Envelopes A7
Majestic,Silk,7 x 10,Horizontal,Rectangle,16PT C2S,No Coating,Silk,n/a,4/4,2500,Score in Half,Moon Slits Bottom Panel,Yes 500 Envelopes A7
Majestic,Silk,7 x 10,Vertical,Rectangle,16PT C2S,No Coating,Silk,n/a,4/4,2500,Score in Half,Moon Slits Bottom Panel,Yes 500 Envelopes A7
Majestic,Silk,7 x 10,Horizontal,Rectangle,16PT C2S,No Coating,Silk,n/a,4/0,5000,Score in Half,Moon Slits Bottom Panel,Yes 500 Envelopes A7
Majestic,Silk,7 x 10,Vertical,Rectangle,16PT C2S,No Coating,Silk,n/a,4/0,5000,Score in Half,Moon Slits Bottom Panel,Yes 500 Envelopes A7
Majestic,Silk,7 x 10,Horizontal,Rectangle,16PT C2S,No Coating,Silk,n/a,4/1,5000,Score in Half,Moon Slits Bottom Panel,Yes 500 Envelopes A7
Majestic,Silk,7 x 10,Vertical,Rectangle,16PT C2S,No Coating,Silk,n/a,4/1,5000,Score in Half,Moon Slits Bottom Panel,Yes 500 Envelopes A7
Majestic,Silk,7 x 10,Horizontal,Rectangle,16PT C2S,No Coating,Silk,n/a,4/4,5000,Score in Half,Moon Slits Bottom Panel,Yes 500 Envelopes A7
Majestic,Silk,7 x 10,Vertical,Rectangle,16PT C2S,No Coating,Silk,n/a,4/4,5000,Score in Half,Moon Slits Bottom Panel,Yes 500 Envelopes A7
Majestic,Silk,7 x 10,Horizontal,Rectangle,16PT C2S,No Coating,Silk,n/a,4/0,10000,Score in Half,Moon Slits Bottom Panel,Yes 500 Envelopes A7
Majestic,Silk,7 x 10,Vertical,Rectangle,16PT C2S,No Coating,Silk,n/a,4/0,10000,Score in Half,Moon Slits Bottom Panel,Yes 500 Envelopes A7
Majestic,Silk,7 x 10,Horizontal,Rectangle,16PT C2S,No Coating,Silk,n/a,4/1,10000,Score in Half,Moon Slits Bottom Panel,Yes 500 Envelopes A7
Majestic,Silk,7 x 10,Vertical,Rectangle,16PT C2S,No Coating,Silk,n/a,4/1,10000,Score in Half,Moon Slits Bottom Panel,Yes 500 Envelopes A7
Majestic,Silk,7 x 10,Horizontal,Rectangle,16PT C2S,No Coating,Silk,n/a,4/4,10000,Score in Half,Moon Slits Bottom Panel,Yes 500 Envelopes A7
Majestic,Silk,7 x 10,Vertical,Rectangle,16PT C2S,No Coating,Silk,n/a,4/4,10000,Score in Half,Moon Slits Bottom Panel,Yes 500 Envelopes A7
Majestic,Silk,7 x 10,Horizontal,Rectangle,16PT C2S,No Coating,Silk,n/a,4/0,25,Score in Half,Moon Slits Right Panel,Yes 500 Envelopes A7
Majestic,Silk,7 x 10,Vertical,Rectangle,16PT C2S,No Coating,Silk,n/a,4/0,25,Score in Half,Moon Slits Right Panel,Yes 500 Envelopes A7
Majestic,Silk,7 x 10,Horizontal,Rectangle,16PT C2S,No Coating,Silk,n/a,4/1,25,Score in Half,Moon Slits Right Panel,Yes 500 Envelopes A7
Majestic,Silk,7 x 10,Vertical,Rectangle,16PT C2S,No Coating,Silk,n/a,4/1,25,Score in Half,Moon Slits Right Panel,Yes 500 Envelopes A7
Majestic,Silk,7 x 10,Horizontal,Rectangle,16PT C2S,No Coating,Silk,n/a,4/4,25,Score in Half,Moon Slits Right Panel,Yes 500 Envelopes A7
Majestic,Silk,7 x 10,Vertical,Rectangle,16PT C2S,No Coating,Silk,n/a,4/4,25,Score in Half,Moon Slits Right Panel,Yes 500 Envelopes A7
Majestic,Silk,7 x 10,Horizontal,Rectangle,16PT C2S,No Coating,Silk,n/a,4/0,50,Score in Half,Moon Slits Right Panel,Yes 500 Envelopes A7
Majestic,Silk,7 x 10,Vertical,Rectangle,16PT C2S,No Coating,Silk,n/a,4/0,50,Score in Half,Moon Slits Right Panel,Yes 500 Envelopes A7
Majestic,Silk,7 x 10,Horizontal,Rectangle,16PT C2S,No Coating,Silk,n/a,4/1,50,Score in Half,Moon Slits Right Panel,Yes 500 Envelopes A7
Majestic,Silk,7 x 10,Vertical,Rectangle,16PT C2S,No Coating,Silk,n/a,4/1,50,Score in Half,Moon Slits Right Panel,Yes 500 Envelopes A7
Majestic,Silk,7 x 10,Horizontal,Rectangle,16PT C2S,No Coating,Silk,n/a,4/4,50,Score in Half,Moon Slits Right Panel,Yes 500 Envelopes A7
Majestic,Silk,7 x 10,Vertical,Rectangle,16PT C2S,No Coating,Silk,n/a,4/4,50,Score in Half,Moon Slits Right Panel,Yes 500 Envelopes A7
Majestic,Silk,7 x 10,Horizontal,Rectangle,16PT C2S,No Coating,Silk,n/a,4/0,75,Score in Half,Moon Slits Right Panel,Yes 500 Envelopes A7
Majestic,Silk,7 x 10,Vertical,Rectangle,16PT C2S,No Coating,Silk,n/a,4/0,75,Score in Half,Moon Slits Right Panel,Yes 500 Envelopes A7
Majestic,Silk,7 x 10,Horizontal,Rectangle,16PT C2S,No Coating,Silk,n/a,4/1,75,Score in Half,Moon Slits Right Panel,Yes 500 Envelopes A7
Majestic,Silk,7 x 10,Vertical,Rectangle,16PT C2S,No Coating,Silk,n/a,4/1,75,Score in Half,Moon Slits Right Panel,Yes 500 Envelopes A7
Majestic,Silk,7 x 10,Horizontal,Rectangle,16PT C2S,No Coating,Silk,n/a,4/4,75,Score in Half,Moon Slits Right Panel,Yes 500 Envelopes A7
Majestic,Silk,7 x 10,Vertical,Rectangle,16PT C2S,No Coating,Silk,n/a,4/4,75,Score in Half,Moon Slits Right Panel,Yes 500 Envelopes A7
Majestic,Silk,7 x 10,Horizontal,Rectangle,16PT C2S,No Coating,Silk,n/a,4/0,100,Score in Half,Moon Slits Right Panel,Yes 500 Envelopes A7
Majestic,Silk,7 x 10,Vertical,Rectangle,16PT C2S,No Coating,Silk,n/a,4/0,100,Score in Half,Moon Slits Right Panel,Yes 500 Envelopes A7
Majestic,Silk,7 x 10,Horizontal,Rectangle,16PT C2S,No Coating,Silk,n/a,4/1,100,Score in Half,Moon Slits Right Panel,Yes 500 Envelopes A7
Majestic,Silk,7 x 10,Vertical,Rectangle,16PT C2S,No Coating,Silk,n/a,4/1,100,Score in Half,Moon Slits Right Panel,Yes 500 Envelopes A7
Majestic,Silk,7 x 10,Horizontal,Rectangle,16PT C2S,No Coating,Silk,n/a,4/4,100,Score in Half,Moon Slits Right Panel,Yes 500 Envelopes A7
Majestic,Silk,7 x 10,Vertical,Rectangle,16PT C2S,No Coating,Silk,n/a,4/4,100,Score in Half,Moon Slits Right Panel,Yes 500 Envelopes A7
Majestic,Silk,7 x 10,Horizontal,Rectangle,16PT C2S,No Coating,Silk,n/a,4/0,250,Score in Half,Moon Slits Right Panel,Yes 500 Envelopes A7
Majestic,Silk,7 x 10,Vertical,Rectangle,16PT C2S,No Coating,Silk,n/a,4/0,250,Score in Half,Moon Slits Right Panel,Yes 500 Envelopes A7
Majestic,Silk,7 x 10,Horizontal,Rectangle,16PT C2S,No Coating,Silk,n/a,4/1,250,Score in Half,Moon Slits Right Panel,Yes 500 Envelopes A7
Majestic,Silk,7 x 10,Vertical,Rectangle,16PT C2S,No Coating,Silk,n/a,4/1,250,Score in Half,Moon Slits Right Panel,Yes 500 Envelopes A7
Majestic,Silk,7 x 10,Vertical,Rectangle,16PT C2S,No Coating,Silk,n/a,4/4,250,Score in Half,Moon Slits Right Panel,Yes 500 Envelopes A7
Majestic,Silk,7 x 10,Horizontal,Rectangle,16PT C2S,No Coating,Silk,n/a,4/4,250,Score in Half,Moon Slits Right Panel,Yes 500 Envelopes A7
Majestic,Silk,7 x 10,Horizontal,Rectangle,16PT C2S,No Coating,Silk,n/a,4/0,500,Score in Half,Moon Slits Right Panel,Yes 500 Envelopes A7
Majestic,Silk,7 x 10,Vertical,Rectangle,16PT C2S,No Coating,Silk,n/a,4/0,500,Score in Half,Moon Slits Right Panel,Yes 500 Envelopes A7
Majestic,Silk,7 x 10,Horizontal,Rectangle,16PT C2S,No Coating,Silk,n/a,4/1,500,Score in Half,Moon Slits Right Panel,Yes 500 Envelopes A7
Majestic,Silk,7 x 10,Horizontal,Rectangle,16PT C2S,No Coating,Silk,n/a,4/4,500,Score in Half,Moon Slits Right Panel,Yes 500 Envelopes A7
Majestic,Silk,7 x 10,Vertical,Rectangle,16PT C2S,No Coating,Silk,n/a,4/1,500,Score in Half,Moon Slits Right Panel,Yes 500 Envelopes A7
Majestic,Silk,7 x 10,Vertical,Rectangle,16PT C2S,No Coating,Silk,n/a,4/4,500,Score in Half,Moon Slits Right Panel,Yes 500 Envelopes A7
Majestic,Silk,7 x 10,Horizontal,Rectangle,16PT C2S,No Coating,Silk,n/a,4/0,1000,Score in Half,Moon Slits Right Panel,Yes 500 Envelopes A7
Majestic,Silk,7 x 10,Vertical,Rectangle,16PT C2S,No Coating,Silk,n/a,4/0,1000,Score in Half,Moon Slits Right Panel,Yes 500 Envelopes A7
Majestic,Silk,7 x 10,Horizontal,Rectangle,16PT C2S,No Coating,Silk,n/a,4/1,1000,Score in Half,Moon Slits Right Panel,Yes 500 Envelopes A7
Majestic,Silk,7 x 10,Vertical,Rectangle,16PT C2S,No Coating,Silk,n/a,4/1,1000,Score in Half,Moon Slits Right Panel,Yes 500 Envelopes A7
Majestic,Silk,7 x 10,Horizontal,Rectangle,16PT C2S,No Coating,Silk,n/a,4/4,1000,Score in Half,Moon Slits Right Panel,Yes 500 Envelopes A7
Majestic,Silk,7 x 10,Vertical,Rectangle,16PT C2S,No Coating,Silk,n/a,4/4,1000,Score in Half,Moon Slits Right Panel,Yes 500 Envelopes A7
Majestic,Silk,7 x 10,Horizontal,Rectangle,16PT C2S,No Coating,Silk,n/a,4/0,2500,Score in Half,Moon Slits Right Panel,Yes 500 Envelopes A7
Majestic,Silk,7 x 10,Vertical,Rectangle,16PT C2S,No Coating,Silk,n/a,4/0,2500,Score in Half,Moon Slits Right Panel,Yes 500 Envelopes A7
Majestic,Silk,7 x 10,Horizontal,Rectangle,16PT C2S,No Coating,Silk,n/a,4/1,2500,Score in Half,Moon Slits Right Panel,Yes 500 Envelopes A7
Majestic,Silk,7 x 10,Vertical,Rectangle,16PT C2S,No Coating,Silk,n/a,4/1,2500,Score in Half,Moon Slits Right Panel,Yes 500 Envelopes A7
Majestic,Silk,7 x 10,Horizontal,Rectangle,16PT C2S,No Coating,Silk,n/a,4/4,2500,Score in Half,Moon Slits Right Panel,Yes 500 Envelopes A7
Majestic,Silk,7 x 10,Vertical,Rectangle,16PT C2S,No Coating,Silk,n/a,4/4,2500,Score in Half,Moon Slits Right Panel,Yes 500 Envelopes A7
Majestic,Silk,7 x 10,Horizontal,Rectangle,16PT C2S,No Coating,Silk,n/a,4/0,5000,Score in Half,Moon Slits Right Panel,Yes 500 Envelopes A7
Majestic,Silk,7 x 10,Vertical,Rectangle,16PT C2S,No Coating,Silk,n/a,4/0,5000,Score in Half,Moon Slits Right Panel,Yes 500 Envelopes A7
Majestic,Silk,7 x 10,Horizontal,Rectangle,16PT C2S,No Coating,Silk,n/a,4/1,5000,Score in Half,Moon Slits Right Panel,Yes 500 Envelopes A7
Majestic,Silk,7 x 10,Vertical,Rectangle,16PT C2S,No Coating,Silk,n/a,4/1,5000,Score in Half,Moon Slits Right Panel,Yes 500 Envelopes A7
Majestic,Silk,7 x 10,Horizontal,Rectangle,16PT C2S,No Coating,Silk,n/a,4/4,5000,Score in Half,Moon Slits Right Panel,Yes 500 Envelopes A7
Majestic,Silk,7 x 10,Vertical,Rectangle,16PT C2S,No Coating,Silk,n/a,4/4,5000,Score in Half,Moon Slits Right Panel,Yes 500 Envelopes A7
Majestic,Silk,7 x 10,Horizontal,Rectangle,16PT C2S,No Coating,Silk,n/a,4/0,10000,Score in Half,Moon Slits Right Panel,Yes 500 Envelopes A7
Majestic,Silk,7 x 10,Vertical,Rectangle,16PT C2S,No Coating,Silk,n/a,4/0,10000,Score in Half,Moon Slits Right Panel,Yes 500 Envelopes A7
Majestic,Silk,7 x 10,Horizontal,Rectangle,16PT C2S,No Coating,Silk,n/a,4/1,10000,Score in Half,Moon Slits Right Panel,Yes 500 Envelopes A7
Majestic,Silk,7 x 10,Vertical,Rectangle,16PT C2S,No Coating,Silk,n/a,4/1,10000,Score in Half,Moon Slits Right Panel,Yes 500 Envelopes A7
Majestic,Silk,7 x 10,Horizontal,Rectangle,16PT C2S,No Coating,Silk,n/a,4/4,10000,Score in Half,Moon Slits Right Panel,Yes 500 Envelopes A7
Majestic,Silk,7 x 10,Vertical,Rectangle,16PT C2S,No Coating,Silk,n/a,4/4,10000,Score in Half,Moon Slits Right Panel,Yes 500 Envelopes A7
Majestic,Silk,7 x 10,Horizontal,Rectangle,16PT C2S,No Coating,Silk,n/a,4/0,25,Score in Half,No Gift Cards Slits,Yes 500 Envelopes A7
Majestic,Silk,7 x 10,Vertical,Rectangle,16PT C2S,No Coating,Silk,n/a,4/0,25,Score in Half,No Gift Cards Slits,Yes 500 Envelopes A7
Majestic,Silk,7 x 10,Horizontal,Rectangle,16PT C2S,No Coating,Silk,n/a,4/1,25,Score in Half,No Gift Cards Slits,Yes 500 Envelopes A7
Majestic,Silk,7 x 10,Vertical,Rectangle,16PT C2S,No Coating,Silk,n/a,4/1,25,Score in Half,No Gift Cards Slits,Yes 500 Envelopes A7
Majestic,Silk,7 x 10,Horizontal,Rectangle,16PT C2S,No Coating,Silk,n/a,4/4,25,Score in Half,No Gift Cards Slits,Yes 500 Envelopes A7
Majestic,Silk,7 x 10,Vertical,Rectangle,16PT C2S,No Coating,Silk,n/a,4/4,25,Score in Half,No Gift Cards Slits,Yes 500 Envelopes A7
Majestic,Silk,7 x 10,Horizontal,Rectangle,16PT C2S,No Coating,Silk,n/a,4/0,50,Score in Half,No Gift Cards Slits,Yes 500 Envelopes A7
Majestic,Silk,7 x 10,Vertical,Rectangle,16PT C2S,No Coating,Silk,n/a,4/0,50,Score in Half,No Gift Cards Slits,Yes 500 Envelopes A7
Majestic,Silk,7 x 10,Horizontal,Rectangle,16PT C2S,No Coating,Silk,n/a,4/1,50,Score in Half,No Gift Cards Slits,Yes 500 Envelopes A7
Majestic,Silk,7 x 10,Vertical,Rectangle,16PT C2S,No Coating,Silk,n/a,4/1,50,Score in Half,No Gift Cards Slits,Yes 500 Envelopes A7
Majestic,Silk,7 x 10,Horizontal,Rectangle,16PT C2S,No Coating,Silk,n/a,4/4,50,Score in Half,No Gift Cards Slits,Yes 500 Envelopes A7
Majestic,Silk,7 x 10,Vertical,Rectangle,16PT C2S,No Coating,Silk,n/a,4/4,50,Score in Half,No Gift Cards Slits,Yes 500 Envelopes A7
Majestic,Silk,7 x 10,Horizontal,Rectangle,16PT C2S,No Coating,Silk,n/a,4/0,75,Score in Half,No Gift Cards Slits,Yes 500 Envelopes A7
Majestic,Silk,7 x 10,Horizontal,Rectangle,16PT C2S,No Coating,Silk,n/a,4/0,1000,Score in Half,Moon Slits Bottom Panel,Yes 500 Envelopes A7
Majestic,Silk,7 x 10,Horizontal,Rectangle,16PT C2S,No Coating,Silk,n/a,4/1,75,Score in Half,No Gift Cards Slits,Yes 500 Envelopes A7
Majestic,Silk,7 x 10,Vertical,Rectangle,16PT C2S,No Coating,Silk,n/a,4/1,75,Score in Half,No Gift Cards Slits,Yes 500 Envelopes A7
Majestic,Silk,7 x 10,Horizontal,Rectangle,16PT C2S,No Coating,Silk,n/a,4/4,75,Score in Half,No Gift Cards Slits,Yes 500 Envelopes A7
Majestic,Silk,7 x 10,Vertical,Rectangle,16PT C2S,No Coating,Silk,n/a,4/4,75,Score in Half,No Gift Cards Slits,Yes 500 Envelopes A7
Majestic,Silk,7 x 10,Vertical,Rectangle,16PT C2S,No Coating,Silk,n/a,4/0,100,Score in Half,No Gift Cards Slits,Yes 500 Envelopes A7
Majestic,Silk,7 x 10,Horizontal,Rectangle,16PT C2S,No Coating,Silk,n/a,4/0,100,Score in Half,No Gift Cards Slits,Yes 500 Envelopes A7
Majestic,Silk,7 x 10,Horizontal,Rectangle,16PT C2S,No Coating,Silk,n/a,4/1,100,Score in Half,No Gift Cards Slits,Yes 500 Envelopes A7
Majestic,Silk,7 x 10,Vertical,Rectangle,16PT C2S,No Coating,Silk,n/a,4/1,100,Score in Half,No Gift Cards Slits,Yes 500 Envelopes A7
Majestic,Silk,7 x 10,Horizontal,Rectangle,16PT C2S,No Coating,Silk,n/a,4/4,100,Score in Half,No Gift Cards Slits,Yes 500 Envelopes A7
Majestic,Silk,7 x 10,Horizontal,Rectangle,16PT C2S,No Coating,Silk,n/a,4/4,75,Score in Half,Moon Slits Bottom Panel,Yes 500 Envelopes A7
Majestic,Silk,7 x 10,Horizontal,Rectangle,16PT C2S,No Coating,Silk,n/a,4/0,250,Score in Half,No Gift Cards Slits,Yes 500 Envelopes A7
Majestic,Silk,7 x 10,Vertical,Rectangle,16PT C2S,No Coating,Silk,n/a,4/0,250,Score in Half,No Gift Cards Slits,Yes 500 Envelopes A7
Majestic,Silk,7 x 10,Horizontal,Rectangle,16PT C2S,No Coating,Silk,n/a,4/1,250,Score in Half,No Gift Cards Slits,Yes 500 Envelopes A7
Majestic,Silk,7 x 10,Vertical,Rectangle,16PT C2S,No Coating,Silk,n/a,4/1,250,Score in Half,No Gift Cards Slits,Yes 500 Envelopes A7
Majestic,Silk,7 x 10,Vertical,Rectangle,16PT C2S,No Coating,Silk,n/a,4/4,250,Score in Half,No Gift Cards Slits,Yes 500 Envelopes A7
Majestic,Silk,7 x 10,Horizontal,Rectangle,16PT C2S,No Coating,Silk,n/a,4/4,250,Score in Half,No Gift Cards Slits,Yes 500 Envelopes A7
Majestic,Silk,7 x 10,Horizontal,Rectangle,16PT C2S,No Coating,Silk,n/a,4/0,500,Score in Half,No Gift Cards Slits,Yes 500 Envelopes A7
Majestic,Silk,7 x 10,Horizontal,Rectangle,16PT C2S,No Coating,Silk,n/a,4/1,500,Score in Half,No Gift Cards Slits,Yes 500 Envelopes A7
Majestic,Silk,7 x 10,Vertical,Rectangle,16PT C2S,No Coating,Silk,n/a,4/0,500,Score in Half,No Gift Cards Slits,Yes 500 Envelopes A7
Majestic,Silk,7 x 10,Vertical,Rectangle,16PT C2S,No Coating,Silk,n/a,4/1,500,Score in Half,No Gift Cards Slits,Yes 500 Envelopes A7
Majestic,Silk,7 x 10,Horizontal,Rectangle,16PT C2S,No Coating,Silk,n/a,4/4,500,Score in Half,No Gift Cards Slits,Yes 500 Envelopes A7
Majestic,Silk,7 x 10,Horizontal,Rectangle,16PT C2S,No Coating,Silk,n/a,4/4,5000,Score in Half,Slide Slits Right Panel,Yes 250 Envelopes A7
Majestic,Silk,7 x 10,Horizontal,Rectangle,16PT C2S,No Coating,Silk,n/a,4/0,1000,Score in Half,No Gift Cards Slits,Yes 500 Envelopes A7
Majestic,Silk,7 x 10,Vertical,Rectangle,16PT C2S,No Coating,Silk,n/a,4/0,1000,Score in Half,No Gift Cards Slits,Yes 500 Envelopes A7
Majestic,Silk,7 x 10,Horizontal,Rectangle,16PT C2S,No Coating,Silk,n/a,4/1,1000,Score in Half,No Gift Cards Slits,Yes 500 Envelopes A7
Majestic,Silk,7 x 10,Vertical,Rectangle,16PT C2S,No Coating,Silk,n/a,4/1,1000,Score in Half,No Gift Cards Slits,Yes 500 Envelopes A7
Majestic,Silk,7 x 10,Vertical,Rectangle,16PT C2S,No Coating,Silk,n/a,4/0,75,Score in Half,No Gift Cards Slits,Yes 500 Envelopes A7
Majestic,Silk,7 x 10,Vertical,Rectangle,16PT C2S,No Coating,Silk,n/a,4/4,500,Score in Half,No Gift Cards Slits,Yes 500 Envelopes A7
Majestic,Silk,7 x 10,Vertical,Rectangle,16PT C2S,No Coating,Silk,n/a,4/4,100,Score in Half,No Gift Cards Slits,Yes 500 Envelopes A7
Majestic,Silk,7 x 10,Vertical,Rectangle,16PT C2S,No Coating,Silk,n/a,4/0,2500,Score in Half,No Gift Cards Slits,Yes 500 Envelopes A7
Majestic,Silk,7 x 10,Horizontal,Rectangle,16PT C2S,No Coating,Silk,n/a,4/1,2500,Score in Half,No Gift Cards Slits,Yes 500 Envelopes A7
Majestic,Silk,7 x 10,Vertical,Rectangle,16PT C2S,No Coating,Silk,n/a,4/1,2500,Score in Half,No Gift Cards Slits,Yes 500 Envelopes A7
Majestic,Silk,7 x 10,Horizontal,Rectangle,16PT C2S,No Coating,Silk,n/a,4/4,2500,Score in Half,No Gift Cards Slits,Yes 500 Envelopes A7
Majestic,Silk,7 x 10,Vertical,Rectangle,16PT C2S,No Coating,Silk,n/a,4/4,2500,Score in Half,No Gift Cards Slits,Yes 500 Envelopes A7
Majestic,Silk,7 x 10,Horizontal,Rectangle,16PT C2S,No Coating,Silk,n/a,4/0,5000,Score in Half,No Gift Cards Slits,Yes 500 Envelopes A7
Majestic,Silk,7 x 10,Vertical,Rectangle,16PT C2S,No Coating,Silk,n/a,4/4,1000,Score in Half,No Gift Cards Slits,Yes 500 Envelopes A7
Majestic,Silk,7 x 10,Horizontal,Rectangle,16PT C2S,No Coating,Silk,n/a,4/1,5000,Score in Half,No Gift Cards Slits,Yes 500 Envelopes A7
Majestic,Silk,7 x 10,Vertical,Rectangle,16PT C2S,No Coating,Silk,n/a,4/1,5000,Score in Half,No Gift Cards Slits,Yes 500 Envelopes A7
Majestic,Silk,7 x 10,Horizontal,Rectangle,16PT C2S,No Coating,Silk,n/a,4/4,5000,Score in Half,No Gift Cards Slits,Yes 500 Envelopes A7
Majestic,Silk,7 x 10,Vertical,Rectangle,16PT C2S,No Coating,Silk,n/a,4/4,5000,Score in Half,No Gift Cards Slits,Yes 500 Envelopes A7
Majestic,Silk,7 x 10,Horizontal,Rectangle,16PT C2S,No Coating,Silk,n/a,4/0,10000,Score in Half,No Gift Cards Slits,Yes 500 Envelopes A7
Majestic,Silk,7 x 10,Vertical,Rectangle,16PT C2S,No Coating,Silk,n/a,4/0,10000,Score in Half,No Gift Cards Slits,Yes 500 Envelopes A7
Majestic,Silk,7 x 10,Horizontal,Rectangle,16PT C2S,No Coating,Silk,n/a,4/1,10000,Score in Half,No Gift Cards Slits,Yes 500 Envelopes A7
Majestic,Silk,7 x 10,Vertical,Rectangle,16PT C2S,No Coating,Silk,n/a,4/1,10000,Score in Half,No Gift Cards Slits,Yes 500 Envelopes A7
Majestic,Silk,7 x 10,Horizontal,Rectangle,16PT C2S,No Coating,Silk,n/a,4/4,10000,Score in Half,No Gift Cards Slits,Yes 500 Envelopes A7
Majestic,Silk,7 x 10,Vertical,Rectangle,16PT C2S,No Coating,Silk,n/a,4/4,10000,Score in Half,No Gift Cards Slits,Yes 500 Envelopes A7
Majestic,Silk,7 x 10,Vertical,Rectangle,16PT C2S,No Coating,Silk,n/a,4/0,25,Score in Half,Slide Slits Bottom Panel,Yes 500 Envelopes A7
Majestic,Silk,7 x 10,Horizontal,Rectangle,16PT C2S,No Coating,Silk,n/a,4/0,25,Score in Half,Slide Slits Bottom Panel,Yes 500 Envelopes A7
Majestic,Silk,7 x 10,Horizontal,Rectangle,16PT C2S,No Coating,Silk,n/a,4/1,25,Score in Half,Slide Slits Bottom Panel,Yes 500 Envelopes A7
Majestic,Silk,7 x 10,Vertical,Rectangle,16PT C2S,No Coating,Silk,n/a,4/1,25,Score in Half,Slide Slits Bottom Panel,Yes 500 Envelopes A7
Majestic,Silk,7 x 10,Vertical,Rectangle,16PT C2S,No Coating,Silk,n/a,4/4,25,Score in Half,Slide Slits Bottom Panel,Yes 500 Envelopes A7
Majestic,Silk,7 x 10,Horizontal,Rectangle,16PT C2S,No Coating,Silk,n/a,4/4,25,Score in Half,Slide Slits Bottom Panel,Yes 500 Envelopes A7
Majestic,Silk,7 x 10,Vertical,Rectangle,16PT C2S,No Coating,Silk,n/a,4/0,50,Score in Half,Slide Slits Bottom Panel,Yes 500 Envelopes A7
Majestic,Silk,7 x 10,Horizontal,Rectangle,16PT C2S,No Coating,Silk,n/a,4/0,50,Score in Half,Slide Slits Bottom Panel,Yes 500 Envelopes A7
Majestic,Silk,7 x 10,Horizontal,Rectangle,16PT C2S,No Coating,Silk,n/a,4/0,2500,Score in Half,No Gift Cards Slits,Yes 500 Envelopes A7
Majestic,Silk,7 x 10,Vertical,Rectangle,16PT C2S,No Coating,Silk,n/a,4/1,50,Score in Half,Slide Slits Bottom Panel,Yes 500 Envelopes A7
Majestic,Silk,7 x 10,Horizontal,Rectangle,16PT C2S,No Coating,Silk,n/a,4/4,50,Score in Half,Slide Slits Bottom Panel,Yes 500 Envelopes A7
Majestic,Silk,7 x 10,Vertical,Rectangle,16PT C2S,No Coating,Silk,n/a,4/4,50,Score in Half,Slide Slits Bottom Panel,Yes 500 Envelopes A7
Majestic,Silk,7 x 10,Horizontal,Rectangle,16PT C2S,No Coating,Silk,n/a,4/0,75,Score in Half,Slide Slits Bottom Panel,Yes 500 Envelopes A7
Majestic,Silk,7 x 10,Vertical,Rectangle,16PT C2S,No Coating,Silk,n/a,4/0,75,Score in Half,Slide Slits Bottom Panel,Yes 500 Envelopes A7
Majestic,Silk,7 x 10,Horizontal,Rectangle,16PT C2S,No Coating,Silk,n/a,4/1,75,Score in Half,Slide Slits Bottom Panel,Yes 500 Envelopes A7
Majestic,Silk,7 x 10,Vertical,Rectangle,16PT C2S,No Coating,Silk,n/a,4/1,75,Score in Half,Slide Slits Bottom Panel,Yes 500 Envelopes A7
Majestic,Silk,7 x 10,Horizontal,Rectangle,16PT C2S,No Coating,Silk,n/a,4/4,75,Score in Half,Slide Slits Bottom Panel,Yes 500 Envelopes A7
Majestic,Silk,7 x 10,Vertical,Rectangle,16PT C2S,No Coating,Silk,n/a,4/4,75,Score in Half,Slide Slits Bottom Panel,Yes 500 Envelopes A7
Majestic,Silk,7 x 10,Horizontal,Rectangle,16PT C2S,No Coating,Silk,n/a,4/0,100,Score in Half,Slide Slits Bottom Panel,Yes 500 Envelopes A7
Majestic,Silk,7 x 10,Vertical,Rectangle,16PT C2S,No Coating,Silk,n/a,4/0,100,Score in Half,Slide Slits Bottom Panel,Yes 500 Envelopes A7
Majestic,Silk,7 x 10,Horizontal,Rectangle,16PT C2S,No Coating,Silk,n/a,4/1,100,Score in Half,Slide Slits Bottom Panel,Yes 500 Envelopes A7
Majestic,Silk,7 x 10,Vertical,Rectangle,16PT C2S,No Coating,Silk,n/a,4/1,100,Score in Half,Slide Slits Bottom Panel,Yes 500 Envelopes A7
Majestic,Silk,7 x 10,Horizontal,Rectangle,16PT C2S,No Coating,Silk,n/a,4/4,100,Score in Half,Slide Slits Bottom Panel,Yes 500 Envelopes A7
Majestic,Silk,7 x 10,Vertical,Rectangle,16PT C2S,No Coating,Silk,n/a,4/4,100,Score in Half,Slide Slits Bottom Panel,Yes 500 Envelopes A7
Majestic,Silk,7 x 10,Horizontal,Rectangle,16PT C2S,No Coating,Silk,n/a,4/0,250,Score in Half,Slide Slits Bottom Panel,Yes 500 Envelopes A7
Majestic,Silk,7 x 10,Vertical,Rectangle,16PT C2S,No Coating,Silk,n/a,4/0,250,Score in Half,Slide Slits Bottom Panel,Yes 500 Envelopes A7
Majestic,Silk,7 x 10,Horizontal,Rectangle,16PT C2S,No Coating,Silk,n/a,4/1,250,Score in Half,Slide Slits Bottom Panel,Yes 500 Envelopes A7
Majestic,Silk,7 x 10,Vertical,Rectangle,16PT C2S,No Coating,Silk,n/a,4/1,250,Score in Half,Slide Slits Bottom Panel,Yes 500 Envelopes A7
Majestic,Silk,7 x 10,Vertical,Rectangle,16PT C2S,No Coating,Silk,n/a,4/4,250,Score in Half,Slide Slits Bottom Panel,Yes 500 Envelopes A7
Majestic,Silk,7 x 10,Horizontal,Rectangle,16PT C2S,No Coating,Silk,n/a,4/4,250,Score in Half,Slide Slits Bottom Panel,Yes 500 Envelopes A7
Majestic,Silk,7 x 10,Horizontal,Rectangle,16PT C2S,No Coating,Silk,n/a,4/0,500,Score in Half,Slide Slits Bottom Panel,Yes 500 Envelopes A7
Majestic,Silk,7 x 10,Vertical,Rectangle,16PT C2S,No Coating,Silk,n/a,4/0,500,Score in Half,Slide Slits Bottom Panel,Yes 500 Envelopes A7
Majestic,Silk,7 x 10,Horizontal,Rectangle,16PT C2S,No Coating,Silk,n/a,4/1,500,Score in Half,Slide Slits Bottom Panel,Yes 500 Envelopes A7
Majestic,Silk,7 x 10,Vertical,Rectangle,16PT C2S,No Coating,Silk,n/a,4/1,500,Score in Half,Slide Slits Bottom Panel,Yes 500 Envelopes A7
Majestic,Silk,7 x 10,Horizontal,Rectangle,16PT C2S,No Coating,Silk,n/a,4/4,500,Score in Half,Slide Slits Bottom Panel,Yes 500 Envelopes A7
Majestic,Silk,7 x 10,Vertical,Rectangle,16PT C2S,No Coating,Silk,n/a,4/4,500,Score in Half,Slide Slits Bottom Panel,Yes 500 Envelopes A7
Majestic,Silk,7 x 10,Horizontal,Rectangle,16PT C2S,No Coating,Silk,n/a,4/4,1000,Score in Half,No Gift Cards Slits,Yes 500 Envelopes A7
Majestic,Silk,7 x 10,Vertical,Rectangle,16PT C2S,No Coating,Silk,n/a,4/0,1000,Score in Half,Slide Slits Bottom Panel,Yes 500 Envelopes A7
Majestic,Silk,7 x 10,Horizontal,Rectangle,16PT C2S,No Coating,Silk,n/a,4/1,1000,Score in Half,Slide Slits Bottom Panel,Yes 500 Envelopes A7
Majestic,Silk,7 x 10,Vertical,Rectangle,16PT C2S,No Coating,Silk,n/a,4/1,1000,Score in Half,Slide Slits Bottom Panel,Yes 500 Envelopes A7
Majestic,Silk,7 x 10,Horizontal,Rectangle,16PT C2S,No Coating,Silk,n/a,4/4,1000,Score in Half,Slide Slits Bottom Panel,Yes 500 Envelopes A7
Majestic,Silk,7 x 10,Vertical,Rectangle,16PT C2S,No Coating,Silk,n/a,4/4,1000,Score in Half,Slide Slits Bottom Panel,Yes 500 Envelopes A7
Majestic,Silk,7 x 10,Horizontal,Rectangle,16PT C2S,No Coating,Silk,n/a,4/0,2500,Score in Half,Slide Slits Bottom Panel,Yes 500 Envelopes A7
Majestic,Silk,7 x 10,Vertical,Rectangle,16PT C2S,No Coating,Silk,n/a,4/0,2500,Score in Half,Slide Slits Bottom Panel,Yes 500 Envelopes A7
Majestic,Silk,7 x 10,Horizontal,Rectangle,16PT C2S,No Coating,Silk,n/a,4/1,2500,Score in Half,Slide Slits Bottom Panel,Yes 500 Envelopes A7
Majestic,Silk,7 x 10,Vertical,Rectangle,16PT C2S,No Coating,Silk,n/a,4/1,2500,Score in Half,Slide Slits Bottom Panel,Yes 500 Envelopes A7
Majestic,Silk,7 x 10,Horizontal,Rectangle,16PT C2S,No Coating,Silk,n/a,4/4,2500,Score in Half,Slide Slits Bottom Panel,Yes 500 Envelopes A7
Majestic,Silk,7 x 10,Vertical,Rectangle,16PT C2S,No Coating,Silk,n/a,4/4,2500,Score in Half,Slide Slits Bottom Panel,Yes 500 Envelopes A7
Majestic,Silk,7 x 10,Horizontal,Rectangle,16PT C2S,No Coating,Silk,n/a,4/0,5000,Score in Half,Slide Slits Bottom Panel,Yes 500 Envelopes A7
Majestic,Silk,7 x 10,Vertical,Rectangle,16PT C2S,No Coating,Silk,n/a,4/0,5000,Score in Half,Slide Slits Bottom Panel,Yes 500 Envelopes A7
Majestic,Silk,7 x 10,Horizontal,Rectangle,16PT C2S,No Coating,Silk,n/a,4/1,5000,Score in Half,Slide Slits Bottom Panel,Yes 500 Envelopes A7
Majestic,Silk,7 x 10,Vertical,Rectangle,16PT C2S,No Coating,Silk,n/a,4/1,5000,Score in Half,Slide Slits Bottom Panel,Yes 500 Envelopes A7
Majestic,Silk,7 x 10,Horizontal,Rectangle,16PT C2S,No Coating,Silk,n/a,4/4,5000,Score in Half,Slide Slits Bottom Panel,Yes 500 Envelopes A7
Majestic,Silk,7 x 10,Vertical,Rectangle,16PT C2S,No Coating,Silk,n/a,4/4,5000,Score in Half,Slide Slits Bottom Panel,Yes 500 Envelopes A7
Majestic,Silk,7 x 10,Horizontal,Rectangle,16PT C2S,No Coating,Silk,n/a,4/0,10000,Score in Half,Slide Slits Bottom Panel,Yes 500 Envelopes A7
Majestic,Silk,7 x 10,Vertical,Rectangle,16PT C2S,No Coating,Silk,n/a,4/0,10000,Score in Half,Slide Slits Bottom Panel,Yes 500 Envelopes A7
Majestic,Silk,7 x 10,Horizontal,Rectangle,16PT C2S,No Coating,Silk,n/a,4/1,10000,Score in Half,Slide Slits Bottom Panel,Yes 500 Envelopes A7
Majestic,Silk,7 x 10,Vertical,Rectangle,16PT C2S,No Coating,Silk,n/a,4/1,10000,Score in Half,Slide Slits Bottom Panel,Yes 500 Envelopes A7
Majestic,Silk,7 x 10,Horizontal,Rectangle,16PT C2S,No Coating,Silk,n/a,4/4,10000,Score in Half,Slide Slits Bottom Panel,Yes 500 Envelopes A7
Majestic,Silk,7 x 10,Vertical,Rectangle,16PT C2S,No Coating,Silk,n/a,4/4,10000,Score in Half,Slide Slits Bottom Panel,Yes 500 Envelopes A7
Majestic,Silk,7 x 10,Horizontal,Rectangle,16PT C2S,No Coating,Silk,n/a,4/0,25,Score in Half,Slide Slits Right Panel,Yes 500 Envelopes A7
Majestic,Silk,7 x 10,Vertical,Rectangle,16PT C2S,No Coating,Silk,n/a,4/0,25,Score in Half,Slide Slits Right Panel,Yes 500 Envelopes A7
Majestic,Silk,7 x 10,Horizontal,Rectangle,16PT C2S,No Coating,Silk,n/a,4/1,25,Score in Half,Slide Slits Right Panel,Yes 500 Envelopes A7
Majestic,Silk,7 x 10,Vertical,Rectangle,16PT C2S,No Coating,Silk,n/a,4/1,25,Score in Half,Slide Slits Right Panel,Yes 500 Envelopes A7
Majestic,Silk,7 x 10,Horizontal,Rectangle,16PT C2S,No Coating,Silk,n/a,4/4,25,Score in Half,Slide Slits Right Panel,Yes 500 Envelopes A7
Majestic,Silk,7 x 10,Vertical,Rectangle,16PT C2S,No Coating,Silk,n/a,4/4,25,Score in Half,Slide Slits Right Panel,Yes 500 Envelopes A7
Majestic,Silk,7 x 10,Horizontal,Rectangle,16PT C2S,No Coating,Silk,n/a,4/0,50,Score in Half,Slide Slits Right Panel,Yes 500 Envelopes A7
Majestic,Silk,7 x 10,Vertical,Rectangle,16PT C2S,No Coating,Silk,n/a,4/0,50,Score in Half,Slide Slits Right Panel,Yes 500 Envelopes A7
Majestic,Silk,7 x 10,Horizontal,Rectangle,16PT C2S,No Coating,Silk,n/a,4/1,50,Score in Half,Slide Slits Right Panel,Yes 500 Envelopes A7
Majestic,Silk,7 x 10,Vertical,Rectangle,16PT C2S,No Coating,Silk,n/a,4/1,50,Score in Half,Slide Slits Right Panel,Yes 500 Envelopes A7
Majestic,Silk,7 x 10,Horizontal,Rectangle,16PT C2S,No Coating,Silk,n/a,4/4,50,Score in Half,Slide Slits Right Panel,Yes 500 Envelopes A7
Majestic,Silk,7 x 10,Vertical,Rectangle,16PT C2S,No Coating,Silk,n/a,4/4,50,Score in Half,Slide Slits Right Panel,Yes 500 Envelopes A7
Majestic,Silk,7 x 10,Horizontal,Rectangle,16PT C2S,No Coating,Silk,n/a,4/0,75,Score in Half,Slide Slits Right Panel,Yes 500 Envelopes A7
Majestic,Silk,7 x 10,Horizontal,Rectangle,16PT C2S,No Coating,Silk,n/a,4/1,75,Score in Half,Slide Slits Right Panel,Yes 500 Envelopes A7
Majestic,Silk,7 x 10,Vertical,Rectangle,16PT C2S,No Coating,Silk,n/a,4/1,75,Score in Half,Slide Slits Right Panel,Yes 500 Envelopes A7
Majestic,Silk,7 x 10,Vertical,Rectangle,16PT C2S,No Coating,Silk,n/a,4/0,75,Score in Half,Slide Slits Right Panel,Yes 500 Envelopes A7
Majestic,Silk,7 x 10,Horizontal,Rectangle,16PT C2S,No Coating,Silk,n/a,4/4,75,Score in Half,Slide Slits Right Panel,Yes 500 Envelopes A7
Majestic,Silk,7 x 10,Vertical,Rectangle,16PT C2S,No Coating,Silk,n/a,4/4,75,Score in Half,Slide Slits Right Panel,Yes 500 Envelopes A7
Majestic,Silk,7 x 10,Horizontal,Rectangle,16PT C2S,No Coating,Silk,n/a,4/0,100,Score in Half,Slide Slits Right Panel,Yes 500 Envelopes A7
Majestic,Silk,7 x 10,Vertical,Rectangle,16PT C2S,No Coating,Silk,n/a,4/0,100,Score in Half,Slide Slits Right Panel,Yes 500 Envelopes A7
Majestic,Silk,7 x 10,Horizontal,Rectangle,16PT C2S,No Coating,Silk,n/a,4/1,100,Score in Half,Slide Slits Right Panel,Yes 500 Envelopes A7
Majestic,Silk,7 x 10,Vertical,Rectangle,16PT C2S,No Coating,Silk,n/a,4/1,100,Score in Half,Slide Slits Right Panel,Yes 500 Envelopes A7
Majestic,Silk,7 x 10,Horizontal,Rectangle,16PT C2S,No Coating,Silk,n/a,4/4,100,Score in Half,Slide Slits Right Panel,Yes 500 Envelopes A7
Majestic,Silk,7 x 10,Vertical,Rectangle,16PT C2S,No Coating,Silk,n/a,4/4,100,Score in Half,Slide Slits Right Panel,Yes 500 Envelopes A7
Majestic,Silk,7 x 10,Horizontal,Rectangle,16PT C2S,No Coating,Silk,n/a,4/0,250,Score in Half,Slide Slits Right Panel,Yes 500 Envelopes A7
Majestic,Silk,7 x 10,Vertical,Rectangle,16PT C2S,No Coating,Silk,n/a,4/0,250,Score in Half,Slide Slits Right Panel,Yes 500 Envelopes A7
Majestic,Silk,7 x 10,Horizontal,Rectangle,16PT C2S,No Coating,Silk,n/a,4/1,250,Score in Half,Slide Slits Right Panel,Yes 500 Envelopes A7
Majestic,Silk,7 x 10,Horizontal,Rectangle,16PT C2S,No Coating,Silk,n/a,4/4,250,Score in Half,Slide Slits Right Panel,Yes 500 Envelopes A7
Majestic,Silk,7 x 10,Vertical,Rectangle,16PT C2S,No Coating,Silk,n/a,4/1,250,Score in Half,Slide Slits Right Panel,Yes 500 Envelopes A7
Majestic,Silk,7 x 10,Vertical,Rectangle,16PT C2S,No Coating,Silk,n/a,4/4,250,Score in Half,Slide Slits Right Panel,Yes 500 Envelopes A7
Majestic,Silk,7 x 10,Horizontal,Rectangle,16PT C2S,No Coating,Silk,n/a,4/0,500,Score in Half,Slide Slits Right Panel,Yes 500 Envelopes A7
Majestic,Silk,7 x 10,Vertical,Rectangle,16PT C2S,No Coating,Silk,n/a,4/0,500,Score in Half,Slide Slits Right Panel,Yes 500 Envelopes A7
Majestic,Silk,7 x 10,Horizontal,Rectangle,16PT C2S,No Coating,Silk,n/a,4/1,500,Score in Half,Slide Slits Right Panel,Yes 500 Envelopes A7
Majestic,Silk,7 x 10,Vertical,Rectangle,16PT C2S,No Coating,Silk,n/a,4/1,500,Score in Half,Slide Slits Right Panel,Yes 500 Envelopes A7
Majestic,Silk,7 x 10,Horizontal,Rectangle,16PT C2S,No Coating,Silk,n/a,4/4,500,Score in Half,Slide Slits Right Panel,Yes 500 Envelopes A7
Majestic,Silk,7 x 10,Vertical,Rectangle,16PT C2S,No Coating,Silk,n/a,4/4,500,Score in Half,Slide Slits Right Panel,Yes 500 Envelopes A7
Majestic,Silk,7 x 10,Horizontal,Rectangle,16PT C2S,No Coating,Silk,n/a,4/0,1000,Score in Half,Slide Slits Right Panel,Yes 500 Envelopes A7
Majestic,Silk,7 x 10,Vertical,Rectangle,16PT C2S,No Coating,Silk,n/a,4/0,1000,Score in Half,Slide Slits Right Panel,Yes 500 Envelopes A7
Majestic,Silk,7 x 10,Horizontal,Rectangle,16PT C2S,No Coating,Silk,n/a,4/1,1000,Score in Half,Slide Slits Right Panel,Yes 500 Envelopes A7
Majestic,Silk,7 x 10,Vertical,Rectangle,16PT C2S,No Coating,Silk,n/a,4/1,1000,Score in Half,Slide Slits Right Panel,Yes 500 Envelopes A7
Majestic,Silk,7 x 10,Horizontal,Rectangle,16PT C2S,No Coating,Silk,n/a,4/4,1000,Score in Half,Slide Slits Right Panel,Yes 500 Envelopes A7
Majestic,Silk,7 x 10,Vertical,Rectangle,16PT C2S,No Coating,Silk,n/a,4/4,1000,Score in Half,Slide Slits Right Panel,Yes 500 Envelopes A7
Majestic,Silk,7 x 10,Horizontal,Rectangle,16PT C2S,No Coating,Silk,n/a,4/0,2500,Score in Half,Slide Slits Right Panel,Yes 500 Envelopes A7
Majestic,Silk,7 x 10,Vertical,Rectangle,16PT C2S,No Coating,Silk,n/a,4/0,2500,Score in Half,Slide Slits Right Panel,Yes 500 Envelopes A7
Majestic,Silk,7 x 10,Horizontal,Rectangle,16PT C2S,No Coating,Silk,n/a,4/1,2500,Score in Half,Slide Slits Right Panel,Yes 500 Envelopes A7
Majestic,Silk,7 x 10,Vertical,Rectangle,16PT C2S,No Coating,Silk,n/a,4/1,2500,Score in Half,Slide Slits Right Panel,Yes 500 Envelopes A7
Majestic,Silk,7 x 10,Horizontal,Rectangle,16PT C2S,No Coating,Silk,n/a,4/4,2500,Score in Half,Slide Slits Right Panel,Yes 500 Envelopes A7
Majestic,Silk,7 x 10,Vertical,Rectangle,16PT C2S,No Coating,Silk,n/a,4/4,2500,Score in Half,Slide Slits Right Panel,Yes 500 Envelopes A7
Majestic,Silk,7 x 10,Horizontal,Rectangle,16PT C2S,No Coating,Silk,n/a,4/0,5000,Score in Half,Slide Slits Right Panel,Yes 500 Envelopes A7
Majestic,Silk,7 x 10,Vertical,Rectangle,16PT C2S,No Coating,Silk,n/a,4/0,5000,Score in Half,Slide Slits Right Panel,Yes 500 Envelopes A7
Majestic,Silk,7 x 10,Horizontal,Rectangle,16PT C2S,No Coating,Silk,n/a,4/1,5000,Score in Half,Slide Slits Right Panel,Yes 500 Envelopes A7
Majestic,Silk,7 x 10,Vertical,Rectangle,16PT C2S,No Coating,Silk,n/a,4/1,5000,Score in Half,Slide Slits Right Panel,Yes 500 Envelopes A7
Majestic,Silk,7 x 10,Horizontal,Rectangle,16PT C2S,No Coating,Silk,n/a,4/4,5000,Score in Half,Slide Slits Right Panel,Yes 500 Envelopes A7
Majestic,Silk,7 x 10,Vertical,Rectangle,16PT C2S,No Coating,Silk,n/a,4/4,5000,Score in Half,Slide Slits Right Panel,Yes 500 Envelopes A7
Majestic,Silk,7 x 10,Horizontal,Rectangle,16PT C2S,No Coating,Silk,n/a,4/0,10000,Score in Half,Slide Slits Right Panel,Yes 500 Envelopes A7
Majestic,Silk,7 x 10,Vertical,Rectangle,16PT C2S,No Coating,Silk,n/a,4/0,10000,Score in Half,Slide Slits Right Panel,Yes 500 Envelopes A7
Majestic,Silk,7 x 10,Horizontal,Rectangle,16PT C2S,No Coating,Silk,n/a,4/1,10000,Score in Half,Slide Slits Right Panel,Yes 500 Envelopes A7
Majestic,Silk,7 x 10,Vertical,Rectangle,16PT C2S,No Coating,Silk,n/a,4/1,10000,Score in Half,Slide Slits Right Panel,Yes 500 Envelopes A7
Majestic,Silk,7 x 10,Horizontal,Rectangle,16PT C2S,No Coating,Silk,n/a,4/4,10000,Score in Half,Slide Slits Right Panel,Yes 500 Envelopes A7
Majestic,Silk,7 x 10,Vertical,Rectangle,16PT C2S,No Coating,Silk,n/a,4/4,10000,Score in Half,Slide Slits Right Panel,Yes 500 Envelopes A7
Majestic,Silk,7 x 10,Horizontal,Rectangle,16PT C2S,No Coating,Silk,n/a,4/0,25,Score in Half,Moon Slits Bottom Panel,Yes 1000 Envelopes A7
Majestic,Silk,7 x 10,Vertical,Rectangle,16PT C2S,No Coating,Silk,n/a,4/0,25,Score in Half,Moon Slits Bottom Panel,Yes 1000 Envelopes A7
Majestic,Silk,7 x 10,Horizontal,Rectangle,16PT C2S,No Coating,Silk,n/a,4/1,25,Score in Half,Moon Slits Bottom Panel,Yes 1000 Envelopes A7
Majestic,Silk,7 x 10,Vertical,Rectangle,16PT C2S,No Coating,Silk,n/a,4/1,25,Score in Half,Moon Slits Bottom Panel,Yes 1000 Envelopes A7
Majestic,Silk,7 x 10,Horizontal,Rectangle,16PT C2S,No Coating,Silk,n/a,4/4,25,Score in Half,Moon Slits Bottom Panel,Yes 1000 Envelopes A7
Majestic,Silk,7 x 10,Vertical,Rectangle,16PT C2S,No Coating,Silk,n/a,4/4,25,Score in Half,Moon Slits Bottom Panel,Yes 1000 Envelopes A7
Majestic,Silk,7 x 10,Horizontal,Rectangle,16PT C2S,No Coating,Silk,n/a,4/0,50,Score in Half,Moon Slits Bottom Panel,Yes 1000 Envelopes A7
Majestic,Silk,7 x 10,Vertical,Rectangle,16PT C2S,No Coating,Silk,n/a,4/0,50,Score in Half,Moon Slits Bottom Panel,Yes 1000 Envelopes A7
Majestic,Silk,7 x 10,Horizontal,Rectangle,16PT C2S,No Coating,Silk,n/a,4/1,50,Score in Half,Moon Slits Bottom Panel,Yes 1000 Envelopes A7
Majestic,Silk,7 x 10,Horizontal,Rectangle,16PT C2S,No Coating,Silk,n/a,4/0,1000,Score in Half,Slide Slits Bottom Panel,Yes 500 Envelopes A7
Majestic,Silk,7 x 10,Horizontal,Rectangle,16PT C2S,No Coating,Silk,n/a,4/4,50,Score in Half,Moon Slits Bottom Panel,Yes 1000 Envelopes A7
Majestic,Silk,7 x 10,Vertical,Rectangle,16PT C2S,No Coating,Silk,n/a,4/4,50,Score in Half,Moon Slits Bottom Panel,Yes 1000 Envelopes A7
Majestic,Silk,7 x 10,Horizontal,Rectangle,16PT C2S,No Coating,Silk,n/a,4/0,75,Score in Half,Moon Slits Bottom Panel,Yes 1000 Envelopes A7
Majestic,Silk,7 x 10,Vertical,Rectangle,16PT C2S,No Coating,Silk,n/a,4/0,75,Score in Half,Moon Slits Bottom Panel,Yes 1000 Envelopes A7
Majestic,Silk,7 x 10,Horizontal,Rectangle,16PT C2S,No Coating,Silk,n/a,4/1,75,Score in Half,Moon Slits Bottom Panel,Yes 1000 Envelopes A7
Majestic,Silk,7 x 10,Vertical,Rectangle,16PT C2S,No Coating,Silk,n/a,4/1,75,Score in Half,Moon Slits Bottom Panel,Yes 1000 Envelopes A7
Majestic,Silk,7 x 10,Horizontal,Rectangle,16PT C2S,No Coating,Silk,n/a,4/4,75,Score in Half,Moon Slits Bottom Panel,Yes 1000 Envelopes A7
Majestic,Silk,7 x 10,Vertical,Rectangle,16PT C2S,No Coating,Silk,n/a,4/4,75,Score in Half,Moon Slits Bottom Panel,Yes 1000 Envelopes A7
Majestic,Silk,7 x 10,Horizontal,Rectangle,16PT C2S,No Coating,Silk,n/a,4/0,100,Score in Half,Moon Slits Bottom Panel,Yes 1000 Envelopes A7
Majestic,Silk,7 x 10,Vertical,Rectangle,16PT C2S,No Coating,Silk,n/a,4/0,100,Score in Half,Moon Slits Bottom Panel,Yes 1000 Envelopes A7
Majestic,Silk,7 x 10,Horizontal,Rectangle,16PT C2S,No Coating,Silk,n/a,4/1,100,Score in Half,Moon Slits Bottom Panel,Yes 1000 Envelopes A7
Majestic,Silk,7 x 10,Vertical,Rectangle,16PT C2S,No Coating,Silk,n/a,4/1,100,Score in Half,Moon Slits Bottom Panel,Yes 1000 Envelopes A7
Majestic,Silk,7 x 10,Vertical,Rectangle,16PT C2S,No Coating,Silk,n/a,4/4,100,Score in Half,Moon Slits Bottom Panel,Yes 1000 Envelopes A7
Majestic,Silk,7 x 10,Horizontal,Rectangle,16PT C2S,No Coating,Silk,n/a,4/4,100,Score in Half,Moon Slits Bottom Panel,Yes 1000 Envelopes A7
Majestic,Silk,7 x 10,Horizontal,Rectangle,16PT C2S,No Coating,Silk,n/a,4/0,250,Score in Half,Moon Slits Bottom Panel,Yes 1000 Envelopes A7
Majestic,Silk,7 x 10,Vertical,Rectangle,16PT C2S,No Coating,Silk,n/a,4/0,250,Score in Half,Moon Slits Bottom Panel,Yes 1000 Envelopes A7
Majestic,Silk,7 x 10,Horizontal,Rectangle,16PT C2S,No Coating,Silk,n/a,4/1,250,Score in Half,Moon Slits Bottom Panel,Yes 1000 Envelopes A7
Majestic,Silk,7 x 10,Horizontal,Rectangle,16PT C2S,No Coating,Silk,n/a,4/4,250,Score in Half,Moon Slits Bottom Panel,Yes 1000 Envelopes A7
Majestic,Silk,7 x 10,Vertical,Rectangle,16PT C2S,No Coating,Silk,n/a,4/1,250,Score in Half,Moon Slits Bottom Panel,Yes 1000 Envelopes A7
Majestic,Silk,7 x 10,Vertical,Rectangle,16PT C2S,No Coating,Silk,n/a,4/4,250,Score in Half,Moon Slits Bottom Panel,Yes 1000 Envelopes A7
Majestic,Silk,7 x 10,Horizontal,Rectangle,16PT C2S,No Coating,Silk,n/a,4/0,500,Score in Half,Moon Slits Bottom Panel,Yes 1000 Envelopes A7
Majestic,Silk,7 x 10,Vertical,Rectangle,16PT C2S,No Coating,Silk,n/a,4/0,500,Score in Half,Moon Slits Bottom Panel,Yes 1000 Envelopes A7
Majestic,Silk,7 x 10,Horizontal,Rectangle,16PT C2S,No Coating,Silk,n/a,4/1,500,Score in Half,Moon Slits Bottom Panel,Yes 1000 Envelopes A7
Majestic,Silk,7 x 10,Vertical,Rectangle,16PT C2S,No Coating,Silk,n/a,4/1,500,Score in Half,Moon Slits Bottom Panel,Yes 1000 Envelopes A7
Majestic,Silk,7 x 10,Horizontal,Rectangle,16PT C2S,No Coating,Silk,n/a,4/4,500,Score in Half,Moon Slits Bottom Panel,Yes 1000 Envelopes A7
Majestic,Silk,7 x 10,Vertical,Rectangle,16PT C2S,No Coating,Silk,n/a,4/4,500,Score in Half,Moon Slits Bottom Panel,Yes 1000 Envelopes A7
Majestic,Silk,7 x 10,Horizontal,Rectangle,16PT C2S,No Coating,Silk,n/a,4/0,1000,Score in Half,Moon Slits Bottom Panel,Yes 1000 Envelopes A7
Majestic,Silk,7 x 10,Vertical,Rectangle,16PT C2S,No Coating,Silk,n/a,4/0,1000,Score in Half,Moon Slits Bottom Panel,Yes 1000 Envelopes A7
Majestic,Silk,7 x 10,Horizontal,Rectangle,16PT C2S,No Coating,Silk,n/a,4/1,1000,Score in Half,Moon Slits Bottom Panel,Yes 1000 Envelopes A7
Majestic,Silk,7 x 10,Vertical,Rectangle,16PT C2S,No Coating,Silk,n/a,4/1,1000,Score in Half,Moon Slits Bottom Panel,Yes 1000 Envelopes A7
Majestic,Silk,7 x 10,Horizontal,Rectangle,16PT C2S,No Coating,Silk,n/a,4/4,1000,Score in Half,Moon Slits Bottom Panel,Yes 1000 Envelopes A7
Majestic,Silk,7 x 10,Vertical,Rectangle,16PT C2S,No Coating,Silk,n/a,4/4,1000,Score in Half,Moon Slits Bottom Panel,Yes 1000 Envelopes A7
Majestic,Silk,7 x 10,Horizontal,Rectangle,16PT C2S,No Coating,Silk,n/a,4/0,2500,Score in Half,Moon Slits Bottom Panel,Yes 1000 Envelopes A7
Majestic,Silk,7 x 10,Vertical,Rectangle,16PT C2S,No Coating,Silk,n/a,4/0,2500,Score in Half,Moon Slits Bottom Panel,Yes 1000 Envelopes A7
Majestic,Silk,7 x 10,Horizontal,Rectangle,16PT C2S,No Coating,Silk,n/a,4/1,2500,Score in Half,Moon Slits Bottom Panel,Yes 1000 Envelopes A7
Majestic,Silk,7 x 10,Vertical,Rectangle,16PT C2S,No Coating,Silk,n/a,4/1,2500,Score in Half,Moon Slits Bottom Panel,Yes 1000 Envelopes A7
Majestic,Silk,7 x 10,Horizontal,Rectangle,16PT C2S,No Coating,Silk,n/a,4/4,2500,Score in Half,Moon Slits Bottom Panel,Yes 1000 Envelopes A7
Majestic,Silk,7 x 10,Vertical,Rectangle,16PT C2S,No Coating,Silk,n/a,4/4,2500,Score in Half,Moon Slits Bottom Panel,Yes 1000 Envelopes A7
Majestic,Silk,7 x 10,Horizontal,Rectangle,16PT C2S,No Coating,Silk,n/a,4/0,5000,Score in Half,Moon Slits Bottom Panel,Yes 1000 Envelopes A7
Majestic,Silk,7 x 10,Horizontal,Rectangle,16PT C2S,No Coating,Silk,n/a,4/1,5000,Score in Half,Moon Slits Bottom Panel,Yes 1000 Envelopes A7
Majestic,Silk,7 x 10,Vertical,Rectangle,16PT C2S,No Coating,Silk,n/a,4/0,5000,Score in Half,Moon Slits Bottom Panel,Yes 1000 Envelopes A7
Majestic,Silk,7 x 10,Vertical,Rectangle,16PT C2S,No Coating,Silk,n/a,4/1,5000,Score in Half,Moon Slits Bottom Panel,Yes 1000 Envelopes A7
Majestic,Silk,7 x 10,Horizontal,Rectangle,16PT C2S,No Coating,Silk,n/a,4/4,5000,Score in Half,Moon Slits Bottom Panel,Yes 1000 Envelopes A7
Majestic,Silk,7 x 10,Horizontal,Rectangle,16PT C2S,No Coating,Silk,n/a,4/0,10000,Score in Half,Moon Slits Bottom Panel,Yes 1000 Envelopes A7
Majestic,Silk,7 x 10,Vertical,Rectangle,16PT C2S,No Coating,Silk,n/a,4/0,10000,Score in Half,Moon Slits Bottom Panel,Yes 1000 Envelopes A7
Majestic,Silk,7 x 10,Vertical,Rectangle,16PT C2S,No Coating,Silk,n/a,4/4,5000,Score in Half,Moon Slits Bottom Panel,Yes 1000 Envelopes A7
Majestic,Silk,7 x 10,Horizontal,Rectangle,16PT C2S,No Coating,Silk,n/a,4/1,10000,Score in Half,Moon Slits Bottom Panel,Yes 1000 Envelopes A7
Majestic,Silk,7 x 10,Vertical,Rectangle,16PT C2S,No Coating,Silk,n/a,4/1,10000,Score in Half,Moon Slits Bottom Panel,Yes 1000 Envelopes A7
Majestic,Silk,7 x 10,Horizontal,Rectangle,16PT C2S,No Coating,Silk,n/a,4/4,10000,Score in Half,Moon Slits Bottom Panel,Yes 1000 Envelopes A7
Majestic,Silk,7 x 10,Vertical,Rectangle,16PT C2S,No Coating,Silk,n/a,4/4,10000,Score in Half,Moon Slits Bottom Panel,Yes 1000 Envelopes A7
Majestic,Silk,7 x 10,Horizontal,Rectangle,16PT C2S,No Coating,Silk,n/a,4/0,25,Score in Half,Moon Slits Right Panel,Yes 1000 Envelopes A7
Majestic,Silk,7 x 10,Vertical,Rectangle,16PT C2S,No Coating,Silk,n/a,4/0,25,Score in Half,Moon Slits Right Panel,Yes 1000 Envelopes A7
Majestic,Silk,7 x 10,Horizontal,Rectangle,16PT C2S,No Coating,Silk,n/a,4/1,25,Score in Half,Moon Slits Right Panel,Yes 1000 Envelopes A7
Majestic,Silk,7 x 10,Vertical,Rectangle,16PT C2S,No Coating,Silk,n/a,4/1,25,Score in Half,Moon Slits Right Panel,Yes 1000 Envelopes A7
Majestic,Silk,7 x 10,Horizontal,Rectangle,16PT C2S,No Coating,Silk,n/a,4/4,25,Score in Half,Moon Slits Right Panel,Yes 1000 Envelopes A7
Majestic,Silk,7 x 10,Vertical,Rectangle,16PT C2S,No Coating,Silk,n/a,4/4,25,Score in Half,Moon Slits Right Panel,Yes 1000 Envelopes A7
Majestic,Silk,7 x 10,Horizontal,Rectangle,16PT C2S,No Coating,Silk,n/a,4/0,50,Score in Half,Moon Slits Right Panel,Yes 1000 Envelopes A7
Majestic,Silk,7 x 10,Vertical,Rectangle,16PT C2S,No Coating,Silk,n/a,4/0,50,Score in Half,Moon Slits Right Panel,Yes 1000 Envelopes A7
Majestic,Silk,7 x 10,Horizontal,Rectangle,16PT C2S,No Coating,Silk,n/a,4/1,50,Score in Half,Moon Slits Right Panel,Yes 1000 Envelopes A7
Majestic,Silk,7 x 10,Vertical,Rectangle,16PT C2S,No Coating,Silk,n/a,4/1,50,Score in Half,Moon Slits Right Panel,Yes 1000 Envelopes A7
Majestic,Silk,7 x 10,Horizontal,Rectangle,16PT C2S,No Coating,Silk,n/a,4/4,50,Score in Half,Moon Slits Right Panel,Yes 1000 Envelopes A7
Majestic,Silk,7 x 10,Vertical,Rectangle,16PT C2S,No Coating,Silk,n/a,4/4,50,Score in Half,Moon Slits Right Panel,Yes 1000 Envelopes A7
Majestic,Silk,7 x 10,Horizontal,Rectangle,16PT C2S,No Coating,Silk,n/a,4/0,75,Score in Half,Moon Slits Right Panel,Yes 1000 Envelopes A7
Majestic,Silk,7 x 10,Vertical,Rectangle,16PT C2S,No Coating,Silk,n/a,4/0,75,Score in Half,Moon Slits Right Panel,Yes 1000 Envelopes A7
Majestic,Silk,7 x 10,Horizontal,Rectangle,16PT C2S,No Coating,Silk,n/a,4/1,75,Score in Half,Moon Slits Right Panel,Yes 1000 Envelopes A7
Majestic,Silk,7 x 10,Vertical,Rectangle,16PT C2S,No Coating,Silk,n/a,4/1,75,Score in Half,Moon Slits Right Panel,Yes 1000 Envelopes A7
Majestic,Silk,7 x 10,Horizontal,Rectangle,16PT C2S,No Coating,Silk,n/a,4/4,75,Score in Half,Moon Slits Right Panel,Yes 1000 Envelopes A7
Majestic,Silk,7 x 10,Vertical,Rectangle,16PT C2S,No Coating,Silk,n/a,4/4,75,Score in Half,Moon Slits Right Panel,Yes 1000 Envelopes A7
Majestic,Silk,7 x 10,Horizontal,Rectangle,16PT C2S,No Coating,Silk,n/a,4/0,100,Score in Half,Moon Slits Right Panel,Yes 1000 Envelopes A7
Majestic,Silk,7 x 10,Horizontal,Rectangle,16PT C2S,No Coating,Silk,n/a,4/1,100,Score in Half,Moon Slits Right Panel,Yes 1000 Envelopes A7
Majestic,Silk,7 x 10,Vertical,Rectangle,16PT C2S,No Coating,Silk,n/a,4/0,100,Score in Half,Moon Slits Right Panel,Yes 1000 Envelopes A7
Majestic,Silk,7 x 10,Vertical,Rectangle,16PT C2S,No Coating,Silk,n/a,4/1,100,Score in Half,Moon Slits Right Panel,Yes 1000 Envelopes A7
Majestic,Silk,7 x 10,Horizontal,Rectangle,16PT C2S,No Coating,Silk,n/a,4/4,100,Score in Half,Moon Slits Right Panel,Yes 1000 Envelopes A7
Majestic,Silk,7 x 10,Vertical,Rectangle,16PT C2S,No Coating,Silk,n/a,4/4,100,Score in Half,Moon Slits Right Panel,Yes 1000 Envelopes A7
Majestic,Silk,7 x 10,Horizontal,Rectangle,16PT C2S,No Coating,Silk,n/a,4/0,250,Score in Half,Moon Slits Right Panel,Yes 1000 Envelopes A7
Majestic,Silk,7 x 10,Vertical,Rectangle,16PT C2S,No Coating,Silk,n/a,4/0,250,Score in Half,Moon Slits Right Panel,Yes 1000 Envelopes A7
Majestic,Silk,7 x 10,Horizontal,Rectangle,16PT C2S,No Coating,Silk,n/a,4/1,250,Score in Half,Moon Slits Right Panel,Yes 1000 Envelopes A7
Majestic,Silk,7 x 10,Vertical,Rectangle,16PT C2S,No Coating,Silk,n/a,4/1,250,Score in Half,Moon Slits Right Panel,Yes 1000 Envelopes A7
Majestic,Silk,7 x 10,Horizontal,Rectangle,16PT C2S,No Coating,Silk,n/a,4/4,250,Score in Half,Moon Slits Right Panel,Yes 1000 Envelopes A7
Majestic,Silk,7 x 10,Horizontal,Rectangle,16PT C2S,No Coating,Silk,n/a,4/0,500,Score in Half,Moon Slits Right Panel,Yes 1000 Envelopes A7
Majestic,Silk,7 x 10,Vertical,Rectangle,16PT C2S,No Coating,Silk,n/a,4/4,250,Score in Half,Moon Slits Right Panel,Yes 1000 Envelopes A7
Majestic,Silk,7 x 10,Vertical,Rectangle,16PT C2S,No Coating,Silk,n/a,4/0,500,Score in Half,Moon Slits Right Panel,Yes 1000 Envelopes A7
Majestic,Silk,7 x 10,Horizontal,Rectangle,16PT C2S,No Coating,Silk,n/a,4/1,500,Score in Half,Moon Slits Right Panel,Yes 1000 Envelopes A7
Majestic,Silk,7 x 10,Vertical,Rectangle,16PT C2S,No Coating,Silk,n/a,4/1,500,Score in Half,Moon Slits Right Panel,Yes 1000 Envelopes A7
Majestic,Silk,7 x 10,Horizontal,Rectangle,16PT C2S,No Coating,Silk,n/a,4/4,500,Score in Half,Moon Slits Right Panel,Yes 1000 Envelopes A7
Majestic,Silk,7 x 10,Vertical,Rectangle,16PT C2S,No Coating,Silk,n/a,4/4,500,Score in Half,Moon Slits Right Panel,Yes 1000 Envelopes A7
Majestic,Silk,7 x 10,Horizontal,Rectangle,16PT C2S,No Coating,Silk,n/a,4/0,1000,Score in Half,Moon Slits Right Panel,Yes 1000 Envelopes A7
Majestic,Silk,7 x 10,Vertical,Rectangle,16PT C2S,No Coating,Silk,n/a,4/0,1000,Score in Half,Moon Slits Right Panel,Yes 1000 Envelopes A7
Majestic,Silk,7 x 10,Horizontal,Rectangle,16PT C2S,No Coating,Silk,n/a,4/1,1000,Score in Half,Moon Slits Right Panel,Yes 1000 Envelopes A7
Majestic,Silk,7 x 10,Vertical,Rectangle,16PT C2S,No Coating,Silk,n/a,4/1,1000,Score in Half,Moon Slits Right Panel,Yes 1000 Envelopes A7
Majestic,Silk,7 x 10,Horizontal,Rectangle,16PT C2S,No Coating,Silk,n/a,4/4,1000,Score in Half,Moon Slits Right Panel,Yes 1000 Envelopes A7
Majestic,Silk,7 x 10,Vertical,Rectangle,16PT C2S,No Coating,Silk,n/a,4/4,1000,Score in Half,Moon Slits Right Panel,Yes 1000 Envelopes A7
Majestic,Silk,7 x 10,Vertical,Rectangle,16PT C2S,No Coating,Silk,n/a,4/0,2500,Score in Half,Moon Slits Right Panel,Yes 1000 Envelopes A7
Majestic,Silk,7 x 10,Horizontal,Rectangle,16PT C2S,No Coating,Silk,n/a,4/0,2500,Score in Half,Moon Slits Right Panel,Yes 1000 Envelopes A7
Majestic,Silk,7 x 10,Horizontal,Rectangle,16PT C2S,No Coating,Silk,n/a,4/1,2500,Score in Half,Moon Slits Right Panel,Yes 1000 Envelopes A7
Majestic,Silk,7 x 10,Vertical,Rectangle,16PT C2S,No Coating,Silk,n/a,4/1,2500,Score in Half,Moon Slits Right Panel,Yes 1000 Envelopes A7
Majestic,Silk,7 x 10,Horizontal,Rectangle,16PT C2S,No Coating,Silk,n/a,4/4,2500,Score in Half,Moon Slits Right Panel,Yes 1000 Envelopes A7
Majestic,Silk,7 x 10,Vertical,Rectangle,16PT C2S,No Coating,Silk,n/a,4/4,2500,Score in Half,Moon Slits Right Panel,Yes 1000 Envelopes A7
Majestic,Silk,7 x 10,Horizontal,Rectangle,16PT C2S,No Coating,Silk,n/a,4/0,5000,Score in Half,Moon Slits Right Panel,Yes 1000 Envelopes A7
Majestic,Silk,7 x 10,Vertical,Rectangle,16PT C2S,No Coating,Silk,n/a,4/0,5000,Score in Half,Moon Slits Right Panel,Yes 1000 Envelopes A7
Majestic,Silk,7 x 10,Horizontal,Rectangle,16PT C2S,No Coating,Silk,n/a,4/1,5000,Score in Half,Moon Slits Right Panel,Yes 1000 Envelopes A7
Majestic,Silk,7 x 10,Vertical,Rectangle,16PT C2S,No Coating,Silk,n/a,4/1,5000,Score in Half,Moon Slits Right Panel,Yes 1000 Envelopes A7
Majestic,Silk,7 x 10,Horizontal,Rectangle,16PT C2S,No Coating,Silk,n/a,4/4,5000,Score in Half,Moon Slits Right Panel,Yes 1000 Envelopes A7
Majestic,Silk,7 x 10,Vertical,Rectangle,16PT C2S,No Coating,Silk,n/a,4/4,5000,Score in Half,Moon Slits Right Panel,Yes 1000 Envelopes A7
Majestic,Silk,7 x 10,Horizontal,Rectangle,16PT C2S,No Coating,Silk,n/a,4/0,10000,Score in Half,Moon Slits Right Panel,Yes 1000 Envelopes A7
Majestic,Silk,7 x 10,Vertical,Rectangle,16PT C2S,No Coating,Silk,n/a,4/0,10000,Score in Half,Moon Slits Right Panel,Yes 1000 Envelopes A7
Majestic,Silk,7 x 10,Horizontal,Rectangle,16PT C2S,No Coating,Silk,n/a,4/1,10000,Score in Half,Moon Slits Right Panel,Yes 1000 Envelopes A7
Majestic,Silk,7 x 10,Vertical,Rectangle,16PT C2S,No Coating,Silk,n/a,4/1,10000,Score in Half,Moon Slits Right Panel,Yes 1000 Envelopes A7
Majestic,Silk,7 x 10,Horizontal,Rectangle,16PT C2S,No Coating,Silk,n/a,4/4,10000,Score in Half,Moon Slits Right Panel,Yes 1000 Envelopes A7
Majestic,Silk,7 x 10,Vertical,Rectangle,16PT C2S,No Coating,Silk,n/a,4/4,10000,Score in Half,Moon Slits Right Panel,Yes 1000 Envelopes A7
Majestic,Silk,7 x 10,Horizontal,Rectangle,16PT C2S,No Coating,Silk,n/a,4/0,25,Score in Half,No Gift Cards Slits,Yes 1000 Envelopes A7
Majestic,Silk,7 x 10,Vertical,Rectangle,16PT C2S,No Coating,Silk,n/a,4/0,25,Score in Half,No Gift Cards Slits,Yes 1000 Envelopes A7
Majestic,Silk,7 x 10,Horizontal,Rectangle,16PT C2S,No Coating,Silk,n/a,4/1,50,Score in Half,Slide Slits Bottom Panel,Yes 500 Envelopes A7
Majestic,Silk,7 x 10,Vertical,Rectangle,16PT C2S,No Coating,Silk,n/a,4/1,25,Score in Half,No Gift Cards Slits,Yes 1000 Envelopes A7
Majestic,Silk,7 x 10,Horizontal,Rectangle,16PT C2S,No Coating,Silk,n/a,4/4,25,Score in Half,No Gift Cards Slits,Yes 1000 Envelopes A7
Majestic,Silk,7 x 10,Vertical,Rectangle,16PT C2S,No Coating,Silk,n/a,4/4,25,Score in Half,No Gift Cards Slits,Yes 1000 Envelopes A7
Majestic,Silk,7 x 10,Horizontal,Rectangle,16PT C2S,No Coating,Silk,n/a,4/0,50,Score in Half,No Gift Cards Slits,Yes 1000 Envelopes A7
Majestic,Silk,7 x 10,Vertical,Rectangle,16PT C2S,No Coating,Silk,n/a,4/0,50,Score in Half,No Gift Cards Slits,Yes 1000 Envelopes A7
Majestic,Silk,7 x 10,Horizontal,Rectangle,16PT C2S,No Coating,Silk,n/a,4/1,50,Score in Half,No Gift Cards Slits,Yes 1000 Envelopes A7
Majestic,Silk,7 x 10,Vertical,Rectangle,16PT C2S,No Coating,Silk,n/a,4/1,50,Score in Half,No Gift Cards Slits,Yes 1000 Envelopes A7
Majestic,Silk,7 x 10,Horizontal,Rectangle,16PT C2S,No Coating,Silk,n/a,4/4,50,Score in Half,No Gift Cards Slits,Yes 1000 Envelopes A7
Majestic,Silk,7 x 10,Vertical,Rectangle,16PT C2S,No Coating,Silk,n/a,4/4,50,Score in Half,No Gift Cards Slits,Yes 1000 Envelopes A7
Majestic,Silk,7 x 10,Horizontal,Rectangle,16PT C2S,No Coating,Silk,n/a,4/0,75,Score in Half,No Gift Cards Slits,Yes 1000 Envelopes A7
Majestic,Silk,7 x 10,Vertical,Rectangle,16PT C2S,No Coating,Silk,n/a,4/0,75,Score in Half,No Gift Cards Slits,Yes 1000 Envelopes A7
Majestic,Silk,7 x 10,Horizontal,Rectangle,16PT C2S,No Coating,Silk,n/a,4/1,75,Score in Half,No Gift Cards Slits,Yes 1000 Envelopes A7
Majestic,Silk,7 x 10,Vertical,Rectangle,16PT C2S,No Coating,Silk,n/a,4/1,75,Score in Half,No Gift Cards Slits,Yes 1000 Envelopes A7
Majestic,Silk,7 x 10,Horizontal,Rectangle,16PT C2S,No Coating,Silk,n/a,4/4,75,Score in Half,No Gift Cards Slits,Yes 1000 Envelopes A7
Majestic,Silk,7 x 10,Vertical,Rectangle,16PT C2S,No Coating,Silk,n/a,4/4,75,Score in Half,No Gift Cards Slits,Yes 1000 Envelopes A7
Majestic,Silk,7 x 10,Horizontal,Rectangle,16PT C2S,No Coating,Silk,n/a,4/0,100,Score in Half,No Gift Cards Slits,Yes 1000 Envelopes A7
Majestic,Silk,7 x 10,Vertical,Rectangle,16PT C2S,No Coating,Silk,n/a,4/0,100,Score in Half,No Gift Cards Slits,Yes 1000 Envelopes A7
Majestic,Silk,7 x 10,Horizontal,Rectangle,16PT C2S,No Coating,Silk,n/a,4/1,100,Score in Half,No Gift Cards Slits,Yes 1000 Envelopes A7
Majestic,Silk,7 x 10,Vertical,Rectangle,16PT C2S,No Coating,Silk,n/a,4/1,100,Score in Half,No Gift Cards Slits,Yes 1000 Envelopes A7
Majestic,Silk,7 x 10,Horizontal,Rectangle,16PT C2S,No Coating,Silk,n/a,4/4,100,Score in Half,No Gift Cards Slits,Yes 1000 Envelopes A7
Majestic,Silk,7 x 10,Vertical,Rectangle,16PT C2S,No Coating,Silk,n/a,4/4,100,Score in Half,No Gift Cards Slits,Yes 1000 Envelopes A7
Majestic,Silk,7 x 10,Horizontal,Rectangle,16PT C2S,No Coating,Silk,n/a,4/0,250,Score in Half,No Gift Cards Slits,Yes 1000 Envelopes A7
Majestic,Silk,7 x 10,Vertical,Rectangle,16PT C2S,No Coating,Silk,n/a,4/0,250,Score in Half,No Gift Cards Slits,Yes 1000 Envelopes A7
Majestic,Silk,7 x 10,Horizontal,Rectangle,16PT C2S,No Coating,Silk,n/a,4/1,250,Score in Half,No Gift Cards Slits,Yes 1000 Envelopes A7
Majestic,Silk,7 x 10,Vertical,Rectangle,16PT C2S,No Coating,Silk,n/a,4/1,250,Score in Half,No Gift Cards Slits,Yes 1000 Envelopes A7
Majestic,Silk,7 x 10,Horizontal,Rectangle,16PT C2S,No Coating,Silk,n/a,4/4,250,Score in Half,No Gift Cards Slits,Yes 1000 Envelopes A7
Majestic,Silk,7 x 10,Vertical,Rectangle,16PT C2S,No Coating,Silk,n/a,4/4,250,Score in Half,No Gift Cards Slits,Yes 1000 Envelopes A7
Majestic,Silk,7 x 10,Vertical,Rectangle,16PT C2S,No Coating,Silk,n/a,4/0,500,Score in Half,No Gift Cards Slits,Yes 1000 Envelopes A7
Majestic,Silk,7 x 10,Horizontal,Rectangle,16PT C2S,No Coating,Silk,n/a,4/0,500,Score in Half,No Gift Cards Slits,Yes 1000 Envelopes A7
Majestic,Silk,7 x 10,Horizontal,Rectangle,16PT C2S,No Coating,Silk,n/a,4/1,500,Score in Half,No Gift Cards Slits,Yes 1000 Envelopes A7
Majestic,Silk,7 x 10,Vertical,Rectangle,16PT C2S,No Coating,Silk,n/a,4/1,500,Score in Half,No Gift Cards Slits,Yes 1000 Envelopes A7
Majestic,Silk,7 x 10,Horizontal,Rectangle,16PT C2S,No Coating,Silk,n/a,4/4,500,Score in Half,No Gift Cards Slits,Yes 1000 Envelopes A7
Majestic,Silk,7 x 10,Vertical,Rectangle,16PT C2S,No Coating,Silk,n/a,4/4,500,Score in Half,No Gift Cards Slits,Yes 1000 Envelopes A7
Majestic,Silk,7 x 10,Horizontal,Rectangle,16PT C2S,No Coating,Silk,n/a,4/0,1000,Score in Half,No Gift Cards Slits,Yes 1000 Envelopes A7
Majestic,Silk,7 x 10,Vertical,Rectangle,16PT C2S,No Coating,Silk,n/a,4/0,1000,Score in Half,No Gift Cards Slits,Yes 1000 Envelopes A7
Majestic,Silk,7 x 10,Horizontal,Rectangle,16PT C2S,No Coating,Silk,n/a,4/1,1000,Score in Half,No Gift Cards Slits,Yes 1000 Envelopes A7
Majestic,Silk,7 x 10,Vertical,Rectangle,16PT C2S,No Coating,Silk,n/a,4/1,1000,Score in Half,No Gift Cards Slits,Yes 1000 Envelopes A7
Majestic,Silk,7 x 10,Horizontal,Rectangle,16PT C2S,No Coating,Silk,n/a,4/4,1000,Score in Half,No Gift Cards Slits,Yes 1000 Envelopes A7
Majestic,Silk,7 x 10,Vertical,Rectangle,16PT C2S,No Coating,Silk,n/a,4/4,1000,Score in Half,No Gift Cards Slits,Yes 1000 Envelopes A7
Majestic,Silk,7 x 10,Horizontal,Rectangle,16PT C2S,No Coating,Silk,n/a,4/0,2500,Score in Half,No Gift Cards Slits,Yes 1000 Envelopes A7
Majestic,Silk,7 x 10,Vertical,Rectangle,16PT C2S,No Coating,Silk,n/a,4/0,2500,Score in Half,No Gift Cards Slits,Yes 1000 Envelopes A7
Majestic,Silk,7 x 10,Horizontal,Rectangle,16PT C2S,No Coating,Silk,n/a,4/1,2500,Score in Half,No Gift Cards Slits,Yes 1000 Envelopes A7
Majestic,Silk,7 x 10,Vertical,Rectangle,16PT C2S,No Coating,Silk,n/a,4/1,2500,Score in Half,No Gift Cards Slits,Yes 1000 Envelopes A7
Majestic,Silk,7 x 10,Horizontal,Rectangle,16PT C2S,No Coating,Silk,n/a,4/4,2500,Score in Half,No Gift Cards Slits,Yes 1000 Envelopes A7
Majestic,Silk,7 x 10,Vertical,Rectangle,16PT C2S,No Coating,Silk,n/a,4/4,2500,Score in Half,No Gift Cards Slits,Yes 1000 Envelopes A7
Majestic,Silk,7 x 10,Horizontal,Rectangle,16PT C2S,No Coating,Silk,n/a,4/0,5000,Score in Half,No Gift Cards Slits,Yes 1000 Envelopes A7
Majestic,Silk,7 x 10,Vertical,Rectangle,16PT C2S,No Coating,Silk,n/a,4/0,5000,Score in Half,No Gift Cards Slits,Yes 1000 Envelopes A7
Majestic,Silk,7 x 10,Horizontal,Rectangle,16PT C2S,No Coating,Silk,n/a,4/1,5000,Score in Half,No Gift Cards Slits,Yes 1000 Envelopes A7
Majestic,Silk,7 x 10,Vertical,Rectangle,16PT C2S,No Coating,Silk,n/a,4/1,5000,Score in Half,No Gift Cards Slits,Yes 1000 Envelopes A7
Majestic,Silk,7 x 10,Horizontal,Rectangle,16PT C2S,No Coating,Silk,n/a,4/4,5000,Score in Half,No Gift Cards Slits,Yes 1000 Envelopes A7
Majestic,Silk,7 x 10,Vertical,Rectangle,16PT C2S,No Coating,Silk,n/a,4/4,5000,Score in Half,No Gift Cards Slits,Yes 1000 Envelopes A7
Majestic,Silk,7 x 10,Horizontal,Rectangle,16PT C2S,No Coating,Silk,n/a,4/0,10000,Score in Half,No Gift Cards Slits,Yes 1000 Envelopes A7
Majestic,Silk,7 x 10,Vertical,Rectangle,16PT C2S,No Coating,Silk,n/a,4/0,10000,Score in Half,No Gift Cards Slits,Yes 1000 Envelopes A7
Majestic,Silk,7 x 10,Horizontal,Rectangle,16PT C2S,No Coating,Silk,n/a,4/1,10000,Score in Half,No Gift Cards Slits,Yes 1000 Envelopes A7
Majestic,Silk,7 x 10,Vertical,Rectangle,16PT C2S,No Coating,Silk,n/a,4/1,10000,Score in Half,No Gift Cards Slits,Yes 1000 Envelopes A7
Majestic,Silk,7 x 10,Horizontal,Rectangle,16PT C2S,No Coating,Silk,n/a,4/4,10000,Score in Half,No Gift Cards Slits,Yes 1000 Envelopes A7
Majestic,Silk,7 x 10,Vertical,Rectangle,16PT C2S,No Coating,Silk,n/a,4/4,10000,Score in Half,No Gift Cards Slits,Yes 1000 Envelopes A7
Majestic,Silk,7 x 10,Horizontal,Rectangle,16PT C2S,No Coating,Silk,n/a,4/0,25,Score in Half,Slide Slits Bottom Panel,Yes 1000 Envelopes A7
Majestic,Silk,7 x 10,Vertical,Rectangle,16PT C2S,No Coating,Silk,n/a,4/0,25,Score in Half,Slide Slits Bottom Panel,Yes 1000 Envelopes A7
Majestic,Silk,7 x 10,Horizontal,Rectangle,16PT C2S,No Coating,Silk,n/a,4/1,25,Score in Half,Slide Slits Bottom Panel,Yes 1000 Envelopes A7
Majestic,Silk,7 x 10,Vertical,Rectangle,16PT C2S,No Coating,Silk,n/a,4/1,25,Score in Half,Slide Slits Bottom Panel,Yes 1000 Envelopes A7
Majestic,Silk,7 x 10,Horizontal,Rectangle,16PT C2S,No Coating,Silk,n/a,4/4,25,Score in Half,Slide Slits Bottom Panel,Yes 1000 Envelopes A7
Majestic,Silk,7 x 10,Vertical,Rectangle,16PT C2S,No Coating,Silk,n/a,4/4,25,Score in Half,Slide Slits Bottom Panel,Yes 1000 Envelopes A7
Majestic,Silk,7 x 10,Vertical,Rectangle,16PT C2S,No Coating,Silk,n/a,4/1,50,Score in Half,Moon Slits Bottom Panel,Yes 1000 Envelopes A7
Majestic,Silk,7 x 10,Vertical,Rectangle,16PT C2S,No Coating,Silk,n/a,4/0,50,Score in Half,Slide Slits Bottom Panel,Yes 1000 Envelopes A7
Majestic,Silk,7 x 10,Horizontal,Rectangle,16PT C2S,No Coating,Silk,n/a,4/1,50,Score in Half,Slide Slits Bottom Panel,Yes 1000 Envelopes A7
Majestic,Silk,7 x 10,Vertical,Rectangle,16PT C2S,No Coating,Silk,n/a,4/1,50,Score in Half,Slide Slits Bottom Panel,Yes 1000 Envelopes A7
Majestic,Silk,7 x 10,Horizontal,Rectangle,16PT C2S,No Coating,Silk,n/a,4/4,50,Score in Half,Slide Slits Bottom Panel,Yes 1000 Envelopes A7
Majestic,Silk,7 x 10,Vertical,Rectangle,16PT C2S,No Coating,Silk,n/a,4/4,50,Score in Half,Slide Slits Bottom Panel,Yes 1000 Envelopes A7
Majestic,Silk,7 x 10,Horizontal,Rectangle,16PT C2S,No Coating,Silk,n/a,4/0,75,Score in Half,Slide Slits Bottom Panel,Yes 1000 Envelopes A7
Majestic,Silk,7 x 10,Vertical,Rectangle,16PT C2S,No Coating,Silk,n/a,4/0,75,Score in Half,Slide Slits Bottom Panel,Yes 1000 Envelopes A7
Majestic,Silk,7 x 10,Horizontal,Rectangle,16PT C2S,No Coating,Silk,n/a,4/1,75,Score in Half,Slide Slits Bottom Panel,Yes 1000 Envelopes A7
Majestic,Silk,7 x 10,Vertical,Rectangle,16PT C2S,No Coating,Silk,n/a,4/1,75,Score in Half,Slide Slits Bottom Panel,Yes 1000 Envelopes A7
Majestic,Silk,7 x 10,Horizontal,Rectangle,16PT C2S,No Coating,Silk,n/a,4/4,75,Score in Half,Slide Slits Bottom Panel,Yes 1000 Envelopes A7
Majestic,Silk,7 x 10,Vertical,Rectangle,16PT C2S,No Coating,Silk,n/a,4/4,75,Score in Half,Slide Slits Bottom Panel,Yes 1000 Envelopes A7
Majestic,Silk,7 x 10,Horizontal,Rectangle,16PT C2S,No Coating,Silk,n/a,4/0,100,Score in Half,Slide Slits Bottom Panel,Yes 1000 Envelopes A7
Majestic,Silk,7 x 10,Horizontal,Rectangle,16PT C2S,No Coating,Silk,n/a,4/1,100,Score in Half,Slide Slits Bottom Panel,Yes 1000 Envelopes A7
Majestic,Silk,7 x 10,Vertical,Rectangle,16PT C2S,No Coating,Silk,n/a,4/1,100,Score in Half,Slide Slits Bottom Panel,Yes 1000 Envelopes A7
Majestic,Silk,7 x 10,Horizontal,Rectangle,16PT C2S,No Coating,Silk,n/a,4/4,100,Score in Half,Slide Slits Bottom Panel,Yes 1000 Envelopes A7
Majestic,Silk,7 x 10,Vertical,Rectangle,16PT C2S,No Coating,Silk,n/a,4/0,100,Score in Half,Slide Slits Bottom Panel,Yes 1000 Envelopes A7
Majestic,Silk,7 x 10,Vertical,Rectangle,16PT C2S,No Coating,Silk,n/a,4/4,100,Score in Half,Slide Slits Bottom Panel,Yes 1000 Envelopes A7
Majestic,Silk,7 x 10,Horizontal,Rectangle,16PT C2S,No Coating,Silk,n/a,4/0,250,Score in Half,Slide Slits Bottom Panel,Yes 1000 Envelopes A7
Majestic,Silk,7 x 10,Vertical,Rectangle,16PT C2S,No Coating,Silk,n/a,4/0,250,Score in Half,Slide Slits Bottom Panel,Yes 1000 Envelopes A7
Majestic,Silk,7 x 10,Horizontal,Rectangle,16PT C2S,No Coating,Silk,n/a,4/1,250,Score in Half,Slide Slits Bottom Panel,Yes 1000 Envelopes A7
Majestic,Silk,7 x 10,Vertical,Rectangle,16PT C2S,No Coating,Silk,n/a,4/1,250,Score in Half,Slide Slits Bottom Panel,Yes 1000 Envelopes A7
Majestic,Silk,7 x 10,Horizontal,Rectangle,16PT C2S,No Coating,Silk,n/a,4/4,250,Score in Half,Slide Slits Bottom Panel,Yes 1000 Envelopes A7
Majestic,Silk,7 x 10,Vertical,Rectangle,16PT C2S,No Coating,Silk,n/a,4/4,250,Score in Half,Slide Slits Bottom Panel,Yes 1000 Envelopes A7
Majestic,Silk,7 x 10,Horizontal,Rectangle,16PT C2S,No Coating,Silk,n/a,4/0,500,Score in Half,Slide Slits Bottom Panel,Yes 1000 Envelopes A7
Majestic,Silk,7 x 10,Vertical,Rectangle,16PT C2S,No Coating,Silk,n/a,4/0,500,Score in Half,Slide Slits Bottom Panel,Yes 1000 Envelopes A7
Majestic,Silk,7 x 10,Horizontal,Rectangle,16PT C2S,No Coating,Silk,n/a,4/1,500,Score in Half,Slide Slits Bottom Panel,Yes 1000 Envelopes A7
Majestic,Silk,7 x 10,Vertical,Rectangle,16PT C2S,No Coating,Silk,n/a,4/1,500,Score in Half,Slide Slits Bottom Panel,Yes 1000 Envelopes A7
Majestic,Silk,7 x 10,Horizontal,Rectangle,16PT C2S,No Coating,Silk,n/a,4/4,500,Score in Half,Slide Slits Bottom Panel,Yes 1000 Envelopes A7
Majestic,Silk,7 x 10,Vertical,Rectangle,16PT C2S,No Coating,Silk,n/a,4/4,500,Score in Half,Slide Slits Bottom Panel,Yes 1000 Envelopes A7
Majestic,Silk,7 x 10,Horizontal,Rectangle,16PT C2S,No Coating,Silk,n/a,4/0,1000,Score in Half,Slide Slits Bottom Panel,Yes 1000 Envelopes A7
Majestic,Silk,7 x 10,Vertical,Rectangle,16PT C2S,No Coating,Silk,n/a,4/0,1000,Score in Half,Slide Slits Bottom Panel,Yes 1000 Envelopes A7
Majestic,Silk,7 x 10,Horizontal,Rectangle,16PT C2S,No Coating,Silk,n/a,4/1,1000,Score in Half,Slide Slits Bottom Panel,Yes 1000 Envelopes A7
Majestic,Silk,7 x 10,Vertical,Rectangle,16PT C2S,No Coating,Silk,n/a,4/1,1000,Score in Half,Slide Slits Bottom Panel,Yes 1000 Envelopes A7
Majestic,Silk,7 x 10,Horizontal,Rectangle,16PT C2S,No Coating,Silk,n/a,4/4,1000,Score in Half,Slide Slits Bottom Panel,Yes 1000 Envelopes A7
Majestic,Silk,7 x 10,Vertical,Rectangle,16PT C2S,No Coating,Silk,n/a,4/4,1000,Score in Half,Slide Slits Bottom Panel,Yes 1000 Envelopes A7
Majestic,Silk,7 x 10,Horizontal,Rectangle,16PT C2S,No Coating,Silk,n/a,4/0,2500,Score in Half,Slide Slits Bottom Panel,Yes 1000 Envelopes A7
Majestic,Silk,7 x 10,Vertical,Rectangle,16PT C2S,No Coating,Silk,n/a,4/0,2500,Score in Half,Slide Slits Bottom Panel,Yes 1000 Envelopes A7
Majestic,Silk,7 x 10,Horizontal,Rectangle,16PT C2S,No Coating,Silk,n/a,4/1,2500,Score in Half,Slide Slits Bottom Panel,Yes 1000 Envelopes A7
Majestic,Silk,7 x 10,Vertical,Rectangle,16PT C2S,No Coating,Silk,n/a,4/1,2500,Score in Half,Slide Slits Bottom Panel,Yes 1000 Envelopes A7
Majestic,Silk,7 x 10,Horizontal,Rectangle,16PT C2S,No Coating,Silk,n/a,4/4,2500,Score in Half,Slide Slits Bottom Panel,Yes 1000 Envelopes A7
Majestic,Silk,7 x 10,Vertical,Rectangle,16PT C2S,No Coating,Silk,n/a,4/4,2500,Score in Half,Slide Slits Bottom Panel,Yes 1000 Envelopes A7
Majestic,Silk,7 x 10,Horizontal,Rectangle,16PT C2S,No Coating,Silk,n/a,4/0,5000,Score in Half,Slide Slits Bottom Panel,Yes 1000 Envelopes A7
Majestic,Silk,7 x 10,Vertical,Rectangle,16PT C2S,No Coating,Silk,n/a,4/0,5000,Score in Half,Slide Slits Bottom Panel,Yes 1000 Envelopes A7
Majestic,Silk,7 x 10,Horizontal,Rectangle,16PT C2S,No Coating,Silk,n/a,4/1,5000,Score in Half,Slide Slits Bottom Panel,Yes 1000 Envelopes A7
Majestic,Silk,7 x 10,Vertical,Rectangle,16PT C2S,No Coating,Silk,n/a,4/1,5000,Score in Half,Slide Slits Bottom Panel,Yes 1000 Envelopes A7
Majestic,Silk,7 x 10,Horizontal,Rectangle,16PT C2S,No Coating,Silk,n/a,4/4,5000,Score in Half,Slide Slits Bottom Panel,Yes 1000 Envelopes A7
Majestic,Silk,7 x 10,Vertical,Rectangle,16PT C2S,No Coating,Silk,n/a,4/4,5000,Score in Half,Slide Slits Bottom Panel,Yes 1000 Envelopes A7
Majestic,Silk,7 x 10,Horizontal,Rectangle,16PT C2S,No Coating,Silk,n/a,4/0,10000,Score in Half,Slide Slits Bottom Panel,Yes 1000 Envelopes A7
Majestic,Silk,7 x 10,Vertical,Rectangle,16PT C2S,No Coating,Silk,n/a,4/0,10000,Score in Half,Slide Slits Bottom Panel,Yes 1000 Envelopes A7
Majestic,Silk,7 x 10,Horizontal,Rectangle,16PT C2S,No Coating,Silk,n/a,4/1,10000,Score in Half,Slide Slits Bottom Panel,Yes 1000 Envelopes A7
Majestic,Silk,7 x 10,Vertical,Rectangle,16PT C2S,No Coating,Silk,n/a,4/1,10000,Score in Half,Slide Slits Bottom Panel,Yes 1000 Envelopes A7
Majestic,Silk,7 x 10,Horizontal,Rectangle,16PT C2S,No Coating,Silk,n/a,4/4,10000,Score in Half,Slide Slits Bottom Panel,Yes 1000 Envelopes A7
Majestic,Silk,7 x 10,Horizontal,Rectangle,16PT C2S,No Coating,Silk,n/a,4/1,25,Score in Half,No Gift Cards Slits,Yes 1000 Envelopes A7
Majestic,Silk,7 x 10,Horizontal,Rectangle,16PT C2S,No Coating,Silk,n/a,4/0,25,Score in Half,Slide Slits Right Panel,Yes 1000 Envelopes A7
Majestic,Silk,7 x 10,Vertical,Rectangle,16PT C2S,No Coating,Silk,n/a,4/0,25,Score in Half,Slide Slits Right Panel,Yes 1000 Envelopes A7
Majestic,Silk,7 x 10,Horizontal,Rectangle,16PT C2S,No Coating,Silk,n/a,4/1,25,Score in Half,Slide Slits Right Panel,Yes 1000 Envelopes A7
Majestic,Silk,7 x 10,Vertical,Rectangle,16PT C2S,No Coating,Silk,n/a,4/1,25,Score in Half,Slide Slits Right Panel,Yes 1000 Envelopes A7
Majestic,Silk,7 x 10,Horizontal,Rectangle,16PT C2S,No Coating,Silk,n/a,4/4,25,Score in Half,Slide Slits Right Panel,Yes 1000 Envelopes A7
Majestic,Silk,7 x 10,Vertical,Rectangle,16PT C2S,No Coating,Silk,n/a,4/4,25,Score in Half,Slide Slits Right Panel,Yes 1000 Envelopes A7
Majestic,Silk,7 x 10,Horizontal,Rectangle,16PT C2S,No Coating,Silk,n/a,4/0,50,Score in Half,Slide Slits Right Panel,Yes 1000 Envelopes A7
Majestic,Silk,7 x 10,Vertical,Rectangle,16PT C2S,No Coating,Silk,n/a,4/0,50,Score in Half,Slide Slits Right Panel,Yes 1000 Envelopes A7
Majestic,Silk,7 x 10,Horizontal,Rectangle,16PT C2S,No Coating,Silk,n/a,4/1,50,Score in Half,Slide Slits Right Panel,Yes 1000 Envelopes A7
Majestic,Silk,7 x 10,Horizontal,Rectangle,16PT C2S,No Coating,Silk,n/a,4/0,50,Score in Half,Slide Slits Bottom Panel,Yes 1000 Envelopes A7
Majestic,Silk,7 x 10,Horizontal,Rectangle,16PT C2S,No Coating,Silk,n/a,4/4,50,Score in Half,Slide Slits Right Panel,Yes 1000 Envelopes A7
Majestic,Silk,7 x 10,Vertical,Rectangle,16PT C2S,No Coating,Silk,n/a,4/4,50,Score in Half,Slide Slits Right Panel,Yes 1000 Envelopes A7
Majestic,Silk,7 x 10,Horizontal,Rectangle,16PT C2S,No Coating,Silk,n/a,4/0,75,Score in Half,Slide Slits Right Panel,Yes 1000 Envelopes A7
Majestic,Silk,7 x 10,Vertical,Rectangle,16PT C2S,No Coating,Silk,n/a,4/0,75,Score in Half,Slide Slits Right Panel,Yes 1000 Envelopes A7
Majestic,Silk,7 x 10,Horizontal,Rectangle,16PT C2S,No Coating,Silk,n/a,4/1,75,Score in Half,Slide Slits Right Panel,Yes 1000 Envelopes A7
Majestic,Silk,7 x 10,Vertical,Rectangle,16PT C2S,No Coating,Silk,n/a,4/1,75,Score in Half,Slide Slits Right Panel,Yes 1000 Envelopes A7
Majestic,Silk,7 x 10,Horizontal,Rectangle,16PT C2S,No Coating,Silk,n/a,4/4,75,Score in Half,Slide Slits Right Panel,Yes 1000 Envelopes A7
Majestic,Silk,7 x 10,Vertical,Rectangle,16PT C2S,No Coating,Silk,n/a,4/4,75,Score in Half,Slide Slits Right Panel,Yes 1000 Envelopes A7
Majestic,Silk,7 x 10,Horizontal,Rectangle,16PT C2S,No Coating,Silk,n/a,4/0,100,Score in Half,Slide Slits Right Panel,Yes 1000 Envelopes A7
Majestic,Silk,7 x 10,Vertical,Rectangle,16PT C2S,No Coating,Silk,n/a,4/0,100,Score in Half,Slide Slits Right Panel,Yes 1000 Envelopes A7
Majestic,Silk,7 x 10,Horizontal,Rectangle,16PT C2S,No Coating,Silk,n/a,4/1,100,Score in Half,Slide Slits Right Panel,Yes 1000 Envelopes A7
Majestic,Silk,7 x 10,Vertical,Rectangle,16PT C2S,No Coating,Silk,n/a,4/1,100,Score in Half,Slide Slits Right Panel,Yes 1000 Envelopes A7
Majestic,Silk,7 x 10,Horizontal,Rectangle,16PT C2S,No Coating,Silk,n/a,4/4,100,Score in Half,Slide Slits Right Panel,Yes 1000 Envelopes A7
Majestic,Silk,7 x 10,Vertical,Rectangle,16PT C2S,No Coating,Silk,n/a,4/4,100,Score in Half,Slide Slits Right Panel,Yes 1000 Envelopes A7
Majestic,Silk,7 x 10,Horizontal,Rectangle,16PT C2S,No Coating,Silk,n/a,4/0,250,Score in Half,Slide Slits Right Panel,Yes 1000 Envelopes A7
Majestic,Silk,7 x 10,Vertical,Rectangle,16PT C2S,No Coating,Silk,n/a,4/0,250,Score in Half,Slide Slits Right Panel,Yes 1000 Envelopes A7
Majestic,Silk,7 x 10,Horizontal,Rectangle,16PT C2S,No Coating,Silk,n/a,4/1,250,Score in Half,Slide Slits Right Panel,Yes 1000 Envelopes A7
Majestic,Silk,7 x 10,Vertical,Rectangle,16PT C2S,No Coating,Silk,n/a,4/1,250,Score in Half,Slide Slits Right Panel,Yes 1000 Envelopes A7
Majestic,Silk,7 x 10,Horizontal,Rectangle,16PT C2S,No Coating,Silk,n/a,4/4,250,Score in Half,Slide Slits Right Panel,Yes 1000 Envelopes A7
Majestic,Silk,7 x 10,Vertical,Rectangle,16PT C2S,No Coating,Silk,n/a,4/4,250,Score in Half,Slide Slits Right Panel,Yes 1000 Envelopes A7
Majestic,Silk,7 x 10,Horizontal,Rectangle,16PT C2S,No Coating,Silk,n/a,4/0,500,Score in Half,Slide Slits Right Panel,Yes 1000 Envelopes A7
Majestic,Silk,7 x 10,Vertical,Rectangle,16PT C2S,No Coating,Silk,n/a,4/0,500,Score in Half,Slide Slits Right Panel,Yes 1000 Envelopes A7
Majestic,Silk,7 x 10,Horizontal,Rectangle,16PT C2S,No Coating,Silk,n/a,4/1,500,Score in Half,Slide Slits Right Panel,Yes 1000 Envelopes A7
Majestic,Silk,7 x 10,Vertical,Rectangle,16PT C2S,No Coating,Silk,n/a,4/1,500,Score in Half,Slide Slits Right Panel,Yes 1000 Envelopes A7
Majestic,Silk,7 x 10,Horizontal,Rectangle,16PT C2S,No Coating,Silk,n/a,4/4,500,Score in Half,Slide Slits Right Panel,Yes 1000 Envelopes A7
Majestic,Silk,7 x 10,Vertical,Rectangle,16PT C2S,No Coating,Silk,n/a,4/4,500,Score in Half,Slide Slits Right Panel,Yes 1000 Envelopes A7
Majestic,Silk,7 x 10,Horizontal,Rectangle,16PT C2S,No Coating,Silk,n/a,4/0,1000,Score in Half,Slide Slits Right Panel,Yes 1000 Envelopes A7
Majestic,Silk,7 x 10,Vertical,Rectangle,16PT C2S,No Coating,Silk,n/a,4/0,1000,Score in Half,Slide Slits Right Panel,Yes 1000 Envelopes A7
Majestic,Silk,7 x 10,Horizontal,Rectangle,16PT C2S,No Coating,Silk,n/a,4/1,1000,Score in Half,Slide Slits Right Panel,Yes 1000 Envelopes A7
Majestic,Silk,7 x 10,Vertical,Rectangle,16PT C2S,No Coating,Silk,n/a,4/1,1000,Score in Half,Slide Slits Right Panel,Yes 1000 Envelopes A7
Majestic,Silk,7 x 10,Horizontal,Rectangle,16PT C2S,No Coating,Silk,n/a,4/4,1000,Score in Half,Slide Slits Right Panel,Yes 1000 Envelopes A7
Majestic,Silk,7 x 10,Vertical,Rectangle,16PT C2S,No Coating,Silk,n/a,4/4,1000,Score in Half,Slide Slits Right Panel,Yes 1000 Envelopes A7
Majestic,Silk,7 x 10,Horizontal,Rectangle,16PT C2S,No Coating,Silk,n/a,4/0,2500,Score in Half,Slide Slits Right Panel,Yes 1000 Envelopes A7
Majestic,Silk,7 x 10,Vertical,Rectangle,16PT C2S,No Coating,Silk,n/a,4/0,2500,Score in Half,Slide Slits Right Panel,Yes 1000 Envelopes A7
Majestic,Silk,7 x 10,Horizontal,Rectangle,16PT C2S,No Coating,Silk,n/a,4/1,2500,Score in Half,Slide Slits Right Panel,Yes 1000 Envelopes A7
Majestic,Silk,7 x 10,Horizontal,Rectangle,16PT C2S,No Coating,Silk,n/a,4/4,2500,Score in Half,Slide Slits Right Panel,Yes 1000 Envelopes A7
Majestic,Silk,7 x 10,Vertical,Rectangle,16PT C2S,No Coating,Silk,n/a,4/1,2500,Score in Half,Slide Slits Right Panel,Yes 1000 Envelopes A7
Majestic,Silk,7 x 10,Vertical,Rectangle,16PT C2S,No Coating,Silk,n/a,4/4,2500,Score in Half,Slide Slits Right Panel,Yes 1000 Envelopes A7
Majestic,Silk,7 x 10,Horizontal,Rectangle,16PT C2S,No Coating,Silk,n/a,4/0,5000,Score in Half,Slide Slits Right Panel,Yes 1000 Envelopes A7
Majestic,Silk,7 x 10,Vertical,Rectangle,16PT C2S,No Coating,Silk,n/a,4/0,5000,Score in Half,Slide Slits Right Panel,Yes 1000 Envelopes A7
Majestic,Silk,7 x 10,Horizontal,Rectangle,16PT C2S,No Coating,Silk,n/a,4/1,5000,Score in Half,Slide Slits Right Panel,Yes 1000 Envelopes A7
Majestic,Silk,7 x 10,Vertical,Rectangle,16PT C2S,No Coating,Silk,n/a,4/1,5000,Score in Half,Slide Slits Right Panel,Yes 1000 Envelopes A7
Majestic,Silk,7 x 10,Horizontal,Rectangle,16PT C2S,No Coating,Silk,n/a,4/4,5000,Score in Half,Slide Slits Right Panel,Yes 1000 Envelopes A7
Majestic,Silk,7 x 10,Vertical,Rectangle,16PT C2S,No Coating,Silk,n/a,4/4,5000,Score in Half,Slide Slits Right Panel,Yes 1000 Envelopes A7
Majestic,Silk,7 x 10,Horizontal,Rectangle,16PT C2S,No Coating,Silk,n/a,4/0,10000,Score in Half,Slide Slits Right Panel,Yes 1000 Envelopes A7
Majestic,Silk,7 x 10,Vertical,Rectangle,16PT C2S,No Coating,Silk,n/a,4/0,10000,Score in Half,Slide Slits Right Panel,Yes 1000 Envelopes A7
Majestic,Silk,7 x 10,Horizontal,Rectangle,16PT C2S,No Coating,Silk,n/a,4/1,10000,Score in Half,Slide Slits Right Panel,Yes 1000 Envelopes A7
Majestic,Silk,7 x 10,Vertical,Rectangle,16PT C2S,No Coating,Silk,n/a,4/1,10000,Score in Half,Slide Slits Right Panel,Yes 1000 Envelopes A7
Majestic,Silk,7 x 10,Horizontal,Rectangle,16PT C2S,No Coating,Silk,n/a,4/4,10000,Score in Half,Slide Slits Right Panel,Yes 1000 Envelopes A7
Majestic,Silk,7 x 10,Horizontal,Rectangle,16PT C2S,No Coating,Silk,n/a,4/0,25,Score in Half,Moon Slits Bottom Panel,Yes 2500 Envelopes A7
Majestic,Silk,7 x 10,Vertical,Rectangle,16PT C2S,No Coating,Silk,n/a,4/4,10000,Score in Half,Slide Slits Right Panel,Yes 1000 Envelopes A7
Majestic,Silk,7 x 10,Vertical,Rectangle,16PT C2S,No Coating,Silk,n/a,4/0,25,Score in Half,Moon Slits Bottom Panel,Yes 2500 Envelopes A7
Majestic,Silk,7 x 10,Horizontal,Rectangle,16PT C2S,No Coating,Silk,n/a,4/1,25,Score in Half,Moon Slits Bottom Panel,Yes 2500 Envelopes A7
Majestic,Silk,7 x 10,Vertical,Rectangle,16PT C2S,No Coating,Silk,n/a,4/1,25,Score in Half,Moon Slits Bottom Panel,Yes 2500 Envelopes A7
Majestic,Silk,7 x 10,Horizontal,Rectangle,16PT C2S,No Coating,Silk,n/a,4/4,25,Score in Half,Moon Slits Bottom Panel,Yes 2500 Envelopes A7
Majestic,Silk,7 x 10,Vertical,Rectangle,16PT C2S,No Coating,Silk,n/a,4/4,25,Score in Half,Moon Slits Bottom Panel,Yes 2500 Envelopes A7
Majestic,Silk,7 x 10,Horizontal,Rectangle,16PT C2S,No Coating,Silk,n/a,4/0,50,Score in Half,Moon Slits Bottom Panel,Yes 2500 Envelopes A7
Majestic,Silk,7 x 10,Vertical,Rectangle,16PT C2S,No Coating,Silk,n/a,4/0,50,Score in Half,Moon Slits Bottom Panel,Yes 2500 Envelopes A7
Majestic,Silk,7 x 10,Horizontal,Rectangle,16PT C2S,No Coating,Silk,n/a,4/1,50,Score in Half,Moon Slits Bottom Panel,Yes 2500 Envelopes A7
Majestic,Silk,7 x 10,Vertical,Rectangle,16PT C2S,No Coating,Silk,n/a,4/1,50,Score in Half,Moon Slits Bottom Panel,Yes 2500 Envelopes A7
Majestic,Silk,7 x 10,Horizontal,Rectangle,16PT C2S,No Coating,Silk,n/a,4/4,50,Score in Half,Moon Slits Bottom Panel,Yes 2500 Envelopes A7
Majestic,Silk,7 x 10,Vertical,Rectangle,16PT C2S,No Coating,Silk,n/a,4/4,50,Score in Half,Moon Slits Bottom Panel,Yes 2500 Envelopes A7
Majestic,Silk,7 x 10,Horizontal,Rectangle,16PT C2S,No Coating,Silk,n/a,4/0,75,Score in Half,Moon Slits Bottom Panel,Yes 2500 Envelopes A7
Majestic,Silk,7 x 10,Horizontal,Rectangle,16PT C2S,No Coating,Silk,n/a,4/1,75,Score in Half,Moon Slits Bottom Panel,Yes 2500 Envelopes A7
Majestic,Silk,7 x 10,Vertical,Rectangle,16PT C2S,No Coating,Silk,n/a,4/0,75,Score in Half,Moon Slits Bottom Panel,Yes 2500 Envelopes A7
Majestic,Silk,7 x 10,Vertical,Rectangle,16PT C2S,No Coating,Silk,n/a,4/1,75,Score in Half,Moon Slits Bottom Panel,Yes 2500 Envelopes A7
Majestic,Silk,7 x 10,Horizontal,Rectangle,16PT C2S,No Coating,Silk,n/a,4/4,75,Score in Half,Moon Slits Bottom Panel,Yes 2500 Envelopes A7
Majestic,Silk,7 x 10,Vertical,Rectangle,16PT C2S,No Coating,Silk,n/a,4/4,75,Score in Half,Moon Slits Bottom Panel,Yes 2500 Envelopes A7
Majestic,Silk,7 x 10,Horizontal,Rectangle,16PT C2S,No Coating,Silk,n/a,4/0,100,Score in Half,Moon Slits Bottom Panel,Yes 2500 Envelopes A7
Majestic,Silk,7 x 10,Vertical,Rectangle,16PT C2S,No Coating,Silk,n/a,4/0,100,Score in Half,Moon Slits Bottom Panel,Yes 2500 Envelopes A7
Majestic,Silk,7 x 10,Horizontal,Rectangle,16PT C2S,No Coating,Silk,n/a,4/1,100,Score in Half,Moon Slits Bottom Panel,Yes 2500 Envelopes A7
Majestic,Silk,7 x 10,Vertical,Rectangle,16PT C2S,No Coating,Silk,n/a,4/1,100,Score in Half,Moon Slits Bottom Panel,Yes 2500 Envelopes A7
Majestic,Silk,7 x 10,Horizontal,Rectangle,16PT C2S,No Coating,Silk,n/a,4/4,100,Score in Half,Moon Slits Bottom Panel,Yes 2500 Envelopes A7
Majestic,Silk,7 x 10,Vertical,Rectangle,16PT C2S,No Coating,Silk,n/a,4/4,100,Score in Half,Moon Slits Bottom Panel,Yes 2500 Envelopes A7
Majestic,Silk,7 x 10,Horizontal,Rectangle,16PT C2S,No Coating,Silk,n/a,4/0,250,Score in Half,Moon Slits Bottom Panel,Yes 2500 Envelopes A7
Majestic,Silk,7 x 10,Vertical,Rectangle,16PT C2S,No Coating,Silk,n/a,4/0,250,Score in Half,Moon Slits Bottom Panel,Yes 2500 Envelopes A7
Majestic,Silk,7 x 10,Horizontal,Rectangle,16PT C2S,No Coating,Silk,n/a,4/1,250,Score in Half,Moon Slits Bottom Panel,Yes 2500 Envelopes A7
Majestic,Silk,7 x 10,Vertical,Rectangle,16PT C2S,No Coating,Silk,n/a,4/1,250,Score in Half,Moon Slits Bottom Panel,Yes 2500 Envelopes A7
Majestic,Silk,7 x 10,Horizontal,Rectangle,16PT C2S,No Coating,Silk,n/a,4/4,250,Score in Half,Moon Slits Bottom Panel,Yes 2500 Envelopes A7
Majestic,Silk,7 x 10,Vertical,Rectangle,16PT C2S,No Coating,Silk,n/a,4/4,250,Score in Half,Moon Slits Bottom Panel,Yes 2500 Envelopes A7
Majestic,Silk,7 x 10,Horizontal,Rectangle,16PT C2S,No Coating,Silk,n/a,4/0,500,Score in Half,Moon Slits Bottom Panel,Yes 2500 Envelopes A7
Majestic,Silk,7 x 10,Vertical,Rectangle,16PT C2S,No Coating,Silk,n/a,4/0,500,Score in Half,Moon Slits Bottom Panel,Yes 2500 Envelopes A7
Majestic,Silk,7 x 10,Horizontal,Rectangle,16PT C2S,No Coating,Silk,n/a,4/1,500,Score in Half,Moon Slits Bottom Panel,Yes 2500 Envelopes A7
Majestic,Silk,7 x 10,Vertical,Rectangle,16PT C2S,No Coating,Silk,n/a,4/1,500,Score in Half,Moon Slits Bottom Panel,Yes 2500 Envelopes A7
Majestic,Silk,7 x 10,Horizontal,Rectangle,16PT C2S,No Coating,Silk,n/a,4/4,500,Score in Half,Moon Slits Bottom Panel,Yes 2500 Envelopes A7
Majestic,Silk,7 x 10,Vertical,Rectangle,16PT C2S,No Coating,Silk,n/a,4/4,500,Score in Half,Moon Slits Bottom Panel,Yes 2500 Envelopes A7
Majestic,Silk,7 x 10,Horizontal,Rectangle,16PT C2S,No Coating,Silk,n/a,4/0,1000,Score in Half,Moon Slits Bottom Panel,Yes 2500 Envelopes A7
Majestic,Silk,7 x 10,Vertical,Rectangle,16PT C2S,No Coating,Silk,n/a,4/0,1000,Score in Half,Moon Slits Bottom Panel,Yes 2500 Envelopes A7
Majestic,Silk,7 x 10,Vertical,Rectangle,16PT C2S,No Coating,Silk,n/a,4/1,1000,Score in Half,Moon Slits Bottom Panel,Yes 2500 Envelopes A7
Majestic,Silk,7 x 10,Horizontal,Rectangle,16PT C2S,No Coating,Silk,n/a,4/1,1000,Score in Half,Moon Slits Bottom Panel,Yes 2500 Envelopes A7
Majestic,Silk,7 x 10,Horizontal,Rectangle,16PT C2S,No Coating,Silk,n/a,4/4,1000,Score in Half,Moon Slits Bottom Panel,Yes 2500 Envelopes A7
Majestic,Silk,7 x 10,Vertical,Rectangle,16PT C2S,No Coating,Silk,n/a,4/4,1000,Score in Half,Moon Slits Bottom Panel,Yes 2500 Envelopes A7
Majestic,Silk,7 x 10,Horizontal,Rectangle,16PT C2S,No Coating,Silk,n/a,4/0,2500,Score in Half,Moon Slits Bottom Panel,Yes 2500 Envelopes A7
Majestic,Silk,7 x 10,Vertical,Rectangle,16PT C2S,No Coating,Silk,n/a,4/0,2500,Score in Half,Moon Slits Bottom Panel,Yes 2500 Envelopes A7
Majestic,Silk,7 x 10,Horizontal,Rectangle,16PT C2S,No Coating,Silk,n/a,4/1,2500,Score in Half,Moon Slits Bottom Panel,Yes 2500 Envelopes A7
Majestic,Silk,7 x 10,Vertical,Rectangle,16PT C2S,No Coating,Silk,n/a,4/1,2500,Score in Half,Moon Slits Bottom Panel,Yes 2500 Envelopes A7
Majestic,Silk,7 x 10,Horizontal,Rectangle,16PT C2S,No Coating,Silk,n/a,4/4,2500,Score in Half,Moon Slits Bottom Panel,Yes 2500 Envelopes A7
Majestic,Silk,7 x 10,Vertical,Rectangle,16PT C2S,No Coating,Silk,n/a,4/4,2500,Score in Half,Moon Slits Bottom Panel,Yes 2500 Envelopes A7
Majestic,Silk,7 x 10,Horizontal,Rectangle,16PT C2S,No Coating,Silk,n/a,4/0,5000,Score in Half,Moon Slits Bottom Panel,Yes 2500 Envelopes A7
Majestic,Silk,7 x 10,Vertical,Rectangle,16PT C2S,No Coating,Silk,n/a,4/0,5000,Score in Half,Moon Slits Bottom Panel,Yes 2500 Envelopes A7
Majestic,Silk,7 x 10,Horizontal,Rectangle,16PT C2S,No Coating,Silk,n/a,4/1,5000,Score in Half,Moon Slits Bottom Panel,Yes 2500 Envelopes A7
Majestic,Silk,7 x 10,Vertical,Rectangle,16PT C2S,No Coating,Silk,n/a,4/1,5000,Score in Half,Moon Slits Bottom Panel,Yes 2500 Envelopes A7
Majestic,Silk,7 x 10,Horizontal,Rectangle,16PT C2S,No Coating,Silk,n/a,4/4,5000,Score in Half,Moon Slits Bottom Panel,Yes 2500 Envelopes A7
Majestic,Silk,7 x 10,Vertical,Rectangle,16PT C2S,No Coating,Silk,n/a,4/4,5000,Score in Half,Moon Slits Bottom Panel,Yes 2500 Envelopes A7
Majestic,Silk,7 x 10,Horizontal,Rectangle,16PT C2S,No Coating,Silk,n/a,4/0,10000,Score in Half,Moon Slits Bottom Panel,Yes 2500 Envelopes A7
Majestic,Silk,7 x 10,Vertical,Rectangle,16PT C2S,No Coating,Silk,n/a,4/0,5000,Score in Half,No Gift Cards Slits,Yes 500 Envelopes A7
Majestic,Silk,7 x 10,Horizontal,Rectangle,16PT C2S,No Coating,Silk,n/a,4/1,10000,Score in Half,Moon Slits Bottom Panel,Yes 2500 Envelopes A7
Majestic,Silk,7 x 10,Vertical,Rectangle,16PT C2S,No Coating,Silk,n/a,4/1,10000,Score in Half,Moon Slits Bottom Panel,Yes 2500 Envelopes A7
Majestic,Silk,7 x 10,Horizontal,Rectangle,16PT C2S,No Coating,Silk,n/a,4/4,10000,Score in Half,Moon Slits Bottom Panel,Yes 2500 Envelopes A7
Majestic,Silk,7 x 10,Vertical,Rectangle,16PT C2S,No Coating,Silk,n/a,4/4,10000,Score in Half,Moon Slits Bottom Panel,Yes 2500 Envelopes A7
Majestic,Silk,7 x 10,Horizontal,Rectangle,16PT C2S,No Coating,Silk,n/a,4/0,25,Score in Half,Moon Slits Right Panel,Yes 2500 Envelopes A7
Majestic,Silk,7 x 10,Vertical,Rectangle,16PT C2S,No Coating,Silk,n/a,4/0,25,Score in Half,Moon Slits Right Panel,Yes 2500 Envelopes A7
Majestic,Silk,7 x 10,Horizontal,Rectangle,16PT C2S,No Coating,Silk,n/a,4/1,25,Score in Half,Moon Slits Right Panel,Yes 2500 Envelopes A7
Majestic,Silk,7 x 10,Horizontal,Rectangle,16PT C2S,No Coating,Silk,n/a,4/4,25,Score in Half,Moon Slits Right Panel,Yes 2500 Envelopes A7
Majestic,Silk,7 x 10,Vertical,Rectangle,16PT C2S,No Coating,Silk,n/a,4/1,25,Score in Half,Moon Slits Right Panel,Yes 2500 Envelopes A7
Majestic,Silk,7 x 10,Vertical,Rectangle,16PT C2S,No Coating,Silk,n/a,4/4,25,Score in Half,Moon Slits Right Panel,Yes 2500 Envelopes A7
Majestic,Silk,7 x 10,Horizontal,Rectangle,16PT C2S,No Coating,Silk,n/a,4/0,50,Score in Half,Moon Slits Right Panel,Yes 2500 Envelopes A7
Majestic,Silk,7 x 10,Vertical,Rectangle,16PT C2S,No Coating,Silk,n/a,4/0,50,Score in Half,Moon Slits Right Panel,Yes 2500 Envelopes A7
Majestic,Silk,7 x 10,Horizontal,Rectangle,16PT C2S,No Coating,Silk,n/a,4/1,50,Score in Half,Moon Slits Right Panel,Yes 2500 Envelopes A7
Majestic,Silk,7 x 10,Vertical,Rectangle,16PT C2S,No Coating,Silk,n/a,4/1,50,Score in Half,Slide Slits Right Panel,Yes 1000 Envelopes A7
Majestic,Silk,7 x 10,Horizontal,Rectangle,16PT C2S,No Coating,Silk,n/a,4/4,50,Score in Half,Moon Slits Right Panel,Yes 2500 Envelopes A7
Majestic,Silk,7 x 10,Vertical,Rectangle,16PT C2S,No Coating,Silk,n/a,4/4,50,Score in Half,Moon Slits Right Panel,Yes 2500 Envelopes A7
Majestic,Silk,7 x 10,Horizontal,Rectangle,16PT C2S,No Coating,Silk,n/a,4/0,75,Score in Half,Moon Slits Right Panel,Yes 2500 Envelopes A7
Majestic,Silk,7 x 10,Vertical,Rectangle,16PT C2S,No Coating,Silk,n/a,4/0,75,Score in Half,Moon Slits Right Panel,Yes 2500 Envelopes A7
Majestic,Silk,7 x 10,Horizontal,Rectangle,16PT C2S,No Coating,Silk,n/a,4/1,75,Score in Half,Moon Slits Right Panel,Yes 2500 Envelopes A7
Majestic,Silk,7 x 10,Vertical,Rectangle,16PT C2S,No Coating,Silk,n/a,4/1,75,Score in Half,Moon Slits Right Panel,Yes 2500 Envelopes A7
Majestic,Silk,7 x 10,Horizontal,Rectangle,16PT C2S,No Coating,Silk,n/a,4/4,75,Score in Half,Moon Slits Right Panel,Yes 2500 Envelopes A7
Majestic,Silk,7 x 10,Vertical,Rectangle,16PT C2S,No Coating,Silk,n/a,4/4,75,Score in Half,Moon Slits Right Panel,Yes 2500 Envelopes A7
Majestic,Silk,7 x 10,Horizontal,Rectangle,16PT C2S,No Coating,Silk,n/a,4/0,100,Score in Half,Moon Slits Right Panel,Yes 2500 Envelopes A7
Majestic,Silk,7 x 10,Vertical,Rectangle,16PT C2S,No Coating,Silk,n/a,4/0,100,Score in Half,Moon Slits Right Panel,Yes 2500 Envelopes A7
Majestic,Silk,7 x 10,Horizontal,Rectangle,16PT C2S,No Coating,Silk,n/a,4/1,100,Score in Half,Moon Slits Right Panel,Yes 2500 Envelopes A7
Majestic,Silk,7 x 10,Vertical,Rectangle,16PT C2S,No Coating,Silk,n/a,4/1,100,Score in Half,Moon Slits Right Panel,Yes 2500 Envelopes A7
Majestic,Silk,7 x 10,Horizontal,Rectangle,16PT C2S,No Coating,Silk,n/a,4/4,100,Score in Half,Moon Slits Right Panel,Yes 2500 Envelopes A7
Majestic,Silk,7 x 10,Vertical,Rectangle,16PT C2S,No Coating,Silk,n/a,4/4,100,Score in Half,Moon Slits Right Panel,Yes 2500 Envelopes A7
Majestic,Silk,7 x 10,Horizontal,Rectangle,16PT C2S,No Coating,Silk,n/a,4/0,250,Score in Half,Moon Slits Right Panel,Yes 2500 Envelopes A7
Majestic,Silk,7 x 10,Vertical,Rectangle,16PT C2S,No Coating,Silk,n/a,4/0,250,Score in Half,Moon Slits Right Panel,Yes 2500 Envelopes A7
Majestic,Silk,7 x 10,Vertical,Rectangle,16PT C2S,No Coating,Silk,n/a,4/4,10000,Score in Half,Slide Slits Bottom Panel,Yes 1000 Envelopes A7
Majestic,Silk,7 x 10,Vertical,Rectangle,16PT C2S,No Coating,Silk,n/a,4/1,50,Score in Half,Moon Slits Right Panel,Yes 2500 Envelopes A7
Majestic,Silk,7 x 10,Horizontal,Rectangle,16PT C2S,No Coating,Silk,n/a,4/4,250,Score in Half,Moon Slits Right Panel,Yes 2500 Envelopes A7
Majestic,Silk,7 x 10,Vertical,Rectangle,16PT C2S,No Coating,Silk,n/a,4/4,250,Score in Half,Moon Slits Right Panel,Yes 2500 Envelopes A7
Majestic,Silk,7 x 10,Horizontal,Rectangle,16PT C2S,No Coating,Silk,n/a,4/0,500,Score in Half,Moon Slits Right Panel,Yes 2500 Envelopes A7
Majestic,Silk,7 x 10,Vertical,Rectangle,16PT C2S,No Coating,Silk,n/a,4/0,500,Score in Half,Moon Slits Right Panel,Yes 2500 Envelopes A7
Majestic,Silk,7 x 10,Horizontal,Rectangle,16PT C2S,No Coating,Silk,n/a,4/1,500,Score in Half,Moon Slits Right Panel,Yes 2500 Envelopes A7
Majestic,Silk,7 x 10,Vertical,Rectangle,16PT C2S,No Coating,Silk,n/a,4/1,500,Score in Half,Moon Slits Right Panel,Yes 2500 Envelopes A7
Majestic,Silk,7 x 10,Horizontal,Rectangle,16PT C2S,No Coating,Silk,n/a,4/4,500,Score in Half,Moon Slits Right Panel,Yes 2500 Envelopes A7
Majestic,Silk,7 x 10,Vertical,Rectangle,16PT C2S,No Coating,Silk,n/a,4/4,500,Score in Half,Moon Slits Right Panel,Yes 2500 Envelopes A7
Majestic,Silk,7 x 10,Horizontal,Rectangle,16PT C2S,No Coating,Silk,n/a,4/0,1000,Score in Half,Moon Slits Right Panel,Yes 2500 Envelopes A7
Majestic,Silk,7 x 10,Vertical,Rectangle,16PT C2S,No Coating,Silk,n/a,4/0,1000,Score in Half,Moon Slits Right Panel,Yes 2500 Envelopes A7
Majestic,Silk,7 x 10,Vertical,Rectangle,16PT C2S,No Coating,Silk,n/a,4/1,1000,Score in Half,Moon Slits Right Panel,Yes 2500 Envelopes A7
Majestic,Silk,7 x 10,Horizontal,Rectangle,16PT C2S,No Coating,Silk,n/a,4/1,1000,Score in Half,Moon Slits Right Panel,Yes 2500 Envelopes A7
Majestic,Silk,7 x 10,Horizontal,Rectangle,16PT C2S,No Coating,Silk,n/a,4/4,1000,Score in Half,Moon Slits Right Panel,Yes 2500 Envelopes A7
Majestic,Silk,7 x 10,Vertical,Rectangle,16PT C2S,No Coating,Silk,n/a,4/4,1000,Score in Half,Moon Slits Right Panel,Yes 2500 Envelopes A7
Majestic,Silk,7 x 10,Horizontal,Rectangle,16PT C2S,No Coating,Silk,n/a,4/0,2500,Score in Half,Moon Slits Right Panel,Yes 2500 Envelopes A7
Majestic,Silk,7 x 10,Horizontal,Rectangle,16PT C2S,No Coating,Silk,n/a,4/1,2500,Score in Half,Moon Slits Right Panel,Yes 2500 Envelopes A7
Majestic,Silk,7 x 10,Vertical,Rectangle,16PT C2S,No Coating,Silk,n/a,4/0,2500,Score in Half,Moon Slits Right Panel,Yes 2500 Envelopes A7
Majestic,Silk,7 x 10,Vertical,Rectangle,16PT C2S,No Coating,Silk,n/a,4/1,250,Score in Half,Moon Slits Right Panel,Yes 2500 Envelopes A7
Majestic,Silk,7 x 10,Horizontal,Rectangle,16PT C2S,No Coating,Silk,n/a,4/4,2500,Score in Half,Moon Slits Right Panel,Yes 2500 Envelopes A7
Majestic,Silk,7 x 10,Vertical,Rectangle,16PT C2S,No Coating,Silk,n/a,4/4,2500,Score in Half,Moon Slits Right Panel,Yes 2500 Envelopes A7
Majestic,Silk,7 x 10,Horizontal,Rectangle,16PT C2S,No Coating,Silk,n/a,4/0,5000,Score in Half,Moon Slits Right Panel,Yes 2500 Envelopes A7
Majestic,Silk,7 x 10,Vertical,Rectangle,16PT C2S,No Coating,Silk,n/a,4/0,5000,Score in Half,Moon Slits Right Panel,Yes 2500 Envelopes A7
Majestic,Silk,7 x 10,Horizontal,Rectangle,16PT C2S,No Coating,Silk,n/a,4/1,5000,Score in Half,Moon Slits Right Panel,Yes 2500 Envelopes A7
Majestic,Silk,7 x 10,Vertical,Rectangle,16PT C2S,No Coating,Silk,n/a,4/1,5000,Score in Half,Moon Slits Right Panel,Yes 2500 Envelopes A7
Majestic,Silk,7 x 10,Horizontal,Rectangle,16PT C2S,No Coating,Silk,n/a,4/4,5000,Score in Half,Moon Slits Right Panel,Yes 2500 Envelopes A7
Majestic,Silk,7 x 10,Vertical,Rectangle,16PT C2S,No Coating,Silk,n/a,4/4,5000,Score in Half,Moon Slits Right Panel,Yes 2500 Envelopes A7
Majestic,Silk,7 x 10,Horizontal,Rectangle,16PT C2S,No Coating,Silk,n/a,4/0,10000,Score in Half,Moon Slits Right Panel,Yes 2500 Envelopes A7
Majestic,Silk,7 x 10,Vertical,Rectangle,16PT C2S,No Coating,Silk,n/a,4/0,10000,Score in Half,Moon Slits Right Panel,Yes 2500 Envelopes A7
Majestic,Silk,7 x 10,Horizontal,Rectangle,16PT C2S,No Coating,Silk,n/a,4/1,10000,Score in Half,Moon Slits Right Panel,Yes 2500 Envelopes A7
Majestic,Silk,7 x 10,Vertical,Rectangle,16PT C2S,No Coating,Silk,n/a,4/1,10000,Score in Half,Moon Slits Right Panel,Yes 2500 Envelopes A7
Majestic,Silk,7 x 10,Horizontal,Rectangle,16PT C2S,No Coating,Silk,n/a,4/4,10000,Score in Half,Moon Slits Right Panel,Yes 2500 Envelopes A7
Majestic,Silk,7 x 10,Vertical,Rectangle,16PT C2S,No Coating,Silk,n/a,4/4,10000,Score in Half,Moon Slits Right Panel,Yes 2500 Envelopes A7
Majestic,Silk,7 x 10,Horizontal,Rectangle,16PT C2S,No Coating,Silk,n/a,4/0,25,Score in Half,No Gift Cards Slits,Yes 2500 Envelopes A7
Majestic,Silk,7 x 10,Vertical,Rectangle,16PT C2S,No Coating,Silk,n/a,4/0,25,Score in Half,No Gift Cards Slits,Yes 2500 Envelopes A7
Majestic,Silk,7 x 10,Horizontal,Rectangle,16PT C2S,No Coating,Silk,n/a,4/1,25,Score in Half,No Gift Cards Slits,Yes 2500 Envelopes A7
Majestic,Silk,7 x 10,Vertical,Rectangle,16PT C2S,No Coating,Silk,n/a,4/1,25,Score in Half,No Gift Cards Slits,Yes 2500 Envelopes A7
Majestic,Silk,7 x 10,Vertical,Rectangle,16PT C2S,No Coating,Silk,n/a,4/4,25,Score in Half,No Gift Cards Slits,Yes 2500 Envelopes A7
Majestic,Silk,7 x 10,Horizontal,Rectangle,16PT C2S,No Coating,Silk,n/a,4/4,25,Score in Half,No Gift Cards Slits,Yes 2500 Envelopes A7
Majestic,Silk,7 x 10,Horizontal,Rectangle,16PT C2S,No Coating,Silk,n/a,4/0,50,Score in Half,No Gift Cards Slits,Yes 2500 Envelopes A7
Majestic,Silk,7 x 10,Vertical,Rectangle,16PT C2S,No Coating,Silk,n/a,4/0,10000,Score in Half,Moon Slits Bottom Panel,Yes 2500 Envelopes A7
Majestic,Silk,7 x 10,Horizontal,Rectangle,16PT C2S,No Coating,Silk,n/a,4/1,50,Score in Half,No Gift Cards Slits,Yes 2500 Envelopes A7
Majestic,Silk,7 x 10,Vertical,Rectangle,16PT C2S,No Coating,Silk,n/a,4/1,50,Score in Half,No Gift Cards Slits,Yes 2500 Envelopes A7
Majestic,Silk,7 x 10,Horizontal,Rectangle,16PT C2S,No Coating,Silk,n/a,4/4,50,Score in Half,No Gift Cards Slits,Yes 2500 Envelopes A7
Majestic,Silk,7 x 10,Vertical,Rectangle,16PT C2S,No Coating,Silk,n/a,4/4,50,Score in Half,No Gift Cards Slits,Yes 2500 Envelopes A7
Majestic,Silk,7 x 10,Horizontal,Rectangle,16PT C2S,No Coating,Silk,n/a,4/0,75,Score in Half,No Gift Cards Slits,Yes 2500 Envelopes A7
Majestic,Silk,7 x 10,Vertical,Rectangle,16PT C2S,No Coating,Silk,n/a,4/0,75,Score in Half,No Gift Cards Slits,Yes 2500 Envelopes A7
Majestic,Silk,7 x 10,Horizontal,Rectangle,16PT C2S,No Coating,Silk,n/a,4/1,75,Score in Half,No Gift Cards Slits,Yes 2500 Envelopes A7
Majestic,Silk,7 x 10,Vertical,Rectangle,16PT C2S,No Coating,Silk,n/a,4/1,75,Score in Half,No Gift Cards Slits,Yes 2500 Envelopes A7
Majestic,Silk,7 x 10,Horizontal,Rectangle,16PT C2S,No Coating,Silk,n/a,4/4,75,Score in Half,No Gift Cards Slits,Yes 2500 Envelopes A7
Majestic,Silk,7 x 10,Vertical,Rectangle,16PT C2S,No Coating,Silk,n/a,4/4,75,Score in Half,No Gift Cards Slits,Yes 2500 Envelopes A7
Majestic,Silk,7 x 10,Horizontal,Rectangle,16PT C2S,No Coating,Silk,n/a,4/0,100,Score in Half,No Gift Cards Slits,Yes 2500 Envelopes A7
Majestic,Silk,7 x 10,Vertical,Rectangle,16PT C2S,No Coating,Silk,n/a,4/0,100,Score in Half,No Gift Cards Slits,Yes 2500 Envelopes A7
Majestic,Silk,7 x 10,Horizontal,Rectangle,16PT C2S,No Coating,Silk,n/a,4/1,100,Score in Half,No Gift Cards Slits,Yes 2500 Envelopes A7
Majestic,Silk,7 x 10,Vertical,Rectangle,16PT C2S,No Coating,Silk,n/a,4/1,100,Score in Half,No Gift Cards Slits,Yes 2500 Envelopes A7
Majestic,Silk,7 x 10,Horizontal,Rectangle,16PT C2S,No Coating,Silk,n/a,4/4,100,Score in Half,No Gift Cards Slits,Yes 2500 Envelopes A7
Majestic,Silk,7 x 10,Vertical,Rectangle,16PT C2S,No Coating,Silk,n/a,4/4,100,Score in Half,No Gift Cards Slits,Yes 2500 Envelopes A7
Majestic,Silk,7 x 10,Horizontal,Rectangle,16PT C2S,No Coating,Silk,n/a,4/0,250,Score in Half,No Gift Cards Slits,Yes 2500 Envelopes A7
Majestic,Silk,7 x 10,Vertical,Rectangle,16PT C2S,No Coating,Silk,n/a,4/0,250,Score in Half,No Gift Cards Slits,Yes 2500 Envelopes A7
Majestic,Silk,7 x 10,Horizontal,Rectangle,16PT C2S,No Coating,Silk,n/a,4/1,250,Score in Half,No Gift Cards Slits,Yes 2500 Envelopes A7
Majestic,Silk,7 x 10,Vertical,Rectangle,16PT C2S,No Coating,Silk,n/a,4/1,250,Score in Half,No Gift Cards Slits,Yes 2500 Envelopes A7
Majestic,Silk,7 x 10,Horizontal,Rectangle,16PT C2S,No Coating,Silk,n/a,4/4,250,Score in Half,No Gift Cards Slits,Yes 2500 Envelopes A7
Majestic,Silk,7 x 10,Vertical,Rectangle,16PT C2S,No Coating,Silk,n/a,4/4,250,Score in Half,No Gift Cards Slits,Yes 2500 Envelopes A7
Majestic,Silk,7 x 10,Horizontal,Rectangle,16PT C2S,No Coating,Silk,n/a,4/0,500,Score in Half,No Gift Cards Slits,Yes 2500 Envelopes A7
Majestic,Silk,7 x 10,Vertical,Rectangle,16PT C2S,No Coating,Silk,n/a,4/0,500,Score in Half,No Gift Cards Slits,Yes 2500 Envelopes A7
Majestic,Silk,7 x 10,Horizontal,Rectangle,16PT C2S,No Coating,Silk,n/a,4/1,500,Score in Half,No Gift Cards Slits,Yes 2500 Envelopes A7
Majestic,Silk,7 x 10,Vertical,Rectangle,16PT C2S,No Coating,Silk,n/a,4/1,500,Score in Half,No Gift Cards Slits,Yes 2500 Envelopes A7
Majestic,Silk,7 x 10,Horizontal,Rectangle,16PT C2S,No Coating,Silk,n/a,4/4,500,Score in Half,No Gift Cards Slits,Yes 2500 Envelopes A7
Majestic,Silk,7 x 10,Vertical,Rectangle,16PT C2S,No Coating,Silk,n/a,4/4,500,Score in Half,No Gift Cards Slits,Yes 2500 Envelopes A7
Majestic,Silk,7 x 10,Horizontal,Rectangle,16PT C2S,No Coating,Silk,n/a,4/0,1000,Score in Half,No Gift Cards Slits,Yes 2500 Envelopes A7
Majestic,Silk,7 x 10,Vertical,Rectangle,16PT C2S,No Coating,Silk,n/a,4/0,1000,Score in Half,No Gift Cards Slits,Yes 2500 Envelopes A7
Majestic,Silk,7 x 10,Horizontal,Rectangle,16PT C2S,No Coating,Silk,n/a,4/1,1000,Score in Half,No Gift Cards Slits,Yes 2500 Envelopes A7
Majestic,Silk,7 x 10,Vertical,Rectangle,16PT C2S,No Coating,Silk,n/a,4/1,1000,Score in Half,No Gift Cards Slits,Yes 2500 Envelopes A7
Majestic,Silk,7 x 10,Horizontal,Rectangle,16PT C2S,No Coating,Silk,n/a,4/4,1000,Score in Half,No Gift Cards Slits,Yes 2500 Envelopes A7
Majestic,Silk,7 x 10,Vertical,Rectangle,16PT C2S,No Coating,Silk,n/a,4/4,1000,Score in Half,No Gift Cards Slits,Yes 2500 Envelopes A7
Majestic,Silk,7 x 10,Horizontal,Rectangle,16PT C2S,No Coating,Silk,n/a,4/0,2500,Score in Half,No Gift Cards Slits,Yes 2500 Envelopes A7
Majestic,Silk,7 x 10,Vertical,Rectangle,16PT C2S,No Coating,Silk,n/a,4/0,2500,Score in Half,No Gift Cards Slits,Yes 2500 Envelopes A7
Majestic,Silk,7 x 10,Horizontal,Rectangle,16PT C2S,No Coating,Silk,n/a,4/1,2500,Score in Half,No Gift Cards Slits,Yes 2500 Envelopes A7
Majestic,Silk,7 x 10,Vertical,Rectangle,16PT C2S,No Coating,Silk,n/a,4/1,2500,Score in Half,No Gift Cards Slits,Yes 2500 Envelopes A7
Majestic,Silk,7 x 10,Horizontal,Rectangle,16PT C2S,No Coating,Silk,n/a,4/4,2500,Score in Half,No Gift Cards Slits,Yes 2500 Envelopes A7
Majestic,Silk,7 x 10,Vertical,Rectangle,16PT C2S,No Coating,Silk,n/a,4/4,2500,Score in Half,No Gift Cards Slits,Yes 2500 Envelopes A7
Majestic,Silk,7 x 10,Horizontal,Rectangle,16PT C2S,No Coating,Silk,n/a,4/0,5000,Score in Half,No Gift Cards Slits,Yes 2500 Envelopes A7
Majestic,Silk,7 x 10,Vertical,Rectangle,16PT C2S,No Coating,Silk,n/a,4/0,5000,Score in Half,No Gift Cards Slits,Yes 2500 Envelopes A7
Majestic,Silk,7 x 10,Horizontal,Rectangle,16PT C2S,No Coating,Silk,n/a,4/1,5000,Score in Half,No Gift Cards Slits,Yes 2500 Envelopes A7
Majestic,Silk,7 x 10,Vertical,Rectangle,16PT C2S,No Coating,Silk,n/a,4/1,5000,Score in Half,No Gift Cards Slits,Yes 2500 Envelopes A7
Majestic,Silk,7 x 10,Vertical,Rectangle,16PT C2S,No Coating,Silk,n/a,4/0,50,Score in Half,No Gift Cards Slits,Yes 2500 Envelopes A7
Majestic,Silk,7 x 10,Horizontal,Rectangle,16PT C2S,No Coating,Silk,n/a,4/4,5000,Score in Half,No Gift Cards Slits,Yes 2500 Envelopes A7
Majestic,Silk,7 x 10,Horizontal,Rectangle,16PT C2S,No Coating,Silk,n/a,4/0,10000,Score in Half,No Gift Cards Slits,Yes 2500 Envelopes A7
Majestic,Silk,7 x 10,Vertical,Rectangle,16PT C2S,No Coating,Silk,n/a,4/0,10000,Score in Half,No Gift Cards Slits,Yes 2500 Envelopes A7
Majestic,Silk,7 x 10,Horizontal,Rectangle,16PT C2S,No Coating,Silk,n/a,4/1,10000,Score in Half,No Gift Cards Slits,Yes 2500 Envelopes A7
Majestic,Silk,7 x 10,Vertical,Rectangle,16PT C2S,No Coating,Silk,n/a,4/1,10000,Score in Half,No Gift Cards Slits,Yes 2500 Envelopes A7
Majestic,Silk,7 x 10,Horizontal,Rectangle,16PT C2S,No Coating,Silk,n/a,4/4,10000,Score in Half,No Gift Cards Slits,Yes 2500 Envelopes A7
Majestic,Silk,7 x 10,Vertical,Rectangle,16PT C2S,No Coating,Silk,n/a,4/4,10000,Score in Half,No Gift Cards Slits,Yes 2500 Envelopes A7
Majestic,Silk,7 x 10,Horizontal,Rectangle,16PT C2S,No Coating,Silk,n/a,4/0,25,Score in Half,Slide Slits Bottom Panel,Yes 2500 Envelopes A7
Majestic,Silk,7 x 10,Vertical,Rectangle,16PT C2S,No Coating,Silk,n/a,4/0,25,Score in Half,Slide Slits Bottom Panel,Yes 2500 Envelopes A7
Majestic,Silk,7 x 10,Horizontal,Rectangle,16PT C2S,No Coating,Silk,n/a,4/1,25,Score in Half,Slide Slits Bottom Panel,Yes 2500 Envelopes A7
Majestic,Silk,7 x 10,Vertical,Rectangle,16PT C2S,No Coating,Silk,n/a,4/1,25,Score in Half,Slide Slits Bottom Panel,Yes 2500 Envelopes A7
Majestic,Silk,7 x 10,Horizontal,Rectangle,16PT C2S,No Coating,Silk,n/a,4/4,25,Score in Half,Slide Slits Bottom Panel,Yes 2500 Envelopes A7
Majestic,Silk,7 x 10,Vertical,Rectangle,16PT C2S,No Coating,Silk,n/a,4/4,25,Score in Half,Slide Slits Bottom Panel,Yes 2500 Envelopes A7
Majestic,Silk,7 x 10,Horizontal,Rectangle,16PT C2S,No Coating,Silk,n/a,4/0,50,Score in Half,Slide Slits Bottom Panel,Yes 2500 Envelopes A7
Majestic,Silk,7 x 10,Vertical,Rectangle,16PT C2S,No Coating,Silk,n/a,4/0,50,Score in Half,Slide Slits Bottom Panel,Yes 2500 Envelopes A7
Majestic,Silk,7 x 10,Horizontal,Rectangle,16PT C2S,No Coating,Silk,n/a,4/1,50,Score in Half,Slide Slits Bottom Panel,Yes 2500 Envelopes A7
Majestic,Silk,7 x 10,Vertical,Rectangle,16PT C2S,No Coating,Silk,n/a,4/1,50,Score in Half,Slide Slits Bottom Panel,Yes 2500 Envelopes A7
Majestic,Silk,7 x 10,Horizontal,Rectangle,16PT C2S,No Coating,Silk,n/a,4/4,50,Score in Half,Slide Slits Bottom Panel,Yes 2500 Envelopes A7
Majestic,Silk,7 x 10,Vertical,Rectangle,16PT C2S,No Coating,Silk,n/a,4/4,50,Score in Half,Slide Slits Bottom Panel,Yes 2500 Envelopes A7
Majestic,Silk,7 x 10,Horizontal,Rectangle,16PT C2S,No Coating,Silk,n/a,4/0,75,Score in Half,Slide Slits Bottom Panel,Yes 2500 Envelopes A7
Majestic,Silk,7 x 10,Vertical,Rectangle,16PT C2S,No Coating,Silk,n/a,4/0,75,Score in Half,Slide Slits Bottom Panel,Yes 2500 Envelopes A7
Majestic,Silk,7 x 10,Horizontal,Rectangle,16PT C2S,No Coating,Silk,n/a,4/1,75,Score in Half,Slide Slits Bottom Panel,Yes 2500 Envelopes A7
Majestic,Silk,7 x 10,Vertical,Rectangle,16PT C2S,No Coating,Silk,n/a,4/1,75,Score in Half,Slide Slits Bottom Panel,Yes 2500 Envelopes A7
Majestic,Silk,7 x 10,Horizontal,Rectangle,16PT C2S,No Coating,Silk,n/a,4/4,75,Score in Half,Slide Slits Bottom Panel,Yes 2500 Envelopes A7
Majestic,Silk,7 x 10,Vertical,Rectangle,16PT C2S,No Coating,Silk,n/a,4/4,75,Score in Half,Slide Slits Bottom Panel,Yes 2500 Envelopes A7
Majestic,Silk,7 x 10,Vertical,Rectangle,16PT C2S,No Coating,Silk,n/a,4/0,100,Score in Half,Slide Slits Bottom Panel,Yes 2500 Envelopes A7
Majestic,Silk,7 x 10,Horizontal,Rectangle,16PT C2S,No Coating,Silk,n/a,4/0,100,Score in Half,Slide Slits Bottom Panel,Yes 2500 Envelopes A7
Majestic,Silk,7 x 10,Horizontal,Rectangle,16PT C2S,No Coating,Silk,n/a,4/1,100,Score in Half,Slide Slits Bottom Panel,Yes 2500 Envelopes A7
Majestic,Silk,7 x 10,Vertical,Rectangle,16PT C2S,No Coating,Silk,n/a,4/1,100,Score in Half,Slide Slits Bottom Panel,Yes 2500 Envelopes A7
Majestic,Silk,7 x 10,Horizontal,Rectangle,16PT C2S,No Coating,Silk,n/a,4/4,100,Score in Half,Slide Slits Bottom Panel,Yes 2500 Envelopes A7
Majestic,Silk,7 x 10,Vertical,Rectangle,16PT C2S,No Coating,Silk,n/a,4/4,100,Score in Half,Slide Slits Bottom Panel,Yes 2500 Envelopes A7
Majestic,Silk,7 x 10,Horizontal,Rectangle,16PT C2S,No Coating,Silk,n/a,4/0,250,Score in Half,Slide Slits Bottom Panel,Yes 2500 Envelopes A7
Majestic,Silk,7 x 10,Vertical,Rectangle,16PT C2S,No Coating,Silk,n/a,4/4,5000,Score in Half,No Gift Cards Slits,Yes 2500 Envelopes A7
Majestic,Silk,7 x 10,Horizontal,Rectangle,16PT C2S,No Coating,Silk,n/a,4/1,250,Score in Half,Slide Slits Bottom Panel,Yes 2500 Envelopes A7
Majestic,Silk,7 x 10,Vertical,Rectangle,16PT C2S,No Coating,Silk,n/a,4/1,250,Score in Half,Slide Slits Bottom Panel,Yes 2500 Envelopes A7
Majestic,Silk,7 x 10,Vertical,Rectangle,16PT C2S,No Coating,Silk,n/a,4/4,250,Score in Half,Slide Slits Bottom Panel,Yes 2500 Envelopes A7
Majestic,Silk,7 x 10,Horizontal,Rectangle,16PT C2S,No Coating,Silk,n/a,4/4,250,Score in Half,Slide Slits Bottom Panel,Yes 2500 Envelopes A7
Majestic,Silk,7 x 10,Horizontal,Rectangle,16PT C2S,No Coating,Silk,n/a,4/0,500,Score in Half,Slide Slits Bottom Panel,Yes 2500 Envelopes A7
Majestic,Silk,7 x 10,Vertical,Rectangle,16PT C2S,No Coating,Silk,n/a,4/0,500,Score in Half,Slide Slits Bottom Panel,Yes 2500 Envelopes A7
Majestic,Silk,7 x 10,Horizontal,Rectangle,16PT C2S,No Coating,Silk,n/a,4/1,500,Score in Half,Slide Slits Bottom Panel,Yes 2500 Envelopes A7
Majestic,Silk,7 x 10,Vertical,Rectangle,16PT C2S,No Coating,Silk,n/a,4/1,500,Score in Half,Slide Slits Bottom Panel,Yes 2500 Envelopes A7
Majestic,Silk,7 x 10,Horizontal,Rectangle,16PT C2S,No Coating,Silk,n/a,4/4,500,Score in Half,Slide Slits Bottom Panel,Yes 2500 Envelopes A7
Majestic,Silk,7 x 10,Vertical,Rectangle,16PT C2S,No Coating,Silk,n/a,4/4,500,Score in Half,Slide Slits Bottom Panel,Yes 2500 Envelopes A7
Majestic,Silk,7 x 10,Horizontal,Rectangle,16PT C2S,No Coating,Silk,n/a,4/0,1000,Score in Half,Slide Slits Bottom Panel,Yes 2500 Envelopes A7
Majestic,Silk,7 x 10,Vertical,Rectangle,16PT C2S,No Coating,Silk,n/a,4/0,1000,Score in Half,Slide Slits Bottom Panel,Yes 2500 Envelopes A7
Majestic,Silk,7 x 10,Horizontal,Rectangle,16PT C2S,No Coating,Silk,n/a,4/1,1000,Score in Half,Slide Slits Bottom Panel,Yes 2500 Envelopes A7
Majestic,Silk,7 x 10,Vertical,Rectangle,16PT C2S,No Coating,Silk,n/a,4/1,1000,Score in Half,Slide Slits Bottom Panel,Yes 2500 Envelopes A7
Majestic,Silk,7 x 10,Vertical,Rectangle,16PT C2S,No Coating,Silk,n/a,4/4,1000,Score in Half,Slide Slits Bottom Panel,Yes 2500 Envelopes A7
Majestic,Silk,7 x 10,Horizontal,Rectangle,16PT C2S,No Coating,Silk,n/a,4/4,1000,Score in Half,Slide Slits Bottom Panel,Yes 2500 Envelopes A7
Majestic,Silk,7 x 10,Horizontal,Rectangle,16PT C2S,No Coating,Silk,n/a,4/0,2500,Score in Half,Slide Slits Bottom Panel,Yes 2500 Envelopes A7
Majestic,Silk,7 x 10,Vertical,Rectangle,16PT C2S,No Coating,Silk,n/a,4/0,2500,Score in Half,Slide Slits Bottom Panel,Yes 2500 Envelopes A7
Majestic,Silk,7 x 10,Horizontal,Rectangle,16PT C2S,No Coating,Silk,n/a,4/1,2500,Score in Half,Slide Slits Bottom Panel,Yes 2500 Envelopes A7
Majestic,Silk,7 x 10,Horizontal,Rectangle,16PT C2S,No Coating,Silk,n/a,4/4,2500,Score in Half,Slide Slits Bottom Panel,Yes 2500 Envelopes A7
Majestic,Silk,7 x 10,Vertical,Rectangle,16PT C2S,No Coating,Silk,n/a,4/1,2500,Score in Half,Slide Slits Bottom Panel,Yes 2500 Envelopes A7
Majestic,Silk,7 x 10,Vertical,Rectangle,16PT C2S,No Coating,Silk,n/a,4/4,2500,Score in Half,Slide Slits Bottom Panel,Yes 2500 Envelopes A7
Majestic,Silk,7 x 10,Horizontal,Rectangle,16PT C2S,No Coating,Silk,n/a,4/0,5000,Score in Half,Slide Slits Bottom Panel,Yes 2500 Envelopes A7
Majestic,Silk,7 x 10,Vertical,Rectangle,16PT C2S,No Coating,Silk,n/a,4/0,5000,Score in Half,Slide Slits Bottom Panel,Yes 2500 Envelopes A7
Majestic,Silk,7 x 10,Horizontal,Rectangle,16PT C2S,No Coating,Silk,n/a,4/1,5000,Score in Half,Slide Slits Bottom Panel,Yes 2500 Envelopes A7
Majestic,Silk,7 x 10,Vertical,Rectangle,16PT C2S,No Coating,Silk,n/a,4/1,5000,Score in Half,Slide Slits Bottom Panel,Yes 2500 Envelopes A7
Majestic,Silk,7 x 10,Horizontal,Rectangle,16PT C2S,No Coating,Silk,n/a,4/4,5000,Score in Half,Slide Slits Bottom Panel,Yes 2500 Envelopes A7
Majestic,Silk,7 x 10,Vertical,Rectangle,16PT C2S,No Coating,Silk,n/a,4/4,5000,Score in Half,Slide Slits Bottom Panel,Yes 2500 Envelopes A7
Majestic,Silk,7 x 10,Horizontal,Rectangle,16PT C2S,No Coating,Silk,n/a,4/0,10000,Score in Half,Slide Slits Bottom Panel,Yes 2500 Envelopes A7
Majestic,Silk,7 x 10,Vertical,Rectangle,16PT C2S,No Coating,Silk,n/a,4/0,10000,Score in Half,Slide Slits Bottom Panel,Yes 2500 Envelopes A7
Majestic,Silk,7 x 10,Horizontal,Rectangle,16PT C2S,No Coating,Silk,n/a,4/1,10000,Score in Half,Slide Slits Bottom Panel,Yes 2500 Envelopes A7
Majestic,Silk,7 x 10,Vertical,Rectangle,16PT C2S,No Coating,Silk,n/a,4/1,10000,Score in Half,Slide Slits Bottom Panel,Yes 2500 Envelopes A7
Majestic,Silk,7 x 10,Horizontal,Rectangle,16PT C2S,No Coating,Silk,n/a,4/4,10000,Score in Half,Slide Slits Bottom Panel,Yes 2500 Envelopes A7
Majestic,Silk,7 x 10,Vertical,Rectangle,16PT C2S,No Coating,Silk,n/a,4/4,10000,Score in Half,Slide Slits Bottom Panel,Yes 2500 Envelopes A7
Majestic,Silk,7 x 10,Horizontal,Rectangle,16PT C2S,No Coating,Silk,n/a,4/0,25,Score in Half,Slide Slits Right Panel,Yes 2500 Envelopes A7
Majestic,Silk,7 x 10,Vertical,Rectangle,16PT C2S,No Coating,Silk,n/a,4/0,25,Score in Half,Slide Slits Right Panel,Yes 2500 Envelopes A7
Majestic,Silk,7 x 10,Horizontal,Rectangle,16PT C2S,No Coating,Silk,n/a,4/1,25,Score in Half,Slide Slits Right Panel,Yes 2500 Envelopes A7
Majestic,Silk,7 x 10,Horizontal,Rectangle,16PT C2S,No Coating,Silk,n/a,4/4,25,Score in Half,Slide Slits Right Panel,Yes 2500 Envelopes A7
Majestic,Silk,7 x 10,Vertical,Rectangle,16PT C2S,No Coating,Silk,n/a,4/0,250,Score in Half,Slide Slits Bottom Panel,Yes 2500 Envelopes A7
Majestic,Silk,7 x 10,Vertical,Rectangle,16PT C2S,No Coating,Silk,n/a,4/4,25,Score in Half,Slide Slits Right Panel,Yes 2500 Envelopes A7
Majestic,Silk,7 x 10,Horizontal,Rectangle,16PT C2S,No Coating,Silk,n/a,4/0,50,Score in Half,Slide Slits Right Panel,Yes 2500 Envelopes A7
Majestic,Silk,7 x 10,Vertical,Rectangle,16PT C2S,No Coating,Silk,n/a,4/0,50,Score in Half,Slide Slits Right Panel,Yes 2500 Envelopes A7
Majestic,Silk,7 x 10,Horizontal,Rectangle,16PT C2S,No Coating,Silk,n/a,4/1,50,Score in Half,Slide Slits Right Panel,Yes 2500 Envelopes A7
Majestic,Silk,7 x 10,Vertical,Rectangle,16PT C2S,No Coating,Silk,n/a,4/1,50,Score in Half,Slide Slits Right Panel,Yes 2500 Envelopes A7
Majestic,Silk,7 x 10,Horizontal,Rectangle,16PT C2S,No Coating,Silk,n/a,4/4,50,Score in Half,Slide Slits Right Panel,Yes 2500 Envelopes A7
Majestic,Silk,7 x 10,Vertical,Rectangle,16PT C2S,No Coating,Silk,n/a,4/4,50,Score in Half,Slide Slits Right Panel,Yes 2500 Envelopes A7
Majestic,Silk,7 x 10,Horizontal,Rectangle,16PT C2S,No Coating,Silk,n/a,4/0,75,Score in Half,Slide Slits Right Panel,Yes 2500 Envelopes A7
Majestic,Silk,7 x 10,Vertical,Rectangle,16PT C2S,No Coating,Silk,n/a,4/0,75,Score in Half,Slide Slits Right Panel,Yes 2500 Envelopes A7
Majestic,Silk,7 x 10,Horizontal,Rectangle,16PT C2S,No Coating,Silk,n/a,4/1,75,Score in Half,Slide Slits Right Panel,Yes 2500 Envelopes A7
Majestic,Silk,7 x 10,Vertical,Rectangle,16PT C2S,No Coating,Silk,n/a,4/1,75,Score in Half,Slide Slits Right Panel,Yes 2500 Envelopes A7
Majestic,Silk,7 x 10,Vertical,Rectangle,16PT C2S,No Coating,Silk,n/a,4/4,75,Score in Half,Slide Slits Right Panel,Yes 2500 Envelopes A7
Majestic,Silk,7 x 10,Horizontal,Rectangle,16PT C2S,No Coating,Silk,n/a,4/4,75,Score in Half,Slide Slits Right Panel,Yes 2500 Envelopes A7
Majestic,Silk,7 x 10,Horizontal,Rectangle,16PT C2S,No Coating,Silk,n/a,4/0,100,Score in Half,Slide Slits Right Panel,Yes 2500 Envelopes A7
Majestic,Silk,7 x 10,Vertical,Rectangle,16PT C2S,No Coating,Silk,n/a,4/0,100,Score in Half,Slide Slits Right Panel,Yes 2500 Envelopes A7
Majestic,Silk,7 x 10,Horizontal,Rectangle,16PT C2S,No Coating,Silk,n/a,4/1,100,Score in Half,Slide Slits Right Panel,Yes 2500 Envelopes A7
Majestic,Silk,7 x 10,Vertical,Rectangle,16PT C2S,No Coating,Silk,n/a,4/1,100,Score in Half,Slide Slits Right Panel,Yes 2500 Envelopes A7
Majestic,Silk,7 x 10,Horizontal,Rectangle,16PT C2S,No Coating,Silk,n/a,4/4,100,Score in Half,Slide Slits Right Panel,Yes 2500 Envelopes A7
Majestic,Silk,7 x 10,Vertical,Rectangle,16PT C2S,No Coating,Silk,n/a,4/4,100,Score in Half,Slide Slits Right Panel,Yes 2500 Envelopes A7
Majestic,Silk,7 x 10,Horizontal,Rectangle,16PT C2S,No Coating,Silk,n/a,4/0,250,Score in Half,Slide Slits Right Panel,Yes 2500 Envelopes A7
Majestic,Silk,7 x 10,Vertical,Rectangle,16PT C2S,No Coating,Silk,n/a,4/0,250,Score in Half,Slide Slits Right Panel,Yes 2500 Envelopes A7
Majestic,Silk,7 x 10,Horizontal,Rectangle,16PT C2S,No Coating,Silk,n/a,4/1,250,Score in Half,Slide Slits Right Panel,Yes 2500 Envelopes A7
Majestic,Silk,7 x 10,Vertical,Rectangle,16PT C2S,No Coating,Silk,n/a,4/1,250,Score in Half,Slide Slits Right Panel,Yes 2500 Envelopes A7
Majestic,Silk,7 x 10,Horizontal,Rectangle,16PT C2S,No Coating,Silk,n/a,4/4,250,Score in Half,Slide Slits Right Panel,Yes 2500 Envelopes A7
Majestic,Silk,7 x 10,Vertical,Rectangle,16PT C2S,No Coating,Silk,n/a,4/4,250,Score in Half,Slide Slits Right Panel,Yes 2500 Envelopes A7
Majestic,Silk,7 x 10,Horizontal,Rectangle,16PT C2S,No Coating,Silk,n/a,4/0,500,Score in Half,Slide Slits Right Panel,Yes 2500 Envelopes A7
Majestic,Silk,7 x 10,Vertical,Rectangle,16PT C2S,No Coating,Silk,n/a,4/0,500,Score in Half,Slide Slits Right Panel,Yes 2500 Envelopes A7
Majestic,Silk,7 x 10,Horizontal,Rectangle,16PT C2S,No Coating,Silk,n/a,4/1,500,Score in Half,Slide Slits Right Panel,Yes 2500 Envelopes A7
Majestic,Silk,7 x 10,Vertical,Rectangle,16PT C2S,No Coating,Silk,n/a,4/1,500,Score in Half,Slide Slits Right Panel,Yes 2500 Envelopes A7
Majestic,Silk,7 x 10,Horizontal,Rectangle,16PT C2S,No Coating,Silk,n/a,4/4,500,Score in Half,Slide Slits Right Panel,Yes 2500 Envelopes A7
Majestic,Silk,7 x 10,Vertical,Rectangle,16PT C2S,No Coating,Silk,n/a,4/4,500,Score in Half,Slide Slits Right Panel,Yes 2500 Envelopes A7
Majestic,Silk,7 x 10,Horizontal,Rectangle,16PT C2S,No Coating,Silk,n/a,4/0,1000,Score in Half,Slide Slits Right Panel,Yes 2500 Envelopes A7
Majestic,Silk,7 x 10,Vertical,Rectangle,16PT C2S,No Coating,Silk,n/a,4/0,1000,Score in Half,Slide Slits Right Panel,Yes 2500 Envelopes A7
Majestic,Silk,7 x 10,Horizontal,Rectangle,16PT C2S,No Coating,Silk,n/a,4/1,1000,Score in Half,Slide Slits Right Panel,Yes 2500 Envelopes A7
Majestic,Silk,7 x 10,Vertical,Rectangle,16PT C2S,No Coating,Silk,n/a,4/1,1000,Score in Half,Slide Slits Right Panel,Yes 2500 Envelopes A7
Majestic,Silk,7 x 10,Horizontal,Rectangle,16PT C2S,No Coating,Silk,n/a,4/4,1000,Score in Half,Slide Slits Right Panel,Yes 2500 Envelopes A7
Majestic,Silk,7 x 10,Vertical,Rectangle,16PT C2S,No Coating,Silk,n/a,4/4,1000,Score in Half,Slide Slits Right Panel,Yes 2500 Envelopes A7
Majestic,Silk,7 x 10,Horizontal,Rectangle,16PT C2S,No Coating,Silk,n/a,4/0,2500,Score in Half,Slide Slits Right Panel,Yes 2500 Envelopes A7
Majestic,Silk,7 x 10,Vertical,Rectangle,16PT C2S,No Coating,Silk,n/a,4/0,2500,Score in Half,Slide Slits Right Panel,Yes 2500 Envelopes A7
Majestic,Silk,7 x 10,Horizontal,Rectangle,16PT C2S,No Coating,Silk,n/a,4/1,2500,Score in Half,Slide Slits Right Panel,Yes 2500 Envelopes A7
Majestic,Silk,7 x 10,Vertical,Rectangle,16PT C2S,No Coating,Silk,n/a,4/1,2500,Score in Half,Slide Slits Right Panel,Yes 2500 Envelopes A7
Majestic,Silk,7 x 10,Horizontal,Rectangle,16PT C2S,No Coating,Silk,n/a,4/4,2500,Score in Half,Slide Slits Right Panel,Yes 2500 Envelopes A7
Majestic,Silk,7 x 10,Vertical,Rectangle,16PT C2S,No Coating,Silk,n/a,4/4,2500,Score in Half,Slide Slits Right Panel,Yes 2500 Envelopes A7
Majestic,Silk,7 x 10,Horizontal,Rectangle,16PT C2S,No Coating,Silk,n/a,4/0,5000,Score in Half,Slide Slits Right Panel,Yes 2500 Envelopes A7
Majestic,Silk,7 x 10,Vertical,Rectangle,16PT C2S,No Coating,Silk,n/a,4/0,5000,Score in Half,Slide Slits Right Panel,Yes 2500 Envelopes A7
Majestic,Silk,7 x 10,Horizontal,Rectangle,16PT C2S,No Coating,Silk,n/a,4/1,5000,Score in Half,Slide Slits Right Panel,Yes 2500 Envelopes A7
Majestic,Silk,7 x 10,Vertical,Rectangle,16PT C2S,No Coating,Silk,n/a,4/1,5000,Score in Half,Slide Slits Right Panel,Yes 2500 Envelopes A7
Majestic,Silk,7 x 10,Horizontal,Rectangle,16PT C2S,No Coating,Silk,n/a,4/4,5000,Score in Half,Slide Slits Right Panel,Yes 2500 Envelopes A7
Majestic,Silk,7 x 10,Horizontal,Rectangle,16PT C2S,No Coating,Silk,n/a,4/0,10000,Score in Half,Slide Slits Right Panel,Yes 2500 Envelopes A7
Majestic,Silk,7 x 10,Vertical,Rectangle,16PT C2S,No Coating,Silk,n/a,4/4,5000,Score in Half,Slide Slits Right Panel,Yes 2500 Envelopes A7
Majestic,Silk,7 x 10,Horizontal,Rectangle,16PT C2S,No Coating,Silk,n/a,4/1,10000,Score in Half,Slide Slits Right Panel,Yes 2500 Envelopes A7
Majestic,Silk,7 x 10,Vertical,Rectangle,16PT C2S,No Coating,Silk,n/a,4/0,10000,Score in Half,Slide Slits Right Panel,Yes 2500 Envelopes A7
Majestic,Silk,7 x 10,Vertical,Rectangle,16PT C2S,No Coating,Silk,n/a,4/1,10000,Score in Half,Slide Slits Right Panel,Yes 2500 Envelopes A7
Majestic,Silk,7 x 10,Vertical,Rectangle,16PT C2S,No Coating,Silk,n/a,4/4,10000,Score in Half,Slide Slits Right Panel,Yes 2500 Envelopes A7
Majestic,Silk,7 x 10,Horizontal,Rectangle,16PT C2S,No Coating,Silk,n/a,4/4,10000,Score in Half,Slide Slits Right Panel,Yes 2500 Envelopes A7
Majestic,Silk,7 x 10,Vertical,Rectangle,16PT C2S,No Coating,Silk,n/a,4/0,25,Score in Half,Moon Slits Bottom Panel,Yes 5000 Envelopes A7
Majestic,Silk,7 x 10,Horizontal,Rectangle,16PT C2S,No Coating,Silk,n/a,4/1,25,Score in Half,Moon Slits Bottom Panel,Yes 5000 Envelopes A7
Majestic,Silk,7 x 10,Horizontal,Rectangle,16PT C2S,No Coating,Silk,n/a,4/0,25,Score in Half,Moon Slits Bottom Panel,Yes 5000 Envelopes A7
Majestic,Silk,7 x 10,Horizontal,Rectangle,16PT C2S,No Coating,Silk,n/a,4/4,25,Score in Half,Moon Slits Bottom Panel,Yes 5000 Envelopes A7
Majestic,Silk,7 x 10,Vertical,Rectangle,16PT C2S,No Coating,Silk,n/a,4/4,25,Score in Half,Moon Slits Bottom Panel,Yes 5000 Envelopes A7
Majestic,Silk,7 x 10,Vertical,Rectangle,16PT C2S,No Coating,Silk,n/a,4/1,25,Score in Half,Moon Slits Bottom Panel,Yes 5000 Envelopes A7
Majestic,Silk,7 x 10,Vertical,Rectangle,16PT C2S,No Coating,Silk,n/a,4/0,50,Score in Half,Moon Slits Bottom Panel,Yes 5000 Envelopes A7
Majestic,Silk,7 x 10,Horizontal,Rectangle,16PT C2S,No Coating,Silk,n/a,4/0,50,Score in Half,Moon Slits Bottom Panel,Yes 5000 Envelopes A7
Majestic,Silk,7 x 10,Horizontal,Rectangle,16PT C2S,No Coating,Silk,n/a,4/1,50,Score in Half,Moon Slits Bottom Panel,Yes 5000 Envelopes A7
Majestic,Silk,7 x 10,Vertical,Rectangle,16PT C2S,No Coating,Silk,n/a,4/1,50,Score in Half,Moon Slits Bottom Panel,Yes 5000 Envelopes A7
Majestic,Silk,7 x 10,Horizontal,Rectangle,16PT C2S,No Coating,Silk,n/a,4/4,50,Score in Half,Moon Slits Bottom Panel,Yes 5000 Envelopes A7
Majestic,Silk,7 x 10,Horizontal,Rectangle,16PT C2S,No Coating,Silk,n/a,4/0,75,Score in Half,Moon Slits Bottom Panel,Yes 5000 Envelopes A7
Majestic,Silk,7 x 10,Vertical,Rectangle,16PT C2S,No Coating,Silk,n/a,4/4,50,Score in Half,Moon Slits Bottom Panel,Yes 5000 Envelopes A7
Majestic,Silk,7 x 10,Horizontal,Rectangle,16PT C2S,No Coating,Silk,n/a,4/1,75,Score in Half,Moon Slits Bottom Panel,Yes 5000 Envelopes A7
Majestic,Silk,7 x 10,Vertical,Rectangle,16PT C2S,No Coating,Silk,n/a,4/1,75,Score in Half,Moon Slits Bottom Panel,Yes 5000 Envelopes A7
Majestic,Silk,7 x 10,Vertical,Rectangle,16PT C2S,No Coating,Silk,n/a,4/0,75,Score in Half,Moon Slits Bottom Panel,Yes 5000 Envelopes A7
Majestic,Silk,7 x 10,Vertical,Rectangle,16PT C2S,No Coating,Silk,n/a,4/4,75,Score in Half,Moon Slits Bottom Panel,Yes 5000 Envelopes A7
Majestic,Silk,7 x 10,Horizontal,Rectangle,16PT C2S,No Coating,Silk,n/a,4/0,100,Score in Half,Moon Slits Bottom Panel,Yes 5000 Envelopes A7
Majestic,Silk,7 x 10,Horizontal,Rectangle,16PT C2S,No Coating,Silk,n/a,4/4,75,Score in Half,Moon Slits Bottom Panel,Yes 5000 Envelopes A7
Majestic,Silk,7 x 10,Vertical,Rectangle,16PT C2S,No Coating,Silk,n/a,4/0,100,Score in Half,Moon Slits Bottom Panel,Yes 5000 Envelopes A7
Majestic,Silk,7 x 10,Horizontal,Rectangle,16PT C2S,No Coating,Silk,n/a,4/1,100,Score in Half,Moon Slits Bottom Panel,Yes 5000 Envelopes A7
Majestic,Silk,7 x 10,Vertical,Rectangle,16PT C2S,No Coating,Silk,n/a,4/1,100,Score in Half,Moon Slits Bottom Panel,Yes 5000 Envelopes A7
Majestic,Silk,7 x 10,Horizontal,Rectangle,16PT C2S,No Coating,Silk,n/a,4/4,100,Score in Half,Moon Slits Bottom Panel,Yes 5000 Envelopes A7
Majestic,Silk,7 x 10,Horizontal,Rectangle,16PT C2S,No Coating,Silk,n/a,4/0,250,Score in Half,Moon Slits Bottom Panel,Yes 5000 Envelopes A7
Majestic,Silk,7 x 10,Vertical,Rectangle,16PT C2S,No Coating,Silk,n/a,4/0,250,Score in Half,Moon Slits Bottom Panel,Yes 5000 Envelopes A7
Majestic,Silk,7 x 10,Vertical,Rectangle,16PT C2S,No Coating,Silk,n/a,4/4,100,Score in Half,Moon Slits Bottom Panel,Yes 5000 Envelopes A7
Majestic,Silk,7 x 10,Horizontal,Rectangle,16PT C2S,No Coating,Silk,n/a,4/1,250,Score in Half,Moon Slits Bottom Panel,Yes 5000 Envelopes A7
Majestic,Silk,7 x 10,Vertical,Rectangle,16PT C2S,No Coating,Silk,n/a,4/1,250,Score in Half,Moon Slits Bottom Panel,Yes 5000 Envelopes A7
Majestic,Silk,7 x 10,Horizontal,Rectangle,16PT C2S,No Coating,Silk,n/a,4/4,250,Score in Half,Moon Slits Bottom Panel,Yes 5000 Envelopes A7
Majestic,Silk,7 x 10,Vertical,Rectangle,16PT C2S,No Coating,Silk,n/a,4/4,250,Score in Half,Moon Slits Bottom Panel,Yes 5000 Envelopes A7
Majestic,Silk,7 x 10,Horizontal,Rectangle,16PT C2S,No Coating,Silk,n/a,4/1,500,Score in Half,Moon Slits Bottom Panel,Yes 5000 Envelopes A7
Majestic,Silk,7 x 10,Vertical,Rectangle,16PT C2S,No Coating,Silk,n/a,4/0,500,Score in Half,Moon Slits Bottom Panel,Yes 5000 Envelopes A7
Majestic,Silk,7 x 10,Horizontal,Rectangle,16PT C2S,No Coating,Silk,n/a,4/0,500,Score in Half,Moon Slits Bottom Panel,Yes 5000 Envelopes A7
Majestic,Silk,7 x 10,Horizontal,Rectangle,16PT C2S,No Coating,Silk,n/a,4/4,500,Score in Half,Moon Slits Bottom Panel,Yes 5000 Envelopes A7
Majestic,Silk,7 x 10,Vertical,Rectangle,16PT C2S,No Coating,Silk,n/a,4/4,500,Score in Half,Moon Slits Bottom Panel,Yes 5000 Envelopes A7
Majestic,Silk,7 x 10,Vertical,Rectangle,16PT C2S,No Coating,Silk,n/a,4/1,500,Score in Half,Moon Slits Bottom Panel,Yes 5000 Envelopes A7
Majestic,Silk,7 x 10,Horizontal,Rectangle,16PT C2S,No Coating,Silk,n/a,4/0,1000,Score in Half,Moon Slits Bottom Panel,Yes 5000 Envelopes A7
Majestic,Silk,7 x 10,Vertical,Rectangle,16PT C2S,No Coating,Silk,n/a,4/0,1000,Score in Half,Moon Slits Bottom Panel,Yes 5000 Envelopes A7
Majestic,Silk,7 x 10,Horizontal,Rectangle,16PT C2S,No Coating,Silk,n/a,4/1,1000,Score in Half,Moon Slits Bottom Panel,Yes 5000 Envelopes A7
Majestic,Silk,7 x 10,Vertical,Rectangle,16PT C2S,No Coating,Silk,n/a,4/1,1000,Score in Half,Moon Slits Bottom Panel,Yes 5000 Envelopes A7
Majestic,Silk,7 x 10,Vertical,Rectangle,16PT C2S,No Coating,Silk,n/a,4/4,1000,Score in Half,Moon Slits Bottom Panel,Yes 5000 Envelopes A7
Majestic,Silk,7 x 10,Horizontal,Rectangle,16PT C2S,No Coating,Silk,n/a,4/0,2500,Score in Half,Moon Slits Bottom Panel,Yes 5000 Envelopes A7
Majestic,Silk,7 x 10,Horizontal,Rectangle,16PT C2S,No Coating,Silk,n/a,4/4,1000,Score in Half,Moon Slits Bottom Panel,Yes 5000 Envelopes A7
Majestic,Silk,7 x 10,Horizontal,Rectangle,16PT C2S,No Coating,Silk,n/a,4/1,2500,Score in Half,Moon Slits Bottom Panel,Yes 5000 Envelopes A7
Majestic,Silk,7 x 10,Vertical,Rectangle,16PT C2S,No Coating,Silk,n/a,4/1,2500,Score in Half,Moon Slits Bottom Panel,Yes 5000 Envelopes A7
Majestic,Silk,7 x 10,Vertical,Rectangle,16PT C2S,No Coating,Silk,n/a,4/0,2500,Score in Half,Moon Slits Bottom Panel,Yes 5000 Envelopes A7
Majestic,Silk,7 x 10,Horizontal,Rectangle,16PT C2S,No Coating,Silk,n/a,4/4,2500,Score in Half,Moon Slits Bottom Panel,Yes 5000 Envelopes A7
Majestic,Silk,7 x 10,Vertical,Rectangle,16PT C2S,No Coating,Silk,n/a,4/4,2500,Score in Half,Moon Slits Bottom Panel,Yes 5000 Envelopes A7
Majestic,Silk,7 x 10,Horizontal,Rectangle,16PT C2S,No Coating,Silk,n/a,4/0,5000,Score in Half,Moon Slits Bottom Panel,Yes 5000 Envelopes A7
Majestic,Silk,7 x 10,Vertical,Rectangle,16PT C2S,No Coating,Silk,n/a,4/0,5000,Score in Half,Moon Slits Bottom Panel,Yes 5000 Envelopes A7
Majestic,Silk,7 x 10,Vertical,Rectangle,16PT C2S,No Coating,Silk,n/a,4/1,5000,Score in Half,Moon Slits Bottom Panel,Yes 5000 Envelopes A7
Majestic,Silk,7 x 10,Horizontal,Rectangle,16PT C2S,No Coating,Silk,n/a,4/4,5000,Score in Half,Moon Slits Bottom Panel,Yes 5000 Envelopes A7
Majestic,Silk,7 x 10,Horizontal,Rectangle,16PT C2S,No Coating,Silk,n/a,4/1,5000,Score in Half,Moon Slits Bottom Panel,Yes 5000 Envelopes A7
Majestic,Silk,7 x 10,Horizontal,Rectangle,16PT C2S,No Coating,Silk,n/a,4/0,10000,Score in Half,Moon Slits Bottom Panel,Yes 5000 Envelopes A7
Majestic,Silk,7 x 10,Vertical,Rectangle,16PT C2S,No Coating,Silk,n/a,4/0,10000,Score in Half,Moon Slits Bottom Panel,Yes 5000 Envelopes A7
Majestic,Silk,7 x 10,Vertical,Rectangle,16PT C2S,No Coating,Silk,n/a,4/4,5000,Score in Half,Moon Slits Bottom Panel,Yes 5000 Envelopes A7
Majestic,Silk,7 x 10,Horizontal,Rectangle,16PT C2S,No Coating,Silk,n/a,4/1,10000,Score in Half,Moon Slits Bottom Panel,Yes 5000 Envelopes A7
Majestic,Silk,7 x 10,Vertical,Rectangle,16PT C2S,No Coating,Silk,n/a,4/1,10000,Score in Half,Moon Slits Bottom Panel,Yes 5000 Envelopes A7
Majestic,Silk,7 x 10,Horizontal,Rectangle,16PT C2S,No Coating,Silk,n/a,4/4,10000,Score in Half,Moon Slits Bottom Panel,Yes 5000 Envelopes A7
Majestic,Silk,7 x 10,Vertical,Rectangle,16PT C2S,No Coating,Silk,n/a,4/4,10000,Score in Half,Moon Slits Bottom Panel,Yes 5000 Envelopes A7
Majestic,Silk,7 x 10,Vertical,Rectangle,16PT C2S,No Coating,Silk,n/a,4/0,25,Score in Half,Moon Slits Right Panel,Yes 5000 Envelopes A7
Majestic,Silk,7 x 10,Horizontal,Rectangle,16PT C2S,No Coating,Silk,n/a,4/1,25,Score in Half,Moon Slits Right Panel,Yes 5000 Envelopes A7
Majestic,Silk,7 x 10,Horizontal,Rectangle,16PT C2S,No Coating,Silk,n/a,4/0,25,Score in Half,Moon Slits Right Panel,Yes 5000 Envelopes A7
Majestic,Silk,7 x 10,Horizontal,Rectangle,16PT C2S,No Coating,Silk,n/a,4/4,25,Score in Half,Moon Slits Right Panel,Yes 5000 Envelopes A7
Majestic,Silk,7 x 10,Vertical,Rectangle,16PT C2S,No Coating,Silk,n/a,4/4,25,Score in Half,Moon Slits Right Panel,Yes 5000 Envelopes A7
Majestic,Silk,7 x 10,Vertical,Rectangle,16PT C2S,No Coating,Silk,n/a,4/1,25,Score in Half,Moon Slits Right Panel,Yes 5000 Envelopes A7
Majestic,Silk,7 x 10,Vertical,Rectangle,16PT C2S,No Coating,Silk,n/a,4/0,50,Score in Half,Moon Slits Right Panel,Yes 5000 Envelopes A7
Majestic,Silk,7 x 10,Horizontal,Rectangle,16PT C2S,No Coating,Silk,n/a,4/1,50,Score in Half,Moon Slits Right Panel,Yes 5000 Envelopes A7
Majestic,Silk,7 x 10,Horizontal,Rectangle,16PT C2S,No Coating,Silk,n/a,4/0,50,Score in Half,Moon Slits Right Panel,Yes 5000 Envelopes A7
Majestic,Silk,7 x 10,Horizontal,Rectangle,16PT C2S,No Coating,Silk,n/a,4/4,50,Score in Half,Moon Slits Right Panel,Yes 5000 Envelopes A7
Majestic,Silk,7 x 10,Vertical,Rectangle,16PT C2S,No Coating,Silk,n/a,4/1,50,Score in Half,Moon Slits Right Panel,Yes 5000 Envelopes A7
Majestic,Silk,7 x 10,Vertical,Rectangle,16PT C2S,No Coating,Silk,n/a,4/4,50,Score in Half,Moon Slits Right Panel,Yes 5000 Envelopes A7
Majestic,Silk,7 x 10,Horizontal,Rectangle,16PT C2S,No Coating,Silk,n/a,4/0,75,Score in Half,Moon Slits Right Panel,Yes 5000 Envelopes A7
Majestic,Silk,7 x 10,Vertical,Rectangle,16PT C2S,No Coating,Silk,n/a,4/0,75,Score in Half,Moon Slits Right Panel,Yes 5000 Envelopes A7
Majestic,Silk,7 x 10,Vertical,Rectangle,16PT C2S,No Coating,Silk,n/a,4/1,75,Score in Half,Moon Slits Right Panel,Yes 5000 Envelopes A7
Majestic,Silk,7 x 10,Horizontal,Rectangle,16PT C2S,No Coating,Silk,n/a,4/1,75,Score in Half,Moon Slits Right Panel,Yes 5000 Envelopes A7
Majestic,Silk,7 x 10,Vertical,Rectangle,16PT C2S,No Coating,Silk,n/a,4/4,75,Score in Half,Moon Slits Right Panel,Yes 5000 Envelopes A7
Majestic,Silk,7 x 10,Horizontal,Rectangle,16PT C2S,No Coating,Silk,n/a,4/0,100,Score in Half,Moon Slits Right Panel,Yes 5000 Envelopes A7
Majestic,Silk,7 x 10,Horizontal,Rectangle,16PT C2S,No Coating,Silk,n/a,4/4,75,Score in Half,Moon Slits Right Panel,Yes 5000 Envelopes A7
Majestic,Silk,7 x 10,Horizontal,Rectangle,16PT C2S,No Coating,Silk,n/a,4/1,100,Score in Half,Moon Slits Right Panel,Yes 5000 Envelopes A7
Majestic,Silk,7 x 10,Vertical,Rectangle,16PT C2S,No Coating,Silk,n/a,4/1,100,Score in Half,Moon Slits Right Panel,Yes 5000 Envelopes A7
Majestic,Silk,7 x 10,Vertical,Rectangle,16PT C2S,No Coating,Silk,n/a,4/0,100,Score in Half,Moon Slits Right Panel,Yes 5000 Envelopes A7
Majestic,Silk,7 x 10,Vertical,Rectangle,16PT C2S,No Coating,Silk,n/a,4/4,100,Score in Half,Moon Slits Right Panel,Yes 5000 Envelopes A7
Majestic,Silk,7 x 10,Horizontal,Rectangle,16PT C2S,No Coating,Silk,n/a,4/4,100,Score in Half,Moon Slits Right Panel,Yes 5000 Envelopes A7
Majestic,Silk,7 x 10,Horizontal,Rectangle,16PT C2S,No Coating,Silk,n/a,4/0,250,Score in Half,Moon Slits Right Panel,Yes 5000 Envelopes A7
Majestic,Silk,7 x 10,Horizontal,Rectangle,16PT C2S,No Coating,Silk,n/a,4/1,250,Score in Half,Moon Slits Right Panel,Yes 5000 Envelopes A7
Majestic,Silk,7 x 10,Horizontal,Rectangle,16PT C2S,No Coating,Silk,n/a,4/1,250,Score in Half,Moon Slits Right Panel,Yes 2500 Envelopes A7
Majestic,Silk,7 x 10,Horizontal,Rectangle,16PT C2S,No Coating,Silk,n/a,4/4,250,Score in Half,Moon Slits Right Panel,Yes 5000 Envelopes A7
Majestic,Silk,7 x 10,Vertical,Rectangle,16PT C2S,No Coating,Silk,n/a,4/1,250,Score in Half,Moon Slits Right Panel,Yes 5000 Envelopes A7
Majestic,Silk,7 x 10,Vertical,Rectangle,16PT C2S,No Coating,Silk,n/a,4/4,250,Score in Half,Moon Slits Right Panel,Yes 5000 Envelopes A7
Majestic,Silk,7 x 10,Vertical,Rectangle,16PT C2S,No Coating,Silk,n/a,4/0,500,Score in Half,Moon Slits Right Panel,Yes 5000 Envelopes A7
Majestic,Silk,7 x 10,Horizontal,Rectangle,16PT C2S,No Coating,Silk,n/a,4/0,500,Score in Half,Moon Slits Right Panel,Yes 5000 Envelopes A7
Majestic,Silk,7 x 10,Vertical,Rectangle,16PT C2S,No Coating,Silk,n/a,4/1,500,Score in Half,Moon Slits Right Panel,Yes 5000 Envelopes A7
Majestic,Silk,7 x 10,Horizontal,Rectangle,16PT C2S,No Coating,Silk,n/a,4/4,500,Score in Half,Moon Slits Right Panel,Yes 5000 Envelopes A7
Majestic,Silk,7 x 10,Horizontal,Rectangle,16PT C2S,No Coating,Silk,n/a,4/1,500,Score in Half,Moon Slits Right Panel,Yes 5000 Envelopes A7
Majestic,Silk,7 x 10,Horizontal,Rectangle,16PT C2S,No Coating,Silk,n/a,4/0,1000,Score in Half,Moon Slits Right Panel,Yes 5000 Envelopes A7
Majestic,Silk,7 x 10,Vertical,Rectangle,16PT C2S,No Coating,Silk,n/a,4/0,1000,Score in Half,Moon Slits Right Panel,Yes 5000 Envelopes A7
Majestic,Silk,7 x 10,Vertical,Rectangle,16PT C2S,No Coating,Silk,n/a,4/4,500,Score in Half,Moon Slits Right Panel,Yes 5000 Envelopes A7
Majestic,Silk,7 x 10,Horizontal,Rectangle,16PT C2S,No Coating,Silk,n/a,4/1,1000,Score in Half,Moon Slits Right Panel,Yes 5000 Envelopes A7
Majestic,Silk,7 x 10,Vertical,Rectangle,16PT C2S,No Coating,Silk,n/a,4/1,1000,Score in Half,Moon Slits Right Panel,Yes 5000 Envelopes A7
Majestic,Silk,7 x 10,Horizontal,Rectangle,16PT C2S,No Coating,Silk,n/a,4/4,1000,Score in Half,Moon Slits Right Panel,Yes 5000 Envelopes A7
Majestic,Silk,7 x 10,Vertical,Rectangle,16PT C2S,No Coating,Silk,n/a,4/0,2500,Score in Half,Moon Slits Right Panel,Yes 5000 Envelopes A7
Majestic,Silk,7 x 10,Vertical,Rectangle,16PT C2S,No Coating,Silk,n/a,4/4,1000,Score in Half,Moon Slits Right Panel,Yes 5000 Envelopes A7
Majestic,Silk,7 x 10,Horizontal,Rectangle,16PT C2S,No Coating,Silk,n/a,4/0,2500,Score in Half,Moon Slits Right Panel,Yes 5000 Envelopes A7
Majestic,Silk,7 x 10,Horizontal,Rectangle,16PT C2S,No Coating,Silk,n/a,4/1,2500,Score in Half,Moon Slits Right Panel,Yes 5000 Envelopes A7
Majestic,Silk,7 x 10,Vertical,Rectangle,16PT C2S,No Coating,Silk,n/a,4/1,2500,Score in Half,Moon Slits Right Panel,Yes 5000 Envelopes A7
Majestic,Silk,7 x 10,Horizontal,Rectangle,16PT C2S,No Coating,Silk,n/a,4/4,2500,Score in Half,Moon Slits Right Panel,Yes 5000 Envelopes A7
Majestic,Silk,7 x 10,Vertical,Rectangle,16PT C2S,No Coating,Silk,n/a,4/4,2500,Score in Half,Moon Slits Right Panel,Yes 5000 Envelopes A7
Majestic,Silk,7 x 10,Horizontal,Rectangle,16PT C2S,No Coating,Silk,n/a,4/0,5000,Score in Half,Moon Slits Right Panel,Yes 5000 Envelopes A7
Majestic,Silk,7 x 10,Horizontal,Rectangle,16PT C2S,No Coating,Silk,n/a,4/1,5000,Score in Half,Moon Slits Right Panel,Yes 5000 Envelopes A7
Majestic,Silk,7 x 10,Vertical,Rectangle,16PT C2S,No Coating,Silk,n/a,4/0,5000,Score in Half,Moon Slits Right Panel,Yes 5000 Envelopes A7
Majestic,Silk,7 x 10,Vertical,Rectangle,16PT C2S,No Coating,Silk,n/a,4/1,5000,Score in Half,Moon Slits Right Panel,Yes 5000 Envelopes A7
Majestic,Silk,7 x 10,Horizontal,Rectangle,16PT C2S,No Coating,Silk,n/a,4/4,5000,Score in Half,Moon Slits Right Panel,Yes 5000 Envelopes A7
Majestic,Silk,7 x 10,Vertical,Rectangle,16PT C2S,No Coating,Silk,n/a,4/4,5000,Score in Half,Moon Slits Right Panel,Yes 5000 Envelopes A7
Majestic,Silk,7 x 10,Vertical,Rectangle,16PT C2S,No Coating,Silk,n/a,4/0,10000,Score in Half,Moon Slits Right Panel,Yes 5000 Envelopes A7
Majestic,Silk,7 x 10,Horizontal,Rectangle,16PT C2S,No Coating,Silk,n/a,4/0,10000,Score in Half,Moon Slits Right Panel,Yes 5000 Envelopes A7
Majestic,Silk,7 x 10,Horizontal,Rectangle,16PT C2S,No Coating,Silk,n/a,4/1,10000,Score in Half,Moon Slits Right Panel,Yes 5000 Envelopes A7
Majestic,Silk,7 x 10,Vertical,Rectangle,16PT C2S,No Coating,Silk,n/a,4/1,10000,Score in Half,Moon Slits Right Panel,Yes 5000 Envelopes A7
Majestic,Silk,7 x 10,Horizontal,Rectangle,16PT C2S,No Coating,Silk,n/a,4/4,10000,Score in Half,Moon Slits Right Panel,Yes 5000 Envelopes A7
Majestic,Silk,7 x 10,Vertical,Rectangle,16PT C2S,No Coating,Silk,n/a,4/4,10000,Score in Half,Moon Slits Right Panel,Yes 5000 Envelopes A7
Majestic,Silk,7 x 10,Horizontal,Rectangle,16PT C2S,No Coating,Silk,n/a,4/0,25,Score in Half,No Gift Cards Slits,Yes 5000 Envelopes A7
Majestic,Silk,7 x 10,Vertical,Rectangle,16PT C2S,No Coating,Silk,n/a,4/0,25,Score in Half,No Gift Cards Slits,Yes 5000 Envelopes A7
Majestic,Silk,7 x 10,Horizontal,Rectangle,16PT C2S,No Coating,Silk,n/a,4/1,25,Score in Half,No Gift Cards Slits,Yes 5000 Envelopes A7
Majestic,Silk,7 x 10,Vertical,Rectangle,16PT C2S,No Coating,Silk,n/a,4/1,25,Score in Half,No Gift Cards Slits,Yes 5000 Envelopes A7
Majestic,Silk,7 x 10,Vertical,Rectangle,16PT C2S,No Coating,Silk,n/a,4/4,25,Score in Half,No Gift Cards Slits,Yes 5000 Envelopes A7
Majestic,Silk,7 x 10,Vertical,Rectangle,16PT C2S,No Coating,Silk,n/a,4/1,25,Score in Half,Slide Slits Right Panel,Yes 2500 Envelopes A7
Majestic,Silk,7 x 10,Horizontal,Rectangle,16PT C2S,No Coating,Silk,n/a,4/0,50,Score in Half,No Gift Cards Slits,Yes 5000 Envelopes A7
Majestic,Silk,7 x 10,Vertical,Rectangle,16PT C2S,No Coating,Silk,n/a,4/0,50,Score in Half,No Gift Cards Slits,Yes 5000 Envelopes A7
Majestic,Silk,7 x 10,Horizontal,Rectangle,16PT C2S,No Coating,Silk,n/a,4/1,50,Score in Half,No Gift Cards Slits,Yes 5000 Envelopes A7
Majestic,Silk,7 x 10,Vertical,Rectangle,16PT C2S,No Coating,Silk,n/a,4/1,50,Score in Half,No Gift Cards Slits,Yes 5000 Envelopes A7
Majestic,Silk,7 x 10,Vertical,Rectangle,16PT C2S,No Coating,Silk,n/a,4/1,2500,Score in Half,Moon Slits Right Panel,Yes 2500 Envelopes A7
Majestic,Silk,7 x 10,Vertical,Rectangle,16PT C2S,No Coating,Silk,n/a,4/4,50,Score in Half,No Gift Cards Slits,Yes 5000 Envelopes A7
Majestic,Silk,7 x 10,Horizontal,Rectangle,16PT C2S,No Coating,Silk,n/a,4/0,75,Score in Half,No Gift Cards Slits,Yes 5000 Envelopes A7
Majestic,Silk,7 x 10,Vertical,Rectangle,16PT C2S,No Coating,Silk,n/a,4/0,75,Score in Half,No Gift Cards Slits,Yes 5000 Envelopes A7
Majestic,Silk,7 x 10,Horizontal,Rectangle,16PT C2S,No Coating,Silk,n/a,4/1,75,Score in Half,No Gift Cards Slits,Yes 5000 Envelopes A7
Majestic,Silk,7 x 10,Vertical,Rectangle,16PT C2S,No Coating,Silk,n/a,4/1,75,Score in Half,No Gift Cards Slits,Yes 5000 Envelopes A7
Majestic,Silk,7 x 10,Horizontal,Rectangle,16PT C2S,No Coating,Silk,n/a,4/4,75,Score in Half,No Gift Cards Slits,Yes 5000 Envelopes A7
Majestic,Silk,7 x 10,Vertical,Rectangle,16PT C2S,No Coating,Silk,n/a,4/4,75,Score in Half,No Gift Cards Slits,Yes 5000 Envelopes A7
Majestic,Silk,7 x 10,Horizontal,Rectangle,16PT C2S,No Coating,Silk,n/a,4/0,100,Score in Half,No Gift Cards Slits,Yes 5000 Envelopes A7
Majestic,Silk,7 x 10,Vertical,Rectangle,16PT C2S,No Coating,Silk,n/a,4/0,100,Score in Half,No Gift Cards Slits,Yes 5000 Envelopes A7
Majestic,Silk,7 x 10,Horizontal,Rectangle,16PT C2S,No Coating,Silk,n/a,4/4,25,Score in Half,No Gift Cards Slits,Yes 5000 Envelopes A7
Majestic,Silk,7 x 10,Vertical,Rectangle,16PT C2S,No Coating,Silk,n/a,4/1,100,Score in Half,No Gift Cards Slits,Yes 5000 Envelopes A7
Majestic,Silk,7 x 10,Horizontal,Rectangle,16PT C2S,No Coating,Silk,n/a,4/4,100,Score in Half,No Gift Cards Slits,Yes 5000 Envelopes A7
Majestic,Silk,7 x 10,Vertical,Rectangle,16PT C2S,No Coating,Silk,n/a,4/4,100,Score in Half,No Gift Cards Slits,Yes 5000 Envelopes A7
Majestic,Silk,7 x 10,Horizontal,Rectangle,16PT C2S,No Coating,Silk,n/a,4/0,250,Score in Half,No Gift Cards Slits,Yes 5000 Envelopes A7
Majestic,Silk,7 x 10,Vertical,Rectangle,16PT C2S,No Coating,Silk,n/a,4/0,250,Score in Half,No Gift Cards Slits,Yes 5000 Envelopes A7
Majestic,Silk,7 x 10,Horizontal,Rectangle,16PT C2S,No Coating,Silk,n/a,4/1,250,Score in Half,No Gift Cards Slits,Yes 5000 Envelopes A7
Majestic,Silk,7 x 10,Vertical,Rectangle,16PT C2S,No Coating,Silk,n/a,4/1,250,Score in Half,No Gift Cards Slits,Yes 5000 Envelopes A7
Majestic,Silk,7 x 10,Horizontal,Rectangle,16PT C2S,No Coating,Silk,n/a,4/4,250,Score in Half,No Gift Cards Slits,Yes 5000 Envelopes A7
Majestic,Silk,7 x 10,Vertical,Rectangle,16PT C2S,No Coating,Silk,n/a,4/4,250,Score in Half,No Gift Cards Slits,Yes 5000 Envelopes A7
Majestic,Silk,7 x 10,Horizontal,Rectangle,16PT C2S,No Coating,Silk,n/a,4/0,500,Score in Half,No Gift Cards Slits,Yes 5000 Envelopes A7
Majestic,Silk,7 x 10,Vertical,Rectangle,16PT C2S,No Coating,Silk,n/a,4/0,500,Score in Half,No Gift Cards Slits,Yes 5000 Envelopes A7
Majestic,Silk,7 x 10,Horizontal,Rectangle,16PT C2S,No Coating,Silk,n/a,4/1,500,Score in Half,No Gift Cards Slits,Yes 5000 Envelopes A7
Majestic,Silk,7 x 10,Vertical,Rectangle,16PT C2S,No Coating,Silk,n/a,4/1,500,Score in Half,No Gift Cards Slits,Yes 5000 Envelopes A7
Majestic,Silk,7 x 10,Horizontal,Rectangle,16PT C2S,No Coating,Silk,n/a,4/4,500,Score in Half,No Gift Cards Slits,Yes 5000 Envelopes A7
Majestic,Silk,7 x 10,Vertical,Rectangle,16PT C2S,No Coating,Silk,n/a,4/4,500,Score in Half,No Gift Cards Slits,Yes 5000 Envelopes A7
Majestic,Silk,7 x 10,Horizontal,Rectangle,16PT C2S,No Coating,Silk,n/a,4/0,1000,Score in Half,No Gift Cards Slits,Yes 5000 Envelopes A7
Majestic,Silk,7 x 10,Vertical,Rectangle,16PT C2S,No Coating,Silk,n/a,4/0,1000,Score in Half,No Gift Cards Slits,Yes 5000 Envelopes A7
Majestic,Silk,7 x 10,Horizontal,Rectangle,16PT C2S,No Coating,Silk,n/a,4/1,1000,Score in Half,No Gift Cards Slits,Yes 5000 Envelopes A7
Majestic,Silk,7 x 10,Vertical,Rectangle,16PT C2S,No Coating,Silk,n/a,4/1,1000,Score in Half,No Gift Cards Slits,Yes 5000 Envelopes A7
Majestic,Silk,7 x 10,Horizontal,Rectangle,16PT C2S,No Coating,Silk,n/a,4/4,1000,Score in Half,No Gift Cards Slits,Yes 5000 Envelopes A7
Majestic,Silk,7 x 10,Vertical,Rectangle,16PT C2S,No Coating,Silk,n/a,4/4,1000,Score in Half,No Gift Cards Slits,Yes 5000 Envelopes A7
Majestic,Silk,7 x 10,Horizontal,Rectangle,16PT C2S,No Coating,Silk,n/a,4/0,2500,Score in Half,No Gift Cards Slits,Yes 5000 Envelopes A7
Majestic,Silk,7 x 10,Vertical,Rectangle,16PT C2S,No Coating,Silk,n/a,4/0,2500,Score in Half,No Gift Cards Slits,Yes 5000 Envelopes A7
Majestic,Silk,7 x 10,Vertical,Rectangle,16PT C2S,No Coating,Silk,n/a,4/1,2500,Score in Half,No Gift Cards Slits,Yes 5000 Envelopes A7
Majestic,Silk,7 x 10,Horizontal,Rectangle,16PT C2S,No Coating,Silk,n/a,4/1,2500,Score in Half,No Gift Cards Slits,Yes 5000 Envelopes A7
Majestic,Silk,7 x 10,Horizontal,Rectangle,16PT C2S,No Coating,Silk,n/a,4/4,2500,Score in Half,No Gift Cards Slits,Yes 5000 Envelopes A7
Majestic,Silk,7 x 10,Vertical,Rectangle,16PT C2S,No Coating,Silk,n/a,4/4,2500,Score in Half,No Gift Cards Slits,Yes 5000 Envelopes A7
Majestic,Silk,7 x 10,Horizontal,Rectangle,16PT C2S,No Coating,Silk,n/a,4/0,5000,Score in Half,No Gift Cards Slits,Yes 5000 Envelopes A7
Majestic,Silk,7 x 10,Vertical,Rectangle,16PT C2S,No Coating,Silk,n/a,4/0,5000,Score in Half,No Gift Cards Slits,Yes 5000 Envelopes A7
Majestic,Silk,7 x 10,Horizontal,Rectangle,16PT C2S,No Coating,Silk,n/a,4/1,5000,Score in Half,No Gift Cards Slits,Yes 5000 Envelopes A7
Majestic,Silk,7 x 10,Vertical,Rectangle,16PT C2S,No Coating,Silk,n/a,4/1,5000,Score in Half,No Gift Cards Slits,Yes 5000 Envelopes A7
Majestic,Silk,7 x 10,Horizontal,Rectangle,16PT C2S,No Coating,Silk,n/a,4/4,5000,Score in Half,No Gift Cards Slits,Yes 5000 Envelopes A7
Majestic,Silk,7 x 10,Vertical,Rectangle,16PT C2S,No Coating,Silk,n/a,4/4,5000,Score in Half,No Gift Cards Slits,Yes 5000 Envelopes A7
Majestic,Silk,7 x 10,Horizontal,Rectangle,16PT C2S,No Coating,Silk,n/a,4/0,10000,Score in Half,No Gift Cards Slits,Yes 5000 Envelopes A7
Majestic,Silk,7 x 10,Vertical,Rectangle,16PT C2S,No Coating,Silk,n/a,4/0,10000,Score in Half,No Gift Cards Slits,Yes 5000 Envelopes A7
Majestic,Silk,7 x 10,Horizontal,Rectangle,16PT C2S,No Coating,Silk,n/a,4/1,10000,Score in Half,No Gift Cards Slits,Yes 5000 Envelopes A7
Majestic,Silk,7 x 10,Vertical,Rectangle,16PT C2S,No Coating,Silk,n/a,4/1,10000,Score in Half,No Gift Cards Slits,Yes 5000 Envelopes A7
Majestic,Silk,7 x 10,Horizontal,Rectangle,16PT C2S,No Coating,Silk,n/a,4/1,100,Score in Half,No Gift Cards Slits,Yes 5000 Envelopes A7
Majestic,Silk,7 x 10,Horizontal,Rectangle,16PT C2S,No Coating,Silk,n/a,4/0,25,Score in Half,Slide Slits Bottom Panel,Yes 5000 Envelopes A7
Majestic,Silk,7 x 10,Horizontal,Rectangle,16PT C2S,No Coating,Silk,n/a,4/4,10000,Score in Half,No Gift Cards Slits,Yes 5000 Envelopes A7
Majestic,Silk,7 x 10,Horizontal,Rectangle,16PT C2S,No Coating,Silk,n/a,4/4,50,Score in Half,No Gift Cards Slits,Yes 5000 Envelopes A7
Majestic,Silk,7 x 10,Horizontal,Rectangle,16PT C2S,No Coating,Silk,n/a,4/1,25,Score in Half,Slide Slits Bottom Panel,Yes 5000 Envelopes A7
Majestic,Silk,7 x 10,Horizontal,Rectangle,16PT C2S,No Coating,Silk,n/a,4/4,25,Score in Half,Slide Slits Bottom Panel,Yes 5000 Envelopes A7
Majestic,Silk,7 x 10,Vertical,Rectangle,16PT C2S,No Coating,Silk,n/a,4/4,25,Score in Half,Slide Slits Bottom Panel,Yes 5000 Envelopes A7
Majestic,Silk,7 x 10,Vertical,Rectangle,16PT C2S,No Coating,Silk,n/a,4/1,25,Score in Half,Slide Slits Bottom Panel,Yes 5000 Envelopes A7
Majestic,Silk,7 x 10,Vertical,Rectangle,16PT C2S,No Coating,Silk,n/a,4/0,250,Score in Half,Moon Slits Right Panel,Yes 5000 Envelopes A7
Majestic,Silk,7 x 10,Vertical,Rectangle,16PT C2S,No Coating,Silk,n/a,4/0,50,Score in Half,Slide Slits Bottom Panel,Yes 5000 Envelopes A7
Majestic,Silk,7 x 10,Horizontal,Rectangle,16PT C2S,No Coating,Silk,n/a,4/1,50,Score in Half,Slide Slits Bottom Panel,Yes 5000 Envelopes A7
Majestic,Silk,7 x 10,Vertical,Rectangle,16PT C2S,No Coating,Silk,n/a,4/1,50,Score in Half,Slide Slits Bottom Panel,Yes 5000 Envelopes A7
Majestic,Silk,7 x 10,Vertical,Rectangle,16PT C2S,No Coating,Silk,n/a,4/0,25,Score in Half,Slide Slits Bottom Panel,Yes 5000 Envelopes A7
Majestic,Silk,7 x 10,Vertical,Rectangle,16PT C2S,No Coating,Silk,n/a,4/4,10000,Score in Half,No Gift Cards Slits,Yes 5000 Envelopes A7
Majestic,Silk,7 x 10,Horizontal,Rectangle,16PT C2S,No Coating,Silk,n/a,4/0,75,Score in Half,Slide Slits Bottom Panel,Yes 5000 Envelopes A7
Majestic,Silk,7 x 10,Vertical,Rectangle,16PT C2S,No Coating,Silk,n/a,4/0,75,Score in Half,Slide Slits Bottom Panel,Yes 5000 Envelopes A7
Majestic,Silk,7 x 10,Horizontal,Rectangle,16PT C2S,No Coating,Silk,n/a,4/1,75,Score in Half,Slide Slits Bottom Panel,Yes 5000 Envelopes A7
Majestic,Silk,7 x 10,Vertical,Rectangle,16PT C2S,No Coating,Silk,n/a,4/1,75,Score in Half,Slide Slits Bottom Panel,Yes 5000 Envelopes A7
Majestic,Silk,7 x 10,Horizontal,Rectangle,16PT C2S,No Coating,Silk,n/a,4/4,75,Score in Half,Slide Slits Bottom Panel,Yes 5000 Envelopes A7
Majestic,Silk,7 x 10,Vertical,Rectangle,16PT C2S,No Coating,Silk,n/a,4/4,75,Score in Half,Slide Slits Bottom Panel,Yes 5000 Envelopes A7
Majestic,Silk,7 x 10,Horizontal,Rectangle,16PT C2S,No Coating,Silk,n/a,4/0,100,Score in Half,Slide Slits Bottom Panel,Yes 5000 Envelopes A7
Majestic,Silk,7 x 10,Vertical,Rectangle,16PT C2S,No Coating,Silk,n/a,4/0,100,Score in Half,Slide Slits Bottom Panel,Yes 5000 Envelopes A7
Majestic,Silk,7 x 10,Horizontal,Rectangle,16PT C2S,No Coating,Silk,n/a,4/1,100,Score in Half,Slide Slits Bottom Panel,Yes 5000 Envelopes A7
Majestic,Silk,7 x 10,Vertical,Rectangle,16PT C2S,No Coating,Silk,n/a,4/1,100,Score in Half,Slide Slits Bottom Panel,Yes 5000 Envelopes A7
Majestic,Silk,7 x 10,Horizontal,Rectangle,16PT C2S,No Coating,Silk,n/a,4/4,100,Score in Half,Slide Slits Bottom Panel,Yes 5000 Envelopes A7
Majestic,Silk,7 x 10,Vertical,Rectangle,16PT C2S,No Coating,Silk,n/a,4/4,100,Score in Half,Slide Slits Bottom Panel,Yes 5000 Envelopes A7
Majestic,Silk,7 x 10,Horizontal,Rectangle,16PT C2S,No Coating,Silk,n/a,4/0,250,Score in Half,Slide Slits Bottom Panel,Yes 5000 Envelopes A7
Majestic,Silk,7 x 10,Vertical,Rectangle,16PT C2S,No Coating,Silk,n/a,4/0,250,Score in Half,Slide Slits Bottom Panel,Yes 5000 Envelopes A7
Majestic,Silk,7 x 10,Horizontal,Rectangle,16PT C2S,No Coating,Silk,n/a,4/1,250,Score in Half,Slide Slits Bottom Panel,Yes 5000 Envelopes A7
Majestic,Silk,7 x 10,Vertical,Rectangle,16PT C2S,No Coating,Silk,n/a,4/1,250,Score in Half,Slide Slits Bottom Panel,Yes 5000 Envelopes A7
Majestic,Silk,7 x 10,Horizontal,Rectangle,16PT C2S,No Coating,Silk,n/a,4/4,250,Score in Half,Slide Slits Bottom Panel,Yes 5000 Envelopes A7
Majestic,Silk,7 x 10,Horizontal,Rectangle,16PT C2S,No Coating,Silk,n/a,4/4,50,Score in Half,Slide Slits Bottom Panel,Yes 5000 Envelopes A7
Majestic,Silk,7 x 10,Horizontal,Rectangle,16PT C2S,No Coating,Silk,n/a,4/0,500,Score in Half,Slide Slits Bottom Panel,Yes 5000 Envelopes A7
Majestic,Silk,7 x 10,Vertical,Rectangle,16PT C2S,No Coating,Silk,n/a,4/0,500,Score in Half,Slide Slits Bottom Panel,Yes 5000 Envelopes A7
Majestic,Silk,7 x 10,Vertical,Rectangle,16PT C2S,No Coating,Silk,n/a,4/4,50,Score in Half,Slide Slits Bottom Panel,Yes 5000 Envelopes A7
Majestic,Silk,7 x 10,Vertical,Rectangle,16PT C2S,No Coating,Silk,n/a,4/1,500,Score in Half,Slide Slits Bottom Panel,Yes 5000 Envelopes A7
Majestic,Silk,7 x 10,Horizontal,Rectangle,16PT C2S,No Coating,Silk,n/a,4/4,500,Score in Half,Slide Slits Bottom Panel,Yes 5000 Envelopes A7
Majestic,Silk,7 x 10,Vertical,Rectangle,16PT C2S,No Coating,Silk,n/a,4/4,500,Score in Half,Slide Slits Bottom Panel,Yes 5000 Envelopes A7
Majestic,Silk,7 x 10,Horizontal,Rectangle,16PT C2S,No Coating,Silk,n/a,4/0,1000,Score in Half,Slide Slits Bottom Panel,Yes 5000 Envelopes A7
Majestic,Silk,7 x 10,Vertical,Rectangle,16PT C2S,No Coating,Silk,n/a,4/0,1000,Score in Half,Slide Slits Bottom Panel,Yes 5000 Envelopes A7
Majestic,Silk,7 x 10,Horizontal,Rectangle,16PT C2S,No Coating,Silk,n/a,4/1,1000,Score in Half,Slide Slits Bottom Panel,Yes 5000 Envelopes A7
Majestic,Silk,7 x 10,Vertical,Rectangle,16PT C2S,No Coating,Silk,n/a,4/1,1000,Score in Half,Slide Slits Bottom Panel,Yes 5000 Envelopes A7
Majestic,Silk,7 x 10,Horizontal,Rectangle,16PT C2S,No Coating,Silk,n/a,4/4,1000,Score in Half,Slide Slits Bottom Panel,Yes 5000 Envelopes A7
Majestic,Silk,7 x 10,Vertical,Rectangle,16PT C2S,No Coating,Silk,n/a,4/4,1000,Score in Half,Slide Slits Bottom Panel,Yes 5000 Envelopes A7
Majestic,Silk,7 x 10,Horizontal,Rectangle,16PT C2S,No Coating,Silk,n/a,4/0,2500,Score in Half,Slide Slits Bottom Panel,Yes 5000 Envelopes A7
Majestic,Silk,7 x 10,Vertical,Rectangle,16PT C2S,No Coating,Silk,n/a,4/0,2500,Score in Half,Slide Slits Bottom Panel,Yes 5000 Envelopes A7
Majestic,Silk,7 x 10,Horizontal,Rectangle,16PT C2S,No Coating,Silk,n/a,4/1,2500,Score in Half,Slide Slits Bottom Panel,Yes 5000 Envelopes A7
Majestic,Silk,7 x 10,Vertical,Rectangle,16PT C2S,No Coating,Silk,n/a,4/1,2500,Score in Half,Slide Slits Bottom Panel,Yes 5000 Envelopes A7
Majestic,Silk,7 x 10,Horizontal,Rectangle,16PT C2S,No Coating,Silk,n/a,4/4,2500,Score in Half,Slide Slits Bottom Panel,Yes 5000 Envelopes A7
Majestic,Silk,7 x 10,Vertical,Rectangle,16PT C2S,No Coating,Silk,n/a,4/4,2500,Score in Half,Slide Slits Bottom Panel,Yes 5000 Envelopes A7
Majestic,Silk,7 x 10,Horizontal,Rectangle,16PT C2S,No Coating,Silk,n/a,4/0,5000,Score in Half,Slide Slits Bottom Panel,Yes 5000 Envelopes A7
Majestic,Silk,7 x 10,Vertical,Rectangle,16PT C2S,No Coating,Silk,n/a,4/0,5000,Score in Half,Slide Slits Bottom Panel,Yes 5000 Envelopes A7
Majestic,Silk,7 x 10,Horizontal,Rectangle,16PT C2S,No Coating,Silk,n/a,4/1,5000,Score in Half,Slide Slits Bottom Panel,Yes 5000 Envelopes A7
Majestic,Silk,7 x 10,Vertical,Rectangle,16PT C2S,No Coating,Silk,n/a,4/1,5000,Score in Half,Slide Slits Bottom Panel,Yes 5000 Envelopes A7
Majestic,Silk,7 x 10,Horizontal,Rectangle,16PT C2S,No Coating,Silk,n/a,4/4,5000,Score in Half,Slide Slits Bottom Panel,Yes 5000 Envelopes A7
Majestic,Silk,7 x 10,Vertical,Rectangle,16PT C2S,No Coating,Silk,n/a,4/4,5000,Score in Half,Slide Slits Bottom Panel,Yes 5000 Envelopes A7
Majestic,Silk,7 x 10,Horizontal,Rectangle,16PT C2S,No Coating,Silk,n/a,4/0,10000,Score in Half,Slide Slits Bottom Panel,Yes 5000 Envelopes A7
Majestic,Silk,7 x 10,Vertical,Rectangle,16PT C2S,No Coating,Silk,n/a,4/0,10000,Score in Half,Slide Slits Bottom Panel,Yes 5000 Envelopes A7
Majestic,Silk,7 x 10,Horizontal,Rectangle,16PT C2S,No Coating,Silk,n/a,4/1,10000,Score in Half,Slide Slits Bottom Panel,Yes 5000 Envelopes A7
Majestic,Silk,7 x 10,Vertical,Rectangle,16PT C2S,No Coating,Silk,n/a,4/1,10000,Score in Half,Slide Slits Bottom Panel,Yes 5000 Envelopes A7
Majestic,Silk,7 x 10,Horizontal,Rectangle,16PT C2S,No Coating,Silk,n/a,4/4,10000,Score in Half,Slide Slits Bottom Panel,Yes 5000 Envelopes A7
Majestic,Silk,7 x 10,Vertical,Rectangle,16PT C2S,No Coating,Silk,n/a,4/4,10000,Score in Half,Slide Slits Bottom Panel,Yes 5000 Envelopes A7
Majestic,Silk,7 x 10,Horizontal,Rectangle,16PT C2S,No Coating,Silk,n/a,4/0,25,Score in Half,Slide Slits Right Panel,Yes 5000 Envelopes A7
Majestic,Silk,7 x 10,Vertical,Rectangle,16PT C2S,No Coating,Silk,n/a,4/0,25,Score in Half,Slide Slits Right Panel,Yes 5000 Envelopes A7
Majestic,Silk,7 x 10,Vertical,Rectangle,16PT C2S,No Coating,Silk,n/a,4/1,25,Score in Half,Slide Slits Right Panel,Yes 5000 Envelopes A7
Majestic,Silk,7 x 10,Horizontal,Rectangle,16PT C2S,No Coating,Silk,n/a,4/1,25,Score in Half,Slide Slits Right Panel,Yes 5000 Envelopes A7
Majestic,Silk,7 x 10,Horizontal,Rectangle,16PT C2S,No Coating,Silk,n/a,4/4,25,Score in Half,Slide Slits Right Panel,Yes 5000 Envelopes A7
Majestic,Silk,7 x 10,Vertical,Rectangle,16PT C2S,No Coating,Silk,n/a,4/4,25,Score in Half,Slide Slits Right Panel,Yes 5000 Envelopes A7
Majestic,Silk,7 x 10,Horizontal,Rectangle,16PT C2S,No Coating,Silk,n/a,4/0,50,Score in Half,Slide Slits Right Panel,Yes 5000 Envelopes A7
Majestic,Silk,7 x 10,Vertical,Rectangle,16PT C2S,No Coating,Silk,n/a,4/0,50,Score in Half,Slide Slits Right Panel,Yes 5000 Envelopes A7
Majestic,Silk,7 x 10,Vertical,Rectangle,16PT C2S,No Coating,Silk,n/a,4/1,50,Score in Half,Slide Slits Right Panel,Yes 5000 Envelopes A7
Majestic,Silk,7 x 10,Horizontal,Rectangle,16PT C2S,No Coating,Silk,n/a,4/4,50,Score in Half,Slide Slits Right Panel,Yes 5000 Envelopes A7
Majestic,Silk,7 x 10,Vertical,Rectangle,16PT C2S,No Coating,Silk,n/a,4/4,50,Score in Half,Slide Slits Right Panel,Yes 5000 Envelopes A7
Majestic,Silk,7 x 10,Horizontal,Rectangle,16PT C2S,No Coating,Silk,n/a,4/1,50,Score in Half,Slide Slits Right Panel,Yes 5000 Envelopes A7
Majestic,Silk,7 x 10,Vertical,Rectangle,16PT C2S,No Coating,Silk,n/a,4/0,75,Score in Half,Slide Slits Right Panel,Yes 5000 Envelopes A7
Majestic,Silk,7 x 10,Horizontal,Rectangle,16PT C2S,No Coating,Silk,n/a,4/1,75,Score in Half,Slide Slits Right Panel,Yes 5000 Envelopes A7
Majestic,Silk,7 x 10,Horizontal,Rectangle,16PT C2S,No Coating,Silk,n/a,4/4,75,Score in Half,Slide Slits Right Panel,Yes 5000 Envelopes A7
Majestic,Silk,7 x 10,Horizontal,Rectangle,16PT C2S,No Coating,Silk,n/a,4/0,75,Score in Half,Slide Slits Right Panel,Yes 5000 Envelopes A7
Majestic,Silk,7 x 10,Vertical,Rectangle,16PT C2S,No Coating,Silk,n/a,4/4,75,Score in Half,Slide Slits Right Panel,Yes 5000 Envelopes A7
Majestic,Silk,7 x 10,Vertical,Rectangle,16PT C2S,No Coating,Silk,n/a,4/1,75,Score in Half,Slide Slits Right Panel,Yes 5000 Envelopes A7
Majestic,Silk,7 x 10,Horizontal,Rectangle,16PT C2S,No Coating,Silk,n/a,4/0,100,Score in Half,Slide Slits Right Panel,Yes 5000 Envelopes A7
Majestic,Silk,7 x 10,Horizontal,Rectangle,16PT C2S,No Coating,Silk,n/a,4/1,100,Score in Half,Slide Slits Right Panel,Yes 5000 Envelopes A7
Majestic,Silk,7 x 10,Horizontal,Rectangle,16PT C2S,No Coating,Silk,n/a,4/4,100,Score in Half,Slide Slits Right Panel,Yes 5000 Envelopes A7
Majestic,Silk,7 x 10,Vertical,Rectangle,16PT C2S,No Coating,Silk,n/a,4/4,100,Score in Half,Slide Slits Right Panel,Yes 5000 Envelopes A7
Majestic,Silk,7 x 10,Vertical,Rectangle,16PT C2S,No Coating,Silk,n/a,4/0,100,Score in Half,Slide Slits Right Panel,Yes 5000 Envelopes A7
Majestic,Silk,7 x 10,Vertical,Rectangle,16PT C2S,No Coating,Silk,n/a,4/1,100,Score in Half,Slide Slits Right Panel,Yes 5000 Envelopes A7
Majestic,Silk,7 x 10,Horizontal,Rectangle,16PT C2S,No Coating,Silk,n/a,4/0,250,Score in Half,Slide Slits Right Panel,Yes 5000 Envelopes A7
Majestic,Silk,7 x 10,Vertical,Rectangle,16PT C2S,No Coating,Silk,n/a,4/0,250,Score in Half,Slide Slits Right Panel,Yes 5000 Envelopes A7
Majestic,Silk,7 x 10,Horizontal,Rectangle,16PT C2S,No Coating,Silk,n/a,4/1,250,Score in Half,Slide Slits Right Panel,Yes 5000 Envelopes A7
Majestic,Silk,7 x 10,Vertical,Rectangle,16PT C2S,No Coating,Silk,n/a,4/4,250,Score in Half,Slide Slits Bottom Panel,Yes 5000 Envelopes A7
Majestic,Silk,7 x 10,Vertical,Rectangle,16PT C2S,No Coating,Silk,n/a,4/1,250,Score in Half,Slide Slits Right Panel,Yes 5000 Envelopes A7
Majestic,Silk,7 x 10,Vertical,Rectangle,16PT C2S,No Coating,Silk,n/a,4/4,250,Score in Half,Slide Slits Right Panel,Yes 5000 Envelopes A7
Majestic,Silk,7 x 10,Horizontal,Rectangle,16PT C2S,No Coating,Silk,n/a,4/0,500,Score in Half,Slide Slits Right Panel,Yes 5000 Envelopes A7
Majestic,Silk,7 x 10,Vertical,Rectangle,16PT C2S,No Coating,Silk,n/a,4/0,500,Score in Half,Slide Slits Right Panel,Yes 5000 Envelopes A7
Majestic,Silk,7 x 10,Horizontal,Rectangle,16PT C2S,No Coating,Silk,n/a,4/4,500,Score in Half,Slide Slits Right Panel,Yes 5000 Envelopes A7
Majestic,Silk,7 x 10,Vertical,Rectangle,16PT C2S,No Coating,Silk,n/a,4/1,500,Score in Half,Slide Slits Right Panel,Yes 5000 Envelopes A7
Majestic,Silk,7 x 10,Horizontal,Rectangle,16PT C2S,No Coating,Silk,n/a,4/1,500,Score in Half,Slide Slits Right Panel,Yes 5000 Envelopes A7
Majestic,Silk,7 x 10,Vertical,Rectangle,16PT C2S,No Coating,Silk,n/a,4/4,500,Score in Half,Slide Slits Right Panel,Yes 5000 Envelopes A7
Majestic,Silk,7 x 10,Horizontal,Rectangle,16PT C2S,No Coating,Silk,n/a,4/0,1000,Score in Half,Slide Slits Right Panel,Yes 5000 Envelopes A7
Majestic,Silk,7 x 10,Vertical,Rectangle,16PT C2S,No Coating,Silk,n/a,4/0,1000,Score in Half,Slide Slits Right Panel,Yes 5000 Envelopes A7
Majestic,Silk,7 x 10,Vertical,Rectangle,16PT C2S,No Coating,Silk,n/a,4/1,1000,Score in Half,Slide Slits Right Panel,Yes 5000 Envelopes A7
Majestic,Silk,7 x 10,Horizontal,Rectangle,16PT C2S,No Coating,Silk,n/a,4/1,1000,Score in Half,Slide Slits Right Panel,Yes 5000 Envelopes A7
Majestic,Silk,7 x 10,Horizontal,Rectangle,16PT C2S,No Coating,Silk,n/a,4/0,50,Score in Half,Slide Slits Bottom Panel,Yes 5000 Envelopes A7
Majestic,Silk,7 x 10,Vertical,Rectangle,16PT C2S,No Coating,Silk,n/a,4/4,1000,Score in Half,Slide Slits Right Panel,Yes 5000 Envelopes A7
Majestic,Silk,7 x 10,Horizontal,Rectangle,16PT C2S,No Coating,Silk,n/a,4/4,1000,Score in Half,Slide Slits Right Panel,Yes 5000 Envelopes A7
Majestic,Silk,7 x 10,Horizontal,Rectangle,16PT C2S,No Coating,Silk,n/a,4/1,2500,Score in Half,Slide Slits Right Panel,Yes 5000 Envelopes A7
Majestic,Silk,7 x 10,Vertical,Rectangle,16PT C2S,No Coating,Silk,n/a,4/0,2500,Score in Half,Slide Slits Right Panel,Yes 5000 Envelopes A7
Majestic,Silk,7 x 10,Vertical,Rectangle,16PT C2S,No Coating,Silk,n/a,4/1,2500,Score in Half,Slide Slits Right Panel,Yes 5000 Envelopes A7
Majestic,Silk,7 x 10,Horizontal,Rectangle,16PT C2S,No Coating,Silk,n/a,4/0,2500,Score in Half,Slide Slits Right Panel,Yes 5000 Envelopes A7
Majestic,Silk,7 x 10,Horizontal,Rectangle,16PT C2S,No Coating,Silk,n/a,4/0,5000,Score in Half,Slide Slits Right Panel,Yes 5000 Envelopes A7
Majestic,Silk,7 x 10,Horizontal,Rectangle,16PT C2S,No Coating,Silk,n/a,4/4,2500,Score in Half,Slide Slits Right Panel,Yes 5000 Envelopes A7
Majestic,Silk,7 x 10,Vertical,Rectangle,16PT C2S,No Coating,Silk,n/a,4/0,5000,Score in Half,Slide Slits Right Panel,Yes 5000 Envelopes A7
Majestic,Silk,7 x 10,Horizontal,Rectangle,16PT C2S,No Coating,Silk,n/a,4/1,5000,Score in Half,Slide Slits Right Panel,Yes 5000 Envelopes A7
Majestic,Silk,7 x 10,Horizontal,Rectangle,16PT C2S,No Coating,Silk,n/a,4/4,5000,Score in Half,Slide Slits Right Panel,Yes 5000 Envelopes A7
Majestic,Silk,7 x 10,Vertical,Rectangle,16PT C2S,No Coating,Silk,n/a,4/4,5000,Score in Half,Slide Slits Right Panel,Yes 5000 Envelopes A7
Majestic,Silk,7 x 10,Vertical,Rectangle,16PT C2S,No Coating,Silk,n/a,4/1,5000,Score in Half,Slide Slits Right Panel,Yes 5000 Envelopes A7
Majestic,Silk,7 x 10,Horizontal,Rectangle,16PT C2S,No Coating,Silk,n/a,4/0,10000,Score in Half,Slide Slits Right Panel,Yes 5000 Envelopes A7
Majestic,Silk,7 x 10,Vertical,Rectangle,16PT C2S,No Coating,Silk,n/a,4/1,10000,Score in Half,Slide Slits Right Panel,Yes 5000 Envelopes A7
Majestic,Silk,7 x 10,Horizontal,Rectangle,16PT C2S,No Coating,Silk,n/a,4/4,10000,Score in Half,Slide Slits Right Panel,Yes 5000 Envelopes A7
Majestic,Silk,7 x 10,Vertical,Rectangle,16PT C2S,No Coating,Silk,n/a,4/0,10000,Score in Half,Slide Slits Right Panel,Yes 5000 Envelopes A7
Majestic,Silk,7 x 10,Horizontal,Rectangle,16PT C2S,No Coating,Silk,n/a,4/1,10000,Score in Half,Slide Slits Right Panel,Yes 5000 Envelopes A7
Majestic,Silk,7 x 10,Vertical,Rectangle,16PT C2S,No Coating,Silk,n/a,4/4,10000,Score in Half,Slide Slits Right Panel,Yes 5000 Envelopes A7
Majestic,Silk,7 x 10,Horizontal,Rectangle,16PT C2S,No Coating,Silk,n/a,4/0,25,Score in Half,Moon Slits Bottom Panel,Yes 10000 Envelopes A7
Majestic,Silk,7 x 10,Vertical,Rectangle,16PT C2S,No Coating,Silk,n/a,4/1,25,Score in Half,Moon Slits Bottom Panel,Yes 10000 Envelopes A7
Majestic,Silk,7 x 10,Horizontal,Rectangle,16PT C2S,No Coating,Silk,n/a,4/4,25,Score in Half,Moon Slits Bottom Panel,Yes 10000 Envelopes A7
Majestic,Silk,7 x 10,Vertical,Rectangle,16PT C2S,No Coating,Silk,n/a,4/0,25,Score in Half,Moon Slits Bottom Panel,Yes 10000 Envelopes A7
Majestic,Silk,7 x 10,Horizontal,Rectangle,16PT C2S,No Coating,Silk,n/a,4/1,25,Score in Half,Moon Slits Bottom Panel,Yes 10000 Envelopes A7
Majestic,Silk,7 x 10,Vertical,Rectangle,16PT C2S,No Coating,Silk,n/a,4/4,25,Score in Half,Moon Slits Bottom Panel,Yes 10000 Envelopes A7
Majestic,Silk,7 x 10,Horizontal,Rectangle,16PT C2S,No Coating,Silk,n/a,4/0,50,Score in Half,Moon Slits Bottom Panel,Yes 10000 Envelopes A7
Majestic,Silk,7 x 10,Vertical,Rectangle,16PT C2S,No Coating,Silk,n/a,4/1,50,Score in Half,Moon Slits Bottom Panel,Yes 10000 Envelopes A7
Majestic,Silk,7 x 10,Vertical,Rectangle,16PT C2S,No Coating,Silk,n/a,4/0,50,Score in Half,Moon Slits Bottom Panel,Yes 10000 Envelopes A7
Majestic,Silk,7 x 10,Horizontal,Rectangle,16PT C2S,No Coating,Silk,n/a,4/1,50,Score in Half,Moon Slits Bottom Panel,Yes 10000 Envelopes A7
Majestic,Silk,7 x 10,Horizontal,Rectangle,16PT C2S,No Coating,Silk,n/a,4/4,50,Score in Half,Moon Slits Bottom Panel,Yes 10000 Envelopes A7
Majestic,Silk,7 x 10,Vertical,Rectangle,16PT C2S,No Coating,Silk,n/a,4/4,50,Score in Half,Moon Slits Bottom Panel,Yes 10000 Envelopes A7
Majestic,Silk,7 x 10,Horizontal,Rectangle,16PT C2S,No Coating,Silk,n/a,4/1,75,Score in Half,Moon Slits Bottom Panel,Yes 10000 Envelopes A7
Majestic,Silk,7 x 10,Vertical,Rectangle,16PT C2S,No Coating,Silk,n/a,4/1,75,Score in Half,Moon Slits Bottom Panel,Yes 10000 Envelopes A7
Majestic,Silk,7 x 10,Vertical,Rectangle,16PT C2S,No Coating,Silk,n/a,4/0,75,Score in Half,Moon Slits Bottom Panel,Yes 10000 Envelopes A7
Majestic,Silk,7 x 10,Horizontal,Rectangle,16PT C2S,No Coating,Silk,n/a,4/0,75,Score in Half,Moon Slits Bottom Panel,Yes 10000 Envelopes A7
Majestic,Silk,7 x 10,Horizontal,Rectangle,16PT C2S,No Coating,Silk,n/a,4/4,75,Score in Half,Moon Slits Bottom Panel,Yes 10000 Envelopes A7
Majestic,Silk,7 x 10,Vertical,Rectangle,16PT C2S,No Coating,Silk,n/a,4/4,75,Score in Half,Moon Slits Bottom Panel,Yes 10000 Envelopes A7
Majestic,Silk,7 x 10,Horizontal,Rectangle,16PT C2S,No Coating,Silk,n/a,4/1,100,Score in Half,Moon Slits Bottom Panel,Yes 10000 Envelopes A7
Majestic,Silk,7 x 10,Vertical,Rectangle,16PT C2S,No Coating,Silk,n/a,4/1,100,Score in Half,Moon Slits Bottom Panel,Yes 10000 Envelopes A7
Majestic,Silk,7 x 10,Vertical,Rectangle,16PT C2S,No Coating,Silk,n/a,4/0,100,Score in Half,Moon Slits Bottom Panel,Yes 10000 Envelopes A7
Majestic,Silk,7 x 10,Horizontal,Rectangle,16PT C2S,No Coating,Silk,n/a,4/0,100,Score in Half,Moon Slits Bottom Panel,Yes 10000 Envelopes A7
Majestic,Silk,7 x 10,Horizontal,Rectangle,16PT C2S,No Coating,Silk,n/a,4/4,100,Score in Half,Moon Slits Bottom Panel,Yes 10000 Envelopes A7
Majestic,Silk,7 x 10,Vertical,Rectangle,16PT C2S,No Coating,Silk,n/a,4/4,100,Score in Half,Moon Slits Bottom Panel,Yes 10000 Envelopes A7
Majestic,Silk,7 x 10,Horizontal,Rectangle,16PT C2S,No Coating,Silk,n/a,4/0,250,Score in Half,Moon Slits Bottom Panel,Yes 10000 Envelopes A7
Majestic,Silk,7 x 10,Vertical,Rectangle,16PT C2S,No Coating,Silk,n/a,4/0,250,Score in Half,Moon Slits Bottom Panel,Yes 10000 Envelopes A7
Majestic,Silk,7 x 10,Horizontal,Rectangle,16PT C2S,No Coating,Silk,n/a,4/4,250,Score in Half,Moon Slits Bottom Panel,Yes 10000 Envelopes A7
Majestic,Silk,7 x 10,Horizontal,Rectangle,16PT C2S,No Coating,Silk,n/a,4/1,250,Score in Half,Moon Slits Bottom Panel,Yes 10000 Envelopes A7
Majestic,Silk,7 x 10,Vertical,Rectangle,16PT C2S,No Coating,Silk,n/a,4/1,250,Score in Half,Moon Slits Bottom Panel,Yes 10000 Envelopes A7
Majestic,Silk,7 x 10,Vertical,Rectangle,16PT C2S,No Coating,Silk,n/a,4/4,250,Score in Half,Moon Slits Bottom Panel,Yes 10000 Envelopes A7
Majestic,Silk,7 x 10,Horizontal,Rectangle,16PT C2S,No Coating,Silk,n/a,4/0,500,Score in Half,Moon Slits Bottom Panel,Yes 10000 Envelopes A7
Majestic,Silk,7 x 10,Horizontal,Rectangle,16PT C2S,No Coating,Silk,n/a,4/1,500,Score in Half,Moon Slits Bottom Panel,Yes 10000 Envelopes A7
Majestic,Silk,7 x 10,Vertical,Rectangle,16PT C2S,No Coating,Silk,n/a,4/0,500,Score in Half,Moon Slits Bottom Panel,Yes 10000 Envelopes A7
Majestic,Silk,7 x 10,Vertical,Rectangle,16PT C2S,No Coating,Silk,n/a,4/1,500,Score in Half,Moon Slits Bottom Panel,Yes 10000 Envelopes A7
Majestic,Silk,7 x 10,Horizontal,Rectangle,16PT C2S,No Coating,Silk,n/a,4/4,500,Score in Half,Moon Slits Bottom Panel,Yes 10000 Envelopes A7
Majestic,Silk,7 x 10,Vertical,Rectangle,16PT C2S,No Coating,Silk,n/a,4/4,500,Score in Half,Moon Slits Bottom Panel,Yes 10000 Envelopes A7
Majestic,Silk,7 x 10,Horizontal,Rectangle,16PT C2S,No Coating,Silk,n/a,4/0,1000,Score in Half,Moon Slits Bottom Panel,Yes 10000 Envelopes A7
Majestic,Silk,7 x 10,Vertical,Rectangle,16PT C2S,No Coating,Silk,n/a,4/0,1000,Score in Half,Moon Slits Bottom Panel,Yes 10000 Envelopes A7
Majestic,Silk,7 x 10,Horizontal,Rectangle,16PT C2S,No Coating,Silk,n/a,4/1,1000,Score in Half,Moon Slits Bottom Panel,Yes 10000 Envelopes A7
Majestic,Silk,7 x 10,Vertical,Rectangle,16PT C2S,No Coating,Silk,n/a,4/1,1000,Score in Half,Moon Slits Bottom Panel,Yes 10000 Envelopes A7
Majestic,Silk,7 x 10,Horizontal,Rectangle,16PT C2S,No Coating,Silk,n/a,4/4,1000,Score in Half,Moon Slits Bottom Panel,Yes 10000 Envelopes A7
Majestic,Silk,7 x 10,Vertical,Rectangle,16PT C2S,No Coating,Silk,n/a,4/4,1000,Score in Half,Moon Slits Bottom Panel,Yes 10000 Envelopes A7
Majestic,Silk,7 x 10,Horizontal,Rectangle,16PT C2S,No Coating,Silk,n/a,4/0,2500,Score in Half,Moon Slits Bottom Panel,Yes 10000 Envelopes A7
Majestic,Silk,7 x 10,Vertical,Rectangle,16PT C2S,No Coating,Silk,n/a,4/4,2500,Score in Half,Slide Slits Right Panel,Yes 5000 Envelopes A7
Majestic,Silk,7 x 10,Horizontal,Rectangle,16PT C2S,No Coating,Silk,n/a,4/1,2500,Score in Half,Moon Slits Bottom Panel,Yes 10000 Envelopes A7
Majestic,Silk,7 x 10,Vertical,Rectangle,16PT C2S,No Coating,Silk,n/a,4/1,2500,Score in Half,Moon Slits Bottom Panel,Yes 10000 Envelopes A7
Majestic,Silk,7 x 10,Horizontal,Rectangle,16PT C2S,No Coating,Silk,n/a,4/4,2500,Score in Half,Moon Slits Bottom Panel,Yes 10000 Envelopes A7
Majestic,Silk,7 x 10,Vertical,Rectangle,16PT C2S,No Coating,Silk,n/a,4/4,2500,Score in Half,Moon Slits Bottom Panel,Yes 10000 Envelopes A7
Majestic,Silk,7 x 10,Horizontal,Rectangle,16PT C2S,No Coating,Silk,n/a,4/0,5000,Score in Half,Moon Slits Bottom Panel,Yes 10000 Envelopes A7
Majestic,Silk,7 x 10,Vertical,Rectangle,16PT C2S,No Coating,Silk,n/a,4/0,5000,Score in Half,Moon Slits Bottom Panel,Yes 10000 Envelopes A7
Majestic,Silk,7 x 10,Horizontal,Rectangle,16PT C2S,No Coating,Silk,n/a,4/1,5000,Score in Half,Moon Slits Bottom Panel,Yes 10000 Envelopes A7
Majestic,Silk,7 x 10,Vertical,Rectangle,16PT C2S,No Coating,Silk,n/a,4/1,5000,Score in Half,Moon Slits Bottom Panel,Yes 10000 Envelopes A7
Majestic,Silk,7 x 10,Horizontal,Rectangle,16PT C2S,No Coating,Silk,n/a,4/4,5000,Score in Half,Moon Slits Bottom Panel,Yes 10000 Envelopes A7
Majestic,Silk,7 x 10,Vertical,Rectangle,16PT C2S,No Coating,Silk,n/a,4/4,5000,Score in Half,Moon Slits Bottom Panel,Yes 10000 Envelopes A7
Majestic,Silk,7 x 10,Horizontal,Rectangle,16PT C2S,No Coating,Silk,n/a,4/0,10000,Score in Half,Moon Slits Bottom Panel,Yes 10000 Envelopes A7
Majestic,Silk,7 x 10,Vertical,Rectangle,16PT C2S,No Coating,Silk,n/a,4/0,10000,Score in Half,Moon Slits Bottom Panel,Yes 10000 Envelopes A7
Majestic,Silk,7 x 10,Horizontal,Rectangle,16PT C2S,No Coating,Silk,n/a,4/1,10000,Score in Half,Moon Slits Bottom Panel,Yes 10000 Envelopes A7
Majestic,Silk,7 x 10,Vertical,Rectangle,16PT C2S,No Coating,Silk,n/a,4/1,10000,Score in Half,Moon Slits Bottom Panel,Yes 10000 Envelopes A7
Majestic,Silk,7 x 10,Horizontal,Rectangle,16PT C2S,No Coating,Silk,n/a,4/4,10000,Score in Half,Moon Slits Bottom Panel,Yes 10000 Envelopes A7
Majestic,Silk,7 x 10,Vertical,Rectangle,16PT C2S,No Coating,Silk,n/a,4/4,10000,Score in Half,Moon Slits Bottom Panel,Yes 10000 Envelopes A7
Majestic,Silk,7 x 10,Horizontal,Rectangle,16PT C2S,No Coating,Silk,n/a,4/0,25,Score in Half,Moon Slits Right Panel,Yes 10000 Envelopes A7
Majestic,Silk,7 x 10,Vertical,Rectangle,16PT C2S,No Coating,Silk,n/a,4/0,25,Score in Half,Moon Slits Right Panel,Yes 10000 Envelopes A7
Majestic,Silk,7 x 10,Horizontal,Rectangle,16PT C2S,No Coating,Silk,n/a,4/1,25,Score in Half,Moon Slits Right Panel,Yes 10000 Envelopes A7
Majestic,Silk,7 x 10,Vertical,Rectangle,16PT C2S,No Coating,Silk,n/a,4/1,25,Score in Half,Moon Slits Right Panel,Yes 10000 Envelopes A7
Majestic,Silk,7 x 10,Horizontal,Rectangle,16PT C2S,No Coating,Silk,n/a,4/4,25,Score in Half,Moon Slits Right Panel,Yes 10000 Envelopes A7
Majestic,Silk,7 x 10,Vertical,Rectangle,16PT C2S,No Coating,Silk,n/a,4/4,25,Score in Half,Moon Slits Right Panel,Yes 10000 Envelopes A7
Majestic,Silk,7 x 10,Horizontal,Rectangle,16PT C2S,No Coating,Silk,n/a,4/0,50,Score in Half,Moon Slits Right Panel,Yes 10000 Envelopes A7
Majestic,Silk,7 x 10,Vertical,Rectangle,16PT C2S,No Coating,Silk,n/a,4/0,50,Score in Half,Moon Slits Right Panel,Yes 10000 Envelopes A7
Majestic,Silk,7 x 10,Horizontal,Rectangle,16PT C2S,No Coating,Silk,n/a,4/1,50,Score in Half,Moon Slits Right Panel,Yes 10000 Envelopes A7
Majestic,Silk,7 x 10,Vertical,Rectangle,16PT C2S,No Coating,Silk,n/a,4/1,50,Score in Half,Moon Slits Right Panel,Yes 10000 Envelopes A7
Majestic,Silk,7 x 10,Vertical,Rectangle,16PT C2S,No Coating,Silk,n/a,4/4,50,Score in Half,Moon Slits Right Panel,Yes 10000 Envelopes A7
Majestic,Silk,7 x 10,Horizontal,Rectangle,16PT C2S,No Coating,Silk,n/a,4/4,50,Score in Half,Moon Slits Right Panel,Yes 10000 Envelopes A7
Majestic,Silk,7 x 10,Horizontal,Rectangle,16PT C2S,No Coating,Silk,n/a,4/0,75,Score in Half,Moon Slits Right Panel,Yes 10000 Envelopes A7
Majestic,Silk,7 x 10,Vertical,Rectangle,16PT C2S,No Coating,Silk,n/a,4/0,75,Score in Half,Moon Slits Right Panel,Yes 10000 Envelopes A7
Majestic,Silk,7 x 10,Horizontal,Rectangle,16PT C2S,No Coating,Silk,n/a,4/1,75,Score in Half,Moon Slits Right Panel,Yes 10000 Envelopes A7
Majestic,Silk,7 x 10,Vertical,Rectangle,16PT C2S,No Coating,Silk,n/a,4/1,75,Score in Half,Moon Slits Right Panel,Yes 10000 Envelopes A7
Majestic,Silk,7 x 10,Vertical,Rectangle,16PT C2S,No Coating,Silk,n/a,4/0,2500,Score in Half,Moon Slits Bottom Panel,Yes 10000 Envelopes A7
Majestic,Silk,7 x 10,Horizontal,Rectangle,16PT C2S,No Coating,Silk,n/a,4/4,75,Score in Half,Moon Slits Right Panel,Yes 10000 Envelopes A7
Majestic,Silk,7 x 10,Horizontal,Rectangle,16PT C2S,No Coating,Silk,n/a,4/0,100,Score in Half,Moon Slits Right Panel,Yes 10000 Envelopes A7
Majestic,Silk,7 x 10,Vertical,Rectangle,16PT C2S,No Coating,Silk,n/a,4/0,100,Score in Half,Moon Slits Right Panel,Yes 10000 Envelopes A7
Majestic,Silk,7 x 10,Horizontal,Rectangle,16PT C2S,No Coating,Silk,n/a,4/1,100,Score in Half,Moon Slits Right Panel,Yes 10000 Envelopes A7
Majestic,Silk,7 x 10,Vertical,Rectangle,16PT C2S,No Coating,Silk,n/a,4/1,100,Score in Half,Moon Slits Right Panel,Yes 10000 Envelopes A7
Majestic,Silk,7 x 10,Horizontal,Rectangle,16PT C2S,No Coating,Silk,n/a,4/4,100,Score in Half,Moon Slits Right Panel,Yes 10000 Envelopes A7
Majestic,Silk,7 x 10,Vertical,Rectangle,16PT C2S,No Coating,Silk,n/a,4/4,100,Score in Half,Moon Slits Right Panel,Yes 10000 Envelopes A7
Majestic,Silk,7 x 10,Horizontal,Rectangle,16PT C2S,No Coating,Silk,n/a,4/0,250,Score in Half,Moon Slits Right Panel,Yes 10000 Envelopes A7
Majestic,Silk,7 x 10,Horizontal,Rectangle,16PT C2S,No Coating,Silk,n/a,4/1,250,Score in Half,Moon Slits Right Panel,Yes 10000 Envelopes A7
Majestic,Silk,7 x 10,Vertical,Rectangle,16PT C2S,No Coating,Silk,n/a,4/1,250,Score in Half,Moon Slits Right Panel,Yes 10000 Envelopes A7
Majestic,Silk,7 x 10,Vertical,Rectangle,16PT C2S,No Coating,Silk,n/a,4/0,250,Score in Half,Moon Slits Right Panel,Yes 10000 Envelopes A7
Majestic,Silk,7 x 10,Horizontal,Rectangle,16PT C2S,No Coating,Silk,n/a,4/4,250,Score in Half,Moon Slits Right Panel,Yes 10000 Envelopes A7
Majestic,Silk,7 x 10,Vertical,Rectangle,16PT C2S,No Coating,Silk,n/a,4/4,250,Score in Half,Moon Slits Right Panel,Yes 10000 Envelopes A7
Majestic,Silk,7 x 10,Horizontal,Rectangle,16PT C2S,No Coating,Silk,n/a,4/0,500,Score in Half,Moon Slits Right Panel,Yes 10000 Envelopes A7
Majestic,Silk,7 x 10,Horizontal,Rectangle,16PT C2S,No Coating,Silk,n/a,4/1,500,Score in Half,Moon Slits Right Panel,Yes 10000 Envelopes A7
Majestic,Silk,7 x 10,Vertical,Rectangle,16PT C2S,No Coating,Silk,n/a,4/0,500,Score in Half,Moon Slits Right Panel,Yes 10000 Envelopes A7
Majestic,Silk,7 x 10,Horizontal,Rectangle,16PT C2S,No Coating,Silk,n/a,4/4,500,Score in Half,Moon Slits Right Panel,Yes 10000 Envelopes A7
Majestic,Silk,7 x 10,Vertical,Rectangle,16PT C2S,No Coating,Silk,n/a,4/4,500,Score in Half,Moon Slits Right Panel,Yes 10000 Envelopes A7
Majestic,Silk,7 x 10,Vertical,Rectangle,16PT C2S,No Coating,Silk,n/a,4/1,500,Score in Half,Moon Slits Right Panel,Yes 10000 Envelopes A7
Majestic,Silk,7 x 10,Horizontal,Rectangle,16PT C2S,No Coating,Silk,n/a,4/1,1000,Score in Half,Moon Slits Right Panel,Yes 10000 Envelopes A7
Majestic,Silk,7 x 10,Vertical,Rectangle,16PT C2S,No Coating,Silk,n/a,4/0,1000,Score in Half,Moon Slits Right Panel,Yes 10000 Envelopes A7
Majestic,Silk,7 x 10,Horizontal,Rectangle,16PT C2S,No Coating,Silk,n/a,4/0,1000,Score in Half,Moon Slits Right Panel,Yes 10000 Envelopes A7
Majestic,Silk,7 x 10,Vertical,Rectangle,16PT C2S,No Coating,Silk,n/a,4/1,1000,Score in Half,Moon Slits Right Panel,Yes 10000 Envelopes A7
Majestic,Silk,7 x 10,Horizontal,Rectangle,16PT C2S,No Coating,Silk,n/a,4/4,1000,Score in Half,Moon Slits Right Panel,Yes 10000 Envelopes A7
Majestic,Silk,7 x 10,Vertical,Rectangle,16PT C2S,No Coating,Silk,n/a,4/4,1000,Score in Half,Moon Slits Right Panel,Yes 10000 Envelopes A7
Majestic,Silk,7 x 10,Horizontal,Rectangle,16PT C2S,No Coating,Silk,n/a,4/1,2500,Score in Half,Moon Slits Right Panel,Yes 10000 Envelopes A7
Majestic,Silk,7 x 10,Horizontal,Rectangle,16PT C2S,No Coating,Silk,n/a,4/0,2500,Score in Half,Moon Slits Right Panel,Yes 10000 Envelopes A7
Majestic,Silk,7 x 10,Vertical,Rectangle,16PT C2S,No Coating,Silk,n/a,4/1,2500,Score in Half,Moon Slits Right Panel,Yes 10000 Envelopes A7
Majestic,Silk,7 x 10,Horizontal,Rectangle,16PT C2S,No Coating,Silk,n/a,4/4,2500,Score in Half,Moon Slits Right Panel,Yes 10000 Envelopes A7
Majestic,Silk,7 x 10,Horizontal,Rectangle,16PT C2S,No Coating,Silk,n/a,4/0,5000,Score in Half,Moon Slits Right Panel,Yes 10000 Envelopes A7
Majestic,Silk,7 x 10,Vertical,Rectangle,16PT C2S,No Coating,Silk,n/a,4/4,2500,Score in Half,Moon Slits Right Panel,Yes 10000 Envelopes A7
Majestic,Silk,7 x 10,Vertical,Rectangle,16PT C2S,No Coating,Silk,n/a,4/0,5000,Score in Half,Moon Slits Right Panel,Yes 10000 Envelopes A7
Majestic,Silk,7 x 10,Vertical,Rectangle,16PT C2S,No Coating,Silk,n/a,4/0,2500,Score in Half,Moon Slits Right Panel,Yes 10000 Envelopes A7
Majestic,Silk,7 x 10,Horizontal,Rectangle,16PT C2S,No Coating,Silk,n/a,4/1,5000,Score in Half,Moon Slits Right Panel,Yes 10000 Envelopes A7
Majestic,Silk,7 x 10,Vertical,Rectangle,16PT C2S,No Coating,Silk,n/a,4/1,5000,Score in Half,Moon Slits Right Panel,Yes 10000 Envelopes A7
Majestic,Silk,7 x 10,Vertical,Rectangle,16PT C2S,No Coating,Silk,n/a,4/0,10000,Score in Half,Moon Slits Right Panel,Yes 10000 Envelopes A7
Majestic,Silk,7 x 10,Vertical,Rectangle,16PT C2S,No Coating,Silk,n/a,4/4,5000,Score in Half,Moon Slits Right Panel,Yes 10000 Envelopes A7
Majestic,Silk,7 x 10,Horizontal,Rectangle,16PT C2S,No Coating,Silk,n/a,4/4,5000,Score in Half,Moon Slits Right Panel,Yes 10000 Envelopes A7
Majestic,Silk,7 x 10,Horizontal,Rectangle,16PT C2S,No Coating,Silk,n/a,4/0,10000,Score in Half,Moon Slits Right Panel,Yes 10000 Envelopes A7
Majestic,Silk,7 x 10,Horizontal,Rectangle,16PT C2S,No Coating,Silk,n/a,4/1,10000,Score in Half,Moon Slits Right Panel,Yes 10000 Envelopes A7
Majestic,Silk,7 x 10,Vertical,Rectangle,16PT C2S,No Coating,Silk,n/a,4/1,10000,Score in Half,Moon Slits Right Panel,Yes 10000 Envelopes A7
Majestic,Silk,7 x 10,Vertical,Rectangle,16PT C2S,No Coating,Silk,n/a,4/0,25,Score in Half,No Gift Cards Slits,Yes 10000 Envelopes A7
Majestic,Silk,7 x 10,Vertical,Rectangle,16PT C2S,No Coating,Silk,n/a,4/4,10000,Score in Half,Moon Slits Right Panel,Yes 10000 Envelopes A7
Majestic,Silk,7 x 10,Horizontal,Rectangle,16PT C2S,No Coating,Silk,n/a,4/4,10000,Score in Half,Moon Slits Right Panel,Yes 10000 Envelopes A7
Majestic,Silk,7 x 10,Horizontal,Rectangle,16PT C2S,No Coating,Silk,n/a,4/0,25,Score in Half,No Gift Cards Slits,Yes 10000 Envelopes A7
Majestic,Silk,7 x 10,Horizontal,Rectangle,16PT C2S,No Coating,Silk,n/a,4/1,25,Score in Half,No Gift Cards Slits,Yes 10000 Envelopes A7
Majestic,Silk,7 x 10,Vertical,Rectangle,16PT C2S,No Coating,Silk,n/a,4/1,25,Score in Half,No Gift Cards Slits,Yes 10000 Envelopes A7
Majestic,Silk,7 x 10,Vertical,Rectangle,16PT C2S,No Coating,Silk,n/a,4/4,25,Score in Half,No Gift Cards Slits,Yes 10000 Envelopes A7
Majestic,Silk,7 x 10,Horizontal,Rectangle,16PT C2S,No Coating,Silk,n/a,4/0,50,Score in Half,No Gift Cards Slits,Yes 10000 Envelopes A7
Majestic,Silk,7 x 10,Horizontal,Rectangle,16PT C2S,No Coating,Silk,n/a,4/4,25,Score in Half,No Gift Cards Slits,Yes 10000 Envelopes A7
Majestic,Silk,7 x 10,Vertical,Rectangle,16PT C2S,No Coating,Silk,n/a,4/0,50,Score in Half,No Gift Cards Slits,Yes 10000 Envelopes A7
Majestic,Silk,7 x 10,Vertical,Rectangle,16PT C2S,No Coating,Silk,n/a,4/1,50,Score in Half,No Gift Cards Slits,Yes 10000 Envelopes A7
Majestic,Silk,7 x 10,Vertical,Rectangle,16PT C2S,No Coating,Silk,n/a,4/4,50,Score in Half,No Gift Cards Slits,Yes 10000 Envelopes A7
Majestic,Silk,7 x 10,Horizontal,Rectangle,16PT C2S,No Coating,Silk,n/a,4/1,50,Score in Half,No Gift Cards Slits,Yes 10000 Envelopes A7
Majestic,Silk,7 x 10,Horizontal,Rectangle,16PT C2S,No Coating,Silk,n/a,4/0,75,Score in Half,No Gift Cards Slits,Yes 10000 Envelopes A7
Majestic,Silk,7 x 10,Vertical,Rectangle,16PT C2S,No Coating,Silk,n/a,4/0,75,Score in Half,No Gift Cards Slits,Yes 10000 Envelopes A7
Majestic,Silk,7 x 10,Horizontal,Rectangle,16PT C2S,No Coating,Silk,n/a,4/1,75,Score in Half,No Gift Cards Slits,Yes 10000 Envelopes A7
Majestic,Silk,7 x 10,Horizontal,Rectangle,16PT C2S,No Coating,Silk,n/a,4/4,75,Score in Half,No Gift Cards Slits,Yes 10000 Envelopes A7
Majestic,Silk,7 x 10,Vertical,Rectangle,16PT C2S,No Coating,Silk,n/a,4/1,75,Score in Half,No Gift Cards Slits,Yes 10000 Envelopes A7
Majestic,Silk,7 x 10,Horizontal,Rectangle,16PT C2S,No Coating,Silk,n/a,4/0,100,Score in Half,No Gift Cards Slits,Yes 10000 Envelopes A7
Majestic,Silk,7 x 10,Vertical,Rectangle,16PT C2S,No Coating,Silk,n/a,4/4,75,Score in Half,No Gift Cards Slits,Yes 10000 Envelopes A7
Majestic,Silk,7 x 10,Vertical,Rectangle,16PT C2S,No Coating,Silk,n/a,4/0,100,Score in Half,No Gift Cards Slits,Yes 10000 Envelopes A7
Majestic,Silk,7 x 10,Horizontal,Rectangle,16PT C2S,No Coating,Silk,n/a,4/1,100,Score in Half,No Gift Cards Slits,Yes 10000 Envelopes A7
Majestic,Silk,7 x 10,Horizontal,Rectangle,16PT C2S,No Coating,Silk,n/a,4/4,50,Score in Half,No Gift Cards Slits,Yes 10000 Envelopes A7
Majestic,Silk,7 x 10,Vertical,Rectangle,16PT C2S,No Coating,Silk,n/a,4/1,100,Score in Half,No Gift Cards Slits,Yes 10000 Envelopes A7
Majestic,Silk,7 x 10,Horizontal,Rectangle,16PT C2S,No Coating,Silk,n/a,4/4,100,Score in Half,No Gift Cards Slits,Yes 10000 Envelopes A7
Majestic,Silk,7 x 10,Vertical,Rectangle,16PT C2S,No Coating,Silk,n/a,4/0,250,Score in Half,No Gift Cards Slits,Yes 10000 Envelopes A7
Majestic,Silk,7 x 10,Vertical,Rectangle,16PT C2S,No Coating,Silk,n/a,4/4,100,Score in Half,No Gift Cards Slits,Yes 10000 Envelopes A7
Majestic,Silk,7 x 10,Horizontal,Rectangle,16PT C2S,No Coating,Silk,n/a,4/1,250,Score in Half,No Gift Cards Slits,Yes 10000 Envelopes A7
Majestic,Silk,7 x 10,Horizontal,Rectangle,16PT C2S,No Coating,Silk,n/a,4/0,250,Score in Half,No Gift Cards Slits,Yes 10000 Envelopes A7
Majestic,Silk,7 x 10,Vertical,Rectangle,16PT C2S,No Coating,Silk,n/a,4/1,250,Score in Half,No Gift Cards Slits,Yes 10000 Envelopes A7
Majestic,Silk,7 x 10,Vertical,Rectangle,16PT C2S,No Coating,Silk,n/a,4/4,250,Score in Half,No Gift Cards Slits,Yes 10000 Envelopes A7
Majestic,Silk,7 x 10,Horizontal,Rectangle,16PT C2S,No Coating,Silk,n/a,4/4,250,Score in Half,No Gift Cards Slits,Yes 10000 Envelopes A7
Majestic,Silk,7 x 10,Horizontal,Rectangle,16PT C2S,No Coating,Silk,n/a,4/0,500,Score in Half,No Gift Cards Slits,Yes 10000 Envelopes A7
Majestic,Silk,7 x 10,Vertical,Rectangle,16PT C2S,No Coating,Silk,n/a,4/0,500,Score in Half,No Gift Cards Slits,Yes 10000 Envelopes A7
Majestic,Silk,7 x 10,Horizontal,Rectangle,16PT C2S,No Coating,Silk,n/a,4/1,500,Score in Half,No Gift Cards Slits,Yes 10000 Envelopes A7
Majestic,Silk,7 x 10,Vertical,Rectangle,16PT C2S,No Coating,Silk,n/a,4/1,500,Score in Half,No Gift Cards Slits,Yes 10000 Envelopes A7
Majestic,Silk,7 x 10,Horizontal,Rectangle,16PT C2S,No Coating,Silk,n/a,4/4,500,Score in Half,No Gift Cards Slits,Yes 10000 Envelopes A7
Majestic,Silk,7 x 10,Vertical,Rectangle,16PT C2S,No Coating,Silk,n/a,4/4,500,Score in Half,No Gift Cards Slits,Yes 10000 Envelopes A7
Majestic,Silk,7 x 10,Horizontal,Rectangle,16PT C2S,No Coating,Silk,n/a,4/0,1000,Score in Half,No Gift Cards Slits,Yes 10000 Envelopes A7
Majestic,Silk,7 x 10,Vertical,Rectangle,16PT C2S,No Coating,Silk,n/a,4/0,1000,Score in Half,No Gift Cards Slits,Yes 10000 Envelopes A7
Majestic,Silk,7 x 10,Horizontal,Rectangle,16PT C2S,No Coating,Silk,n/a,4/1,1000,Score in Half,No Gift Cards Slits,Yes 10000 Envelopes A7
Majestic,Silk,7 x 10,Vertical,Rectangle,16PT C2S,No Coating,Silk,n/a,4/1,1000,Score in Half,No Gift Cards Slits,Yes 10000 Envelopes A7
Majestic,Silk,7 x 10,Horizontal,Rectangle,16PT C2S,No Coating,Silk,n/a,4/4,1000,Score in Half,No Gift Cards Slits,Yes 10000 Envelopes A7
Majestic,Silk,7 x 10,Vertical,Rectangle,16PT C2S,No Coating,Silk,n/a,4/4,1000,Score in Half,No Gift Cards Slits,Yes 10000 Envelopes A7
Majestic,Silk,7 x 10,Horizontal,Rectangle,16PT C2S,No Coating,Silk,n/a,4/0,2500,Score in Half,No Gift Cards Slits,Yes 10000 Envelopes A7
Majestic,Silk,7 x 10,Vertical,Rectangle,16PT C2S,No Coating,Silk,n/a,4/0,2500,Score in Half,No Gift Cards Slits,Yes 10000 Envelopes A7
Majestic,Silk,7 x 10,Horizontal,Rectangle,16PT C2S,No Coating,Silk,n/a,4/1,2500,Score in Half,No Gift Cards Slits,Yes 10000 Envelopes A7
Majestic,Silk,7 x 10,Horizontal,Rectangle,16PT C2S,No Coating,Silk,n/a,4/4,2500,Score in Half,No Gift Cards Slits,Yes 10000 Envelopes A7
Majestic,Silk,7 x 10,Vertical,Rectangle,16PT C2S,No Coating,Silk,n/a,4/1,2500,Score in Half,No Gift Cards Slits,Yes 10000 Envelopes A7
Majestic,Silk,7 x 10,Horizontal,Rectangle,16PT C2S,No Coating,Silk,n/a,4/0,5000,Score in Half,No Gift Cards Slits,Yes 10000 Envelopes A7
Majestic,Silk,7 x 10,Vertical,Rectangle,16PT C2S,No Coating,Silk,n/a,4/4,2500,Score in Half,No Gift Cards Slits,Yes 10000 Envelopes A7
Majestic,Silk,7 x 10,Horizontal,Rectangle,16PT C2S,No Coating,Silk,n/a,4/1,5000,Score in Half,No Gift Cards Slits,Yes 10000 Envelopes A7
Majestic,Silk,7 x 10,Vertical,Rectangle,16PT C2S,No Coating,Silk,n/a,4/0,5000,Score in Half,No Gift Cards Slits,Yes 10000 Envelopes A7
Majestic,Silk,7 x 10,Vertical,Rectangle,16PT C2S,No Coating,Silk,n/a,4/1,5000,Score in Half,No Gift Cards Slits,Yes 10000 Envelopes A7
Majestic,Silk,7 x 10,Horizontal,Rectangle,16PT C2S,No Coating,Silk,n/a,4/4,5000,Score in Half,No Gift Cards Slits,Yes 10000 Envelopes A7
Majestic,Silk,7 x 10,Horizontal,Rectangle,16PT C2S,No Coating,Silk,n/a,4/0,10000,Score in Half,No Gift Cards Slits,Yes 10000 Envelopes A7
Majestic,Silk,7 x 10,Vertical,Rectangle,16PT C2S,No Coating,Silk,n/a,4/4,5000,Score in Half,No Gift Cards Slits,Yes 10000 Envelopes A7
Majestic,Silk,7 x 10,Vertical,Rectangle,16PT C2S,No Coating,Silk,n/a,4/0,10000,Score in Half,No Gift Cards Slits,Yes 10000 Envelopes A7
Majestic,Silk,7 x 10,Horizontal,Rectangle,16PT C2S,No Coating,Silk,n/a,4/1,10000,Score in Half,No Gift Cards Slits,Yes 10000 Envelopes A7
Majestic,Silk,7 x 10,Vertical,Rectangle,16PT C2S,No Coating,Silk,n/a,4/1,10000,Score in Half,No Gift Cards Slits,Yes 10000 Envelopes A7
Majestic,Silk,7 x 10,Horizontal,Rectangle,16PT C2S,No Coating,Silk,n/a,4/4,10000,Score in Half,No Gift Cards Slits,Yes 10000 Envelopes A7
Majestic,Silk,7 x 10,Vertical,Rectangle,16PT C2S,No Coating,Silk,n/a,4/4,10000,Score in Half,No Gift Cards Slits,Yes 10000 Envelopes A7
Majestic,Silk,7 x 10,Vertical,Rectangle,16PT C2S,No Coating,Silk,n/a,4/0,25,Score in Half,Slide Slits Bottom Panel,Yes 10000 Envelopes A7
Majestic,Silk,7 x 10,Horizontal,Rectangle,16PT C2S,No Coating,Silk,n/a,4/4,25,Score in Half,Slide Slits Bottom Panel,Yes 10000 Envelopes A7
Majestic,Silk,7 x 10,Horizontal,Rectangle,16PT C2S,No Coating,Silk,n/a,4/1,25,Score in Half,Slide Slits Bottom Panel,Yes 10000 Envelopes A7
Majestic,Silk,7 x 10,Vertical,Rectangle,16PT C2S,No Coating,Silk,n/a,4/1,25,Score in Half,Slide Slits Bottom Panel,Yes 10000 Envelopes A7
Majestic,Silk,7 x 10,Vertical,Rectangle,16PT C2S,No Coating,Silk,n/a,4/4,25,Score in Half,Slide Slits Bottom Panel,Yes 10000 Envelopes A7
Majestic,Silk,7 x 10,Horizontal,Rectangle,16PT C2S,No Coating,Silk,n/a,4/0,50,Score in Half,Slide Slits Bottom Panel,Yes 10000 Envelopes A7
Majestic,Silk,7 x 10,Vertical,Rectangle,16PT C2S,No Coating,Silk,n/a,4/0,50,Score in Half,Slide Slits Bottom Panel,Yes 10000 Envelopes A7
Majestic,Silk,7 x 10,Horizontal,Rectangle,16PT C2S,No Coating,Silk,n/a,4/1,50,Score in Half,Slide Slits Bottom Panel,Yes 10000 Envelopes A7
Majestic,Silk,7 x 10,Vertical,Rectangle,16PT C2S,No Coating,Silk,n/a,4/4,50,Score in Half,Slide Slits Bottom Panel,Yes 10000 Envelopes A7
Majestic,Silk,7 x 10,Vertical,Rectangle,16PT C2S,No Coating,Silk,n/a,4/1,50,Score in Half,Slide Slits Bottom Panel,Yes 10000 Envelopes A7
Majestic,Silk,7 x 10,Horizontal,Rectangle,16PT C2S,No Coating,Silk,n/a,4/4,50,Score in Half,Slide Slits Bottom Panel,Yes 10000 Envelopes A7
Majestic,Silk,7 x 10,Vertical,Rectangle,16PT C2S,No Coating,Silk,n/a,4/0,75,Score in Half,Slide Slits Bottom Panel,Yes 10000 Envelopes A7
Majestic,Silk,7 x 10,Horizontal,Rectangle,16PT C2S,No Coating,Silk,n/a,4/1,75,Score in Half,Slide Slits Bottom Panel,Yes 10000 Envelopes A7
Majestic,Silk,7 x 10,Horizontal,Rectangle,16PT C2S,No Coating,Silk,n/a,4/0,25,Score in Half,Slide Slits Bottom Panel,Yes 10000 Envelopes A7
Majestic,Silk,7 x 10,Horizontal,Rectangle,16PT C2S,No Coating,Silk,n/a,4/0,75,Score in Half,Slide Slits Bottom Panel,Yes 10000 Envelopes A7
Majestic,Silk,7 x 10,Vertical,Rectangle,16PT C2S,No Coating,Silk,n/a,4/1,75,Score in Half,Slide Slits Bottom Panel,Yes 10000 Envelopes A7
Majestic,Silk,7 x 10,Horizontal,Rectangle,16PT C2S,No Coating,Silk,n/a,4/4,75,Score in Half,Slide Slits Bottom Panel,Yes 10000 Envelopes A7
Majestic,Silk,7 x 10,Horizontal,Rectangle,16PT C2S,No Coating,Silk,n/a,4/0,100,Score in Half,Slide Slits Bottom Panel,Yes 10000 Envelopes A7
Majestic,Silk,7 x 10,Vertical,Rectangle,16PT C2S,No Coating,Silk,n/a,4/0,100,Score in Half,Slide Slits Bottom Panel,Yes 10000 Envelopes A7
Majestic,Silk,7 x 10,Horizontal,Rectangle,16PT C2S,No Coating,Silk,n/a,4/1,100,Score in Half,Slide Slits Bottom Panel,Yes 10000 Envelopes A7
Majestic,Silk,7 x 10,Vertical,Rectangle,16PT C2S,No Coating,Silk,n/a,4/4,75,Score in Half,Slide Slits Bottom Panel,Yes 10000 Envelopes A7
Majestic,Silk,7 x 10,Horizontal,Rectangle,16PT C2S,No Coating,Silk,n/a,4/1,500,Score in Half,Slide Slits Bottom Panel,Yes 5000 Envelopes A7
Majestic,Silk,7 x 10,Vertical,Rectangle,16PT C2S,No Coating,Silk,n/a,4/4,100,Score in Half,Slide Slits Bottom Panel,Yes 10000 Envelopes A7
Majestic,Silk,7 x 10,Horizontal,Rectangle,16PT C2S,No Coating,Silk,n/a,4/0,250,Score in Half,Slide Slits Bottom Panel,Yes 10000 Envelopes A7
Majestic,Silk,7 x 10,Vertical,Rectangle,16PT C2S,No Coating,Silk,n/a,4/0,250,Score in Half,Slide Slits Bottom Panel,Yes 10000 Envelopes A7
Majestic,Silk,7 x 10,Horizontal,Rectangle,16PT C2S,No Coating,Silk,n/a,4/1,250,Score in Half,Slide Slits Bottom Panel,Yes 10000 Envelopes A7
Majestic,Silk,7 x 10,Vertical,Rectangle,16PT C2S,No Coating,Silk,n/a,4/1,250,Score in Half,Slide Slits Bottom Panel,Yes 10000 Envelopes A7
Majestic,Silk,7 x 10,Horizontal,Rectangle,16PT C2S,No Coating,Silk,n/a,4/4,250,Score in Half,Slide Slits Bottom Panel,Yes 10000 Envelopes A7
Majestic,Silk,7 x 10,Vertical,Rectangle,16PT C2S,No Coating,Silk,n/a,4/1,100,Score in Half,Slide Slits Bottom Panel,Yes 10000 Envelopes A7
Majestic,Silk,7 x 10,Horizontal,Rectangle,16PT C2S,No Coating,Silk,n/a,4/0,500,Score in Half,Slide Slits Bottom Panel,Yes 10000 Envelopes A7
Majestic,Silk,7 x 10,Vertical,Rectangle,16PT C2S,No Coating,Silk,n/a,4/4,250,Score in Half,Slide Slits Bottom Panel,Yes 10000 Envelopes A7
Majestic,Silk,7 x 10,Vertical,Rectangle,16PT C2S,No Coating,Silk,n/a,4/1,500,Score in Half,Slide Slits Bottom Panel,Yes 10000 Envelopes A7
Majestic,Silk,7 x 10,Vertical,Rectangle,16PT C2S,No Coating,Silk,n/a,4/0,500,Score in Half,Slide Slits Bottom Panel,Yes 10000 Envelopes A7
Majestic,Silk,7 x 10,Horizontal,Rectangle,16PT C2S,No Coating,Silk,n/a,4/1,500,Score in Half,Slide Slits Bottom Panel,Yes 10000 Envelopes A7
Majestic,Silk,7 x 10,Horizontal,Rectangle,16PT C2S,No Coating,Silk,n/a,4/4,500,Score in Half,Slide Slits Bottom Panel,Yes 10000 Envelopes A7
Majestic,Silk,7 x 10,Vertical,Rectangle,16PT C2S,No Coating,Silk,n/a,4/4,500,Score in Half,Slide Slits Bottom Panel,Yes 10000 Envelopes A7
Majestic,Silk,7 x 10,Vertical,Rectangle,16PT C2S,No Coating,Silk,n/a,4/0,1000,Score in Half,Slide Slits Bottom Panel,Yes 10000 Envelopes A7
Majestic,Silk,7 x 10,Vertical,Rectangle,16PT C2S,No Coating,Silk,n/a,4/1,1000,Score in Half,Slide Slits Bottom Panel,Yes 10000 Envelopes A7
Majestic,Silk,7 x 10,Horizontal,Rectangle,16PT C2S,No Coating,Silk,n/a,4/0,1000,Score in Half,Slide Slits Bottom Panel,Yes 10000 Envelopes A7
Majestic,Silk,7 x 10,Vertical,Rectangle,16PT C2S,No Coating,Silk,n/a,4/4,75,Score in Half,Moon Slits Right Panel,Yes 10000 Envelopes A7
Majestic,Silk,7 x 10,Horizontal,Rectangle,16PT C2S,No Coating,Silk,n/a,4/4,1000,Score in Half,Slide Slits Bottom Panel,Yes 10000 Envelopes A7
Majestic,Silk,7 x 10,Vertical,Rectangle,16PT C2S,No Coating,Silk,n/a,4/4,1000,Score in Half,Slide Slits Bottom Panel,Yes 10000 Envelopes A7
Majestic,Silk,7 x 10,Horizontal,Rectangle,16PT C2S,No Coating,Silk,n/a,4/1,1000,Score in Half,Slide Slits Bottom Panel,Yes 10000 Envelopes A7
Majestic,Silk,7 x 10,Horizontal,Rectangle,16PT C2S,No Coating,Silk,n/a,4/0,2500,Score in Half,Slide Slits Bottom Panel,Yes 10000 Envelopes A7
Majestic,Silk,7 x 10,Vertical,Rectangle,16PT C2S,No Coating,Silk,n/a,4/1,2500,Score in Half,Slide Slits Bottom Panel,Yes 10000 Envelopes A7
Majestic,Silk,7 x 10,Vertical,Rectangle,16PT C2S,No Coating,Silk,n/a,4/0,2500,Score in Half,Slide Slits Bottom Panel,Yes 10000 Envelopes A7
Majestic,Silk,7 x 10,Horizontal,Rectangle,16PT C2S,No Coating,Silk,n/a,4/4,2500,Score in Half,Slide Slits Bottom Panel,Yes 10000 Envelopes A7
Majestic,Silk,7 x 10,Horizontal,Rectangle,16PT C2S,No Coating,Silk,n/a,4/0,5000,Score in Half,Slide Slits Bottom Panel,Yes 10000 Envelopes A7
Majestic,Silk,7 x 10,Horizontal,Rectangle,16PT C2S,No Coating,Silk,n/a,4/4,100,Score in Half,Slide Slits Bottom Panel,Yes 10000 Envelopes A7
Majestic,Silk,7 x 10,Horizontal,Rectangle,16PT C2S,No Coating,Silk,n/a,4/1,5000,Score in Half,Slide Slits Bottom Panel,Yes 10000 Envelopes A7
Majestic,Silk,7 x 10,Vertical,Rectangle,16PT C2S,No Coating,Silk,n/a,4/0,5000,Score in Half,Slide Slits Bottom Panel,Yes 10000 Envelopes A7
Majestic,Silk,7 x 10,Vertical,Rectangle,16PT C2S,No Coating,Silk,n/a,4/1,5000,Score in Half,Slide Slits Bottom Panel,Yes 10000 Envelopes A7
Majestic,Silk,7 x 10,Vertical,Rectangle,16PT C2S,No Coating,Silk,n/a,4/4,5000,Score in Half,Slide Slits Bottom Panel,Yes 10000 Envelopes A7
Majestic,Silk,7 x 10,Horizontal,Rectangle,16PT C2S,No Coating,Silk,n/a,4/4,250,Score in Half,Slide Slits Right Panel,Yes 5000 Envelopes A7
Majestic,Silk,7 x 10,Horizontal,Rectangle,16PT C2S,No Coating,Silk,n/a,4/4,5000,Score in Half,Slide Slits Bottom Panel,Yes 10000 Envelopes A7
Majestic,Silk,7 x 10,Vertical,Rectangle,16PT C2S,No Coating,Silk,n/a,4/0,10000,Score in Half,Slide Slits Bottom Panel,Yes 10000 Envelopes A7
Majestic,Silk,7 x 10,Vertical,Rectangle,16PT C2S,No Coating,Silk,n/a,4/1,10000,Score in Half,Slide Slits Bottom Panel,Yes 10000 Envelopes A7
Majestic,Silk,7 x 10,Vertical,Rectangle,16PT C2S,No Coating,Silk,n/a,4/4,10000,Score in Half,Slide Slits Bottom Panel,Yes 10000 Envelopes A7
Majestic,Silk,7 x 10,Horizontal,Rectangle,16PT C2S,No Coating,Silk,n/a,4/1,10000,Score in Half,Slide Slits Bottom Panel,Yes 10000 Envelopes A7
Majestic,Silk,7 x 10,Horizontal,Rectangle,16PT C2S,No Coating,Silk,n/a,4/0,25,Score in Half,Slide Slits Right Panel,Yes 10000 Envelopes A7
Majestic,Silk,7 x 10,Horizontal,Rectangle,16PT C2S,No Coating,Silk,n/a,4/4,10000,Score in Half,Slide Slits Bottom Panel,Yes 10000 Envelopes A7
Majestic,Silk,7 x 10,Horizontal,Rectangle,16PT C2S,No Coating,Silk,n/a,4/1,2500,Score in Half,Slide Slits Bottom Panel,Yes 10000 Envelopes A7
Majestic,Silk,7 x 10,Horizontal,Rectangle,16PT C2S,No Coating,Silk,n/a,4/1,25,Score in Half,Slide Slits Right Panel,Yes 10000 Envelopes A7
Majestic,Silk,7 x 10,Vertical,Rectangle,16PT C2S,No Coating,Silk,n/a,4/1,25,Score in Half,Slide Slits Right Panel,Yes 10000 Envelopes A7
Majestic,Silk,7 x 10,Horizontal,Rectangle,16PT C2S,No Coating,Silk,n/a,4/4,25,Score in Half,Slide Slits Right Panel,Yes 10000 Envelopes A7
Majestic,Silk,7 x 10,Vertical,Rectangle,16PT C2S,No Coating,Silk,n/a,4/0,50,Score in Half,Slide Slits Right Panel,Yes 10000 Envelopes A7
Majestic,Silk,7 x 10,Vertical,Rectangle,16PT C2S,No Coating,Silk,n/a,4/4,25,Score in Half,Slide Slits Right Panel,Yes 10000 Envelopes A7
Majestic,Silk,7 x 10,Horizontal,Rectangle,16PT C2S,No Coating,Silk,n/a,4/0,50,Score in Half,Slide Slits Right Panel,Yes 10000 Envelopes A7
Majestic,Silk,7 x 10,Vertical,Rectangle,16PT C2S,No Coating,Silk,n/a,4/1,50,Score in Half,Slide Slits Right Panel,Yes 10000 Envelopes A7
Majestic,Silk,7 x 10,Horizontal,Rectangle,16PT C2S,No Coating,Silk,n/a,4/1,50,Score in Half,Slide Slits Right Panel,Yes 10000 Envelopes A7
Majestic,Silk,7 x 10,Vertical,Rectangle,16PT C2S,No Coating,Silk,n/a,4/4,50,Score in Half,Slide Slits Right Panel,Yes 10000 Envelopes A7
Majestic,Silk,7 x 10,Horizontal,Rectangle,16PT C2S,No Coating,Silk,n/a,4/0,10000,Score in Half,Slide Slits Bottom Panel,Yes 10000 Envelopes A7
Majestic,Silk,7 x 10,Horizontal,Rectangle,16PT C2S,No Coating,Silk,n/a,4/4,50,Score in Half,Slide Slits Right Panel,Yes 10000 Envelopes A7
Majestic,Silk,7 x 10,Horizontal,Rectangle,16PT C2S,No Coating,Silk,n/a,4/0,75,Score in Half,Slide Slits Right Panel,Yes 10000 Envelopes A7
Majestic,Silk,7 x 10,Vertical,Rectangle,16PT C2S,No Coating,Silk,n/a,4/1,75,Score in Half,Slide Slits Right Panel,Yes 10000 Envelopes A7
Majestic,Silk,7 x 10,Horizontal,Rectangle,16PT C2S,No Coating,Silk,n/a,4/1,75,Score in Half,Slide Slits Right Panel,Yes 10000 Envelopes A7
Majestic,Silk,7 x 10,Horizontal,Rectangle,16PT C2S,No Coating,Silk,n/a,4/4,75,Score in Half,Slide Slits Right Panel,Yes 10000 Envelopes A7
Majestic,Silk,7 x 10,Vertical,Rectangle,16PT C2S,No Coating,Silk,n/a,4/4,75,Score in Half,Slide Slits Right Panel,Yes 10000 Envelopes A7
Majestic,Silk,7 x 10,Vertical,Rectangle,16PT C2S,No Coating,Silk,n/a,4/0,100,Score in Half,Slide Slits Right Panel,Yes 10000 Envelopes A7
Majestic,Silk,7 x 10,Horizontal,Rectangle,16PT C2S,No Coating,Silk,n/a,4/0,100,Score in Half,Slide Slits Right Panel,Yes 10000 Envelopes A7
Majestic,Silk,7 x 10,Horizontal,Rectangle,16PT C2S,No Coating,Silk,n/a,4/1,100,Score in Half,Slide Slits Right Panel,Yes 10000 Envelopes A7
Majestic,Silk,7 x 10,Vertical,Rectangle,16PT C2S,No Coating,Silk,n/a,4/1,100,Score in Half,Slide Slits Right Panel,Yes 10000 Envelopes A7
Majestic,Silk,7 x 10,Vertical,Rectangle,16PT C2S,No Coating,Silk,n/a,4/4,100,Score in Half,Slide Slits Right Panel,Yes 10000 Envelopes A7
Majestic,Silk,7 x 10,Horizontal,Rectangle,16PT C2S,No Coating,Silk,n/a,4/4,100,Score in Half,Slide Slits Right Panel,Yes 10000 Envelopes A7
Majestic,Silk,7 x 10,Horizontal,Rectangle,16PT C2S,No Coating,Silk,n/a,4/0,250,Score in Half,Slide Slits Right Panel,Yes 10000 Envelopes A7
Majestic,Silk,7 x 10,Vertical,Rectangle,16PT C2S,No Coating,Silk,n/a,4/0,250,Score in Half,Slide Slits Right Panel,Yes 10000 Envelopes A7
Majestic,Silk,7 x 10,Horizontal,Rectangle,16PT C2S,No Coating,Silk,n/a,4/1,250,Score in Half,Slide Slits Right Panel,Yes 10000 Envelopes A7
Majestic,Silk,7 x 10,Vertical,Rectangle,16PT C2S,No Coating,Silk,n/a,4/1,250,Score in Half,Slide Slits Right Panel,Yes 10000 Envelopes A7
Majestic,Silk,7 x 10,Horizontal,Rectangle,16PT C2S,No Coating,Silk,n/a,4/4,250,Score in Half,Slide Slits Right Panel,Yes 10000 Envelopes A7
Majestic,Silk,7 x 10,Vertical,Rectangle,16PT C2S,No Coating,Silk,n/a,4/4,250,Score in Half,Slide Slits Right Panel,Yes 10000 Envelopes A7
Majestic,Silk,7 x 10,Horizontal,Rectangle,16PT C2S,No Coating,Silk,n/a,4/0,500,Score in Half,Slide Slits Right Panel,Yes 10000 Envelopes A7
Majestic,Silk,7 x 10,Vertical,Rectangle,16PT C2S,No Coating,Silk,n/a,4/0,500,Score in Half,Slide Slits Right Panel,Yes 10000 Envelopes A7
Majestic,Silk,7 x 10,Horizontal,Rectangle,16PT C2S,No Coating,Silk,n/a,4/1,500,Score in Half,Slide Slits Right Panel,Yes 10000 Envelopes A7
Majestic,Silk,7 x 10,Vertical,Rectangle,16PT C2S,No Coating,Silk,n/a,4/1,500,Score in Half,Slide Slits Right Panel,Yes 10000 Envelopes A7
Majestic,Silk,7 x 10,Vertical,Rectangle,16PT C2S,No Coating,Silk,n/a,4/4,500,Score in Half,Slide Slits Right Panel,Yes 10000 Envelopes A7
Majestic,Silk,7 x 10,Horizontal,Rectangle,16PT C2S,No Coating,Silk,n/a,4/0,1000,Score in Half,Slide Slits Right Panel,Yes 10000 Envelopes A7
Majestic,Silk,7 x 10,Horizontal,Rectangle,16PT C2S,No Coating,Silk,n/a,4/1,1000,Score in Half,Slide Slits Right Panel,Yes 10000 Envelopes A7
Majestic,Silk,7 x 10,Vertical,Rectangle,16PT C2S,No Coating,Silk,n/a,4/1,1000,Score in Half,Slide Slits Right Panel,Yes 10000 Envelopes A7
Majestic,Silk,7 x 10,Vertical,Rectangle,16PT C2S,No Coating,Silk,n/a,4/0,1000,Score in Half,Slide Slits Right Panel,Yes 10000 Envelopes A7
Majestic,Silk,7 x 10,Horizontal,Rectangle,16PT C2S,No Coating,Silk,n/a,4/4,500,Score in Half,Slide Slits Right Panel,Yes 10000 Envelopes A7
Majestic,Silk,7 x 10,Horizontal,Rectangle,16PT C2S,No Coating,Silk,n/a,4/4,1000,Score in Half,Slide Slits Right Panel,Yes 10000 Envelopes A7
Majestic,Silk,7 x 10,Vertical,Rectangle,16PT C2S,No Coating,Silk,n/a,4/4,1000,Score in Half,Slide Slits Right Panel,Yes 10000 Envelopes A7
Majestic,Silk,7 x 10,Horizontal,Rectangle,16PT C2S,No Coating,Silk,n/a,4/0,2500,Score in Half,Slide Slits Right Panel,Yes 10000 Envelopes A7
Majestic,Silk,7 x 10,Horizontal,Rectangle,16PT C2S,No Coating,Silk,n/a,4/1,2500,Score in Half,Slide Slits Right Panel,Yes 10000 Envelopes A7
Majestic,Silk,7 x 10,Vertical,Rectangle,16PT C2S,No Coating,Silk,n/a,4/0,2500,Score in Half,Slide Slits Right Panel,Yes 10000 Envelopes A7
Majestic,Silk,7 x 10,Horizontal,Rectangle,16PT C2S,No Coating,Silk,n/a,4/0,5000,Score in Half,Slide Slits Right Panel,Yes 10000 Envelopes A7
Majestic,Silk,7 x 10,Vertical,Rectangle,16PT C2S,No Coating,Silk,n/a,4/4,2500,Score in Half,Slide Slits Right Panel,Yes 10000 Envelopes A7
Majestic,Silk,7 x 10,Horizontal,Rectangle,16PT C2S,No Coating,Silk,n/a,4/4,2500,Score in Half,Slide Slits Right Panel,Yes 10000 Envelopes A7
Majestic,Silk,7 x 10,Vertical,Rectangle,16PT C2S,No Coating,Silk,n/a,4/1,2500,Score in Half,Slide Slits Right Panel,Yes 10000 Envelopes A7
Majestic,Silk,7 x 10,Vertical,Rectangle,16PT C2S,No Coating,Silk,n/a,4/0,5000,Score in Half,Slide Slits Right Panel,Yes 10000 Envelopes A7
Majestic,Silk,7 x 10,Horizontal,Rectangle,16PT C2S,No Coating,Silk,n/a,4/1,5000,Score in Half,Slide Slits Right Panel,Yes 10000 Envelopes A7
Majestic,Silk,7 x 10,Vertical,Rectangle,16PT C2S,No Coating,Silk,n/a,4/1,5000,Score in Half,Slide Slits Right Panel,Yes 10000 Envelopes A7
Majestic,Silk,7 x 10,Horizontal,Rectangle,16PT C2S,No Coating,Silk,n/a,4/4,5000,Score in Half,Slide Slits Right Panel,Yes 10000 Envelopes A7
Majestic,Silk,7 x 10,Vertical,Rectangle,16PT C2S,No Coating,Silk,n/a,4/4,5000,Score in Half,Slide Slits Right Panel,Yes 10000 Envelopes A7
Majestic,Silk,7 x 10,Vertical,Rectangle,16PT C2S,No Coating,Silk,n/a,4/0,10000,Score in Half,Slide Slits Right Panel,Yes 10000 Envelopes A7
Majestic,Silk,7 x 10,Horizontal,Rectangle,16PT C2S,No Coating,Silk,n/a,4/0,10000,Score in Half,Slide Slits Right Panel,Yes 10000 Envelopes A7
Majestic,Silk,7 x 10,Vertical,Rectangle,16PT C2S,No Coating,Silk,n/a,4/1,10000,Score in Half,Slide Slits Right Panel,Yes 10000 Envelopes A7
Majestic,Silk,7 x 10,Horizontal,Rectangle,16PT C2S,No Coating,Silk,n/a,4/1,10000,Score in Half,Slide Slits Right Panel,Yes 10000 Envelopes A7
Majestic,Silk,7 x 10,Horizontal,Rectangle,16PT C2S,No Coating,Silk,n/a,4/4,10000,Score in Half,Slide Slits Right Panel,Yes 10000 Envelopes A7
Majestic,Silk,7 x 10,Vertical,Rectangle,16PT C2S,No Coating,Silk,n/a,4/4,10000,Score in Half,Slide Slits Right Panel,Yes 10000 Envelopes A7
Majestic,Silk,8.5 x 11,Horizontal,Rectangle,16PT C2S,No Coating,Silk,n/a,4/0,25,Score in Half,n/a,No Blank Envelopes
Majestic,Silk,8.5 x 11,Vertical,Rectangle,16PT C2S,No Coating,Silk,n/a,4/1,25,Score in Half,n/a,No Blank Envelopes
Majestic,Silk,8.5 x 11,Vertical,Rectangle,16PT C2S,No Coating,Silk,n/a,4/0,25,Score in Half,n/a,No Blank Envelopes
Majestic,Silk,8.5 x 11,Horizontal,Rectangle,16PT C2S,No Coating,Silk,n/a,4/1,25,Score in Half,n/a,No Blank Envelopes
Majestic,Silk,8.5 x 11,Horizontal,Rectangle,16PT C2S,No Coating,Silk,n/a,4/4,25,Score in Half,n/a,No Blank Envelopes
Majestic,Silk,8.5 x 11,Vertical,Rectangle,16PT C2S,No Coating,Silk,n/a,4/4,25,Score in Half,n/a,No Blank Envelopes
Majestic,Silk,8.5 x 11,Vertical,Rectangle,16PT C2S,No Coating,Silk,n/a,4/0,50,Score in Half,n/a,No Blank Envelopes
Majestic,Silk,8.5 x 11,Horizontal,Rectangle,16PT C2S,No Coating,Silk,n/a,4/0,50,Score in Half,n/a,No Blank Envelopes
Majestic,Silk,8.5 x 11,Horizontal,Rectangle,16PT C2S,No Coating,Silk,n/a,4/1,50,Score in Half,n/a,No Blank Envelopes
Majestic,Silk,8.5 x 11,Vertical,Rectangle,16PT C2S,No Coating,Silk,n/a,4/1,50,Score in Half,n/a,No Blank Envelopes
Majestic,Silk,8.5 x 11,Horizontal,Rectangle,16PT C2S,No Coating,Silk,n/a,4/4,50,Score in Half,n/a,No Blank Envelopes
Majestic,Silk,8.5 x 11,Horizontal,Rectangle,16PT C2S,No Coating,Silk,n/a,4/0,75,Score in Half,n/a,No Blank Envelopes
Majestic,Silk,7 x 10,Vertical,Rectangle,16PT C2S,No Coating,Silk,n/a,4/0,75,Score in Half,Slide Slits Right Panel,Yes 10000 Envelopes A7
Majestic,Silk,8.5 x 11,Vertical,Rectangle,16PT C2S,No Coating,Silk,n/a,4/0,75,Score in Half,n/a,No Blank Envelopes
Majestic,Silk,8.5 x 11,Horizontal,Rectangle,16PT C2S,No Coating,Silk,n/a,4/1,75,Score in Half,n/a,No Blank Envelopes
Majestic,Silk,8.5 x 11,Horizontal,Rectangle,16PT C2S,No Coating,Silk,n/a,4/4,75,Score in Half,n/a,No Blank Envelopes
Majestic,Silk,8.5 x 11,Vertical,Rectangle,16PT C2S,No Coating,Silk,n/a,4/1,75,Score in Half,n/a,No Blank Envelopes
Majestic,Silk,8.5 x 11,Vertical,Rectangle,16PT C2S,No Coating,Silk,n/a,4/4,75,Score in Half,n/a,No Blank Envelopes
Majestic,Silk,8.5 x 11,Horizontal,Rectangle,16PT C2S,No Coating,Silk,n/a,4/0,100,Score in Half,n/a,No Blank Envelopes
Majestic,Silk,8.5 x 11,Vertical,Rectangle,16PT C2S,No Coating,Silk,n/a,4/0,100,Score in Half,n/a,No Blank Envelopes
Majestic,Silk,8.5 x 11,Horizontal,Rectangle,16PT C2S,No Coating,Silk,n/a,4/1,100,Score in Half,n/a,No Blank Envelopes
Majestic,Silk,8.5 x 11,Vertical,Rectangle,16PT C2S,No Coating,Silk,n/a,4/1,100,Score in Half,n/a,No Blank Envelopes
Majestic,Silk,8.5 x 11,Horizontal,Rectangle,16PT C2S,No Coating,Silk,n/a,4/4,100,Score in Half,n/a,No Blank Envelopes
Majestic,Silk,8.5 x 11,Vertical,Rectangle,16PT C2S,No Coating,Silk,n/a,4/4,100,Score in Half,n/a,No Blank Envelopes
Majestic,Silk,8.5 x 11,Horizontal,Rectangle,16PT C2S,No Coating,Silk,n/a,4/0,250,Score in Half,n/a,No Blank Envelopes
Majestic,Silk,8.5 x 11,Vertical,Rectangle,16PT C2S,No Coating,Silk,n/a,4/0,250,Score in Half,n/a,No Blank Envelopes
Majestic,Silk,8.5 x 11,Horizontal,Rectangle,16PT C2S,No Coating,Silk,n/a,4/1,250,Score in Half,n/a,No Blank Envelopes
Majestic,Silk,8.5 x 11,Vertical,Rectangle,16PT C2S,No Coating,Silk,n/a,4/1,250,Score in Half,n/a,No Blank Envelopes
Majestic,Silk,8.5 x 11,Horizontal,Rectangle,16PT C2S,No Coating,Silk,n/a,4/4,250,Score in Half,n/a,No Blank Envelopes
Majestic,Silk,8.5 x 11,Vertical,Rectangle,16PT C2S,No Coating,Silk,n/a,4/4,250,Score in Half,n/a,No Blank Envelopes
Majestic,Silk,8.5 x 11,Horizontal,Rectangle,16PT C2S,No Coating,Silk,n/a,4/0,500,Score in Half,n/a,No Blank Envelopes
Majestic,Silk,8.5 x 11,Vertical,Rectangle,16PT C2S,No Coating,Silk,n/a,4/0,500,Score in Half,n/a,No Blank Envelopes
Majestic,Silk,8.5 x 11,Horizontal,Rectangle,16PT C2S,No Coating,Silk,n/a,4/1,500,Score in Half,n/a,No Blank Envelopes
Majestic,Silk,8.5 x 11,Vertical,Rectangle,16PT C2S,No Coating,Silk,n/a,4/1,500,Score in Half,n/a,No Blank Envelopes
Majestic,Silk,7 x 10,Vertical,Rectangle,16PT C2S,No Coating,Silk,n/a,4/0,25,Score in Half,Slide Slits Right Panel,Yes 10000 Envelopes A7
Majestic,Silk,8.5 x 11,Vertical,Rectangle,16PT C2S,No Coating,Silk,n/a,4/4,500,Score in Half,n/a,No Blank Envelopes
Majestic,Silk,8.5 x 11,Horizontal,Rectangle,16PT C2S,No Coating,Silk,n/a,4/0,1000,Score in Half,n/a,No Blank Envelopes
Majestic,Silk,8.5 x 11,Horizontal,Rectangle,16PT C2S,No Coating,Silk,n/a,4/4,500,Score in Half,n/a,No Blank Envelopes
Majestic,Silk,8.5 x 11,Horizontal,Rectangle,16PT C2S,No Coating,Silk,n/a,4/1,1000,Score in Half,n/a,No Blank Envelopes
Majestic,Silk,8.5 x 11,Vertical,Rectangle,16PT C2S,No Coating,Silk,n/a,4/1,1000,Score in Half,n/a,No Blank Envelopes
Majestic,Silk,8.5 x 11,Horizontal,Rectangle,16PT C2S,No Coating,Silk,n/a,4/4,1000,Score in Half,n/a,No Blank Envelopes
Majestic,Silk,8.5 x 11,Vertical,Rectangle,16PT C2S,No Coating,Silk,n/a,4/4,1000,Score in Half,n/a,No Blank Envelopes
Majestic,Silk,8.5 x 11,Vertical,Rectangle,16PT C2S,No Coating,Silk,n/a,4/0,2500,Score in Half,n/a,No Blank Envelopes
Majestic,Silk,8.5 x 11,Horizontal,Rectangle,16PT C2S,No Coating,Silk,n/a,4/1,2500,Score in Half,n/a,No Blank Envelopes
Majestic,Silk,8.5 x 11,Vertical,Rectangle,16PT C2S,No Coating,Silk,n/a,4/1,2500,Score in Half,n/a,No Blank Envelopes
Majestic,Silk,8.5 x 11,Horizontal,Rectangle,16PT C2S,No Coating,Silk,n/a,4/4,2500,Score in Half,n/a,No Blank Envelopes
Majestic,Silk,8.5 x 11,Vertical,Rectangle,16PT C2S,No Coating,Silk,n/a,4/4,50,Score in Half,n/a,No Blank Envelopes
Majestic,Silk,8.5 x 11,Vertical,Rectangle,16PT C2S,No Coating,Silk,n/a,4/4,2500,Score in Half,n/a,No Blank Envelopes
Majestic,Silk,8.5 x 11,Horizontal,Rectangle,16PT C2S,No Coating,Silk,n/a,4/0,5000,Score in Half,n/a,No Blank Envelopes
Majestic,Silk,8.5 x 11,Vertical,Rectangle,16PT C2S,No Coating,Silk,n/a,4/0,5000,Score in Half,n/a,No Blank Envelopes
Majestic,Silk,8.5 x 11,Horizontal,Rectangle,16PT C2S,No Coating,Silk,n/a,4/1,5000,Score in Half,n/a,No Blank Envelopes
Majestic,Silk,8.5 x 11,Horizontal,Rectangle,16PT C2S,No Coating,Silk,n/a,4/4,5000,Score in Half,n/a,No Blank Envelopes
Majestic,Silk,8.5 x 11,Vertical,Rectangle,16PT C2S,No Coating,Silk,n/a,4/4,5000,Score in Half,n/a,No Blank Envelopes
Majestic,Silk,8.5 x 11,Vertical,Rectangle,16PT C2S,No Coating,Silk,n/a,4/1,5000,Score in Half,n/a,No Blank Envelopes
Majestic,Silk,8.5 x 11,Horizontal,Rectangle,16PT C2S,No Coating,Silk,n/a,4/0,10000,Score in Half,n/a,No Blank Envelopes
Majestic,Silk,8.5 x 11,Vertical,Rectangle,16PT C2S,No Coating,Silk,n/a,4/0,10000,Score in Half,n/a,No Blank Envelopes
Majestic,Silk,8.5 x 11,Horizontal,Rectangle,16PT C2S,No Coating,Silk,n/a,4/1,10000,Score in Half,n/a,No Blank Envelopes
Majestic,Silk,8.5 x 11,Vertical,Rectangle,16PT C2S,No Coating,Silk,n/a,4/1,10000,Score in Half,n/a,No Blank Envelopes
Majestic,Silk,8.5 x 11,Horizontal,Rectangle,16PT C2S,No Coating,Silk,n/a,4/4,10000,Score in Half,n/a,No Blank Envelopes
Majestic,Silk,8.5 x 11,Horizontal,Rectangle,16PT C2S,No Coating,Silk,n/a,4/0,25,Score in Half,n/a,Yes 25 Envelopes A9
Majestic,Silk,8.5 x 11,Vertical,Rectangle,16PT C2S,No Coating,Silk,n/a,4/4,10000,Score in Half,n/a,No Blank Envelopes
Majestic,Silk,7 x 10,Vertical,Rectangle,16PT C2S,No Coating,Silk,n/a,4/4,2500,Score in Half,Slide Slits Bottom Panel,Yes 10000 Envelopes A7
Majestic,Silk,8.5 x 11,Horizontal,Rectangle,16PT C2S,No Coating,Silk,n/a,4/1,25,Score in Half,n/a,Yes 25 Envelopes A9
Majestic,Silk,8.5 x 11,Vertical,Rectangle,16PT C2S,No Coating,Silk,n/a,4/1,25,Score in Half,n/a,Yes 25 Envelopes A9
Majestic,Silk,8.5 x 11,Horizontal,Rectangle,16PT C2S,No Coating,Silk,n/a,4/4,25,Score in Half,n/a,Yes 25 Envelopes A9
Majestic,Silk,8.5 x 11,Horizontal,Rectangle,16PT C2S,No Coating,Silk,n/a,4/0,50,Score in Half,n/a,Yes 25 Envelopes A9
Majestic,Silk,8.5 x 11,Vertical,Rectangle,16PT C2S,No Coating,Silk,n/a,4/0,50,Score in Half,n/a,Yes 25 Envelopes A9
Majestic,Silk,8.5 x 11,Horizontal,Rectangle,16PT C2S,No Coating,Silk,n/a,4/1,50,Score in Half,n/a,Yes 25 Envelopes A9
Majestic,Silk,8.5 x 11,Vertical,Rectangle,16PT C2S,No Coating,Silk,n/a,4/1,50,Score in Half,n/a,Yes 25 Envelopes A9
Majestic,Silk,8.5 x 11,Vertical,Rectangle,16PT C2S,No Coating,Silk,n/a,4/4,25,Score in Half,n/a,Yes 25 Envelopes A9
Majestic,Silk,8.5 x 11,Horizontal,Rectangle,16PT C2S,No Coating,Silk,n/a,4/4,50,Score in Half,n/a,Yes 25 Envelopes A9
Majestic,Silk,8.5 x 11,Horizontal,Rectangle,16PT C2S,No Coating,Silk,n/a,4/0,2500,Score in Half,n/a,No Blank Envelopes
Majestic,Silk,8.5 x 11,Horizontal,Rectangle,16PT C2S,No Coating,Silk,n/a,4/0,75,Score in Half,n/a,Yes 25 Envelopes A9
Majestic,Silk,8.5 x 11,Vertical,Rectangle,16PT C2S,No Coating,Silk,n/a,4/0,75,Score in Half,n/a,Yes 25 Envelopes A9
Majestic,Silk,8.5 x 11,Horizontal,Rectangle,16PT C2S,No Coating,Silk,n/a,4/1,75,Score in Half,n/a,Yes 25 Envelopes A9
Majestic,Silk,8.5 x 11,Vertical,Rectangle,16PT C2S,No Coating,Silk,n/a,4/1,75,Score in Half,n/a,Yes 25 Envelopes A9
Majestic,Silk,8.5 x 11,Horizontal,Rectangle,16PT C2S,No Coating,Silk,n/a,4/4,75,Score in Half,n/a,Yes 25 Envelopes A9
Majestic,Silk,8.5 x 11,Vertical,Rectangle,16PT C2S,No Coating,Silk,n/a,4/4,75,Score in Half,n/a,Yes 25 Envelopes A9
Majestic,Silk,8.5 x 11,Vertical,Rectangle,16PT C2S,No Coating,Silk,n/a,4/0,25,Score in Half,n/a,Yes 25 Envelopes A9
Majestic,Silk,8.5 x 11,Vertical,Rectangle,16PT C2S,No Coating,Silk,n/a,4/0,100,Score in Half,n/a,Yes 25 Envelopes A9
Majestic,Silk,8.5 x 11,Horizontal,Rectangle,16PT C2S,No Coating,Silk,n/a,4/1,100,Score in Half,n/a,Yes 25 Envelopes A9
Majestic,Silk,8.5 x 11,Vertical,Rectangle,16PT C2S,No Coating,Silk,n/a,4/1,100,Score in Half,n/a,Yes 25 Envelopes A9
Majestic,Silk,8.5 x 11,Vertical,Rectangle,16PT C2S,No Coating,Silk,n/a,4/4,50,Score in Half,n/a,Yes 25 Envelopes A9
Majestic,Silk,8.5 x 11,Vertical,Rectangle,16PT C2S,No Coating,Silk,n/a,4/4,100,Score in Half,n/a,Yes 25 Envelopes A9
Majestic,Silk,8.5 x 11,Horizontal,Rectangle,16PT C2S,No Coating,Silk,n/a,4/0,250,Score in Half,n/a,Yes 25 Envelopes A9
Majestic,Silk,8.5 x 11,Vertical,Rectangle,16PT C2S,No Coating,Silk,n/a,4/0,250,Score in Half,n/a,Yes 25 Envelopes A9
Majestic,Silk,8.5 x 11,Horizontal,Rectangle,16PT C2S,No Coating,Silk,n/a,4/1,250,Score in Half,n/a,Yes 25 Envelopes A9
Majestic,Silk,8.5 x 11,Vertical,Rectangle,16PT C2S,No Coating,Silk,n/a,4/1,250,Score in Half,n/a,Yes 25 Envelopes A9
Majestic,Silk,8.5 x 11,Horizontal,Rectangle,16PT C2S,No Coating,Silk,n/a,4/4,250,Score in Half,n/a,Yes 25 Envelopes A9
Majestic,Silk,8.5 x 11,Vertical,Rectangle,16PT C2S,No Coating,Silk,n/a,4/4,250,Score in Half,n/a,Yes 25 Envelopes A9
Majestic,Silk,8.5 x 11,Vertical,Rectangle,16PT C2S,No Coating,Silk,n/a,4/0,500,Score in Half,n/a,Yes 25 Envelopes A9
Majestic,Silk,8.5 x 11,Horizontal,Rectangle,16PT C2S,No Coating,Silk,n/a,4/4,100,Score in Half,n/a,Yes 25 Envelopes A9
Majestic,Silk,8.5 x 11,Horizontal,Rectangle,16PT C2S,No Coating,Silk,n/a,4/1,500,Score in Half,n/a,Yes 25 Envelopes A9
Majestic,Silk,8.5 x 11,Vertical,Rectangle,16PT C2S,No Coating,Silk,n/a,4/1,500,Score in Half,n/a,Yes 25 Envelopes A9
Majestic,Silk,8.5 x 11,Vertical,Rectangle,16PT C2S,No Coating,Silk,n/a,4/4,500,Score in Half,n/a,Yes 25 Envelopes A9
Majestic,Silk,8.5 x 11,Horizontal,Rectangle,16PT C2S,No Coating,Silk,n/a,4/4,500,Score in Half,n/a,Yes 25 Envelopes A9
Majestic,Silk,8.5 x 11,Horizontal,Rectangle,16PT C2S,No Coating,Silk,n/a,4/0,1000,Score in Half,n/a,Yes 25 Envelopes A9
Majestic,Silk,8.5 x 11,Vertical,Rectangle,16PT C2S,No Coating,Silk,n/a,4/0,1000,Score in Half,n/a,Yes 25 Envelopes A9
Majestic,Silk,8.5 x 11,Horizontal,Rectangle,16PT C2S,No Coating,Silk,n/a,4/1,1000,Score in Half,n/a,Yes 25 Envelopes A9
Majestic,Silk,8.5 x 11,Vertical,Rectangle,16PT C2S,No Coating,Silk,n/a,4/1,1000,Score in Half,n/a,Yes 25 Envelopes A9
Majestic,Silk,8.5 x 11,Horizontal,Rectangle,16PT C2S,No Coating,Silk,n/a,4/4,1000,Score in Half,n/a,Yes 25 Envelopes A9
Majestic,Silk,8.5 x 11,Vertical,Rectangle,16PT C2S,No Coating,Silk,n/a,4/4,1000,Score in Half,n/a,Yes 25 Envelopes A9
Majestic,Silk,8.5 x 11,Horizontal,Rectangle,16PT C2S,No Coating,Silk,n/a,4/0,2500,Score in Half,n/a,Yes 25 Envelopes A9
Majestic,Silk,8.5 x 11,Vertical,Rectangle,16PT C2S,No Coating,Silk,n/a,4/0,2500,Score in Half,n/a,Yes 25 Envelopes A9
Majestic,Silk,8.5 x 11,Horizontal,Rectangle,16PT C2S,No Coating,Silk,n/a,4/1,2500,Score in Half,n/a,Yes 25 Envelopes A9
Majestic,Silk,8.5 x 11,Vertical,Rectangle,16PT C2S,No Coating,Silk,n/a,4/1,2500,Score in Half,n/a,Yes 25 Envelopes A9
Majestic,Silk,8.5 x 11,Horizontal,Rectangle,16PT C2S,No Coating,Silk,n/a,4/4,2500,Score in Half,n/a,Yes 25 Envelopes A9
Majestic,Silk,8.5 x 11,Vertical,Rectangle,16PT C2S,No Coating,Silk,n/a,4/4,2500,Score in Half,n/a,Yes 25 Envelopes A9
Majestic,Silk,8.5 x 11,Horizontal,Rectangle,16PT C2S,No Coating,Silk,n/a,4/0,5000,Score in Half,n/a,Yes 25 Envelopes A9
Majestic,Silk,8.5 x 11,Vertical,Rectangle,16PT C2S,No Coating,Silk,n/a,4/0,5000,Score in Half,n/a,Yes 25 Envelopes A9
Majestic,Silk,8.5 x 11,Horizontal,Rectangle,16PT C2S,No Coating,Silk,n/a,4/1,5000,Score in Half,n/a,Yes 25 Envelopes A9
Majestic,Silk,8.5 x 11,Horizontal,Rectangle,16PT C2S,No Coating,Silk,n/a,4/4,5000,Score in Half,n/a,Yes 25 Envelopes A9
Majestic,Silk,8.5 x 11,Horizontal,Rectangle,16PT C2S,No Coating,Silk,n/a,4/0,10000,Score in Half,n/a,Yes 25 Envelopes A9
Majestic,Silk,8.5 x 11,Vertical,Rectangle,16PT C2S,No Coating,Silk,n/a,4/1,5000,Score in Half,n/a,Yes 25 Envelopes A9
Majestic,Silk,8.5 x 11,Vertical,Rectangle,16PT C2S,No Coating,Silk,n/a,4/0,10000,Score in Half,n/a,Yes 25 Envelopes A9
Majestic,Silk,8.5 x 11,Vertical,Rectangle,16PT C2S,No Coating,Silk,n/a,4/4,5000,Score in Half,n/a,Yes 25 Envelopes A9
Majestic,Silk,8.5 x 11,Horizontal,Rectangle,16PT C2S,No Coating,Silk,n/a,4/1,10000,Score in Half,n/a,Yes 25 Envelopes A9
Majestic,Silk,8.5 x 11,Vertical,Rectangle,16PT C2S,No Coating,Silk,n/a,4/1,10000,Score in Half,n/a,Yes 25 Envelopes A9
Majestic,Silk,8.5 x 11,Horizontal,Rectangle,16PT C2S,No Coating,Silk,n/a,4/4,10000,Score in Half,n/a,Yes 25 Envelopes A9
Majestic,Silk,8.5 x 11,Horizontal,Rectangle,16PT C2S,No Coating,Silk,n/a,4/0,25,Score in Half,n/a,Yes 50 Envelopes A9
Majestic,Silk,8.5 x 11,Vertical,Rectangle,16PT C2S,No Coating,Silk,n/a,4/0,25,Score in Half,n/a,Yes 50 Envelopes A9
Majestic,Silk,8.5 x 11,Vertical,Rectangle,16PT C2S,No Coating,Silk,n/a,4/4,10000,Score in Half,n/a,Yes 25 Envelopes A9
Majestic,Silk,8.5 x 11,Horizontal,Rectangle,16PT C2S,No Coating,Silk,n/a,4/1,25,Score in Half,n/a,Yes 50 Envelopes A9
Majestic,Silk,8.5 x 11,Vertical,Rectangle,16PT C2S,No Coating,Silk,n/a,4/1,25,Score in Half,n/a,Yes 50 Envelopes A9
Majestic,Silk,8.5 x 11,Horizontal,Rectangle,16PT C2S,No Coating,Silk,n/a,4/4,25,Score in Half,n/a,Yes 50 Envelopes A9
Majestic,Silk,8.5 x 11,Vertical,Rectangle,16PT C2S,No Coating,Silk,n/a,4/4,25,Score in Half,n/a,Yes 50 Envelopes A9
Majestic,Silk,8.5 x 11,Horizontal,Rectangle,16PT C2S,No Coating,Silk,n/a,4/0,50,Score in Half,n/a,Yes 50 Envelopes A9
Majestic,Silk,8.5 x 11,Vertical,Rectangle,16PT C2S,No Coating,Silk,n/a,4/0,50,Score in Half,n/a,Yes 50 Envelopes A9
Majestic,Silk,8.5 x 11,Horizontal,Rectangle,16PT C2S,No Coating,Silk,n/a,4/1,50,Score in Half,n/a,Yes 50 Envelopes A9
Majestic,Silk,8.5 x 11,Vertical,Rectangle,16PT C2S,No Coating,Silk,n/a,4/1,50,Score in Half,n/a,Yes 50 Envelopes A9
Majestic,Silk,8.5 x 11,Horizontal,Rectangle,16PT C2S,No Coating,Silk,n/a,4/4,50,Score in Half,n/a,Yes 50 Envelopes A9
Majestic,Silk,8.5 x 11,Vertical,Rectangle,16PT C2S,No Coating,Silk,n/a,4/4,50,Score in Half,n/a,Yes 50 Envelopes A9
Majestic,Silk,8.5 x 11,Horizontal,Rectangle,16PT C2S,No Coating,Silk,n/a,4/0,75,Score in Half,n/a,Yes 50 Envelopes A9
Majestic,Silk,8.5 x 11,Vertical,Rectangle,16PT C2S,No Coating,Silk,n/a,4/0,75,Score in Half,n/a,Yes 50 Envelopes A9
Majestic,Silk,8.5 x 11,Horizontal,Rectangle,16PT C2S,No Coating,Silk,n/a,4/1,75,Score in Half,n/a,Yes 50 Envelopes A9
Majestic,Silk,8.5 x 11,Vertical,Rectangle,16PT C2S,No Coating,Silk,n/a,4/4,75,Score in Half,n/a,Yes 50 Envelopes A9
Majestic,Silk,8.5 x 11,Horizontal,Rectangle,16PT C2S,No Coating,Silk,n/a,4/4,75,Score in Half,n/a,Yes 50 Envelopes A9
Majestic,Silk,8.5 x 11,Vertical,Rectangle,16PT C2S,No Coating,Silk,n/a,4/1,75,Score in Half,n/a,Yes 50 Envelopes A9
Majestic,Silk,8.5 x 11,Vertical,Rectangle,16PT C2S,No Coating,Silk,n/a,4/0,100,Score in Half,n/a,Yes 50 Envelopes A9
Majestic,Silk,8.5 x 11,Horizontal,Rectangle,16PT C2S,No Coating,Silk,n/a,4/0,100,Score in Half,n/a,Yes 50 Envelopes A9
Majestic,Silk,8.5 x 11,Horizontal,Rectangle,16PT C2S,No Coating,Silk,n/a,4/1,100,Score in Half,n/a,Yes 50 Envelopes A9
Majestic,Silk,8.5 x 11,Vertical,Rectangle,16PT C2S,No Coating,Silk,n/a,4/4,100,Score in Half,n/a,Yes 50 Envelopes A9
Majestic,Silk,8.5 x 11,Vertical,Rectangle,16PT C2S,No Coating,Silk,n/a,4/1,100,Score in Half,n/a,Yes 50 Envelopes A9
Majestic,Silk,8.5 x 11,Horizontal,Rectangle,16PT C2S,No Coating,Silk,n/a,4/4,100,Score in Half,n/a,Yes 50 Envelopes A9
Majestic,Silk,8.5 x 11,Horizontal,Rectangle,16PT C2S,No Coating,Silk,n/a,4/0,250,Score in Half,n/a,Yes 50 Envelopes A9
Majestic,Silk,8.5 x 11,Horizontal,Rectangle,16PT C2S,No Coating,Silk,n/a,4/1,250,Score in Half,n/a,Yes 50 Envelopes A9
Majestic,Silk,8.5 x 11,Vertical,Rectangle,16PT C2S,No Coating,Silk,n/a,4/0,250,Score in Half,n/a,Yes 50 Envelopes A9
Majestic,Silk,8.5 x 11,Vertical,Rectangle,16PT C2S,No Coating,Silk,n/a,4/1,250,Score in Half,n/a,Yes 50 Envelopes A9
Majestic,Silk,8.5 x 11,Horizontal,Rectangle,16PT C2S,No Coating,Silk,n/a,4/4,250,Score in Half,n/a,Yes 50 Envelopes A9
Majestic,Silk,8.5 x 11,Vertical,Rectangle,16PT C2S,No Coating,Silk,n/a,4/4,250,Score in Half,n/a,Yes 50 Envelopes A9
Majestic,Silk,8.5 x 11,Horizontal,Rectangle,16PT C2S,No Coating,Silk,n/a,4/0,500,Score in Half,n/a,Yes 50 Envelopes A9
Majestic,Silk,8.5 x 11,Vertical,Rectangle,16PT C2S,No Coating,Silk,n/a,4/0,500,Score in Half,n/a,Yes 50 Envelopes A9
Majestic,Silk,8.5 x 11,Horizontal,Rectangle,16PT C2S,No Coating,Silk,n/a,4/0,500,Score in Half,n/a,Yes 25 Envelopes A9
Majestic,Silk,8.5 x 11,Horizontal,Rectangle,16PT C2S,No Coating,Silk,n/a,4/1,500,Score in Half,n/a,Yes 50 Envelopes A9
Majestic,Silk,8.5 x 11,Horizontal,Rectangle,16PT C2S,No Coating,Silk,n/a,4/4,500,Score in Half,n/a,Yes 50 Envelopes A9
Majestic,Silk,8.5 x 11,Vertical,Rectangle,16PT C2S,No Coating,Silk,n/a,4/4,500,Score in Half,n/a,Yes 50 Envelopes A9
Majestic,Silk,8.5 x 11,Horizontal,Rectangle,16PT C2S,No Coating,Silk,n/a,4/0,1000,Score in Half,n/a,Yes 50 Envelopes A9
Majestic,Silk,8.5 x 11,Vertical,Rectangle,16PT C2S,No Coating,Silk,n/a,4/0,1000,Score in Half,n/a,Yes 50 Envelopes A9
Majestic,Silk,8.5 x 11,Horizontal,Rectangle,16PT C2S,No Coating,Silk,n/a,4/1,1000,Score in Half,n/a,Yes 50 Envelopes A9
Majestic,Silk,8.5 x 11,Vertical,Rectangle,16PT C2S,No Coating,Silk,n/a,4/1,1000,Score in Half,n/a,Yes 50 Envelopes A9
Majestic,Silk,8.5 x 11,Horizontal,Rectangle,16PT C2S,No Coating,Silk,n/a,4/4,1000,Score in Half,n/a,Yes 50 Envelopes A9
Majestic,Silk,8.5 x 11,Horizontal,Rectangle,16PT C2S,No Coating,Silk,n/a,4/0,100,Score in Half,n/a,Yes 25 Envelopes A9
Majestic,Silk,8.5 x 11,Horizontal,Rectangle,16PT C2S,No Coating,Silk,n/a,4/0,2500,Score in Half,n/a,Yes 50 Envelopes A9
Majestic,Silk,8.5 x 11,Vertical,Rectangle,16PT C2S,No Coating,Silk,n/a,4/0,2500,Score in Half,n/a,Yes 50 Envelopes A9
Majestic,Silk,8.5 x 11,Horizontal,Rectangle,16PT C2S,No Coating,Silk,n/a,4/1,2500,Score in Half,n/a,Yes 50 Envelopes A9
Majestic,Silk,8.5 x 11,Vertical,Rectangle,16PT C2S,No Coating,Silk,n/a,4/1,2500,Score in Half,n/a,Yes 50 Envelopes A9
Majestic,Silk,8.5 x 11,Horizontal,Rectangle,16PT C2S,No Coating,Silk,n/a,4/4,2500,Score in Half,n/a,Yes 50 Envelopes A9
Majestic,Silk,8.5 x 11,Vertical,Rectangle,16PT C2S,No Coating,Silk,n/a,4/4,2500,Score in Half,n/a,Yes 50 Envelopes A9
Majestic,Silk,8.5 x 11,Horizontal,Rectangle,16PT C2S,No Coating,Silk,n/a,4/0,5000,Score in Half,n/a,Yes 50 Envelopes A9
Majestic,Silk,8.5 x 11,Vertical,Rectangle,16PT C2S,No Coating,Silk,n/a,4/0,5000,Score in Half,n/a,Yes 50 Envelopes A9
Majestic,Silk,8.5 x 11,Horizontal,Rectangle,16PT C2S,No Coating,Silk,n/a,4/1,5000,Score in Half,n/a,Yes 50 Envelopes A9
Majestic,Silk,8.5 x 11,Vertical,Rectangle,16PT C2S,No Coating,Silk,n/a,4/1,5000,Score in Half,n/a,Yes 50 Envelopes A9
Majestic,Silk,8.5 x 11,Horizontal,Rectangle,16PT C2S,No Coating,Silk,n/a,4/4,5000,Score in Half,n/a,Yes 50 Envelopes A9
Majestic,Silk,8.5 x 11,Vertical,Rectangle,16PT C2S,No Coating,Silk,n/a,4/4,5000,Score in Half,n/a,Yes 50 Envelopes A9
Majestic,Silk,8.5 x 11,Vertical,Rectangle,16PT C2S,No Coating,Silk,n/a,4/0,10000,Score in Half,n/a,Yes 50 Envelopes A9
Majestic,Silk,8.5 x 11,Vertical,Rectangle,16PT C2S,No Coating,Silk,n/a,4/1,10000,Score in Half,n/a,Yes 50 Envelopes A9
Majestic,Silk,8.5 x 11,Horizontal,Rectangle,16PT C2S,No Coating,Silk,n/a,4/4,10000,Score in Half,n/a,Yes 50 Envelopes A9
Majestic,Silk,8.5 x 11,Horizontal,Rectangle,16PT C2S,No Coating,Silk,n/a,4/1,10000,Score in Half,n/a,Yes 50 Envelopes A9
Majestic,Silk,8.5 x 11,Horizontal,Rectangle,16PT C2S,No Coating,Silk,n/a,4/0,10000,Score in Half,n/a,Yes 50 Envelopes A9
Majestic,Silk,8.5 x 11,Vertical,Rectangle,16PT C2S,No Coating,Silk,n/a,4/1,500,Score in Half,n/a,Yes 50 Envelopes A9
Majestic,Silk,8.5 x 11,Horizontal,Rectangle,16PT C2S,No Coating,Silk,n/a,4/0,25,Score in Half,n/a,Yes 75 Envelopes A9
Majestic,Silk,8.5 x 11,Vertical,Rectangle,16PT C2S,No Coating,Silk,n/a,4/1,25,Score in Half,n/a,Yes 75 Envelopes A9
Majestic,Silk,8.5 x 11,Vertical,Rectangle,16PT C2S,No Coating,Silk,n/a,4/0,25,Score in Half,n/a,Yes 75 Envelopes A9
Majestic,Silk,8.5 x 11,Horizontal,Rectangle,16PT C2S,No Coating,Silk,n/a,4/1,25,Score in Half,n/a,Yes 75 Envelopes A9
Majestic,Silk,8.5 x 11,Horizontal,Rectangle,16PT C2S,No Coating,Silk,n/a,4/4,25,Score in Half,n/a,Yes 75 Envelopes A9
Majestic,Silk,8.5 x 11,Vertical,Rectangle,16PT C2S,No Coating,Silk,n/a,4/4,25,Score in Half,n/a,Yes 75 Envelopes A9
Majestic,Silk,8.5 x 11,Horizontal,Rectangle,16PT C2S,No Coating,Silk,n/a,4/1,50,Score in Half,n/a,Yes 75 Envelopes A9
Majestic,Silk,8.5 x 11,Horizontal,Rectangle,16PT C2S,No Coating,Silk,n/a,4/0,50,Score in Half,n/a,Yes 75 Envelopes A9
Majestic,Silk,8.5 x 11,Vertical,Rectangle,16PT C2S,No Coating,Silk,n/a,4/0,50,Score in Half,n/a,Yes 75 Envelopes A9
Majestic,Silk,8.5 x 11,Vertical,Rectangle,16PT C2S,No Coating,Silk,n/a,4/1,50,Score in Half,n/a,Yes 75 Envelopes A9
Majestic,Silk,8.5 x 11,Horizontal,Rectangle,16PT C2S,No Coating,Silk,n/a,4/4,50,Score in Half,n/a,Yes 75 Envelopes A9
Majestic,Silk,8.5 x 11,Vertical,Rectangle,16PT C2S,No Coating,Silk,n/a,4/0,75,Score in Half,n/a,Yes 75 Envelopes A9
Majestic,Silk,8.5 x 11,Horizontal,Rectangle,16PT C2S,No Coating,Silk,n/a,4/1,75,Score in Half,n/a,Yes 75 Envelopes A9
Majestic,Silk,8.5 x 11,Vertical,Rectangle,16PT C2S,No Coating,Silk,n/a,4/4,50,Score in Half,n/a,Yes 75 Envelopes A9
Majestic,Silk,8.5 x 11,Horizontal,Rectangle,16PT C2S,No Coating,Silk,n/a,4/0,75,Score in Half,n/a,Yes 75 Envelopes A9
Majestic,Silk,8.5 x 11,Vertical,Rectangle,16PT C2S,No Coating,Silk,n/a,4/1,75,Score in Half,n/a,Yes 75 Envelopes A9
Majestic,Silk,8.5 x 11,Horizontal,Rectangle,16PT C2S,No Coating,Silk,n/a,4/4,75,Score in Half,n/a,Yes 75 Envelopes A9
Majestic,Silk,8.5 x 11,Vertical,Rectangle,16PT C2S,No Coating,Silk,n/a,4/0,100,Score in Half,n/a,Yes 75 Envelopes A9
Majestic,Silk,8.5 x 11,Horizontal,Rectangle,16PT C2S,No Coating,Silk,n/a,4/0,100,Score in Half,n/a,Yes 75 Envelopes A9
Majestic,Silk,8.5 x 11,Horizontal,Rectangle,16PT C2S,No Coating,Silk,n/a,4/1,100,Score in Half,n/a,Yes 75 Envelopes A9
Majestic,Silk,8.5 x 11,Vertical,Rectangle,16PT C2S,No Coating,Silk,n/a,4/4,75,Score in Half,n/a,Yes 75 Envelopes A9
Majestic,Silk,8.5 x 11,Vertical,Rectangle,16PT C2S,No Coating,Silk,n/a,4/1,100,Score in Half,n/a,Yes 75 Envelopes A9
Majestic,Silk,8.5 x 11,Horizontal,Rectangle,16PT C2S,No Coating,Silk,n/a,4/4,100,Score in Half,n/a,Yes 75 Envelopes A9
Majestic,Silk,8.5 x 11,Vertical,Rectangle,16PT C2S,No Coating,Silk,n/a,4/0,250,Score in Half,n/a,Yes 75 Envelopes A9
Majestic,Silk,8.5 x 11,Horizontal,Rectangle,16PT C2S,No Coating,Silk,n/a,4/0,250,Score in Half,n/a,Yes 75 Envelopes A9
Majestic,Silk,8.5 x 11,Vertical,Rectangle,16PT C2S,No Coating,Silk,n/a,4/4,100,Score in Half,n/a,Yes 75 Envelopes A9
Majestic,Silk,8.5 x 11,Horizontal,Rectangle,16PT C2S,No Coating,Silk,n/a,4/1,250,Score in Half,n/a,Yes 75 Envelopes A9
Majestic,Silk,8.5 x 11,Vertical,Rectangle,16PT C2S,No Coating,Silk,n/a,4/1,250,Score in Half,n/a,Yes 75 Envelopes A9
Majestic,Silk,8.5 x 11,Horizontal,Rectangle,16PT C2S,No Coating,Silk,n/a,4/0,500,Score in Half,n/a,Yes 75 Envelopes A9
Majestic,Silk,8.5 x 11,Horizontal,Rectangle,16PT C2S,No Coating,Silk,n/a,4/4,250,Score in Half,n/a,Yes 75 Envelopes A9
Majestic,Silk,8.5 x 11,Vertical,Rectangle,16PT C2S,No Coating,Silk,n/a,4/4,250,Score in Half,n/a,Yes 75 Envelopes A9
Majestic,Silk,8.5 x 11,Vertical,Rectangle,16PT C2S,No Coating,Silk,n/a,4/0,500,Score in Half,n/a,Yes 75 Envelopes A9
Majestic,Silk,8.5 x 11,Horizontal,Rectangle,16PT C2S,No Coating,Silk,n/a,4/1,500,Score in Half,n/a,Yes 75 Envelopes A9
Majestic,Silk,8.5 x 11,Horizontal,Rectangle,16PT C2S,No Coating,Silk,n/a,4/4,500,Score in Half,n/a,Yes 75 Envelopes A9
Majestic,Silk,8.5 x 11,Horizontal,Rectangle,16PT C2S,No Coating,Silk,n/a,4/0,1000,Score in Half,n/a,Yes 75 Envelopes A9
Majestic,Silk,8.5 x 11,Vertical,Rectangle,16PT C2S,No Coating,Silk,n/a,4/1,500,Score in Half,n/a,Yes 75 Envelopes A9
Majestic,Silk,8.5 x 11,Vertical,Rectangle,16PT C2S,No Coating,Silk,n/a,4/4,500,Score in Half,n/a,Yes 75 Envelopes A9
Majestic,Silk,8.5 x 11,Vertical,Rectangle,16PT C2S,No Coating,Silk,n/a,4/0,1000,Score in Half,n/a,Yes 75 Envelopes A9
Majestic,Silk,8.5 x 11,Horizontal,Rectangle,16PT C2S,No Coating,Silk,n/a,4/1,1000,Score in Half,n/a,Yes 75 Envelopes A9
Majestic,Silk,8.5 x 11,Vertical,Rectangle,16PT C2S,No Coating,Silk,n/a,4/4,1000,Score in Half,n/a,Yes 75 Envelopes A9
Majestic,Silk,8.5 x 11,Horizontal,Rectangle,16PT C2S,No Coating,Silk,n/a,4/0,2500,Score in Half,n/a,Yes 75 Envelopes A9
Majestic,Silk,8.5 x 11,Vertical,Rectangle,16PT C2S,No Coating,Silk,n/a,4/1,1000,Score in Half,n/a,Yes 75 Envelopes A9
Majestic,Silk,8.5 x 11,Vertical,Rectangle,16PT C2S,No Coating,Silk,n/a,4/0,2500,Score in Half,n/a,Yes 75 Envelopes A9
Majestic,Silk,8.5 x 11,Horizontal,Rectangle,16PT C2S,No Coating,Silk,n/a,4/4,1000,Score in Half,n/a,Yes 75 Envelopes A9
Majestic,Silk,8.5 x 11,Horizontal,Rectangle,16PT C2S,No Coating,Silk,n/a,4/1,2500,Score in Half,n/a,Yes 75 Envelopes A9
Majestic,Silk,8.5 x 11,Horizontal,Rectangle,16PT C2S,No Coating,Silk,n/a,4/4,2500,Score in Half,n/a,Yes 75 Envelopes A9
Majestic,Silk,8.5 x 11,Horizontal,Rectangle,16PT C2S,No Coating,Silk,n/a,4/0,5000,Score in Half,n/a,Yes 75 Envelopes A9
Majestic,Silk,8.5 x 11,Vertical,Rectangle,16PT C2S,No Coating,Silk,n/a,4/1,2500,Score in Half,n/a,Yes 75 Envelopes A9
Majestic,Silk,8.5 x 11,Vertical,Rectangle,16PT C2S,No Coating,Silk,n/a,4/4,2500,Score in Half,n/a,Yes 75 Envelopes A9
Majestic,Silk,8.5 x 11,Vertical,Rectangle,16PT C2S,No Coating,Silk,n/a,4/0,5000,Score in Half,n/a,Yes 75 Envelopes A9
Majestic,Silk,8.5 x 11,Horizontal,Rectangle,16PT C2S,No Coating,Silk,n/a,4/1,5000,Score in Half,n/a,Yes 75 Envelopes A9
Majestic,Silk,8.5 x 11,Vertical,Rectangle,16PT C2S,No Coating,Silk,n/a,4/4,5000,Score in Half,n/a,Yes 75 Envelopes A9
Majestic,Silk,8.5 x 11,Horizontal,Rectangle,16PT C2S,No Coating,Silk,n/a,4/0,10000,Score in Half,n/a,Yes 75 Envelopes A9
Majestic,Silk,8.5 x 11,Horizontal,Rectangle,16PT C2S,No Coating,Silk,n/a,4/4,5000,Score in Half,n/a,Yes 75 Envelopes A9
Majestic,Silk,8.5 x 11,Vertical,Rectangle,16PT C2S,No Coating,Silk,n/a,4/1,5000,Score in Half,n/a,Yes 75 Envelopes A9
Majestic,Silk,8.5 x 11,Vertical,Rectangle,16PT C2S,No Coating,Silk,n/a,4/0,10000,Score in Half,n/a,Yes 75 Envelopes A9
Majestic,Silk,8.5 x 11,Horizontal,Rectangle,16PT C2S,No Coating,Silk,n/a,4/1,10000,Score in Half,n/a,Yes 75 Envelopes A9
Majestic,Silk,8.5 x 11,Vertical,Rectangle,16PT C2S,No Coating,Silk,n/a,4/4,10000,Score in Half,n/a,Yes 75 Envelopes A9
Majestic,Silk,8.5 x 11,Horizontal,Rectangle,16PT C2S,No Coating,Silk,n/a,4/0,25,Score in Half,n/a,Yes 100 Envelopes A9
Majestic,Silk,8.5 x 11,Vertical,Rectangle,16PT C2S,No Coating,Silk,n/a,4/1,10000,Score in Half,n/a,Yes 75 Envelopes A9
Majestic,Silk,8.5 x 11,Horizontal,Rectangle,16PT C2S,No Coating,Silk,n/a,4/4,10000,Score in Half,n/a,Yes 75 Envelopes A9
Majestic,Silk,8.5 x 11,Vertical,Rectangle,16PT C2S,No Coating,Silk,n/a,4/0,25,Score in Half,n/a,Yes 100 Envelopes A9
Majestic,Silk,8.5 x 11,Horizontal,Rectangle,16PT C2S,No Coating,Silk,n/a,4/1,25,Score in Half,n/a,Yes 100 Envelopes A9
Majestic,Silk,8.5 x 11,Vertical,Rectangle,16PT C2S,No Coating,Silk,n/a,4/4,25,Score in Half,n/a,Yes 100 Envelopes A9
Majestic,Silk,8.5 x 11,Horizontal,Rectangle,16PT C2S,No Coating,Silk,n/a,4/4,25,Score in Half,n/a,Yes 100 Envelopes A9
Majestic,Silk,8.5 x 11,Vertical,Rectangle,16PT C2S,No Coating,Silk,n/a,4/1,25,Score in Half,n/a,Yes 100 Envelopes A9
Majestic,Silk,8.5 x 11,Horizontal,Rectangle,16PT C2S,No Coating,Silk,n/a,4/0,50,Score in Half,n/a,Yes 100 Envelopes A9
Majestic,Silk,8.5 x 11,Vertical,Rectangle,16PT C2S,No Coating,Silk,n/a,4/0,50,Score in Half,n/a,Yes 100 Envelopes A9
Majestic,Silk,8.5 x 11,Horizontal,Rectangle,16PT C2S,No Coating,Silk,n/a,4/4,50,Score in Half,n/a,Yes 100 Envelopes A9
Majestic,Silk,8.5 x 11,Vertical,Rectangle,16PT C2S,No Coating,Silk,n/a,4/4,50,Score in Half,n/a,Yes 100 Envelopes A9
Majestic,Silk,8.5 x 11,Horizontal,Rectangle,16PT C2S,No Coating,Silk,n/a,4/1,50,Score in Half,n/a,Yes 100 Envelopes A9
Majestic,Silk,8.5 x 11,Vertical,Rectangle,16PT C2S,No Coating,Silk,n/a,4/1,50,Score in Half,n/a,Yes 100 Envelopes A9
Majestic,Silk,8.5 x 11,Horizontal,Rectangle,16PT C2S,No Coating,Silk,n/a,4/0,75,Score in Half,n/a,Yes 100 Envelopes A9
Majestic,Silk,8.5 x 11,Vertical,Rectangle,16PT C2S,No Coating,Silk,n/a,4/0,75,Score in Half,n/a,Yes 100 Envelopes A9
Majestic,Silk,8.5 x 11,Horizontal,Rectangle,16PT C2S,No Coating,Silk,n/a,4/4,75,Score in Half,n/a,Yes 100 Envelopes A9
Majestic,Silk,8.5 x 11,Horizontal,Rectangle,16PT C2S,No Coating,Silk,n/a,4/1,75,Score in Half,n/a,Yes 100 Envelopes A9
Majestic,Silk,8.5 x 11,Vertical,Rectangle,16PT C2S,No Coating,Silk,n/a,4/4,75,Score in Half,n/a,Yes 100 Envelopes A9
Majestic,Silk,8.5 x 11,Vertical,Rectangle,16PT C2S,No Coating,Silk,n/a,4/1,75,Score in Half,n/a,Yes 100 Envelopes A9
Majestic,Silk,8.5 x 11,Horizontal,Rectangle,16PT C2S,No Coating,Silk,n/a,4/0,100,Score in Half,n/a,Yes 100 Envelopes A9
Majestic,Silk,8.5 x 11,Horizontal,Rectangle,16PT C2S,No Coating,Silk,n/a,4/1,100,Score in Half,n/a,Yes 100 Envelopes A9
Majestic,Silk,8.5 x 11,Vertical,Rectangle,16PT C2S,No Coating,Silk,n/a,4/0,100,Score in Half,n/a,Yes 100 Envelopes A9
Majestic,Silk,8.5 x 11,Vertical,Rectangle,16PT C2S,No Coating,Silk,n/a,4/1,100,Score in Half,n/a,Yes 100 Envelopes A9
Majestic,Silk,8.5 x 11,Horizontal,Rectangle,16PT C2S,No Coating,Silk,n/a,4/4,100,Score in Half,n/a,Yes 100 Envelopes A9
Majestic,Silk,8.5 x 11,Vertical,Rectangle,16PT C2S,No Coating,Silk,n/a,4/4,100,Score in Half,n/a,Yes 100 Envelopes A9
Majestic,Silk,8.5 x 11,Horizontal,Rectangle,16PT C2S,No Coating,Silk,n/a,4/1,250,Score in Half,n/a,Yes 100 Envelopes A9
Majestic,Silk,8.5 x 11,Vertical,Rectangle,16PT C2S,No Coating,Silk,n/a,4/4,1000,Score in Half,n/a,Yes 50 Envelopes A9
Majestic,Silk,8.5 x 11,Horizontal,Rectangle,16PT C2S,No Coating,Silk,n/a,4/0,250,Score in Half,n/a,Yes 100 Envelopes A9
Majestic,Silk,8.5 x 11,Vertical,Rectangle,16PT C2S,No Coating,Silk,n/a,4/0,250,Score in Half,n/a,Yes 100 Envelopes A9
Majestic,Silk,8.5 x 11,Horizontal,Rectangle,16PT C2S,No Coating,Silk,n/a,4/4,250,Score in Half,n/a,Yes 100 Envelopes A9
Majestic,Silk,8.5 x 11,Vertical,Rectangle,16PT C2S,No Coating,Silk,n/a,4/4,250,Score in Half,n/a,Yes 100 Envelopes A9
Majestic,Silk,8.5 x 11,Horizontal,Rectangle,16PT C2S,No Coating,Silk,n/a,4/1,500,Score in Half,n/a,Yes 100 Envelopes A9
Majestic,Silk,8.5 x 11,Vertical,Rectangle,16PT C2S,No Coating,Silk,n/a,4/1,500,Score in Half,n/a,Yes 100 Envelopes A9
Majestic,Silk,8.5 x 11,Vertical,Rectangle,16PT C2S,No Coating,Silk,n/a,4/0,500,Score in Half,n/a,Yes 100 Envelopes A9
Majestic,Silk,8.5 x 11,Horizontal,Rectangle,16PT C2S,No Coating,Silk,n/a,4/0,500,Score in Half,n/a,Yes 100 Envelopes A9
Majestic,Silk,8.5 x 11,Horizontal,Rectangle,16PT C2S,No Coating,Silk,n/a,4/4,500,Score in Half,n/a,Yes 100 Envelopes A9
Majestic,Silk,8.5 x 11,Vertical,Rectangle,16PT C2S,No Coating,Silk,n/a,4/4,500,Score in Half,n/a,Yes 100 Envelopes A9
Majestic,Silk,8.5 x 11,Horizontal,Rectangle,16PT C2S,No Coating,Silk,n/a,4/0,1000,Score in Half,n/a,Yes 100 Envelopes A9
Majestic,Silk,8.5 x 11,Vertical,Rectangle,16PT C2S,No Coating,Silk,n/a,4/0,1000,Score in Half,n/a,Yes 100 Envelopes A9
Majestic,Silk,8.5 x 11,Horizontal,Rectangle,16PT C2S,No Coating,Silk,n/a,4/1,1000,Score in Half,n/a,Yes 100 Envelopes A9
Majestic,Silk,8.5 x 11,Vertical,Rectangle,16PT C2S,No Coating,Silk,n/a,4/1,1000,Score in Half,n/a,Yes 100 Envelopes A9
Majestic,Silk,8.5 x 11,Horizontal,Rectangle,16PT C2S,No Coating,Silk,n/a,4/0,2500,Score in Half,n/a,Yes 100 Envelopes A9
Majestic,Silk,8.5 x 11,Vertical,Rectangle,16PT C2S,No Coating,Silk,n/a,4/0,2500,Score in Half,n/a,Yes 100 Envelopes A9
Majestic,Silk,8.5 x 11,Vertical,Rectangle,16PT C2S,No Coating,Silk,n/a,4/4,1000,Score in Half,n/a,Yes 100 Envelopes A9
Majestic,Silk,8.5 x 11,Horizontal,Rectangle,16PT C2S,No Coating,Silk,n/a,4/4,1000,Score in Half,n/a,Yes 100 Envelopes A9
Majestic,Silk,8.5 x 11,Horizontal,Rectangle,16PT C2S,No Coating,Silk,n/a,4/1,2500,Score in Half,n/a,Yes 100 Envelopes A9
Majestic,Silk,8.5 x 11,Vertical,Rectangle,16PT C2S,No Coating,Silk,n/a,4/1,2500,Score in Half,n/a,Yes 100 Envelopes A9
Majestic,Silk,8.5 x 11,Horizontal,Rectangle,16PT C2S,No Coating,Silk,n/a,4/4,2500,Score in Half,n/a,Yes 100 Envelopes A9
Majestic,Silk,8.5 x 11,Vertical,Rectangle,16PT C2S,No Coating,Silk,n/a,4/4,2500,Score in Half,n/a,Yes 100 Envelopes A9
Majestic,Silk,8.5 x 11,Vertical,Rectangle,16PT C2S,No Coating,Silk,n/a,4/1,5000,Score in Half,n/a,Yes 100 Envelopes A9
Majestic,Silk,8.5 x 11,Horizontal,Rectangle,16PT C2S,No Coating,Silk,n/a,4/1,5000,Score in Half,n/a,Yes 100 Envelopes A9
Majestic,Silk,8.5 x 11,Horizontal,Rectangle,16PT C2S,No Coating,Silk,n/a,4/0,5000,Score in Half,n/a,Yes 100 Envelopes A9
Majestic,Silk,8.5 x 11,Vertical,Rectangle,16PT C2S,No Coating,Silk,n/a,4/0,1000,Score in Half,n/a,No Blank Envelopes
Majestic,Silk,8.5 x 11,Vertical,Rectangle,16PT C2S,No Coating,Silk,n/a,4/4,5000,Score in Half,n/a,Yes 100 Envelopes A9
Majestic,Silk,8.5 x 11,Horizontal,Rectangle,16PT C2S,No Coating,Silk,n/a,4/4,5000,Score in Half,n/a,Yes 100 Envelopes A9
Majestic,Silk,8.5 x 11,Horizontal,Rectangle,16PT C2S,No Coating,Silk,n/a,4/0,10000,Score in Half,n/a,Yes 100 Envelopes A9
Majestic,Silk,8.5 x 11,Vertical,Rectangle,16PT C2S,No Coating,Silk,n/a,4/0,5000,Score in Half,n/a,Yes 100 Envelopes A9
Majestic,Silk,8.5 x 11,Vertical,Rectangle,16PT C2S,No Coating,Silk,n/a,4/1,10000,Score in Half,n/a,Yes 100 Envelopes A9
Majestic,Silk,8.5 x 11,Horizontal,Rectangle,16PT C2S,No Coating,Silk,n/a,4/1,10000,Score in Half,n/a,Yes 100 Envelopes A9
Majestic,Silk,8.5 x 11,Horizontal,Rectangle,16PT C2S,No Coating,Silk,n/a,4/4,10000,Score in Half,n/a,Yes 100 Envelopes A9
Majestic,Silk,8.5 x 11,Vertical,Rectangle,16PT C2S,No Coating,Silk,n/a,4/4,10000,Score in Half,n/a,Yes 100 Envelopes A9
Majestic,Silk,8.5 x 11,Vertical,Rectangle,16PT C2S,No Coating,Silk,n/a,4/0,25,Score in Half,n/a,Yes 250 Envelopes A9
Majestic,Silk,8.5 x 11,Horizontal,Rectangle,16PT C2S,No Coating,Silk,n/a,4/0,25,Score in Half,n/a,Yes 250 Envelopes A9
Majestic,Silk,8.5 x 11,Vertical,Rectangle,16PT C2S,No Coating,Silk,n/a,4/1,25,Score in Half,n/a,Yes 250 Envelopes A9
Majestic,Silk,8.5 x 11,Horizontal,Rectangle,16PT C2S,No Coating,Silk,n/a,4/1,25,Score in Half,n/a,Yes 250 Envelopes A9
Majestic,Silk,8.5 x 11,Horizontal,Rectangle,16PT C2S,No Coating,Silk,n/a,4/4,25,Score in Half,n/a,Yes 250 Envelopes A9
Majestic,Silk,8.5 x 11,Vertical,Rectangle,16PT C2S,No Coating,Silk,n/a,4/4,25,Score in Half,n/a,Yes 250 Envelopes A9
Majestic,Silk,8.5 x 11,Horizontal,Rectangle,16PT C2S,No Coating,Silk,n/a,4/0,50,Score in Half,n/a,Yes 250 Envelopes A9
Majestic,Silk,8.5 x 11,Vertical,Rectangle,16PT C2S,No Coating,Silk,n/a,4/0,50,Score in Half,n/a,Yes 250 Envelopes A9
Majestic,Silk,8.5 x 11,Vertical,Rectangle,16PT C2S,No Coating,Silk,n/a,4/1,50,Score in Half,n/a,Yes 250 Envelopes A9
Majestic,Silk,8.5 x 11,Horizontal,Rectangle,16PT C2S,No Coating,Silk,n/a,4/1,50,Score in Half,n/a,Yes 250 Envelopes A9
Majestic,Silk,8.5 x 11,Horizontal,Rectangle,16PT C2S,No Coating,Silk,n/a,4/4,50,Score in Half,n/a,Yes 250 Envelopes A9
Majestic,Silk,8.5 x 11,Vertical,Rectangle,16PT C2S,No Coating,Silk,n/a,4/4,50,Score in Half,n/a,Yes 250 Envelopes A9
Majestic,Silk,8.5 x 11,Horizontal,Rectangle,16PT C2S,No Coating,Silk,n/a,4/1,75,Score in Half,n/a,Yes 250 Envelopes A9
Majestic,Silk,8.5 x 11,Vertical,Rectangle,16PT C2S,No Coating,Silk,n/a,4/0,75,Score in Half,n/a,Yes 250 Envelopes A9
Majestic,Silk,8.5 x 11,Horizontal,Rectangle,16PT C2S,No Coating,Silk,n/a,4/0,75,Score in Half,n/a,Yes 250 Envelopes A9
Majestic,Silk,8.5 x 11,Horizontal,Rectangle,16PT C2S,No Coating,Silk,n/a,4/4,75,Score in Half,n/a,Yes 250 Envelopes A9
Majestic,Silk,8.5 x 11,Vertical,Rectangle,16PT C2S,No Coating,Silk,n/a,4/1,75,Score in Half,n/a,Yes 250 Envelopes A9
Majestic,Silk,8.5 x 11,Horizontal,Rectangle,16PT C2S,No Coating,Silk,n/a,4/0,100,Score in Half,n/a,Yes 250 Envelopes A9
Majestic,Silk,8.5 x 11,Vertical,Rectangle,16PT C2S,No Coating,Silk,n/a,4/4,75,Score in Half,n/a,Yes 250 Envelopes A9
Majestic,Silk,8.5 x 11,Vertical,Rectangle,16PT C2S,No Coating,Silk,n/a,4/0,100,Score in Half,n/a,Yes 250 Envelopes A9
Majestic,Silk,8.5 x 11,Horizontal,Rectangle,16PT C2S,No Coating,Silk,n/a,4/1,100,Score in Half,n/a,Yes 250 Envelopes A9
Majestic,Silk,8.5 x 11,Horizontal,Rectangle,16PT C2S,No Coating,Silk,n/a,4/4,100,Score in Half,n/a,Yes 250 Envelopes A9
Majestic,Silk,8.5 x 11,Vertical,Rectangle,16PT C2S,No Coating,Silk,n/a,4/1,100,Score in Half,n/a,Yes 250 Envelopes A9
Majestic,Silk,8.5 x 11,Vertical,Rectangle,16PT C2S,No Coating,Silk,n/a,4/4,100,Score in Half,n/a,Yes 250 Envelopes A9
Majestic,Silk,8.5 x 11,Vertical,Rectangle,16PT C2S,No Coating,Silk,n/a,4/0,250,Score in Half,n/a,Yes 250 Envelopes A9
Majestic,Silk,8.5 x 11,Horizontal,Rectangle,16PT C2S,No Coating,Silk,n/a,4/0,250,Score in Half,n/a,Yes 250 Envelopes A9
Majestic,Silk,8.5 x 11,Horizontal,Rectangle,16PT C2S,No Coating,Silk,n/a,4/1,250,Score in Half,n/a,Yes 250 Envelopes A9
Majestic,Silk,8.5 x 11,Vertical,Rectangle,16PT C2S,No Coating,Silk,n/a,4/4,250,Score in Half,n/a,Yes 250 Envelopes A9
Majestic,Silk,8.5 x 11,Horizontal,Rectangle,16PT C2S,No Coating,Silk,n/a,4/4,250,Score in Half,n/a,Yes 250 Envelopes A9
Majestic,Silk,8.5 x 11,Vertical,Rectangle,16PT C2S,No Coating,Silk,n/a,4/1,250,Score in Half,n/a,Yes 250 Envelopes A9
Majestic,Silk,8.5 x 11,Horizontal,Rectangle,16PT C2S,No Coating,Silk,n/a,4/0,500,Score in Half,n/a,Yes 250 Envelopes A9
Majestic,Silk,8.5 x 11,Vertical,Rectangle,16PT C2S,No Coating,Silk,n/a,4/1,500,Score in Half,n/a,Yes 250 Envelopes A9
Majestic,Silk,8.5 x 11,Vertical,Rectangle,16PT C2S,No Coating,Silk,n/a,4/0,500,Score in Half,n/a,Yes 250 Envelopes A9
Majestic,Silk,8.5 x 11,Horizontal,Rectangle,16PT C2S,No Coating,Silk,n/a,4/1,500,Score in Half,n/a,Yes 250 Envelopes A9
Majestic,Silk,8.5 x 11,Horizontal,Rectangle,16PT C2S,No Coating,Silk,n/a,4/4,500,Score in Half,n/a,Yes 250 Envelopes A9
Majestic,Silk,8.5 x 11,Horizontal,Rectangle,16PT C2S,No Coating,Silk,n/a,4/0,1000,Score in Half,n/a,Yes 250 Envelopes A9
Majestic,Silk,8.5 x 11,Vertical,Rectangle,16PT C2S,No Coating,Silk,n/a,4/4,500,Score in Half,n/a,Yes 250 Envelopes A9
Majestic,Silk,8.5 x 11,Horizontal,Rectangle,16PT C2S,No Coating,Silk,n/a,4/1,1000,Score in Half,n/a,Yes 250 Envelopes A9
Majestic,Silk,8.5 x 11,Vertical,Rectangle,16PT C2S,No Coating,Silk,n/a,4/0,1000,Score in Half,n/a,Yes 250 Envelopes A9
Majestic,Silk,8.5 x 11,Vertical,Rectangle,16PT C2S,No Coating,Silk,n/a,4/1,1000,Score in Half,n/a,Yes 250 Envelopes A9
Majestic,Silk,8.5 x 11,Vertical,Rectangle,16PT C2S,No Coating,Silk,n/a,4/1,250,Score in Half,n/a,Yes 100 Envelopes A9
Majestic,Silk,8.5 x 11,Horizontal,Rectangle,16PT C2S,No Coating,Silk,n/a,4/0,2500,Score in Half,n/a,Yes 250 Envelopes A9
Majestic,Silk,8.5 x 11,Horizontal,Rectangle,16PT C2S,No Coating,Silk,n/a,4/1,2500,Score in Half,n/a,Yes 250 Envelopes A9
Majestic,Silk,8.5 x 11,Vertical,Rectangle,16PT C2S,No Coating,Silk,n/a,4/0,2500,Score in Half,n/a,Yes 250 Envelopes A9
Majestic,Silk,8.5 x 11,Vertical,Rectangle,16PT C2S,No Coating,Silk,n/a,4/1,2500,Score in Half,n/a,Yes 250 Envelopes A9
Majestic,Silk,8.5 x 11,Horizontal,Rectangle,16PT C2S,No Coating,Silk,n/a,4/4,1000,Score in Half,n/a,Yes 250 Envelopes A9
Majestic,Silk,8.5 x 11,Horizontal,Rectangle,16PT C2S,No Coating,Silk,n/a,4/4,2500,Score in Half,n/a,Yes 250 Envelopes A9
Majestic,Silk,8.5 x 11,Vertical,Rectangle,16PT C2S,No Coating,Silk,n/a,4/4,2500,Score in Half,n/a,Yes 250 Envelopes A9
Majestic,Silk,8.5 x 11,Horizontal,Rectangle,16PT C2S,No Coating,Silk,n/a,4/1,5000,Score in Half,n/a,Yes 250 Envelopes A9
Majestic,Silk,8.5 x 11,Vertical,Rectangle,16PT C2S,No Coating,Silk,n/a,4/4,1000,Score in Half,n/a,Yes 250 Envelopes A9
Majestic,Silk,8.5 x 11,Horizontal,Rectangle,16PT C2S,No Coating,Silk,n/a,4/0,5000,Score in Half,n/a,Yes 250 Envelopes A9
Majestic,Silk,8.5 x 11,Vertical,Rectangle,16PT C2S,No Coating,Silk,n/a,4/0,5000,Score in Half,n/a,Yes 250 Envelopes A9
Majestic,Silk,8.5 x 11,Horizontal,Rectangle,16PT C2S,No Coating,Silk,n/a,4/4,5000,Score in Half,n/a,Yes 250 Envelopes A9
Majestic,Silk,8.5 x 11,Vertical,Rectangle,16PT C2S,No Coating,Silk,n/a,4/4,5000,Score in Half,n/a,Yes 250 Envelopes A9
Majestic,Silk,8.5 x 11,Vertical,Rectangle,16PT C2S,No Coating,Silk,n/a,4/0,10000,Score in Half,n/a,Yes 250 Envelopes A9
Majestic,Silk,8.5 x 11,Horizontal,Rectangle,16PT C2S,No Coating,Silk,n/a,4/0,10000,Score in Half,n/a,Yes 250 Envelopes A9
Majestic,Silk,8.5 x 11,Horizontal,Rectangle,16PT C2S,No Coating,Silk,n/a,4/1,10000,Score in Half,n/a,Yes 250 Envelopes A9
Majestic,Silk,8.5 x 11,Vertical,Rectangle,16PT C2S,No Coating,Silk,n/a,4/1,10000,Score in Half,n/a,Yes 250 Envelopes A9
Majestic,Silk,8.5 x 11,Horizontal,Rectangle,16PT C2S,No Coating,Silk,n/a,4/4,10000,Score in Half,n/a,Yes 250 Envelopes A9
Majestic,Silk,8.5 x 11,Horizontal,Rectangle,16PT C2S,No Coating,Silk,n/a,4/0,25,Score in Half,n/a,Yes 500 Envelopes A9
Majestic,Silk,8.5 x 11,Vertical,Rectangle,16PT C2S,No Coating,Silk,n/a,4/0,25,Score in Half,n/a,Yes 500 Envelopes A9
Majestic,Silk,8.5 x 11,Vertical,Rectangle,16PT C2S,No Coating,Silk,n/a,4/4,10000,Score in Half,n/a,Yes 250 Envelopes A9
Majestic,Silk,8.5 x 11,Horizontal,Rectangle,16PT C2S,No Coating,Silk,n/a,4/1,25,Score in Half,n/a,Yes 500 Envelopes A9
Majestic,Silk,8.5 x 11,Vertical,Rectangle,16PT C2S,No Coating,Silk,n/a,4/1,25,Score in Half,n/a,Yes 500 Envelopes A9
Majestic,Silk,8.5 x 11,Horizontal,Rectangle,16PT C2S,No Coating,Silk,n/a,4/4,25,Score in Half,n/a,Yes 500 Envelopes A9
Majestic,Silk,8.5 x 11,Horizontal,Rectangle,16PT C2S,No Coating,Silk,n/a,4/0,50,Score in Half,n/a,Yes 500 Envelopes A9
Majestic,Silk,8.5 x 11,Vertical,Rectangle,16PT C2S,No Coating,Silk,n/a,4/4,25,Score in Half,n/a,Yes 500 Envelopes A9
Majestic,Silk,8.5 x 11,Horizontal,Rectangle,16PT C2S,No Coating,Silk,n/a,4/1,50,Score in Half,n/a,Yes 500 Envelopes A9
Majestic,Silk,8.5 x 11,Vertical,Rectangle,16PT C2S,No Coating,Silk,n/a,4/0,50,Score in Half,n/a,Yes 500 Envelopes A9
Majestic,Silk,8.5 x 11,Vertical,Rectangle,16PT C2S,No Coating,Silk,n/a,4/1,50,Score in Half,n/a,Yes 500 Envelopes A9
Majestic,Silk,8.5 x 11,Vertical,Rectangle,16PT C2S,No Coating,Silk,n/a,4/4,50,Score in Half,n/a,Yes 500 Envelopes A9
Majestic,Silk,8.5 x 11,Horizontal,Rectangle,16PT C2S,No Coating,Silk,n/a,4/0,75,Score in Half,n/a,Yes 500 Envelopes A9
Majestic,Silk,8.5 x 11,Horizontal,Rectangle,16PT C2S,No Coating,Silk,n/a,4/4,50,Score in Half,n/a,Yes 500 Envelopes A9
Majestic,Silk,8.5 x 11,Vertical,Rectangle,16PT C2S,No Coating,Silk,n/a,4/0,75,Score in Half,n/a,Yes 500 Envelopes A9
Majestic,Silk,8.5 x 11,Horizontal,Rectangle,16PT C2S,No Coating,Silk,n/a,4/1,75,Score in Half,n/a,Yes 500 Envelopes A9
Majestic,Silk,8.5 x 11,Vertical,Rectangle,16PT C2S,No Coating,Silk,n/a,4/1,75,Score in Half,n/a,Yes 500 Envelopes A9
Majestic,Silk,8.5 x 11,Vertical,Rectangle,16PT C2S,No Coating,Silk,n/a,4/4,75,Score in Half,n/a,Yes 500 Envelopes A9
Majestic,Silk,8.5 x 11,Horizontal,Rectangle,16PT C2S,No Coating,Silk,n/a,4/4,75,Score in Half,n/a,Yes 500 Envelopes A9
Majestic,Silk,8.5 x 11,Horizontal,Rectangle,16PT C2S,No Coating,Silk,n/a,4/0,100,Score in Half,n/a,Yes 500 Envelopes A9
Majestic,Silk,8.5 x 11,Vertical,Rectangle,16PT C2S,No Coating,Silk,n/a,4/0,100,Score in Half,n/a,Yes 500 Envelopes A9
Majestic,Silk,8.5 x 11,Horizontal,Rectangle,16PT C2S,No Coating,Silk,n/a,4/1,100,Score in Half,n/a,Yes 500 Envelopes A9
Majestic,Silk,8.5 x 11,Horizontal,Rectangle,16PT C2S,No Coating,Silk,n/a,4/4,100,Score in Half,n/a,Yes 500 Envelopes A9
Majestic,Silk,8.5 x 11,Vertical,Rectangle,16PT C2S,No Coating,Silk,n/a,4/4,100,Score in Half,n/a,Yes 500 Envelopes A9
Majestic,Silk,8.5 x 11,Horizontal,Rectangle,16PT C2S,No Coating,Silk,n/a,4/0,250,Score in Half,n/a,Yes 500 Envelopes A9
Majestic,Silk,8.5 x 11,Vertical,Rectangle,16PT C2S,No Coating,Silk,n/a,4/1,100,Score in Half,n/a,Yes 500 Envelopes A9
Majestic,Silk,8.5 x 11,Vertical,Rectangle,16PT C2S,No Coating,Silk,n/a,4/0,250,Score in Half,n/a,Yes 500 Envelopes A9
Majestic,Silk,8.5 x 11,Horizontal,Rectangle,16PT C2S,No Coating,Silk,n/a,4/1,250,Score in Half,n/a,Yes 500 Envelopes A9
Majestic,Silk,8.5 x 11,Vertical,Rectangle,16PT C2S,No Coating,Silk,n/a,4/1,250,Score in Half,n/a,Yes 500 Envelopes A9
Majestic,Silk,8.5 x 11,Vertical,Rectangle,16PT C2S,No Coating,Silk,n/a,4/4,250,Score in Half,n/a,Yes 500 Envelopes A9
Majestic,Silk,8.5 x 11,Horizontal,Rectangle,16PT C2S,No Coating,Silk,n/a,4/4,250,Score in Half,n/a,Yes 500 Envelopes A9
Majestic,Silk,8.5 x 11,Horizontal,Rectangle,16PT C2S,No Coating,Silk,n/a,4/0,500,Score in Half,n/a,Yes 500 Envelopes A9
Majestic,Silk,8.5 x 11,Vertical,Rectangle,16PT C2S,No Coating,Silk,n/a,4/0,500,Score in Half,n/a,Yes 500 Envelopes A9
Majestic,Silk,8.5 x 11,Horizontal,Rectangle,16PT C2S,No Coating,Silk,n/a,4/1,500,Score in Half,n/a,Yes 500 Envelopes A9
Majestic,Silk,8.5 x 11,Horizontal,Rectangle,16PT C2S,No Coating,Silk,n/a,4/4,500,Score in Half,n/a,Yes 500 Envelopes A9
Majestic,Silk,8.5 x 11,Vertical,Rectangle,16PT C2S,No Coating,Silk,n/a,4/4,500,Score in Half,n/a,Yes 500 Envelopes A9
Majestic,Silk,8.5 x 11,Vertical,Rectangle,16PT C2S,No Coating,Silk,n/a,4/1,500,Score in Half,n/a,Yes 500 Envelopes A9
Majestic,Silk,8.5 x 11,Horizontal,Rectangle,16PT C2S,No Coating,Silk,n/a,4/0,1000,Score in Half,n/a,Yes 500 Envelopes A9
Majestic,Silk,8.5 x 11,Vertical,Rectangle,16PT C2S,No Coating,Silk,n/a,4/0,1000,Score in Half,n/a,Yes 500 Envelopes A9
Majestic,Silk,8.5 x 11,Horizontal,Rectangle,16PT C2S,No Coating,Silk,n/a,4/1,1000,Score in Half,n/a,Yes 500 Envelopes A9
Majestic,Silk,8.5 x 11,Horizontal,Rectangle,16PT C2S,No Coating,Silk,n/a,4/4,1000,Score in Half,n/a,Yes 500 Envelopes A9
Majestic,Silk,8.5 x 11,Vertical,Rectangle,16PT C2S,No Coating,Silk,n/a,4/4,1000,Score in Half,n/a,Yes 500 Envelopes A9
Majestic,Silk,8.5 x 11,Vertical,Rectangle,16PT C2S,No Coating,Silk,n/a,4/1,1000,Score in Half,n/a,Yes 500 Envelopes A9
Majestic,Silk,8.5 x 11,Horizontal,Rectangle,16PT C2S,No Coating,Silk,n/a,4/0,2500,Score in Half,n/a,Yes 500 Envelopes A9
Majestic,Silk,8.5 x 11,Vertical,Rectangle,16PT C2S,No Coating,Silk,n/a,4/0,2500,Score in Half,n/a,Yes 500 Envelopes A9
Majestic,Silk,8.5 x 11,Horizontal,Rectangle,16PT C2S,No Coating,Silk,n/a,4/1,2500,Score in Half,n/a,Yes 500 Envelopes A9
Majestic,Silk,8.5 x 11,Horizontal,Rectangle,16PT C2S,No Coating,Silk,n/a,4/4,2500,Score in Half,n/a,Yes 500 Envelopes A9
Majestic,Silk,8.5 x 11,Vertical,Rectangle,16PT C2S,No Coating,Silk,n/a,4/4,2500,Score in Half,n/a,Yes 500 Envelopes A9
Majestic,Silk,8.5 x 11,Vertical,Rectangle,16PT C2S,No Coating,Silk,n/a,4/0,5000,Score in Half,n/a,Yes 500 Envelopes A9
Majestic,Silk,8.5 x 11,Vertical,Rectangle,16PT C2S,No Coating,Silk,n/a,4/1,2500,Score in Half,n/a,Yes 500 Envelopes A9
Majestic,Silk,8.5 x 11,Horizontal,Rectangle,16PT C2S,No Coating,Silk,n/a,4/0,5000,Score in Half,n/a,Yes 500 Envelopes A9
Majestic,Silk,8.5 x 11,Horizontal,Rectangle,16PT C2S,No Coating,Silk,n/a,4/1,5000,Score in Half,n/a,Yes 500 Envelopes A9
Majestic,Silk,8.5 x 11,Vertical,Rectangle,16PT C2S,No Coating,Silk,n/a,4/1,5000,Score in Half,n/a,Yes 500 Envelopes A9
Majestic,Silk,8.5 x 11,Horizontal,Rectangle,16PT C2S,No Coating,Silk,n/a,4/0,10000,Score in Half,n/a,Yes 500 Envelopes A9
Majestic,Silk,8.5 x 11,Vertical,Rectangle,16PT C2S,No Coating,Silk,n/a,4/4,5000,Score in Half,n/a,Yes 500 Envelopes A9
Majestic,Silk,8.5 x 11,Horizontal,Rectangle,16PT C2S,No Coating,Silk,n/a,4/4,5000,Score in Half,n/a,Yes 500 Envelopes A9
Majestic,Silk,8.5 x 11,Vertical,Rectangle,16PT C2S,No Coating,Silk,n/a,4/0,10000,Score in Half,n/a,Yes 500 Envelopes A9
Majestic,Silk,8.5 x 11,Horizontal,Rectangle,16PT C2S,No Coating,Silk,n/a,4/1,10000,Score in Half,n/a,Yes 500 Envelopes A9
Majestic,Silk,8.5 x 11,Vertical,Rectangle,16PT C2S,No Coating,Silk,n/a,4/4,10000,Score in Half,n/a,Yes 500 Envelopes A9
Majestic,Silk,8.5 x 11,Horizontal,Rectangle,16PT C2S,No Coating,Silk,n/a,4/0,25,Score in Half,n/a,Yes 1000 Envelopes A9
Majestic,Silk,8.5 x 11,Vertical,Rectangle,16PT C2S,No Coating,Silk,n/a,4/1,10000,Score in Half,n/a,Yes 500 Envelopes A9
Majestic,Silk,8.5 x 11,Horizontal,Rectangle,16PT C2S,No Coating,Silk,n/a,4/4,10000,Score in Half,n/a,Yes 500 Envelopes A9
Majestic,Silk,8.5 x 11,Vertical,Rectangle,16PT C2S,No Coating,Silk,n/a,4/0,25,Score in Half,n/a,Yes 1000 Envelopes A9
Majestic,Silk,8.5 x 11,Horizontal,Rectangle,16PT C2S,No Coating,Silk,n/a,4/1,25,Score in Half,n/a,Yes 1000 Envelopes A9
Majestic,Silk,8.5 x 11,Vertical,Rectangle,16PT C2S,No Coating,Silk,n/a,4/4,25,Score in Half,n/a,Yes 1000 Envelopes A9
Majestic,Silk,8.5 x 11,Horizontal,Rectangle,16PT C2S,No Coating,Silk,n/a,4/0,50,Score in Half,n/a,Yes 1000 Envelopes A9
Majestic,Silk,8.5 x 11,Vertical,Rectangle,16PT C2S,No Coating,Silk,n/a,4/1,25,Score in Half,n/a,Yes 1000 Envelopes A9
Majestic,Silk,8.5 x 11,Horizontal,Rectangle,16PT C2S,No Coating,Silk,n/a,4/4,25,Score in Half,n/a,Yes 1000 Envelopes A9
Majestic,Silk,8.5 x 11,Vertical,Rectangle,16PT C2S,No Coating,Silk,n/a,4/0,50,Score in Half,n/a,Yes 1000 Envelopes A9
Majestic,Silk,8.5 x 11,Horizontal,Rectangle,16PT C2S,No Coating,Silk,n/a,4/1,50,Score in Half,n/a,Yes 1000 Envelopes A9
Majestic,Silk,8.5 x 11,Vertical,Rectangle,16PT C2S,No Coating,Silk,n/a,4/1,50,Score in Half,n/a,Yes 1000 Envelopes A9
Majestic,Silk,8.5 x 11,Horizontal,Rectangle,16PT C2S,No Coating,Silk,n/a,4/4,50,Score in Half,n/a,Yes 1000 Envelopes A9
Majestic,Silk,8.5 x 11,Vertical,Rectangle,16PT C2S,No Coating,Silk,n/a,4/4,50,Score in Half,n/a,Yes 1000 Envelopes A9
Majestic,Silk,8.5 x 11,Horizontal,Rectangle,16PT C2S,No Coating,Silk,n/a,4/0,75,Score in Half,n/a,Yes 1000 Envelopes A9
Majestic,Silk,8.5 x 11,Horizontal,Rectangle,16PT C2S,No Coating,Silk,n/a,4/1,75,Score in Half,n/a,Yes 1000 Envelopes A9
Majestic,Silk,8.5 x 11,Horizontal,Rectangle,16PT C2S,No Coating,Silk,n/a,4/4,75,Score in Half,n/a,Yes 1000 Envelopes A9
Majestic,Silk,8.5 x 11,Vertical,Rectangle,16PT C2S,No Coating,Silk,n/a,4/1,75,Score in Half,n/a,Yes 1000 Envelopes A9
Majestic,Silk,8.5 x 11,Vertical,Rectangle,16PT C2S,No Coating,Silk,n/a,4/0,75,Score in Half,n/a,Yes 1000 Envelopes A9
Majestic,Silk,8.5 x 11,Vertical,Rectangle,16PT C2S,No Coating,Silk,n/a,4/4,75,Score in Half,n/a,Yes 1000 Envelopes A9
Majestic,Silk,8.5 x 11,Horizontal,Rectangle,16PT C2S,No Coating,Silk,n/a,4/0,100,Score in Half,n/a,Yes 1000 Envelopes A9
Majestic,Silk,8.5 x 11,Horizontal,Rectangle,16PT C2S,No Coating,Silk,n/a,4/1,100,Score in Half,n/a,Yes 1000 Envelopes A9
Majestic,Silk,8.5 x 11,Horizontal,Rectangle,16PT C2S,No Coating,Silk,n/a,4/4,100,Score in Half,n/a,Yes 1000 Envelopes A9
Majestic,Silk,8.5 x 11,Vertical,Rectangle,16PT C2S,No Coating,Silk,n/a,4/1,100,Score in Half,n/a,Yes 1000 Envelopes A9
Majestic,Silk,8.5 x 11,Vertical,Rectangle,16PT C2S,No Coating,Silk,n/a,4/0,100,Score in Half,n/a,Yes 1000 Envelopes A9
Majestic,Silk,8.5 x 11,Vertical,Rectangle,16PT C2S,No Coating,Silk,n/a,4/4,100,Score in Half,n/a,Yes 1000 Envelopes A9
Majestic,Silk,8.5 x 11,Horizontal,Rectangle,16PT C2S,No Coating,Silk,n/a,4/0,250,Score in Half,n/a,Yes 1000 Envelopes A9
Majestic,Silk,8.5 x 11,Vertical,Rectangle,16PT C2S,No Coating,Silk,n/a,4/1,250,Score in Half,n/a,Yes 1000 Envelopes A9
Majestic,Silk,8.5 x 11,Horizontal,Rectangle,16PT C2S,No Coating,Silk,n/a,4/4,250,Score in Half,n/a,Yes 1000 Envelopes A9
Majestic,Silk,8.5 x 11,Vertical,Rectangle,16PT C2S,No Coating,Silk,n/a,4/0,250,Score in Half,n/a,Yes 1000 Envelopes A9
Majestic,Silk,8.5 x 11,Horizontal,Rectangle,16PT C2S,No Coating,Silk,n/a,4/1,250,Score in Half,n/a,Yes 1000 Envelopes A9
Majestic,Silk,8.5 x 11,Vertical,Rectangle,16PT C2S,No Coating,Silk,n/a,4/4,250,Score in Half,n/a,Yes 1000 Envelopes A9
Majestic,Silk,8.5 x 11,Horizontal,Rectangle,16PT C2S,No Coating,Silk,n/a,4/0,500,Score in Half,n/a,Yes 1000 Envelopes A9
Majestic,Silk,8.5 x 11,Vertical,Rectangle,16PT C2S,No Coating,Silk,n/a,4/1,500,Score in Half,n/a,Yes 1000 Envelopes A9
Majestic,Silk,8.5 x 11,Horizontal,Rectangle,16PT C2S,No Coating,Silk,n/a,4/1,500,Score in Half,n/a,Yes 1000 Envelopes A9
Majestic,Silk,8.5 x 11,Vertical,Rectangle,16PT C2S,No Coating,Silk,n/a,4/0,500,Score in Half,n/a,Yes 1000 Envelopes A9
Majestic,Silk,8.5 x 11,Horizontal,Rectangle,16PT C2S,No Coating,Silk,n/a,4/4,500,Score in Half,n/a,Yes 1000 Envelopes A9
Majestic,Silk,8.5 x 11,Vertical,Rectangle,16PT C2S,No Coating,Silk,n/a,4/4,500,Score in Half,n/a,Yes 1000 Envelopes A9
Majestic,Silk,8.5 x 11,Horizontal,Rectangle,16PT C2S,No Coating,Silk,n/a,4/1,1000,Score in Half,n/a,Yes 1000 Envelopes A9
Majestic,Silk,8.5 x 11,Horizontal,Rectangle,16PT C2S,No Coating,Silk,n/a,4/0,1000,Score in Half,n/a,Yes 1000 Envelopes A9
Majestic,Silk,8.5 x 11,Vertical,Rectangle,16PT C2S,No Coating,Silk,n/a,4/1,1000,Score in Half,n/a,Yes 1000 Envelopes A9
Majestic,Silk,8.5 x 11,Vertical,Rectangle,16PT C2S,No Coating,Silk,n/a,4/0,1000,Score in Half,n/a,Yes 1000 Envelopes A9
Majestic,Silk,8.5 x 11,Horizontal,Rectangle,16PT C2S,No Coating,Silk,n/a,4/4,1000,Score in Half,n/a,Yes 1000 Envelopes A9
Majestic,Silk,8.5 x 11,Vertical,Rectangle,16PT C2S,No Coating,Silk,n/a,4/4,1000,Score in Half,n/a,Yes 1000 Envelopes A9
Majestic,Silk,8.5 x 11,Vertical,Rectangle,16PT C2S,No Coating,Silk,n/a,4/1,2500,Score in Half,n/a,Yes 1000 Envelopes A9
Majestic,Silk,8.5 x 11,Horizontal,Rectangle,16PT C2S,No Coating,Silk,n/a,4/1,2500,Score in Half,n/a,Yes 1000 Envelopes A9
Majestic,Silk,8.5 x 11,Horizontal,Rectangle,16PT C2S,No Coating,Silk,n/a,4/0,2500,Score in Half,n/a,Yes 1000 Envelopes A9
Majestic,Silk,8.5 x 11,Vertical,Rectangle,16PT C2S,No Coating,Silk,n/a,4/0,2500,Score in Half,n/a,Yes 1000 Envelopes A9
Majestic,Silk,8.5 x 11,Horizontal,Rectangle,16PT C2S,No Coating,Silk,n/a,4/4,2500,Score in Half,n/a,Yes 1000 Envelopes A9
Majestic,Silk,8.5 x 11,Vertical,Rectangle,16PT C2S,No Coating,Silk,n/a,4/4,2500,Score in Half,n/a,Yes 1000 Envelopes A9
Majestic,Silk,8.5 x 11,Horizontal,Rectangle,16PT C2S,No Coating,Silk,n/a,4/1,5000,Score in Half,n/a,Yes 1000 Envelopes A9
Majestic,Silk,8.5 x 11,Horizontal,Rectangle,16PT C2S,No Coating,Silk,n/a,4/0,5000,Score in Half,n/a,Yes 1000 Envelopes A9
Majestic,Silk,8.5 x 11,Vertical,Rectangle,16PT C2S,No Coating,Silk,n/a,4/0,5000,Score in Half,n/a,Yes 1000 Envelopes A9
Majestic,Silk,8.5 x 11,Vertical,Rectangle,16PT C2S,No Coating,Silk,n/a,4/1,5000,Score in Half,n/a,Yes 1000 Envelopes A9
Majestic,Silk,8.5 x 11,Horizontal,Rectangle,16PT C2S,No Coating,Silk,n/a,4/4,5000,Score in Half,n/a,Yes 1000 Envelopes A9
Majestic,Silk,8.5 x 11,Vertical,Rectangle,16PT C2S,No Coating,Silk,n/a,4/0,10000,Score in Half,n/a,Yes 1000 Envelopes A9
Majestic,Silk,8.5 x 11,Horizontal,Rectangle,16PT C2S,No Coating,Silk,n/a,4/0,10000,Score in Half,n/a,Yes 1000 Envelopes A9
Majestic,Silk,8.5 x 11,Vertical,Rectangle,16PT C2S,No Coating,Silk,n/a,4/4,5000,Score in Half,n/a,Yes 1000 Envelopes A9
Majestic,Silk,8.5 x 11,Horizontal,Rectangle,16PT C2S,No Coating,Silk,n/a,4/1,10000,Score in Half,n/a,Yes 1000 Envelopes A9
Majestic,Silk,8.5 x 11,Vertical,Rectangle,16PT C2S,No Coating,Silk,n/a,4/1,10000,Score in Half,n/a,Yes 1000 Envelopes A9
Majestic,Silk,8.5 x 11,Horizontal,Rectangle,16PT C2S,No Coating,Silk,n/a,4/0,25,Score in Half,n/a,Yes 2500 Envelopes A9
Majestic,Silk,8.5 x 11,Vertical,Rectangle,16PT C2S,No Coating,Silk,n/a,4/0,25,Score in Half,n/a,Yes 2500 Envelopes A9
Majestic,Silk,8.5 x 11,Horizontal,Rectangle,16PT C2S,No Coating,Silk,n/a,4/4,10000,Score in Half,n/a,Yes 1000 Envelopes A9
Majestic,Silk,8.5 x 11,Vertical,Rectangle,16PT C2S,No Coating,Silk,n/a,4/4,10000,Score in Half,n/a,Yes 1000 Envelopes A9
Majestic,Silk,8.5 x 11,Horizontal,Rectangle,16PT C2S,No Coating,Silk,n/a,4/1,25,Score in Half,n/a,Yes 2500 Envelopes A9
Majestic,Silk,8.5 x 11,Vertical,Rectangle,16PT C2S,No Coating,Silk,n/a,4/1,25,Score in Half,n/a,Yes 2500 Envelopes A9
Majestic,Silk,8.5 x 11,Horizontal,Rectangle,16PT C2S,No Coating,Silk,n/a,4/0,50,Score in Half,n/a,Yes 2500 Envelopes A9
Majestic,Silk,8.5 x 11,Vertical,Rectangle,16PT C2S,No Coating,Silk,n/a,4/0,50,Score in Half,n/a,Yes 2500 Envelopes A9
Majestic,Silk,8.5 x 11,Horizontal,Rectangle,16PT C2S,No Coating,Silk,n/a,4/4,25,Score in Half,n/a,Yes 2500 Envelopes A9
Majestic,Silk,8.5 x 11,Vertical,Rectangle,16PT C2S,No Coating,Silk,n/a,4/4,25,Score in Half,n/a,Yes 2500 Envelopes A9
Majestic,Silk,8.5 x 11,Horizontal,Rectangle,16PT C2S,No Coating,Silk,n/a,4/1,50,Score in Half,n/a,Yes 2500 Envelopes A9
Majestic,Silk,8.5 x 11,Vertical,Rectangle,16PT C2S,No Coating,Silk,n/a,4/1,50,Score in Half,n/a,Yes 2500 Envelopes A9
Majestic,Silk,8.5 x 11,Horizontal,Rectangle,16PT C2S,No Coating,Silk,n/a,4/4,50,Score in Half,n/a,Yes 2500 Envelopes A9
Majestic,Silk,8.5 x 11,Vertical,Rectangle,16PT C2S,No Coating,Silk,n/a,4/4,50,Score in Half,n/a,Yes 2500 Envelopes A9
Majestic,Silk,8.5 x 11,Horizontal,Rectangle,16PT C2S,No Coating,Silk,n/a,4/0,75,Score in Half,n/a,Yes 2500 Envelopes A9
Majestic,Silk,8.5 x 11,Vertical,Rectangle,16PT C2S,No Coating,Silk,n/a,4/0,75,Score in Half,n/a,Yes 2500 Envelopes A9
Majestic,Silk,8.5 x 11,Horizontal,Rectangle,16PT C2S,No Coating,Silk,n/a,4/4,75,Score in Half,n/a,Yes 2500 Envelopes A9
Majestic,Silk,8.5 x 11,Vertical,Rectangle,16PT C2S,No Coating,Silk,n/a,4/4,75,Score in Half,n/a,Yes 2500 Envelopes A9
Majestic,Silk,8.5 x 11,Horizontal,Rectangle,16PT C2S,No Coating,Silk,n/a,4/1,75,Score in Half,n/a,Yes 2500 Envelopes A9
Majestic,Silk,8.5 x 11,Vertical,Rectangle,16PT C2S,No Coating,Silk,n/a,4/1,75,Score in Half,n/a,Yes 2500 Envelopes A9
Majestic,Silk,8.5 x 11,Horizontal,Rectangle,16PT C2S,No Coating,Silk,n/a,4/0,100,Score in Half,n/a,Yes 2500 Envelopes A9
Majestic,Silk,8.5 x 11,Vertical,Rectangle,16PT C2S,No Coating,Silk,n/a,4/0,100,Score in Half,n/a,Yes 2500 Envelopes A9
Majestic,Silk,8.5 x 11,Horizontal,Rectangle,16PT C2S,No Coating,Silk,n/a,4/1,100,Score in Half,n/a,Yes 2500 Envelopes A9
Majestic,Silk,8.5 x 11,Vertical,Rectangle,16PT C2S,No Coating,Silk,n/a,4/1,100,Score in Half,n/a,Yes 2500 Envelopes A9
Majestic,Silk,8.5 x 11,Horizontal,Rectangle,16PT C2S,No Coating,Silk,n/a,4/4,100,Score in Half,n/a,Yes 2500 Envelopes A9
Majestic,Silk,8.5 x 11,Vertical,Rectangle,16PT C2S,No Coating,Silk,n/a,4/4,100,Score in Half,n/a,Yes 2500 Envelopes A9
Majestic,Silk,8.5 x 11,Horizontal,Rectangle,16PT C2S,No Coating,Silk,n/a,4/0,250,Score in Half,n/a,Yes 2500 Envelopes A9
Majestic,Silk,8.5 x 11,Vertical,Rectangle,16PT C2S,No Coating,Silk,n/a,4/0,250,Score in Half,n/a,Yes 2500 Envelopes A9
Majestic,Silk,8.5 x 11,Horizontal,Rectangle,16PT C2S,No Coating,Silk,n/a,4/1,250,Score in Half,n/a,Yes 2500 Envelopes A9
Majestic,Silk,8.5 x 11,Vertical,Rectangle,16PT C2S,No Coating,Silk,n/a,4/1,250,Score in Half,n/a,Yes 2500 Envelopes A9
Majestic,Silk,8.5 x 11,Horizontal,Rectangle,16PT C2S,No Coating,Silk,n/a,4/4,250,Score in Half,n/a,Yes 2500 Envelopes A9
Majestic,Silk,8.5 x 11,Vertical,Rectangle,16PT C2S,No Coating,Silk,n/a,4/4,250,Score in Half,n/a,Yes 2500 Envelopes A9
Majestic,Silk,8.5 x 11,Horizontal,Rectangle,16PT C2S,No Coating,Silk,n/a,4/0,500,Score in Half,n/a,Yes 2500 Envelopes A9
Majestic,Silk,8.5 x 11,Vertical,Rectangle,16PT C2S,No Coating,Silk,n/a,4/0,500,Score in Half,n/a,Yes 2500 Envelopes A9
Majestic,Silk,8.5 x 11,Horizontal,Rectangle,16PT C2S,No Coating,Silk,n/a,4/1,500,Score in Half,n/a,Yes 2500 Envelopes A9
Majestic,Silk,8.5 x 11,Vertical,Rectangle,16PT C2S,No Coating,Silk,n/a,4/1,500,Score in Half,n/a,Yes 2500 Envelopes A9
Majestic,Silk,8.5 x 11,Horizontal,Rectangle,16PT C2S,No Coating,Silk,n/a,4/4,500,Score in Half,n/a,Yes 2500 Envelopes A9
Majestic,Silk,8.5 x 11,Vertical,Rectangle,16PT C2S,No Coating,Silk,n/a,4/4,500,Score in Half,n/a,Yes 2500 Envelopes A9
Majestic,Silk,8.5 x 11,Horizontal,Rectangle,16PT C2S,No Coating,Silk,n/a,4/0,1000,Score in Half,n/a,Yes 2500 Envelopes A9
Majestic,Silk,8.5 x 11,Vertical,Rectangle,16PT C2S,No Coating,Silk,n/a,4/0,1000,Score in Half,n/a,Yes 2500 Envelopes A9
Majestic,Silk,8.5 x 11,Horizontal,Rectangle,16PT C2S,No Coating,Silk,n/a,4/1,1000,Score in Half,n/a,Yes 2500 Envelopes A9
Majestic,Silk,8.5 x 11,Vertical,Rectangle,16PT C2S,No Coating,Silk,n/a,4/1,1000,Score in Half,n/a,Yes 2500 Envelopes A9
Majestic,Silk,8.5 x 11,Horizontal,Rectangle,16PT C2S,No Coating,Silk,n/a,4/4,1000,Score in Half,n/a,Yes 2500 Envelopes A9
Majestic,Silk,8.5 x 11,Vertical,Rectangle,16PT C2S,No Coating,Silk,n/a,4/4,1000,Score in Half,n/a,Yes 2500 Envelopes A9
Majestic,Silk,8.5 x 11,Horizontal,Rectangle,16PT C2S,No Coating,Silk,n/a,4/0,2500,Score in Half,n/a,Yes 2500 Envelopes A9
Majestic,Silk,8.5 x 11,Vertical,Rectangle,16PT C2S,No Coating,Silk,n/a,4/0,2500,Score in Half,n/a,Yes 2500 Envelopes A9
Majestic,Silk,8.5 x 11,Horizontal,Rectangle,16PT C2S,No Coating,Silk,n/a,4/1,2500,Score in Half,n/a,Yes 2500 Envelopes A9
Majestic,Silk,8.5 x 11,Horizontal,Rectangle,16PT C2S,No Coating,Silk,n/a,4/4,2500,Score in Half,n/a,Yes 2500 Envelopes A9
Majestic,Silk,8.5 x 11,Vertical,Rectangle,16PT C2S,No Coating,Silk,n/a,4/1,2500,Score in Half,n/a,Yes 2500 Envelopes A9
Majestic,Silk,8.5 x 11,Vertical,Rectangle,16PT C2S,No Coating,Silk,n/a,4/4,2500,Score in Half,n/a,Yes 2500 Envelopes A9
Majestic,Silk,8.5 x 11,Horizontal,Rectangle,16PT C2S,No Coating,Silk,n/a,4/0,5000,Score in Half,n/a,Yes 2500 Envelopes A9
Majestic,Silk,8.5 x 11,Vertical,Rectangle,16PT C2S,No Coating,Silk,n/a,4/0,5000,Score in Half,n/a,Yes 2500 Envelopes A9
Majestic,Silk,8.5 x 11,Horizontal,Rectangle,16PT C2S,No Coating,Silk,n/a,4/1,5000,Score in Half,n/a,Yes 2500 Envelopes A9
Majestic,Silk,8.5 x 11,Vertical,Rectangle,16PT C2S,No Coating,Silk,n/a,4/1,5000,Score in Half,n/a,Yes 2500 Envelopes A9
Majestic,Silk,8.5 x 11,Horizontal,Rectangle,16PT C2S,No Coating,Silk,n/a,4/4,5000,Score in Half,n/a,Yes 2500 Envelopes A9
Majestic,Silk,8.5 x 11,Vertical,Rectangle,16PT C2S,No Coating,Silk,n/a,4/4,5000,Score in Half,n/a,Yes 2500 Envelopes A9
Majestic,Silk,8.5 x 11,Horizontal,Rectangle,16PT C2S,No Coating,Silk,n/a,4/0,10000,Score in Half,n/a,Yes 2500 Envelopes A9
Majestic,Silk,8.5 x 11,Vertical,Rectangle,16PT C2S,No Coating,Silk,n/a,4/0,10000,Score in Half,n/a,Yes 2500 Envelopes A9
Majestic,Silk,8.5 x 11,Horizontal,Rectangle,16PT C2S,No Coating,Silk,n/a,4/1,10000,Score in Half,n/a,Yes 2500 Envelopes A9
Majestic,Silk,8.5 x 11,Vertical,Rectangle,16PT C2S,No Coating,Silk,n/a,4/1,10000,Score in Half,n/a,Yes 2500 Envelopes A9
Majestic,Silk,8.5 x 11,Horizontal,Rectangle,16PT C2S,No Coating,Silk,n/a,4/4,10000,Score in Half,n/a,Yes 2500 Envelopes A9
Majestic,Silk,8.5 x 11,Vertical,Rectangle,16PT C2S,No Coating,Silk,n/a,4/4,10000,Score in Half,n/a,Yes 2500 Envelopes A9
Majestic,Silk,8.5 x 11,Vertical,Rectangle,16PT C2S,No Coating,Silk,n/a,4/0,25,Score in Half,n/a,Yes 5000 Envelopes A9
Majestic,Silk,8.5 x 11,Horizontal,Rectangle,16PT C2S,No Coating,Silk,n/a,4/0,25,Score in Half,n/a,Yes 5000 Envelopes A9
Majestic,Silk,8.5 x 11,Horizontal,Rectangle,16PT C2S,No Coating,Silk,n/a,4/1,25,Score in Half,n/a,Yes 5000 Envelopes A9
Majestic,Silk,8.5 x 11,Vertical,Rectangle,16PT C2S,No Coating,Silk,n/a,4/1,25,Score in Half,n/a,Yes 5000 Envelopes A9
Majestic,Silk,8.5 x 11,Horizontal,Rectangle,16PT C2S,No Coating,Silk,n/a,4/4,25,Score in Half,n/a,Yes 5000 Envelopes A9
Majestic,Silk,8.5 x 11,Vertical,Rectangle,16PT C2S,No Coating,Silk,n/a,4/4,10000,Score in Half,n/a,Yes 50 Envelopes A9
Majestic,Silk,8.5 x 11,Horizontal,Rectangle,16PT C2S,No Coating,Silk,n/a,4/0,50,Score in Half,n/a,Yes 5000 Envelopes A9
Majestic,Silk,8.5 x 11,Vertical,Rectangle,16PT C2S,No Coating,Silk,n/a,4/0,50,Score in Half,n/a,Yes 5000 Envelopes A9
Majestic,Silk,8.5 x 11,Horizontal,Rectangle,16PT C2S,No Coating,Silk,n/a,4/1,50,Score in Half,n/a,Yes 5000 Envelopes A9
Majestic,Silk,8.5 x 11,Vertical,Rectangle,16PT C2S,No Coating,Silk,n/a,4/1,50,Score in Half,n/a,Yes 5000 Envelopes A9
Majestic,Silk,8.5 x 11,Horizontal,Rectangle,16PT C2S,No Coating,Silk,n/a,4/4,50,Score in Half,n/a,Yes 5000 Envelopes A9
Majestic,Silk,8.5 x 11,Vertical,Rectangle,16PT C2S,No Coating,Silk,n/a,4/4,50,Score in Half,n/a,Yes 5000 Envelopes A9
Majestic,Silk,8.5 x 11,Horizontal,Rectangle,16PT C2S,No Coating,Silk,n/a,4/0,75,Score in Half,n/a,Yes 5000 Envelopes A9
Majestic,Silk,8.5 x 11,Vertical,Rectangle,16PT C2S,No Coating,Silk,n/a,4/0,75,Score in Half,n/a,Yes 5000 Envelopes A9
Majestic,Silk,8.5 x 11,Horizontal,Rectangle,16PT C2S,No Coating,Silk,n/a,4/4,75,Score in Half,n/a,Yes 5000 Envelopes A9
Majestic,Silk,8.5 x 11,Horizontal,Rectangle,16PT C2S,No Coating,Silk,n/a,4/1,75,Score in Half,n/a,Yes 5000 Envelopes A9
Majestic,Silk,8.5 x 11,Vertical,Rectangle,16PT C2S,No Coating,Silk,n/a,4/1,75,Score in Half,n/a,Yes 5000 Envelopes A9
Majestic,Silk,8.5 x 11,Vertical,Rectangle,16PT C2S,No Coating,Silk,n/a,4/4,75,Score in Half,n/a,Yes 5000 Envelopes A9
Majestic,Silk,8.5 x 11,Horizontal,Rectangle,16PT C2S,No Coating,Silk,n/a,4/0,100,Score in Half,n/a,Yes 5000 Envelopes A9
Majestic,Silk,8.5 x 11,Horizontal,Rectangle,16PT C2S,No Coating,Silk,n/a,4/1,100,Score in Half,n/a,Yes 5000 Envelopes A9
Majestic,Silk,8.5 x 11,Vertical,Rectangle,16PT C2S,No Coating,Silk,n/a,4/0,100,Score in Half,n/a,Yes 5000 Envelopes A9
Majestic,Silk,8.5 x 11,Vertical,Rectangle,16PT C2S,No Coating,Silk,n/a,4/1,100,Score in Half,n/a,Yes 5000 Envelopes A9
Majestic,Silk,8.5 x 11,Horizontal,Rectangle,16PT C2S,No Coating,Silk,n/a,4/4,100,Score in Half,n/a,Yes 5000 Envelopes A9
Majestic,Silk,8.5 x 11,Vertical,Rectangle,16PT C2S,No Coating,Silk,n/a,4/4,100,Score in Half,n/a,Yes 5000 Envelopes A9
Majestic,Silk,8.5 x 11,Vertical,Rectangle,16PT C2S,No Coating,Silk,n/a,4/0,250,Score in Half,n/a,Yes 5000 Envelopes A9
Majestic,Silk,8.5 x 11,Horizontal,Rectangle,16PT C2S,No Coating,Silk,n/a,4/0,250,Score in Half,n/a,Yes 5000 Envelopes A9
Majestic,Silk,8.5 x 11,Horizontal,Rectangle,16PT C2S,No Coating,Silk,n/a,4/1,250,Score in Half,n/a,Yes 5000 Envelopes A9
Majestic,Silk,8.5 x 11,Vertical,Rectangle,16PT C2S,No Coating,Silk,n/a,4/4,250,Score in Half,n/a,Yes 5000 Envelopes A9
Majestic,Silk,8.5 x 11,Horizontal,Rectangle,16PT C2S,No Coating,Silk,n/a,4/4,250,Score in Half,n/a,Yes 5000 Envelopes A9
Majestic,Silk,8.5 x 11,Vertical,Rectangle,16PT C2S,No Coating,Silk,n/a,4/1,250,Score in Half,n/a,Yes 5000 Envelopes A9
Majestic,Silk,8.5 x 11,Horizontal,Rectangle,16PT C2S,No Coating,Silk,n/a,4/0,500,Score in Half,n/a,Yes 5000 Envelopes A9
Majestic,Silk,8.5 x 11,Vertical,Rectangle,16PT C2S,No Coating,Silk,n/a,4/0,500,Score in Half,n/a,Yes 5000 Envelopes A9
Majestic,Silk,8.5 x 11,Horizontal,Rectangle,16PT C2S,No Coating,Silk,n/a,4/1,500,Score in Half,n/a,Yes 5000 Envelopes A9
Majestic,Silk,8.5 x 11,Vertical,Rectangle,16PT C2S,No Coating,Silk,n/a,4/1,500,Score in Half,n/a,Yes 5000 Envelopes A9
Majestic,Silk,8.5 x 11,Horizontal,Rectangle,16PT C2S,No Coating,Silk,n/a,4/4,500,Score in Half,n/a,Yes 5000 Envelopes A9
Majestic,Silk,8.5 x 11,Vertical,Rectangle,16PT C2S,No Coating,Silk,n/a,4/4,500,Score in Half,n/a,Yes 5000 Envelopes A9
Majestic,Silk,8.5 x 11,Horizontal,Rectangle,16PT C2S,No Coating,Silk,n/a,4/0,1000,Score in Half,n/a,Yes 5000 Envelopes A9
Majestic,Silk,8.5 x 11,Vertical,Rectangle,16PT C2S,No Coating,Silk,n/a,4/0,1000,Score in Half,n/a,Yes 5000 Envelopes A9
Majestic,Silk,8.5 x 11,Horizontal,Rectangle,16PT C2S,No Coating,Silk,n/a,4/1,1000,Score in Half,n/a,Yes 5000 Envelopes A9
Majestic,Silk,8.5 x 11,Vertical,Rectangle,16PT C2S,No Coating,Silk,n/a,4/1,1000,Score in Half,n/a,Yes 5000 Envelopes A9
Majestic,Silk,8.5 x 11,Horizontal,Rectangle,16PT C2S,No Coating,Silk,n/a,4/4,1000,Score in Half,n/a,Yes 5000 Envelopes A9
Majestic,Silk,8.5 x 11,Vertical,Rectangle,16PT C2S,No Coating,Silk,n/a,4/4,25,Score in Half,n/a,Yes 5000 Envelopes A9
Majestic,Silk,8.5 x 11,Horizontal,Rectangle,16PT C2S,No Coating,Silk,n/a,4/0,2500,Score in Half,n/a,Yes 5000 Envelopes A9
Majestic,Silk,8.5 x 11,Vertical,Rectangle,16PT C2S,No Coating,Silk,n/a,4/1,5000,Score in Half,n/a,Yes 250 Envelopes A9
Majestic,Silk,8.5 x 11,Horizontal,Rectangle,16PT C2S,No Coating,Silk,n/a,4/1,2500,Score in Half,n/a,Yes 5000 Envelopes A9
Majestic,Silk,8.5 x 11,Vertical,Rectangle,16PT C2S,No Coating,Silk,n/a,4/1,2500,Score in Half,n/a,Yes 5000 Envelopes A9
Majestic,Silk,8.5 x 11,Horizontal,Rectangle,16PT C2S,No Coating,Silk,n/a,4/4,2500,Score in Half,n/a,Yes 5000 Envelopes A9
Majestic,Silk,8.5 x 11,Vertical,Rectangle,16PT C2S,No Coating,Silk,n/a,4/4,2500,Score in Half,n/a,Yes 5000 Envelopes A9
Majestic,Silk,8.5 x 11,Vertical,Rectangle,16PT C2S,No Coating,Silk,n/a,4/0,2500,Score in Half,n/a,Yes 5000 Envelopes A9
Majestic,Silk,8.5 x 11,Vertical,Rectangle,16PT C2S,No Coating,Silk,n/a,4/0,5000,Score in Half,n/a,Yes 5000 Envelopes A9
Majestic,Silk,8.5 x 11,Horizontal,Rectangle,16PT C2S,No Coating,Silk,n/a,4/1,5000,Score in Half,n/a,Yes 5000 Envelopes A9
Majestic,Silk,8.5 x 11,Vertical,Rectangle,16PT C2S,No Coating,Silk,n/a,4/1,5000,Score in Half,n/a,Yes 5000 Envelopes A9
Majestic,Silk,8.5 x 11,Horizontal,Rectangle,16PT C2S,No Coating,Silk,n/a,4/0,5000,Score in Half,n/a,Yes 5000 Envelopes A9
Majestic,Silk,8.5 x 11,Vertical,Rectangle,16PT C2S,No Coating,Silk,n/a,4/4,5000,Score in Half,n/a,Yes 5000 Envelopes A9
Majestic,Silk,8.5 x 11,Horizontal,Rectangle,16PT C2S,No Coating,Silk,n/a,4/0,10000,Score in Half,n/a,Yes 5000 Envelopes A9
Majestic,Silk,8.5 x 11,Vertical,Rectangle,16PT C2S,No Coating,Silk,n/a,4/0,10000,Score in Half,n/a,Yes 5000 Envelopes A9
Majestic,Silk,8.5 x 11,Horizontal,Rectangle,16PT C2S,No Coating,Silk,n/a,4/1,10000,Score in Half,n/a,Yes 5000 Envelopes A9
Majestic,Silk,8.5 x 11,Vertical,Rectangle,16PT C2S,No Coating,Silk,n/a,4/1,10000,Score in Half,n/a,Yes 5000 Envelopes A9
Majestic,Silk,8.5 x 11,Horizontal,Rectangle,16PT C2S,No Coating,Silk,n/a,4/4,10000,Score in Half,n/a,Yes 5000 Envelopes A9
Majestic,Silk,8.5 x 11,Vertical,Rectangle,16PT C2S,No Coating,Silk,n/a,4/4,10000,Score in Half,n/a,Yes 5000 Envelopes A9
Majestic,Silk,8.5 x 11,Horizontal,Rectangle,16PT C2S,No Coating,Silk,n/a,4/0,25,Score in Half,n/a,Yes 10000 Envelopes A9
Majestic,Silk,8.5 x 11,Vertical,Rectangle,16PT C2S,No Coating,Silk,n/a,4/0,25,Score in Half,n/a,Yes 10000 Envelopes A9
Majestic,Silk,8.5 x 11,Horizontal,Rectangle,16PT C2S,No Coating,Silk,n/a,4/1,25,Score in Half,n/a,Yes 10000 Envelopes A9
Majestic,Silk,8.5 x 11,Vertical,Rectangle,16PT C2S,No Coating,Silk,n/a,4/1,25,Score in Half,n/a,Yes 10000 Envelopes A9
Majestic,Silk,8.5 x 11,Horizontal,Rectangle,16PT C2S,No Coating,Silk,n/a,4/4,25,Score in Half,n/a,Yes 10000 Envelopes A9
Majestic,Silk,8.5 x 11,Vertical,Rectangle,16PT C2S,No Coating,Silk,n/a,4/4,25,Score in Half,n/a,Yes 10000 Envelopes A9
Majestic,Silk,8.5 x 11,Horizontal,Rectangle,16PT C2S,No Coating,Silk,n/a,4/0,50,Score in Half,n/a,Yes 10000 Envelopes A9
Majestic,Silk,8.5 x 11,Vertical,Rectangle,16PT C2S,No Coating,Silk,n/a,4/0,50,Score in Half,n/a,Yes 10000 Envelopes A9
Majestic,Silk,8.5 x 11,Horizontal,Rectangle,16PT C2S,No Coating,Silk,n/a,4/1,50,Score in Half,n/a,Yes 10000 Envelopes A9
Majestic,Silk,8.5 x 11,Vertical,Rectangle,16PT C2S,No Coating,Silk,n/a,4/1,50,Score in Half,n/a,Yes 10000 Envelopes A9
Majestic,Silk,8.5 x 11,Vertical,Rectangle,16PT C2S,No Coating,Silk,n/a,4/4,50,Score in Half,n/a,Yes 10000 Envelopes A9
Majestic,Silk,8.5 x 11,Horizontal,Rectangle,16PT C2S,No Coating,Silk,n/a,4/4,50,Score in Half,n/a,Yes 10000 Envelopes A9
Majestic,Silk,8.5 x 11,Horizontal,Rectangle,16PT C2S,No Coating,Silk,n/a,4/0,75,Score in Half,n/a,Yes 10000 Envelopes A9
Majestic,Silk,8.5 x 11,Vertical,Rectangle,16PT C2S,No Coating,Silk,n/a,4/0,75,Score in Half,n/a,Yes 10000 Envelopes A9
Majestic,Silk,8.5 x 11,Horizontal,Rectangle,16PT C2S,No Coating,Silk,n/a,4/1,75,Score in Half,n/a,Yes 10000 Envelopes A9
Majestic,Silk,8.5 x 11,Vertical,Rectangle,16PT C2S,No Coating,Silk,n/a,4/1,75,Score in Half,n/a,Yes 10000 Envelopes A9
Majestic,Silk,8.5 x 11,Horizontal,Rectangle,16PT C2S,No Coating,Silk,n/a,4/4,75,Score in Half,n/a,Yes 10000 Envelopes A9
Majestic,Silk,8.5 x 11,Vertical,Rectangle,16PT C2S,No Coating,Silk,n/a,4/4,75,Score in Half,n/a,Yes 10000 Envelopes A9
Majestic,Silk,8.5 x 11,Horizontal,Rectangle,16PT C2S,No Coating,Silk,n/a,4/0,100,Score in Half,n/a,Yes 10000 Envelopes A9
Majestic,Silk,8.5 x 11,Vertical,Rectangle,16PT C2S,No Coating,Silk,n/a,4/0,100,Score in Half,n/a,Yes 10000 Envelopes A9
Majestic,Silk,8.5 x 11,Horizontal,Rectangle,16PT C2S,No Coating,Silk,n/a,4/1,100,Score in Half,n/a,Yes 10000 Envelopes A9
Majestic,Silk,8.5 x 11,Vertical,Rectangle,16PT C2S,No Coating,Silk,n/a,4/4,1000,Score in Half,n/a,Yes 5000 Envelopes A9
Majestic,Silk,8.5 x 11,Horizontal,Rectangle,16PT C2S,No Coating,Silk,n/a,4/4,100,Score in Half,n/a,Yes 10000 Envelopes A9
Majestic,Silk,8.5 x 11,Vertical,Rectangle,16PT C2S,No Coating,Silk,n/a,4/4,100,Score in Half,n/a,Yes 10000 Envelopes A9
Majestic,Silk,8.5 x 11,Horizontal,Rectangle,16PT C2S,No Coating,Silk,n/a,4/0,250,Score in Half,n/a,Yes 10000 Envelopes A9
Majestic,Silk,8.5 x 11,Vertical,Rectangle,16PT C2S,No Coating,Silk,n/a,4/0,250,Score in Half,n/a,Yes 10000 Envelopes A9
Majestic,Silk,8.5 x 11,Horizontal,Rectangle,16PT C2S,No Coating,Silk,n/a,4/1,250,Score in Half,n/a,Yes 10000 Envelopes A9
Majestic,Silk,8.5 x 11,Vertical,Rectangle,16PT C2S,No Coating,Silk,n/a,4/1,250,Score in Half,n/a,Yes 10000 Envelopes A9
Majestic,Silk,8.5 x 11,Horizontal,Rectangle,16PT C2S,No Coating,Silk,n/a,4/4,250,Score in Half,n/a,Yes 10000 Envelopes A9
Majestic,Silk,8.5 x 11,Vertical,Rectangle,16PT C2S,No Coating,Silk,n/a,4/4,250,Score in Half,n/a,Yes 10000 Envelopes A9
Majestic,Silk,8.5 x 11,Horizontal,Rectangle,16PT C2S,No Coating,Silk,n/a,4/0,500,Score in Half,n/a,Yes 10000 Envelopes A9
Majestic,Silk,8.5 x 11,Vertical,Rectangle,16PT C2S,No Coating,Silk,n/a,4/0,500,Score in Half,n/a,Yes 10000 Envelopes A9
Majestic,Silk,8.5 x 11,Horizontal,Rectangle,16PT C2S,No Coating,Silk,n/a,4/1,500,Score in Half,n/a,Yes 10000 Envelopes A9
Majestic,Silk,8.5 x 11,Vertical,Rectangle,16PT C2S,No Coating,Silk,n/a,4/1,500,Score in Half,n/a,Yes 10000 Envelopes A9
Majestic,Silk,8.5 x 11,Horizontal,Rectangle,16PT C2S,No Coating,Silk,n/a,4/4,500,Score in Half,n/a,Yes 10000 Envelopes A9
Majestic,Silk,8.5 x 11,Vertical,Rectangle,16PT C2S,No Coating,Silk,n/a,4/1,100,Score in Half,n/a,Yes 10000 Envelopes A9
Majestic,Silk,8.5 x 11,Horizontal,Rectangle,16PT C2S,No Coating,Silk,n/a,4/0,1000,Score in Half,n/a,Yes 10000 Envelopes A9
Majestic,Silk,8.5 x 11,Horizontal,Rectangle,16PT C2S,No Coating,Silk,n/a,4/4,5000,Score in Half,n/a,Yes 5000 Envelopes A9
Majestic,Silk,8.5 x 11,Horizontal,Rectangle,16PT C2S,No Coating,Silk,n/a,4/1,1000,Score in Half,n/a,Yes 10000 Envelopes A9
Majestic,Silk,8.5 x 11,Vertical,Rectangle,16PT C2S,No Coating,Silk,n/a,4/0,1000,Score in Half,n/a,Yes 10000 Envelopes A9
Majestic,Silk,8.5 x 11,Horizontal,Rectangle,16PT C2S,No Coating,Silk,n/a,4/4,1000,Score in Half,n/a,Yes 10000 Envelopes A9
Majestic,Silk,8.5 x 11,Vertical,Rectangle,16PT C2S,No Coating,Silk,n/a,4/4,500,Score in Half,n/a,Yes 10000 Envelopes A9
Majestic,Silk,8.5 x 11,Horizontal,Rectangle,16PT C2S,No Coating,Silk,n/a,4/0,2500,Score in Half,n/a,Yes 10000 Envelopes A9
Majestic,Silk,8.5 x 11,Vertical,Rectangle,16PT C2S,No Coating,Silk,n/a,4/0,2500,Score in Half,n/a,Yes 10000 Envelopes A9
Majestic,Silk,8.5 x 11,Horizontal,Rectangle,16PT C2S,No Coating,Silk,n/a,4/1,2500,Score in Half,n/a,Yes 10000 Envelopes A9
Majestic,Silk,8.5 x 11,Vertical,Rectangle,16PT C2S,No Coating,Silk,n/a,4/1,2500,Score in Half,n/a,Yes 10000 Envelopes A9
Majestic,Silk,8.5 x 11,Horizontal,Rectangle,16PT C2S,No Coating,Silk,n/a,4/4,2500,Score in Half,n/a,Yes 10000 Envelopes A9
Majestic,Silk,8.5 x 11,Vertical,Rectangle,16PT C2S,No Coating,Silk,n/a,4/4,2500,Score in Half,n/a,Yes 10000 Envelopes A9
Majestic,Silk,8.5 x 11,Horizontal,Rectangle,16PT C2S,No Coating,Silk,n/a,4/0,5000,Score in Half,n/a,Yes 10000 Envelopes A9
Majestic,Silk,8.5 x 11,Vertical,Rectangle,16PT C2S,No Coating,Silk,n/a,4/0,10000,Score in Half,n/a,Yes 100 Envelopes A9
Majestic,Silk,8.5 x 11,Horizontal,Rectangle,16PT C2S,No Coating,Silk,n/a,4/1,5000,Score in Half,n/a,Yes 10000 Envelopes A9
Majestic,Silk,8.5 x 11,Vertical,Rectangle,16PT C2S,No Coating,Silk,n/a,4/1,5000,Score in Half,n/a,Yes 10000 Envelopes A9
Majestic,Silk,8.5 x 11,Horizontal,Rectangle,16PT C2S,No Coating,Silk,n/a,4/4,5000,Score in Half,n/a,Yes 10000 Envelopes A9
Majestic,Silk,8.5 x 11,Vertical,Rectangle,16PT C2S,No Coating,Silk,n/a,4/4,5000,Score in Half,n/a,Yes 10000 Envelopes A9
Majestic,Silk,8.5 x 11,Horizontal,Rectangle,16PT C2S,No Coating,Silk,n/a,4/0,10000,Score in Half,n/a,Yes 10000 Envelopes A9
Majestic,Silk,8.5 x 11,Vertical,Rectangle,16PT C2S,No Coating,Silk,n/a,4/0,10000,Score in Half,n/a,Yes 10000 Envelopes A9
Majestic,Silk,8.5 x 11,Horizontal,Rectangle,16PT C2S,No Coating,Silk,n/a,4/1,10000,Score in Half,n/a,Yes 10000 Envelopes A9
Majestic,Silk,8.5 x 11,Vertical,Rectangle,16PT C2S,No Coating,Silk,n/a,4/4,10000,Score in Half,n/a,Yes 10000 Envelopes A9
Majestic,Silk,8.5 x 11,Vertical,Rectangle,16PT C2S,No Coating,Silk,n/a,4/1,10000,Score in Half,n/a,Yes 10000 Envelopes A9
Majestic,Silk,8.5 x 11,Horizontal,Rectangle,16PT C2S,No Coating,Silk,n/a,4/4,10000,Score in Half,n/a,Yes 10000 Envelopes A9
Majestic,Silk,4.25 x 11,Horizontal,Rectangle,16PT C2S,Spot UV,Silk,Spot UV Front,4/1,500,Score in Half,Moon Slits Bottom Panel,Yes 500 Envelopes A2
Majestic,Silk,5.5 x 8.5,Vertical,Rectangle,16PT C2S,Spot UV,Silk,Spot UV Front,4/1,500,Score in Half,Moon Slits Bottom Panel,Yes 500 Envelopes A2
Majestic,Silk,4.25 x 11,Vertical,Rectangle,16PT C2S,Spot UV,Silk,Spot UV Front,4/1,500,Score in Half,Moon Slits Bottom Panel,Yes 500 Envelopes A2
Majestic,Silk,5.5 x 8.5,Horizontal,Rectangle,16PT C2S,Spot UV,Silk,Spot UV Front,4/1,500,Score in Half,Moon Slits Bottom Panel,Yes 500 Envelopes A2
Majestic,Silk,4.25 x 11,Horizontal,Rectangle,16PT C2S,Spot UV,Silk,Spot UV Back,4/1,500,Score in Half,Moon Slits Bottom Panel,Yes 500 Envelopes A2
Majestic,Silk,5.5 x 8.5,Horizontal,Rectangle,16PT C2S,Spot UV,Silk,Spot UV Back,4/1,500,Score in Half,Moon Slits Bottom Panel,Yes 500 Envelopes A2
Majestic,Silk,4.25 x 11,Vertical,Rectangle,16PT C2S,Spot UV,Silk,Spot UV Back,4/1,500,Score in Half,Moon Slits Bottom Panel,Yes 500 Envelopes A2
Majestic,Silk,5.5 x 8.5,Horizontal,Rectangle,16PT C2S,Spot UV,Silk,Spot UV Both Sides,4/1,500,Score in Half,Moon Slits Bottom Panel,Yes 500 Envelopes A2
Majestic,Silk,5.5 x 8.5,Vertical,Rectangle,16PT C2S,Spot UV,Silk,Spot UV Back,4/1,500,Score in Half,Moon Slits Bottom Panel,Yes 500 Envelopes A2
Majestic,Silk,4.25 x 11,Vertical,Rectangle,16PT C2S,Spot UV,Silk,Spot UV Both Sides,4/1,500,Score in Half,Moon Slits Bottom Panel,Yes 500 Envelopes A2
Majestic,Silk,4.25 x 11,Horizontal,Rectangle,16PT C2S,Spot UV,Silk,Spot UV Both Sides,4/1,500,Score in Half,Moon Slits Bottom Panel,Yes 500 Envelopes A2
Majestic,Silk,5.5 x 8.5,Vertical,Rectangle,16PT C2S,Spot UV,Silk,Spot UV Both Sides,4/1,500,Score in Half,Moon Slits Bottom Panel,Yes 500 Envelopes A2
Majestic,Silk,5.5 x 8.5,Horizontal,Rectangle,16PT C2S,Spot UV,Silk,Spot UV Front,4/4 (4 color both sides),500,Score in Half,Moon Slits Bottom Panel,Yes 500 Envelopes A2
Majestic,Silk,5.5 x 8.5,Vertical,Rectangle,16PT C2S,Spot UV,Silk,Spot UV Front,4/4 (4 color both sides),500,Score in Half,Moon Slits Bottom Panel,Yes 500 Envelopes A2
Majestic,Silk,4.25 x 11,Vertical,Rectangle,16PT C2S,Spot UV,Silk,Spot UV Front,4/4 (4 color both sides),500,Score in Half,Moon Slits Bottom Panel,Yes 500 Envelopes A2
Majestic,Silk,4.25 x 11,Horizontal,Rectangle,16PT C2S,Spot UV,Silk,Spot UV Front,4/4 (4 color both sides),500,Score in Half,Moon Slits Bottom Panel,Yes 500 Envelopes A2
Majestic,Silk,4.25 x 11,Horizontal,Rectangle,16PT C2S,Spot UV,Silk,Spot UV Back,4/4 (4 color both sides),500,Score in Half,Moon Slits Bottom Panel,Yes 500 Envelopes A2
Majestic,Silk,5.5 x 8.5,Horizontal,Rectangle,16PT C2S,Spot UV,Silk,Spot UV Back,4/4 (4 color both sides),500,Score in Half,Moon Slits Bottom Panel,Yes 500 Envelopes A2
Majestic,Silk,4.25 x 11,Horizontal,Rectangle,16PT C2S,Spot UV,Silk,Spot UV Both Sides,4/4 (4 color both sides),500,Score in Half,Moon Slits Bottom Panel,Yes 500 Envelopes A2
Majestic,Silk,5.5 x 8.5,Horizontal,Rectangle,16PT C2S,Spot UV,Silk,Spot UV Both Sides,4/4 (4 color both sides),500,Score in Half,Moon Slits Bottom Panel,Yes 500 Envelopes A2
Majestic,Silk,5.5 x 8.5,Vertical,Rectangle,16PT C2S,Spot UV,Silk,Spot UV Back,4/4 (4 color both sides),500,Score in Half,Moon Slits Bottom Panel,Yes 500 Envelopes A2
Majestic,Silk,4.25 x 11,Vertical,Rectangle,16PT C2S,Spot UV,Silk,Spot UV Back,4/4 (4 color both sides),500,Score in Half,Moon Slits Bottom Panel,Yes 500 Envelopes A2
Majestic,Silk,4.25 x 11,Vertical,Rectangle,16PT C2S,Spot UV,Silk,Spot UV Both Sides,4/4 (4 color both sides),500,Score in Half,Moon Slits Bottom Panel,Yes 500 Envelopes A2
Majestic,Silk,5.5 x 8.5,Vertical,Rectangle,16PT C2S,Spot UV,Silk,Spot UV Both Sides,4/4 (4 color both sides),500,Score in Half,Moon Slits Bottom Panel,Yes 500 Envelopes A2
Majestic,Silk,4.25 x 11,Vertical,Rectangle,16PT C2S,Spot UV,Silk,Spot UV Front,4/1,1000,Score in Half,Moon Slits Bottom Panel,Yes 500 Envelopes A2
Majestic,Silk,5.5 x 8.5,Vertical,Rectangle,16PT C2S,Spot UV,Silk,Spot UV Front,4/1,1000,Score in Half,Moon Slits Bottom Panel,Yes 500 Envelopes A2
Majestic,Silk,4.25 x 11,Horizontal,Rectangle,16PT C2S,Spot UV,Silk,Spot UV Front,4/1,1000,Score in Half,Moon Slits Bottom Panel,Yes 500 Envelopes A2
Majestic,Silk,5.5 x 8.5,Horizontal,Rectangle,16PT C2S,Spot UV,Silk,Spot UV Front,4/1,1000,Score in Half,Moon Slits Bottom Panel,Yes 500 Envelopes A2
Majestic,Silk,8.5 x 11,Vertical,Rectangle,16PT C2S,No Coating,Silk,n/a,4/0,5000,Score in Half,n/a,Yes 10000 Envelopes A9
Majestic,Silk,4.25 x 11,Horizontal,Rectangle,16PT C2S,Spot UV,Silk,Spot UV Back,4/1,1000,Score in Half,Moon Slits Bottom Panel,Yes 500 Envelopes A2
Majestic,Silk,4.25 x 11,Vertical,Rectangle,16PT C2S,Spot UV,Silk,Spot UV Back,4/1,1000,Score in Half,Moon Slits Bottom Panel,Yes 500 Envelopes A2
Majestic,Silk,4.25 x 11,Horizontal,Rectangle,16PT C2S,Spot UV,Silk,Spot UV Both Sides,4/1,1000,Score in Half,Moon Slits Bottom Panel,Yes 500 Envelopes A2
Majestic,Silk,5.5 x 8.5,Horizontal,Rectangle,16PT C2S,Spot UV,Silk,Spot UV Both Sides,4/1,1000,Score in Half,Moon Slits Bottom Panel,Yes 500 Envelopes A2
Majestic,Silk,5.5 x 8.5,Vertical,Rectangle,16PT C2S,Spot UV,Silk,Spot UV Back,4/1,1000,Score in Half,Moon Slits Bottom Panel,Yes 500 Envelopes A2
Majestic,Silk,5.5 x 8.5,Vertical,Rectangle,16PT C2S,Spot UV,Silk,Spot UV Both Sides,4/1,1000,Score in Half,Moon Slits Bottom Panel,Yes 500 Envelopes A2
Majestic,Silk,4.25 x 11,Horizontal,Rectangle,16PT C2S,Spot UV,Silk,Spot UV Front,4/4 (4 color both sides),1000,Score in Half,Moon Slits Bottom Panel,Yes 500 Envelopes A2
Majestic,Silk,4.25 x 11,Vertical,Rectangle,16PT C2S,Spot UV,Silk,Spot UV Both Sides,4/1,1000,Score in Half,Moon Slits Bottom Panel,Yes 500 Envelopes A2
Majestic,Silk,5.5 x 8.5,Horizontal,Rectangle,16PT C2S,Spot UV,Silk,Spot UV Front,4/4 (4 color both sides),1000,Score in Half,Moon Slits Bottom Panel,Yes 500 Envelopes A2
Majestic,Silk,4.25 x 11,Vertical,Rectangle,16PT C2S,Spot UV,Silk,Spot UV Front,4/4 (4 color both sides),1000,Score in Half,Moon Slits Bottom Panel,Yes 500 Envelopes A2
Majestic,Silk,5.5 x 8.5,Vertical,Rectangle,16PT C2S,Spot UV,Silk,Spot UV Front,4/4 (4 color both sides),1000,Score in Half,Moon Slits Bottom Panel,Yes 500 Envelopes A2
Majestic,Silk,4.25 x 11,Horizontal,Rectangle,16PT C2S,Spot UV,Silk,Spot UV Back,4/4 (4 color both sides),1000,Score in Half,Moon Slits Bottom Panel,Yes 500 Envelopes A2
Majestic,Silk,4.25 x 11,Vertical,Rectangle,16PT C2S,Spot UV,Silk,Spot UV Back,4/4 (4 color both sides),1000,Score in Half,Moon Slits Bottom Panel,Yes 500 Envelopes A2
Majestic,Silk,8.5 x 11,Vertical,Rectangle,16PT C2S,No Coating,Silk,n/a,4/1,1000,Score in Half,n/a,Yes 10000 Envelopes A9
Majestic,Silk,5.5 x 8.5,Horizontal,Rectangle,16PT C2S,Spot UV,Silk,Spot UV Back,4/4 (4 color both sides),1000,Score in Half,Moon Slits Bottom Panel,Yes 500 Envelopes A2
Majestic,Silk,5.5 x 8.5,Horizontal,Rectangle,16PT C2S,Spot UV,Silk,Spot UV Both Sides,4/4 (4 color both sides),1000,Score in Half,Moon Slits Bottom Panel,Yes 500 Envelopes A2
Majestic,Silk,4.25 x 11,Vertical,Rectangle,16PT C2S,Spot UV,Silk,Spot UV Both Sides,4/4 (4 color both sides),1000,Score in Half,Moon Slits Bottom Panel,Yes 500 Envelopes A2
Majestic,Silk,4.25 x 11,Horizontal,Rectangle,16PT C2S,Spot UV,Silk,Spot UV Both Sides,4/4 (4 color both sides),1000,Score in Half,Moon Slits Bottom Panel,Yes 500 Envelopes A2
Majestic,Silk,8.5 x 11,Vertical,Rectangle,16PT C2S,No Coating,Silk,n/a,4/4,1000,Score in Half,n/a,Yes 10000 Envelopes A9
Majestic,Silk,4.25 x 11,Horizontal,Rectangle,16PT C2S,Spot UV,Silk,Spot UV Front,4/1,2500,Score in Half,Moon Slits Bottom Panel,Yes 500 Envelopes A2
Majestic,Silk,5.5 x 8.5,Horizontal,Rectangle,16PT C2S,Spot UV,Silk,Spot UV Front,4/1,2500,Score in Half,Moon Slits Bottom Panel,Yes 500 Envelopes A2
Majestic,Silk,4.25 x 11,Horizontal,Rectangle,16PT C2S,Spot UV,Silk,Spot UV Back,4/1,2500,Score in Half,Moon Slits Bottom Panel,Yes 500 Envelopes A2
Majestic,Silk,4.25 x 11,Vertical,Rectangle,16PT C2S,Spot UV,Silk,Spot UV Front,4/1,2500,Score in Half,Moon Slits Bottom Panel,Yes 500 Envelopes A2
Majestic,Silk,5.5 x 8.5,Horizontal,Rectangle,16PT C2S,Spot UV,Silk,Spot UV Back,4/1,2500,Score in Half,Moon Slits Bottom Panel,Yes 500 Envelopes A2
Majestic,Silk,5.5 x 8.5,Vertical,Rectangle,16PT C2S,Spot UV,Silk,Spot UV Front,4/1,2500,Score in Half,Moon Slits Bottom Panel,Yes 500 Envelopes A2
Majestic,Silk,4.25 x 11,Vertical,Rectangle,16PT C2S,Spot UV,Silk,Spot UV Back,4/1,2500,Score in Half,Moon Slits Bottom Panel,Yes 500 Envelopes A2
Majestic,Silk,4.25 x 11,Horizontal,Rectangle,16PT C2S,Spot UV,Silk,Spot UV Both Sides,4/1,2500,Score in Half,Moon Slits Bottom Panel,Yes 500 Envelopes A2
Majestic,Silk,5.5 x 8.5,Vertical,Rectangle,16PT C2S,Spot UV,Silk,Spot UV Back,4/1,2500,Score in Half,Moon Slits Bottom Panel,Yes 500 Envelopes A2
Majestic,Silk,5.5 x 8.5,Horizontal,Rectangle,16PT C2S,Spot UV,Silk,Spot UV Both Sides,4/1,2500,Score in Half,Moon Slits Bottom Panel,Yes 500 Envelopes A2
Majestic,Silk,4.25 x 11,Vertical,Rectangle,16PT C2S,Spot UV,Silk,Spot UV Both Sides,4/1,2500,Score in Half,Moon Slits Bottom Panel,Yes 500 Envelopes A2
Majestic,Silk,5.5 x 8.5,Vertical,Rectangle,16PT C2S,Spot UV,Silk,Spot UV Both Sides,4/1,2500,Score in Half,Moon Slits Bottom Panel,Yes 500 Envelopes A2
Majestic,Silk,5.5 x 8.5,Vertical,Rectangle,16PT C2S,Spot UV,Silk,Spot UV Front,4/4 (4 color both sides),2500,Score in Half,Moon Slits Bottom Panel,Yes 500 Envelopes A2
Majestic,Silk,4.25 x 11,Vertical,Rectangle,16PT C2S,Spot UV,Silk,Spot UV Front,4/4 (4 color both sides),2500,Score in Half,Moon Slits Bottom Panel,Yes 500 Envelopes A2
Majestic,Silk,5.5 x 8.5,Horizontal,Rectangle,16PT C2S,Spot UV,Silk,Spot UV Front,4/4 (4 color both sides),2500,Score in Half,Moon Slits Bottom Panel,Yes 500 Envelopes A2
Majestic,Silk,4.25 x 11,Horizontal,Rectangle,16PT C2S,Spot UV,Silk,Spot UV Front,4/4 (4 color both sides),2500,Score in Half,Moon Slits Bottom Panel,Yes 500 Envelopes A2
Majestic,Silk,4.25 x 11,Horizontal,Rectangle,16PT C2S,Spot UV,Silk,Spot UV Back,4/4 (4 color both sides),2500,Score in Half,Moon Slits Bottom Panel,Yes 500 Envelopes A2
Majestic,Silk,5.5 x 8.5,Horizontal,Rectangle,16PT C2S,Spot UV,Silk,Spot UV Back,4/4 (4 color both sides),2500,Score in Half,Moon Slits Bottom Panel,Yes 500 Envelopes A2
Majestic,Silk,4.25 x 11,Horizontal,Rectangle,16PT C2S,Spot UV,Silk,Spot UV Both Sides,4/4 (4 color both sides),2500,Score in Half,Moon Slits Bottom Panel,Yes 500 Envelopes A2
Majestic,Silk,5.5 x 8.5,Vertical,Rectangle,16PT C2S,Spot UV,Silk,Spot UV Back,4/4 (4 color both sides),2500,Score in Half,Moon Slits Bottom Panel,Yes 500 Envelopes A2
Majestic,Silk,4.25 x 11,Vertical,Rectangle,16PT C2S,Spot UV,Silk,Spot UV Back,4/4 (4 color both sides),2500,Score in Half,Moon Slits Bottom Panel,Yes 500 Envelopes A2
Majestic,Silk,5.5 x 8.5,Horizontal,Rectangle,16PT C2S,Spot UV,Silk,Spot UV Both Sides,4/4 (4 color both sides),2500,Score in Half,Moon Slits Bottom Panel,Yes 500 Envelopes A2
Majestic,Silk,4.25 x 11,Vertical,Rectangle,16PT C2S,Spot UV,Silk,Spot UV Both Sides,4/4 (4 color both sides),2500,Score in Half,Moon Slits Bottom Panel,Yes 500 Envelopes A2
Majestic,Silk,5.5 x 8.5,Vertical,Rectangle,16PT C2S,Spot UV,Silk,Spot UV Both Sides,4/4 (4 color both sides),2500,Score in Half,Moon Slits Bottom Panel,Yes 500 Envelopes A2
Majestic,Silk,5.5 x 8.5,Horizontal,Rectangle,16PT C2S,Spot UV,Silk,Spot UV Front,4/1,5000,Score in Half,Moon Slits Bottom Panel,Yes 500 Envelopes A2
Majestic,Silk,4.25 x 11,Vertical,Rectangle,16PT C2S,Spot UV,Silk,Spot UV Front,4/1,5000,Score in Half,Moon Slits Bottom Panel,Yes 500 Envelopes A2
Majestic,Silk,4.25 x 11,Horizontal,Rectangle,16PT C2S,Spot UV,Silk,Spot UV Front,4/1,5000,Score in Half,Moon Slits Bottom Panel,Yes 500 Envelopes A2
Majestic,Silk,4.25 x 11,Horizontal,Rectangle,16PT C2S,Spot UV,Silk,Spot UV Back,4/1,5000,Score in Half,Moon Slits Bottom Panel,Yes 500 Envelopes A2
Majestic,Silk,5.5 x 8.5,Horizontal,Rectangle,16PT C2S,Spot UV,Silk,Spot UV Back,4/1,1000,Score in Half,Moon Slits Bottom Panel,Yes 500 Envelopes A2
Majestic,Silk,5.5 x 8.5,Vertical,Rectangle,16PT C2S,Spot UV,Silk,Spot UV Front,4/1,5000,Score in Half,Moon Slits Bottom Panel,Yes 500 Envelopes A2
Majestic,Silk,5.5 x 8.5,Vertical,Rectangle,16PT C2S,Spot UV,Silk,Spot UV Back,4/1,5000,Score in Half,Moon Slits Bottom Panel,Yes 500 Envelopes A2
Majestic,Silk,4.25 x 11,Vertical,Rectangle,16PT C2S,Spot UV,Silk,Spot UV Back,4/1,5000,Score in Half,Moon Slits Bottom Panel,Yes 500 Envelopes A2
Majestic,Silk,4.25 x 11,Horizontal,Rectangle,16PT C2S,Spot UV,Silk,Spot UV Both Sides,4/1,5000,Score in Half,Moon Slits Bottom Panel,Yes 500 Envelopes A2
Majestic,Silk,4.25 x 11,Vertical,Rectangle,16PT C2S,Spot UV,Silk,Spot UV Both Sides,4/1,5000,Score in Half,Moon Slits Bottom Panel,Yes 500 Envelopes A2
Majestic,Silk,5.5 x 8.5,Horizontal,Rectangle,16PT C2S,Spot UV,Silk,Spot UV Both Sides,4/1,5000,Score in Half,Moon Slits Bottom Panel,Yes 500 Envelopes A2
Majestic,Silk,4.25 x 11,Horizontal,Rectangle,16PT C2S,Spot UV,Silk,Spot UV Front,4/4 (4 color both sides),5000,Score in Half,Moon Slits Bottom Panel,Yes 500 Envelopes A2
Majestic,Silk,5.5 x 8.5,Horizontal,Rectangle,16PT C2S,Spot UV,Silk,Spot UV Front,4/4 (4 color both sides),5000,Score in Half,Moon Slits Bottom Panel,Yes 500 Envelopes A2
Majestic,Silk,5.5 x 8.5,Vertical,Rectangle,16PT C2S,Spot UV,Silk,Spot UV Both Sides,4/1,5000,Score in Half,Moon Slits Bottom Panel,Yes 500 Envelopes A2
Majestic,Silk,4.25 x 11,Vertical,Rectangle,16PT C2S,Spot UV,Silk,Spot UV Front,4/4 (4 color both sides),5000,Score in Half,Moon Slits Bottom Panel,Yes 500 Envelopes A2
Majestic,Silk,5.5 x 8.5,Vertical,Rectangle,16PT C2S,Spot UV,Silk,Spot UV Front,4/4 (4 color both sides),5000,Score in Half,Moon Slits Bottom Panel,Yes 500 Envelopes A2
Majestic,Silk,4.25 x 11,Horizontal,Rectangle,16PT C2S,Spot UV,Silk,Spot UV Back,4/4 (4 color both sides),5000,Score in Half,Moon Slits Bottom Panel,Yes 500 Envelopes A2
Majestic,Silk,5.5 x 8.5,Vertical,Rectangle,16PT C2S,Spot UV,Silk,Spot UV Back,4/4 (4 color both sides),5000,Score in Half,Moon Slits Bottom Panel,Yes 500 Envelopes A2
Majestic,Silk,5.5 x 8.5,Horizontal,Rectangle,16PT C2S,Spot UV,Silk,Spot UV Back,4/4 (4 color both sides),5000,Score in Half,Moon Slits Bottom Panel,Yes 500 Envelopes A2
Majestic,Silk,4.25 x 11,Horizontal,Rectangle,16PT C2S,Spot UV,Silk,Spot UV Both Sides,4/4 (4 color both sides),5000,Score in Half,Moon Slits Bottom Panel,Yes 500 Envelopes A2
Majestic,Silk,4.25 x 11,Vertical,Rectangle,16PT C2S,Spot UV,Silk,Spot UV Back,4/4 (4 color both sides),5000,Score in Half,Moon Slits Bottom Panel,Yes 500 Envelopes A2
Majestic,Silk,5.5 x 8.5,Horizontal,Rectangle,16PT C2S,Spot UV,Silk,Spot UV Both Sides,4/4 (4 color both sides),5000,Score in Half,Moon Slits Bottom Panel,Yes 500 Envelopes A2
Majestic,Silk,5.5 x 8.5,Vertical,Rectangle,16PT C2S,Spot UV,Silk,Spot UV Both Sides,4/4 (4 color both sides),5000,Score in Half,Moon Slits Bottom Panel,Yes 500 Envelopes A2
Majestic,Silk,4.25 x 11,Horizontal,Rectangle,16PT C2S,Spot UV,Silk,Spot UV Front,4/1,10000,Score in Half,Moon Slits Bottom Panel,Yes 500 Envelopes A2
Majestic,Silk,4.25 x 11,Vertical,Rectangle,16PT C2S,Spot UV,Silk,Spot UV Both Sides,4/4 (4 color both sides),5000,Score in Half,Moon Slits Bottom Panel,Yes 500 Envelopes A2
Majestic,Silk,5.5 x 8.5,Horizontal,Rectangle,16PT C2S,Spot UV,Silk,Spot UV Front,4/1,10000,Score in Half,Moon Slits Bottom Panel,Yes 500 Envelopes A2
Majestic,Silk,4.25 x 11,Vertical,Rectangle,16PT C2S,Spot UV,Silk,Spot UV Front,4/1,10000,Score in Half,Moon Slits Bottom Panel,Yes 500 Envelopes A2
Majestic,Silk,5.5 x 8.5,Vertical,Rectangle,16PT C2S,Spot UV,Silk,Spot UV Front,4/1,10000,Score in Half,Moon Slits Bottom Panel,Yes 500 Envelopes A2
Majestic,Silk,5.5 x 8.5,Horizontal,Rectangle,16PT C2S,Spot UV,Silk,Spot UV Back,4/1,10000,Score in Half,Moon Slits Bottom Panel,Yes 500 Envelopes A2
Majestic,Silk,4.25 x 11,Vertical,Rectangle,16PT C2S,Spot UV,Silk,Spot UV Back,4/1,10000,Score in Half,Moon Slits Bottom Panel,Yes 500 Envelopes A2
Majestic,Silk,4.25 x 11,Horizontal,Rectangle,16PT C2S,Spot UV,Silk,Spot UV Back,4/1,10000,Score in Half,Moon Slits Bottom Panel,Yes 500 Envelopes A2
Majestic,Silk,4.25 x 11,Horizontal,Rectangle,16PT C2S,Spot UV,Silk,Spot UV Both Sides,4/1,10000,Score in Half,Moon Slits Bottom Panel,Yes 500 Envelopes A2
Majestic,Silk,4.25 x 11,Vertical,Rectangle,16PT C2S,Spot UV,Silk,Spot UV Both Sides,4/1,10000,Score in Half,Moon Slits Bottom Panel,Yes 500 Envelopes A2
Majestic,Silk,5.5 x 8.5,Vertical,Rectangle,16PT C2S,Spot UV,Silk,Spot UV Both Sides,4/1,10000,Score in Half,Moon Slits Bottom Panel,Yes 500 Envelopes A2
Majestic,Silk,5.5 x 8.5,Horizontal,Rectangle,16PT C2S,Spot UV,Silk,Spot UV Both Sides,4/1,10000,Score in Half,Moon Slits Bottom Panel,Yes 500 Envelopes A2
Majestic,Silk,5.5 x 8.5,Vertical,Rectangle,16PT C2S,Spot UV,Silk,Spot UV Back,4/1,10000,Score in Half,Moon Slits Bottom Panel,Yes 500 Envelopes A2
Majestic,Silk,5.5 x 8.5,Horizontal,Rectangle,16PT C2S,Spot UV,Silk,Spot UV Front,4/4 (4 color both sides),10000,Score in Half,Moon Slits Bottom Panel,Yes 500 Envelopes A2
Majestic,Silk,4.25 x 11,Horizontal,Rectangle,16PT C2S,Spot UV,Silk,Spot UV Back,4/4 (4 color both sides),10000,Score in Half,Moon Slits Bottom Panel,Yes 500 Envelopes A2
Majestic,Silk,4.25 x 11,Vertical,Rectangle,16PT C2S,Spot UV,Silk,Spot UV Front,4/4 (4 color both sides),10000,Score in Half,Moon Slits Bottom Panel,Yes 500 Envelopes A2
Majestic,Silk,5.5 x 8.5,Vertical,Rectangle,16PT C2S,Spot UV,Silk,Spot UV Front,4/4 (4 color both sides),10000,Score in Half,Moon Slits Bottom Panel,Yes 500 Envelopes A2
Majestic,Silk,5.5 x 8.5,Horizontal,Rectangle,16PT C2S,Spot UV,Silk,Spot UV Back,4/4 (4 color both sides),10000,Score in Half,Moon Slits Bottom Panel,Yes 500 Envelopes A2
Majestic,Silk,4.25 x 11,Vertical,Rectangle,16PT C2S,Spot UV,Silk,Spot UV Back,4/4 (4 color both sides),10000,Score in Half,Moon Slits Bottom Panel,Yes 500 Envelopes A2
Majestic,Silk,4.25 x 11,Horizontal,Rectangle,16PT C2S,Spot UV,Silk,Spot UV Both Sides,4/4 (4 color both sides),10000,Score in Half,Moon Slits Bottom Panel,Yes 500 Envelopes A2
Majestic,Silk,5.5 x 8.5,Vertical,Rectangle,16PT C2S,Spot UV,Silk,Spot UV Back,4/4 (4 color both sides),10000,Score in Half,Moon Slits Bottom Panel,Yes 500 Envelopes A2
Majestic,Silk,4.25 x 11,Vertical,Rectangle,16PT C2S,Spot UV,Silk,Spot UV Both Sides,4/4 (4 color both sides),10000,Score in Half,Moon Slits Bottom Panel,Yes 500 Envelopes A2
Majestic,Silk,5.5 x 8.5,Horizontal,Rectangle,16PT C2S,Spot UV,Silk,Spot UV Both Sides,4/4 (4 color both sides),10000,Score in Half,Moon Slits Bottom Panel,Yes 500 Envelopes A2
Majestic,Silk,5.5 x 8.5,Vertical,Rectangle,16PT C2S,Spot UV,Silk,Spot UV Both Sides,4/4 (4 color both sides),10000,Score in Half,Moon Slits Bottom Panel,Yes 500 Envelopes A2
Majestic,Silk,4.25 x 11,Horizontal,Rectangle,16PT C2S,Spot UV,Silk,Spot UV Front,4/4 (4 color both sides),10000,Score in Half,Moon Slits Bottom Panel,Yes 500 Envelopes A2
Majestic,Silk,5.5 x 8.5,Horizontal,Rectangle,16PT C2S,Spot UV,Silk,Spot UV Front,4/1,500,Score in Half,Moon Slits Right Panel,Yes 500 Envelopes A2
Majestic,Silk,4.25 x 11,Vertical,Rectangle,16PT C2S,Spot UV,Silk,Spot UV Front,4/1,500,Score in Half,Moon Slits Right Panel,Yes 500 Envelopes A2
Majestic,Silk,4.25 x 11,Horizontal,Rectangle,16PT C2S,Spot UV,Silk,Spot UV Back,4/1,500,Score in Half,Moon Slits Right Panel,Yes 500 Envelopes A2
Majestic,Silk,4.25 x 11,Horizontal,Rectangle,16PT C2S,Spot UV,Silk,Spot UV Front,4/1,500,Score in Half,Moon Slits Right Panel,Yes 500 Envelopes A2
Majestic,Silk,5.5 x 8.5,Horizontal,Rectangle,16PT C2S,Spot UV,Silk,Spot UV Back,4/1,500,Score in Half,Moon Slits Right Panel,Yes 500 Envelopes A2
Majestic,Silk,5.5 x 8.5,Vertical,Rectangle,16PT C2S,Spot UV,Silk,Spot UV Front,4/1,500,Score in Half,Moon Slits Right Panel,Yes 500 Envelopes A2
Majestic,Silk,4.25 x 11,Vertical,Rectangle,16PT C2S,Spot UV,Silk,Spot UV Back,4/1,500,Score in Half,Moon Slits Right Panel,Yes 500 Envelopes A2
Majestic,Silk,4.25 x 11,Horizontal,Rectangle,16PT C2S,Spot UV,Silk,Spot UV Both Sides,4/1,500,Score in Half,Moon Slits Right Panel,Yes 500 Envelopes A2
Majestic,Silk,5.5 x 8.5,Vertical,Rectangle,16PT C2S,Spot UV,Silk,Spot UV Back,4/1,500,Score in Half,Moon Slits Right Panel,Yes 500 Envelopes A2
Majestic,Silk,5.5 x 8.5,Horizontal,Rectangle,16PT C2S,Spot UV,Silk,Spot UV Both Sides,4/1,500,Score in Half,Moon Slits Right Panel,Yes 500 Envelopes A2
Majestic,Silk,4.25 x 11,Vertical,Rectangle,16PT C2S,Spot UV,Silk,Spot UV Both Sides,4/1,500,Score in Half,Moon Slits Right Panel,Yes 500 Envelopes A2
Majestic,Silk,5.5 x 8.5,Vertical,Rectangle,16PT C2S,Spot UV,Silk,Spot UV Both Sides,4/1,500,Score in Half,Moon Slits Right Panel,Yes 500 Envelopes A2
Majestic,Silk,4.25 x 11,Horizontal,Rectangle,16PT C2S,Spot UV,Silk,Spot UV Front,4/4 (4 color both sides),500,Score in Half,Moon Slits Right Panel,Yes 500 Envelopes A2
Majestic,Silk,5.5 x 8.5,Horizontal,Rectangle,16PT C2S,Spot UV,Silk,Spot UV Front,4/4 (4 color both sides),500,Score in Half,Moon Slits Right Panel,Yes 500 Envelopes A2
Majestic,Silk,4.25 x 11,Vertical,Rectangle,16PT C2S,Spot UV,Silk,Spot UV Front,4/4 (4 color both sides),500,Score in Half,Moon Slits Right Panel,Yes 500 Envelopes A2
Majestic,Silk,5.5 x 8.5,Vertical,Rectangle,16PT C2S,Spot UV,Silk,Spot UV Front,4/4 (4 color both sides),500,Score in Half,Moon Slits Right Panel,Yes 500 Envelopes A2
Majestic,Silk,4.25 x 11,Horizontal,Rectangle,16PT C2S,Spot UV,Silk,Spot UV Back,4/4 (4 color both sides),500,Score in Half,Moon Slits Right Panel,Yes 500 Envelopes A2
Majestic,Silk,5.5 x 8.5,Horizontal,Rectangle,16PT C2S,Spot UV,Silk,Spot UV Back,4/4 (4 color both sides),500,Score in Half,Moon Slits Right Panel,Yes 500 Envelopes A2
Majestic,Silk,5.5 x 8.5,Vertical,Rectangle,16PT C2S,Spot UV,Silk,Spot UV Back,4/4 (4 color both sides),500,Score in Half,Moon Slits Right Panel,Yes 500 Envelopes A2
Majestic,Silk,4.25 x 11,Vertical,Rectangle,16PT C2S,Spot UV,Silk,Spot UV Back,4/4 (4 color both sides),500,Score in Half,Moon Slits Right Panel,Yes 500 Envelopes A2
Majestic,Silk,4.25 x 11,Horizontal,Rectangle,16PT C2S,Spot UV,Silk,Spot UV Both Sides,4/4 (4 color both sides),500,Score in Half,Moon Slits Right Panel,Yes 500 Envelopes A2
Majestic,Silk,5.5 x 8.5,Horizontal,Rectangle,16PT C2S,Spot UV,Silk,Spot UV Both Sides,4/4 (4 color both sides),500,Score in Half,Moon Slits Right Panel,Yes 500 Envelopes A2
Majestic,Silk,4.25 x 11,Vertical,Rectangle,16PT C2S,Spot UV,Silk,Spot UV Both Sides,4/4 (4 color both sides),500,Score in Half,Moon Slits Right Panel,Yes 500 Envelopes A2
Majestic,Silk,5.5 x 8.5,Vertical,Rectangle,16PT C2S,Spot UV,Silk,Spot UV Both Sides,4/4 (4 color both sides),500,Score in Half,Moon Slits Right Panel,Yes 500 Envelopes A2
Majestic,Silk,4.25 x 11,Horizontal,Rectangle,16PT C2S,Spot UV,Silk,Spot UV Front,4/1,1000,Score in Half,Moon Slits Right Panel,Yes 500 Envelopes A2
Majestic,Silk,5.5 x 8.5,Horizontal,Rectangle,16PT C2S,Spot UV,Silk,Spot UV Front,4/1,1000,Score in Half,Moon Slits Right Panel,Yes 500 Envelopes A2
Majestic,Silk,4.25 x 11,Vertical,Rectangle,16PT C2S,Spot UV,Silk,Spot UV Front,4/1,1000,Score in Half,Moon Slits Right Panel,Yes 500 Envelopes A2
Majestic,Silk,5.5 x 8.5,Vertical,Rectangle,16PT C2S,Spot UV,Silk,Spot UV Front,4/1,1000,Score in Half,Moon Slits Right Panel,Yes 500 Envelopes A2
Majestic,Silk,4.25 x 11,Horizontal,Rectangle,16PT C2S,Spot UV,Silk,Spot UV Back,4/1,1000,Score in Half,Moon Slits Right Panel,Yes 500 Envelopes A2
Majestic,Silk,5.5 x 8.5,Horizontal,Rectangle,16PT C2S,Spot UV,Silk,Spot UV Back,4/1,1000,Score in Half,Moon Slits Right Panel,Yes 500 Envelopes A2
Majestic,Silk,5.5 x 8.5,Vertical,Rectangle,16PT C2S,Spot UV,Silk,Spot UV Back,4/4 (4 color both sides),1000,Score in Half,Moon Slits Bottom Panel,Yes 500 Envelopes A2
Majestic,Silk,4.25 x 11,Horizontal,Rectangle,16PT C2S,Spot UV,Silk,Spot UV Both Sides,4/1,1000,Score in Half,Moon Slits Right Panel,Yes 500 Envelopes A2
Majestic,Silk,5.5 x 8.5,Horizontal,Rectangle,16PT C2S,Spot UV,Silk,Spot UV Both Sides,4/1,1000,Score in Half,Moon Slits Right Panel,Yes 500 Envelopes A2
Majestic,Silk,5.5 x 8.5,Vertical,Rectangle,16PT C2S,Spot UV,Silk,Spot UV Back,4/1,1000,Score in Half,Moon Slits Right Panel,Yes 500 Envelopes A2
Majestic,Silk,4.25 x 11,Vertical,Rectangle,16PT C2S,Spot UV,Silk,Spot UV Both Sides,4/1,1000,Score in Half,Moon Slits Right Panel,Yes 500 Envelopes A2
Majestic,Silk,5.5 x 8.5,Vertical,Rectangle,16PT C2S,Spot UV,Silk,Spot UV Both Sides,4/1,1000,Score in Half,Moon Slits Right Panel,Yes 500 Envelopes A2
Majestic,Silk,4.25 x 11,Horizontal,Rectangle,16PT C2S,Spot UV,Silk,Spot UV Front,4/4 (4 color both sides),1000,Score in Half,Moon Slits Right Panel,Yes 500 Envelopes A2
Majestic,Silk,4.25 x 11,Vertical,Rectangle,16PT C2S,Spot UV,Silk,Spot UV Front,4/4 (4 color both sides),1000,Score in Half,Moon Slits Right Panel,Yes 500 Envelopes A2
Majestic,Silk,5.5 x 8.5,Vertical,Rectangle,16PT C2S,Spot UV,Silk,Spot UV Front,4/4 (4 color both sides),1000,Score in Half,Moon Slits Right Panel,Yes 500 Envelopes A2
Majestic,Silk,5.5 x 8.5,Horizontal,Rectangle,16PT C2S,Spot UV,Silk,Spot UV Front,4/4 (4 color both sides),1000,Score in Half,Moon Slits Right Panel,Yes 500 Envelopes A2
Majestic,Silk,4.25 x 11,Horizontal,Rectangle,16PT C2S,Spot UV,Silk,Spot UV Back,4/4 (4 color both sides),1000,Score in Half,Moon Slits Right Panel,Yes 500 Envelopes A2
Majestic,Silk,5.5 x 8.5,Horizontal,Rectangle,16PT C2S,Spot UV,Silk,Spot UV Back,4/4 (4 color both sides),1000,Score in Half,Moon Slits Right Panel,Yes 500 Envelopes A2
Majestic,Silk,4.25 x 11,Vertical,Rectangle,16PT C2S,Spot UV,Silk,Spot UV Back,4/4 (4 color both sides),1000,Score in Half,Moon Slits Right Panel,Yes 500 Envelopes A2
Majestic,Silk,5.5 x 8.5,Vertical,Rectangle,16PT C2S,Spot UV,Silk,Spot UV Back,4/4 (4 color both sides),1000,Score in Half,Moon Slits Right Panel,Yes 500 Envelopes A2
Majestic,Silk,4.25 x 11,Horizontal,Rectangle,16PT C2S,Spot UV,Silk,Spot UV Both Sides,4/4 (4 color both sides),1000,Score in Half,Moon Slits Right Panel,Yes 500 Envelopes A2
Majestic,Silk,5.5 x 8.5,Horizontal,Rectangle,16PT C2S,Spot UV,Silk,Spot UV Both Sides,4/4 (4 color both sides),1000,Score in Half,Moon Slits Right Panel,Yes 500 Envelopes A2
Majestic,Silk,5.5 x 8.5,Horizontal,Rectangle,16PT C2S,Spot UV,Silk,Spot UV Back,4/1,5000,Score in Half,Moon Slits Bottom Panel,Yes 500 Envelopes A2
Majestic,Silk,5.5 x 8.5,Vertical,Rectangle,16PT C2S,Spot UV,Silk,Spot UV Both Sides,4/4 (4 color both sides),1000,Score in Half,Moon Slits Right Panel,Yes 500 Envelopes A2
Majestic,Silk,5.5 x 8.5,Horizontal,Rectangle,16PT C2S,Spot UV,Silk,Spot UV Front,4/1,2500,Score in Half,Moon Slits Right Panel,Yes 500 Envelopes A2
Majestic,Silk,4.25 x 11,Horizontal,Rectangle,16PT C2S,Spot UV,Silk,Spot UV Front,4/1,2500,Score in Half,Moon Slits Right Panel,Yes 500 Envelopes A2
Majestic,Silk,4.25 x 11,Vertical,Rectangle,16PT C2S,Spot UV,Silk,Spot UV Front,4/1,2500,Score in Half,Moon Slits Right Panel,Yes 500 Envelopes A2
Majestic,Silk,4.25 x 11,Horizontal,Rectangle,16PT C2S,Spot UV,Silk,Spot UV Back,4/1,2500,Score in Half,Moon Slits Right Panel,Yes 500 Envelopes A2
Majestic,Silk,4.25 x 11,Vertical,Rectangle,16PT C2S,Spot UV,Silk,Spot UV Back,4/1,2500,Score in Half,Moon Slits Right Panel,Yes 500 Envelopes A2
Majestic,Silk,5.5 x 8.5,Vertical,Rectangle,16PT C2S,Spot UV,Silk,Spot UV Front,4/1,2500,Score in Half,Moon Slits Right Panel,Yes 500 Envelopes A2
Majestic,Silk,5.5 x 8.5,Horizontal,Rectangle,16PT C2S,Spot UV,Silk,Spot UV Back,4/1,2500,Score in Half,Moon Slits Right Panel,Yes 500 Envelopes A2
Majestic,Silk,4.25 x 11,Vertical,Rectangle,16PT C2S,Spot UV,Silk,Spot UV Back,4/1,1000,Score in Half,Moon Slits Right Panel,Yes 500 Envelopes A2
Majestic,Silk,4.25 x 11,Horizontal,Rectangle,16PT C2S,Spot UV,Silk,Spot UV Both Sides,4/1,2500,Score in Half,Moon Slits Right Panel,Yes 500 Envelopes A2
Majestic,Silk,5.5 x 8.5,Vertical,Rectangle,16PT C2S,Spot UV,Silk,Spot UV Both Sides,4/1,2500,Score in Half,Moon Slits Right Panel,Yes 500 Envelopes A2
Majestic,Silk,5.5 x 8.5,Horizontal,Rectangle,16PT C2S,Spot UV,Silk,Spot UV Both Sides,4/1,2500,Score in Half,Moon Slits Right Panel,Yes 500 Envelopes A2
Majestic,Silk,4.25 x 11,Vertical,Rectangle,16PT C2S,Spot UV,Silk,Spot UV Both Sides,4/1,2500,Score in Half,Moon Slits Right Panel,Yes 500 Envelopes A2
Majestic,Silk,4.25 x 11,Horizontal,Rectangle,16PT C2S,Spot UV,Silk,Spot UV Front,4/4 (4 color both sides),2500,Score in Half,Moon Slits Right Panel,Yes 500 Envelopes A2
Majestic,Silk,5.5 x 8.5,Horizontal,Rectangle,16PT C2S,Spot UV,Silk,Spot UV Front,4/4 (4 color both sides),2500,Score in Half,Moon Slits Right Panel,Yes 500 Envelopes A2
Majestic,Silk,4.25 x 11,Horizontal,Rectangle,16PT C2S,Spot UV,Silk,Spot UV Back,4/4 (4 color both sides),2500,Score in Half,Moon Slits Right Panel,Yes 500 Envelopes A2
Majestic,Silk,5.5 x 8.5,Vertical,Rectangle,16PT C2S,Spot UV,Silk,Spot UV Front,4/4 (4 color both sides),2500,Score in Half,Moon Slits Right Panel,Yes 500 Envelopes A2
Majestic,Silk,5.5 x 8.5,Horizontal,Rectangle,16PT C2S,Spot UV,Silk,Spot UV Back,4/4 (4 color both sides),2500,Score in Half,Moon Slits Right Panel,Yes 500 Envelopes A2
Majestic,Silk,4.25 x 11,Vertical,Rectangle,16PT C2S,Spot UV,Silk,Spot UV Front,4/4 (4 color both sides),2500,Score in Half,Moon Slits Right Panel,Yes 500 Envelopes A2
Majestic,Silk,4.25 x 11,Vertical,Rectangle,16PT C2S,Spot UV,Silk,Spot UV Back,4/4 (4 color both sides),2500,Score in Half,Moon Slits Right Panel,Yes 500 Envelopes A2
Majestic,Silk,4.25 x 11,Horizontal,Rectangle,16PT C2S,Spot UV,Silk,Spot UV Both Sides,4/4 (4 color both sides),2500,Score in Half,Moon Slits Right Panel,Yes 500 Envelopes A2
Majestic,Silk,4.25 x 11,Vertical,Rectangle,16PT C2S,Spot UV,Silk,Spot UV Both Sides,4/4 (4 color both sides),2500,Score in Half,Moon Slits Right Panel,Yes 500 Envelopes A2
Majestic,Silk,5.5 x 8.5,Vertical,Rectangle,16PT C2S,Spot UV,Silk,Spot UV Back,4/4 (4 color both sides),2500,Score in Half,Moon Slits Right Panel,Yes 500 Envelopes A2
Majestic,Silk,5.5 x 8.5,Horizontal,Rectangle,16PT C2S,Spot UV,Silk,Spot UV Both Sides,4/4 (4 color both sides),2500,Score in Half,Moon Slits Right Panel,Yes 500 Envelopes A2
Majestic,Silk,5.5 x 8.5,Vertical,Rectangle,16PT C2S,Spot UV,Silk,Spot UV Both Sides,4/4 (4 color both sides),2500,Score in Half,Moon Slits Right Panel,Yes 500 Envelopes A2
Majestic,Silk,4.25 x 11,Horizontal,Rectangle,16PT C2S,Spot UV,Silk,Spot UV Front,4/1,5000,Score in Half,Moon Slits Right Panel,Yes 500 Envelopes A2
Majestic,Silk,5.5 x 8.5,Vertical,Rectangle,16PT C2S,Spot UV,Silk,Spot UV Front,4/1,5000,Score in Half,Moon Slits Right Panel,Yes 500 Envelopes A2
Majestic,Silk,4.25 x 11,Horizontal,Rectangle,16PT C2S,Spot UV,Silk,Spot UV Back,4/1,5000,Score in Half,Moon Slits Right Panel,Yes 500 Envelopes A2
Majestic,Silk,4.25 x 11,Vertical,Rectangle,16PT C2S,Spot UV,Silk,Spot UV Front,4/1,5000,Score in Half,Moon Slits Right Panel,Yes 500 Envelopes A2
Majestic,Silk,4.25 x 11,Vertical,Rectangle,16PT C2S,Spot UV,Silk,Spot UV Both Sides,4/4 (4 color both sides),1000,Score in Half,Moon Slits Right Panel,Yes 500 Envelopes A2
Majestic,Silk,5.5 x 8.5,Horizontal,Rectangle,16PT C2S,Spot UV,Silk,Spot UV Back,4/1,5000,Score in Half,Moon Slits Right Panel,Yes 500 Envelopes A2
Majestic,Silk,4.25 x 11,Vertical,Rectangle,16PT C2S,Spot UV,Silk,Spot UV Back,4/1,5000,Score in Half,Moon Slits Right Panel,Yes 500 Envelopes A2
Majestic,Silk,4.25 x 11,Horizontal,Rectangle,16PT C2S,Spot UV,Silk,Spot UV Both Sides,4/1,5000,Score in Half,Moon Slits Right Panel,Yes 500 Envelopes A2
Majestic,Silk,5.5 x 8.5,Vertical,Rectangle,16PT C2S,Spot UV,Silk,Spot UV Back,4/1,5000,Score in Half,Moon Slits Right Panel,Yes 500 Envelopes A2
Majestic,Silk,4.25 x 11,Vertical,Rectangle,16PT C2S,Spot UV,Silk,Spot UV Both Sides,4/1,5000,Score in Half,Moon Slits Right Panel,Yes 500 Envelopes A2
Majestic,Silk,5.5 x 8.5,Horizontal,Rectangle,16PT C2S,Spot UV,Silk,Spot UV Both Sides,4/1,5000,Score in Half,Moon Slits Right Panel,Yes 500 Envelopes A2
Majestic,Silk,4.25 x 11,Vertical,Rectangle,16PT C2S,Spot UV,Silk,Spot UV Front,4/4 (4 color both sides),5000,Score in Half,Moon Slits Right Panel,Yes 500 Envelopes A2
Majestic,Silk,5.5 x 8.5,Horizontal,Rectangle,16PT C2S,Spot UV,Silk,Spot UV Front,4/4 (4 color both sides),5000,Score in Half,Moon Slits Right Panel,Yes 500 Envelopes A2
Majestic,Silk,4.25 x 11,Horizontal,Rectangle,16PT C2S,Spot UV,Silk,Spot UV Front,4/4 (4 color both sides),5000,Score in Half,Moon Slits Right Panel,Yes 500 Envelopes A2
Majestic,Silk,5.5 x 8.5,Vertical,Rectangle,16PT C2S,Spot UV,Silk,Spot UV Both Sides,4/1,5000,Score in Half,Moon Slits Right Panel,Yes 500 Envelopes A2
Majestic,Silk,5.5 x 8.5,Vertical,Rectangle,16PT C2S,Spot UV,Silk,Spot UV Front,4/4 (4 color both sides),5000,Score in Half,Moon Slits Right Panel,Yes 500 Envelopes A2
Majestic,Silk,4.25 x 11,Horizontal,Rectangle,16PT C2S,Spot UV,Silk,Spot UV Back,4/4 (4 color both sides),5000,Score in Half,Moon Slits Right Panel,Yes 500 Envelopes A2
Majestic,Silk,4.25 x 11,Vertical,Rectangle,16PT C2S,Spot UV,Silk,Spot UV Back,4/4 (4 color both sides),5000,Score in Half,Moon Slits Right Panel,Yes 500 Envelopes A2
Majestic,Silk,5.5 x 8.5,Vertical,Rectangle,16PT C2S,Spot UV,Silk,Spot UV Back,4/4 (4 color both sides),5000,Score in Half,Moon Slits Right Panel,Yes 500 Envelopes A2
Majestic,Silk,5.5 x 8.5,Horizontal,Rectangle,16PT C2S,Spot UV,Silk,Spot UV Back,4/4 (4 color both sides),5000,Score in Half,Moon Slits Right Panel,Yes 500 Envelopes A2
Majestic,Silk,4.25 x 11,Horizontal,Rectangle,16PT C2S,Spot UV,Silk,Spot UV Both Sides,4/4 (4 color both sides),5000,Score in Half,Moon Slits Right Panel,Yes 500 Envelopes A2
Majestic,Silk,5.5 x 8.5,Horizontal,Rectangle,16PT C2S,Spot UV,Silk,Spot UV Both Sides,4/4 (4 color both sides),5000,Score in Half,Moon Slits Right Panel,Yes 500 Envelopes A2
Majestic,Silk,4.25 x 11,Horizontal,Rectangle,16PT C2S,Spot UV,Silk,Spot UV Front,4/1,10000,Score in Half,Moon Slits Right Panel,Yes 500 Envelopes A2
Majestic,Silk,5.5 x 8.5,Vertical,Rectangle,16PT C2S,Spot UV,Silk,Spot UV Both Sides,4/4 (4 color both sides),5000,Score in Half,Moon Slits Right Panel,Yes 500 Envelopes A2
Majestic,Silk,4.25 x 11,Vertical,Rectangle,16PT C2S,Spot UV,Silk,Spot UV Both Sides,4/4 (4 color both sides),5000,Score in Half,Moon Slits Right Panel,Yes 500 Envelopes A2
Majestic,Silk,5.5 x 8.5,Horizontal,Rectangle,16PT C2S,Spot UV,Silk,Spot UV Front,4/1,10000,Score in Half,Moon Slits Right Panel,Yes 500 Envelopes A2
Majestic,Silk,4.25 x 11,Vertical,Rectangle,16PT C2S,Spot UV,Silk,Spot UV Front,4/1,10000,Score in Half,Moon Slits Right Panel,Yes 500 Envelopes A2
Majestic,Silk,5.5 x 8.5,Horizontal,Rectangle,16PT C2S,Spot UV,Silk,Spot UV Back,4/1,10000,Score in Half,Moon Slits Right Panel,Yes 500 Envelopes A2
Majestic,Silk,4.25 x 11,Vertical,Rectangle,16PT C2S,Spot UV,Silk,Spot UV Back,4/1,10000,Score in Half,Moon Slits Right Panel,Yes 500 Envelopes A2
Majestic,Silk,5.5 x 8.5,Vertical,Rectangle,16PT C2S,Spot UV,Silk,Spot UV Front,4/1,10000,Score in Half,Moon Slits Right Panel,Yes 500 Envelopes A2
Majestic,Silk,5.5 x 8.5,Vertical,Rectangle,16PT C2S,Spot UV,Silk,Spot UV Back,4/1,10000,Score in Half,Moon Slits Right Panel,Yes 500 Envelopes A2
Majestic,Silk,4.25 x 11,Horizontal,Rectangle,16PT C2S,Spot UV,Silk,Spot UV Both Sides,4/1,10000,Score in Half,Moon Slits Right Panel,Yes 500 Envelopes A2
Majestic,Silk,4.25 x 11,Horizontal,Rectangle,16PT C2S,Spot UV,Silk,Spot UV Back,4/1,10000,Score in Half,Moon Slits Right Panel,Yes 500 Envelopes A2
Majestic,Silk,4.25 x 11,Vertical,Rectangle,16PT C2S,Spot UV,Silk,Spot UV Both Sides,4/1,10000,Score in Half,Moon Slits Right Panel,Yes 500 Envelopes A2
Majestic,Silk,5.5 x 8.5,Vertical,Rectangle,16PT C2S,Spot UV,Silk,Spot UV Both Sides,4/1,10000,Score in Half,Moon Slits Right Panel,Yes 500 Envelopes A2
Majestic,Silk,5.5 x 8.5,Horizontal,Rectangle,16PT C2S,Spot UV,Silk,Spot UV Both Sides,4/1,10000,Score in Half,Moon Slits Right Panel,Yes 500 Envelopes A2
Majestic,Silk,4.25 x 11,Horizontal,Rectangle,16PT C2S,Spot UV,Silk,Spot UV Front,4/4 (4 color both sides),10000,Score in Half,Moon Slits Right Panel,Yes 500 Envelopes A2
Majestic,Silk,5.5 x 8.5,Horizontal,Rectangle,16PT C2S,Spot UV,Silk,Spot UV Front,4/4 (4 color both sides),10000,Score in Half,Moon Slits Right Panel,Yes 500 Envelopes A2
Majestic,Silk,4.25 x 11,Vertical,Rectangle,16PT C2S,Spot UV,Silk,Spot UV Front,4/4 (4 color both sides),10000,Score in Half,Moon Slits Right Panel,Yes 500 Envelopes A2
Majestic,Silk,5.5 x 8.5,Horizontal,Rectangle,16PT C2S,Spot UV,Silk,Spot UV Back,4/4 (4 color both sides),10000,Score in Half,Moon Slits Right Panel,Yes 500 Envelopes A2
Majestic,Silk,5.5 x 8.5,Vertical,Rectangle,16PT C2S,Spot UV,Silk,Spot UV Front,4/4 (4 color both sides),10000,Score in Half,Moon Slits Right Panel,Yes 500 Envelopes A2
Majestic,Silk,4.25 x 11,Vertical,Rectangle,16PT C2S,Spot UV,Silk,Spot UV Back,4/4 (4 color both sides),10000,Score in Half,Moon Slits Right Panel,Yes 500 Envelopes A2
Majestic,Silk,4.25 x 11,Horizontal,Rectangle,16PT C2S,Spot UV,Silk,Spot UV Back,4/4 (4 color both sides),10000,Score in Half,Moon Slits Right Panel,Yes 500 Envelopes A2
Majestic,Silk,5.5 x 8.5,Vertical,Rectangle,16PT C2S,Spot UV,Silk,Spot UV Back,4/4 (4 color both sides),10000,Score in Half,Moon Slits Right Panel,Yes 500 Envelopes A2
Majestic,Silk,5.5 x 8.5,Horizontal,Rectangle,16PT C2S,Spot UV,Silk,Spot UV Both Sides,4/4 (4 color both sides),10000,Score in Half,Moon Slits Right Panel,Yes 500 Envelopes A2
Majestic,Silk,5.5 x 8.5,Vertical,Rectangle,16PT C2S,Spot UV,Silk,Spot UV Both Sides,4/4 (4 color both sides),10000,Score in Half,Moon Slits Right Panel,Yes 500 Envelopes A2
Majestic,Silk,4.25 x 11,Vertical,Rectangle,16PT C2S,Spot UV,Silk,Spot UV Both Sides,4/4 (4 color both sides),10000,Score in Half,Moon Slits Right Panel,Yes 500 Envelopes A2
Majestic,Silk,4.25 x 11,Horizontal,Rectangle,16PT C2S,Spot UV,Silk,Spot UV Both Sides,4/4 (4 color both sides),10000,Score in Half,Moon Slits Right Panel,Yes 500 Envelopes A2
Majestic,Silk,5.5 x 8.5,Horizontal,Rectangle,16PT C2S,Spot UV,Silk,Spot UV Front,4/1,500,Score in Half,No Gift Cards Slits,Yes 500 Envelopes A2
Majestic,Silk,4.25 x 11,Horizontal,Rectangle,16PT C2S,Spot UV,Silk,Spot UV Front,4/1,500,Score in Half,No Gift Cards Slits,Yes 500 Envelopes A2
Majestic,Silk,4.25 x 11,Vertical,Rectangle,16PT C2S,Spot UV,Silk,Spot UV Front,4/1,500,Score in Half,No Gift Cards Slits,Yes 500 Envelopes A2
Majestic,Silk,4.25 x 11,Horizontal,Rectangle,16PT C2S,Spot UV,Silk,Spot UV Back,4/1,500,Score in Half,No Gift Cards Slits,Yes 500 Envelopes A2
Majestic,Silk,5.5 x 8.5,Vertical,Rectangle,16PT C2S,Spot UV,Silk,Spot UV Back,4/1,500,Score in Half,No Gift Cards Slits,Yes 500 Envelopes A2
Majestic,Silk,5.5 x 8.5,Vertical,Rectangle,16PT C2S,Spot UV,Silk,Spot UV Front,4/1,500,Score in Half,No Gift Cards Slits,Yes 500 Envelopes A2
Majestic,Silk,4.25 x 11,Vertical,Rectangle,16PT C2S,Spot UV,Silk,Spot UV Back,4/1,500,Score in Half,No Gift Cards Slits,Yes 500 Envelopes A2
Majestic,Silk,5.5 x 8.5,Horizontal,Rectangle,16PT C2S,Spot UV,Silk,Spot UV Back,4/1,500,Score in Half,No Gift Cards Slits,Yes 500 Envelopes A2
Majestic,Silk,4.25 x 11,Horizontal,Rectangle,16PT C2S,Spot UV,Silk,Spot UV Both Sides,4/1,500,Score in Half,No Gift Cards Slits,Yes 500 Envelopes A2
Majestic,Silk,5.5 x 8.5,Horizontal,Rectangle,16PT C2S,Spot UV,Silk,Spot UV Both Sides,4/1,500,Score in Half,No Gift Cards Slits,Yes 500 Envelopes A2
Majestic,Silk,4.25 x 11,Horizontal,Rectangle,16PT C2S,Spot UV,Silk,Spot UV Front,4/4 (4 color both sides),500,Score in Half,No Gift Cards Slits,Yes 500 Envelopes A2
Majestic,Silk,4.25 x 11,Vertical,Rectangle,16PT C2S,Spot UV,Silk,Spot UV Both Sides,4/1,500,Score in Half,No Gift Cards Slits,Yes 500 Envelopes A2
Majestic,Silk,5.5 x 8.5,Vertical,Rectangle,16PT C2S,Spot UV,Silk,Spot UV Both Sides,4/1,500,Score in Half,No Gift Cards Slits,Yes 500 Envelopes A2
Majestic,Silk,4.25 x 11,Vertical,Rectangle,16PT C2S,Spot UV,Silk,Spot UV Front,4/4 (4 color both sides),500,Score in Half,No Gift Cards Slits,Yes 500 Envelopes A2
Majestic,Silk,5.5 x 8.5,Horizontal,Rectangle,16PT C2S,Spot UV,Silk,Spot UV Front,4/4 (4 color both sides),500,Score in Half,No Gift Cards Slits,Yes 500 Envelopes A2
Majestic,Silk,4.25 x 11,Horizontal,Rectangle,16PT C2S,Spot UV,Silk,Spot UV Back,4/4 (4 color both sides),500,Score in Half,No Gift Cards Slits,Yes 500 Envelopes A2
Majestic,Silk,5.5 x 8.5,Vertical,Rectangle,16PT C2S,Spot UV,Silk,Spot UV Front,4/4 (4 color both sides),500,Score in Half,No Gift Cards Slits,Yes 500 Envelopes A2
Majestic,Silk,5.5 x 8.5,Horizontal,Rectangle,16PT C2S,Spot UV,Silk,Spot UV Back,4/4 (4 color both sides),500,Score in Half,No Gift Cards Slits,Yes 500 Envelopes A2
Majestic,Silk,4.25 x 11,Vertical,Rectangle,16PT C2S,Spot UV,Silk,Spot UV Back,4/4 (4 color both sides),500,Score in Half,No Gift Cards Slits,Yes 500 Envelopes A2
Majestic,Silk,5.5 x 8.5,Horizontal,Rectangle,16PT C2S,Spot UV,Silk,Spot UV Both Sides,4/4 (4 color both sides),500,Score in Half,No Gift Cards Slits,Yes 500 Envelopes A2
Majestic,Silk,5.5 x 8.5,Vertical,Rectangle,16PT C2S,Spot UV,Silk,Spot UV Back,4/4 (4 color both sides),500,Score in Half,No Gift Cards Slits,Yes 500 Envelopes A2
Majestic,Silk,4.25 x 11,Horizontal,Rectangle,16PT C2S,Spot UV,Silk,Spot UV Both Sides,4/4 (4 color both sides),500,Score in Half,No Gift Cards Slits,Yes 500 Envelopes A2
Majestic,Silk,5.5 x 8.5,Vertical,Rectangle,16PT C2S,Spot UV,Silk,Spot UV Both Sides,4/4 (4 color both sides),500,Score in Half,No Gift Cards Slits,Yes 500 Envelopes A2
Majestic,Silk,4.25 x 11,Vertical,Rectangle,16PT C2S,Spot UV,Silk,Spot UV Both Sides,4/4 (4 color both sides),500,Score in Half,No Gift Cards Slits,Yes 500 Envelopes A2
Majestic,Silk,4.25 x 11,Vertical,Rectangle,16PT C2S,Spot UV,Silk,Spot UV Front,4/1,1000,Score in Half,No Gift Cards Slits,Yes 500 Envelopes A2
Majestic,Silk,5.5 x 8.5,Horizontal,Rectangle,16PT C2S,Spot UV,Silk,Spot UV Front,4/1,1000,Score in Half,No Gift Cards Slits,Yes 500 Envelopes A2
Majestic,Silk,4.25 x 11,Horizontal,Rectangle,16PT C2S,Spot UV,Silk,Spot UV Front,4/1,1000,Score in Half,No Gift Cards Slits,Yes 500 Envelopes A2
Majestic,Silk,4.25 x 11,Horizontal,Rectangle,16PT C2S,Spot UV,Silk,Spot UV Back,4/1,1000,Score in Half,No Gift Cards Slits,Yes 500 Envelopes A2
Majestic,Silk,5.5 x 8.5,Vertical,Rectangle,16PT C2S,Spot UV,Silk,Spot UV Front,4/1,1000,Score in Half,No Gift Cards Slits,Yes 500 Envelopes A2
Majestic,Silk,5.5 x 8.5,Vertical,Rectangle,16PT C2S,Spot UV,Silk,Spot UV Back,4/1,1000,Score in Half,No Gift Cards Slits,Yes 500 Envelopes A2
Majestic,Silk,5.5 x 8.5,Horizontal,Rectangle,16PT C2S,Spot UV,Silk,Spot UV Back,4/1,1000,Score in Half,No Gift Cards Slits,Yes 500 Envelopes A2
Majestic,Silk,4.25 x 11,Vertical,Rectangle,16PT C2S,Spot UV,Silk,Spot UV Back,4/1,1000,Score in Half,No Gift Cards Slits,Yes 500 Envelopes A2
Majestic,Silk,4.25 x 11,Horizontal,Rectangle,16PT C2S,Spot UV,Silk,Spot UV Both Sides,4/1,1000,Score in Half,No Gift Cards Slits,Yes 500 Envelopes A2
Majestic,Silk,5.5 x 8.5,Horizontal,Rectangle,16PT C2S,Spot UV,Silk,Spot UV Both Sides,4/1,1000,Score in Half,No Gift Cards Slits,Yes 500 Envelopes A2
Majestic,Silk,4.25 x 11,Vertical,Rectangle,16PT C2S,Spot UV,Silk,Spot UV Both Sides,4/1,1000,Score in Half,No Gift Cards Slits,Yes 500 Envelopes A2
Majestic,Silk,5.5 x 8.5,Vertical,Rectangle,16PT C2S,Spot UV,Silk,Spot UV Both Sides,4/1,1000,Score in Half,No Gift Cards Slits,Yes 500 Envelopes A2
Majestic,Silk,5.5 x 8.5,Horizontal,Rectangle,16PT C2S,Spot UV,Silk,Spot UV Front,4/4 (4 color both sides),1000,Score in Half,No Gift Cards Slits,Yes 500 Envelopes A2
Majestic,Silk,4.25 x 11,Horizontal,Rectangle,16PT C2S,Spot UV,Silk,Spot UV Front,4/4 (4 color both sides),1000,Score in Half,No Gift Cards Slits,Yes 500 Envelopes A2
Majestic,Silk,5.5 x 8.5,Vertical,Rectangle,16PT C2S,Spot UV,Silk,Spot UV Front,4/4 (4 color both sides),1000,Score in Half,No Gift Cards Slits,Yes 500 Envelopes A2
Majestic,Silk,4.25 x 11,Horizontal,Rectangle,16PT C2S,Spot UV,Silk,Spot UV Back,4/4 (4 color both sides),1000,Score in Half,No Gift Cards Slits,Yes 500 Envelopes A2
Majestic,Silk,4.25 x 11,Vertical,Rectangle,16PT C2S,Spot UV,Silk,Spot UV Back,4/4 (4 color both sides),1000,Score in Half,No Gift Cards Slits,Yes 500 Envelopes A2
Majestic,Silk,4.25 x 11,Vertical,Rectangle,16PT C2S,Spot UV,Silk,Spot UV Front,4/4 (4 color both sides),1000,Score in Half,No Gift Cards Slits,Yes 500 Envelopes A2
Majestic,Silk,5.5 x 8.5,Horizontal,Rectangle,16PT C2S,Spot UV,Silk,Spot UV Back,4/4 (4 color both sides),1000,Score in Half,No Gift Cards Slits,Yes 500 Envelopes A2
Majestic,Silk,4.25 x 11,Horizontal,Rectangle,16PT C2S,Spot UV,Silk,Spot UV Both Sides,4/4 (4 color both sides),1000,Score in Half,No Gift Cards Slits,Yes 500 Envelopes A2
Majestic,Silk,5.5 x 8.5,Vertical,Rectangle,16PT C2S,Spot UV,Silk,Spot UV Back,4/4 (4 color both sides),1000,Score in Half,No Gift Cards Slits,Yes 500 Envelopes A2
Majestic,Silk,5.5 x 8.5,Horizontal,Rectangle,16PT C2S,Spot UV,Silk,Spot UV Both Sides,4/4 (4 color both sides),1000,Score in Half,No Gift Cards Slits,Yes 500 Envelopes A2
Majestic,Silk,4.25 x 11,Vertical,Rectangle,16PT C2S,Spot UV,Silk,Spot UV Both Sides,4/4 (4 color both sides),1000,Score in Half,No Gift Cards Slits,Yes 500 Envelopes A2
Majestic,Silk,5.5 x 8.5,Vertical,Rectangle,16PT C2S,Spot UV,Silk,Spot UV Both Sides,4/4 (4 color both sides),1000,Score in Half,No Gift Cards Slits,Yes 500 Envelopes A2
Majestic,Silk,4.25 x 11,Horizontal,Rectangle,16PT C2S,Spot UV,Silk,Spot UV Front,4/1,2500,Score in Half,No Gift Cards Slits,Yes 500 Envelopes A2
Majestic,Silk,5.5 x 8.5,Vertical,Rectangle,16PT C2S,Spot UV,Silk,Spot UV Front,4/1,2500,Score in Half,No Gift Cards Slits,Yes 500 Envelopes A2
Majestic,Silk,5.5 x 8.5,Horizontal,Rectangle,16PT C2S,Spot UV,Silk,Spot UV Front,4/1,2500,Score in Half,No Gift Cards Slits,Yes 500 Envelopes A2
Majestic,Silk,4.25 x 11,Vertical,Rectangle,16PT C2S,Spot UV,Silk,Spot UV Front,4/1,2500,Score in Half,No Gift Cards Slits,Yes 500 Envelopes A2
Majestic,Silk,5.5 x 8.5,Horizontal,Rectangle,16PT C2S,Spot UV,Silk,Spot UV Back,4/1,2500,Score in Half,No Gift Cards Slits,Yes 500 Envelopes A2
Majestic,Silk,4.25 x 11,Horizontal,Rectangle,16PT C2S,Spot UV,Silk,Spot UV Back,4/1,2500,Score in Half,No Gift Cards Slits,Yes 500 Envelopes A2
Majestic,Silk,4.25 x 11,Vertical,Rectangle,16PT C2S,Spot UV,Silk,Spot UV Back,4/1,2500,Score in Half,No Gift Cards Slits,Yes 500 Envelopes A2
Majestic,Silk,4.25 x 11,Horizontal,Rectangle,16PT C2S,Spot UV,Silk,Spot UV Both Sides,4/1,2500,Score in Half,No Gift Cards Slits,Yes 500 Envelopes A2
Majestic,Silk,5.5 x 8.5,Vertical,Rectangle,16PT C2S,Spot UV,Silk,Spot UV Back,4/1,2500,Score in Half,No Gift Cards Slits,Yes 500 Envelopes A2
Majestic,Silk,5.5 x 8.5,Horizontal,Rectangle,16PT C2S,Spot UV,Silk,Spot UV Both Sides,4/1,2500,Score in Half,No Gift Cards Slits,Yes 500 Envelopes A2
Majestic,Silk,5.5 x 8.5,Vertical,Rectangle,16PT C2S,Spot UV,Silk,Spot UV Both Sides,4/1,2500,Score in Half,No Gift Cards Slits,Yes 500 Envelopes A2
Majestic,Silk,4.25 x 11,Horizontal,Rectangle,16PT C2S,Spot UV,Silk,Spot UV Front,4/4 (4 color both sides),2500,Score in Half,No Gift Cards Slits,Yes 500 Envelopes A2
Majestic,Silk,4.25 x 11,Vertical,Rectangle,16PT C2S,Spot UV,Silk,Spot UV Both Sides,4/1,2500,Score in Half,No Gift Cards Slits,Yes 500 Envelopes A2
Majestic,Silk,4.25 x 11,Vertical,Rectangle,16PT C2S,Spot UV,Silk,Spot UV Front,4/4 (4 color both sides),2500,Score in Half,No Gift Cards Slits,Yes 500 Envelopes A2
Majestic,Silk,5.5 x 8.5,Horizontal,Rectangle,16PT C2S,Spot UV,Silk,Spot UV Front,4/4 (4 color both sides),2500,Score in Half,No Gift Cards Slits,Yes 500 Envelopes A2
Majestic,Silk,5.5 x 8.5,Horizontal,Rectangle,16PT C2S,Spot UV,Silk,Spot UV Back,4/4 (4 color both sides),2500,Score in Half,No Gift Cards Slits,Yes 500 Envelopes A2
Majestic,Silk,4.25 x 11,Horizontal,Rectangle,16PT C2S,Spot UV,Silk,Spot UV Back,4/4 (4 color both sides),2500,Score in Half,No Gift Cards Slits,Yes 500 Envelopes A2
Majestic,Silk,5.5 x 8.5,Vertical,Rectangle,16PT C2S,Spot UV,Silk,Spot UV Front,4/4 (4 color both sides),2500,Score in Half,No Gift Cards Slits,Yes 500 Envelopes A2
Majestic,Silk,4.25 x 11,Vertical,Rectangle,16PT C2S,Spot UV,Silk,Spot UV Back,4/4 (4 color both sides),2500,Score in Half,No Gift Cards Slits,Yes 500 Envelopes A2
Majestic,Silk,5.5 x 8.5,Vertical,Rectangle,16PT C2S,Spot UV,Silk,Spot UV Back,4/4 (4 color both sides),2500,Score in Half,No Gift Cards Slits,Yes 500 Envelopes A2
Majestic,Silk,5.5 x 8.5,Vertical,Rectangle,16PT C2S,Spot UV,Silk,Spot UV Both Sides,4/4 (4 color both sides),2500,Score in Half,No Gift Cards Slits,Yes 500 Envelopes A2
Majestic,Silk,5.5 x 8.5,Horizontal,Rectangle,16PT C2S,Spot UV,Silk,Spot UV Both Sides,4/4 (4 color both sides),2500,Score in Half,No Gift Cards Slits,Yes 500 Envelopes A2
Majestic,Silk,5.5 x 8.5,Horizontal,Rectangle,16PT C2S,Spot UV,Silk,Spot UV Front,4/1,5000,Score in Half,Moon Slits Right Panel,Yes 500 Envelopes A2
Majestic,Silk,4.25 x 11,Horizontal,Rectangle,16PT C2S,Spot UV,Silk,Spot UV Both Sides,4/4 (4 color both sides),2500,Score in Half,No Gift Cards Slits,Yes 500 Envelopes A2
Majestic,Silk,4.25 x 11,Horizontal,Rectangle,16PT C2S,Spot UV,Silk,Spot UV Front,4/1,5000,Score in Half,No Gift Cards Slits,Yes 500 Envelopes A2
Majestic,Silk,4.25 x 11,Horizontal,Rectangle,16PT C2S,Spot UV,Silk,Spot UV Back,4/1,5000,Score in Half,No Gift Cards Slits,Yes 500 Envelopes A2
Majestic,Silk,5.5 x 8.5,Horizontal,Rectangle,16PT C2S,Spot UV,Silk,Spot UV Front,4/1,5000,Score in Half,No Gift Cards Slits,Yes 500 Envelopes A2
Majestic,Silk,5.5 x 8.5,Vertical,Rectangle,16PT C2S,Spot UV,Silk,Spot UV Front,4/1,5000,Score in Half,No Gift Cards Slits,Yes 500 Envelopes A2
Majestic,Silk,4.25 x 11,Vertical,Rectangle,16PT C2S,Spot UV,Silk,Spot UV Front,4/1,5000,Score in Half,No Gift Cards Slits,Yes 500 Envelopes A2
Majestic,Silk,5.5 x 8.5,Horizontal,Rectangle,16PT C2S,Spot UV,Silk,Spot UV Back,4/1,5000,Score in Half,No Gift Cards Slits,Yes 500 Envelopes A2
Majestic,Silk,4.25 x 11,Vertical,Rectangle,16PT C2S,Spot UV,Silk,Spot UV Back,4/1,5000,Score in Half,No Gift Cards Slits,Yes 500 Envelopes A2
Majestic,Silk,5.5 x 8.5,Vertical,Rectangle,16PT C2S,Spot UV,Silk,Spot UV Back,4/1,5000,Score in Half,No Gift Cards Slits,Yes 500 Envelopes A2
Majestic,Silk,5.5 x 8.5,Horizontal,Rectangle,16PT C2S,Spot UV,Silk,Spot UV Both Sides,4/1,5000,Score in Half,No Gift Cards Slits,Yes 500 Envelopes A2
Majestic,Silk,4.25 x 11,Horizontal,Rectangle,16PT C2S,Spot UV,Silk,Spot UV Both Sides,4/1,5000,Score in Half,No Gift Cards Slits,Yes 500 Envelopes A2
Majestic,Silk,4.25 x 11,Vertical,Rectangle,16PT C2S,Spot UV,Silk,Spot UV Both Sides,4/1,5000,Score in Half,No Gift Cards Slits,Yes 500 Envelopes A2
Majestic,Silk,4.25 x 11,Horizontal,Rectangle,16PT C2S,Spot UV,Silk,Spot UV Front,4/4 (4 color both sides),5000,Score in Half,No Gift Cards Slits,Yes 500 Envelopes A2
Majestic,Silk,5.5 x 8.5,Vertical,Rectangle,16PT C2S,Spot UV,Silk,Spot UV Both Sides,4/1,5000,Score in Half,No Gift Cards Slits,Yes 500 Envelopes A2
Majestic,Silk,5.5 x 8.5,Vertical,Rectangle,16PT C2S,Spot UV,Silk,Spot UV Front,4/4 (4 color both sides),5000,Score in Half,No Gift Cards Slits,Yes 500 Envelopes A2
Majestic,Silk,5.5 x 8.5,Horizontal,Rectangle,16PT C2S,Spot UV,Silk,Spot UV Front,4/4 (4 color both sides),5000,Score in Half,No Gift Cards Slits,Yes 500 Envelopes A2
Majestic,Silk,5.5 x 8.5,Vertical,Rectangle,16PT C2S,Spot UV,Silk,Spot UV Both Sides,4/4 (4 color both sides),1000,Score in Half,Moon Slits Bottom Panel,Yes 500 Envelopes A2
Majestic,Silk,4.25 x 11,Horizontal,Rectangle,16PT C2S,Spot UV,Silk,Spot UV Back,4/4 (4 color both sides),5000,Score in Half,No Gift Cards Slits,Yes 500 Envelopes A2
Majestic,Silk,4.25 x 11,Vertical,Rectangle,16PT C2S,Spot UV,Silk,Spot UV Front,4/4 (4 color both sides),5000,Score in Half,No Gift Cards Slits,Yes 500 Envelopes A2
Majestic,Silk,4.25 x 11,Vertical,Rectangle,16PT C2S,Spot UV,Silk,Spot UV Back,4/4 (4 color both sides),5000,Score in Half,No Gift Cards Slits,Yes 500 Envelopes A2
Majestic,Silk,5.5 x 8.5,Vertical,Rectangle,16PT C2S,Spot UV,Silk,Spot UV Back,4/4 (4 color both sides),5000,Score in Half,No Gift Cards Slits,Yes 500 Envelopes A2
Majestic,Silk,5.5 x 8.5,Horizontal,Rectangle,16PT C2S,Spot UV,Silk,Spot UV Both Sides,4/4 (4 color both sides),5000,Score in Half,No Gift Cards Slits,Yes 500 Envelopes A2
Majestic,Silk,4.25 x 11,Horizontal,Rectangle,16PT C2S,Spot UV,Silk,Spot UV Both Sides,4/4 (4 color both sides),5000,Score in Half,No Gift Cards Slits,Yes 500 Envelopes A2
Majestic,Silk,4.25 x 11,Horizontal,Rectangle,16PT C2S,Spot UV,Silk,Spot UV Front,4/1,10000,Score in Half,No Gift Cards Slits,Yes 500 Envelopes A2
Majestic,Silk,4.25 x 11,Vertical,Rectangle,16PT C2S,Spot UV,Silk,Spot UV Both Sides,4/4 (4 color both sides),5000,Score in Half,No Gift Cards Slits,Yes 500 Envelopes A2
Majestic,Silk,5.5 x 8.5,Vertical,Rectangle,16PT C2S,Spot UV,Silk,Spot UV Both Sides,4/4 (4 color both sides),5000,Score in Half,No Gift Cards Slits,Yes 500 Envelopes A2
Majestic,Silk,4.25 x 11,Vertical,Rectangle,16PT C2S,Spot UV,Silk,Spot UV Front,4/1,10000,Score in Half,No Gift Cards Slits,Yes 500 Envelopes A2
Majestic,Silk,5.5 x 8.5,Horizontal,Rectangle,16PT C2S,Spot UV,Silk,Spot UV Front,4/1,10000,Score in Half,No Gift Cards Slits,Yes 500 Envelopes A2
Majestic,Silk,5.5 x 8.5,Horizontal,Rectangle,16PT C2S,Spot UV,Silk,Spot UV Back,4/4 (4 color both sides),5000,Score in Half,No Gift Cards Slits,Yes 500 Envelopes A2
Majestic,Silk,4.25 x 11,Vertical,Rectangle,16PT C2S,Spot UV,Silk,Spot UV Both Sides,4/4 (4 color both sides),2500,Score in Half,No Gift Cards Slits,Yes 500 Envelopes A2
Majestic,Silk,4.25 x 11,Horizontal,Rectangle,16PT C2S,Spot UV,Silk,Spot UV Back,4/1,10000,Score in Half,No Gift Cards Slits,Yes 500 Envelopes A2
Majestic,Silk,4.25 x 11,Vertical,Rectangle,16PT C2S,Spot UV,Silk,Spot UV Back,4/1,10000,Score in Half,No Gift Cards Slits,Yes 500 Envelopes A2
Majestic,Silk,5.5 x 8.5,Vertical,Rectangle,16PT C2S,Spot UV,Silk,Spot UV Back,4/1,10000,Score in Half,No Gift Cards Slits,Yes 500 Envelopes A2
Majestic,Silk,4.25 x 11,Horizontal,Rectangle,16PT C2S,Spot UV,Silk,Spot UV Both Sides,4/1,10000,Score in Half,No Gift Cards Slits,Yes 500 Envelopes A2
Majestic,Silk,5.5 x 8.5,Vertical,Rectangle,16PT C2S,Spot UV,Silk,Spot UV Both Sides,4/1,10000,Score in Half,No Gift Cards Slits,Yes 500 Envelopes A2
Majestic,Silk,5.5 x 8.5,Horizontal,Rectangle,16PT C2S,Spot UV,Silk,Spot UV Both Sides,4/1,10000,Score in Half,No Gift Cards Slits,Yes 500 Envelopes A2
Majestic,Silk,4.25 x 11,Vertical,Rectangle,16PT C2S,Spot UV,Silk,Spot UV Both Sides,4/1,10000,Score in Half,No Gift Cards Slits,Yes 500 Envelopes A2
Majestic,Silk,4.25 x 11,Vertical,Rectangle,16PT C2S,Spot UV,Silk,Spot UV Front,4/4 (4 color both sides),10000,Score in Half,No Gift Cards Slits,Yes 500 Envelopes A2
Majestic,Silk,5.5 x 8.5,Vertical,Rectangle,16PT C2S,Spot UV,Silk,Spot UV Front,4/1,10000,Score in Half,No Gift Cards Slits,Yes 500 Envelopes A2
Majestic,Silk,5.5 x 8.5,Vertical,Rectangle,16PT C2S,Spot UV,Silk,Spot UV Front,4/4 (4 color both sides),10000,Score in Half,No Gift Cards Slits,Yes 500 Envelopes A2
Majestic,Silk,5.5 x 8.5,Horizontal,Rectangle,16PT C2S,Spot UV,Silk,Spot UV Front,4/4 (4 color both sides),10000,Score in Half,No Gift Cards Slits,Yes 500 Envelopes A2
Majestic,Silk,4.25 x 11,Horizontal,Rectangle,16PT C2S,Spot UV,Silk,Spot UV Back,4/4 (4 color both sides),10000,Score in Half,No Gift Cards Slits,Yes 500 Envelopes A2
Majestic,Silk,4.25 x 11,Horizontal,Rectangle,16PT C2S,Spot UV,Silk,Spot UV Both Sides,4/4 (4 color both sides),10000,Score in Half,No Gift Cards Slits,Yes 500 Envelopes A2
Majestic,Silk,5.5 x 8.5,Horizontal,Rectangle,16PT C2S,Spot UV,Silk,Spot UV Back,4/4 (4 color both sides),10000,Score in Half,No Gift Cards Slits,Yes 500 Envelopes A2
Majestic,Silk,4.25 x 11,Vertical,Rectangle,16PT C2S,Spot UV,Silk,Spot UV Back,4/4 (4 color both sides),10000,Score in Half,No Gift Cards Slits,Yes 500 Envelopes A2
Majestic,Silk,5.5 x 8.5,Vertical,Rectangle,16PT C2S,Spot UV,Silk,Spot UV Back,4/4 (4 color both sides),10000,Score in Half,No Gift Cards Slits,Yes 500 Envelopes A2
Majestic,Silk,5.5 x 8.5,Horizontal,Rectangle,16PT C2S,Spot UV,Silk,Spot UV Both Sides,4/4 (4 color both sides),10000,Score in Half,No Gift Cards Slits,Yes 500 Envelopes A2
Majestic,Silk,4.25 x 11,Vertical,Rectangle,16PT C2S,Spot UV,Silk,Spot UV Both Sides,4/4 (4 color both sides),10000,Score in Half,No Gift Cards Slits,Yes 500 Envelopes A2
Majestic,Silk,5.5 x 8.5,Horizontal,Rectangle,16PT C2S,Spot UV,Silk,Spot UV Front,4/1,500,Score in Half,Slide Slits Bottom Panel,Yes 500 Envelopes A2
Majestic,Silk,4.25 x 11,Horizontal,Rectangle,16PT C2S,Spot UV,Silk,Spot UV Front,4/1,500,Score in Half,Slide Slits Bottom Panel,Yes 500 Envelopes A2
Majestic,Silk,5.5 x 8.5,Vertical,Rectangle,16PT C2S,Spot UV,Silk,Spot UV Both Sides,4/4 (4 color both sides),10000,Score in Half,No Gift Cards Slits,Yes 500 Envelopes A2
Majestic,Silk,5.5 x 8.5,Vertical,Rectangle,16PT C2S,Spot UV,Silk,Spot UV Front,4/1,500,Score in Half,Slide Slits Bottom Panel,Yes 500 Envelopes A2
Majestic,Silk,4.25 x 11,Horizontal,Rectangle,16PT C2S,Spot UV,Silk,Spot UV Front,4/4 (4 color both sides),10000,Score in Half,No Gift Cards Slits,Yes 500 Envelopes A2
Majestic,Silk,4.25 x 11,Horizontal,Rectangle,16PT C2S,Spot UV,Silk,Spot UV Back,4/1,500,Score in Half,Slide Slits Bottom Panel,Yes 500 Envelopes A2
Majestic,Silk,4.25 x 11,Vertical,Rectangle,16PT C2S,Spot UV,Silk,Spot UV Back,4/1,500,Score in Half,Slide Slits Bottom Panel,Yes 500 Envelopes A2
Majestic,Silk,5.5 x 8.5,Horizontal,Rectangle,16PT C2S,Spot UV,Silk,Spot UV Back,4/1,500,Score in Half,Slide Slits Bottom Panel,Yes 500 Envelopes A2
Majestic,Silk,5.5 x 8.5,Horizontal,Rectangle,16PT C2S,Spot UV,Silk,Spot UV Back,4/1,10000,Score in Half,No Gift Cards Slits,Yes 500 Envelopes A2
Majestic,Silk,5.5 x 8.5,Vertical,Rectangle,16PT C2S,Spot UV,Silk,Spot UV Back,4/1,500,Score in Half,Slide Slits Bottom Panel,Yes 500 Envelopes A2
Majestic,Silk,4.25 x 11,Vertical,Rectangle,16PT C2S,Spot UV,Silk,Spot UV Both Sides,4/1,500,Score in Half,Slide Slits Bottom Panel,Yes 500 Envelopes A2
Majestic,Silk,4.25 x 11,Horizontal,Rectangle,16PT C2S,Spot UV,Silk,Spot UV Both Sides,4/1,500,Score in Half,Slide Slits Bottom Panel,Yes 500 Envelopes A2
Majestic,Silk,5.5 x 8.5,Vertical,Rectangle,16PT C2S,Spot UV,Silk,Spot UV Both Sides,4/1,500,Score in Half,Slide Slits Bottom Panel,Yes 500 Envelopes A2
Majestic,Silk,5.5 x 8.5,Vertical,Rectangle,16PT C2S,Spot UV,Silk,Spot UV Front,4/4 (4 color both sides),500,Score in Half,Slide Slits Bottom Panel,Yes 500 Envelopes A2
Majestic,Silk,5.5 x 8.5,Horizontal,Rectangle,16PT C2S,Spot UV,Silk,Spot UV Front,4/4 (4 color both sides),500,Score in Half,Slide Slits Bottom Panel,Yes 500 Envelopes A2
Majestic,Silk,4.25 x 11,Vertical,Rectangle,16PT C2S,Spot UV,Silk,Spot UV Front,4/4 (4 color both sides),500,Score in Half,Slide Slits Bottom Panel,Yes 500 Envelopes A2
Majestic,Silk,4.25 x 11,Horizontal,Rectangle,16PT C2S,Spot UV,Silk,Spot UV Front,4/4 (4 color both sides),500,Score in Half,Slide Slits Bottom Panel,Yes 500 Envelopes A2
Majestic,Silk,4.25 x 11,Horizontal,Rectangle,16PT C2S,Spot UV,Silk,Spot UV Back,4/4 (4 color both sides),500,Score in Half,Slide Slits Bottom Panel,Yes 500 Envelopes A2
Majestic,Silk,5.5 x 8.5,Vertical,Rectangle,16PT C2S,Spot UV,Silk,Spot UV Back,4/4 (4 color both sides),500,Score in Half,Slide Slits Bottom Panel,Yes 500 Envelopes A2
Majestic,Silk,5.5 x 8.5,Horizontal,Rectangle,16PT C2S,Spot UV,Silk,Spot UV Back,4/4 (4 color both sides),500,Score in Half,Slide Slits Bottom Panel,Yes 500 Envelopes A2
Majestic,Silk,4.25 x 11,Vertical,Rectangle,16PT C2S,Spot UV,Silk,Spot UV Back,4/4 (4 color both sides),500,Score in Half,Slide Slits Bottom Panel,Yes 500 Envelopes A2
Majestic,Silk,4.25 x 11,Horizontal,Rectangle,16PT C2S,Spot UV,Silk,Spot UV Both Sides,4/4 (4 color both sides),500,Score in Half,Slide Slits Bottom Panel,Yes 500 Envelopes A2
Majestic,Silk,5.5 x 8.5,Horizontal,Rectangle,16PT C2S,Spot UV,Silk,Spot UV Both Sides,4/4 (4 color both sides),500,Score in Half,Slide Slits Bottom Panel,Yes 500 Envelopes A2
Majestic,Silk,4.25 x 11,Vertical,Rectangle,16PT C2S,Spot UV,Silk,Spot UV Both Sides,4/4 (4 color both sides),500,Score in Half,Slide Slits Bottom Panel,Yes 500 Envelopes A2
Majestic,Silk,5.5 x 8.5,Horizontal,Rectangle,16PT C2S,Spot UV,Silk,Spot UV Front,4/1,1000,Score in Half,Slide Slits Bottom Panel,Yes 500 Envelopes A2
Majestic,Silk,5.5 x 8.5,Vertical,Rectangle,16PT C2S,Spot UV,Silk,Spot UV Both Sides,4/4 (4 color both sides),500,Score in Half,Slide Slits Bottom Panel,Yes 500 Envelopes A2
Majestic,Silk,4.25 x 11,Horizontal,Rectangle,16PT C2S,Spot UV,Silk,Spot UV Front,4/1,1000,Score in Half,Slide Slits Bottom Panel,Yes 500 Envelopes A2
Majestic,Silk,5.5 x 8.5,Vertical,Rectangle,16PT C2S,Spot UV,Silk,Spot UV Front,4/1,1000,Score in Half,Slide Slits Bottom Panel,Yes 500 Envelopes A2
Majestic,Silk,4.25 x 11,Vertical,Rectangle,16PT C2S,Spot UV,Silk,Spot UV Front,4/1,1000,Score in Half,Slide Slits Bottom Panel,Yes 500 Envelopes A2
Majestic,Silk,4.25 x 11,Vertical,Rectangle,16PT C2S,Spot UV,Silk,Spot UV Back,4/1,1000,Score in Half,Slide Slits Bottom Panel,Yes 500 Envelopes A2
Majestic,Silk,4.25 x 11,Horizontal,Rectangle,16PT C2S,Spot UV,Silk,Spot UV Back,4/1,1000,Score in Half,Slide Slits Bottom Panel,Yes 500 Envelopes A2
Majestic,Silk,5.5 x 8.5,Horizontal,Rectangle,16PT C2S,Spot UV,Silk,Spot UV Back,4/1,1000,Score in Half,Slide Slits Bottom Panel,Yes 500 Envelopes A2
Majestic,Silk,4.25 x 11,Horizontal,Rectangle,16PT C2S,Spot UV,Silk,Spot UV Both Sides,4/1,1000,Score in Half,Slide Slits Bottom Panel,Yes 500 Envelopes A2
Majestic,Silk,5.5 x 8.5,Vertical,Rectangle,16PT C2S,Spot UV,Silk,Spot UV Back,4/1,1000,Score in Half,Slide Slits Bottom Panel,Yes 500 Envelopes A2
Majestic,Silk,4.25 x 11,Vertical,Rectangle,16PT C2S,Spot UV,Silk,Spot UV Both Sides,4/1,1000,Score in Half,Slide Slits Bottom Panel,Yes 500 Envelopes A2
Majestic,Silk,5.5 x 8.5,Horizontal,Rectangle,16PT C2S,Spot UV,Silk,Spot UV Both Sides,4/1,1000,Score in Half,Slide Slits Bottom Panel,Yes 500 Envelopes A2
Majestic,Silk,5.5 x 8.5,Vertical,Rectangle,16PT C2S,Spot UV,Silk,Spot UV Both Sides,4/1,1000,Score in Half,Slide Slits Bottom Panel,Yes 500 Envelopes A2
Majestic,Silk,4.25 x 11,Horizontal,Rectangle,16PT C2S,Spot UV,Silk,Spot UV Front,4/4 (4 color both sides),1000,Score in Half,Slide Slits Bottom Panel,Yes 500 Envelopes A2
Majestic,Silk,5.5 x 8.5,Vertical,Rectangle,16PT C2S,Spot UV,Silk,Spot UV Front,4/4 (4 color both sides),1000,Score in Half,Slide Slits Bottom Panel,Yes 500 Envelopes A2
Majestic,Silk,4.25 x 11,Vertical,Rectangle,16PT C2S,Spot UV,Silk,Spot UV Front,4/4 (4 color both sides),1000,Score in Half,Slide Slits Bottom Panel,Yes 500 Envelopes A2
Majestic,Silk,5.5 x 8.5,Horizontal,Rectangle,16PT C2S,Spot UV,Silk,Spot UV Both Sides,4/1,500,Score in Half,Slide Slits Bottom Panel,Yes 500 Envelopes A2
Majestic,Silk,4.25 x 11,Horizontal,Rectangle,16PT C2S,Spot UV,Silk,Spot UV Back,4/4 (4 color both sides),1000,Score in Half,Slide Slits Bottom Panel,Yes 500 Envelopes A2
Majestic,Silk,5.5 x 8.5,Horizontal,Rectangle,16PT C2S,Spot UV,Silk,Spot UV Back,4/4 (4 color both sides),1000,Score in Half,Slide Slits Bottom Panel,Yes 500 Envelopes A2
Majestic,Silk,5.5 x 8.5,Horizontal,Rectangle,16PT C2S,Spot UV,Silk,Spot UV Both Sides,4/4 (4 color both sides),1000,Score in Half,Slide Slits Bottom Panel,Yes 500 Envelopes A2
Majestic,Silk,4.25 x 11,Vertical,Rectangle,16PT C2S,Spot UV,Silk,Spot UV Back,4/4 (4 color both sides),1000,Score in Half,Slide Slits Bottom Panel,Yes 500 Envelopes A2
Majestic,Silk,5.5 x 8.5,Vertical,Rectangle,16PT C2S,Spot UV,Silk,Spot UV Back,4/4 (4 color both sides),1000,Score in Half,Slide Slits Bottom Panel,Yes 500 Envelopes A2
Majestic,Silk,4.25 x 11,Horizontal,Rectangle,16PT C2S,Spot UV,Silk,Spot UV Both Sides,4/4 (4 color both sides),1000,Score in Half,Slide Slits Bottom Panel,Yes 500 Envelopes A2
Majestic,Silk,4.25 x 11,Vertical,Rectangle,16PT C2S,Spot UV,Silk,Spot UV Both Sides,4/4 (4 color both sides),1000,Score in Half,Slide Slits Bottom Panel,Yes 500 Envelopes A2
Majestic,Silk,4.25 x 11,Vertical,Rectangle,16PT C2S,Spot UV,Silk,Spot UV Front,4/1,2500,Score in Half,Slide Slits Bottom Panel,Yes 500 Envelopes A2
Majestic,Silk,5.5 x 8.5,Vertical,Rectangle,16PT C2S,Spot UV,Silk,Spot UV Both Sides,4/4 (4 color both sides),1000,Score in Half,Slide Slits Bottom Panel,Yes 500 Envelopes A2
Majestic,Silk,4.25 x 11,Horizontal,Rectangle,16PT C2S,Spot UV,Silk,Spot UV Front,4/1,2500,Score in Half,Slide Slits Bottom Panel,Yes 500 Envelopes A2
Majestic,Silk,5.5 x 8.5,Horizontal,Rectangle,16PT C2S,Spot UV,Silk,Spot UV Front,4/4 (4 color both sides),1000,Score in Half,Slide Slits Bottom Panel,Yes 500 Envelopes A2
Majestic,Silk,4.25 x 11,Vertical,Rectangle,16PT C2S,Spot UV,Silk,Spot UV Front,4/1,500,Score in Half,Slide Slits Bottom Panel,Yes 500 Envelopes A2
Majestic,Silk,5.5 x 8.5,Vertical,Rectangle,16PT C2S,Spot UV,Silk,Spot UV Back,4/1,2500,Score in Half,Slide Slits Bottom Panel,Yes 500 Envelopes A2
Majestic,Silk,5.5 x 8.5,Horizontal,Rectangle,16PT C2S,Spot UV,Silk,Spot UV Back,4/1,2500,Score in Half,Slide Slits Bottom Panel,Yes 500 Envelopes A2
Majestic,Silk,4.25 x 11,Horizontal,Rectangle,16PT C2S,Spot UV,Silk,Spot UV Back,4/1,2500,Score in Half,Slide Slits Bottom Panel,Yes 500 Envelopes A2
Majestic,Silk,4.25 x 11,Vertical,Rectangle,16PT C2S,Spot UV,Silk,Spot UV Back,4/1,2500,Score in Half,Slide Slits Bottom Panel,Yes 500 Envelopes A2
Majestic,Silk,4.25 x 11,Horizontal,Rectangle,16PT C2S,Spot UV,Silk,Spot UV Both Sides,4/1,2500,Score in Half,Slide Slits Bottom Panel,Yes 500 Envelopes A2
Majestic,Silk,5.5 x 8.5,Horizontal,Rectangle,16PT C2S,Spot UV,Silk,Spot UV Both Sides,4/1,2500,Score in Half,Slide Slits Bottom Panel,Yes 500 Envelopes A2
Majestic,Silk,4.25 x 11,Horizontal,Rectangle,16PT C2S,Spot UV,Silk,Spot UV Front,4/4 (4 color both sides),2500,Score in Half,Slide Slits Bottom Panel,Yes 500 Envelopes A2
Majestic,Silk,5.5 x 8.5,Vertical,Rectangle,16PT C2S,Spot UV,Silk,Spot UV Both Sides,4/1,2500,Score in Half,Slide Slits Bottom Panel,Yes 500 Envelopes A2
Majestic,Silk,4.25 x 11,Vertical,Rectangle,16PT C2S,Spot UV,Silk,Spot UV Both Sides,4/1,2500,Score in Half,Slide Slits Bottom Panel,Yes 500 Envelopes A2
Majestic,Silk,4.25 x 11,Vertical,Rectangle,16PT C2S,Spot UV,Silk,Spot UV Front,4/4 (4 color both sides),2500,Score in Half,Slide Slits Bottom Panel,Yes 500 Envelopes A2
Majestic,Silk,5.5 x 8.5,Horizontal,Rectangle,16PT C2S,Spot UV,Silk,Spot UV Front,4/1,2500,Score in Half,Slide Slits Bottom Panel,Yes 500 Envelopes A2
Majestic,Silk,5.5 x 8.5,Vertical,Rectangle,16PT C2S,Spot UV,Silk,Spot UV Front,4/4 (4 color both sides),2500,Score in Half,Slide Slits Bottom Panel,Yes 500 Envelopes A2
Majestic,Silk,5.5 x 8.5,Horizontal,Rectangle,16PT C2S,Spot UV,Silk,Spot UV Back,4/4 (4 color both sides),2500,Score in Half,Slide Slits Bottom Panel,Yes 500 Envelopes A2
Majestic,Silk,4.25 x 11,Horizontal,Rectangle,16PT C2S,Spot UV,Silk,Spot UV Back,4/4 (4 color both sides),2500,Score in Half,Slide Slits Bottom Panel,Yes 500 Envelopes A2
Majestic,Silk,4.25 x 11,Vertical,Rectangle,16PT C2S,Spot UV,Silk,Spot UV Back,4/4 (4 color both sides),2500,Score in Half,Slide Slits Bottom Panel,Yes 500 Envelopes A2
Majestic,Silk,4.25 x 11,Horizontal,Rectangle,16PT C2S,Spot UV,Silk,Spot UV Both Sides,4/4 (4 color both sides),2500,Score in Half,Slide Slits Bottom Panel,Yes 500 Envelopes A2
Majestic,Silk,5.5 x 8.5,Vertical,Rectangle,16PT C2S,Spot UV,Silk,Spot UV Back,4/4 (4 color both sides),2500,Score in Half,Slide Slits Bottom Panel,Yes 500 Envelopes A2
Majestic,Silk,4.25 x 11,Vertical,Rectangle,16PT C2S,Spot UV,Silk,Spot UV Both Sides,4/4 (4 color both sides),2500,Score in Half,Slide Slits Bottom Panel,Yes 500 Envelopes A2
Majestic,Silk,5.5 x 8.5,Vertical,Rectangle,16PT C2S,Spot UV,Silk,Spot UV Back,4/1,2500,Score in Half,Moon Slits Right Panel,Yes 500 Envelopes A2
Majestic,Silk,5.5 x 8.5,Horizontal,Rectangle,16PT C2S,Spot UV,Silk,Spot UV Both Sides,4/4 (4 color both sides),2500,Score in Half,Slide Slits Bottom Panel,Yes 500 Envelopes A2
Majestic,Silk,4.25 x 11,Horizontal,Rectangle,16PT C2S,Spot UV,Silk,Spot UV Front,4/1,5000,Score in Half,Slide Slits Bottom Panel,Yes 500 Envelopes A2
Majestic,Silk,5.5 x 8.5,Horizontal,Rectangle,16PT C2S,Spot UV,Silk,Spot UV Front,4/1,5000,Score in Half,Slide Slits Bottom Panel,Yes 500 Envelopes A2
Majestic,Silk,5.5 x 8.5,Vertical,Rectangle,16PT C2S,Spot UV,Silk,Spot UV Both Sides,4/4 (4 color both sides),2500,Score in Half,Slide Slits Bottom Panel,Yes 500 Envelopes A2
Majestic,Silk,4.25 x 11,Vertical,Rectangle,16PT C2S,Spot UV,Silk,Spot UV Front,4/1,5000,Score in Half,Slide Slits Bottom Panel,Yes 500 Envelopes A2
Majestic,Silk,5.5 x 8.5,Vertical,Rectangle,16PT C2S,Spot UV,Silk,Spot UV Front,4/1,5000,Score in Half,Slide Slits Bottom Panel,Yes 500 Envelopes A2
Majestic,Silk,4.25 x 11,Vertical,Rectangle,16PT C2S,Spot UV,Silk,Spot UV Back,4/1,5000,Score in Half,Slide Slits Bottom Panel,Yes 500 Envelopes A2
Majestic,Silk,5.5 x 8.5,Vertical,Rectangle,16PT C2S,Spot UV,Silk,Spot UV Front,4/1,2500,Score in Half,Slide Slits Bottom Panel,Yes 500 Envelopes A2
Majestic,Silk,5.5 x 8.5,Horizontal,Rectangle,16PT C2S,Spot UV,Silk,Spot UV Both Sides,4/1,5000,Score in Half,Slide Slits Bottom Panel,Yes 500 Envelopes A2
Majestic,Silk,4.25 x 11,Horizontal,Rectangle,16PT C2S,Spot UV,Silk,Spot UV Both Sides,4/1,5000,Score in Half,Slide Slits Bottom Panel,Yes 500 Envelopes A2
Majestic,Silk,5.5 x 8.5,Vertical,Rectangle,16PT C2S,Spot UV,Silk,Spot UV Back,4/1,5000,Score in Half,Slide Slits Bottom Panel,Yes 500 Envelopes A2
Majestic,Silk,5.5 x 8.5,Horizontal,Rectangle,16PT C2S,Spot UV,Silk,Spot UV Front,4/4 (4 color both sides),2500,Score in Half,Slide Slits Bottom Panel,Yes 500 Envelopes A2
Majestic,Silk,4.25 x 11,Horizontal,Rectangle,16PT C2S,Spot UV,Silk,Spot UV Back,4/1,5000,Score in Half,Slide Slits Bottom Panel,Yes 500 Envelopes A2
Majestic,Silk,4.25 x 11,Horizontal,Rectangle,16PT C2S,Spot UV,Silk,Spot UV Front,4/4 (4 color both sides),5000,Score in Half,Slide Slits Bottom Panel,Yes 500 Envelopes A2
Majestic,Silk,5.5 x 8.5,Horizontal,Rectangle,16PT C2S,Spot UV,Silk,Spot UV Front,4/4 (4 color both sides),5000,Score in Half,Slide Slits Bottom Panel,Yes 500 Envelopes A2
Majestic,Silk,5.5 x 8.5,Vertical,Rectangle,16PT C2S,Spot UV,Silk,Spot UV Front,4/4 (4 color both sides),5000,Score in Half,Slide Slits Bottom Panel,Yes 500 Envelopes A2
Majestic,Silk,4.25 x 11,Vertical,Rectangle,16PT C2S,Spot UV,Silk,Spot UV Front,4/4 (4 color both sides),5000,Score in Half,Slide Slits Bottom Panel,Yes 500 Envelopes A2
Majestic,Silk,4.25 x 11,Vertical,Rectangle,16PT C2S,Spot UV,Silk,Spot UV Back,4/4 (4 color both sides),5000,Score in Half,Slide Slits Bottom Panel,Yes 500 Envelopes A2
Majestic,Silk,5.5 x 8.5,Horizontal,Rectangle,16PT C2S,Spot UV,Silk,Spot UV Back,4/4 (4 color both sides),5000,Score in Half,Slide Slits Bottom Panel,Yes 500 Envelopes A2
Majestic,Silk,4.25 x 11,Horizontal,Rectangle,16PT C2S,Spot UV,Silk,Spot UV Back,4/4 (4 color both sides),5000,Score in Half,Slide Slits Bottom Panel,Yes 500 Envelopes A2
Majestic,Silk,5.5 x 8.5,Vertical,Rectangle,16PT C2S,Spot UV,Silk,Spot UV Back,4/4 (4 color both sides),5000,Score in Half,Slide Slits Bottom Panel,Yes 500 Envelopes A2
Majestic,Silk,4.25 x 11,Horizontal,Rectangle,16PT C2S,Spot UV,Silk,Spot UV Both Sides,4/4 (4 color both sides),5000,Score in Half,Slide Slits Bottom Panel,Yes 500 Envelopes A2
Majestic,Silk,4.25 x 11,Horizontal,Rectangle,16PT C2S,Spot UV,Silk,Spot UV Front,4/1,10000,Score in Half,Slide Slits Bottom Panel,Yes 500 Envelopes A2
Majestic,Silk,4.25 x 11,Vertical,Rectangle,16PT C2S,Spot UV,Silk,Spot UV Both Sides,4/4 (4 color both sides),5000,Score in Half,Slide Slits Bottom Panel,Yes 500 Envelopes A2
Majestic,Silk,5.5 x 8.5,Horizontal,Rectangle,16PT C2S,Spot UV,Silk,Spot UV Both Sides,4/4 (4 color both sides),5000,Score in Half,Slide Slits Bottom Panel,Yes 500 Envelopes A2
Majestic,Silk,5.5 x 8.5,Vertical,Rectangle,16PT C2S,Spot UV,Silk,Spot UV Both Sides,4/4 (4 color both sides),5000,Score in Half,Slide Slits Bottom Panel,Yes 500 Envelopes A2
Majestic,Silk,5.5 x 8.5,Horizontal,Rectangle,16PT C2S,Spot UV,Silk,Spot UV Front,4/1,10000,Score in Half,Slide Slits Bottom Panel,Yes 500 Envelopes A2
Majestic,Silk,5.5 x 8.5,Horizontal,Rectangle,16PT C2S,Spot UV,Silk,Spot UV Back,4/1,10000,Score in Half,Slide Slits Bottom Panel,Yes 500 Envelopes A2
Majestic,Silk,5.5 x 8.5,Vertical,Rectangle,16PT C2S,Spot UV,Silk,Spot UV Front,4/1,10000,Score in Half,Slide Slits Bottom Panel,Yes 500 Envelopes A2
Majestic,Silk,4.25 x 11,Horizontal,Rectangle,16PT C2S,Spot UV,Silk,Spot UV Back,4/1,10000,Score in Half,Slide Slits Bottom Panel,Yes 500 Envelopes A2
Majestic,Silk,4.25 x 11,Vertical,Rectangle,16PT C2S,Spot UV,Silk,Spot UV Front,4/1,10000,Score in Half,Slide Slits Bottom Panel,Yes 500 Envelopes A2
Majestic,Silk,4.25 x 11,Vertical,Rectangle,16PT C2S,Spot UV,Silk,Spot UV Back,4/1,10000,Score in Half,Slide Slits Bottom Panel,Yes 500 Envelopes A2
Majestic,Silk,5.5 x 8.5,Vertical,Rectangle,16PT C2S,Spot UV,Silk,Spot UV Back,4/1,10000,Score in Half,Slide Slits Bottom Panel,Yes 500 Envelopes A2
Majestic,Silk,4.25 x 11,Vertical,Rectangle,16PT C2S,Spot UV,Silk,Spot UV Both Sides,4/1,10000,Score in Half,Slide Slits Bottom Panel,Yes 500 Envelopes A2
Majestic,Silk,5.5 x 8.5,Horizontal,Rectangle,16PT C2S,Spot UV,Silk,Spot UV Both Sides,4/1,10000,Score in Half,Slide Slits Bottom Panel,Yes 500 Envelopes A2
Majestic,Silk,4.25 x 11,Horizontal,Rectangle,16PT C2S,Spot UV,Silk,Spot UV Both Sides,4/1,10000,Score in Half,Slide Slits Bottom Panel,Yes 500 Envelopes A2
Majestic,Silk,4.25 x 11,Horizontal,Rectangle,16PT C2S,Spot UV,Silk,Spot UV Front,4/4 (4 color both sides),10000,Score in Half,Slide Slits Bottom Panel,Yes 500 Envelopes A2
Majestic,Silk,5.5 x 8.5,Vertical,Rectangle,16PT C2S,Spot UV,Silk,Spot UV Both Sides,4/1,10000,Score in Half,Slide Slits Bottom Panel,Yes 500 Envelopes A2
Majestic,Silk,5.5 x 8.5,Vertical,Rectangle,16PT C2S,Spot UV,Silk,Spot UV Front,4/4 (4 color both sides),10000,Score in Half,Slide Slits Bottom Panel,Yes 500 Envelopes A2
Majestic,Silk,5.5 x 8.5,Horizontal,Rectangle,16PT C2S,Spot UV,Silk,Spot UV Front,4/4 (4 color both sides),10000,Score in Half,Slide Slits Bottom Panel,Yes 500 Envelopes A2
Majestic,Silk,4.25 x 11,Vertical,Rectangle,16PT C2S,Spot UV,Silk,Spot UV Front,4/4 (4 color both sides),10000,Score in Half,Slide Slits Bottom Panel,Yes 500 Envelopes A2
Majestic,Silk,4.25 x 11,Vertical,Rectangle,16PT C2S,Spot UV,Silk,Spot UV Both Sides,4/1,5000,Score in Half,Slide Slits Bottom Panel,Yes 500 Envelopes A2
Majestic,Silk,4.25 x 11,Horizontal,Rectangle,16PT C2S,Spot UV,Silk,Spot UV Back,4/4 (4 color both sides),10000,Score in Half,Slide Slits Bottom Panel,Yes 500 Envelopes A2
Majestic,Silk,4.25 x 11,Vertical,Rectangle,16PT C2S,Spot UV,Silk,Spot UV Back,4/4 (4 color both sides),10000,Score in Half,Slide Slits Bottom Panel,Yes 500 Envelopes A2
Majestic,Silk,5.5 x 8.5,Horizontal,Rectangle,16PT C2S,Spot UV,Silk,Spot UV Both Sides,4/4 (4 color both sides),10000,Score in Half,Slide Slits Bottom Panel,Yes 500 Envelopes A2
Majestic,Silk,5.5 x 8.5,Vertical,Rectangle,16PT C2S,Spot UV,Silk,Spot UV Back,4/4 (4 color both sides),10000,Score in Half,Slide Slits Bottom Panel,Yes 500 Envelopes A2
Majestic,Silk,5.5 x 8.5,Vertical,Rectangle,16PT C2S,Spot UV,Silk,Spot UV Both Sides,4/1,5000,Score in Half,Slide Slits Bottom Panel,Yes 500 Envelopes A2
Majestic,Silk,4.25 x 11,Vertical,Rectangle,16PT C2S,Spot UV,Silk,Spot UV Both Sides,4/4 (4 color both sides),10000,Score in Half,Slide Slits Bottom Panel,Yes 500 Envelopes A2
Majestic,Silk,5.5 x 8.5,Vertical,Rectangle,16PT C2S,Spot UV,Silk,Spot UV Both Sides,4/4 (4 color both sides),10000,Score in Half,Slide Slits Bottom Panel,Yes 500 Envelopes A2
Majestic,Silk,4.25 x 11,Horizontal,Rectangle,16PT C2S,Spot UV,Silk,Spot UV Front,4/1,500,Score in Half,Slide Slits Right Panel,Yes 500 Envelopes A2
Majestic,Silk,4.25 x 11,Vertical,Rectangle,16PT C2S,Spot UV,Silk,Spot UV Front,4/1,500,Score in Half,Slide Slits Right Panel,Yes 500 Envelopes A2
Majestic,Silk,5.5 x 8.5,Horizontal,Rectangle,16PT C2S,Spot UV,Silk,Spot UV Front,4/1,500,Score in Half,Slide Slits Right Panel,Yes 500 Envelopes A2
Majestic,Silk,5.5 x 8.5,Vertical,Rectangle,16PT C2S,Spot UV,Silk,Spot UV Front,4/1,500,Score in Half,Slide Slits Right Panel,Yes 500 Envelopes A2
Majestic,Silk,4.25 x 11,Horizontal,Rectangle,16PT C2S,Spot UV,Silk,Spot UV Back,4/1,500,Score in Half,Slide Slits Right Panel,Yes 500 Envelopes A2
Majestic,Silk,5.5 x 8.5,Horizontal,Rectangle,16PT C2S,Spot UV,Silk,Spot UV Back,4/1,500,Score in Half,Slide Slits Right Panel,Yes 500 Envelopes A2
Majestic,Silk,5.5 x 8.5,Vertical,Rectangle,16PT C2S,Spot UV,Silk,Spot UV Back,4/1,500,Score in Half,Slide Slits Right Panel,Yes 500 Envelopes A2
Majestic,Silk,4.25 x 11,Horizontal,Rectangle,16PT C2S,Spot UV,Silk,Spot UV Both Sides,4/1,500,Score in Half,Slide Slits Right Panel,Yes 500 Envelopes A2
Majestic,Silk,5.5 x 8.5,Horizontal,Rectangle,16PT C2S,Spot UV,Silk,Spot UV Both Sides,4/1,500,Score in Half,Slide Slits Right Panel,Yes 500 Envelopes A2
Majestic,Silk,4.25 x 11,Vertical,Rectangle,16PT C2S,Spot UV,Silk,Spot UV Back,4/1,500,Score in Half,Slide Slits Right Panel,Yes 500 Envelopes A2
Majestic,Silk,4.25 x 11,Vertical,Rectangle,16PT C2S,Spot UV,Silk,Spot UV Both Sides,4/1,500,Score in Half,Slide Slits Right Panel,Yes 500 Envelopes A2
Majestic,Silk,5.5 x 8.5,Vertical,Rectangle,16PT C2S,Spot UV,Silk,Spot UV Both Sides,4/1,500,Score in Half,Slide Slits Right Panel,Yes 500 Envelopes A2
Majestic,Silk,4.25 x 11,Horizontal,Rectangle,16PT C2S,Spot UV,Silk,Spot UV Front,4/4 (4 color both sides),500,Score in Half,Slide Slits Right Panel,Yes 500 Envelopes A2
Majestic,Silk,4.25 x 11,Vertical,Rectangle,16PT C2S,Spot UV,Silk,Spot UV Front,4/4 (4 color both sides),500,Score in Half,Slide Slits Right Panel,Yes 500 Envelopes A2
Majestic,Silk,5.5 x 8.5,Horizontal,Rectangle,16PT C2S,Spot UV,Silk,Spot UV Front,4/4 (4 color both sides),500,Score in Half,Slide Slits Right Panel,Yes 500 Envelopes A2
Majestic,Silk,5.5 x 8.5,Vertical,Rectangle,16PT C2S,Spot UV,Silk,Spot UV Front,4/4 (4 color both sides),500,Score in Half,Slide Slits Right Panel,Yes 500 Envelopes A2
Majestic,Silk,4.25 x 11,Horizontal,Rectangle,16PT C2S,Spot UV,Silk,Spot UV Back,4/4 (4 color both sides),500,Score in Half,Slide Slits Right Panel,Yes 500 Envelopes A2
Majestic,Silk,5.5 x 8.5,Horizontal,Rectangle,16PT C2S,Spot UV,Silk,Spot UV Back,4/4 (4 color both sides),500,Score in Half,Slide Slits Right Panel,Yes 500 Envelopes A2
Majestic,Silk,4.25 x 11,Vertical,Rectangle,16PT C2S,Spot UV,Silk,Spot UV Back,4/4 (4 color both sides),500,Score in Half,Slide Slits Right Panel,Yes 500 Envelopes A2
Majestic,Silk,5.5 x 8.5,Horizontal,Rectangle,16PT C2S,Spot UV,Silk,Spot UV Both Sides,4/4 (4 color both sides),500,Score in Half,Slide Slits Right Panel,Yes 500 Envelopes A2
Majestic,Silk,4.25 x 11,Horizontal,Rectangle,16PT C2S,Spot UV,Silk,Spot UV Both Sides,4/4 (4 color both sides),500,Score in Half,Slide Slits Right Panel,Yes 500 Envelopes A2
Majestic,Silk,5.5 x 8.5,Horizontal,Rectangle,16PT C2S,Spot UV,Silk,Spot UV Back,4/1,5000,Score in Half,Slide Slits Bottom Panel,Yes 500 Envelopes A2
Majestic,Silk,4.25 x 11,Vertical,Rectangle,16PT C2S,Spot UV,Silk,Spot UV Both Sides,4/4 (4 color both sides),500,Score in Half,Slide Slits Right Panel,Yes 500 Envelopes A2
Majestic,Silk,5.5 x 8.5,Vertical,Rectangle,16PT C2S,Spot UV,Silk,Spot UV Both Sides,4/4 (4 color both sides),500,Score in Half,Slide Slits Right Panel,Yes 500 Envelopes A2
Majestic,Silk,4.25 x 11,Horizontal,Rectangle,16PT C2S,Spot UV,Silk,Spot UV Both Sides,4/4 (4 color both sides),10000,Score in Half,Slide Slits Bottom Panel,Yes 500 Envelopes A2
Majestic,Silk,4.25 x 11,Horizontal,Rectangle,16PT C2S,Spot UV,Silk,Spot UV Back,4/1,1000,Score in Half,Slide Slits Right Panel,Yes 500 Envelopes A2
Majestic,Silk,5.5 x 8.5,Horizontal,Rectangle,16PT C2S,Spot UV,Silk,Spot UV Front,4/1,1000,Score in Half,Slide Slits Right Panel,Yes 500 Envelopes A2
Majestic,Silk,4.25 x 11,Vertical,Rectangle,16PT C2S,Spot UV,Silk,Spot UV Front,4/1,1000,Score in Half,Slide Slits Right Panel,Yes 500 Envelopes A2
Majestic,Silk,5.5 x 8.5,Vertical,Rectangle,16PT C2S,Spot UV,Silk,Spot UV Front,4/1,1000,Score in Half,Slide Slits Right Panel,Yes 500 Envelopes A2
Majestic,Silk,5.5 x 8.5,Horizontal,Rectangle,16PT C2S,Spot UV,Silk,Spot UV Back,4/1,1000,Score in Half,Slide Slits Right Panel,Yes 500 Envelopes A2
Majestic,Silk,4.25 x 11,Vertical,Rectangle,16PT C2S,Spot UV,Silk,Spot UV Back,4/1,1000,Score in Half,Slide Slits Right Panel,Yes 500 Envelopes A2
Majestic,Silk,5.5 x 8.5,Vertical,Rectangle,16PT C2S,Spot UV,Silk,Spot UV Back,4/1,1000,Score in Half,Slide Slits Right Panel,Yes 500 Envelopes A2
Majestic,Silk,5.5 x 8.5,Horizontal,Rectangle,16PT C2S,Spot UV,Silk,Spot UV Both Sides,4/1,1000,Score in Half,Slide Slits Right Panel,Yes 500 Envelopes A2
Majestic,Silk,4.25 x 11,Horizontal,Rectangle,16PT C2S,Spot UV,Silk,Spot UV Both Sides,4/1,1000,Score in Half,Slide Slits Right Panel,Yes 500 Envelopes A2
Majestic,Silk,4.25 x 11,Horizontal,Rectangle,16PT C2S,Spot UV,Silk,Spot UV Front,4/4 (4 color both sides),1000,Score in Half,Slide Slits Right Panel,Yes 500 Envelopes A2
Majestic,Silk,4.25 x 11,Vertical,Rectangle,16PT C2S,Spot UV,Silk,Spot UV Both Sides,4/1,1000,Score in Half,Slide Slits Right Panel,Yes 500 Envelopes A2
Majestic,Silk,5.5 x 8.5,Horizontal,Rectangle,16PT C2S,Spot UV,Silk,Spot UV Front,4/4 (4 color both sides),1000,Score in Half,Slide Slits Right Panel,Yes 500 Envelopes A2
Majestic,Silk,5.5 x 8.5,Vertical,Rectangle,16PT C2S,Spot UV,Silk,Spot UV Both Sides,4/1,1000,Score in Half,Slide Slits Right Panel,Yes 500 Envelopes A2
Majestic,Silk,4.25 x 11,Vertical,Rectangle,16PT C2S,Spot UV,Silk,Spot UV Front,4/4 (4 color both sides),1000,Score in Half,Slide Slits Right Panel,Yes 500 Envelopes A2
Majestic,Silk,5.5 x 8.5,Vertical,Rectangle,16PT C2S,Spot UV,Silk,Spot UV Front,4/4 (4 color both sides),1000,Score in Half,Slide Slits Right Panel,Yes 500 Envelopes A2
Majestic,Silk,4.25 x 11,Vertical,Rectangle,16PT C2S,Spot UV,Silk,Spot UV Back,4/4 (4 color both sides),1000,Score in Half,Slide Slits Right Panel,Yes 500 Envelopes A2
Majestic,Silk,4.25 x 11,Horizontal,Rectangle,16PT C2S,Spot UV,Silk,Spot UV Back,4/4 (4 color both sides),1000,Score in Half,Slide Slits Right Panel,Yes 500 Envelopes A2
Majestic,Silk,5.5 x 8.5,Horizontal,Rectangle,16PT C2S,Spot UV,Silk,Spot UV Back,4/4 (4 color both sides),1000,Score in Half,Slide Slits Right Panel,Yes 500 Envelopes A2
Majestic,Silk,4.25 x 11,Horizontal,Rectangle,16PT C2S,Spot UV,Silk,Spot UV Both Sides,4/4 (4 color both sides),1000,Score in Half,Slide Slits Right Panel,Yes 500 Envelopes A2
Majestic,Silk,5.5 x 8.5,Vertical,Rectangle,16PT C2S,Spot UV,Silk,Spot UV Back,4/4 (4 color both sides),1000,Score in Half,Slide Slits Right Panel,Yes 500 Envelopes A2
Majestic,Silk,5.5 x 8.5,Horizontal,Rectangle,16PT C2S,Spot UV,Silk,Spot UV Both Sides,4/4 (4 color both sides),1000,Score in Half,Slide Slits Right Panel,Yes 500 Envelopes A2
Majestic,Silk,4.25 x 11,Vertical,Rectangle,16PT C2S,Spot UV,Silk,Spot UV Both Sides,4/4 (4 color both sides),1000,Score in Half,Slide Slits Right Panel,Yes 500 Envelopes A2
Majestic,Silk,5.5 x 8.5,Vertical,Rectangle,16PT C2S,Spot UV,Silk,Spot UV Both Sides,4/4 (4 color both sides),1000,Score in Half,Slide Slits Right Panel,Yes 500 Envelopes A2
Majestic,Silk,4.25 x 11,Horizontal,Rectangle,16PT C2S,Spot UV,Silk,Spot UV Front,4/1,2500,Score in Half,Slide Slits Right Panel,Yes 500 Envelopes A2
Majestic,Silk,5.5 x 8.5,Horizontal,Rectangle,16PT C2S,Spot UV,Silk,Spot UV Front,4/1,2500,Score in Half,Slide Slits Right Panel,Yes 500 Envelopes A2
Majestic,Silk,4.25 x 11,Vertical,Rectangle,16PT C2S,Spot UV,Silk,Spot UV Front,4/1,2500,Score in Half,Slide Slits Right Panel,Yes 500 Envelopes A2
Majestic,Silk,5.5 x 8.5,Horizontal,Rectangle,16PT C2S,Spot UV,Silk,Spot UV Back,4/1,2500,Score in Half,Slide Slits Right Panel,Yes 500 Envelopes A2
Majestic,Silk,4.25 x 11,Horizontal,Rectangle,16PT C2S,Spot UV,Silk,Spot UV Back,4/1,2500,Score in Half,Slide Slits Right Panel,Yes 500 Envelopes A2
Majestic,Silk,4.25 x 11,Vertical,Rectangle,16PT C2S,Spot UV,Silk,Spot UV Back,4/1,2500,Score in Half,Slide Slits Right Panel,Yes 500 Envelopes A2
Majestic,Silk,5.5 x 8.5,Vertical,Rectangle,16PT C2S,Spot UV,Silk,Spot UV Back,4/1,2500,Score in Half,Slide Slits Right Panel,Yes 500 Envelopes A2
Majestic,Silk,5.5 x 8.5,Horizontal,Rectangle,16PT C2S,Spot UV,Silk,Spot UV Both Sides,4/1,2500,Score in Half,Slide Slits Right Panel,Yes 500 Envelopes A2
Majestic,Silk,4.25 x 11,Horizontal,Rectangle,16PT C2S,Spot UV,Silk,Spot UV Both Sides,4/1,2500,Score in Half,Slide Slits Right Panel,Yes 500 Envelopes A2
Majestic,Silk,4.25 x 11,Vertical,Rectangle,16PT C2S,Spot UV,Silk,Spot UV Both Sides,4/1,2500,Score in Half,Slide Slits Right Panel,Yes 500 Envelopes A2
Majestic,Silk,5.5 x 8.5,Vertical,Rectangle,16PT C2S,Spot UV,Silk,Spot UV Back,4/4 (4 color both sides),500,Score in Half,Slide Slits Right Panel,Yes 500 Envelopes A2
Majestic,Silk,5.5 x 8.5,Vertical,Rectangle,16PT C2S,Spot UV,Silk,Spot UV Front,4/1,2500,Score in Half,Slide Slits Right Panel,Yes 500 Envelopes A2
Majestic,Silk,5.5 x 8.5,Horizontal,Rectangle,16PT C2S,Spot UV,Silk,Spot UV Front,4/4 (4 color both sides),2500,Score in Half,Slide Slits Right Panel,Yes 500 Envelopes A2
Majestic,Silk,4.25 x 11,Horizontal,Rectangle,16PT C2S,Spot UV,Silk,Spot UV Front,4/4 (4 color both sides),2500,Score in Half,Slide Slits Right Panel,Yes 500 Envelopes A2
Majestic,Silk,5.5 x 8.5,Vertical,Rectangle,16PT C2S,Spot UV,Silk,Spot UV Front,4/4 (4 color both sides),2500,Score in Half,Slide Slits Right Panel,Yes 500 Envelopes A2
Majestic,Silk,4.25 x 11,Vertical,Rectangle,16PT C2S,Spot UV,Silk,Spot UV Front,4/4 (4 color both sides),2500,Score in Half,Slide Slits Right Panel,Yes 500 Envelopes A2
Majestic,Silk,4.25 x 11,Horizontal,Rectangle,16PT C2S,Spot UV,Silk,Spot UV Back,4/4 (4 color both sides),2500,Score in Half,Slide Slits Right Panel,Yes 500 Envelopes A2
Majestic,Silk,5.5 x 8.5,Horizontal,Rectangle,16PT C2S,Spot UV,Silk,Spot UV Back,4/4 (4 color both sides),2500,Score in Half,Slide Slits Right Panel,Yes 500 Envelopes A2
Majestic,Silk,4.25 x 11,Vertical,Rectangle,16PT C2S,Spot UV,Silk,Spot UV Back,4/4 (4 color both sides),2500,Score in Half,Slide Slits Right Panel,Yes 500 Envelopes A2
Majestic,Silk,5.5 x 8.5,Horizontal,Rectangle,16PT C2S,Spot UV,Silk,Spot UV Both Sides,4/4 (4 color both sides),2500,Score in Half,Slide Slits Right Panel,Yes 500 Envelopes A2
Majestic,Silk,4.25 x 11,Horizontal,Rectangle,16PT C2S,Spot UV,Silk,Spot UV Both Sides,4/4 (4 color both sides),2500,Score in Half,Slide Slits Right Panel,Yes 500 Envelopes A2
Majestic,Silk,5.5 x 8.5,Vertical,Rectangle,16PT C2S,Spot UV,Silk,Spot UV Back,4/4 (4 color both sides),2500,Score in Half,Slide Slits Right Panel,Yes 500 Envelopes A2
Majestic,Silk,4.25 x 11,Vertical,Rectangle,16PT C2S,Spot UV,Silk,Spot UV Both Sides,4/4 (4 color both sides),2500,Score in Half,Slide Slits Right Panel,Yes 500 Envelopes A2
Majestic,Silk,5.5 x 8.5,Vertical,Rectangle,16PT C2S,Spot UV,Silk,Spot UV Both Sides,4/4 (4 color both sides),2500,Score in Half,Slide Slits Right Panel,Yes 500 Envelopes A2
Majestic,Silk,4.25 x 11,Horizontal,Rectangle,16PT C2S,Spot UV,Silk,Spot UV Front,4/1,5000,Score in Half,Slide Slits Right Panel,Yes 500 Envelopes A2
Majestic,Silk,4.25 x 11,Vertical,Rectangle,16PT C2S,Spot UV,Silk,Spot UV Front,4/1,5000,Score in Half,Slide Slits Right Panel,Yes 500 Envelopes A2
Majestic,Silk,5.5 x 8.5,Horizontal,Rectangle,16PT C2S,Spot UV,Silk,Spot UV Front,4/1,5000,Score in Half,Slide Slits Right Panel,Yes 500 Envelopes A2
Majestic,Silk,5.5 x 8.5,Vertical,Rectangle,16PT C2S,Spot UV,Silk,Spot UV Front,4/1,5000,Score in Half,Slide Slits Right Panel,Yes 500 Envelopes A2
Majestic,Silk,5.5 x 8.5,Horizontal,Rectangle,16PT C2S,Spot UV,Silk,Spot UV Back,4/1,5000,Score in Half,Slide Slits Right Panel,Yes 500 Envelopes A2
Majestic,Silk,4.25 x 11,Horizontal,Rectangle,16PT C2S,Spot UV,Silk,Spot UV Back,4/1,5000,Score in Half,Slide Slits Right Panel,Yes 500 Envelopes A2
Majestic,Silk,4.25 x 11,Horizontal,Rectangle,16PT C2S,Spot UV,Silk,Spot UV Front,4/1,1000,Score in Half,Slide Slits Right Panel,Yes 500 Envelopes A2
Majestic,Silk,5.5 x 8.5,Vertical,Rectangle,16PT C2S,Spot UV,Silk,Spot UV Back,4/1,5000,Score in Half,Slide Slits Right Panel,Yes 500 Envelopes A2
Majestic,Silk,4.25 x 11,Horizontal,Rectangle,16PT C2S,Spot UV,Silk,Spot UV Both Sides,4/1,5000,Score in Half,Slide Slits Right Panel,Yes 500 Envelopes A2
Majestic,Silk,5.5 x 8.5,Horizontal,Rectangle,16PT C2S,Spot UV,Silk,Spot UV Both Sides,4/1,5000,Score in Half,Slide Slits Right Panel,Yes 500 Envelopes A2
Majestic,Silk,5.5 x 8.5,Vertical,Rectangle,16PT C2S,Spot UV,Silk,Spot UV Both Sides,4/1,5000,Score in Half,Slide Slits Right Panel,Yes 500 Envelopes A2
Majestic,Silk,4.25 x 11,Horizontal,Rectangle,16PT C2S,Spot UV,Silk,Spot UV Front,4/4 (4 color both sides),5000,Score in Half,Slide Slits Right Panel,Yes 500 Envelopes A2
Majestic,Silk,4.25 x 11,Vertical,Rectangle,16PT C2S,Spot UV,Silk,Spot UV Both Sides,4/1,5000,Score in Half,Slide Slits Right Panel,Yes 500 Envelopes A2
Majestic,Silk,5.5 x 8.5,Horizontal,Rectangle,16PT C2S,Spot UV,Silk,Spot UV Front,4/4 (4 color both sides),5000,Score in Half,Slide Slits Right Panel,Yes 500 Envelopes A2
Majestic,Silk,4.25 x 11,Vertical,Rectangle,16PT C2S,Spot UV,Silk,Spot UV Front,4/4 (4 color both sides),5000,Score in Half,Slide Slits Right Panel,Yes 500 Envelopes A2
Majestic,Silk,5.5 x 8.5,Vertical,Rectangle,16PT C2S,Spot UV,Silk,Spot UV Front,4/4 (4 color both sides),5000,Score in Half,Slide Slits Right Panel,Yes 500 Envelopes A2
Majestic,Silk,5.5 x 8.5,Horizontal,Rectangle,16PT C2S,Spot UV,Silk,Spot UV Back,4/4 (4 color both sides),5000,Score in Half,Slide Slits Right Panel,Yes 500 Envelopes A2
Majestic,Silk,4.25 x 11,Horizontal,Rectangle,16PT C2S,Spot UV,Silk,Spot UV Back,4/4 (4 color both sides),5000,Score in Half,Slide Slits Right Panel,Yes 500 Envelopes A2
Majestic,Silk,5.5 x 8.5,Vertical,Rectangle,16PT C2S,Spot UV,Silk,Spot UV Back,4/4 (4 color both sides),5000,Score in Half,Slide Slits Right Panel,Yes 500 Envelopes A2
Majestic,Silk,4.25 x 11,Vertical,Rectangle,16PT C2S,Spot UV,Silk,Spot UV Back,4/4 (4 color both sides),5000,Score in Half,Slide Slits Right Panel,Yes 500 Envelopes A2
Majestic,Silk,4.25 x 11,Horizontal,Rectangle,16PT C2S,Spot UV,Silk,Spot UV Both Sides,4/4 (4 color both sides),5000,Score in Half,Slide Slits Right Panel,Yes 500 Envelopes A2
Majestic,Silk,4.25 x 11,Vertical,Rectangle,16PT C2S,Spot UV,Silk,Spot UV Both Sides,4/4 (4 color both sides),5000,Score in Half,Slide Slits Right Panel,Yes 500 Envelopes A2
Majestic,Silk,5.5 x 8.5,Vertical,Rectangle,16PT C2S,Spot UV,Silk,Spot UV Both Sides,4/4 (4 color both sides),5000,Score in Half,Slide Slits Right Panel,Yes 500 Envelopes A2
Majestic,Silk,5.5 x 8.5,Horizontal,Rectangle,16PT C2S,Spot UV,Silk,Spot UV Both Sides,4/4 (4 color both sides),5000,Score in Half,Slide Slits Right Panel,Yes 500 Envelopes A2
Majestic,Silk,4.25 x 11,Horizontal,Rectangle,16PT C2S,Spot UV,Silk,Spot UV Front,4/1,10000,Score in Half,Slide Slits Right Panel,Yes 500 Envelopes A2
Majestic,Silk,5.5 x 8.5,Horizontal,Rectangle,16PT C2S,Spot UV,Silk,Spot UV Front,4/1,10000,Score in Half,Slide Slits Right Panel,Yes 500 Envelopes A2
Majestic,Silk,4.25 x 11,Vertical,Rectangle,16PT C2S,Spot UV,Silk,Spot UV Front,4/1,10000,Score in Half,Slide Slits Right Panel,Yes 500 Envelopes A2
Majestic,Silk,4.25 x 11,Horizontal,Rectangle,16PT C2S,Spot UV,Silk,Spot UV Back,4/1,10000,Score in Half,Slide Slits Right Panel,Yes 500 Envelopes A2
Majestic,Silk,5.5 x 8.5,Vertical,Rectangle,16PT C2S,Spot UV,Silk,Spot UV Front,4/1,10000,Score in Half,Slide Slits Right Panel,Yes 500 Envelopes A2
Majestic,Silk,4.25 x 11,Vertical,Rectangle,16PT C2S,Spot UV,Silk,Spot UV Back,4/1,10000,Score in Half,Slide Slits Right Panel,Yes 500 Envelopes A2
Majestic,Silk,5.5 x 8.5,Horizontal,Rectangle,16PT C2S,Spot UV,Silk,Spot UV Back,4/1,10000,Score in Half,Slide Slits Right Panel,Yes 500 Envelopes A2
Majestic,Silk,5.5 x 8.5,Vertical,Rectangle,16PT C2S,Spot UV,Silk,Spot UV Back,4/1,10000,Score in Half,Slide Slits Right Panel,Yes 500 Envelopes A2
Majestic,Silk,5.5 x 8.5,Horizontal,Rectangle,16PT C2S,Spot UV,Silk,Spot UV Both Sides,4/1,10000,Score in Half,Slide Slits Right Panel,Yes 500 Envelopes A2
Majestic,Silk,4.25 x 11,Vertical,Rectangle,16PT C2S,Spot UV,Silk,Spot UV Both Sides,4/1,10000,Score in Half,Slide Slits Right Panel,Yes 500 Envelopes A2
Majestic,Silk,5.5 x 8.5,Vertical,Rectangle,16PT C2S,Spot UV,Silk,Spot UV Both Sides,4/1,10000,Score in Half,Slide Slits Right Panel,Yes 500 Envelopes A2
Majestic,Silk,4.25 x 11,Horizontal,Rectangle,16PT C2S,Spot UV,Silk,Spot UV Both Sides,4/1,10000,Score in Half,Slide Slits Right Panel,Yes 500 Envelopes A2
Majestic,Silk,5.5 x 8.5,Horizontal,Rectangle,16PT C2S,Spot UV,Silk,Spot UV Front,4/4 (4 color both sides),10000,Score in Half,Slide Slits Right Panel,Yes 500 Envelopes A2
Majestic,Silk,4.25 x 11,Horizontal,Rectangle,16PT C2S,Spot UV,Silk,Spot UV Front,4/4 (4 color both sides),10000,Score in Half,Slide Slits Right Panel,Yes 500 Envelopes A2
Majestic,Silk,4.25 x 11,Vertical,Rectangle,16PT C2S,Spot UV,Silk,Spot UV Front,4/4 (4 color both sides),10000,Score in Half,Slide Slits Right Panel,Yes 500 Envelopes A2
Majestic,Silk,5.5 x 8.5,Vertical,Rectangle,16PT C2S,Spot UV,Silk,Spot UV Front,4/4 (4 color both sides),10000,Score in Half,Slide Slits Right Panel,Yes 500 Envelopes A2
Majestic,Silk,4.25 x 11,Horizontal,Rectangle,16PT C2S,Spot UV,Silk,Spot UV Back,4/4 (4 color both sides),10000,Score in Half,Slide Slits Right Panel,Yes 500 Envelopes A2
Majestic,Silk,4.25 x 11,Vertical,Rectangle,16PT C2S,Spot UV,Silk,Spot UV Back,4/4 (4 color both sides),10000,Score in Half,Slide Slits Right Panel,Yes 500 Envelopes A2
Majestic,Silk,5.5 x 8.5,Horizontal,Rectangle,16PT C2S,Spot UV,Silk,Spot UV Back,4/4 (4 color both sides),10000,Score in Half,Slide Slits Right Panel,Yes 500 Envelopes A2
Majestic,Silk,4.25 x 11,Horizontal,Rectangle,16PT C2S,Spot UV,Silk,Spot UV Both Sides,4/4 (4 color both sides),10000,Score in Half,Slide Slits Right Panel,Yes 500 Envelopes A2
Majestic,Silk,5.5 x 8.5,Vertical,Rectangle,16PT C2S,Spot UV,Silk,Spot UV Back,4/4 (4 color both sides),10000,Score in Half,Slide Slits Right Panel,Yes 500 Envelopes A2
Majestic,Silk,5.5 x 8.5,Horizontal,Rectangle,16PT C2S,Spot UV,Silk,Spot UV Both Sides,4/4 (4 color both sides),10000,Score in Half,Slide Slits Right Panel,Yes 500 Envelopes A2
Majestic,Silk,4.25 x 11,Vertical,Rectangle,16PT C2S,Spot UV,Silk,Spot UV Both Sides,4/4 (4 color both sides),10000,Score in Half,Slide Slits Right Panel,Yes 500 Envelopes A2
Majestic,Silk,5.5 x 8.5,Vertical,Rectangle,16PT C2S,Spot UV,Silk,Spot UV Both Sides,4/1,2500,Score in Half,Slide Slits Right Panel,Yes 500 Envelopes A2
Majestic,Silk,5.5 x 8.5,Horizontal,Rectangle,16PT C2S,Spot UV,Silk,Spot UV Front,4/1,500,Score in Half,Moon Slits Bottom Panel,Yes 1000 Envelopes A2
Majestic,Silk,4.25 x 11,Horizontal,Rectangle,16PT C2S,Spot UV,Silk,Spot UV Front,4/1,500,Score in Half,Moon Slits Bottom Panel,Yes 1000 Envelopes A2
Majestic,Silk,5.5 x 8.5,Vertical,Rectangle,16PT C2S,Spot UV,Silk,Spot UV Front,4/1,500,Score in Half,Moon Slits Bottom Panel,Yes 1000 Envelopes A2
Majestic,Silk,4.25 x 11,Horizontal,Rectangle,16PT C2S,Spot UV,Silk,Spot UV Back,4/1,500,Score in Half,Moon Slits Bottom Panel,Yes 1000 Envelopes A2
Majestic,Silk,4.25 x 11,Vertical,Rectangle,16PT C2S,Spot UV,Silk,Spot UV Front,4/1,500,Score in Half,Moon Slits Bottom Panel,Yes 1000 Envelopes A2
Majestic,Silk,4.25 x 11,Vertical,Rectangle,16PT C2S,Spot UV,Silk,Spot UV Back,4/1,500,Score in Half,Moon Slits Bottom Panel,Yes 1000 Envelopes A2
Majestic,Silk,5.5 x 8.5,Horizontal,Rectangle,16PT C2S,Spot UV,Silk,Spot UV Back,4/1,500,Score in Half,Moon Slits Bottom Panel,Yes 1000 Envelopes A2
Majestic,Silk,5.5 x 8.5,Vertical,Rectangle,16PT C2S,Spot UV,Silk,Spot UV Both Sides,4/4 (4 color both sides),10000,Score in Half,Slide Slits Right Panel,Yes 500 Envelopes A2
Majestic,Silk,4.25 x 11,Horizontal,Rectangle,16PT C2S,Spot UV,Silk,Spot UV Both Sides,4/1,500,Score in Half,Moon Slits Bottom Panel,Yes 1000 Envelopes A2
Majestic,Silk,5.5 x 8.5,Horizontal,Rectangle,16PT C2S,Spot UV,Silk,Spot UV Both Sides,4/1,500,Score in Half,Moon Slits Bottom Panel,Yes 1000 Envelopes A2
Majestic,Silk,5.5 x 8.5,Vertical,Rectangle,16PT C2S,Spot UV,Silk,Spot UV Both Sides,4/1,500,Score in Half,Moon Slits Bottom Panel,Yes 1000 Envelopes A2
Majestic,Silk,4.25 x 11,Horizontal,Rectangle,16PT C2S,Spot UV,Silk,Spot UV Front,4/4 (4 color both sides),500,Score in Half,Moon Slits Bottom Panel,Yes 1000 Envelopes A2
Majestic,Silk,4.25 x 11,Vertical,Rectangle,16PT C2S,Spot UV,Silk,Spot UV Both Sides,4/1,500,Score in Half,Moon Slits Bottom Panel,Yes 1000 Envelopes A2
Majestic,Silk,5.5 x 8.5,Horizontal,Rectangle,16PT C2S,Spot UV,Silk,Spot UV Front,4/4 (4 color both sides),500,Score in Half,Moon Slits Bottom Panel,Yes 1000 Envelopes A2
Majestic,Silk,4.25 x 11,Vertical,Rectangle,16PT C2S,Spot UV,Silk,Spot UV Front,4/4 (4 color both sides),500,Score in Half,Moon Slits Bottom Panel,Yes 1000 Envelopes A2
Majestic,Silk,5.5 x 8.5,Vertical,Rectangle,16PT C2S,Spot UV,Silk,Spot UV Front,4/4 (4 color both sides),500,Score in Half,Moon Slits Bottom Panel,Yes 1000 Envelopes A2
Majestic,Silk,5.5 x 8.5,Horizontal,Rectangle,16PT C2S,Spot UV,Silk,Spot UV Back,4/4 (4 color both sides),500,Score in Half,Moon Slits Bottom Panel,Yes 1000 Envelopes A2
Majestic,Silk,4.25 x 11,Horizontal,Rectangle,16PT C2S,Spot UV,Silk,Spot UV Back,4/4 (4 color both sides),500,Score in Half,Moon Slits Bottom Panel,Yes 1000 Envelopes A2
Majestic,Silk,4.25 x 11,Vertical,Rectangle,16PT C2S,Spot UV,Silk,Spot UV Back,4/4 (4 color both sides),500,Score in Half,Moon Slits Bottom Panel,Yes 1000 Envelopes A2
Majestic,Silk,5.5 x 8.5,Vertical,Rectangle,16PT C2S,Spot UV,Silk,Spot UV Back,4/4 (4 color both sides),500,Score in Half,Moon Slits Bottom Panel,Yes 1000 Envelopes A2
Majestic,Silk,4.25 x 11,Horizontal,Rectangle,16PT C2S,Spot UV,Silk,Spot UV Both Sides,4/4 (4 color both sides),500,Score in Half,Moon Slits Bottom Panel,Yes 1000 Envelopes A2
Majestic,Silk,4.25 x 11,Vertical,Rectangle,16PT C2S,Spot UV,Silk,Spot UV Both Sides,4/4 (4 color both sides),500,Score in Half,Moon Slits Bottom Panel,Yes 1000 Envelopes A2
Majestic,Silk,5.5 x 8.5,Vertical,Rectangle,16PT C2S,Spot UV,Silk,Spot UV Both Sides,4/4 (4 color both sides),500,Score in Half,Moon Slits Bottom Panel,Yes 1000 Envelopes A2
Majestic,Silk,5.5 x 8.5,Horizontal,Rectangle,16PT C2S,Spot UV,Silk,Spot UV Both Sides,4/4 (4 color both sides),500,Score in Half,Moon Slits Bottom Panel,Yes 1000 Envelopes A2
Majestic,Silk,4.25 x 11,Horizontal,Rectangle,16PT C2S,Spot UV,Silk,Spot UV Front,4/1,1000,Score in Half,Moon Slits Bottom Panel,Yes 1000 Envelopes A2
Majestic,Silk,5.5 x 8.5,Horizontal,Rectangle,16PT C2S,Spot UV,Silk,Spot UV Front,4/1,1000,Score in Half,Moon Slits Bottom Panel,Yes 1000 Envelopes A2
Majestic,Silk,4.25 x 11,Vertical,Rectangle,16PT C2S,Spot UV,Silk,Spot UV Front,4/1,1000,Score in Half,Moon Slits Bottom Panel,Yes 1000 Envelopes A2
Majestic,Silk,4.25 x 11,Horizontal,Rectangle,16PT C2S,Spot UV,Silk,Spot UV Back,4/1,1000,Score in Half,Moon Slits Bottom Panel,Yes 1000 Envelopes A2
Majestic,Silk,5.5 x 8.5,Horizontal,Rectangle,16PT C2S,Spot UV,Silk,Spot UV Back,4/1,1000,Score in Half,Moon Slits Bottom Panel,Yes 1000 Envelopes A2
Majestic,Silk,4.25 x 11,Vertical,Rectangle,16PT C2S,Spot UV,Silk,Spot UV Back,4/1,1000,Score in Half,Moon Slits Bottom Panel,Yes 1000 Envelopes A2
Majestic,Silk,5.5 x 8.5,Vertical,Rectangle,16PT C2S,Spot UV,Silk,Spot UV Front,4/1,1000,Score in Half,Moon Slits Bottom Panel,Yes 1000 Envelopes A2
Majestic,Silk,5.5 x 8.5,Vertical,Rectangle,16PT C2S,Spot UV,Silk,Spot UV Back,4/1,1000,Score in Half,Moon Slits Bottom Panel,Yes 1000 Envelopes A2
Majestic,Silk,4.25 x 11,Horizontal,Rectangle,16PT C2S,Spot UV,Silk,Spot UV Both Sides,4/1,1000,Score in Half,Moon Slits Bottom Panel,Yes 1000 Envelopes A2
Majestic,Silk,5.5 x 8.5,Horizontal,Rectangle,16PT C2S,Spot UV,Silk,Spot UV Both Sides,4/1,1000,Score in Half,Moon Slits Bottom Panel,Yes 1000 Envelopes A2
Majestic,Silk,5.5 x 8.5,Vertical,Rectangle,16PT C2S,Spot UV,Silk,Spot UV Both Sides,4/1,1000,Score in Half,Moon Slits Bottom Panel,Yes 1000 Envelopes A2
Majestic,Silk,5.5 x 8.5,Vertical,Rectangle,16PT C2S,Spot UV,Silk,Spot UV Back,4/1,500,Score in Half,Moon Slits Bottom Panel,Yes 1000 Envelopes A2
Majestic,Silk,4.25 x 11,Horizontal,Rectangle,16PT C2S,Spot UV,Silk,Spot UV Front,4/4 (4 color both sides),1000,Score in Half,Moon Slits Bottom Panel,Yes 1000 Envelopes A2
Majestic,Silk,5.5 x 8.5,Horizontal,Rectangle,16PT C2S,Spot UV,Silk,Spot UV Front,4/4 (4 color both sides),1000,Score in Half,Moon Slits Bottom Panel,Yes 1000 Envelopes A2
Majestic,Silk,4.25 x 11,Vertical,Rectangle,16PT C2S,Spot UV,Silk,Spot UV Front,4/4 (4 color both sides),1000,Score in Half,Moon Slits Bottom Panel,Yes 1000 Envelopes A2
Majestic,Silk,4.25 x 11,Horizontal,Rectangle,16PT C2S,Spot UV,Silk,Spot UV Back,4/4 (4 color both sides),1000,Score in Half,Moon Slits Bottom Panel,Yes 1000 Envelopes A2
Majestic,Silk,5.5 x 8.5,Horizontal,Rectangle,16PT C2S,Spot UV,Silk,Spot UV Back,4/4 (4 color both sides),1000,Score in Half,Moon Slits Bottom Panel,Yes 1000 Envelopes A2
Majestic,Silk,5.5 x 8.5,Vertical,Rectangle,16PT C2S,Spot UV,Silk,Spot UV Front,4/4 (4 color both sides),1000,Score in Half,Moon Slits Bottom Panel,Yes 1000 Envelopes A2
Majestic,Silk,4.25 x 11,Vertical,Rectangle,16PT C2S,Spot UV,Silk,Spot UV Back,4/4 (4 color both sides),1000,Score in Half,Moon Slits Bottom Panel,Yes 1000 Envelopes A2
Majestic,Silk,5.5 x 8.5,Vertical,Rectangle,16PT C2S,Spot UV,Silk,Spot UV Back,4/4 (4 color both sides),1000,Score in Half,Moon Slits Bottom Panel,Yes 1000 Envelopes A2
Majestic,Silk,4.25 x 11,Horizontal,Rectangle,16PT C2S,Spot UV,Silk,Spot UV Both Sides,4/4 (4 color both sides),1000,Score in Half,Moon Slits Bottom Panel,Yes 1000 Envelopes A2
Majestic,Silk,4.25 x 11,Vertical,Rectangle,16PT C2S,Spot UV,Silk,Spot UV Both Sides,4/4 (4 color both sides),1000,Score in Half,Moon Slits Bottom Panel,Yes 1000 Envelopes A2
Majestic,Silk,5.5 x 8.5,Vertical,Rectangle,16PT C2S,Spot UV,Silk,Spot UV Both Sides,4/4 (4 color both sides),1000,Score in Half,Moon Slits Bottom Panel,Yes 1000 Envelopes A2
Majestic,Silk,4.25 x 11,Horizontal,Rectangle,16PT C2S,Spot UV,Silk,Spot UV Front,4/1,2500,Score in Half,Moon Slits Bottom Panel,Yes 1000 Envelopes A2
Majestic,Silk,5.5 x 8.5,Horizontal,Rectangle,16PT C2S,Spot UV,Silk,Spot UV Both Sides,4/4 (4 color both sides),1000,Score in Half,Moon Slits Bottom Panel,Yes 1000 Envelopes A2
Majestic,Silk,5.5 x 8.5,Horizontal,Rectangle,16PT C2S,Spot UV,Silk,Spot UV Back,4/4 (4 color both sides),10000,Score in Half,Slide Slits Bottom Panel,Yes 500 Envelopes A2
Majestic,Silk,4.25 x 11,Vertical,Rectangle,16PT C2S,Spot UV,Silk,Spot UV Front,4/1,2500,Score in Half,Moon Slits Bottom Panel,Yes 1000 Envelopes A2
Majestic,Silk,5.5 x 8.5,Vertical,Rectangle,16PT C2S,Spot UV,Silk,Spot UV Front,4/1,2500,Score in Half,Moon Slits Bottom Panel,Yes 1000 Envelopes A2
Majestic,Silk,5.5 x 8.5,Horizontal,Rectangle,16PT C2S,Spot UV,Silk,Spot UV Back,4/1,2500,Score in Half,Moon Slits Bottom Panel,Yes 1000 Envelopes A2
Majestic,Silk,4.25 x 11,Vertical,Rectangle,16PT C2S,Spot UV,Silk,Spot UV Both Sides,4/1,1000,Score in Half,Moon Slits Bottom Panel,Yes 1000 Envelopes A2
Majestic,Silk,4.25 x 11,Vertical,Rectangle,16PT C2S,Spot UV,Silk,Spot UV Back,4/1,2500,Score in Half,Moon Slits Bottom Panel,Yes 1000 Envelopes A2
Majestic,Silk,5.5 x 8.5,Vertical,Rectangle,16PT C2S,Spot UV,Silk,Spot UV Back,4/1,2500,Score in Half,Moon Slits Bottom Panel,Yes 1000 Envelopes A2
Majestic,Silk,4.25 x 11,Horizontal,Rectangle,16PT C2S,Spot UV,Silk,Spot UV Both Sides,4/1,2500,Score in Half,Moon Slits Bottom Panel,Yes 1000 Envelopes A2
Majestic,Silk,4.25 x 11,Vertical,Rectangle,16PT C2S,Spot UV,Silk,Spot UV Both Sides,4/1,2500,Score in Half,Moon Slits Bottom Panel,Yes 1000 Envelopes A2
Majestic,Silk,5.5 x 8.5,Horizontal,Rectangle,16PT C2S,Spot UV,Silk,Spot UV Both Sides,4/1,2500,Score in Half,Moon Slits Bottom Panel,Yes 1000 Envelopes A2
Majestic,Silk,4.25 x 11,Horizontal,Rectangle,16PT C2S,Spot UV,Silk,Spot UV Front,4/4 (4 color both sides),2500,Score in Half,Moon Slits Bottom Panel,Yes 1000 Envelopes A2
Majestic,Silk,5.5 x 8.5,Vertical,Rectangle,16PT C2S,Spot UV,Silk,Spot UV Both Sides,4/1,2500,Score in Half,Moon Slits Bottom Panel,Yes 1000 Envelopes A2
Majestic,Silk,5.5 x 8.5,Horizontal,Rectangle,16PT C2S,Spot UV,Silk,Spot UV Front,4/4 (4 color both sides),2500,Score in Half,Moon Slits Bottom Panel,Yes 1000 Envelopes A2
Majestic,Silk,4.25 x 11,Horizontal,Rectangle,16PT C2S,Spot UV,Silk,Spot UV Back,4/4 (4 color both sides),2500,Score in Half,Moon Slits Bottom Panel,Yes 1000 Envelopes A2
Majestic,Silk,5.5 x 8.5,Vertical,Rectangle,16PT C2S,Spot UV,Silk,Spot UV Front,4/4 (4 color both sides),2500,Score in Half,Moon Slits Bottom Panel,Yes 1000 Envelopes A2
Majestic,Silk,4.25 x 11,Vertical,Rectangle,16PT C2S,Spot UV,Silk,Spot UV Back,4/4 (4 color both sides),2500,Score in Half,Moon Slits Bottom Panel,Yes 1000 Envelopes A2
Majestic,Silk,4.25 x 11,Vertical,Rectangle,16PT C2S,Spot UV,Silk,Spot UV Front,4/4 (4 color both sides),2500,Score in Half,Moon Slits Bottom Panel,Yes 1000 Envelopes A2
Majestic,Silk,5.5 x 8.5,Horizontal,Rectangle,16PT C2S,Spot UV,Silk,Spot UV Back,4/4 (4 color both sides),2500,Score in Half,Moon Slits Bottom Panel,Yes 1000 Envelopes A2
Majestic,Silk,4.25 x 11,Horizontal,Rectangle,16PT C2S,Spot UV,Silk,Spot UV Both Sides,4/4 (4 color both sides),2500,Score in Half,Moon Slits Bottom Panel,Yes 1000 Envelopes A2
Majestic,Silk,5.5 x 8.5,Vertical,Rectangle,16PT C2S,Spot UV,Silk,Spot UV Back,4/4 (4 color both sides),2500,Score in Half,Moon Slits Bottom Panel,Yes 1000 Envelopes A2
Majestic,Silk,5.5 x 8.5,Horizontal,Rectangle,16PT C2S,Spot UV,Silk,Spot UV Both Sides,4/4 (4 color both sides),2500,Score in Half,Moon Slits Bottom Panel,Yes 1000 Envelopes A2
Majestic,Silk,5.5 x 8.5,Vertical,Rectangle,16PT C2S,Spot UV,Silk,Spot UV Both Sides,4/4 (4 color both sides),2500,Score in Half,Moon Slits Bottom Panel,Yes 1000 Envelopes A2
Majestic,Silk,4.25 x 11,Horizontal,Rectangle,16PT C2S,Spot UV,Silk,Spot UV Front,4/1,5000,Score in Half,Moon Slits Bottom Panel,Yes 1000 Envelopes A2
Majestic,Silk,4.25 x 11,Vertical,Rectangle,16PT C2S,Spot UV,Silk,Spot UV Front,4/1,5000,Score in Half,Moon Slits Bottom Panel,Yes 1000 Envelopes A2
Majestic,Silk,5.5 x 8.5,Horizontal,Rectangle,16PT C2S,Spot UV,Silk,Spot UV Front,4/1,5000,Score in Half,Moon Slits Bottom Panel,Yes 1000 Envelopes A2
Majestic,Silk,5.5 x 8.5,Vertical,Rectangle,16PT C2S,Spot UV,Silk,Spot UV Front,4/1,5000,Score in Half,Moon Slits Bottom Panel,Yes 1000 Envelopes A2
Majestic,Silk,4.25 x 11,Horizontal,Rectangle,16PT C2S,Spot UV,Silk,Spot UV Back,4/1,5000,Score in Half,Moon Slits Bottom Panel,Yes 1000 Envelopes A2
Majestic,Silk,4.25 x 11,Vertical,Rectangle,16PT C2S,Spot UV,Silk,Spot UV Back,4/1,5000,Score in Half,Moon Slits Bottom Panel,Yes 1000 Envelopes A2
Majestic,Silk,5.5 x 8.5,Vertical,Rectangle,16PT C2S,Spot UV,Silk,Spot UV Back,4/1,5000,Score in Half,Moon Slits Bottom Panel,Yes 1000 Envelopes A2
Majestic,Silk,5.5 x 8.5,Horizontal,Rectangle,16PT C2S,Spot UV,Silk,Spot UV Back,4/1,5000,Score in Half,Moon Slits Bottom Panel,Yes 1000 Envelopes A2
Majestic,Silk,4.25 x 11,Horizontal,Rectangle,16PT C2S,Spot UV,Silk,Spot UV Both Sides,4/1,5000,Score in Half,Moon Slits Bottom Panel,Yes 1000 Envelopes A2
Majestic,Silk,4.25 x 11,Horizontal,Rectangle,16PT C2S,Spot UV,Silk,Spot UV Back,4/1,2500,Score in Half,Moon Slits Bottom Panel,Yes 1000 Envelopes A2
Majestic,Silk,4.25 x 11,Vertical,Rectangle,16PT C2S,Spot UV,Silk,Spot UV Both Sides,4/4 (4 color both sides),2500,Score in Half,Moon Slits Bottom Panel,Yes 1000 Envelopes A2
Majestic,Silk,5.5 x 8.5,Vertical,Rectangle,16PT C2S,Spot UV,Silk,Spot UV Both Sides,4/1,5000,Score in Half,Moon Slits Bottom Panel,Yes 1000 Envelopes A2
Majestic,Silk,4.25 x 11,Vertical,Rectangle,16PT C2S,Spot UV,Silk,Spot UV Both Sides,4/1,5000,Score in Half,Moon Slits Bottom Panel,Yes 1000 Envelopes A2
Majestic,Silk,4.25 x 11,Horizontal,Rectangle,16PT C2S,Spot UV,Silk,Spot UV Front,4/4 (4 color both sides),5000,Score in Half,Moon Slits Bottom Panel,Yes 1000 Envelopes A2
Majestic,Silk,4.25 x 11,Vertical,Rectangle,16PT C2S,Spot UV,Silk,Spot UV Front,4/4 (4 color both sides),5000,Score in Half,Moon Slits Bottom Panel,Yes 1000 Envelopes A2
Majestic,Silk,4.25 x 11,Horizontal,Rectangle,16PT C2S,Spot UV,Silk,Spot UV Back,4/4 (4 color both sides),5000,Score in Half,Moon Slits Bottom Panel,Yes 1000 Envelopes A2
Majestic,Silk,5.5 x 8.5,Horizontal,Rectangle,16PT C2S,Spot UV,Silk,Spot UV Front,4/4 (4 color both sides),5000,Score in Half,Moon Slits Bottom Panel,Yes 1000 Envelopes A2
Majestic,Silk,5.5 x 8.5,Vertical,Rectangle,16PT C2S,Spot UV,Silk,Spot UV Front,4/4 (4 color both sides),5000,Score in Half,Moon Slits Bottom Panel,Yes 1000 Envelopes A2
Majestic,Silk,5.5 x 8.5,Horizontal,Rectangle,16PT C2S,Spot UV,Silk,Spot UV Back,4/4 (4 color both sides),5000,Score in Half,Moon Slits Bottom Panel,Yes 1000 Envelopes A2
Majestic,Silk,4.25 x 11,Vertical,Rectangle,16PT C2S,Spot UV,Silk,Spot UV Back,4/4 (4 color both sides),5000,Score in Half,Moon Slits Bottom Panel,Yes 1000 Envelopes A2
Majestic,Silk,5.5 x 8.5,Vertical,Rectangle,16PT C2S,Spot UV,Silk,Spot UV Back,4/4 (4 color both sides),5000,Score in Half,Moon Slits Bottom Panel,Yes 1000 Envelopes A2
Majestic,Silk,5.5 x 8.5,Horizontal,Rectangle,16PT C2S,Spot UV,Silk,Spot UV Both Sides,4/4 (4 color both sides),5000,Score in Half,Moon Slits Bottom Panel,Yes 1000 Envelopes A2
Majestic,Silk,4.25 x 11,Vertical,Rectangle,16PT C2S,Spot UV,Silk,Spot UV Both Sides,4/4 (4 color both sides),5000,Score in Half,Moon Slits Bottom Panel,Yes 1000 Envelopes A2
Majestic,Silk,4.25 x 11,Vertical,Rectangle,16PT C2S,Spot UV,Silk,Spot UV Back,4/1,5000,Score in Half,Slide Slits Right Panel,Yes 500 Envelopes A2
Majestic,Silk,5.5 x 8.5,Vertical,Rectangle,16PT C2S,Spot UV,Silk,Spot UV Both Sides,4/4 (4 color both sides),5000,Score in Half,Moon Slits Bottom Panel,Yes 1000 Envelopes A2
Majestic,Silk,4.25 x 11,Horizontal,Rectangle,16PT C2S,Spot UV,Silk,Spot UV Front,4/1,10000,Score in Half,Moon Slits Bottom Panel,Yes 1000 Envelopes A2
Majestic,Silk,5.5 x 8.5,Horizontal,Rectangle,16PT C2S,Spot UV,Silk,Spot UV Front,4/1,10000,Score in Half,Moon Slits Bottom Panel,Yes 1000 Envelopes A2
Majestic,Silk,5.5 x 8.5,Vertical,Rectangle,16PT C2S,Spot UV,Silk,Spot UV Front,4/1,10000,Score in Half,Moon Slits Bottom Panel,Yes 1000 Envelopes A2
Majestic,Silk,4.25 x 11,Horizontal,Rectangle,16PT C2S,Spot UV,Silk,Spot UV Back,4/1,10000,Score in Half,Moon Slits Bottom Panel,Yes 1000 Envelopes A2
Majestic,Silk,4.25 x 11,Vertical,Rectangle,16PT C2S,Spot UV,Silk,Spot UV Front,4/1,10000,Score in Half,Moon Slits Bottom Panel,Yes 1000 Envelopes A2
Majestic,Silk,5.5 x 8.5,Horizontal,Rectangle,16PT C2S,Spot UV,Silk,Spot UV Back,4/1,10000,Score in Half,Moon Slits Bottom Panel,Yes 1000 Envelopes A2
Majestic,Silk,4.25 x 11,Vertical,Rectangle,16PT C2S,Spot UV,Silk,Spot UV Back,4/1,10000,Score in Half,Moon Slits Bottom Panel,Yes 1000 Envelopes A2
Majestic,Silk,5.5 x 8.5,Vertical,Rectangle,16PT C2S,Spot UV,Silk,Spot UV Back,4/1,10000,Score in Half,Moon Slits Bottom Panel,Yes 1000 Envelopes A2
Majestic,Silk,5.5 x 8.5,Horizontal,Rectangle,16PT C2S,Spot UV,Silk,Spot UV Both Sides,4/1,5000,Score in Half,Moon Slits Bottom Panel,Yes 1000 Envelopes A2
Majestic,Silk,4.25 x 11,Horizontal,Rectangle,16PT C2S,Spot UV,Silk,Spot UV Both Sides,4/1,10000,Score in Half,Moon Slits Bottom Panel,Yes 1000 Envelopes A2
Majestic,Silk,4.25 x 11,Vertical,Rectangle,16PT C2S,Spot UV,Silk,Spot UV Both Sides,4/1,10000,Score in Half,Moon Slits Bottom Panel,Yes 1000 Envelopes A2
Majestic,Silk,4.25 x 11,Horizontal,Rectangle,16PT C2S,Spot UV,Silk,Spot UV Both Sides,4/4 (4 color both sides),5000,Score in Half,Moon Slits Bottom Panel,Yes 1000 Envelopes A2
Majestic,Silk,4.25 x 11,Horizontal,Rectangle,16PT C2S,Spot UV,Silk,Spot UV Front,4/4 (4 color both sides),10000,Score in Half,Moon Slits Bottom Panel,Yes 1000 Envelopes A2
Majestic,Silk,4.25 x 11,Vertical,Rectangle,16PT C2S,Spot UV,Silk,Spot UV Front,4/4 (4 color both sides),10000,Score in Half,Moon Slits Bottom Panel,Yes 1000 Envelopes A2
Majestic,Silk,5.5 x 8.5,Horizontal,Rectangle,16PT C2S,Spot UV,Silk,Spot UV Front,4/4 (4 color both sides),10000,Score in Half,Moon Slits Bottom Panel,Yes 1000 Envelopes A2
Majestic,Silk,5.5 x 8.5,Vertical,Rectangle,16PT C2S,Spot UV,Silk,Spot UV Front,4/4 (4 color both sides),10000,Score in Half,Moon Slits Bottom Panel,Yes 1000 Envelopes A2
Majestic,Silk,4.25 x 11,Horizontal,Rectangle,16PT C2S,Spot UV,Silk,Spot UV Back,4/4 (4 color both sides),10000,Score in Half,Moon Slits Bottom Panel,Yes 1000 Envelopes A2
Majestic,Silk,5.5 x 8.5,Horizontal,Rectangle,16PT C2S,Spot UV,Silk,Spot UV Back,4/4 (4 color both sides),10000,Score in Half,Moon Slits Bottom Panel,Yes 1000 Envelopes A2
Majestic,Silk,5.5 x 8.5,Vertical,Rectangle,16PT C2S,Spot UV,Silk,Spot UV Back,4/4 (4 color both sides),10000,Score in Half,Moon Slits Bottom Panel,Yes 1000 Envelopes A2
Majestic,Silk,4.25 x 11,Horizontal,Rectangle,16PT C2S,Spot UV,Silk,Spot UV Both Sides,4/4 (4 color both sides),10000,Score in Half,Moon Slits Bottom Panel,Yes 1000 Envelopes A2
Majestic,Silk,4.25 x 11,Vertical,Rectangle,16PT C2S,Spot UV,Silk,Spot UV Back,4/4 (4 color both sides),10000,Score in Half,Moon Slits Bottom Panel,Yes 1000 Envelopes A2
Majestic,Silk,5.5 x 8.5,Horizontal,Rectangle,16PT C2S,Spot UV,Silk,Spot UV Both Sides,4/4 (4 color both sides),10000,Score in Half,Moon Slits Bottom Panel,Yes 1000 Envelopes A2
Majestic,Silk,4.25 x 11,Vertical,Rectangle,16PT C2S,Spot UV,Silk,Spot UV Both Sides,4/4 (4 color both sides),10000,Score in Half,Moon Slits Bottom Panel,Yes 1000 Envelopes A2
Majestic,Silk,5.5 x 8.5,Vertical,Rectangle,16PT C2S,Spot UV,Silk,Spot UV Both Sides,4/4 (4 color both sides),10000,Score in Half,Moon Slits Bottom Panel,Yes 1000 Envelopes A2
Majestic,Silk,5.5 x 8.5,Horizontal,Rectangle,16PT C2S,Spot UV,Silk,Spot UV Front,4/1,500,Score in Half,Moon Slits Right Panel,Yes 1000 Envelopes A2
Majestic,Silk,4.25 x 11,Horizontal,Rectangle,16PT C2S,Spot UV,Silk,Spot UV Front,4/1,500,Score in Half,Moon Slits Right Panel,Yes 1000 Envelopes A2
Majestic,Silk,4.25 x 11,Vertical,Rectangle,16PT C2S,Spot UV,Silk,Spot UV Front,4/1,500,Score in Half,Moon Slits Right Panel,Yes 1000 Envelopes A2
Majestic,Silk,5.5 x 8.5,Vertical,Rectangle,16PT C2S,Spot UV,Silk,Spot UV Front,4/1,500,Score in Half,Moon Slits Right Panel,Yes 1000 Envelopes A2
Majestic,Silk,4.25 x 11,Horizontal,Rectangle,16PT C2S,Spot UV,Silk,Spot UV Back,4/1,500,Score in Half,Moon Slits Right Panel,Yes 1000 Envelopes A2
Majestic,Silk,5.5 x 8.5,Vertical,Rectangle,16PT C2S,Spot UV,Silk,Spot UV Both Sides,4/1,10000,Score in Half,Moon Slits Bottom Panel,Yes 1000 Envelopes A2
Majestic,Silk,5.5 x 8.5,Vertical,Rectangle,16PT C2S,Spot UV,Silk,Spot UV Back,4/1,500,Score in Half,Moon Slits Right Panel,Yes 1000 Envelopes A2
Majestic,Silk,4.25 x 11,Horizontal,Rectangle,16PT C2S,Spot UV,Silk,Spot UV Both Sides,4/1,500,Score in Half,Moon Slits Right Panel,Yes 1000 Envelopes A2
Majestic,Silk,5.5 x 8.5,Horizontal,Rectangle,16PT C2S,Spot UV,Silk,Spot UV Back,4/1,500,Score in Half,Moon Slits Right Panel,Yes 1000 Envelopes A2
Majestic,Silk,5.5 x 8.5,Horizontal,Rectangle,16PT C2S,Spot UV,Silk,Spot UV Both Sides,4/1,10000,Score in Half,Moon Slits Bottom Panel,Yes 1000 Envelopes A2
Majestic,Silk,4.25 x 11,Vertical,Rectangle,16PT C2S,Spot UV,Silk,Spot UV Both Sides,4/1,500,Score in Half,Moon Slits Right Panel,Yes 1000 Envelopes A2
Majestic,Silk,5.5 x 8.5,Vertical,Rectangle,16PT C2S,Spot UV,Silk,Spot UV Both Sides,4/1,500,Score in Half,Moon Slits Right Panel,Yes 1000 Envelopes A2
Majestic,Silk,5.5 x 8.5,Horizontal,Rectangle,16PT C2S,Spot UV,Silk,Spot UV Front,4/4 (4 color both sides),500,Score in Half,Moon Slits Right Panel,Yes 1000 Envelopes A2
Majestic,Silk,4.25 x 11,Vertical,Rectangle,16PT C2S,Spot UV,Silk,Spot UV Front,4/4 (4 color both sides),500,Score in Half,Moon Slits Right Panel,Yes 1000 Envelopes A2
Majestic,Silk,4.25 x 11,Horizontal,Rectangle,16PT C2S,Spot UV,Silk,Spot UV Front,4/4 (4 color both sides),500,Score in Half,Moon Slits Right Panel,Yes 1000 Envelopes A2
Majestic,Silk,5.5 x 8.5,Vertical,Rectangle,16PT C2S,Spot UV,Silk,Spot UV Front,4/4 (4 color both sides),500,Score in Half,Moon Slits Right Panel,Yes 1000 Envelopes A2
Majestic,Silk,4.25 x 11,Vertical,Rectangle,16PT C2S,Spot UV,Silk,Spot UV Back,4/1,500,Score in Half,Moon Slits Right Panel,Yes 1000 Envelopes A2
Majestic,Silk,5.5 x 8.5,Horizontal,Rectangle,16PT C2S,Spot UV,Silk,Spot UV Back,4/4 (4 color both sides),500,Score in Half,Moon Slits Right Panel,Yes 1000 Envelopes A2
Majestic,Silk,5.5 x 8.5,Vertical,Rectangle,16PT C2S,Spot UV,Silk,Spot UV Back,4/4 (4 color both sides),500,Score in Half,Moon Slits Right Panel,Yes 1000 Envelopes A2
Majestic,Silk,4.25 x 11,Vertical,Rectangle,16PT C2S,Spot UV,Silk,Spot UV Back,4/4 (4 color both sides),500,Score in Half,Moon Slits Right Panel,Yes 1000 Envelopes A2
Majestic,Silk,4.25 x 11,Horizontal,Rectangle,16PT C2S,Spot UV,Silk,Spot UV Both Sides,4/4 (4 color both sides),500,Score in Half,Moon Slits Right Panel,Yes 1000 Envelopes A2
Majestic,Silk,5.5 x 8.5,Horizontal,Rectangle,16PT C2S,Spot UV,Silk,Spot UV Both Sides,4/4 (4 color both sides),500,Score in Half,Moon Slits Right Panel,Yes 1000 Envelopes A2
Majestic,Silk,4.25 x 11,Horizontal,Rectangle,16PT C2S,Spot UV,Silk,Spot UV Front,4/1,1000,Score in Half,Moon Slits Right Panel,Yes 1000 Envelopes A2
Majestic,Silk,4.25 x 11,Vertical,Rectangle,16PT C2S,Spot UV,Silk,Spot UV Both Sides,4/4 (4 color both sides),500,Score in Half,Moon Slits Right Panel,Yes 1000 Envelopes A2
Majestic,Silk,5.5 x 8.5,Vertical,Rectangle,16PT C2S,Spot UV,Silk,Spot UV Both Sides,4/4 (4 color both sides),500,Score in Half,Moon Slits Right Panel,Yes 1000 Envelopes A2
Majestic,Silk,5.5 x 8.5,Horizontal,Rectangle,16PT C2S,Spot UV,Silk,Spot UV Front,4/1,1000,Score in Half,Moon Slits Right Panel,Yes 1000 Envelopes A2
Majestic,Silk,4.25 x 11,Vertical,Rectangle,16PT C2S,Spot UV,Silk,Spot UV Front,4/1,1000,Score in Half,Moon Slits Right Panel,Yes 1000 Envelopes A2
Majestic,Silk,5.5 x 8.5,Vertical,Rectangle,16PT C2S,Spot UV,Silk,Spot UV Front,4/1,1000,Score in Half,Moon Slits Right Panel,Yes 1000 Envelopes A2
Majestic,Silk,4.25 x 11,Horizontal,Rectangle,16PT C2S,Spot UV,Silk,Spot UV Back,4/1,1000,Score in Half,Moon Slits Right Panel,Yes 1000 Envelopes A2
Majestic,Silk,5.5 x 8.5,Horizontal,Rectangle,16PT C2S,Spot UV,Silk,Spot UV Back,4/1,1000,Score in Half,Moon Slits Right Panel,Yes 1000 Envelopes A2
Majestic,Silk,4.25 x 11,Vertical,Rectangle,16PT C2S,Spot UV,Silk,Spot UV Back,4/1,1000,Score in Half,Moon Slits Right Panel,Yes 1000 Envelopes A2
Majestic,Silk,5.5 x 8.5,Vertical,Rectangle,16PT C2S,Spot UV,Silk,Spot UV Back,4/1,1000,Score in Half,Moon Slits Right Panel,Yes 1000 Envelopes A2
Majestic,Silk,4.25 x 11,Horizontal,Rectangle,16PT C2S,Spot UV,Silk,Spot UV Both Sides,4/1,1000,Score in Half,Moon Slits Right Panel,Yes 1000 Envelopes A2
Majestic,Silk,5.5 x 8.5,Horizontal,Rectangle,16PT C2S,Spot UV,Silk,Spot UV Both Sides,4/1,1000,Score in Half,Moon Slits Right Panel,Yes 1000 Envelopes A2
Majestic,Silk,4.25 x 11,Vertical,Rectangle,16PT C2S,Spot UV,Silk,Spot UV Both Sides,4/1,1000,Score in Half,Moon Slits Right Panel,Yes 1000 Envelopes A2
Majestic,Silk,5.5 x 8.5,Vertical,Rectangle,16PT C2S,Spot UV,Silk,Spot UV Both Sides,4/1,1000,Score in Half,Moon Slits Right Panel,Yes 1000 Envelopes A2
Majestic,Silk,4.25 x 11,Horizontal,Rectangle,16PT C2S,Spot UV,Silk,Spot UV Front,4/4 (4 color both sides),1000,Score in Half,Moon Slits Right Panel,Yes 1000 Envelopes A2
Majestic,Silk,5.5 x 8.5,Horizontal,Rectangle,16PT C2S,Spot UV,Silk,Spot UV Front,4/4 (4 color both sides),1000,Score in Half,Moon Slits Right Panel,Yes 1000 Envelopes A2
Majestic,Silk,4.25 x 11,Vertical,Rectangle,16PT C2S,Spot UV,Silk,Spot UV Front,4/4 (4 color both sides),1000,Score in Half,Moon Slits Right Panel,Yes 1000 Envelopes A2
Majestic,Silk,5.5 x 8.5,Vertical,Rectangle,16PT C2S,Spot UV,Silk,Spot UV Front,4/4 (4 color both sides),1000,Score in Half,Moon Slits Right Panel,Yes 1000 Envelopes A2
Majestic,Silk,4.25 x 11,Horizontal,Rectangle,16PT C2S,Spot UV,Silk,Spot UV Back,4/4 (4 color both sides),1000,Score in Half,Moon Slits Right Panel,Yes 1000 Envelopes A2
Majestic,Silk,5.5 x 8.5,Horizontal,Rectangle,16PT C2S,Spot UV,Silk,Spot UV Back,4/4 (4 color both sides),1000,Score in Half,Moon Slits Right Panel,Yes 1000 Envelopes A2
Majestic,Silk,4.25 x 11,Vertical,Rectangle,16PT C2S,Spot UV,Silk,Spot UV Back,4/4 (4 color both sides),1000,Score in Half,Moon Slits Right Panel,Yes 1000 Envelopes A2
Majestic,Silk,5.5 x 8.5,Vertical,Rectangle,16PT C2S,Spot UV,Silk,Spot UV Back,4/4 (4 color both sides),1000,Score in Half,Moon Slits Right Panel,Yes 1000 Envelopes A2
Majestic,Silk,4.25 x 11,Horizontal,Rectangle,16PT C2S,Spot UV,Silk,Spot UV Both Sides,4/4 (4 color both sides),1000,Score in Half,Moon Slits Right Panel,Yes 1000 Envelopes A2
Majestic,Silk,5.5 x 8.5,Horizontal,Rectangle,16PT C2S,Spot UV,Silk,Spot UV Both Sides,4/4 (4 color both sides),1000,Score in Half,Moon Slits Right Panel,Yes 1000 Envelopes A2
Majestic,Silk,4.25 x 11,Vertical,Rectangle,16PT C2S,Spot UV,Silk,Spot UV Both Sides,4/4 (4 color both sides),1000,Score in Half,Moon Slits Right Panel,Yes 1000 Envelopes A2
Majestic,Silk,5.5 x 8.5,Vertical,Rectangle,16PT C2S,Spot UV,Silk,Spot UV Both Sides,4/4 (4 color both sides),1000,Score in Half,Moon Slits Right Panel,Yes 1000 Envelopes A2
Majestic,Silk,4.25 x 11,Horizontal,Rectangle,16PT C2S,Spot UV,Silk,Spot UV Front,4/1,2500,Score in Half,Moon Slits Right Panel,Yes 1000 Envelopes A2
Majestic,Silk,5.5 x 8.5,Horizontal,Rectangle,16PT C2S,Spot UV,Silk,Spot UV Front,4/1,2500,Score in Half,Moon Slits Right Panel,Yes 1000 Envelopes A2
Majestic,Silk,4.25 x 11,Vertical,Rectangle,16PT C2S,Spot UV,Silk,Spot UV Front,4/1,2500,Score in Half,Moon Slits Right Panel,Yes 1000 Envelopes A2
Majestic,Silk,4.25 x 11,Vertical,Rectangle,16PT C2S,Spot UV,Silk,Spot UV Back,4/1,2500,Score in Half,Moon Slits Right Panel,Yes 1000 Envelopes A2
Majestic,Silk,5.5 x 8.5,Horizontal,Rectangle,16PT C2S,Spot UV,Silk,Spot UV Back,4/1,2500,Score in Half,Moon Slits Right Panel,Yes 1000 Envelopes A2
Majestic,Silk,5.5 x 8.5,Vertical,Rectangle,16PT C2S,Spot UV,Silk,Spot UV Front,4/1,2500,Score in Half,Moon Slits Right Panel,Yes 1000 Envelopes A2
Majestic,Silk,4.25 x 11,Horizontal,Rectangle,16PT C2S,Spot UV,Silk,Spot UV Back,4/1,2500,Score in Half,Moon Slits Right Panel,Yes 1000 Envelopes A2
Majestic,Silk,5.5 x 8.5,Vertical,Rectangle,16PT C2S,Spot UV,Silk,Spot UV Back,4/1,2500,Score in Half,Moon Slits Right Panel,Yes 1000 Envelopes A2
Majestic,Silk,4.25 x 11,Horizontal,Rectangle,16PT C2S,Spot UV,Silk,Spot UV Both Sides,4/1,2500,Score in Half,Moon Slits Right Panel,Yes 1000 Envelopes A2
Majestic,Silk,5.5 x 8.5,Horizontal,Rectangle,16PT C2S,Spot UV,Silk,Spot UV Both Sides,4/1,2500,Score in Half,Moon Slits Right Panel,Yes 1000 Envelopes A2
Majestic,Silk,4.25 x 11,Vertical,Rectangle,16PT C2S,Spot UV,Silk,Spot UV Both Sides,4/1,2500,Score in Half,Moon Slits Right Panel,Yes 1000 Envelopes A2
Majestic,Silk,5.5 x 8.5,Vertical,Rectangle,16PT C2S,Spot UV,Silk,Spot UV Both Sides,4/1,2500,Score in Half,Moon Slits Right Panel,Yes 1000 Envelopes A2
Majestic,Silk,4.25 x 11,Horizontal,Rectangle,16PT C2S,Spot UV,Silk,Spot UV Front,4/4 (4 color both sides),2500,Score in Half,Moon Slits Right Panel,Yes 1000 Envelopes A2
Majestic,Silk,5.5 x 8.5,Vertical,Rectangle,16PT C2S,Spot UV,Silk,Spot UV Front,4/4 (4 color both sides),2500,Score in Half,Moon Slits Right Panel,Yes 1000 Envelopes A2
Majestic,Silk,5.5 x 8.5,Horizontal,Rectangle,16PT C2S,Spot UV,Silk,Spot UV Both Sides,4/1,500,Score in Half,Moon Slits Right Panel,Yes 1000 Envelopes A2
Majestic,Silk,5.5 x 8.5,Horizontal,Rectangle,16PT C2S,Spot UV,Silk,Spot UV Front,4/4 (4 color both sides),2500,Score in Half,Moon Slits Right Panel,Yes 1000 Envelopes A2
Majestic,Silk,4.25 x 11,Vertical,Rectangle,16PT C2S,Spot UV,Silk,Spot UV Front,4/4 (4 color both sides),2500,Score in Half,Moon Slits Right Panel,Yes 1000 Envelopes A2
Majestic,Silk,5.5 x 8.5,Horizontal,Rectangle,16PT C2S,Spot UV,Silk,Spot UV Back,4/4 (4 color both sides),2500,Score in Half,Moon Slits Right Panel,Yes 1000 Envelopes A2
Majestic,Silk,4.25 x 11,Vertical,Rectangle,16PT C2S,Spot UV,Silk,Spot UV Back,4/4 (4 color both sides),2500,Score in Half,Moon Slits Right Panel,Yes 1000 Envelopes A2
Majestic,Silk,5.5 x 8.5,Horizontal,Rectangle,16PT C2S,Spot UV,Silk,Spot UV Both Sides,4/4 (4 color both sides),2500,Score in Half,Moon Slits Right Panel,Yes 1000 Envelopes A2
Majestic,Silk,4.25 x 11,Horizontal,Rectangle,16PT C2S,Spot UV,Silk,Spot UV Both Sides,4/4 (4 color both sides),2500,Score in Half,Moon Slits Right Panel,Yes 1000 Envelopes A2
Majestic,Silk,4.25 x 11,Vertical,Rectangle,16PT C2S,Spot UV,Silk,Spot UV Both Sides,4/4 (4 color both sides),2500,Score in Half,Moon Slits Right Panel,Yes 1000 Envelopes A2
Majestic,Silk,5.5 x 8.5,Vertical,Rectangle,16PT C2S,Spot UV,Silk,Spot UV Both Sides,4/4 (4 color both sides),2500,Score in Half,Moon Slits Right Panel,Yes 1000 Envelopes A2
Majestic,Silk,5.5 x 8.5,Vertical,Rectangle,16PT C2S,Spot UV,Silk,Spot UV Back,4/4 (4 color both sides),2500,Score in Half,Moon Slits Right Panel,Yes 1000 Envelopes A2
Majestic,Silk,5.5 x 8.5,Horizontal,Rectangle,16PT C2S,Spot UV,Silk,Spot UV Front,4/1,5000,Score in Half,Moon Slits Right Panel,Yes 1000 Envelopes A2
Majestic,Silk,4.25 x 11,Vertical,Rectangle,16PT C2S,Spot UV,Silk,Spot UV Front,4/1,5000,Score in Half,Moon Slits Right Panel,Yes 1000 Envelopes A2
Majestic,Silk,4.25 x 11,Horizontal,Rectangle,16PT C2S,Spot UV,Silk,Spot UV Front,4/1,5000,Score in Half,Moon Slits Right Panel,Yes 1000 Envelopes A2
Majestic,Silk,4.25 x 11,Horizontal,Rectangle,16PT C2S,Spot UV,Silk,Spot UV Back,4/1,5000,Score in Half,Moon Slits Right Panel,Yes 1000 Envelopes A2
Majestic,Silk,5.5 x 8.5,Vertical,Rectangle,16PT C2S,Spot UV,Silk,Spot UV Front,4/1,5000,Score in Half,Moon Slits Right Panel,Yes 1000 Envelopes A2
Majestic,Silk,5.5 x 8.5,Horizontal,Rectangle,16PT C2S,Spot UV,Silk,Spot UV Back,4/1,5000,Score in Half,Moon Slits Right Panel,Yes 1000 Envelopes A2
Majestic,Silk,5.5 x 8.5,Vertical,Rectangle,16PT C2S,Spot UV,Silk,Spot UV Back,4/1,5000,Score in Half,Moon Slits Right Panel,Yes 1000 Envelopes A2
Majestic,Silk,4.25 x 11,Vertical,Rectangle,16PT C2S,Spot UV,Silk,Spot UV Back,4/1,5000,Score in Half,Moon Slits Right Panel,Yes 1000 Envelopes A2
Majestic,Silk,5.5 x 8.5,Horizontal,Rectangle,16PT C2S,Spot UV,Silk,Spot UV Both Sides,4/1,5000,Score in Half,Moon Slits Right Panel,Yes 1000 Envelopes A2
Majestic,Silk,4.25 x 11,Horizontal,Rectangle,16PT C2S,Spot UV,Silk,Spot UV Both Sides,4/1,5000,Score in Half,Moon Slits Right Panel,Yes 1000 Envelopes A2
Majestic,Silk,4.25 x 11,Vertical,Rectangle,16PT C2S,Spot UV,Silk,Spot UV Both Sides,4/1,5000,Score in Half,Moon Slits Right Panel,Yes 1000 Envelopes A2
Majestic,Silk,4.25 x 11,Horizontal,Rectangle,16PT C2S,Spot UV,Silk,Spot UV Front,4/4 (4 color both sides),5000,Score in Half,Moon Slits Right Panel,Yes 1000 Envelopes A2
Majestic,Silk,5.5 x 8.5,Vertical,Rectangle,16PT C2S,Spot UV,Silk,Spot UV Both Sides,4/1,5000,Score in Half,Moon Slits Right Panel,Yes 1000 Envelopes A2
Majestic,Silk,4.25 x 11,Vertical,Rectangle,16PT C2S,Spot UV,Silk,Spot UV Front,4/4 (4 color both sides),5000,Score in Half,Moon Slits Right Panel,Yes 1000 Envelopes A2
Majestic,Silk,5.5 x 8.5,Vertical,Rectangle,16PT C2S,Spot UV,Silk,Spot UV Front,4/4 (4 color both sides),5000,Score in Half,Moon Slits Right Panel,Yes 1000 Envelopes A2
Majestic,Silk,5.5 x 8.5,Horizontal,Rectangle,16PT C2S,Spot UV,Silk,Spot UV Front,4/4 (4 color both sides),5000,Score in Half,Moon Slits Right Panel,Yes 1000 Envelopes A2
Majestic,Silk,5.5 x 8.5,Horizontal,Rectangle,16PT C2S,Spot UV,Silk,Spot UV Back,4/4 (4 color both sides),5000,Score in Half,Moon Slits Right Panel,Yes 1000 Envelopes A2
Majestic,Silk,4.25 x 11,Vertical,Rectangle,16PT C2S,Spot UV,Silk,Spot UV Back,4/4 (4 color both sides),5000,Score in Half,Moon Slits Right Panel,Yes 1000 Envelopes A2
Majestic,Silk,4.25 x 11,Horizontal,Rectangle,16PT C2S,Spot UV,Silk,Spot UV Back,4/4 (4 color both sides),5000,Score in Half,Moon Slits Right Panel,Yes 1000 Envelopes A2
Majestic,Silk,5.5 x 8.5,Vertical,Rectangle,16PT C2S,Spot UV,Silk,Spot UV Back,4/4 (4 color both sides),5000,Score in Half,Moon Slits Right Panel,Yes 1000 Envelopes A2
Majestic,Silk,4.25 x 11,Horizontal,Rectangle,16PT C2S,Spot UV,Silk,Spot UV Both Sides,4/4 (4 color both sides),5000,Score in Half,Moon Slits Right Panel,Yes 1000 Envelopes A2
Majestic,Silk,5.5 x 8.5,Horizontal,Rectangle,16PT C2S,Spot UV,Silk,Spot UV Both Sides,4/4 (4 color both sides),5000,Score in Half,Moon Slits Right Panel,Yes 1000 Envelopes A2
Majestic,Silk,4.25 x 11,Vertical,Rectangle,16PT C2S,Spot UV,Silk,Spot UV Both Sides,4/4 (4 color both sides),5000,Score in Half,Moon Slits Right Panel,Yes 1000 Envelopes A2
Majestic,Silk,4.25 x 11,Horizontal,Rectangle,16PT C2S,Spot UV,Silk,Spot UV Front,4/1,10000,Score in Half,Moon Slits Right Panel,Yes 1000 Envelopes A2
Majestic,Silk,5.5 x 8.5,Horizontal,Rectangle,16PT C2S,Spot UV,Silk,Spot UV Front,4/1,10000,Score in Half,Moon Slits Right Panel,Yes 1000 Envelopes A2
Majestic,Silk,5.5 x 8.5,Vertical,Rectangle,16PT C2S,Spot UV,Silk,Spot UV Both Sides,4/4 (4 color both sides),5000,Score in Half,Moon Slits Right Panel,Yes 1000 Envelopes A2
Majestic,Silk,5.5 x 8.5,Vertical,Rectangle,16PT C2S,Spot UV,Silk,Spot UV Front,4/1,10000,Score in Half,Moon Slits Right Panel,Yes 1000 Envelopes A2
Majestic,Silk,4.25 x 11,Horizontal,Rectangle,16PT C2S,Spot UV,Silk,Spot UV Back,4/1,10000,Score in Half,Moon Slits Right Panel,Yes 1000 Envelopes A2
Majestic,Silk,4.25 x 11,Vertical,Rectangle,16PT C2S,Spot UV,Silk,Spot UV Front,4/1,10000,Score in Half,Moon Slits Right Panel,Yes 1000 Envelopes A2
Majestic,Silk,4.25 x 11,Vertical,Rectangle,16PT C2S,Spot UV,Silk,Spot UV Back,4/1,10000,Score in Half,Moon Slits Right Panel,Yes 1000 Envelopes A2
Majestic,Silk,5.5 x 8.5,Horizontal,Rectangle,16PT C2S,Spot UV,Silk,Spot UV Back,4/1,10000,Score in Half,Moon Slits Right Panel,Yes 1000 Envelopes A2
Majestic,Silk,5.5 x 8.5,Vertical,Rectangle,16PT C2S,Spot UV,Silk,Spot UV Back,4/1,10000,Score in Half,Moon Slits Right Panel,Yes 1000 Envelopes A2
Majestic,Silk,5.5 x 8.5,Horizontal,Rectangle,16PT C2S,Spot UV,Silk,Spot UV Both Sides,4/1,10000,Score in Half,Moon Slits Right Panel,Yes 1000 Envelopes A2
Majestic,Silk,4.25 x 11,Horizontal,Rectangle,16PT C2S,Spot UV,Silk,Spot UV Both Sides,4/1,10000,Score in Half,Moon Slits Right Panel,Yes 1000 Envelopes A2
Majestic,Silk,5.5 x 8.5,Vertical,Rectangle,16PT C2S,Spot UV,Silk,Spot UV Both Sides,4/1,10000,Score in Half,Moon Slits Right Panel,Yes 1000 Envelopes A2
Majestic,Silk,4.25 x 11,Vertical,Rectangle,16PT C2S,Spot UV,Silk,Spot UV Both Sides,4/1,10000,Score in Half,Moon Slits Right Panel,Yes 1000 Envelopes A2
Majestic,Silk,4.25 x 11,Horizontal,Rectangle,16PT C2S,Spot UV,Silk,Spot UV Front,4/4 (4 color both sides),10000,Score in Half,Moon Slits Right Panel,Yes 1000 Envelopes A2
Majestic,Silk,4.25 x 11,Vertical,Rectangle,16PT C2S,Spot UV,Silk,Spot UV Front,4/4 (4 color both sides),10000,Score in Half,Moon Slits Right Panel,Yes 1000 Envelopes A2
Majestic,Silk,4.25 x 11,Horizontal,Rectangle,16PT C2S,Spot UV,Silk,Spot UV Back,4/4 (4 color both sides),2500,Score in Half,Moon Slits Right Panel,Yes 1000 Envelopes A2
Majestic,Silk,4.25 x 11,Horizontal,Rectangle,16PT C2S,Spot UV,Silk,Spot UV Back,4/4 (4 color both sides),10000,Score in Half,Moon Slits Right Panel,Yes 1000 Envelopes A2
Majestic,Silk,5.5 x 8.5,Horizontal,Rectangle,16PT C2S,Spot UV,Silk,Spot UV Back,4/4 (4 color both sides),10000,Score in Half,Moon Slits Right Panel,Yes 1000 Envelopes A2
Majestic,Silk,5.5 x 8.5,Vertical,Rectangle,16PT C2S,Spot UV,Silk,Spot UV Front,4/4 (4 color both sides),10000,Score in Half,Moon Slits Right Panel,Yes 1000 Envelopes A2
Majestic,Silk,4.25 x 11,Vertical,Rectangle,16PT C2S,Spot UV,Silk,Spot UV Back,4/4 (4 color both sides),10000,Score in Half,Moon Slits Right Panel,Yes 1000 Envelopes A2
Majestic,Silk,5.5 x 8.5,Horizontal,Rectangle,16PT C2S,Spot UV,Silk,Spot UV Front,4/1,2500,Score in Half,Moon Slits Bottom Panel,Yes 1000 Envelopes A2
Majestic,Silk,4.25 x 11,Horizontal,Rectangle,16PT C2S,Spot UV,Silk,Spot UV Both Sides,4/4 (4 color both sides),10000,Score in Half,Moon Slits Right Panel,Yes 1000 Envelopes A2
Majestic,Silk,5.5 x 8.5,Vertical,Rectangle,16PT C2S,Spot UV,Silk,Spot UV Back,4/4 (4 color both sides),10000,Score in Half,Moon Slits Right Panel,Yes 1000 Envelopes A2
Majestic,Silk,5.5 x 8.5,Horizontal,Rectangle,16PT C2S,Spot UV,Silk,Spot UV Both Sides,4/4 (4 color both sides),10000,Score in Half,Moon Slits Right Panel,Yes 1000 Envelopes A2
Majestic,Silk,5.5 x 8.5,Horizontal,Rectangle,16PT C2S,Spot UV,Silk,Spot UV Front,4/4 (4 color both sides),10000,Score in Half,Moon Slits Right Panel,Yes 1000 Envelopes A2
Majestic,Silk,4.25 x 11,Vertical,Rectangle,16PT C2S,Spot UV,Silk,Spot UV Both Sides,4/4 (4 color both sides),10000,Score in Half,Moon Slits Right Panel,Yes 1000 Envelopes A2
Majestic,Silk,5.5 x 8.5,Horizontal,Rectangle,16PT C2S,Spot UV,Silk,Spot UV Front,4/1,500,Score in Half,No Gift Cards Slits,Yes 1000 Envelopes A2
Majestic,Silk,5.5 x 8.5,Vertical,Rectangle,16PT C2S,Spot UV,Silk,Spot UV Front,4/1,500,Score in Half,No Gift Cards Slits,Yes 1000 Envelopes A2
Majestic,Silk,4.25 x 11,Vertical,Rectangle,16PT C2S,Spot UV,Silk,Spot UV Front,4/1,500,Score in Half,No Gift Cards Slits,Yes 1000 Envelopes A2
Majestic,Silk,4.25 x 11,Horizontal,Rectangle,16PT C2S,Spot UV,Silk,Spot UV Back,4/1,500,Score in Half,No Gift Cards Slits,Yes 1000 Envelopes A2
Majestic,Silk,4.25 x 11,Vertical,Rectangle,16PT C2S,Spot UV,Silk,Spot UV Back,4/1,500,Score in Half,No Gift Cards Slits,Yes 1000 Envelopes A2
Majestic,Silk,5.5 x 8.5,Vertical,Rectangle,16PT C2S,Spot UV,Silk,Spot UV Back,4/1,500,Score in Half,No Gift Cards Slits,Yes 1000 Envelopes A2
Majestic,Silk,4.25 x 11,Horizontal,Rectangle,16PT C2S,Spot UV,Silk,Spot UV Back,4/4 (4 color both sides),500,Score in Half,Moon Slits Right Panel,Yes 1000 Envelopes A2
Majestic,Silk,4.25 x 11,Horizontal,Rectangle,16PT C2S,Spot UV,Silk,Spot UV Both Sides,4/1,500,Score in Half,No Gift Cards Slits,Yes 1000 Envelopes A2
Majestic,Silk,5.5 x 8.5,Horizontal,Rectangle,16PT C2S,Spot UV,Silk,Spot UV Both Sides,4/1,500,Score in Half,No Gift Cards Slits,Yes 1000 Envelopes A2
Majestic,Silk,4.25 x 11,Vertical,Rectangle,16PT C2S,Spot UV,Silk,Spot UV Both Sides,4/1,500,Score in Half,No Gift Cards Slits,Yes 1000 Envelopes A2
Majestic,Silk,5.5 x 8.5,Vertical,Rectangle,16PT C2S,Spot UV,Silk,Spot UV Both Sides,4/1,500,Score in Half,No Gift Cards Slits,Yes 1000 Envelopes A2
Majestic,Silk,4.25 x 11,Vertical,Rectangle,16PT C2S,Spot UV,Silk,Spot UV Front,4/4 (4 color both sides),500,Score in Half,No Gift Cards Slits,Yes 1000 Envelopes A2
Majestic,Silk,5.5 x 8.5,Horizontal,Rectangle,16PT C2S,Spot UV,Silk,Spot UV Front,4/4 (4 color both sides),500,Score in Half,No Gift Cards Slits,Yes 1000 Envelopes A2
Majestic,Silk,4.25 x 11,Horizontal,Rectangle,16PT C2S,Spot UV,Silk,Spot UV Front,4/4 (4 color both sides),500,Score in Half,No Gift Cards Slits,Yes 1000 Envelopes A2
Majestic,Silk,4.25 x 11,Horizontal,Rectangle,16PT C2S,Spot UV,Silk,Spot UV Back,4/4 (4 color both sides),500,Score in Half,No Gift Cards Slits,Yes 1000 Envelopes A2
Majestic,Silk,5.5 x 8.5,Vertical,Rectangle,16PT C2S,Spot UV,Silk,Spot UV Both Sides,4/4 (4 color both sides),10000,Score in Half,Moon Slits Right Panel,Yes 1000 Envelopes A2
Majestic,Silk,5.5 x 8.5,Vertical,Rectangle,16PT C2S,Spot UV,Silk,Spot UV Front,4/4 (4 color both sides),500,Score in Half,No Gift Cards Slits,Yes 1000 Envelopes A2
Majestic,Silk,4.25 x 11,Vertical,Rectangle,16PT C2S,Spot UV,Silk,Spot UV Back,4/4 (4 color both sides),500,Score in Half,No Gift Cards Slits,Yes 1000 Envelopes A2
Majestic,Silk,5.5 x 8.5,Vertical,Rectangle,16PT C2S,Spot UV,Silk,Spot UV Back,4/4 (4 color both sides),500,Score in Half,No Gift Cards Slits,Yes 1000 Envelopes A2
Majestic,Silk,4.25 x 11,Horizontal,Rectangle,16PT C2S,Spot UV,Silk,Spot UV Both Sides,4/4 (4 color both sides),500,Score in Half,No Gift Cards Slits,Yes 1000 Envelopes A2
Majestic,Silk,5.5 x 8.5,Horizontal,Rectangle,16PT C2S,Spot UV,Silk,Spot UV Both Sides,4/4 (4 color both sides),500,Score in Half,No Gift Cards Slits,Yes 1000 Envelopes A2
Majestic,Silk,5.5 x 8.5,Horizontal,Rectangle,16PT C2S,Spot UV,Silk,Spot UV Back,4/1,500,Score in Half,No Gift Cards Slits,Yes 1000 Envelopes A2
Majestic,Silk,4.25 x 11,Horizontal,Rectangle,16PT C2S,Spot UV,Silk,Spot UV Front,4/1,1000,Score in Half,No Gift Cards Slits,Yes 1000 Envelopes A2
Majestic,Silk,4.25 x 11,Vertical,Rectangle,16PT C2S,Spot UV,Silk,Spot UV Both Sides,4/4 (4 color both sides),500,Score in Half,No Gift Cards Slits,Yes 1000 Envelopes A2
Majestic,Silk,4.25 x 11,Vertical,Rectangle,16PT C2S,Spot UV,Silk,Spot UV Front,4/1,1000,Score in Half,No Gift Cards Slits,Yes 1000 Envelopes A2
Majestic,Silk,5.5 x 8.5,Horizontal,Rectangle,16PT C2S,Spot UV,Silk,Spot UV Front,4/1,1000,Score in Half,No Gift Cards Slits,Yes 1000 Envelopes A2
Majestic,Silk,4.25 x 11,Horizontal,Rectangle,16PT C2S,Spot UV,Silk,Spot UV Back,4/1,1000,Score in Half,No Gift Cards Slits,Yes 1000 Envelopes A2
Majestic,Silk,5.5 x 8.5,Vertical,Rectangle,16PT C2S,Spot UV,Silk,Spot UV Front,4/1,1000,Score in Half,No Gift Cards Slits,Yes 1000 Envelopes A2
Majestic,Silk,4.25 x 11,Horizontal,Rectangle,16PT C2S,Spot UV,Silk,Spot UV Front,4/1,500,Score in Half,No Gift Cards Slits,Yes 1000 Envelopes A2
Majestic,Silk,5.5 x 8.5,Vertical,Rectangle,16PT C2S,Spot UV,Silk,Spot UV Back,4/1,1000,Score in Half,No Gift Cards Slits,Yes 1000 Envelopes A2
Majestic,Silk,4.25 x 11,Vertical,Rectangle,16PT C2S,Spot UV,Silk,Spot UV Back,4/1,1000,Score in Half,No Gift Cards Slits,Yes 1000 Envelopes A2
Majestic,Silk,5.5 x 8.5,Horizontal,Rectangle,16PT C2S,Spot UV,Silk,Spot UV Both Sides,4/1,1000,Score in Half,No Gift Cards Slits,Yes 1000 Envelopes A2
Majestic,Silk,4.25 x 11,Vertical,Rectangle,16PT C2S,Spot UV,Silk,Spot UV Both Sides,4/1,1000,Score in Half,No Gift Cards Slits,Yes 1000 Envelopes A2
Majestic,Silk,4.25 x 11,Horizontal,Rectangle,16PT C2S,Spot UV,Silk,Spot UV Both Sides,4/1,1000,Score in Half,No Gift Cards Slits,Yes 1000 Envelopes A2
Majestic,Silk,4.25 x 11,Horizontal,Rectangle,16PT C2S,Spot UV,Silk,Spot UV Front,4/4 (4 color both sides),1000,Score in Half,No Gift Cards Slits,Yes 1000 Envelopes A2
Majestic,Silk,5.5 x 8.5,Vertical,Rectangle,16PT C2S,Spot UV,Silk,Spot UV Both Sides,4/1,1000,Score in Half,No Gift Cards Slits,Yes 1000 Envelopes A2
Majestic,Silk,5.5 x 8.5,Horizontal,Rectangle,16PT C2S,Spot UV,Silk,Spot UV Front,4/4 (4 color both sides),1000,Score in Half,No Gift Cards Slits,Yes 1000 Envelopes A2
Majestic,Silk,4.25 x 11,Vertical,Rectangle,16PT C2S,Spot UV,Silk,Spot UV Front,4/4 (4 color both sides),1000,Score in Half,No Gift Cards Slits,Yes 1000 Envelopes A2
Majestic,Silk,5.5 x 8.5,Vertical,Rectangle,16PT C2S,Spot UV,Silk,Spot UV Front,4/4 (4 color both sides),1000,Score in Half,No Gift Cards Slits,Yes 1000 Envelopes A2
Majestic,Silk,5.5 x 8.5,Horizontal,Rectangle,16PT C2S,Spot UV,Silk,Spot UV Back,4/4 (4 color both sides),1000,Score in Half,No Gift Cards Slits,Yes 1000 Envelopes A2
Majestic,Silk,4.25 x 11,Horizontal,Rectangle,16PT C2S,Spot UV,Silk,Spot UV Back,4/4 (4 color both sides),1000,Score in Half,No Gift Cards Slits,Yes 1000 Envelopes A2
Majestic,Silk,5.5 x 8.5,Horizontal,Rectangle,16PT C2S,Spot UV,Silk,Spot UV Back,4/4 (4 color both sides),500,Score in Half,No Gift Cards Slits,Yes 1000 Envelopes A2
Majestic,Silk,4.25 x 11,Horizontal,Rectangle,16PT C2S,Spot UV,Silk,Spot UV Both Sides,4/4 (4 color both sides),1000,Score in Half,No Gift Cards Slits,Yes 1000 Envelopes A2
Majestic,Silk,4.25 x 11,Vertical,Rectangle,16PT C2S,Spot UV,Silk,Spot UV Back,4/4 (4 color both sides),1000,Score in Half,No Gift Cards Slits,Yes 1000 Envelopes A2
Majestic,Silk,4.25 x 11,Vertical,Rectangle,16PT C2S,Spot UV,Silk,Spot UV Both Sides,4/4 (4 color both sides),1000,Score in Half,No Gift Cards Slits,Yes 1000 Envelopes A2
Majestic,Silk,5.5 x 8.5,Vertical,Rectangle,16PT C2S,Spot UV,Silk,Spot UV Both Sides,4/4 (4 color both sides),1000,Score in Half,No Gift Cards Slits,Yes 1000 Envelopes A2
Majestic,Silk,5.5 x 8.5,Horizontal,Rectangle,16PT C2S,Spot UV,Silk,Spot UV Both Sides,4/4 (4 color both sides),1000,Score in Half,No Gift Cards Slits,Yes 1000 Envelopes A2
Majestic,Silk,5.5 x 8.5,Horizontal,Rectangle,16PT C2S,Spot UV,Silk,Spot UV Front,4/1,2500,Score in Half,No Gift Cards Slits,Yes 1000 Envelopes A2
Majestic,Silk,4.25 x 11,Horizontal,Rectangle,16PT C2S,Spot UV,Silk,Spot UV Front,4/1,2500,Score in Half,No Gift Cards Slits,Yes 1000 Envelopes A2
Majestic,Silk,4.25 x 11,Vertical,Rectangle,16PT C2S,Spot UV,Silk,Spot UV Front,4/1,2500,Score in Half,No Gift Cards Slits,Yes 1000 Envelopes A2
Majestic,Silk,5.5 x 8.5,Vertical,Rectangle,16PT C2S,Spot UV,Silk,Spot UV Front,4/1,2500,Score in Half,No Gift Cards Slits,Yes 1000 Envelopes A2
Majestic,Silk,4.25 x 11,Vertical,Rectangle,16PT C2S,Spot UV,Silk,Spot UV Back,4/1,2500,Score in Half,No Gift Cards Slits,Yes 1000 Envelopes A2
Majestic,Silk,5.5 x 8.5,Horizontal,Rectangle,16PT C2S,Spot UV,Silk,Spot UV Back,4/1,2500,Score in Half,No Gift Cards Slits,Yes 1000 Envelopes A2
Majestic,Silk,4.25 x 11,Horizontal,Rectangle,16PT C2S,Spot UV,Silk,Spot UV Back,4/1,2500,Score in Half,No Gift Cards Slits,Yes 1000 Envelopes A2
Majestic,Silk,5.5 x 8.5,Horizontal,Rectangle,16PT C2S,Spot UV,Silk,Spot UV Both Sides,4/1,2500,Score in Half,No Gift Cards Slits,Yes 1000 Envelopes A2
Majestic,Silk,4.25 x 11,Vertical,Rectangle,16PT C2S,Spot UV,Silk,Spot UV Both Sides,4/1,2500,Score in Half,No Gift Cards Slits,Yes 1000 Envelopes A2
Majestic,Silk,4.25 x 11,Horizontal,Rectangle,16PT C2S,Spot UV,Silk,Spot UV Both Sides,4/1,2500,Score in Half,No Gift Cards Slits,Yes 1000 Envelopes A2
Majestic,Silk,5.5 x 8.5,Vertical,Rectangle,16PT C2S,Spot UV,Silk,Spot UV Both Sides,4/1,2500,Score in Half,No Gift Cards Slits,Yes 1000 Envelopes A2
Majestic,Silk,4.25 x 11,Horizontal,Rectangle,16PT C2S,Spot UV,Silk,Spot UV Front,4/4 (4 color both sides),2500,Score in Half,No Gift Cards Slits,Yes 1000 Envelopes A2
Majestic,Silk,5.5 x 8.5,Horizontal,Rectangle,16PT C2S,Spot UV,Silk,Spot UV Front,4/4 (4 color both sides),2500,Score in Half,No Gift Cards Slits,Yes 1000 Envelopes A2
Majestic,Silk,5.5 x 8.5,Vertical,Rectangle,16PT C2S,Spot UV,Silk,Spot UV Back,4/4 (4 color both sides),1000,Score in Half,No Gift Cards Slits,Yes 1000 Envelopes A2
Majestic,Silk,5.5 x 8.5,Vertical,Rectangle,16PT C2S,Spot UV,Silk,Spot UV Front,4/4 (4 color both sides),2500,Score in Half,No Gift Cards Slits,Yes 1000 Envelopes A2
Majestic,Silk,4.25 x 11,Horizontal,Rectangle,16PT C2S,Spot UV,Silk,Spot UV Back,4/4 (4 color both sides),2500,Score in Half,No Gift Cards Slits,Yes 1000 Envelopes A2
Majestic,Silk,4.25 x 11,Vertical,Rectangle,16PT C2S,Spot UV,Silk,Spot UV Back,4/4 (4 color both sides),2500,Score in Half,No Gift Cards Slits,Yes 1000 Envelopes A2
Majestic,Silk,5.5 x 8.5,Horizontal,Rectangle,16PT C2S,Spot UV,Silk,Spot UV Back,4/4 (4 color both sides),2500,Score in Half,No Gift Cards Slits,Yes 1000 Envelopes A2
Majestic,Silk,5.5 x 8.5,Vertical,Rectangle,16PT C2S,Spot UV,Silk,Spot UV Back,4/1,2500,Score in Half,No Gift Cards Slits,Yes 1000 Envelopes A2
Majestic,Silk,5.5 x 8.5,Vertical,Rectangle,16PT C2S,Spot UV,Silk,Spot UV Back,4/4 (4 color both sides),2500,Score in Half,No Gift Cards Slits,Yes 1000 Envelopes A2
Majestic,Silk,5.5 x 8.5,Horizontal,Rectangle,16PT C2S,Spot UV,Silk,Spot UV Both Sides,4/4 (4 color both sides),2500,Score in Half,No Gift Cards Slits,Yes 1000 Envelopes A2
Majestic,Silk,4.25 x 11,Horizontal,Rectangle,16PT C2S,Spot UV,Silk,Spot UV Both Sides,4/4 (4 color both sides),2500,Score in Half,No Gift Cards Slits,Yes 1000 Envelopes A2
Majestic,Silk,5.5 x 8.5,Vertical,Rectangle,16PT C2S,Spot UV,Silk,Spot UV Both Sides,4/4 (4 color both sides),2500,Score in Half,No Gift Cards Slits,Yes 1000 Envelopes A2
Majestic,Silk,4.25 x 11,Horizontal,Rectangle,16PT C2S,Spot UV,Silk,Spot UV Front,4/1,5000,Score in Half,No Gift Cards Slits,Yes 1000 Envelopes A2
Majestic,Silk,4.25 x 11,Vertical,Rectangle,16PT C2S,Spot UV,Silk,Spot UV Both Sides,4/4 (4 color both sides),2500,Score in Half,No Gift Cards Slits,Yes 1000 Envelopes A2
Majestic,Silk,4.25 x 11,Vertical,Rectangle,16PT C2S,Spot UV,Silk,Spot UV Front,4/1,5000,Score in Half,No Gift Cards Slits,Yes 1000 Envelopes A2
Majestic,Silk,5.5 x 8.5,Horizontal,Rectangle,16PT C2S,Spot UV,Silk,Spot UV Front,4/1,5000,Score in Half,No Gift Cards Slits,Yes 1000 Envelopes A2
Majestic,Silk,5.5 x 8.5,Vertical,Rectangle,16PT C2S,Spot UV,Silk,Spot UV Front,4/1,5000,Score in Half,No Gift Cards Slits,Yes 1000 Envelopes A2
Majestic,Silk,4.25 x 11,Horizontal,Rectangle,16PT C2S,Spot UV,Silk,Spot UV Back,4/1,5000,Score in Half,No Gift Cards Slits,Yes 1000 Envelopes A2
Majestic,Silk,5.5 x 8.5,Horizontal,Rectangle,16PT C2S,Spot UV,Silk,Spot UV Back,4/1,5000,Score in Half,No Gift Cards Slits,Yes 1000 Envelopes A2
Majestic,Silk,4.25 x 11,Vertical,Rectangle,16PT C2S,Spot UV,Silk,Spot UV Back,4/1,5000,Score in Half,No Gift Cards Slits,Yes 1000 Envelopes A2
Majestic,Silk,5.5 x 8.5,Vertical,Rectangle,16PT C2S,Spot UV,Silk,Spot UV Back,4/1,5000,Score in Half,No Gift Cards Slits,Yes 1000 Envelopes A2
Majestic,Silk,4.25 x 11,Horizontal,Rectangle,16PT C2S,Spot UV,Silk,Spot UV Both Sides,4/1,5000,Score in Half,No Gift Cards Slits,Yes 1000 Envelopes A2
Majestic,Silk,5.5 x 8.5,Horizontal,Rectangle,16PT C2S,Spot UV,Silk,Spot UV Both Sides,4/1,5000,Score in Half,No Gift Cards Slits,Yes 1000 Envelopes A2
Majestic,Silk,4.25 x 11,Vertical,Rectangle,16PT C2S,Spot UV,Silk,Spot UV Both Sides,4/1,5000,Score in Half,No Gift Cards Slits,Yes 1000 Envelopes A2
Majestic,Silk,4.25 x 11,Horizontal,Rectangle,16PT C2S,Spot UV,Silk,Spot UV Front,4/4 (4 color both sides),5000,Score in Half,No Gift Cards Slits,Yes 1000 Envelopes A2
Majestic,Silk,5.5 x 8.5,Horizontal,Rectangle,16PT C2S,Spot UV,Silk,Spot UV Front,4/4 (4 color both sides),5000,Score in Half,No Gift Cards Slits,Yes 1000 Envelopes A2
Majestic,Silk,5.5 x 8.5,Vertical,Rectangle,16PT C2S,Spot UV,Silk,Spot UV Both Sides,4/1,5000,Score in Half,No Gift Cards Slits,Yes 1000 Envelopes A2
Majestic,Silk,4.25 x 11,Vertical,Rectangle,16PT C2S,Spot UV,Silk,Spot UV Front,4/4 (4 color both sides),5000,Score in Half,No Gift Cards Slits,Yes 1000 Envelopes A2
Majestic,Silk,5.5 x 8.5,Vertical,Rectangle,16PT C2S,Spot UV,Silk,Spot UV Front,4/4 (4 color both sides),5000,Score in Half,No Gift Cards Slits,Yes 1000 Envelopes A2
Majestic,Silk,4.25 x 11,Horizontal,Rectangle,16PT C2S,Spot UV,Silk,Spot UV Back,4/4 (4 color both sides),5000,Score in Half,No Gift Cards Slits,Yes 1000 Envelopes A2
Majestic,Silk,4.25 x 11,Vertical,Rectangle,16PT C2S,Spot UV,Silk,Spot UV Back,4/4 (4 color both sides),5000,Score in Half,No Gift Cards Slits,Yes 1000 Envelopes A2
Majestic,Silk,5.5 x 8.5,Vertical,Rectangle,16PT C2S,Spot UV,Silk,Spot UV Back,4/4 (4 color both sides),5000,Score in Half,No Gift Cards Slits,Yes 1000 Envelopes A2
Majestic,Silk,5.5 x 8.5,Horizontal,Rectangle,16PT C2S,Spot UV,Silk,Spot UV Both Sides,4/4 (4 color both sides),5000,Score in Half,No Gift Cards Slits,Yes 1000 Envelopes A2
Majestic,Silk,5.5 x 8.5,Horizontal,Rectangle,16PT C2S,Spot UV,Silk,Spot UV Back,4/4 (4 color both sides),5000,Score in Half,No Gift Cards Slits,Yes 1000 Envelopes A2
Majestic,Silk,4.25 x 11,Vertical,Rectangle,16PT C2S,Spot UV,Silk,Spot UV Both Sides,4/4 (4 color both sides),5000,Score in Half,No Gift Cards Slits,Yes 1000 Envelopes A2
Majestic,Silk,4.25 x 11,Horizontal,Rectangle,16PT C2S,Spot UV,Silk,Spot UV Both Sides,4/4 (4 color both sides),5000,Score in Half,No Gift Cards Slits,Yes 1000 Envelopes A2
Majestic,Silk,5.5 x 8.5,Horizontal,Rectangle,16PT C2S,Spot UV,Silk,Spot UV Front,4/1,10000,Score in Half,No Gift Cards Slits,Yes 1000 Envelopes A2
Majestic,Silk,5.5 x 8.5,Vertical,Rectangle,16PT C2S,Spot UV,Silk,Spot UV Both Sides,4/4 (4 color both sides),5000,Score in Half,No Gift Cards Slits,Yes 1000 Envelopes A2
Majestic,Silk,4.25 x 11,Horizontal,Rectangle,16PT C2S,Spot UV,Silk,Spot UV Front,4/1,10000,Score in Half,No Gift Cards Slits,Yes 1000 Envelopes A2
Majestic,Silk,4.25 x 11,Vertical,Rectangle,16PT C2S,Spot UV,Silk,Spot UV Front,4/1,10000,Score in Half,No Gift Cards Slits,Yes 1000 Envelopes A2
Majestic,Silk,5.5 x 8.5,Vertical,Rectangle,16PT C2S,Spot UV,Silk,Spot UV Front,4/1,10000,Score in Half,No Gift Cards Slits,Yes 1000 Envelopes A2
Majestic,Silk,4.25 x 11,Horizontal,Rectangle,16PT C2S,Spot UV,Silk,Spot UV Back,4/1,10000,Score in Half,No Gift Cards Slits,Yes 1000 Envelopes A2
Majestic,Silk,5.5 x 8.5,Horizontal,Rectangle,16PT C2S,Spot UV,Silk,Spot UV Back,4/1,10000,Score in Half,No Gift Cards Slits,Yes 1000 Envelopes A2
Majestic,Silk,5.5 x 8.5,Vertical,Rectangle,16PT C2S,Spot UV,Silk,Spot UV Back,4/1,10000,Score in Half,No Gift Cards Slits,Yes 1000 Envelopes A2
Majestic,Silk,4.25 x 11,Vertical,Rectangle,16PT C2S,Spot UV,Silk,Spot UV Back,4/1,10000,Score in Half,No Gift Cards Slits,Yes 1000 Envelopes A2
Majestic,Silk,4.25 x 11,Horizontal,Rectangle,16PT C2S,Spot UV,Silk,Spot UV Both Sides,4/1,10000,Score in Half,No Gift Cards Slits,Yes 1000 Envelopes A2
Majestic,Silk,5.5 x 8.5,Horizontal,Rectangle,16PT C2S,Spot UV,Silk,Spot UV Both Sides,4/1,10000,Score in Half,No Gift Cards Slits,Yes 1000 Envelopes A2
Majestic,Silk,5.5 x 8.5,Vertical,Rectangle,16PT C2S,Spot UV,Silk,Spot UV Both Sides,4/1,10000,Score in Half,No Gift Cards Slits,Yes 1000 Envelopes A2
Majestic,Silk,4.25 x 11,Horizontal,Rectangle,16PT C2S,Spot UV,Silk,Spot UV Front,4/4 (4 color both sides),10000,Score in Half,No Gift Cards Slits,Yes 1000 Envelopes A2
Majestic,Silk,4.25 x 11,Vertical,Rectangle,16PT C2S,Spot UV,Silk,Spot UV Both Sides,4/1,10000,Score in Half,No Gift Cards Slits,Yes 1000 Envelopes A2
Majestic,Silk,5.5 x 8.5,Horizontal,Rectangle,16PT C2S,Spot UV,Silk,Spot UV Front,4/4 (4 color both sides),10000,Score in Half,No Gift Cards Slits,Yes 1000 Envelopes A2
Majestic,Silk,4.25 x 11,Vertical,Rectangle,16PT C2S,Spot UV,Silk,Spot UV Front,4/4 (4 color both sides),10000,Score in Half,No Gift Cards Slits,Yes 1000 Envelopes A2
Majestic,Silk,5.5 x 8.5,Vertical,Rectangle,16PT C2S,Spot UV,Silk,Spot UV Front,4/4 (4 color both sides),10000,Score in Half,No Gift Cards Slits,Yes 1000 Envelopes A2
Majestic,Silk,5.5 x 8.5,Horizontal,Rectangle,16PT C2S,Spot UV,Silk,Spot UV Back,4/4 (4 color both sides),10000,Score in Half,No Gift Cards Slits,Yes 1000 Envelopes A2
Majestic,Silk,4.25 x 11,Horizontal,Rectangle,16PT C2S,Spot UV,Silk,Spot UV Back,4/4 (4 color both sides),10000,Score in Half,No Gift Cards Slits,Yes 1000 Envelopes A2
Majestic,Silk,4.25 x 11,Vertical,Rectangle,16PT C2S,Spot UV,Silk,Spot UV Back,4/4 (4 color both sides),10000,Score in Half,No Gift Cards Slits,Yes 1000 Envelopes A2
Majestic,Silk,5.5 x 8.5,Vertical,Rectangle,16PT C2S,Spot UV,Silk,Spot UV Back,4/4 (4 color both sides),10000,Score in Half,No Gift Cards Slits,Yes 1000 Envelopes A2
Majestic,Silk,4.25 x 11,Horizontal,Rectangle,16PT C2S,Spot UV,Silk,Spot UV Both Sides,4/4 (4 color both sides),10000,Score in Half,No Gift Cards Slits,Yes 1000 Envelopes A2
Majestic,Silk,4.25 x 11,Vertical,Rectangle,16PT C2S,Spot UV,Silk,Spot UV Both Sides,4/4 (4 color both sides),10000,Score in Half,No Gift Cards Slits,Yes 1000 Envelopes A2
Majestic,Silk,5.5 x 8.5,Vertical,Rectangle,16PT C2S,Spot UV,Silk,Spot UV Both Sides,4/4 (4 color both sides),10000,Score in Half,No Gift Cards Slits,Yes 1000 Envelopes A2
Majestic,Silk,4.25 x 11,Vertical,Rectangle,16PT C2S,Spot UV,Silk,Spot UV Front,4/1,500,Score in Half,Slide Slits Bottom Panel,Yes 1000 Envelopes A2
Majestic,Silk,5.5 x 8.5,Horizontal,Rectangle,16PT C2S,Spot UV,Silk,Spot UV Front,4/1,500,Score in Half,Slide Slits Bottom Panel,Yes 1000 Envelopes A2
Majestic,Silk,4.25 x 11,Horizontal,Rectangle,16PT C2S,Spot UV,Silk,Spot UV Back,4/1,500,Score in Half,Slide Slits Bottom Panel,Yes 1000 Envelopes A2
Majestic,Silk,5.5 x 8.5,Vertical,Rectangle,16PT C2S,Spot UV,Silk,Spot UV Front,4/1,500,Score in Half,Slide Slits Bottom Panel,Yes 1000 Envelopes A2
Majestic,Silk,5.5 x 8.5,Horizontal,Rectangle,16PT C2S,Spot UV,Silk,Spot UV Both Sides,4/4 (4 color both sides),10000,Score in Half,No Gift Cards Slits,Yes 1000 Envelopes A2
Majestic,Silk,4.25 x 11,Horizontal,Rectangle,16PT C2S,Spot UV,Silk,Spot UV Front,4/1,500,Score in Half,Slide Slits Bottom Panel,Yes 1000 Envelopes A2
Majestic,Silk,4.25 x 11,Vertical,Rectangle,16PT C2S,Spot UV,Silk,Spot UV Back,4/1,500,Score in Half,Slide Slits Bottom Panel,Yes 1000 Envelopes A2
Majestic,Silk,5.5 x 8.5,Vertical,Rectangle,16PT C2S,Spot UV,Silk,Spot UV Back,4/1,500,Score in Half,Slide Slits Bottom Panel,Yes 1000 Envelopes A2
Majestic,Silk,4.25 x 11,Horizontal,Rectangle,16PT C2S,Spot UV,Silk,Spot UV Both Sides,4/1,500,Score in Half,Slide Slits Bottom Panel,Yes 1000 Envelopes A2
Majestic,Silk,5.5 x 8.5,Horizontal,Rectangle,16PT C2S,Spot UV,Silk,Spot UV Both Sides,4/1,500,Score in Half,Slide Slits Bottom Panel,Yes 1000 Envelopes A2
Majestic,Silk,4.25 x 11,Horizontal,Rectangle,16PT C2S,Spot UV,Silk,Spot UV Front,4/4 (4 color both sides),500,Score in Half,Slide Slits Bottom Panel,Yes 1000 Envelopes A2
Majestic,Silk,4.25 x 11,Vertical,Rectangle,16PT C2S,Spot UV,Silk,Spot UV Both Sides,4/1,500,Score in Half,Slide Slits Bottom Panel,Yes 1000 Envelopes A2
Majestic,Silk,5.5 x 8.5,Vertical,Rectangle,16PT C2S,Spot UV,Silk,Spot UV Both Sides,4/1,500,Score in Half,Slide Slits Bottom Panel,Yes 1000 Envelopes A2
Majestic,Silk,5.5 x 8.5,Horizontal,Rectangle,16PT C2S,Spot UV,Silk,Spot UV Back,4/1,500,Score in Half,Slide Slits Bottom Panel,Yes 1000 Envelopes A2
Majestic,Silk,5.5 x 8.5,Horizontal,Rectangle,16PT C2S,Spot UV,Silk,Spot UV Front,4/4 (4 color both sides),500,Score in Half,Slide Slits Bottom Panel,Yes 1000 Envelopes A2
Majestic,Silk,4.25 x 11,Vertical,Rectangle,16PT C2S,Spot UV,Silk,Spot UV Front,4/4 (4 color both sides),500,Score in Half,Slide Slits Bottom Panel,Yes 1000 Envelopes A2
Majestic,Silk,5.5 x 8.5,Horizontal,Rectangle,16PT C2S,Spot UV,Silk,Spot UV Back,4/4 (4 color both sides),500,Score in Half,Slide Slits Bottom Panel,Yes 1000 Envelopes A2
Majestic,Silk,4.25 x 11,Horizontal,Rectangle,16PT C2S,Spot UV,Silk,Spot UV Back,4/4 (4 color both sides),500,Score in Half,Slide Slits Bottom Panel,Yes 1000 Envelopes A2
Majestic,Silk,5.5 x 8.5,Vertical,Rectangle,16PT C2S,Spot UV,Silk,Spot UV Back,4/4 (4 color both sides),500,Score in Half,Slide Slits Bottom Panel,Yes 1000 Envelopes A2
Majestic,Silk,4.25 x 11,Vertical,Rectangle,16PT C2S,Spot UV,Silk,Spot UV Back,4/4 (4 color both sides),500,Score in Half,Slide Slits Bottom Panel,Yes 1000 Envelopes A2
Majestic,Silk,4.25 x 11,Horizontal,Rectangle,16PT C2S,Spot UV,Silk,Spot UV Both Sides,4/4 (4 color both sides),500,Score in Half,Slide Slits Bottom Panel,Yes 1000 Envelopes A2
Majestic,Silk,5.5 x 8.5,Horizontal,Rectangle,16PT C2S,Spot UV,Silk,Spot UV Both Sides,4/4 (4 color both sides),500,Score in Half,Slide Slits Bottom Panel,Yes 1000 Envelopes A2
Majestic,Silk,4.25 x 11,Vertical,Rectangle,16PT C2S,Spot UV,Silk,Spot UV Both Sides,4/4 (4 color both sides),500,Score in Half,Slide Slits Bottom Panel,Yes 1000 Envelopes A2
Majestic,Silk,5.5 x 8.5,Vertical,Rectangle,16PT C2S,Spot UV,Silk,Spot UV Both Sides,4/4 (4 color both sides),500,Score in Half,No Gift Cards Slits,Yes 1000 Envelopes A2
Majestic,Silk,4.25 x 11,Horizontal,Rectangle,16PT C2S,Spot UV,Silk,Spot UV Front,4/1,1000,Score in Half,Slide Slits Bottom Panel,Yes 1000 Envelopes A2
Majestic,Silk,5.5 x 8.5,Horizontal,Rectangle,16PT C2S,Spot UV,Silk,Spot UV Front,4/1,1000,Score in Half,Slide Slits Bottom Panel,Yes 1000 Envelopes A2
Majestic,Silk,5.5 x 8.5,Vertical,Rectangle,16PT C2S,Spot UV,Silk,Spot UV Front,4/1,1000,Score in Half,Slide Slits Bottom Panel,Yes 1000 Envelopes A2
Majestic,Silk,4.25 x 11,Horizontal,Rectangle,16PT C2S,Spot UV,Silk,Spot UV Back,4/1,1000,Score in Half,Slide Slits Bottom Panel,Yes 1000 Envelopes A2
Majestic,Silk,5.5 x 8.5,Vertical,Rectangle,16PT C2S,Spot UV,Silk,Spot UV Front,4/4 (4 color both sides),500,Score in Half,Slide Slits Bottom Panel,Yes 1000 Envelopes A2
Majestic,Silk,4.25 x 11,Vertical,Rectangle,16PT C2S,Spot UV,Silk,Spot UV Front,4/1,1000,Score in Half,Slide Slits Bottom Panel,Yes 1000 Envelopes A2
Majestic,Silk,5.5 x 8.5,Horizontal,Rectangle,16PT C2S,Spot UV,Silk,Spot UV Back,4/1,1000,Score in Half,Slide Slits Bottom Panel,Yes 1000 Envelopes A2
Majestic,Silk,4.25 x 11,Vertical,Rectangle,16PT C2S,Spot UV,Silk,Spot UV Back,4/1,1000,Score in Half,Slide Slits Bottom Panel,Yes 1000 Envelopes A2
Majestic,Silk,5.5 x 8.5,Vertical,Rectangle,16PT C2S,Spot UV,Silk,Spot UV Back,4/1,1000,Score in Half,Slide Slits Bottom Panel,Yes 1000 Envelopes A2
Majestic,Silk,5.5 x 8.5,Horizontal,Rectangle,16PT C2S,Spot UV,Silk,Spot UV Both Sides,4/1,1000,Score in Half,Slide Slits Bottom Panel,Yes 1000 Envelopes A2
Majestic,Silk,4.25 x 11,Vertical,Rectangle,16PT C2S,Spot UV,Silk,Spot UV Both Sides,4/1,1000,Score in Half,Slide Slits Bottom Panel,Yes 1000 Envelopes A2
Majestic,Silk,5.5 x 8.5,Vertical,Rectangle,16PT C2S,Spot UV,Silk,Spot UV Both Sides,4/1,1000,Score in Half,Slide Slits Bottom Panel,Yes 1000 Envelopes A2
Majestic,Silk,4.25 x 11,Horizontal,Rectangle,16PT C2S,Spot UV,Silk,Spot UV Front,4/4 (4 color both sides),1000,Score in Half,Slide Slits Bottom Panel,Yes 1000 Envelopes A2
Majestic,Silk,4.25 x 11,Horizontal,Rectangle,16PT C2S,Spot UV,Silk,Spot UV Both Sides,4/1,1000,Score in Half,Slide Slits Bottom Panel,Yes 1000 Envelopes A2
Majestic,Silk,5.5 x 8.5,Horizontal,Rectangle,16PT C2S,Spot UV,Silk,Spot UV Front,4/4 (4 color both sides),1000,Score in Half,Slide Slits Bottom Panel,Yes 1000 Envelopes A2
Majestic,Silk,4.25 x 11,Vertical,Rectangle,16PT C2S,Spot UV,Silk,Spot UV Front,4/4 (4 color both sides),1000,Score in Half,Slide Slits Bottom Panel,Yes 1000 Envelopes A2
Majestic,Silk,5.5 x 8.5,Vertical,Rectangle,16PT C2S,Spot UV,Silk,Spot UV Front,4/4 (4 color both sides),1000,Score in Half,Slide Slits Bottom Panel,Yes 1000 Envelopes A2
Majestic,Silk,4.25 x 11,Vertical,Rectangle,16PT C2S,Spot UV,Silk,Spot UV Front,4/4 (4 color both sides),2500,Score in Half,No Gift Cards Slits,Yes 1000 Envelopes A2
Majestic,Silk,4.25 x 11,Horizontal,Rectangle,16PT C2S,Spot UV,Silk,Spot UV Back,4/4 (4 color both sides),1000,Score in Half,Slide Slits Bottom Panel,Yes 1000 Envelopes A2
Majestic,Silk,4.25 x 11,Vertical,Rectangle,16PT C2S,Spot UV,Silk,Spot UV Back,4/4 (4 color both sides),1000,Score in Half,Slide Slits Bottom Panel,Yes 1000 Envelopes A2
Majestic,Silk,5.5 x 8.5,Vertical,Rectangle,16PT C2S,Spot UV,Silk,Spot UV Back,4/4 (4 color both sides),1000,Score in Half,Slide Slits Bottom Panel,Yes 1000 Envelopes A2
Majestic,Silk,4.25 x 11,Horizontal,Rectangle,16PT C2S,Spot UV,Silk,Spot UV Both Sides,4/4 (4 color both sides),1000,Score in Half,Slide Slits Bottom Panel,Yes 1000 Envelopes A2
Majestic,Silk,5.5 x 8.5,Horizontal,Rectangle,16PT C2S,Spot UV,Silk,Spot UV Both Sides,4/4 (4 color both sides),1000,Score in Half,Slide Slits Bottom Panel,Yes 1000 Envelopes A2
Majestic,Silk,4.25 x 11,Vertical,Rectangle,16PT C2S,Spot UV,Silk,Spot UV Both Sides,4/4 (4 color both sides),1000,Score in Half,Slide Slits Bottom Panel,Yes 1000 Envelopes A2
Majestic,Silk,5.5 x 8.5,Vertical,Rectangle,16PT C2S,Spot UV,Silk,Spot UV Both Sides,4/4 (4 color both sides),1000,Score in Half,Slide Slits Bottom Panel,Yes 1000 Envelopes A2
Majestic,Silk,4.25 x 11,Horizontal,Rectangle,16PT C2S,Spot UV,Silk,Spot UV Front,4/1,2500,Score in Half,Slide Slits Bottom Panel,Yes 1000 Envelopes A2
Majestic,Silk,5.5 x 8.5,Horizontal,Rectangle,16PT C2S,Spot UV,Silk,Spot UV Front,4/1,2500,Score in Half,Slide Slits Bottom Panel,Yes 1000 Envelopes A2
Majestic,Silk,4.25 x 11,Vertical,Rectangle,16PT C2S,Spot UV,Silk,Spot UV Front,4/1,2500,Score in Half,Slide Slits Bottom Panel,Yes 1000 Envelopes A2
Majestic,Silk,5.5 x 8.5,Vertical,Rectangle,16PT C2S,Spot UV,Silk,Spot UV Front,4/1,2500,Score in Half,Slide Slits Bottom Panel,Yes 1000 Envelopes A2
Majestic,Silk,4.25 x 11,Horizontal,Rectangle,16PT C2S,Spot UV,Silk,Spot UV Back,4/1,2500,Score in Half,Slide Slits Bottom Panel,Yes 1000 Envelopes A2
Majestic,Silk,5.5 x 8.5,Horizontal,Rectangle,16PT C2S,Spot UV,Silk,Spot UV Back,4/1,2500,Score in Half,Slide Slits Bottom Panel,Yes 1000 Envelopes A2
Majestic,Silk,4.25 x 11,Vertical,Rectangle,16PT C2S,Spot UV,Silk,Spot UV Back,4/1,2500,Score in Half,Slide Slits Bottom Panel,Yes 1000 Envelopes A2
Majestic,Silk,5.5 x 8.5,Vertical,Rectangle,16PT C2S,Spot UV,Silk,Spot UV Both Sides,4/4 (4 color both sides),500,Score in Half,Slide Slits Bottom Panel,Yes 1000 Envelopes A2
Majestic,Silk,4.25 x 11,Horizontal,Rectangle,16PT C2S,Spot UV,Silk,Spot UV Both Sides,4/1,2500,Score in Half,Slide Slits Bottom Panel,Yes 1000 Envelopes A2
Majestic,Silk,5.5 x 8.5,Horizontal,Rectangle,16PT C2S,Spot UV,Silk,Spot UV Both Sides,4/1,2500,Score in Half,Slide Slits Bottom Panel,Yes 1000 Envelopes A2
Majestic,Silk,4.25 x 11,Vertical,Rectangle,16PT C2S,Spot UV,Silk,Spot UV Both Sides,4/1,2500,Score in Half,Slide Slits Bottom Panel,Yes 1000 Envelopes A2
Majestic,Silk,5.5 x 8.5,Vertical,Rectangle,16PT C2S,Spot UV,Silk,Spot UV Both Sides,4/1,2500,Score in Half,Slide Slits Bottom Panel,Yes 1000 Envelopes A2
Majestic,Silk,4.25 x 11,Horizontal,Rectangle,16PT C2S,Spot UV,Silk,Spot UV Front,4/4 (4 color both sides),2500,Score in Half,Slide Slits Bottom Panel,Yes 1000 Envelopes A2
Majestic,Silk,5.5 x 8.5,Horizontal,Rectangle,16PT C2S,Spot UV,Silk,Spot UV Back,4/4 (4 color both sides),1000,Score in Half,Slide Slits Bottom Panel,Yes 1000 Envelopes A2
Majestic,Silk,4.25 x 11,Vertical,Rectangle,16PT C2S,Spot UV,Silk,Spot UV Front,4/4 (4 color both sides),2500,Score in Half,Slide Slits Bottom Panel,Yes 1000 Envelopes A2
Majestic,Silk,5.5 x 8.5,Vertical,Rectangle,16PT C2S,Spot UV,Silk,Spot UV Front,4/4 (4 color both sides),2500,Score in Half,Slide Slits Bottom Panel,Yes 1000 Envelopes A2
Majestic,Silk,4.25 x 11,Horizontal,Rectangle,16PT C2S,Spot UV,Silk,Spot UV Back,4/4 (4 color both sides),2500,Score in Half,Slide Slits Bottom Panel,Yes 1000 Envelopes A2
Majestic,Silk,5.5 x 8.5,Horizontal,Rectangle,16PT C2S,Spot UV,Silk,Spot UV Back,4/4 (4 color both sides),2500,Score in Half,Slide Slits Bottom Panel,Yes 1000 Envelopes A2
Majestic,Silk,4.25 x 11,Vertical,Rectangle,16PT C2S,Spot UV,Silk,Spot UV Back,4/4 (4 color both sides),2500,Score in Half,Slide Slits Bottom Panel,Yes 1000 Envelopes A2
Majestic,Silk,5.5 x 8.5,Vertical,Rectangle,16PT C2S,Spot UV,Silk,Spot UV Back,4/4 (4 color both sides),2500,Score in Half,Slide Slits Bottom Panel,Yes 1000 Envelopes A2
Majestic,Silk,4.25 x 11,Horizontal,Rectangle,16PT C2S,Spot UV,Silk,Spot UV Both Sides,4/4 (4 color both sides),2500,Score in Half,Slide Slits Bottom Panel,Yes 1000 Envelopes A2
Majestic,Silk,5.5 x 8.5,Horizontal,Rectangle,16PT C2S,Spot UV,Silk,Spot UV Both Sides,4/4 (4 color both sides),2500,Score in Half,Slide Slits Bottom Panel,Yes 1000 Envelopes A2
Majestic,Silk,4.25 x 11,Vertical,Rectangle,16PT C2S,Spot UV,Silk,Spot UV Both Sides,4/4 (4 color both sides),2500,Score in Half,Slide Slits Bottom Panel,Yes 1000 Envelopes A2
Majestic,Silk,5.5 x 8.5,Vertical,Rectangle,16PT C2S,Spot UV,Silk,Spot UV Both Sides,4/4 (4 color both sides),2500,Score in Half,Slide Slits Bottom Panel,Yes 1000 Envelopes A2
Majestic,Silk,4.25 x 11,Horizontal,Rectangle,16PT C2S,Spot UV,Silk,Spot UV Front,4/1,5000,Score in Half,Slide Slits Bottom Panel,Yes 1000 Envelopes A2
Majestic,Silk,5.5 x 8.5,Vertical,Rectangle,16PT C2S,Spot UV,Silk,Spot UV Back,4/1,2500,Score in Half,Slide Slits Bottom Panel,Yes 1000 Envelopes A2
Majestic,Silk,4.25 x 11,Vertical,Rectangle,16PT C2S,Spot UV,Silk,Spot UV Front,4/1,5000,Score in Half,Slide Slits Bottom Panel,Yes 1000 Envelopes A2
Majestic,Silk,5.5 x 8.5,Vertical,Rectangle,16PT C2S,Spot UV,Silk,Spot UV Front,4/1,5000,Score in Half,Slide Slits Bottom Panel,Yes 1000 Envelopes A2
Majestic,Silk,4.25 x 11,Horizontal,Rectangle,16PT C2S,Spot UV,Silk,Spot UV Back,4/1,5000,Score in Half,Slide Slits Bottom Panel,Yes 1000 Envelopes A2
Majestic,Silk,5.5 x 8.5,Horizontal,Rectangle,16PT C2S,Spot UV,Silk,Spot UV Back,4/1,5000,Score in Half,Slide Slits Bottom Panel,Yes 1000 Envelopes A2
Majestic,Silk,4.25 x 11,Vertical,Rectangle,16PT C2S,Spot UV,Silk,Spot UV Back,4/1,5000,Score in Half,Slide Slits Bottom Panel,Yes 1000 Envelopes A2
Majestic,Silk,5.5 x 8.5,Vertical,Rectangle,16PT C2S,Spot UV,Silk,Spot UV Back,4/1,5000,Score in Half,Slide Slits Bottom Panel,Yes 1000 Envelopes A2
Majestic,Silk,4.25 x 11,Horizontal,Rectangle,16PT C2S,Spot UV,Silk,Spot UV Both Sides,4/1,5000,Score in Half,Slide Slits Bottom Panel,Yes 1000 Envelopes A2
Majestic,Silk,5.5 x 8.5,Horizontal,Rectangle,16PT C2S,Spot UV,Silk,Spot UV Both Sides,4/1,5000,Score in Half,Slide Slits Bottom Panel,Yes 1000 Envelopes A2
Majestic,Silk,4.25 x 11,Vertical,Rectangle,16PT C2S,Spot UV,Silk,Spot UV Both Sides,4/1,5000,Score in Half,Slide Slits Bottom Panel,Yes 1000 Envelopes A2
Majestic,Silk,5.5 x 8.5,Vertical,Rectangle,16PT C2S,Spot UV,Silk,Spot UV Both Sides,4/1,5000,Score in Half,Slide Slits Bottom Panel,Yes 1000 Envelopes A2
Majestic,Silk,4.25 x 11,Horizontal,Rectangle,16PT C2S,Spot UV,Silk,Spot UV Front,4/4 (4 color both sides),5000,Score in Half,Slide Slits Bottom Panel,Yes 1000 Envelopes A2
Majestic,Silk,4.25 x 11,Vertical,Rectangle,16PT C2S,Spot UV,Silk,Spot UV Front,4/4 (4 color both sides),5000,Score in Half,Slide Slits Bottom Panel,Yes 1000 Envelopes A2
Majestic,Silk,5.5 x 8.5,Vertical,Rectangle,16PT C2S,Spot UV,Silk,Spot UV Front,4/4 (4 color both sides),5000,Score in Half,Slide Slits Bottom Panel,Yes 1000 Envelopes A2
Majestic,Silk,5.5 x 8.5,Horizontal,Rectangle,16PT C2S,Spot UV,Silk,Spot UV Front,4/4 (4 color both sides),5000,Score in Half,Slide Slits Bottom Panel,Yes 1000 Envelopes A2
Majestic,Silk,5.5 x 8.5,Horizontal,Rectangle,16PT C2S,Spot UV,Silk,Spot UV Front,4/1,5000,Score in Half,Slide Slits Bottom Panel,Yes 1000 Envelopes A2
Majestic,Silk,5.5 x 8.5,Horizontal,Rectangle,16PT C2S,Spot UV,Silk,Spot UV Back,4/1,1000,Score in Half,No Gift Cards Slits,Yes 1000 Envelopes A2
Majestic,Silk,4.25 x 11,Vertical,Rectangle,16PT C2S,Spot UV,Silk,Spot UV Back,4/4 (4 color both sides),5000,Score in Half,Slide Slits Bottom Panel,Yes 1000 Envelopes A2
Majestic,Silk,4.25 x 11,Horizontal,Rectangle,16PT C2S,Spot UV,Silk,Spot UV Both Sides,4/4 (4 color both sides),5000,Score in Half,Slide Slits Bottom Panel,Yes 1000 Envelopes A2
Majestic,Silk,5.5 x 8.5,Horizontal,Rectangle,16PT C2S,Spot UV,Silk,Spot UV Both Sides,4/4 (4 color both sides),5000,Score in Half,Slide Slits Bottom Panel,Yes 1000 Envelopes A2
Majestic,Silk,5.5 x 8.5,Vertical,Rectangle,16PT C2S,Spot UV,Silk,Spot UV Back,4/4 (4 color both sides),5000,Score in Half,Slide Slits Bottom Panel,Yes 1000 Envelopes A2
Majestic,Silk,4.25 x 11,Vertical,Rectangle,16PT C2S,Spot UV,Silk,Spot UV Both Sides,4/4 (4 color both sides),5000,Score in Half,Slide Slits Bottom Panel,Yes 1000 Envelopes A2
Majestic,Silk,5.5 x 8.5,Vertical,Rectangle,16PT C2S,Spot UV,Silk,Spot UV Both Sides,4/4 (4 color both sides),5000,Score in Half,Slide Slits Bottom Panel,Yes 1000 Envelopes A2
Majestic,Silk,4.25 x 11,Horizontal,Rectangle,16PT C2S,Spot UV,Silk,Spot UV Front,4/1,10000,Score in Half,Slide Slits Bottom Panel,Yes 1000 Envelopes A2
Majestic,Silk,4.25 x 11,Vertical,Rectangle,16PT C2S,Spot UV,Silk,Spot UV Front,4/1,10000,Score in Half,Slide Slits Bottom Panel,Yes 1000 Envelopes A2
Majestic,Silk,5.5 x 8.5,Vertical,Rectangle,16PT C2S,Spot UV,Silk,Spot UV Front,4/1,10000,Score in Half,Slide Slits Bottom Panel,Yes 1000 Envelopes A2
Majestic,Silk,5.5 x 8.5,Horizontal,Rectangle,16PT C2S,Spot UV,Silk,Spot UV Front,4/1,10000,Score in Half,Slide Slits Bottom Panel,Yes 1000 Envelopes A2
Majestic,Silk,4.25 x 11,Horizontal,Rectangle,16PT C2S,Spot UV,Silk,Spot UV Back,4/1,10000,Score in Half,Slide Slits Bottom Panel,Yes 1000 Envelopes A2
Majestic,Silk,5.5 x 8.5,Horizontal,Rectangle,16PT C2S,Spot UV,Silk,Spot UV Back,4/1,10000,Score in Half,Slide Slits Bottom Panel,Yes 1000 Envelopes A2
Majestic,Silk,4.25 x 11,Vertical,Rectangle,16PT C2S,Spot UV,Silk,Spot UV Back,4/1,10000,Score in Half,Slide Slits Bottom Panel,Yes 1000 Envelopes A2
Majestic,Silk,4.25 x 11,Horizontal,Rectangle,16PT C2S,Spot UV,Silk,Spot UV Both Sides,4/1,10000,Score in Half,Slide Slits Bottom Panel,Yes 1000 Envelopes A2
Majestic,Silk,5.5 x 8.5,Horizontal,Rectangle,16PT C2S,Spot UV,Silk,Spot UV Both Sides,4/1,10000,Score in Half,Slide Slits Bottom Panel,Yes 1000 Envelopes A2
Majestic,Silk,5.5 x 8.5,Vertical,Rectangle,16PT C2S,Spot UV,Silk,Spot UV Back,4/1,10000,Score in Half,Slide Slits Bottom Panel,Yes 1000 Envelopes A2
Majestic,Silk,4.25 x 11,Vertical,Rectangle,16PT C2S,Spot UV,Silk,Spot UV Both Sides,4/1,10000,Score in Half,Slide Slits Bottom Panel,Yes 1000 Envelopes A2
Majestic,Silk,5.5 x 8.5,Vertical,Rectangle,16PT C2S,Spot UV,Silk,Spot UV Both Sides,4/1,10000,Score in Half,Slide Slits Bottom Panel,Yes 1000 Envelopes A2
Majestic,Silk,4.25 x 11,Horizontal,Rectangle,16PT C2S,Spot UV,Silk,Spot UV Front,4/4 (4 color both sides),10000,Score in Half,Slide Slits Bottom Panel,Yes 1000 Envelopes A2
Majestic,Silk,4.25 x 11,Vertical,Rectangle,16PT C2S,Spot UV,Silk,Spot UV Front,4/4 (4 color both sides),10000,Score in Half,Slide Slits Bottom Panel,Yes 1000 Envelopes A2
Majestic,Silk,5.5 x 8.5,Vertical,Rectangle,16PT C2S,Spot UV,Silk,Spot UV Front,4/4 (4 color both sides),10000,Score in Half,Slide Slits Bottom Panel,Yes 1000 Envelopes A2
Majestic,Silk,4.25 x 11,Horizontal,Rectangle,16PT C2S,Spot UV,Silk,Spot UV Back,4/4 (4 color both sides),10000,Score in Half,Slide Slits Bottom Panel,Yes 1000 Envelopes A2
Majestic,Silk,5.5 x 8.5,Horizontal,Rectangle,16PT C2S,Spot UV,Silk,Spot UV Front,4/4 (4 color both sides),10000,Score in Half,Slide Slits Bottom Panel,Yes 1000 Envelopes A2
Majestic,Silk,5.5 x 8.5,Horizontal,Rectangle,16PT C2S,Spot UV,Silk,Spot UV Back,4/4 (4 color both sides),10000,Score in Half,Slide Slits Bottom Panel,Yes 1000 Envelopes A2
Majestic,Silk,4.25 x 11,Horizontal,Rectangle,16PT C2S,Spot UV,Silk,Spot UV Both Sides,4/4 (4 color both sides),10000,Score in Half,Slide Slits Bottom Panel,Yes 1000 Envelopes A2
Majestic,Silk,4.25 x 11,Vertical,Rectangle,16PT C2S,Spot UV,Silk,Spot UV Back,4/4 (4 color both sides),10000,Score in Half,Slide Slits Bottom Panel,Yes 1000 Envelopes A2
Majestic,Silk,5.5 x 8.5,Vertical,Rectangle,16PT C2S,Spot UV,Silk,Spot UV Back,4/4 (4 color both sides),10000,Score in Half,Slide Slits Bottom Panel,Yes 1000 Envelopes A2
Majestic,Silk,5.5 x 8.5,Horizontal,Rectangle,16PT C2S,Spot UV,Silk,Spot UV Both Sides,4/4 (4 color both sides),10000,Score in Half,Slide Slits Bottom Panel,Yes 1000 Envelopes A2
Majestic,Silk,4.25 x 11,Vertical,Rectangle,16PT C2S,Spot UV,Silk,Spot UV Both Sides,4/4 (4 color both sides),10000,Score in Half,Slide Slits Bottom Panel,Yes 1000 Envelopes A2
Majestic,Silk,4.25 x 11,Horizontal,Rectangle,16PT C2S,Spot UV,Silk,Spot UV Front,4/1,500,Score in Half,Slide Slits Right Panel,Yes 1000 Envelopes A2
Majestic,Silk,5.5 x 8.5,Vertical,Rectangle,16PT C2S,Spot UV,Silk,Spot UV Both Sides,4/4 (4 color both sides),10000,Score in Half,Slide Slits Bottom Panel,Yes 1000 Envelopes A2
Majestic,Silk,5.5 x 8.5,Horizontal,Rectangle,16PT C2S,Spot UV,Silk,Spot UV Front,4/1,500,Score in Half,Slide Slits Right Panel,Yes 1000 Envelopes A2
Majestic,Silk,4.25 x 11,Vertical,Rectangle,16PT C2S,Spot UV,Silk,Spot UV Front,4/1,500,Score in Half,Slide Slits Right Panel,Yes 1000 Envelopes A2
Majestic,Silk,5.5 x 8.5,Vertical,Rectangle,16PT C2S,Spot UV,Silk,Spot UV Front,4/1,500,Score in Half,Slide Slits Right Panel,Yes 1000 Envelopes A2
Majestic,Silk,4.25 x 11,Horizontal,Rectangle,16PT C2S,Spot UV,Silk,Spot UV Back,4/1,500,Score in Half,Slide Slits Right Panel,Yes 1000 Envelopes A2
Majestic,Silk,5.5 x 8.5,Horizontal,Rectangle,16PT C2S,Spot UV,Silk,Spot UV Back,4/1,500,Score in Half,Slide Slits Right Panel,Yes 1000 Envelopes A2
Majestic,Silk,4.25 x 11,Vertical,Rectangle,16PT C2S,Spot UV,Silk,Spot UV Back,4/1,500,Score in Half,Slide Slits Right Panel,Yes 1000 Envelopes A2
Majestic,Silk,5.5 x 8.5,Vertical,Rectangle,16PT C2S,Spot UV,Silk,Spot UV Back,4/1,500,Score in Half,Slide Slits Right Panel,Yes 1000 Envelopes A2
Majestic,Silk,4.25 x 11,Horizontal,Rectangle,16PT C2S,Spot UV,Silk,Spot UV Both Sides,4/1,500,Score in Half,Slide Slits Right Panel,Yes 1000 Envelopes A2
Majestic,Silk,5.5 x 8.5,Horizontal,Rectangle,16PT C2S,Spot UV,Silk,Spot UV Both Sides,4/1,500,Score in Half,Slide Slits Right Panel,Yes 1000 Envelopes A2
Majestic,Silk,4.25 x 11,Vertical,Rectangle,16PT C2S,Spot UV,Silk,Spot UV Both Sides,4/1,500,Score in Half,Slide Slits Right Panel,Yes 1000 Envelopes A2
Majestic,Silk,5.5 x 8.5,Vertical,Rectangle,16PT C2S,Spot UV,Silk,Spot UV Both Sides,4/1,500,Score in Half,Slide Slits Right Panel,Yes 1000 Envelopes A2
Majestic,Silk,4.25 x 11,Horizontal,Rectangle,16PT C2S,Spot UV,Silk,Spot UV Front,4/4 (4 color both sides),500,Score in Half,Slide Slits Right Panel,Yes 1000 Envelopes A2
Majestic,Silk,5.5 x 8.5,Horizontal,Rectangle,16PT C2S,Spot UV,Silk,Spot UV Front,4/4 (4 color both sides),500,Score in Half,Slide Slits Right Panel,Yes 1000 Envelopes A2
Majestic,Silk,4.25 x 11,Vertical,Rectangle,16PT C2S,Spot UV,Silk,Spot UV Front,4/4 (4 color both sides),500,Score in Half,Slide Slits Right Panel,Yes 1000 Envelopes A2
Majestic,Silk,5.5 x 8.5,Vertical,Rectangle,16PT C2S,Spot UV,Silk,Spot UV Front,4/4 (4 color both sides),500,Score in Half,Slide Slits Right Panel,Yes 1000 Envelopes A2
Majestic,Silk,4.25 x 11,Horizontal,Rectangle,16PT C2S,Spot UV,Silk,Spot UV Back,4/4 (4 color both sides),500,Score in Half,Slide Slits Right Panel,Yes 1000 Envelopes A2
Majestic,Silk,5.5 x 8.5,Horizontal,Rectangle,16PT C2S,Spot UV,Silk,Spot UV Back,4/4 (4 color both sides),500,Score in Half,Slide Slits Right Panel,Yes 1000 Envelopes A2
Majestic,Silk,4.25 x 11,Vertical,Rectangle,16PT C2S,Spot UV,Silk,Spot UV Back,4/4 (4 color both sides),500,Score in Half,Slide Slits Right Panel,Yes 1000 Envelopes A2
Majestic,Silk,5.5 x 8.5,Vertical,Rectangle,16PT C2S,Spot UV,Silk,Spot UV Back,4/4 (4 color both sides),500,Score in Half,Slide Slits Right Panel,Yes 1000 Envelopes A2
Majestic,Silk,4.25 x 11,Horizontal,Rectangle,16PT C2S,Spot UV,Silk,Spot UV Both Sides,4/4 (4 color both sides),500,Score in Half,Slide Slits Right Panel,Yes 1000 Envelopes A2
Majestic,Silk,5.5 x 8.5,Horizontal,Rectangle,16PT C2S,Spot UV,Silk,Spot UV Both Sides,4/4 (4 color both sides),500,Score in Half,Slide Slits Right Panel,Yes 1000 Envelopes A2
Majestic,Silk,4.25 x 11,Vertical,Rectangle,16PT C2S,Spot UV,Silk,Spot UV Both Sides,4/4 (4 color both sides),500,Score in Half,Slide Slits Right Panel,Yes 1000 Envelopes A2
Majestic,Silk,5.5 x 8.5,Vertical,Rectangle,16PT C2S,Spot UV,Silk,Spot UV Both Sides,4/4 (4 color both sides),500,Score in Half,Slide Slits Right Panel,Yes 1000 Envelopes A2
Majestic,Silk,4.25 x 11,Horizontal,Rectangle,16PT C2S,Spot UV,Silk,Spot UV Front,4/1,1000,Score in Half,Slide Slits Right Panel,Yes 1000 Envelopes A2
Majestic,Silk,5.5 x 8.5,Horizontal,Rectangle,16PT C2S,Spot UV,Silk,Spot UV Front,4/1,1000,Score in Half,Slide Slits Right Panel,Yes 1000 Envelopes A2
Majestic,Silk,4.25 x 11,Vertical,Rectangle,16PT C2S,Spot UV,Silk,Spot UV Front,4/1,1000,Score in Half,Slide Slits Right Panel,Yes 1000 Envelopes A2
Majestic,Silk,5.5 x 8.5,Vertical,Rectangle,16PT C2S,Spot UV,Silk,Spot UV Front,4/1,1000,Score in Half,Slide Slits Right Panel,Yes 1000 Envelopes A2
Majestic,Silk,4.25 x 11,Horizontal,Rectangle,16PT C2S,Spot UV,Silk,Spot UV Back,4/1,1000,Score in Half,Slide Slits Right Panel,Yes 1000 Envelopes A2
Majestic,Silk,5.5 x 8.5,Horizontal,Rectangle,16PT C2S,Spot UV,Silk,Spot UV Back,4/1,1000,Score in Half,Slide Slits Right Panel,Yes 1000 Envelopes A2
Majestic,Silk,4.25 x 11,Vertical,Rectangle,16PT C2S,Spot UV,Silk,Spot UV Back,4/1,1000,Score in Half,Slide Slits Right Panel,Yes 1000 Envelopes A2
Majestic,Silk,5.5 x 8.5,Vertical,Rectangle,16PT C2S,Spot UV,Silk,Spot UV Back,4/1,1000,Score in Half,Slide Slits Right Panel,Yes 1000 Envelopes A2
Majestic,Silk,4.25 x 11,Horizontal,Rectangle,16PT C2S,Spot UV,Silk,Spot UV Both Sides,4/1,1000,Score in Half,Slide Slits Right Panel,Yes 1000 Envelopes A2
Majestic,Silk,5.5 x 8.5,Horizontal,Rectangle,16PT C2S,Spot UV,Silk,Spot UV Both Sides,4/1,1000,Score in Half,Slide Slits Right Panel,Yes 1000 Envelopes A2
Majestic,Silk,4.25 x 11,Vertical,Rectangle,16PT C2S,Spot UV,Silk,Spot UV Both Sides,4/1,1000,Score in Half,Slide Slits Right Panel,Yes 1000 Envelopes A2
Majestic,Silk,4.25 x 11,Horizontal,Rectangle,16PT C2S,Spot UV,Silk,Spot UV Front,4/4 (4 color both sides),1000,Score in Half,Slide Slits Right Panel,Yes 1000 Envelopes A2
Majestic,Silk,5.5 x 8.5,Vertical,Rectangle,16PT C2S,Spot UV,Silk,Spot UV Both Sides,4/1,1000,Score in Half,Slide Slits Right Panel,Yes 1000 Envelopes A2
Majestic,Silk,4.25 x 11,Vertical,Rectangle,16PT C2S,Spot UV,Silk,Spot UV Front,4/4 (4 color both sides),1000,Score in Half,Slide Slits Right Panel,Yes 1000 Envelopes A2
Majestic,Silk,5.5 x 8.5,Vertical,Rectangle,16PT C2S,Spot UV,Silk,Spot UV Front,4/4 (4 color both sides),1000,Score in Half,Slide Slits Right Panel,Yes 1000 Envelopes A2
Majestic,Silk,4.25 x 11,Horizontal,Rectangle,16PT C2S,Spot UV,Silk,Spot UV Back,4/4 (4 color both sides),1000,Score in Half,Slide Slits Right Panel,Yes 1000 Envelopes A2
Majestic,Silk,5.5 x 8.5,Horizontal,Rectangle,16PT C2S,Spot UV,Silk,Spot UV Back,4/4 (4 color both sides),1000,Score in Half,Slide Slits Right Panel,Yes 1000 Envelopes A2
Majestic,Silk,5.5 x 8.5,Horizontal,Rectangle,16PT C2S,Spot UV,Silk,Spot UV Front,4/4 (4 color both sides),1000,Score in Half,Slide Slits Right Panel,Yes 1000 Envelopes A2
Majestic,Silk,4.25 x 11,Vertical,Rectangle,16PT C2S,Spot UV,Silk,Spot UV Back,4/4 (4 color both sides),1000,Score in Half,Slide Slits Right Panel,Yes 1000 Envelopes A2
Majestic,Silk,5.5 x 8.5,Vertical,Rectangle,16PT C2S,Spot UV,Silk,Spot UV Back,4/4 (4 color both sides),1000,Score in Half,Slide Slits Right Panel,Yes 1000 Envelopes A2
Majestic,Silk,4.25 x 11,Horizontal,Rectangle,16PT C2S,Spot UV,Silk,Spot UV Both Sides,4/4 (4 color both sides),1000,Score in Half,Slide Slits Right Panel,Yes 1000 Envelopes A2
Majestic,Silk,5.5 x 8.5,Horizontal,Rectangle,16PT C2S,Spot UV,Silk,Spot UV Both Sides,4/4 (4 color both sides),1000,Score in Half,Slide Slits Right Panel,Yes 1000 Envelopes A2
Majestic,Silk,4.25 x 11,Vertical,Rectangle,16PT C2S,Spot UV,Silk,Spot UV Both Sides,4/4 (4 color both sides),1000,Score in Half,Slide Slits Right Panel,Yes 1000 Envelopes A2
Majestic,Silk,5.5 x 8.5,Vertical,Rectangle,16PT C2S,Spot UV,Silk,Spot UV Both Sides,4/4 (4 color both sides),1000,Score in Half,Slide Slits Right Panel,Yes 1000 Envelopes A2
Majestic,Silk,4.25 x 11,Horizontal,Rectangle,16PT C2S,Spot UV,Silk,Spot UV Front,4/1,2500,Score in Half,Slide Slits Right Panel,Yes 1000 Envelopes A2
Majestic,Silk,5.5 x 8.5,Horizontal,Rectangle,16PT C2S,Spot UV,Silk,Spot UV Front,4/1,2500,Score in Half,Slide Slits Right Panel,Yes 1000 Envelopes A2
Majestic,Silk,4.25 x 11,Vertical,Rectangle,16PT C2S,Spot UV,Silk,Spot UV Front,4/1,2500,Score in Half,Slide Slits Right Panel,Yes 1000 Envelopes A2
Majestic,Silk,5.5 x 8.5,Vertical,Rectangle,16PT C2S,Spot UV,Silk,Spot UV Front,4/1,2500,Score in Half,Slide Slits Right Panel,Yes 1000 Envelopes A2
Majestic,Silk,4.25 x 11,Horizontal,Rectangle,16PT C2S,Spot UV,Silk,Spot UV Back,4/1,2500,Score in Half,Slide Slits Right Panel,Yes 1000 Envelopes A2
Majestic,Silk,5.5 x 8.5,Horizontal,Rectangle,16PT C2S,Spot UV,Silk,Spot UV Back,4/1,2500,Score in Half,Slide Slits Right Panel,Yes 1000 Envelopes A2
Majestic,Silk,4.25 x 11,Vertical,Rectangle,16PT C2S,Spot UV,Silk,Spot UV Back,4/1,2500,Score in Half,Slide Slits Right Panel,Yes 1000 Envelopes A2
Majestic,Silk,5.5 x 8.5,Vertical,Rectangle,16PT C2S,Spot UV,Silk,Spot UV Back,4/1,2500,Score in Half,Slide Slits Right Panel,Yes 1000 Envelopes A2
Majestic,Silk,5.5 x 8.5,Horizontal,Rectangle,16PT C2S,Spot UV,Silk,Spot UV Both Sides,4/1,2500,Score in Half,Slide Slits Right Panel,Yes 1000 Envelopes A2
Majestic,Silk,4.25 x 11,Vertical,Rectangle,16PT C2S,Spot UV,Silk,Spot UV Both Sides,4/1,2500,Score in Half,Slide Slits Right Panel,Yes 1000 Envelopes A2
Majestic,Silk,4.25 x 11,Horizontal,Rectangle,16PT C2S,Spot UV,Silk,Spot UV Both Sides,4/1,2500,Score in Half,Slide Slits Right Panel,Yes 1000 Envelopes A2
Majestic,Silk,5.5 x 8.5,Vertical,Rectangle,16PT C2S,Spot UV,Silk,Spot UV Both Sides,4/1,2500,Score in Half,Slide Slits Right Panel,Yes 1000 Envelopes A2
Majestic,Silk,4.25 x 11,Horizontal,Rectangle,16PT C2S,Spot UV,Silk,Spot UV Front,4/4 (4 color both sides),2500,Score in Half,Slide Slits Right Panel,Yes 1000 Envelopes A2
Majestic,Silk,5.5 x 8.5,Horizontal,Rectangle,16PT C2S,Spot UV,Silk,Spot UV Front,4/4 (4 color both sides),2500,Score in Half,Slide Slits Right Panel,Yes 1000 Envelopes A2
Majestic,Silk,4.25 x 11,Vertical,Rectangle,16PT C2S,Spot UV,Silk,Spot UV Front,4/4 (4 color both sides),2500,Score in Half,Slide Slits Right Panel,Yes 1000 Envelopes A2
Majestic,Silk,5.5 x 8.5,Vertical,Rectangle,16PT C2S,Spot UV,Silk,Spot UV Front,4/4 (4 color both sides),2500,Score in Half,Slide Slits Right Panel,Yes 1000 Envelopes A2
Majestic,Silk,4.25 x 11,Horizontal,Rectangle,16PT C2S,Spot UV,Silk,Spot UV Back,4/4 (4 color both sides),2500,Score in Half,Slide Slits Right Panel,Yes 1000 Envelopes A2
Majestic,Silk,5.5 x 8.5,Horizontal,Rectangle,16PT C2S,Spot UV,Silk,Spot UV Back,4/4 (4 color both sides),2500,Score in Half,Slide Slits Right Panel,Yes 1000 Envelopes A2
Majestic,Silk,4.25 x 11,Vertical,Rectangle,16PT C2S,Spot UV,Silk,Spot UV Back,4/4 (4 color both sides),2500,Score in Half,Slide Slits Right Panel,Yes 1000 Envelopes A2
Majestic,Silk,5.5 x 8.5,Vertical,Rectangle,16PT C2S,Spot UV,Silk,Spot UV Back,4/4 (4 color both sides),2500,Score in Half,Slide Slits Right Panel,Yes 1000 Envelopes A2
Majestic,Silk,4.25 x 11,Horizontal,Rectangle,16PT C2S,Spot UV,Silk,Spot UV Both Sides,4/4 (4 color both sides),2500,Score in Half,Slide Slits Right Panel,Yes 1000 Envelopes A2
Majestic,Silk,5.5 x 8.5,Horizontal,Rectangle,16PT C2S,Spot UV,Silk,Spot UV Both Sides,4/4 (4 color both sides),2500,Score in Half,Slide Slits Right Panel,Yes 1000 Envelopes A2
Majestic,Silk,4.25 x 11,Vertical,Rectangle,16PT C2S,Spot UV,Silk,Spot UV Both Sides,4/4 (4 color both sides),2500,Score in Half,Slide Slits Right Panel,Yes 1000 Envelopes A2
Majestic,Silk,5.5 x 8.5,Vertical,Rectangle,16PT C2S,Spot UV,Silk,Spot UV Both Sides,4/4 (4 color both sides),2500,Score in Half,Slide Slits Right Panel,Yes 1000 Envelopes A2
Majestic,Silk,4.25 x 11,Horizontal,Rectangle,16PT C2S,Spot UV,Silk,Spot UV Front,4/1,5000,Score in Half,Slide Slits Right Panel,Yes 1000 Envelopes A2
Majestic,Silk,5.5 x 8.5,Horizontal,Rectangle,16PT C2S,Spot UV,Silk,Spot UV Front,4/1,5000,Score in Half,Slide Slits Right Panel,Yes 1000 Envelopes A2
Majestic,Silk,4.25 x 11,Vertical,Rectangle,16PT C2S,Spot UV,Silk,Spot UV Front,4/1,5000,Score in Half,Slide Slits Right Panel,Yes 1000 Envelopes A2
Majestic,Silk,5.5 x 8.5,Vertical,Rectangle,16PT C2S,Spot UV,Silk,Spot UV Front,4/1,5000,Score in Half,Slide Slits Right Panel,Yes 1000 Envelopes A2
Majestic,Silk,4.25 x 11,Horizontal,Rectangle,16PT C2S,Spot UV,Silk,Spot UV Back,4/1,5000,Score in Half,Slide Slits Right Panel,Yes 1000 Envelopes A2
Majestic,Silk,5.5 x 8.5,Vertical,Rectangle,16PT C2S,Spot UV,Silk,Spot UV Back,4/1,5000,Score in Half,Slide Slits Right Panel,Yes 1000 Envelopes A2
Majestic,Silk,5.5 x 8.5,Horizontal,Rectangle,16PT C2S,Spot UV,Silk,Spot UV Back,4/1,5000,Score in Half,Slide Slits Right Panel,Yes 1000 Envelopes A2
Majestic,Silk,4.25 x 11,Vertical,Rectangle,16PT C2S,Spot UV,Silk,Spot UV Back,4/1,5000,Score in Half,Slide Slits Right Panel,Yes 1000 Envelopes A2
Majestic,Silk,4.25 x 11,Horizontal,Rectangle,16PT C2S,Spot UV,Silk,Spot UV Both Sides,4/1,5000,Score in Half,Slide Slits Right Panel,Yes 1000 Envelopes A2
Majestic,Silk,5.5 x 8.5,Horizontal,Rectangle,16PT C2S,Spot UV,Silk,Spot UV Both Sides,4/1,5000,Score in Half,Slide Slits Right Panel,Yes 1000 Envelopes A2
Majestic,Silk,4.25 x 11,Vertical,Rectangle,16PT C2S,Spot UV,Silk,Spot UV Both Sides,4/1,5000,Score in Half,Slide Slits Right Panel,Yes 1000 Envelopes A2
Majestic,Silk,5.5 x 8.5,Vertical,Rectangle,16PT C2S,Spot UV,Silk,Spot UV Both Sides,4/1,5000,Score in Half,Slide Slits Right Panel,Yes 1000 Envelopes A2
Majestic,Silk,4.25 x 11,Horizontal,Rectangle,16PT C2S,Spot UV,Silk,Spot UV Front,4/4 (4 color both sides),5000,Score in Half,Slide Slits Right Panel,Yes 1000 Envelopes A2
Majestic,Silk,5.5 x 8.5,Horizontal,Rectangle,16PT C2S,Spot UV,Silk,Spot UV Front,4/4 (4 color both sides),5000,Score in Half,Slide Slits Right Panel,Yes 1000 Envelopes A2
Majestic,Silk,4.25 x 11,Vertical,Rectangle,16PT C2S,Spot UV,Silk,Spot UV Front,4/4 (4 color both sides),5000,Score in Half,Slide Slits Right Panel,Yes 1000 Envelopes A2
Majestic,Silk,4.25 x 11,Horizontal,Rectangle,16PT C2S,Spot UV,Silk,Spot UV Back,4/4 (4 color both sides),5000,Score in Half,Slide Slits Right Panel,Yes 1000 Envelopes A2
Majestic,Silk,5.5 x 8.5,Vertical,Rectangle,16PT C2S,Spot UV,Silk,Spot UV Front,4/4 (4 color both sides),5000,Score in Half,Slide Slits Right Panel,Yes 1000 Envelopes A2
Majestic,Silk,5.5 x 8.5,Horizontal,Rectangle,16PT C2S,Spot UV,Silk,Spot UV Back,4/4 (4 color both sides),5000,Score in Half,Slide Slits Right Panel,Yes 1000 Envelopes A2
Majestic,Silk,5.5 x 8.5,Vertical,Rectangle,16PT C2S,Spot UV,Silk,Spot UV Back,4/4 (4 color both sides),5000,Score in Half,Slide Slits Right Panel,Yes 1000 Envelopes A2
Majestic,Silk,5.5 x 8.5,Horizontal,Rectangle,16PT C2S,Spot UV,Silk,Spot UV Both Sides,4/4 (4 color both sides),5000,Score in Half,Slide Slits Right Panel,Yes 1000 Envelopes A2
Majestic,Silk,4.25 x 11,Horizontal,Rectangle,16PT C2S,Spot UV,Silk,Spot UV Both Sides,4/4 (4 color both sides),5000,Score in Half,Slide Slits Right Panel,Yes 1000 Envelopes A2
Majestic,Silk,4.25 x 11,Vertical,Rectangle,16PT C2S,Spot UV,Silk,Spot UV Back,4/4 (4 color both sides),5000,Score in Half,Slide Slits Right Panel,Yes 1000 Envelopes A2
Majestic,Silk,4.25 x 11,Vertical,Rectangle,16PT C2S,Spot UV,Silk,Spot UV Both Sides,4/4 (4 color both sides),5000,Score in Half,Slide Slits Right Panel,Yes 1000 Envelopes A2
Majestic,Silk,5.5 x 8.5,Vertical,Rectangle,16PT C2S,Spot UV,Silk,Spot UV Both Sides,4/4 (4 color both sides),5000,Score in Half,Slide Slits Right Panel,Yes 1000 Envelopes A2
Majestic,Silk,4.25 x 11,Vertical,Rectangle,16PT C2S,Spot UV,Silk,Spot UV Front,4/1,10000,Score in Half,Slide Slits Right Panel,Yes 1000 Envelopes A2
Majestic,Silk,5.5 x 8.5,Vertical,Rectangle,16PT C2S,Spot UV,Silk,Spot UV Front,4/1,10000,Score in Half,Slide Slits Right Panel,Yes 1000 Envelopes A2
Majestic,Silk,4.25 x 11,Horizontal,Rectangle,16PT C2S,Spot UV,Silk,Spot UV Front,4/1,10000,Score in Half,Slide Slits Right Panel,Yes 1000 Envelopes A2
Majestic,Silk,5.5 x 8.5,Horizontal,Rectangle,16PT C2S,Spot UV,Silk,Spot UV Front,4/1,10000,Score in Half,Slide Slits Right Panel,Yes 1000 Envelopes A2
Majestic,Silk,4.25 x 11,Horizontal,Rectangle,16PT C2S,Spot UV,Silk,Spot UV Back,4/1,10000,Score in Half,Slide Slits Right Panel,Yes 1000 Envelopes A2
Majestic,Silk,5.5 x 8.5,Horizontal,Rectangle,16PT C2S,Spot UV,Silk,Spot UV Back,4/1,10000,Score in Half,Slide Slits Right Panel,Yes 1000 Envelopes A2
Majestic,Silk,4.25 x 11,Horizontal,Rectangle,16PT C2S,Spot UV,Silk,Spot UV Both Sides,4/1,10000,Score in Half,Slide Slits Right Panel,Yes 1000 Envelopes A2
Majestic,Silk,4.25 x 11,Vertical,Rectangle,16PT C2S,Spot UV,Silk,Spot UV Back,4/1,10000,Score in Half,Slide Slits Right Panel,Yes 1000 Envelopes A2
Majestic,Silk,5.5 x 8.5,Horizontal,Rectangle,16PT C2S,Spot UV,Silk,Spot UV Both Sides,4/1,10000,Score in Half,Slide Slits Right Panel,Yes 1000 Envelopes A2
Majestic,Silk,4.25 x 11,Vertical,Rectangle,16PT C2S,Spot UV,Silk,Spot UV Both Sides,4/1,10000,Score in Half,Slide Slits Right Panel,Yes 1000 Envelopes A2
Majestic,Silk,5.5 x 8.5,Vertical,Rectangle,16PT C2S,Spot UV,Silk,Spot UV Back,4/1,10000,Score in Half,Slide Slits Right Panel,Yes 1000 Envelopes A2
Majestic,Silk,4.25 x 11,Horizontal,Rectangle,16PT C2S,Spot UV,Silk,Spot UV Front,4/4 (4 color both sides),10000,Score in Half,Slide Slits Right Panel,Yes 1000 Envelopes A2
Majestic,Silk,5.5 x 8.5,Horizontal,Rectangle,16PT C2S,Spot UV,Silk,Spot UV Front,4/4 (4 color both sides),10000,Score in Half,Slide Slits Right Panel,Yes 1000 Envelopes A2
Majestic,Silk,5.5 x 8.5,Vertical,Rectangle,16PT C2S,Spot UV,Silk,Spot UV Both Sides,4/1,10000,Score in Half,Slide Slits Right Panel,Yes 1000 Envelopes A2
Majestic,Silk,4.25 x 11,Vertical,Rectangle,16PT C2S,Spot UV,Silk,Spot UV Front,4/4 (4 color both sides),10000,Score in Half,Slide Slits Right Panel,Yes 1000 Envelopes A2
Majestic,Silk,5.5 x 8.5,Vertical,Rectangle,16PT C2S,Spot UV,Silk,Spot UV Front,4/4 (4 color both sides),10000,Score in Half,Slide Slits Right Panel,Yes 1000 Envelopes A2
Majestic,Silk,4.25 x 11,Horizontal,Rectangle,16PT C2S,Spot UV,Silk,Spot UV Back,4/4 (4 color both sides),10000,Score in Half,Slide Slits Right Panel,Yes 1000 Envelopes A2
Majestic,Silk,5.5 x 8.5,Horizontal,Rectangle,16PT C2S,Spot UV,Silk,Spot UV Back,4/4 (4 color both sides),10000,Score in Half,Slide Slits Right Panel,Yes 1000 Envelopes A2
Majestic,Silk,4.25 x 11,Vertical,Rectangle,16PT C2S,Spot UV,Silk,Spot UV Back,4/4 (4 color both sides),10000,Score in Half,Slide Slits Right Panel,Yes 1000 Envelopes A2
Majestic,Silk,5.5 x 8.5,Vertical,Rectangle,16PT C2S,Spot UV,Silk,Spot UV Back,4/4 (4 color both sides),10000,Score in Half,Slide Slits Right Panel,Yes 1000 Envelopes A2
Majestic,Silk,4.25 x 11,Horizontal,Rectangle,16PT C2S,Spot UV,Silk,Spot UV Both Sides,4/4 (4 color both sides),10000,Score in Half,Slide Slits Right Panel,Yes 1000 Envelopes A2
Majestic,Silk,5.5 x 8.5,Horizontal,Rectangle,16PT C2S,Spot UV,Silk,Spot UV Both Sides,4/4 (4 color both sides),10000,Score in Half,Slide Slits Right Panel,Yes 1000 Envelopes A2
Majestic,Silk,4.25 x 11,Horizontal,Rectangle,16PT C2S,Spot UV,Silk,Spot UV Back,4/4 (4 color both sides),5000,Score in Half,Slide Slits Bottom Panel,Yes 1000 Envelopes A2
Majestic,Silk,4.25 x 11,Horizontal,Rectangle,16PT C2S,Spot UV,Silk,Spot UV Front,4/1,500,Score in Half,Moon Slits Bottom Panel,Yes 2500 Envelopes A2
Majestic,Silk,4.25 x 11,Vertical,Rectangle,16PT C2S,Spot UV,Silk,Spot UV Both Sides,4/4 (4 color both sides),10000,Score in Half,Slide Slits Right Panel,Yes 1000 Envelopes A2
Majestic,Silk,4.25 x 11,Vertical,Rectangle,16PT C2S,Spot UV,Silk,Spot UV Front,4/1,500,Score in Half,Moon Slits Bottom Panel,Yes 2500 Envelopes A2
Majestic,Silk,5.5 x 8.5,Vertical,Rectangle,16PT C2S,Spot UV,Silk,Spot UV Front,4/1,500,Score in Half,Moon Slits Bottom Panel,Yes 2500 Envelopes A2
Majestic,Silk,5.5 x 8.5,Horizontal,Rectangle,16PT C2S,Spot UV,Silk,Spot UV Front,4/1,500,Score in Half,Moon Slits Bottom Panel,Yes 2500 Envelopes A2
Majestic,Silk,4.25 x 11,Horizontal,Rectangle,16PT C2S,Spot UV,Silk,Spot UV Back,4/1,500,Score in Half,Moon Slits Bottom Panel,Yes 2500 Envelopes A2
Majestic,Silk,5.5 x 8.5,Horizontal,Rectangle,16PT C2S,Spot UV,Silk,Spot UV Back,4/1,500,Score in Half,Moon Slits Bottom Panel,Yes 2500 Envelopes A2
Majestic,Silk,4.25 x 11,Vertical,Rectangle,16PT C2S,Spot UV,Silk,Spot UV Back,4/1,500,Score in Half,Moon Slits Bottom Panel,Yes 2500 Envelopes A2
Majestic,Silk,4.25 x 11,Horizontal,Rectangle,16PT C2S,Spot UV,Silk,Spot UV Both Sides,4/1,500,Score in Half,Moon Slits Bottom Panel,Yes 2500 Envelopes A2
Majestic,Silk,5.5 x 8.5,Vertical,Rectangle,16PT C2S,Spot UV,Silk,Spot UV Back,4/1,500,Score in Half,Moon Slits Bottom Panel,Yes 2500 Envelopes A2
Majestic,Silk,5.5 x 8.5,Horizontal,Rectangle,16PT C2S,Spot UV,Silk,Spot UV Both Sides,4/1,500,Score in Half,Moon Slits Bottom Panel,Yes 2500 Envelopes A2
Majestic,Silk,4.25 x 11,Vertical,Rectangle,16PT C2S,Spot UV,Silk,Spot UV Both Sides,4/1,500,Score in Half,Moon Slits Bottom Panel,Yes 2500 Envelopes A2
Majestic,Silk,5.5 x 8.5,Horizontal,Rectangle,16PT C2S,Spot UV,Silk,Spot UV Front,4/4 (4 color both sides),500,Score in Half,Moon Slits Bottom Panel,Yes 2500 Envelopes A2
Majestic,Silk,4.25 x 11,Horizontal,Rectangle,16PT C2S,Spot UV,Silk,Spot UV Front,4/4 (4 color both sides),500,Score in Half,Moon Slits Bottom Panel,Yes 2500 Envelopes A2
Majestic,Silk,5.5 x 8.5,Vertical,Rectangle,16PT C2S,Spot UV,Silk,Spot UV Both Sides,4/1,500,Score in Half,Moon Slits Bottom Panel,Yes 2500 Envelopes A2
Majestic,Silk,4.25 x 11,Vertical,Rectangle,16PT C2S,Spot UV,Silk,Spot UV Front,4/4 (4 color both sides),500,Score in Half,Moon Slits Bottom Panel,Yes 2500 Envelopes A2
Majestic,Silk,5.5 x 8.5,Vertical,Rectangle,16PT C2S,Spot UV,Silk,Spot UV Front,4/4 (4 color both sides),500,Score in Half,Moon Slits Bottom Panel,Yes 2500 Envelopes A2
Majestic,Silk,4.25 x 11,Horizontal,Rectangle,16PT C2S,Spot UV,Silk,Spot UV Back,4/4 (4 color both sides),500,Score in Half,Moon Slits Bottom Panel,Yes 2500 Envelopes A2
Majestic,Silk,5.5 x 8.5,Vertical,Rectangle,16PT C2S,Spot UV,Silk,Spot UV Back,4/4 (4 color both sides),500,Score in Half,Moon Slits Bottom Panel,Yes 2500 Envelopes A2
Majestic,Silk,4.25 x 11,Horizontal,Rectangle,16PT C2S,Spot UV,Silk,Spot UV Both Sides,4/4 (4 color both sides),500,Score in Half,Moon Slits Bottom Panel,Yes 2500 Envelopes A2
Majestic,Silk,5.5 x 8.5,Horizontal,Rectangle,16PT C2S,Spot UV,Silk,Spot UV Back,4/4 (4 color both sides),500,Score in Half,Moon Slits Bottom Panel,Yes 2500 Envelopes A2
Majestic,Silk,4.25 x 11,Vertical,Rectangle,16PT C2S,Spot UV,Silk,Spot UV Back,4/4 (4 color both sides),500,Score in Half,Moon Slits Bottom Panel,Yes 2500 Envelopes A2
Majestic,Silk,5.5 x 8.5,Horizontal,Rectangle,16PT C2S,Spot UV,Silk,Spot UV Both Sides,4/4 (4 color both sides),500,Score in Half,Moon Slits Bottom Panel,Yes 2500 Envelopes A2
Majestic,Silk,4.25 x 11,Vertical,Rectangle,16PT C2S,Spot UV,Silk,Spot UV Both Sides,4/4 (4 color both sides),500,Score in Half,Moon Slits Bottom Panel,Yes 2500 Envelopes A2
Majestic,Silk,5.5 x 8.5,Horizontal,Rectangle,16PT C2S,Spot UV,Silk,Spot UV Front,4/1,1000,Score in Half,Moon Slits Bottom Panel,Yes 2500 Envelopes A2
Majestic,Silk,4.25 x 11,Vertical,Rectangle,16PT C2S,Spot UV,Silk,Spot UV Front,4/1,1000,Score in Half,Moon Slits Bottom Panel,Yes 2500 Envelopes A2
Majestic,Silk,5.5 x 8.5,Vertical,Rectangle,16PT C2S,Spot UV,Silk,Spot UV Both Sides,4/4 (4 color both sides),500,Score in Half,Moon Slits Bottom Panel,Yes 2500 Envelopes A2
Majestic,Silk,4.25 x 11,Horizontal,Rectangle,16PT C2S,Spot UV,Silk,Spot UV Front,4/1,1000,Score in Half,Moon Slits Bottom Panel,Yes 2500 Envelopes A2
Majestic,Silk,4.25 x 11,Horizontal,Rectangle,16PT C2S,Spot UV,Silk,Spot UV Back,4/1,1000,Score in Half,Moon Slits Bottom Panel,Yes 2500 Envelopes A2
Majestic,Silk,5.5 x 8.5,Vertical,Rectangle,16PT C2S,Spot UV,Silk,Spot UV Front,4/1,1000,Score in Half,Moon Slits Bottom Panel,Yes 2500 Envelopes A2
Majestic,Silk,4.25 x 11,Vertical,Rectangle,16PT C2S,Spot UV,Silk,Spot UV Back,4/1,1000,Score in Half,Moon Slits Bottom Panel,Yes 2500 Envelopes A2
Majestic,Silk,5.5 x 8.5,Vertical,Rectangle,16PT C2S,Spot UV,Silk,Spot UV Back,4/1,1000,Score in Half,Moon Slits Bottom Panel,Yes 2500 Envelopes A2
Majestic,Silk,4.25 x 11,Horizontal,Rectangle,16PT C2S,Spot UV,Silk,Spot UV Both Sides,4/1,1000,Score in Half,Moon Slits Bottom Panel,Yes 2500 Envelopes A2
Majestic,Silk,5.5 x 8.5,Horizontal,Rectangle,16PT C2S,Spot UV,Silk,Spot UV Back,4/1,1000,Score in Half,Moon Slits Bottom Panel,Yes 2500 Envelopes A2
Majestic,Silk,5.5 x 8.5,Horizontal,Rectangle,16PT C2S,Spot UV,Silk,Spot UV Both Sides,4/1,1000,Score in Half,Moon Slits Bottom Panel,Yes 2500 Envelopes A2
Majestic,Silk,5.5 x 8.5,Vertical,Rectangle,16PT C2S,Spot UV,Silk,Spot UV Both Sides,4/1,1000,Score in Half,Moon Slits Bottom Panel,Yes 2500 Envelopes A2
Majestic,Silk,4.25 x 11,Vertical,Rectangle,16PT C2S,Spot UV,Silk,Spot UV Both Sides,4/1,1000,Score in Half,Moon Slits Bottom Panel,Yes 2500 Envelopes A2
Majestic,Silk,5.5 x 8.5,Horizontal,Rectangle,16PT C2S,Spot UV,Silk,Spot UV Front,4/4 (4 color both sides),1000,Score in Half,Moon Slits Bottom Panel,Yes 2500 Envelopes A2
Majestic,Silk,4.25 x 11,Horizontal,Rectangle,16PT C2S,Spot UV,Silk,Spot UV Front,4/4 (4 color both sides),1000,Score in Half,Moon Slits Bottom Panel,Yes 2500 Envelopes A2
Majestic,Silk,4.25 x 11,Vertical,Rectangle,16PT C2S,Spot UV,Silk,Spot UV Front,4/4 (4 color both sides),1000,Score in Half,Moon Slits Bottom Panel,Yes 2500 Envelopes A2
Majestic,Silk,5.5 x 8.5,Vertical,Rectangle,16PT C2S,Spot UV,Silk,Spot UV Front,4/4 (4 color both sides),1000,Score in Half,Moon Slits Bottom Panel,Yes 2500 Envelopes A2
Majestic,Silk,4.25 x 11,Vertical,Rectangle,16PT C2S,Spot UV,Silk,Spot UV Back,4/4 (4 color both sides),1000,Score in Half,Moon Slits Bottom Panel,Yes 2500 Envelopes A2
Majestic,Silk,4.25 x 11,Horizontal,Rectangle,16PT C2S,Spot UV,Silk,Spot UV Back,4/4 (4 color both sides),1000,Score in Half,Moon Slits Bottom Panel,Yes 2500 Envelopes A2
Majestic,Silk,5.5 x 8.5,Horizontal,Rectangle,16PT C2S,Spot UV,Silk,Spot UV Back,4/4 (4 color both sides),1000,Score in Half,Moon Slits Bottom Panel,Yes 2500 Envelopes A2
Majestic,Silk,5.5 x 8.5,Vertical,Rectangle,16PT C2S,Spot UV,Silk,Spot UV Back,4/4 (4 color both sides),1000,Score in Half,Moon Slits Bottom Panel,Yes 2500 Envelopes A2
Majestic,Silk,4.25 x 11,Horizontal,Rectangle,16PT C2S,Spot UV,Silk,Spot UV Both Sides,4/4 (4 color both sides),1000,Score in Half,Moon Slits Bottom Panel,Yes 2500 Envelopes A2
Majestic,Silk,5.5 x 8.5,Vertical,Rectangle,16PT C2S,Spot UV,Silk,Spot UV Both Sides,4/4 (4 color both sides),1000,Score in Half,Moon Slits Bottom Panel,Yes 2500 Envelopes A2
Majestic,Silk,4.25 x 11,Horizontal,Rectangle,16PT C2S,Spot UV,Silk,Spot UV Front,4/1,2500,Score in Half,Moon Slits Bottom Panel,Yes 2500 Envelopes A2
Majestic,Silk,5.5 x 8.5,Horizontal,Rectangle,16PT C2S,Spot UV,Silk,Spot UV Both Sides,4/4 (4 color both sides),1000,Score in Half,Moon Slits Bottom Panel,Yes 2500 Envelopes A2
Majestic,Silk,4.25 x 11,Vertical,Rectangle,16PT C2S,Spot UV,Silk,Spot UV Both Sides,4/4 (4 color both sides),1000,Score in Half,Moon Slits Bottom Panel,Yes 2500 Envelopes A2
Majestic,Silk,5.5 x 8.5,Horizontal,Rectangle,16PT C2S,Spot UV,Silk,Spot UV Front,4/1,2500,Score in Half,Moon Slits Bottom Panel,Yes 2500 Envelopes A2
Majestic,Silk,4.25 x 11,Vertical,Rectangle,16PT C2S,Spot UV,Silk,Spot UV Front,4/1,2500,Score in Half,Moon Slits Bottom Panel,Yes 2500 Envelopes A2
Majestic,Silk,5.5 x 8.5,Horizontal,Rectangle,16PT C2S,Spot UV,Silk,Spot UV Back,4/1,2500,Score in Half,Moon Slits Bottom Panel,Yes 2500 Envelopes A2
Majestic,Silk,4.25 x 11,Vertical,Rectangle,16PT C2S,Spot UV,Silk,Spot UV Back,4/1,2500,Score in Half,Moon Slits Bottom Panel,Yes 2500 Envelopes A2
Majestic,Silk,4.25 x 11,Horizontal,Rectangle,16PT C2S,Spot UV,Silk,Spot UV Back,4/1,2500,Score in Half,Moon Slits Bottom Panel,Yes 2500 Envelopes A2
Majestic,Silk,5.5 x 8.5,Vertical,Rectangle,16PT C2S,Spot UV,Silk,Spot UV Front,4/1,2500,Score in Half,Moon Slits Bottom Panel,Yes 2500 Envelopes A2
Majestic,Silk,5.5 x 8.5,Vertical,Rectangle,16PT C2S,Spot UV,Silk,Spot UV Back,4/1,2500,Score in Half,Moon Slits Bottom Panel,Yes 2500 Envelopes A2
Majestic,Silk,4.25 x 11,Horizontal,Rectangle,16PT C2S,Spot UV,Silk,Spot UV Both Sides,4/1,2500,Score in Half,Moon Slits Bottom Panel,Yes 2500 Envelopes A2
Majestic,Silk,4.25 x 11,Vertical,Rectangle,16PT C2S,Spot UV,Silk,Spot UV Both Sides,4/1,2500,Score in Half,Moon Slits Bottom Panel,Yes 2500 Envelopes A2
Majestic,Silk,5.5 x 8.5,Horizontal,Rectangle,16PT C2S,Spot UV,Silk,Spot UV Both Sides,4/1,2500,Score in Half,Moon Slits Bottom Panel,Yes 2500 Envelopes A2
Majestic,Silk,5.5 x 8.5,Vertical,Rectangle,16PT C2S,Spot UV,Silk,Spot UV Both Sides,4/1,2500,Score in Half,Moon Slits Bottom Panel,Yes 2500 Envelopes A2
Majestic,Silk,4.25 x 11,Horizontal,Rectangle,16PT C2S,Spot UV,Silk,Spot UV Front,4/4 (4 color both sides),2500,Score in Half,Moon Slits Bottom Panel,Yes 2500 Envelopes A2
Majestic,Silk,5.5 x 8.5,Horizontal,Rectangle,16PT C2S,Spot UV,Silk,Spot UV Front,4/4 (4 color both sides),2500,Score in Half,Moon Slits Bottom Panel,Yes 2500 Envelopes A2
Majestic,Silk,5.5 x 8.5,Vertical,Rectangle,16PT C2S,Spot UV,Silk,Spot UV Front,4/4 (4 color both sides),2500,Score in Half,Moon Slits Bottom Panel,Yes 2500 Envelopes A2
Majestic,Silk,4.25 x 11,Vertical,Rectangle,16PT C2S,Spot UV,Silk,Spot UV Front,4/4 (4 color both sides),2500,Score in Half,Moon Slits Bottom Panel,Yes 2500 Envelopes A2
Majestic,Silk,4.25 x 11,Horizontal,Rectangle,16PT C2S,Spot UV,Silk,Spot UV Back,4/4 (4 color both sides),2500,Score in Half,Moon Slits Bottom Panel,Yes 2500 Envelopes A2
Majestic,Silk,5.5 x 8.5,Horizontal,Rectangle,16PT C2S,Spot UV,Silk,Spot UV Back,4/4 (4 color both sides),2500,Score in Half,Moon Slits Bottom Panel,Yes 2500 Envelopes A2
Majestic,Silk,4.25 x 11,Vertical,Rectangle,16PT C2S,Spot UV,Silk,Spot UV Back,4/4 (4 color both sides),2500,Score in Half,Moon Slits Bottom Panel,Yes 2500 Envelopes A2
Majestic,Silk,5.5 x 8.5,Vertical,Rectangle,16PT C2S,Spot UV,Silk,Spot UV Back,4/4 (4 color both sides),2500,Score in Half,Moon Slits Bottom Panel,Yes 2500 Envelopes A2
Majestic,Silk,5.5 x 8.5,Vertical,Rectangle,16PT C2S,Spot UV,Silk,Spot UV Both Sides,4/4 (4 color both sides),10000,Score in Half,Slide Slits Right Panel,Yes 1000 Envelopes A2
Majestic,Silk,4.25 x 11,Vertical,Rectangle,16PT C2S,Spot UV,Silk,Spot UV Both Sides,4/4 (4 color both sides),2500,Score in Half,Moon Slits Bottom Panel,Yes 2500 Envelopes A2
Majestic,Silk,5.5 x 8.5,Vertical,Rectangle,16PT C2S,Spot UV,Silk,Spot UV Both Sides,4/4 (4 color both sides),2500,Score in Half,Moon Slits Bottom Panel,Yes 2500 Envelopes A2
Majestic,Silk,4.25 x 11,Horizontal,Rectangle,16PT C2S,Spot UV,Silk,Spot UV Both Sides,4/4 (4 color both sides),2500,Score in Half,Moon Slits Bottom Panel,Yes 2500 Envelopes A2
Majestic,Silk,4.25 x 11,Horizontal,Rectangle,16PT C2S,Spot UV,Silk,Spot UV Front,4/1,5000,Score in Half,Moon Slits Bottom Panel,Yes 2500 Envelopes A2
Majestic,Silk,5.5 x 8.5,Horizontal,Rectangle,16PT C2S,Spot UV,Silk,Spot UV Front,4/1,5000,Score in Half,Moon Slits Bottom Panel,Yes 2500 Envelopes A2
Majestic,Silk,4.25 x 11,Horizontal,Rectangle,16PT C2S,Spot UV,Silk,Spot UV Back,4/1,5000,Score in Half,Moon Slits Bottom Panel,Yes 2500 Envelopes A2
Majestic,Silk,5.5 x 8.5,Vertical,Rectangle,16PT C2S,Spot UV,Silk,Spot UV Front,4/1,5000,Score in Half,Moon Slits Bottom Panel,Yes 2500 Envelopes A2
Majestic,Silk,5.5 x 8.5,Horizontal,Rectangle,16PT C2S,Spot UV,Silk,Spot UV Back,4/1,5000,Score in Half,Moon Slits Bottom Panel,Yes 2500 Envelopes A2
Majestic,Silk,4.25 x 11,Vertical,Rectangle,16PT C2S,Spot UV,Silk,Spot UV Front,4/1,5000,Score in Half,Moon Slits Bottom Panel,Yes 2500 Envelopes A2
Majestic,Silk,4.25 x 11,Vertical,Rectangle,16PT C2S,Spot UV,Silk,Spot UV Back,4/1,5000,Score in Half,Moon Slits Bottom Panel,Yes 2500 Envelopes A2
Majestic,Silk,5.5 x 8.5,Vertical,Rectangle,16PT C2S,Spot UV,Silk,Spot UV Back,4/1,5000,Score in Half,Moon Slits Bottom Panel,Yes 2500 Envelopes A2
Majestic,Silk,4.25 x 11,Horizontal,Rectangle,16PT C2S,Spot UV,Silk,Spot UV Both Sides,4/1,5000,Score in Half,Moon Slits Bottom Panel,Yes 2500 Envelopes A2
Majestic,Silk,4.25 x 11,Vertical,Rectangle,16PT C2S,Spot UV,Silk,Spot UV Both Sides,4/1,5000,Score in Half,Moon Slits Bottom Panel,Yes 2500 Envelopes A2
Majestic,Silk,5.5 x 8.5,Horizontal,Rectangle,16PT C2S,Spot UV,Silk,Spot UV Back,4/4 (4 color both sides),5000,Score in Half,Slide Slits Bottom Panel,Yes 1000 Envelopes A2
Majestic,Silk,5.5 x 8.5,Horizontal,Rectangle,16PT C2S,Spot UV,Silk,Spot UV Both Sides,4/1,5000,Score in Half,Moon Slits Bottom Panel,Yes 2500 Envelopes A2
Majestic,Silk,4.25 x 11,Horizontal,Rectangle,16PT C2S,Spot UV,Silk,Spot UV Front,4/4 (4 color both sides),5000,Score in Half,Moon Slits Bottom Panel,Yes 2500 Envelopes A2
Majestic,Silk,5.5 x 8.5,Horizontal,Rectangle,16PT C2S,Spot UV,Silk,Spot UV Front,4/4 (4 color both sides),5000,Score in Half,Moon Slits Bottom Panel,Yes 2500 Envelopes A2
Majestic,Silk,4.25 x 11,Vertical,Rectangle,16PT C2S,Spot UV,Silk,Spot UV Front,4/4 (4 color both sides),5000,Score in Half,Moon Slits Bottom Panel,Yes 2500 Envelopes A2
Majestic,Silk,5.5 x 8.5,Vertical,Rectangle,16PT C2S,Spot UV,Silk,Spot UV Front,4/4 (4 color both sides),5000,Score in Half,Moon Slits Bottom Panel,Yes 2500 Envelopes A2
Majestic,Silk,4.25 x 11,Horizontal,Rectangle,16PT C2S,Spot UV,Silk,Spot UV Back,4/4 (4 color both sides),5000,Score in Half,Moon Slits Bottom Panel,Yes 2500 Envelopes A2
Majestic,Silk,5.5 x 8.5,Horizontal,Rectangle,16PT C2S,Spot UV,Silk,Spot UV Back,4/4 (4 color both sides),5000,Score in Half,Moon Slits Bottom Panel,Yes 2500 Envelopes A2
Majestic,Silk,4.25 x 11,Vertical,Rectangle,16PT C2S,Spot UV,Silk,Spot UV Back,4/4 (4 color both sides),5000,Score in Half,Moon Slits Bottom Panel,Yes 2500 Envelopes A2
Majestic,Silk,5.5 x 8.5,Vertical,Rectangle,16PT C2S,Spot UV,Silk,Spot UV Back,4/4 (4 color both sides),5000,Score in Half,Moon Slits Bottom Panel,Yes 2500 Envelopes A2
Majestic,Silk,5.5 x 8.5,Horizontal,Rectangle,16PT C2S,Spot UV,Silk,Spot UV Both Sides,4/4 (4 color both sides),5000,Score in Half,Moon Slits Bottom Panel,Yes 2500 Envelopes A2
Majestic,Silk,4.25 x 11,Horizontal,Rectangle,16PT C2S,Spot UV,Silk,Spot UV Both Sides,4/4 (4 color both sides),5000,Score in Half,Moon Slits Bottom Panel,Yes 2500 Envelopes A2
Majestic,Silk,5.5 x 8.5,Vertical,Rectangle,16PT C2S,Spot UV,Silk,Spot UV Both Sides,4/1,5000,Score in Half,Moon Slits Bottom Panel,Yes 2500 Envelopes A2
Majestic,Silk,4.25 x 11,Horizontal,Rectangle,16PT C2S,Spot UV,Silk,Spot UV Front,4/1,10000,Score in Half,Moon Slits Bottom Panel,Yes 2500 Envelopes A2
Majestic,Silk,5.5 x 8.5,Horizontal,Rectangle,16PT C2S,Spot UV,Silk,Spot UV Front,4/1,10000,Score in Half,Moon Slits Bottom Panel,Yes 2500 Envelopes A2
Majestic,Silk,4.25 x 11,Vertical,Rectangle,16PT C2S,Spot UV,Silk,Spot UV Both Sides,4/4 (4 color both sides),5000,Score in Half,Moon Slits Bottom Panel,Yes 2500 Envelopes A2
Majestic,Silk,4.25 x 11,Vertical,Rectangle,16PT C2S,Spot UV,Silk,Spot UV Front,4/1,10000,Score in Half,Moon Slits Bottom Panel,Yes 2500 Envelopes A2
Majestic,Silk,5.5 x 8.5,Vertical,Rectangle,16PT C2S,Spot UV,Silk,Spot UV Front,4/1,10000,Score in Half,Moon Slits Bottom Panel,Yes 2500 Envelopes A2
Majestic,Silk,4.25 x 11,Horizontal,Rectangle,16PT C2S,Spot UV,Silk,Spot UV Back,4/1,10000,Score in Half,Moon Slits Bottom Panel,Yes 2500 Envelopes A2
Majestic,Silk,5.5 x 8.5,Horizontal,Rectangle,16PT C2S,Spot UV,Silk,Spot UV Back,4/1,10000,Score in Half,Moon Slits Bottom Panel,Yes 2500 Envelopes A2
Majestic,Silk,4.25 x 11,Vertical,Rectangle,16PT C2S,Spot UV,Silk,Spot UV Back,4/1,10000,Score in Half,Moon Slits Bottom Panel,Yes 2500 Envelopes A2
Majestic,Silk,5.5 x 8.5,Vertical,Rectangle,16PT C2S,Spot UV,Silk,Spot UV Back,4/1,10000,Score in Half,Moon Slits Bottom Panel,Yes 2500 Envelopes A2
Majestic,Silk,4.25 x 11,Horizontal,Rectangle,16PT C2S,Spot UV,Silk,Spot UV Both Sides,4/1,10000,Score in Half,Moon Slits Bottom Panel,Yes 2500 Envelopes A2
Majestic,Silk,5.5 x 8.5,Horizontal,Rectangle,16PT C2S,Spot UV,Silk,Spot UV Both Sides,4/1,10000,Score in Half,Moon Slits Bottom Panel,Yes 2500 Envelopes A2
Majestic,Silk,4.25 x 11,Vertical,Rectangle,16PT C2S,Spot UV,Silk,Spot UV Both Sides,4/1,10000,Score in Half,Moon Slits Bottom Panel,Yes 2500 Envelopes A2
Majestic,Silk,5.5 x 8.5,Vertical,Rectangle,16PT C2S,Spot UV,Silk,Spot UV Both Sides,4/1,10000,Score in Half,Moon Slits Bottom Panel,Yes 2500 Envelopes A2
Majestic,Silk,4.25 x 11,Horizontal,Rectangle,16PT C2S,Spot UV,Silk,Spot UV Front,4/4 (4 color both sides),10000,Score in Half,Moon Slits Bottom Panel,Yes 2500 Envelopes A2
Majestic,Silk,5.5 x 8.5,Horizontal,Rectangle,16PT C2S,Spot UV,Silk,Spot UV Front,4/4 (4 color both sides),10000,Score in Half,Moon Slits Bottom Panel,Yes 2500 Envelopes A2
Majestic,Silk,4.25 x 11,Vertical,Rectangle,16PT C2S,Spot UV,Silk,Spot UV Front,4/4 (4 color both sides),10000,Score in Half,Moon Slits Bottom Panel,Yes 2500 Envelopes A2
Majestic,Silk,5.5 x 8.5,Vertical,Rectangle,16PT C2S,Spot UV,Silk,Spot UV Front,4/4 (4 color both sides),10000,Score in Half,Moon Slits Bottom Panel,Yes 2500 Envelopes A2
Majestic,Silk,4.25 x 11,Horizontal,Rectangle,16PT C2S,Spot UV,Silk,Spot UV Back,4/4 (4 color both sides),10000,Score in Half,Moon Slits Bottom Panel,Yes 2500 Envelopes A2
Majestic,Silk,4.25 x 11,Vertical,Rectangle,16PT C2S,Spot UV,Silk,Spot UV Back,4/4 (4 color both sides),10000,Score in Half,Moon Slits Bottom Panel,Yes 2500 Envelopes A2
Majestic,Silk,5.5 x 8.5,Horizontal,Rectangle,16PT C2S,Spot UV,Silk,Spot UV Back,4/4 (4 color both sides),10000,Score in Half,Moon Slits Bottom Panel,Yes 2500 Envelopes A2
Majestic,Silk,5.5 x 8.5,Vertical,Rectangle,16PT C2S,Spot UV,Silk,Spot UV Back,4/4 (4 color both sides),10000,Score in Half,Moon Slits Bottom Panel,Yes 2500 Envelopes A2
Majestic,Silk,4.25 x 11,Horizontal,Rectangle,16PT C2S,Spot UV,Silk,Spot UV Both Sides,4/4 (4 color both sides),10000,Score in Half,Moon Slits Bottom Panel,Yes 2500 Envelopes A2
Majestic,Silk,5.5 x 8.5,Horizontal,Rectangle,16PT C2S,Spot UV,Silk,Spot UV Both Sides,4/4 (4 color both sides),10000,Score in Half,Moon Slits Bottom Panel,Yes 2500 Envelopes A2
Majestic,Silk,4.25 x 11,Vertical,Rectangle,16PT C2S,Spot UV,Silk,Spot UV Both Sides,4/4 (4 color both sides),10000,Score in Half,Moon Slits Bottom Panel,Yes 2500 Envelopes A2
Majestic,Silk,5.5 x 8.5,Vertical,Rectangle,16PT C2S,Spot UV,Silk,Spot UV Both Sides,4/4 (4 color both sides),10000,Score in Half,Moon Slits Bottom Panel,Yes 2500 Envelopes A2
Majestic,Silk,4.25 x 11,Horizontal,Rectangle,16PT C2S,Spot UV,Silk,Spot UV Front,4/1,500,Score in Half,Moon Slits Right Panel,Yes 2500 Envelopes A2
Majestic,Silk,5.5 x 8.5,Horizontal,Rectangle,16PT C2S,Spot UV,Silk,Spot UV Front,4/1,500,Score in Half,Moon Slits Right Panel,Yes 2500 Envelopes A2
Majestic,Silk,4.25 x 11,Horizontal,Rectangle,16PT C2S,Spot UV,Silk,Spot UV Back,4/1,500,Score in Half,Moon Slits Right Panel,Yes 2500 Envelopes A2
Majestic,Silk,5.5 x 8.5,Vertical,Rectangle,16PT C2S,Spot UV,Silk,Spot UV Front,4/1,500,Score in Half,Moon Slits Right Panel,Yes 2500 Envelopes A2
Majestic,Silk,5.5 x 8.5,Horizontal,Rectangle,16PT C2S,Spot UV,Silk,Spot UV Back,4/1,500,Score in Half,Moon Slits Right Panel,Yes 2500 Envelopes A2
Majestic,Silk,4.25 x 11,Vertical,Rectangle,16PT C2S,Spot UV,Silk,Spot UV Front,4/1,500,Score in Half,Moon Slits Right Panel,Yes 2500 Envelopes A2
Majestic,Silk,4.25 x 11,Vertical,Rectangle,16PT C2S,Spot UV,Silk,Spot UV Back,4/1,500,Score in Half,Moon Slits Right Panel,Yes 2500 Envelopes A2
Majestic,Silk,5.5 x 8.5,Vertical,Rectangle,16PT C2S,Spot UV,Silk,Spot UV Back,4/1,500,Score in Half,Moon Slits Right Panel,Yes 2500 Envelopes A2
Majestic,Silk,4.25 x 11,Horizontal,Rectangle,16PT C2S,Spot UV,Silk,Spot UV Both Sides,4/1,500,Score in Half,Moon Slits Right Panel,Yes 2500 Envelopes A2
Majestic,Silk,5.5 x 8.5,Horizontal,Rectangle,16PT C2S,Spot UV,Silk,Spot UV Both Sides,4/1,500,Score in Half,Moon Slits Right Panel,Yes 2500 Envelopes A2
Majestic,Silk,4.25 x 11,Vertical,Rectangle,16PT C2S,Spot UV,Silk,Spot UV Both Sides,4/1,500,Score in Half,Moon Slits Right Panel,Yes 2500 Envelopes A2
Majestic,Silk,4.25 x 11,Horizontal,Rectangle,16PT C2S,Spot UV,Silk,Spot UV Front,4/4 (4 color both sides),500,Score in Half,Moon Slits Right Panel,Yes 2500 Envelopes A2
Majestic,Silk,5.5 x 8.5,Vertical,Rectangle,16PT C2S,Spot UV,Silk,Spot UV Both Sides,4/1,500,Score in Half,Moon Slits Right Panel,Yes 2500 Envelopes A2
Majestic,Silk,4.25 x 11,Vertical,Rectangle,16PT C2S,Spot UV,Silk,Spot UV Front,4/4 (4 color both sides),500,Score in Half,Moon Slits Right Panel,Yes 2500 Envelopes A2
Majestic,Silk,5.5 x 8.5,Vertical,Rectangle,16PT C2S,Spot UV,Silk,Spot UV Front,4/4 (4 color both sides),500,Score in Half,Moon Slits Right Panel,Yes 2500 Envelopes A2
Majestic,Silk,5.5 x 8.5,Horizontal,Rectangle,16PT C2S,Spot UV,Silk,Spot UV Front,4/4 (4 color both sides),500,Score in Half,Moon Slits Right Panel,Yes 2500 Envelopes A2
Majestic,Silk,5.5 x 8.5,Horizontal,Rectangle,16PT C2S,Spot UV,Silk,Spot UV Back,4/4 (4 color both sides),500,Score in Half,Moon Slits Right Panel,Yes 2500 Envelopes A2
Majestic,Silk,4.25 x 11,Horizontal,Rectangle,16PT C2S,Spot UV,Silk,Spot UV Back,4/4 (4 color both sides),500,Score in Half,Moon Slits Right Panel,Yes 2500 Envelopes A2
Majestic,Silk,4.25 x 11,Vertical,Rectangle,16PT C2S,Spot UV,Silk,Spot UV Back,4/4 (4 color both sides),500,Score in Half,Moon Slits Right Panel,Yes 2500 Envelopes A2
Majestic,Silk,5.5 x 8.5,Vertical,Rectangle,16PT C2S,Spot UV,Silk,Spot UV Back,4/4 (4 color both sides),500,Score in Half,Moon Slits Right Panel,Yes 2500 Envelopes A2
Majestic,Silk,4.25 x 11,Horizontal,Rectangle,16PT C2S,Spot UV,Silk,Spot UV Both Sides,4/4 (4 color both sides),500,Score in Half,Moon Slits Right Panel,Yes 2500 Envelopes A2
Majestic,Silk,4.25 x 11,Vertical,Rectangle,16PT C2S,Spot UV,Silk,Spot UV Both Sides,4/4 (4 color both sides),500,Score in Half,Moon Slits Right Panel,Yes 2500 Envelopes A2
Majestic,Silk,5.5 x 8.5,Vertical,Rectangle,16PT C2S,Spot UV,Silk,Spot UV Both Sides,4/4 (4 color both sides),500,Score in Half,Moon Slits Right Panel,Yes 2500 Envelopes A2
Majestic,Silk,5.5 x 8.5,Horizontal,Rectangle,16PT C2S,Spot UV,Silk,Spot UV Both Sides,4/4 (4 color both sides),500,Score in Half,Moon Slits Right Panel,Yes 2500 Envelopes A2
Majestic,Silk,4.25 x 11,Horizontal,Rectangle,16PT C2S,Spot UV,Silk,Spot UV Front,4/1,1000,Score in Half,Moon Slits Right Panel,Yes 2500 Envelopes A2
Majestic,Silk,5.5 x 8.5,Horizontal,Rectangle,16PT C2S,Spot UV,Silk,Spot UV Front,4/1,1000,Score in Half,Moon Slits Right Panel,Yes 2500 Envelopes A2
Majestic,Silk,4.25 x 11,Vertical,Rectangle,16PT C2S,Spot UV,Silk,Spot UV Front,4/1,1000,Score in Half,Moon Slits Right Panel,Yes 2500 Envelopes A2
Majestic,Silk,4.25 x 11,Horizontal,Rectangle,16PT C2S,Spot UV,Silk,Spot UV Back,4/1,1000,Score in Half,Moon Slits Right Panel,Yes 2500 Envelopes A2
Majestic,Silk,5.5 x 8.5,Vertical,Rectangle,16PT C2S,Spot UV,Silk,Spot UV Front,4/1,1000,Score in Half,Moon Slits Right Panel,Yes 2500 Envelopes A2
Majestic,Silk,5.5 x 8.5,Horizontal,Rectangle,16PT C2S,Spot UV,Silk,Spot UV Back,4/1,1000,Score in Half,Moon Slits Right Panel,Yes 2500 Envelopes A2
Majestic,Silk,4.25 x 11,Vertical,Rectangle,16PT C2S,Spot UV,Silk,Spot UV Back,4/1,1000,Score in Half,Moon Slits Right Panel,Yes 2500 Envelopes A2
Majestic,Silk,5.5 x 8.5,Vertical,Rectangle,16PT C2S,Spot UV,Silk,Spot UV Back,4/1,1000,Score in Half,Moon Slits Right Panel,Yes 2500 Envelopes A2
Majestic,Silk,5.5 x 8.5,Horizontal,Rectangle,16PT C2S,Spot UV,Silk,Spot UV Both Sides,4/1,1000,Score in Half,Moon Slits Right Panel,Yes 2500 Envelopes A2
Majestic,Silk,4.25 x 11,Vertical,Rectangle,16PT C2S,Spot UV,Silk,Spot UV Both Sides,4/1,1000,Score in Half,Moon Slits Right Panel,Yes 2500 Envelopes A2
Majestic,Silk,5.5 x 8.5,Vertical,Rectangle,16PT C2S,Spot UV,Silk,Spot UV Both Sides,4/1,1000,Score in Half,Moon Slits Right Panel,Yes 2500 Envelopes A2
Majestic,Silk,4.25 x 11,Horizontal,Rectangle,16PT C2S,Spot UV,Silk,Spot UV Both Sides,4/1,1000,Score in Half,Moon Slits Right Panel,Yes 2500 Envelopes A2
Majestic,Silk,4.25 x 11,Horizontal,Rectangle,16PT C2S,Spot UV,Silk,Spot UV Front,4/4 (4 color both sides),1000,Score in Half,Moon Slits Right Panel,Yes 2500 Envelopes A2
Majestic,Silk,5.5 x 8.5,Horizontal,Rectangle,16PT C2S,Spot UV,Silk,Spot UV Front,4/4 (4 color both sides),1000,Score in Half,Moon Slits Right Panel,Yes 2500 Envelopes A2
Majestic,Silk,4.25 x 11,Vertical,Rectangle,16PT C2S,Spot UV,Silk,Spot UV Front,4/4 (4 color both sides),1000,Score in Half,Moon Slits Right Panel,Yes 2500 Envelopes A2
Majestic,Silk,4.25 x 11,Horizontal,Rectangle,16PT C2S,Spot UV,Silk,Spot UV Back,4/4 (4 color both sides),1000,Score in Half,Moon Slits Right Panel,Yes 2500 Envelopes A2
Majestic,Silk,5.5 x 8.5,Vertical,Rectangle,16PT C2S,Spot UV,Silk,Spot UV Front,4/4 (4 color both sides),1000,Score in Half,Moon Slits Right Panel,Yes 2500 Envelopes A2
Majestic,Silk,5.5 x 8.5,Horizontal,Rectangle,16PT C2S,Spot UV,Silk,Spot UV Back,4/4 (4 color both sides),1000,Score in Half,Moon Slits Right Panel,Yes 2500 Envelopes A2
Majestic,Silk,4.25 x 11,Vertical,Rectangle,16PT C2S,Spot UV,Silk,Spot UV Back,4/4 (4 color both sides),1000,Score in Half,Moon Slits Right Panel,Yes 2500 Envelopes A2
Majestic,Silk,5.5 x 8.5,Vertical,Rectangle,16PT C2S,Spot UV,Silk,Spot UV Back,4/4 (4 color both sides),1000,Score in Half,Moon Slits Right Panel,Yes 2500 Envelopes A2
Majestic,Silk,5.5 x 8.5,Horizontal,Rectangle,16PT C2S,Spot UV,Silk,Spot UV Both Sides,4/4 (4 color both sides),1000,Score in Half,Moon Slits Right Panel,Yes 2500 Envelopes A2
Majestic,Silk,4.25 x 11,Vertical,Rectangle,16PT C2S,Spot UV,Silk,Spot UV Both Sides,4/4 (4 color both sides),1000,Score in Half,Moon Slits Right Panel,Yes 2500 Envelopes A2
Majestic,Silk,4.25 x 11,Horizontal,Rectangle,16PT C2S,Spot UV,Silk,Spot UV Both Sides,4/4 (4 color both sides),1000,Score in Half,Moon Slits Right Panel,Yes 2500 Envelopes A2
Majestic,Silk,5.5 x 8.5,Vertical,Rectangle,16PT C2S,Spot UV,Silk,Spot UV Both Sides,4/4 (4 color both sides),1000,Score in Half,Moon Slits Right Panel,Yes 2500 Envelopes A2
Majestic,Silk,4.25 x 11,Horizontal,Rectangle,16PT C2S,Spot UV,Silk,Spot UV Front,4/1,2500,Score in Half,Moon Slits Right Panel,Yes 2500 Envelopes A2
Majestic,Silk,5.5 x 8.5,Horizontal,Rectangle,16PT C2S,Spot UV,Silk,Spot UV Front,4/1,2500,Score in Half,Moon Slits Right Panel,Yes 2500 Envelopes A2
Majestic,Silk,5.5 x 8.5,Vertical,Rectangle,16PT C2S,Spot UV,Silk,Spot UV Front,4/1,2500,Score in Half,Moon Slits Right Panel,Yes 2500 Envelopes A2
Majestic,Silk,4.25 x 11,Horizontal,Rectangle,16PT C2S,Spot UV,Silk,Spot UV Back,4/1,2500,Score in Half,Moon Slits Right Panel,Yes 2500 Envelopes A2
Majestic,Silk,5.5 x 8.5,Horizontal,Rectangle,16PT C2S,Spot UV,Silk,Spot UV Back,4/1,2500,Score in Half,Moon Slits Right Panel,Yes 2500 Envelopes A2
Majestic,Silk,4.25 x 11,Vertical,Rectangle,16PT C2S,Spot UV,Silk,Spot UV Front,4/1,2500,Score in Half,Moon Slits Right Panel,Yes 2500 Envelopes A2
Majestic,Silk,4.25 x 11,Vertical,Rectangle,16PT C2S,Spot UV,Silk,Spot UV Back,4/1,2500,Score in Half,Moon Slits Right Panel,Yes 2500 Envelopes A2
Majestic,Silk,5.5 x 8.5,Vertical,Rectangle,16PT C2S,Spot UV,Silk,Spot UV Back,4/1,2500,Score in Half,Moon Slits Right Panel,Yes 2500 Envelopes A2
Majestic,Silk,5.5 x 8.5,Horizontal,Rectangle,16PT C2S,Spot UV,Silk,Spot UV Both Sides,4/4 (4 color both sides),2500,Score in Half,Moon Slits Bottom Panel,Yes 2500 Envelopes A2
Majestic,Silk,4.25 x 11,Vertical,Rectangle,16PT C2S,Spot UV,Silk,Spot UV Both Sides,4/1,2500,Score in Half,Moon Slits Right Panel,Yes 2500 Envelopes A2
Majestic,Silk,5.5 x 8.5,Horizontal,Rectangle,16PT C2S,Spot UV,Silk,Spot UV Both Sides,4/1,2500,Score in Half,Moon Slits Right Panel,Yes 2500 Envelopes A2
Majestic,Silk,5.5 x 8.5,Vertical,Rectangle,16PT C2S,Spot UV,Silk,Spot UV Both Sides,4/1,2500,Score in Half,Moon Slits Right Panel,Yes 2500 Envelopes A2
Majestic,Silk,4.25 x 11,Horizontal,Rectangle,16PT C2S,Spot UV,Silk,Spot UV Front,4/4 (4 color both sides),2500,Score in Half,Moon Slits Right Panel,Yes 2500 Envelopes A2
Majestic,Silk,5.5 x 8.5,Horizontal,Rectangle,16PT C2S,Spot UV,Silk,Spot UV Front,4/4 (4 color both sides),2500,Score in Half,Moon Slits Right Panel,Yes 2500 Envelopes A2
Majestic,Silk,5.5 x 8.5,Vertical,Rectangle,16PT C2S,Spot UV,Silk,Spot UV Front,4/4 (4 color both sides),2500,Score in Half,Moon Slits Right Panel,Yes 2500 Envelopes A2
Majestic,Silk,4.25 x 11,Horizontal,Rectangle,16PT C2S,Spot UV,Silk,Spot UV Back,4/4 (4 color both sides),2500,Score in Half,Moon Slits Right Panel,Yes 2500 Envelopes A2
Majestic,Silk,4.25 x 11,Vertical,Rectangle,16PT C2S,Spot UV,Silk,Spot UV Front,4/4 (4 color both sides),2500,Score in Half,Moon Slits Right Panel,Yes 2500 Envelopes A2
Majestic,Silk,5.5 x 8.5,Horizontal,Rectangle,16PT C2S,Spot UV,Silk,Spot UV Back,4/4 (4 color both sides),2500,Score in Half,Moon Slits Right Panel,Yes 2500 Envelopes A2
Majestic,Silk,4.25 x 11,Vertical,Rectangle,16PT C2S,Spot UV,Silk,Spot UV Back,4/4 (4 color both sides),2500,Score in Half,Moon Slits Right Panel,Yes 2500 Envelopes A2
Majestic,Silk,5.5 x 8.5,Vertical,Rectangle,16PT C2S,Spot UV,Silk,Spot UV Back,4/4 (4 color both sides),2500,Score in Half,Moon Slits Right Panel,Yes 2500 Envelopes A2
Majestic,Silk,5.5 x 8.5,Horizontal,Rectangle,16PT C2S,Spot UV,Silk,Spot UV Both Sides,4/4 (4 color both sides),2500,Score in Half,Moon Slits Right Panel,Yes 2500 Envelopes A2
Majestic,Silk,4.25 x 11,Horizontal,Rectangle,16PT C2S,Spot UV,Silk,Spot UV Both Sides,4/4 (4 color both sides),2500,Score in Half,Moon Slits Right Panel,Yes 2500 Envelopes A2
Majestic,Silk,4.25 x 11,Vertical,Rectangle,16PT C2S,Spot UV,Silk,Spot UV Both Sides,4/4 (4 color both sides),2500,Score in Half,Moon Slits Right Panel,Yes 2500 Envelopes A2
Majestic,Silk,5.5 x 8.5,Vertical,Rectangle,16PT C2S,Spot UV,Silk,Spot UV Both Sides,4/4 (4 color both sides),2500,Score in Half,Moon Slits Right Panel,Yes 2500 Envelopes A2
Majestic,Silk,4.25 x 11,Horizontal,Rectangle,16PT C2S,Spot UV,Silk,Spot UV Front,4/1,5000,Score in Half,Moon Slits Right Panel,Yes 2500 Envelopes A2
Majestic,Silk,4.25 x 11,Vertical,Rectangle,16PT C2S,Spot UV,Silk,Spot UV Front,4/1,5000,Score in Half,Moon Slits Right Panel,Yes 2500 Envelopes A2
Majestic,Silk,5.5 x 8.5,Vertical,Rectangle,16PT C2S,Spot UV,Silk,Spot UV Front,4/1,5000,Score in Half,Moon Slits Right Panel,Yes 2500 Envelopes A2
Majestic,Silk,4.25 x 11,Horizontal,Rectangle,16PT C2S,Spot UV,Silk,Spot UV Back,4/1,5000,Score in Half,Moon Slits Right Panel,Yes 2500 Envelopes A2
Majestic,Silk,5.5 x 8.5,Horizontal,Rectangle,16PT C2S,Spot UV,Silk,Spot UV Front,4/1,5000,Score in Half,Moon Slits Right Panel,Yes 2500 Envelopes A2
Majestic,Silk,5.5 x 8.5,Horizontal,Rectangle,16PT C2S,Spot UV,Silk,Spot UV Back,4/1,5000,Score in Half,Moon Slits Right Panel,Yes 2500 Envelopes A2
Majestic,Silk,4.25 x 11,Vertical,Rectangle,16PT C2S,Spot UV,Silk,Spot UV Back,4/1,5000,Score in Half,Moon Slits Right Panel,Yes 2500 Envelopes A2
Majestic,Silk,5.5 x 8.5,Vertical,Rectangle,16PT C2S,Spot UV,Silk,Spot UV Back,4/1,5000,Score in Half,Moon Slits Right Panel,Yes 2500 Envelopes A2
Majestic,Silk,4.25 x 11,Horizontal,Rectangle,16PT C2S,Spot UV,Silk,Spot UV Both Sides,4/1,5000,Score in Half,Moon Slits Right Panel,Yes 2500 Envelopes A2
Majestic,Silk,5.5 x 8.5,Horizontal,Rectangle,16PT C2S,Spot UV,Silk,Spot UV Both Sides,4/1,5000,Score in Half,Moon Slits Right Panel,Yes 2500 Envelopes A2
Majestic,Silk,4.25 x 11,Vertical,Rectangle,16PT C2S,Spot UV,Silk,Spot UV Both Sides,4/1,5000,Score in Half,Moon Slits Right Panel,Yes 2500 Envelopes A2
Majestic,Silk,5.5 x 8.5,Vertical,Rectangle,16PT C2S,Spot UV,Silk,Spot UV Both Sides,4/1,5000,Score in Half,Moon Slits Right Panel,Yes 2500 Envelopes A2
Majestic,Silk,4.25 x 11,Horizontal,Rectangle,16PT C2S,Spot UV,Silk,Spot UV Front,4/4 (4 color both sides),5000,Score in Half,Moon Slits Right Panel,Yes 2500 Envelopes A2
Majestic,Silk,5.5 x 8.5,Horizontal,Rectangle,16PT C2S,Spot UV,Silk,Spot UV Front,4/4 (4 color both sides),5000,Score in Half,Moon Slits Right Panel,Yes 2500 Envelopes A2
Majestic,Silk,4.25 x 11,Vertical,Rectangle,16PT C2S,Spot UV,Silk,Spot UV Front,4/4 (4 color both sides),5000,Score in Half,Moon Slits Right Panel,Yes 2500 Envelopes A2
Majestic,Silk,4.25 x 11,Horizontal,Rectangle,16PT C2S,Spot UV,Silk,Spot UV Back,4/4 (4 color both sides),5000,Score in Half,Moon Slits Right Panel,Yes 2500 Envelopes A2
Majestic,Silk,5.5 x 8.5,Horizontal,Rectangle,16PT C2S,Spot UV,Silk,Spot UV Back,4/4 (4 color both sides),5000,Score in Half,Moon Slits Right Panel,Yes 2500 Envelopes A2
Majestic,Silk,5.5 x 8.5,Vertical,Rectangle,16PT C2S,Spot UV,Silk,Spot UV Front,4/4 (4 color both sides),5000,Score in Half,Moon Slits Right Panel,Yes 2500 Envelopes A2
Majestic,Silk,5.5 x 8.5,Vertical,Rectangle,16PT C2S,Spot UV,Silk,Spot UV Back,4/4 (4 color both sides),5000,Score in Half,Moon Slits Right Panel,Yes 2500 Envelopes A2
Majestic,Silk,4.25 x 11,Vertical,Rectangle,16PT C2S,Spot UV,Silk,Spot UV Back,4/4 (4 color both sides),5000,Score in Half,Moon Slits Right Panel,Yes 2500 Envelopes A2
Majestic,Silk,5.5 x 8.5,Horizontal,Rectangle,16PT C2S,Spot UV,Silk,Spot UV Both Sides,4/4 (4 color both sides),5000,Score in Half,Moon Slits Right Panel,Yes 2500 Envelopes A2
Majestic,Silk,4.25 x 11,Horizontal,Rectangle,16PT C2S,Spot UV,Silk,Spot UV Both Sides,4/4 (4 color both sides),5000,Score in Half,Moon Slits Right Panel,Yes 2500 Envelopes A2
Majestic,Silk,5.5 x 8.5,Vertical,Rectangle,16PT C2S,Spot UV,Silk,Spot UV Both Sides,4/4 (4 color both sides),5000,Score in Half,Moon Slits Bottom Panel,Yes 2500 Envelopes A2
Majestic,Silk,5.5 x 8.5,Vertical,Rectangle,16PT C2S,Spot UV,Silk,Spot UV Both Sides,4/4 (4 color both sides),5000,Score in Half,Moon Slits Right Panel,Yes 2500 Envelopes A2
Majestic,Silk,4.25 x 11,Horizontal,Rectangle,16PT C2S,Spot UV,Silk,Spot UV Front,4/1,10000,Score in Half,Moon Slits Right Panel,Yes 2500 Envelopes A2
Majestic,Silk,5.5 x 8.5,Horizontal,Rectangle,16PT C2S,Spot UV,Silk,Spot UV Front,4/1,10000,Score in Half,Moon Slits Right Panel,Yes 2500 Envelopes A2
Majestic,Silk,5.5 x 8.5,Vertical,Rectangle,16PT C2S,Spot UV,Silk,Spot UV Front,4/1,10000,Score in Half,Moon Slits Right Panel,Yes 2500 Envelopes A2
Majestic,Silk,4.25 x 11,Vertical,Rectangle,16PT C2S,Spot UV,Silk,Spot UV Front,4/1,10000,Score in Half,Moon Slits Right Panel,Yes 2500 Envelopes A2
Majestic,Silk,4.25 x 11,Horizontal,Rectangle,16PT C2S,Spot UV,Silk,Spot UV Back,4/1,10000,Score in Half,Moon Slits Right Panel,Yes 2500 Envelopes A2
Majestic,Silk,5.5 x 8.5,Horizontal,Rectangle,16PT C2S,Spot UV,Silk,Spot UV Back,4/1,10000,Score in Half,Moon Slits Right Panel,Yes 2500 Envelopes A2
Majestic,Silk,4.25 x 11,Vertical,Rectangle,16PT C2S,Spot UV,Silk,Spot UV Back,4/1,10000,Score in Half,Moon Slits Right Panel,Yes 2500 Envelopes A2
Majestic,Silk,5.5 x 8.5,Vertical,Rectangle,16PT C2S,Spot UV,Silk,Spot UV Back,4/1,10000,Score in Half,Moon Slits Right Panel,Yes 2500 Envelopes A2
Majestic,Silk,4.25 x 11,Horizontal,Rectangle,16PT C2S,Spot UV,Silk,Spot UV Both Sides,4/1,10000,Score in Half,Moon Slits Right Panel,Yes 2500 Envelopes A2
Majestic,Silk,5.5 x 8.5,Horizontal,Rectangle,16PT C2S,Spot UV,Silk,Spot UV Both Sides,4/1,10000,Score in Half,Moon Slits Right Panel,Yes 2500 Envelopes A2
Majestic,Silk,4.25 x 11,Vertical,Rectangle,16PT C2S,Spot UV,Silk,Spot UV Both Sides,4/1,10000,Score in Half,Moon Slits Right Panel,Yes 2500 Envelopes A2
Majestic,Silk,5.5 x 8.5,Vertical,Rectangle,16PT C2S,Spot UV,Silk,Spot UV Both Sides,4/1,10000,Score in Half,Moon Slits Right Panel,Yes 2500 Envelopes A2
Majestic,Silk,4.25 x 11,Vertical,Rectangle,16PT C2S,Spot UV,Silk,Spot UV Front,4/4 (4 color both sides),10000,Score in Half,Moon Slits Right Panel,Yes 2500 Envelopes A2
Majestic,Silk,5.5 x 8.5,Vertical,Rectangle,16PT C2S,Spot UV,Silk,Spot UV Front,4/4 (4 color both sides),10000,Score in Half,Moon Slits Right Panel,Yes 2500 Envelopes A2
Majestic,Silk,4.25 x 11,Horizontal,Rectangle,16PT C2S,Spot UV,Silk,Spot UV Back,4/4 (4 color both sides),10000,Score in Half,Moon Slits Right Panel,Yes 2500 Envelopes A2
Majestic,Silk,5.5 x 8.5,Horizontal,Rectangle,16PT C2S,Spot UV,Silk,Spot UV Back,4/4 (4 color both sides),10000,Score in Half,Moon Slits Right Panel,Yes 2500 Envelopes A2
Majestic,Silk,4.25 x 11,Horizontal,Rectangle,16PT C2S,Spot UV,Silk,Spot UV Front,4/4 (4 color both sides),10000,Score in Half,Moon Slits Right Panel,Yes 2500 Envelopes A2
Majestic,Silk,5.5 x 8.5,Horizontal,Rectangle,16PT C2S,Spot UV,Silk,Spot UV Front,4/4 (4 color both sides),10000,Score in Half,Moon Slits Right Panel,Yes 2500 Envelopes A2
Majestic,Silk,4.25 x 11,Vertical,Rectangle,16PT C2S,Spot UV,Silk,Spot UV Back,4/4 (4 color both sides),10000,Score in Half,Moon Slits Right Panel,Yes 2500 Envelopes A2
Majestic,Silk,5.5 x 8.5,Vertical,Rectangle,16PT C2S,Spot UV,Silk,Spot UV Back,4/4 (4 color both sides),10000,Score in Half,Moon Slits Right Panel,Yes 2500 Envelopes A2
Majestic,Silk,4.25 x 11,Vertical,Rectangle,16PT C2S,Spot UV,Silk,Spot UV Both Sides,4/4 (4 color both sides),10000,Score in Half,Moon Slits Right Panel,Yes 2500 Envelopes A2
Majestic,Silk,5.5 x 8.5,Vertical,Rectangle,16PT C2S,Spot UV,Silk,Spot UV Both Sides,4/4 (4 color both sides),10000,Score in Half,Moon Slits Right Panel,Yes 2500 Envelopes A2
Majestic,Silk,4.25 x 11,Horizontal,Rectangle,16PT C2S,Spot UV,Silk,Spot UV Both Sides,4/4 (4 color both sides),10000,Score in Half,Moon Slits Right Panel,Yes 2500 Envelopes A2
Majestic,Silk,5.5 x 8.5,Horizontal,Rectangle,16PT C2S,Spot UV,Silk,Spot UV Both Sides,4/4 (4 color both sides),10000,Score in Half,Moon Slits Right Panel,Yes 2500 Envelopes A2
Majestic,Silk,4.25 x 11,Horizontal,Rectangle,16PT C2S,Spot UV,Silk,Spot UV Front,4/1,500,Score in Half,No Gift Cards Slits,Yes 2500 Envelopes A2
Majestic,Silk,5.5 x 8.5,Horizontal,Rectangle,16PT C2S,Spot UV,Silk,Spot UV Front,4/1,500,Score in Half,No Gift Cards Slits,Yes 2500 Envelopes A2
Majestic,Silk,5.5 x 8.5,Vertical,Rectangle,16PT C2S,Spot UV,Silk,Spot UV Front,4/1,500,Score in Half,No Gift Cards Slits,Yes 2500 Envelopes A2
Majestic,Silk,4.25 x 11,Horizontal,Rectangle,16PT C2S,Spot UV,Silk,Spot UV Back,4/1,500,Score in Half,No Gift Cards Slits,Yes 2500 Envelopes A2
Majestic,Silk,4.25 x 11,Vertical,Rectangle,16PT C2S,Spot UV,Silk,Spot UV Back,4/1,500,Score in Half,No Gift Cards Slits,Yes 2500 Envelopes A2
Majestic,Silk,4.25 x 11,Vertical,Rectangle,16PT C2S,Spot UV,Silk,Spot UV Front,4/1,500,Score in Half,No Gift Cards Slits,Yes 2500 Envelopes A2
Majestic,Silk,5.5 x 8.5,Horizontal,Rectangle,16PT C2S,Spot UV,Silk,Spot UV Back,4/1,500,Score in Half,No Gift Cards Slits,Yes 2500 Envelopes A2
Majestic,Silk,5.5 x 8.5,Vertical,Rectangle,16PT C2S,Spot UV,Silk,Spot UV Back,4/1,500,Score in Half,No Gift Cards Slits,Yes 2500 Envelopes A2
Majestic,Silk,4.25 x 11,Horizontal,Rectangle,16PT C2S,Spot UV,Silk,Spot UV Both Sides,4/1,500,Score in Half,No Gift Cards Slits,Yes 2500 Envelopes A2
Majestic,Silk,5.5 x 8.5,Vertical,Rectangle,16PT C2S,Spot UV,Silk,Spot UV Both Sides,4/1,500,Score in Half,No Gift Cards Slits,Yes 2500 Envelopes A2
Majestic,Silk,5.5 x 8.5,Horizontal,Rectangle,16PT C2S,Spot UV,Silk,Spot UV Both Sides,4/1,500,Score in Half,No Gift Cards Slits,Yes 2500 Envelopes A2
Majestic,Silk,4.25 x 11,Vertical,Rectangle,16PT C2S,Spot UV,Silk,Spot UV Both Sides,4/1,500,Score in Half,No Gift Cards Slits,Yes 2500 Envelopes A2
Majestic,Silk,4.25 x 11,Horizontal,Rectangle,16PT C2S,Spot UV,Silk,Spot UV Front,4/4 (4 color both sides),500,Score in Half,No Gift Cards Slits,Yes 2500 Envelopes A2
Majestic,Silk,5.5 x 8.5,Horizontal,Rectangle,16PT C2S,Spot UV,Silk,Spot UV Front,4/4 (4 color both sides),500,Score in Half,No Gift Cards Slits,Yes 2500 Envelopes A2
Majestic,Silk,4.25 x 11,Horizontal,Rectangle,16PT C2S,Spot UV,Silk,Spot UV Back,4/4 (4 color both sides),500,Score in Half,No Gift Cards Slits,Yes 2500 Envelopes A2
Majestic,Silk,5.5 x 8.5,Horizontal,Rectangle,16PT C2S,Spot UV,Silk,Spot UV Back,4/4 (4 color both sides),500,Score in Half,No Gift Cards Slits,Yes 2500 Envelopes A2
Majestic,Silk,5.5 x 8.5,Vertical,Rectangle,16PT C2S,Spot UV,Silk,Spot UV Front,4/4 (4 color both sides),500,Score in Half,No Gift Cards Slits,Yes 2500 Envelopes A2
Majestic,Silk,4.25 x 11,Vertical,Rectangle,16PT C2S,Spot UV,Silk,Spot UV Front,4/4 (4 color both sides),500,Score in Half,No Gift Cards Slits,Yes 2500 Envelopes A2
Majestic,Silk,4.25 x 11,Vertical,Rectangle,16PT C2S,Spot UV,Silk,Spot UV Back,4/4 (4 color both sides),500,Score in Half,No Gift Cards Slits,Yes 2500 Envelopes A2
Majestic,Silk,5.5 x 8.5,Vertical,Rectangle,16PT C2S,Spot UV,Silk,Spot UV Back,4/4 (4 color both sides),500,Score in Half,No Gift Cards Slits,Yes 2500 Envelopes A2
Majestic,Silk,4.25 x 11,Vertical,Rectangle,16PT C2S,Spot UV,Silk,Spot UV Both Sides,4/4 (4 color both sides),500,Score in Half,No Gift Cards Slits,Yes 2500 Envelopes A2
Majestic,Silk,5.5 x 8.5,Vertical,Rectangle,16PT C2S,Spot UV,Silk,Spot UV Both Sides,4/4 (4 color both sides),500,Score in Half,No Gift Cards Slits,Yes 2500 Envelopes A2
Majestic,Silk,5.5 x 8.5,Horizontal,Rectangle,16PT C2S,Spot UV,Silk,Spot UV Both Sides,4/4 (4 color both sides),500,Score in Half,No Gift Cards Slits,Yes 2500 Envelopes A2
Majestic,Silk,4.25 x 11,Horizontal,Rectangle,16PT C2S,Spot UV,Silk,Spot UV Both Sides,4/4 (4 color both sides),500,Score in Half,No Gift Cards Slits,Yes 2500 Envelopes A2
Majestic,Silk,4.25 x 11,Horizontal,Rectangle,16PT C2S,Spot UV,Silk,Spot UV Front,4/1,1000,Score in Half,No Gift Cards Slits,Yes 2500 Envelopes A2
Majestic,Silk,5.5 x 8.5,Horizontal,Rectangle,16PT C2S,Spot UV,Silk,Spot UV Front,4/1,1000,Score in Half,No Gift Cards Slits,Yes 2500 Envelopes A2
Majestic,Silk,4.25 x 11,Horizontal,Rectangle,16PT C2S,Spot UV,Silk,Spot UV Back,4/1,1000,Score in Half,No Gift Cards Slits,Yes 2500 Envelopes A2
Majestic,Silk,5.5 x 8.5,Horizontal,Rectangle,16PT C2S,Spot UV,Silk,Spot UV Back,4/1,1000,Score in Half,No Gift Cards Slits,Yes 2500 Envelopes A2
Majestic,Silk,5.5 x 8.5,Vertical,Rectangle,16PT C2S,Spot UV,Silk,Spot UV Front,4/1,1000,Score in Half,No Gift Cards Slits,Yes 2500 Envelopes A2
Majestic,Silk,4.25 x 11,Vertical,Rectangle,16PT C2S,Spot UV,Silk,Spot UV Front,4/1,1000,Score in Half,No Gift Cards Slits,Yes 2500 Envelopes A2
Majestic,Silk,4.25 x 11,Vertical,Rectangle,16PT C2S,Spot UV,Silk,Spot UV Back,4/1,1000,Score in Half,No Gift Cards Slits,Yes 2500 Envelopes A2
Majestic,Silk,5.5 x 8.5,Vertical,Rectangle,16PT C2S,Spot UV,Silk,Spot UV Back,4/1,1000,Score in Half,No Gift Cards Slits,Yes 2500 Envelopes A2
Majestic,Silk,4.25 x 11,Vertical,Rectangle,16PT C2S,Spot UV,Silk,Spot UV Both Sides,4/1,1000,Score in Half,No Gift Cards Slits,Yes 2500 Envelopes A2
Majestic,Silk,5.5 x 8.5,Vertical,Rectangle,16PT C2S,Spot UV,Silk,Spot UV Both Sides,4/1,1000,Score in Half,No Gift Cards Slits,Yes 2500 Envelopes A2
Majestic,Silk,4.25 x 11,Horizontal,Rectangle,16PT C2S,Spot UV,Silk,Spot UV Both Sides,4/1,1000,Score in Half,No Gift Cards Slits,Yes 2500 Envelopes A2
Majestic,Silk,5.5 x 8.5,Horizontal,Rectangle,16PT C2S,Spot UV,Silk,Spot UV Both Sides,4/1,1000,Score in Half,No Gift Cards Slits,Yes 2500 Envelopes A2
Majestic,Silk,4.25 x 11,Horizontal,Rectangle,16PT C2S,Spot UV,Silk,Spot UV Front,4/4 (4 color both sides),1000,Score in Half,No Gift Cards Slits,Yes 2500 Envelopes A2
Majestic,Silk,5.5 x 8.5,Horizontal,Rectangle,16PT C2S,Spot UV,Silk,Spot UV Front,4/4 (4 color both sides),1000,Score in Half,No Gift Cards Slits,Yes 2500 Envelopes A2
Majestic,Silk,4.25 x 11,Vertical,Rectangle,16PT C2S,Spot UV,Silk,Spot UV Front,4/4 (4 color both sides),1000,Score in Half,No Gift Cards Slits,Yes 2500 Envelopes A2
Majestic,Silk,5.5 x 8.5,Horizontal,Rectangle,16PT C2S,Spot UV,Silk,Spot UV Back,4/4 (4 color both sides),1000,Score in Half,No Gift Cards Slits,Yes 2500 Envelopes A2
Majestic,Silk,5.5 x 8.5,Vertical,Rectangle,16PT C2S,Spot UV,Silk,Spot UV Front,4/4 (4 color both sides),1000,Score in Half,No Gift Cards Slits,Yes 2500 Envelopes A2
Majestic,Silk,4.25 x 11,Vertical,Rectangle,16PT C2S,Spot UV,Silk,Spot UV Back,4/4 (4 color both sides),1000,Score in Half,No Gift Cards Slits,Yes 2500 Envelopes A2
Majestic,Silk,4.25 x 11,Horizontal,Rectangle,16PT C2S,Spot UV,Silk,Spot UV Back,4/4 (4 color both sides),1000,Score in Half,No Gift Cards Slits,Yes 2500 Envelopes A2
Majestic,Silk,5.5 x 8.5,Vertical,Rectangle,16PT C2S,Spot UV,Silk,Spot UV Back,4/4 (4 color both sides),1000,Score in Half,No Gift Cards Slits,Yes 2500 Envelopes A2
Majestic,Silk,5.5 x 8.5,Horizontal,Rectangle,16PT C2S,Spot UV,Silk,Spot UV Both Sides,4/4 (4 color both sides),1000,Score in Half,No Gift Cards Slits,Yes 2500 Envelopes A2
Majestic,Silk,4.25 x 11,Horizontal,Rectangle,16PT C2S,Spot UV,Silk,Spot UV Both Sides,4/4 (4 color both sides),1000,Score in Half,No Gift Cards Slits,Yes 2500 Envelopes A2
Majestic,Silk,4.25 x 11,Vertical,Rectangle,16PT C2S,Spot UV,Silk,Spot UV Both Sides,4/4 (4 color both sides),1000,Score in Half,No Gift Cards Slits,Yes 2500 Envelopes A2
Majestic,Silk,5.5 x 8.5,Vertical,Rectangle,16PT C2S,Spot UV,Silk,Spot UV Both Sides,4/4 (4 color both sides),1000,Score in Half,No Gift Cards Slits,Yes 2500 Envelopes A2
Majestic,Silk,4.25 x 11,Horizontal,Rectangle,16PT C2S,Spot UV,Silk,Spot UV Both Sides,4/1,2500,Score in Half,Moon Slits Right Panel,Yes 2500 Envelopes A2
Majestic,Silk,4.25 x 11,Horizontal,Rectangle,16PT C2S,Spot UV,Silk,Spot UV Front,4/1,2500,Score in Half,No Gift Cards Slits,Yes 2500 Envelopes A2
Majestic,Silk,5.5 x 8.5,Horizontal,Rectangle,16PT C2S,Spot UV,Silk,Spot UV Front,4/1,2500,Score in Half,No Gift Cards Slits,Yes 2500 Envelopes A2
Majestic,Silk,5.5 x 8.5,Vertical,Rectangle,16PT C2S,Spot UV,Silk,Spot UV Front,4/1,2500,Score in Half,No Gift Cards Slits,Yes 2500 Envelopes A2
Majestic,Silk,4.25 x 11,Horizontal,Rectangle,16PT C2S,Spot UV,Silk,Spot UV Back,4/1,2500,Score in Half,No Gift Cards Slits,Yes 2500 Envelopes A2
Majestic,Silk,5.5 x 8.5,Horizontal,Rectangle,16PT C2S,Spot UV,Silk,Spot UV Back,4/1,2500,Score in Half,No Gift Cards Slits,Yes 2500 Envelopes A2
Majestic,Silk,4.25 x 11,Vertical,Rectangle,16PT C2S,Spot UV,Silk,Spot UV Back,4/1,2500,Score in Half,No Gift Cards Slits,Yes 2500 Envelopes A2
Majestic,Silk,5.5 x 8.5,Vertical,Rectangle,16PT C2S,Spot UV,Silk,Spot UV Back,4/1,2500,Score in Half,No Gift Cards Slits,Yes 2500 Envelopes A2
Majestic,Silk,5.5 x 8.5,Horizontal,Rectangle,16PT C2S,Spot UV,Silk,Spot UV Both Sides,4/1,2500,Score in Half,No Gift Cards Slits,Yes 2500 Envelopes A2
Majestic,Silk,4.25 x 11,Horizontal,Rectangle,16PT C2S,Spot UV,Silk,Spot UV Both Sides,4/1,2500,Score in Half,No Gift Cards Slits,Yes 2500 Envelopes A2
Majestic,Silk,4.25 x 11,Vertical,Rectangle,16PT C2S,Spot UV,Silk,Spot UV Both Sides,4/1,2500,Score in Half,No Gift Cards Slits,Yes 2500 Envelopes A2
Majestic,Silk,5.5 x 8.5,Vertical,Rectangle,16PT C2S,Spot UV,Silk,Spot UV Both Sides,4/1,2500,Score in Half,No Gift Cards Slits,Yes 2500 Envelopes A2
Majestic,Silk,4.25 x 11,Horizontal,Rectangle,16PT C2S,Spot UV,Silk,Spot UV Front,4/4 (4 color both sides),2500,Score in Half,No Gift Cards Slits,Yes 2500 Envelopes A2
Majestic,Silk,5.5 x 8.5,Horizontal,Rectangle,16PT C2S,Spot UV,Silk,Spot UV Front,4/4 (4 color both sides),2500,Score in Half,No Gift Cards Slits,Yes 2500 Envelopes A2
Majestic,Silk,4.25 x 11,Vertical,Rectangle,16PT C2S,Spot UV,Silk,Spot UV Front,4/1,2500,Score in Half,No Gift Cards Slits,Yes 2500 Envelopes A2
Majestic,Silk,5.5 x 8.5,Vertical,Rectangle,16PT C2S,Spot UV,Silk,Spot UV Front,4/4 (4 color both sides),2500,Score in Half,No Gift Cards Slits,Yes 2500 Envelopes A2
Majestic,Silk,4.25 x 11,Horizontal,Rectangle,16PT C2S,Spot UV,Silk,Spot UV Back,4/4 (4 color both sides),2500,Score in Half,No Gift Cards Slits,Yes 2500 Envelopes A2
Majestic,Silk,5.5 x 8.5,Horizontal,Rectangle,16PT C2S,Spot UV,Silk,Spot UV Back,4/4 (4 color both sides),2500,Score in Half,No Gift Cards Slits,Yes 2500 Envelopes A2
Majestic,Silk,4.25 x 11,Vertical,Rectangle,16PT C2S,Spot UV,Silk,Spot UV Back,4/4 (4 color both sides),2500,Score in Half,No Gift Cards Slits,Yes 2500 Envelopes A2
Majestic,Silk,5.5 x 8.5,Vertical,Rectangle,16PT C2S,Spot UV,Silk,Spot UV Back,4/4 (4 color both sides),2500,Score in Half,No Gift Cards Slits,Yes 2500 Envelopes A2
Majestic,Silk,4.25 x 11,Horizontal,Rectangle,16PT C2S,Spot UV,Silk,Spot UV Both Sides,4/4 (4 color both sides),2500,Score in Half,No Gift Cards Slits,Yes 2500 Envelopes A2
Majestic,Silk,5.5 x 8.5,Horizontal,Rectangle,16PT C2S,Spot UV,Silk,Spot UV Both Sides,4/4 (4 color both sides),2500,Score in Half,No Gift Cards Slits,Yes 2500 Envelopes A2
Majestic,Silk,4.25 x 11,Vertical,Rectangle,16PT C2S,Spot UV,Silk,Spot UV Both Sides,4/4 (4 color both sides),2500,Score in Half,No Gift Cards Slits,Yes 2500 Envelopes A2
Majestic,Silk,5.5 x 8.5,Vertical,Rectangle,16PT C2S,Spot UV,Silk,Spot UV Both Sides,4/4 (4 color both sides),2500,Score in Half,No Gift Cards Slits,Yes 2500 Envelopes A2
Majestic,Silk,4.25 x 11,Horizontal,Rectangle,16PT C2S,Spot UV,Silk,Spot UV Front,4/1,5000,Score in Half,No Gift Cards Slits,Yes 2500 Envelopes A2
Majestic,Silk,5.5 x 8.5,Horizontal,Rectangle,16PT C2S,Spot UV,Silk,Spot UV Front,4/1,5000,Score in Half,No Gift Cards Slits,Yes 2500 Envelopes A2
Majestic,Silk,4.25 x 11,Vertical,Rectangle,16PT C2S,Spot UV,Silk,Spot UV Front,4/1,5000,Score in Half,No Gift Cards Slits,Yes 2500 Envelopes A2
Majestic,Silk,5.5 x 8.5,Vertical,Rectangle,16PT C2S,Spot UV,Silk,Spot UV Front,4/1,5000,Score in Half,No Gift Cards Slits,Yes 2500 Envelopes A2
Majestic,Silk,4.25 x 11,Horizontal,Rectangle,16PT C2S,Spot UV,Silk,Spot UV Back,4/1,5000,Score in Half,No Gift Cards Slits,Yes 2500 Envelopes A2
Majestic,Silk,5.5 x 8.5,Horizontal,Rectangle,16PT C2S,Spot UV,Silk,Spot UV Back,4/1,5000,Score in Half,No Gift Cards Slits,Yes 2500 Envelopes A2
Majestic,Silk,4.25 x 11,Vertical,Rectangle,16PT C2S,Spot UV,Silk,Spot UV Back,4/1,5000,Score in Half,No Gift Cards Slits,Yes 2500 Envelopes A2
Majestic,Silk,5.5 x 8.5,Horizontal,Rectangle,16PT C2S,Spot UV,Silk,Spot UV Both Sides,4/1,5000,Score in Half,No Gift Cards Slits,Yes 2500 Envelopes A2
Majestic,Silk,5.5 x 8.5,Vertical,Rectangle,16PT C2S,Spot UV,Silk,Spot UV Back,4/1,5000,Score in Half,No Gift Cards Slits,Yes 2500 Envelopes A2
Majestic,Silk,4.25 x 11,Vertical,Rectangle,16PT C2S,Spot UV,Silk,Spot UV Both Sides,4/1,5000,Score in Half,No Gift Cards Slits,Yes 2500 Envelopes A2
Majestic,Silk,4.25 x 11,Horizontal,Rectangle,16PT C2S,Spot UV,Silk,Spot UV Both Sides,4/1,5000,Score in Half,No Gift Cards Slits,Yes 2500 Envelopes A2
Majestic,Silk,5.5 x 8.5,Vertical,Rectangle,16PT C2S,Spot UV,Silk,Spot UV Both Sides,4/1,5000,Score in Half,No Gift Cards Slits,Yes 2500 Envelopes A2
Majestic,Silk,5.5 x 8.5,Horizontal,Rectangle,16PT C2S,Spot UV,Silk,Spot UV Front,4/4 (4 color both sides),5000,Score in Half,No Gift Cards Slits,Yes 2500 Envelopes A2
Majestic,Silk,4.25 x 11,Horizontal,Rectangle,16PT C2S,Spot UV,Silk,Spot UV Front,4/4 (4 color both sides),5000,Score in Half,No Gift Cards Slits,Yes 2500 Envelopes A2
Majestic,Silk,5.5 x 8.5,Vertical,Rectangle,16PT C2S,Spot UV,Silk,Spot UV Front,4/4 (4 color both sides),5000,Score in Half,No Gift Cards Slits,Yes 2500 Envelopes A2
Majestic,Silk,4.25 x 11,Horizontal,Rectangle,16PT C2S,Spot UV,Silk,Spot UV Back,4/4 (4 color both sides),5000,Score in Half,No Gift Cards Slits,Yes 2500 Envelopes A2
Majestic,Silk,4.25 x 11,Vertical,Rectangle,16PT C2S,Spot UV,Silk,Spot UV Front,4/4 (4 color both sides),5000,Score in Half,No Gift Cards Slits,Yes 2500 Envelopes A2
Majestic,Silk,4.25 x 11,Vertical,Rectangle,16PT C2S,Spot UV,Silk,Spot UV Back,4/4 (4 color both sides),5000,Score in Half,No Gift Cards Slits,Yes 2500 Envelopes A2
Majestic,Silk,5.5 x 8.5,Vertical,Rectangle,16PT C2S,Spot UV,Silk,Spot UV Back,4/4 (4 color both sides),5000,Score in Half,No Gift Cards Slits,Yes 2500 Envelopes A2
Majestic,Silk,5.5 x 8.5,Horizontal,Rectangle,16PT C2S,Spot UV,Silk,Spot UV Back,4/4 (4 color both sides),5000,Score in Half,No Gift Cards Slits,Yes 2500 Envelopes A2
Majestic,Silk,4.25 x 11,Horizontal,Rectangle,16PT C2S,Spot UV,Silk,Spot UV Both Sides,4/4 (4 color both sides),5000,Score in Half,No Gift Cards Slits,Yes 2500 Envelopes A2
Majestic,Silk,4.25 x 11,Vertical,Rectangle,16PT C2S,Spot UV,Silk,Spot UV Both Sides,4/4 (4 color both sides),5000,Score in Half,No Gift Cards Slits,Yes 2500 Envelopes A2
Majestic,Silk,5.5 x 8.5,Horizontal,Rectangle,16PT C2S,Spot UV,Silk,Spot UV Both Sides,4/4 (4 color both sides),5000,Score in Half,No Gift Cards Slits,Yes 2500 Envelopes A2
Majestic,Silk,5.5 x 8.5,Vertical,Rectangle,16PT C2S,Spot UV,Silk,Spot UV Both Sides,4/4 (4 color both sides),5000,Score in Half,No Gift Cards Slits,Yes 2500 Envelopes A2
Majestic,Silk,5.5 x 8.5,Horizontal,Rectangle,16PT C2S,Spot UV,Silk,Spot UV Front,4/1,10000,Score in Half,No Gift Cards Slits,Yes 2500 Envelopes A2
Majestic,Silk,4.25 x 11,Vertical,Rectangle,16PT C2S,Spot UV,Silk,Spot UV Front,4/1,10000,Score in Half,No Gift Cards Slits,Yes 2500 Envelopes A2
Majestic,Silk,4.25 x 11,Horizontal,Rectangle,16PT C2S,Spot UV,Silk,Spot UV Back,4/1,10000,Score in Half,No Gift Cards Slits,Yes 2500 Envelopes A2
Majestic,Silk,5.5 x 8.5,Vertical,Rectangle,16PT C2S,Spot UV,Silk,Spot UV Front,4/1,10000,Score in Half,No Gift Cards Slits,Yes 2500 Envelopes A2
Majestic,Silk,4.25 x 11,Vertical,Rectangle,16PT C2S,Spot UV,Silk,Spot UV Back,4/1,10000,Score in Half,No Gift Cards Slits,Yes 2500 Envelopes A2
Majestic,Silk,5.5 x 8.5,Horizontal,Rectangle,16PT C2S,Spot UV,Silk,Spot UV Back,4/1,10000,Score in Half,No Gift Cards Slits,Yes 2500 Envelopes A2
Majestic,Silk,5.5 x 8.5,Vertical,Rectangle,16PT C2S,Spot UV,Silk,Spot UV Back,4/1,10000,Score in Half,No Gift Cards Slits,Yes 2500 Envelopes A2
Majestic,Silk,4.25 x 11,Horizontal,Rectangle,16PT C2S,Spot UV,Silk,Spot UV Both Sides,4/1,10000,Score in Half,No Gift Cards Slits,Yes 2500 Envelopes A2
Majestic,Silk,4.25 x 11,Vertical,Rectangle,16PT C2S,Spot UV,Silk,Spot UV Both Sides,4/1,10000,Score in Half,No Gift Cards Slits,Yes 2500 Envelopes A2
Majestic,Silk,5.5 x 8.5,Horizontal,Rectangle,16PT C2S,Spot UV,Silk,Spot UV Both Sides,4/1,10000,Score in Half,No Gift Cards Slits,Yes 2500 Envelopes A2
Majestic,Silk,5.5 x 8.5,Vertical,Rectangle,16PT C2S,Spot UV,Silk,Spot UV Both Sides,4/1,10000,Score in Half,No Gift Cards Slits,Yes 2500 Envelopes A2
Majestic,Silk,4.25 x 11,Horizontal,Rectangle,16PT C2S,Spot UV,Silk,Spot UV Front,4/4 (4 color both sides),10000,Score in Half,No Gift Cards Slits,Yes 2500 Envelopes A2
Majestic,Silk,4.25 x 11,Vertical,Rectangle,16PT C2S,Spot UV,Silk,Spot UV Front,4/4 (4 color both sides),10000,Score in Half,No Gift Cards Slits,Yes 2500 Envelopes A2
Majestic,Silk,5.5 x 8.5,Horizontal,Rectangle,16PT C2S,Spot UV,Silk,Spot UV Front,4/4 (4 color both sides),10000,Score in Half,No Gift Cards Slits,Yes 2500 Envelopes A2
Majestic,Silk,4.25 x 11,Horizontal,Rectangle,16PT C2S,Spot UV,Silk,Spot UV Front,4/1,10000,Score in Half,No Gift Cards Slits,Yes 2500 Envelopes A2
Majestic,Silk,4.25 x 11,Horizontal,Rectangle,16PT C2S,Spot UV,Silk,Spot UV Back,4/4 (4 color both sides),10000,Score in Half,No Gift Cards Slits,Yes 2500 Envelopes A2
Majestic,Silk,5.5 x 8.5,Horizontal,Rectangle,16PT C2S,Spot UV,Silk,Spot UV Back,4/4 (4 color both sides),10000,Score in Half,No Gift Cards Slits,Yes 2500 Envelopes A2
Majestic,Silk,5.5 x 8.5,Vertical,Rectangle,16PT C2S,Spot UV,Silk,Spot UV Back,4/4 (4 color both sides),10000,Score in Half,No Gift Cards Slits,Yes 2500 Envelopes A2
Majestic,Silk,4.25 x 11,Vertical,Rectangle,16PT C2S,Spot UV,Silk,Spot UV Back,4/4 (4 color both sides),10000,Score in Half,No Gift Cards Slits,Yes 2500 Envelopes A2
Majestic,Silk,5.5 x 8.5,Vertical,Rectangle,16PT C2S,Spot UV,Silk,Spot UV Front,4/4 (4 color both sides),10000,Score in Half,No Gift Cards Slits,Yes 2500 Envelopes A2
Majestic,Silk,4.25 x 11,Horizontal,Rectangle,16PT C2S,Spot UV,Silk,Spot UV Both Sides,4/4 (4 color both sides),10000,Score in Half,No Gift Cards Slits,Yes 2500 Envelopes A2
Majestic,Silk,5.5 x 8.5,Horizontal,Rectangle,16PT C2S,Spot UV,Silk,Spot UV Both Sides,4/4 (4 color both sides),10000,Score in Half,No Gift Cards Slits,Yes 2500 Envelopes A2
Majestic,Silk,4.25 x 11,Horizontal,Rectangle,16PT C2S,Spot UV,Silk,Spot UV Front,4/1,500,Score in Half,Slide Slits Bottom Panel,Yes 2500 Envelopes A2
Majestic,Silk,4.25 x 11,Vertical,Rectangle,16PT C2S,Spot UV,Silk,Spot UV Both Sides,4/4 (4 color both sides),10000,Score in Half,No Gift Cards Slits,Yes 2500 Envelopes A2
Majestic,Silk,5.5 x 8.5,Vertical,Rectangle,16PT C2S,Spot UV,Silk,Spot UV Both Sides,4/4 (4 color both sides),10000,Score in Half,No Gift Cards Slits,Yes 2500 Envelopes A2
Majestic,Silk,5.5 x 8.5,Horizontal,Rectangle,16PT C2S,Spot UV,Silk,Spot UV Front,4/1,500,Score in Half,Slide Slits Bottom Panel,Yes 2500 Envelopes A2
Majestic,Silk,4.25 x 11,Vertical,Rectangle,16PT C2S,Spot UV,Silk,Spot UV Front,4/1,500,Score in Half,Slide Slits Bottom Panel,Yes 2500 Envelopes A2
Majestic,Silk,4.25 x 11,Horizontal,Rectangle,16PT C2S,Spot UV,Silk,Spot UV Back,4/1,500,Score in Half,Slide Slits Bottom Panel,Yes 2500 Envelopes A2
Majestic,Silk,5.5 x 8.5,Vertical,Rectangle,16PT C2S,Spot UV,Silk,Spot UV Front,4/1,500,Score in Half,Slide Slits Bottom Panel,Yes 2500 Envelopes A2
Majestic,Silk,5.5 x 8.5,Horizontal,Rectangle,16PT C2S,Spot UV,Silk,Spot UV Back,4/1,500,Score in Half,Slide Slits Bottom Panel,Yes 2500 Envelopes A2
Majestic,Silk,4.25 x 11,Vertical,Rectangle,16PT C2S,Spot UV,Silk,Spot UV Back,4/1,500,Score in Half,Slide Slits Bottom Panel,Yes 2500 Envelopes A2
Majestic,Silk,5.5 x 8.5,Vertical,Rectangle,16PT C2S,Spot UV,Silk,Spot UV Back,4/1,500,Score in Half,Slide Slits Bottom Panel,Yes 2500 Envelopes A2
Majestic,Silk,5.5 x 8.5,Horizontal,Rectangle,16PT C2S,Spot UV,Silk,Spot UV Both Sides,4/1,500,Score in Half,Slide Slits Bottom Panel,Yes 2500 Envelopes A2
Majestic,Silk,4.25 x 11,Vertical,Rectangle,16PT C2S,Spot UV,Silk,Spot UV Both Sides,4/1,500,Score in Half,Slide Slits Bottom Panel,Yes 2500 Envelopes A2
Majestic,Silk,4.25 x 11,Horizontal,Rectangle,16PT C2S,Spot UV,Silk,Spot UV Both Sides,4/1,500,Score in Half,Slide Slits Bottom Panel,Yes 2500 Envelopes A2
Majestic,Silk,5.5 x 8.5,Vertical,Rectangle,16PT C2S,Spot UV,Silk,Spot UV Both Sides,4/1,500,Score in Half,Slide Slits Bottom Panel,Yes 2500 Envelopes A2
Majestic,Silk,5.5 x 8.5,Horizontal,Rectangle,16PT C2S,Spot UV,Silk,Spot UV Front,4/4 (4 color both sides),500,Score in Half,Slide Slits Bottom Panel,Yes 2500 Envelopes A2
Majestic,Silk,4.25 x 11,Horizontal,Rectangle,16PT C2S,Spot UV,Silk,Spot UV Front,4/4 (4 color both sides),500,Score in Half,Slide Slits Bottom Panel,Yes 2500 Envelopes A2
Majestic,Silk,4.25 x 11,Vertical,Rectangle,16PT C2S,Spot UV,Silk,Spot UV Front,4/4 (4 color both sides),500,Score in Half,Slide Slits Bottom Panel,Yes 2500 Envelopes A2
Majestic,Silk,5.5 x 8.5,Vertical,Rectangle,16PT C2S,Spot UV,Silk,Spot UV Front,4/4 (4 color both sides),500,Score in Half,Slide Slits Bottom Panel,Yes 2500 Envelopes A2
Majestic,Silk,4.25 x 11,Horizontal,Rectangle,16PT C2S,Spot UV,Silk,Spot UV Back,4/4 (4 color both sides),500,Score in Half,Slide Slits Bottom Panel,Yes 2500 Envelopes A2
Majestic,Silk,5.5 x 8.5,Horizontal,Rectangle,16PT C2S,Spot UV,Silk,Spot UV Back,4/4 (4 color both sides),500,Score in Half,Slide Slits Bottom Panel,Yes 2500 Envelopes A2
Majestic,Silk,4.25 x 11,Vertical,Rectangle,16PT C2S,Spot UV,Silk,Spot UV Back,4/4 (4 color both sides),500,Score in Half,Slide Slits Bottom Panel,Yes 2500 Envelopes A2
Majestic,Silk,5.5 x 8.5,Vertical,Rectangle,16PT C2S,Spot UV,Silk,Spot UV Back,4/4 (4 color both sides),500,Score in Half,Slide Slits Bottom Panel,Yes 2500 Envelopes A2
Majestic,Silk,4.25 x 11,Horizontal,Rectangle,16PT C2S,Spot UV,Silk,Spot UV Both Sides,4/4 (4 color both sides),500,Score in Half,Slide Slits Bottom Panel,Yes 2500 Envelopes A2
Majestic,Silk,5.5 x 8.5,Horizontal,Rectangle,16PT C2S,Spot UV,Silk,Spot UV Both Sides,4/4 (4 color both sides),500,Score in Half,Slide Slits Bottom Panel,Yes 2500 Envelopes A2
Majestic,Silk,4.25 x 11,Vertical,Rectangle,16PT C2S,Spot UV,Silk,Spot UV Both Sides,4/4 (4 color both sides),500,Score in Half,Slide Slits Bottom Panel,Yes 2500 Envelopes A2
Majestic,Silk,4.25 x 11,Vertical,Rectangle,16PT C2S,Spot UV,Silk,Spot UV Front,4/4 (4 color both sides),2500,Score in Half,No Gift Cards Slits,Yes 2500 Envelopes A2
Majestic,Silk,4.25 x 11,Horizontal,Rectangle,16PT C2S,Spot UV,Silk,Spot UV Front,4/1,1000,Score in Half,Slide Slits Bottom Panel,Yes 2500 Envelopes A2
Majestic,Silk,5.5 x 8.5,Horizontal,Rectangle,16PT C2S,Spot UV,Silk,Spot UV Front,4/1,1000,Score in Half,Slide Slits Bottom Panel,Yes 2500 Envelopes A2
Majestic,Silk,4.25 x 11,Vertical,Rectangle,16PT C2S,Spot UV,Silk,Spot UV Front,4/1,1000,Score in Half,Slide Slits Bottom Panel,Yes 2500 Envelopes A2
Majestic,Silk,5.5 x 8.5,Vertical,Rectangle,16PT C2S,Spot UV,Silk,Spot UV Front,4/1,1000,Score in Half,Slide Slits Bottom Panel,Yes 2500 Envelopes A2
Majestic,Silk,4.25 x 11,Horizontal,Rectangle,16PT C2S,Spot UV,Silk,Spot UV Back,4/1,1000,Score in Half,Slide Slits Bottom Panel,Yes 2500 Envelopes A2
Majestic,Silk,4.25 x 11,Vertical,Rectangle,16PT C2S,Spot UV,Silk,Spot UV Back,4/1,1000,Score in Half,Slide Slits Bottom Panel,Yes 2500 Envelopes A2
Majestic,Silk,5.5 x 8.5,Horizontal,Rectangle,16PT C2S,Spot UV,Silk,Spot UV Back,4/1,1000,Score in Half,Slide Slits Bottom Panel,Yes 2500 Envelopes A2
Majestic,Silk,5.5 x 8.5,Vertical,Rectangle,16PT C2S,Spot UV,Silk,Spot UV Back,4/1,1000,Score in Half,Slide Slits Bottom Panel,Yes 2500 Envelopes A2
Majestic,Silk,4.25 x 11,Horizontal,Rectangle,16PT C2S,Spot UV,Silk,Spot UV Both Sides,4/1,1000,Score in Half,Slide Slits Bottom Panel,Yes 2500 Envelopes A2
Majestic,Silk,5.5 x 8.5,Vertical,Rectangle,16PT C2S,Spot UV,Silk,Spot UV Both Sides,4/1,1000,Score in Half,Slide Slits Bottom Panel,Yes 2500 Envelopes A2
Majestic,Silk,4.25 x 11,Horizontal,Rectangle,16PT C2S,Spot UV,Silk,Spot UV Front,4/4 (4 color both sides),1000,Score in Half,Slide Slits Bottom Panel,Yes 2500 Envelopes A2
Majestic,Silk,4.25 x 11,Vertical,Rectangle,16PT C2S,Spot UV,Silk,Spot UV Both Sides,4/1,1000,Score in Half,Slide Slits Bottom Panel,Yes 2500 Envelopes A2
Majestic,Silk,5.5 x 8.5,Horizontal,Rectangle,16PT C2S,Spot UV,Silk,Spot UV Front,4/4 (4 color both sides),1000,Score in Half,Slide Slits Bottom Panel,Yes 2500 Envelopes A2
Majestic,Silk,4.25 x 11,Vertical,Rectangle,16PT C2S,Spot UV,Silk,Spot UV Front,4/4 (4 color both sides),1000,Score in Half,Slide Slits Bottom Panel,Yes 2500 Envelopes A2
Majestic,Silk,5.5 x 8.5,Vertical,Rectangle,16PT C2S,Spot UV,Silk,Spot UV Front,4/4 (4 color both sides),1000,Score in Half,Slide Slits Bottom Panel,Yes 2500 Envelopes A2
Majestic,Silk,4.25 x 11,Horizontal,Rectangle,16PT C2S,Spot UV,Silk,Spot UV Back,4/4 (4 color both sides),1000,Score in Half,Slide Slits Bottom Panel,Yes 2500 Envelopes A2
Majestic,Silk,5.5 x 8.5,Horizontal,Rectangle,16PT C2S,Spot UV,Silk,Spot UV Back,4/4 (4 color both sides),1000,Score in Half,Slide Slits Bottom Panel,Yes 2500 Envelopes A2
Majestic,Silk,4.25 x 11,Vertical,Rectangle,16PT C2S,Spot UV,Silk,Spot UV Back,4/4 (4 color both sides),1000,Score in Half,Slide Slits Bottom Panel,Yes 2500 Envelopes A2
Majestic,Silk,5.5 x 8.5,Vertical,Rectangle,16PT C2S,Spot UV,Silk,Spot UV Back,4/4 (4 color both sides),1000,Score in Half,Slide Slits Bottom Panel,Yes 2500 Envelopes A2
Majestic,Silk,4.25 x 11,Horizontal,Rectangle,16PT C2S,Spot UV,Silk,Spot UV Both Sides,4/4 (4 color both sides),1000,Score in Half,Slide Slits Bottom Panel,Yes 2500 Envelopes A2
Majestic,Silk,5.5 x 8.5,Horizontal,Rectangle,16PT C2S,Spot UV,Silk,Spot UV Both Sides,4/4 (4 color both sides),1000,Score in Half,Slide Slits Bottom Panel,Yes 2500 Envelopes A2
Majestic,Silk,4.25 x 11,Vertical,Rectangle,16PT C2S,Spot UV,Silk,Spot UV Both Sides,4/4 (4 color both sides),1000,Score in Half,Slide Slits Bottom Panel,Yes 2500 Envelopes A2
Majestic,Silk,5.5 x 8.5,Vertical,Rectangle,16PT C2S,Spot UV,Silk,Spot UV Both Sides,4/4 (4 color both sides),1000,Score in Half,Slide Slits Bottom Panel,Yes 2500 Envelopes A2
Majestic,Silk,5.5 x 8.5,Horizontal,Rectangle,16PT C2S,Spot UV,Silk,Spot UV Both Sides,4/1,1000,Score in Half,Slide Slits Bottom Panel,Yes 2500 Envelopes A2
Majestic,Silk,4.25 x 11,Horizontal,Rectangle,16PT C2S,Spot UV,Silk,Spot UV Front,4/1,2500,Score in Half,Slide Slits Bottom Panel,Yes 2500 Envelopes A2
Majestic,Silk,4.25 x 11,Vertical,Rectangle,16PT C2S,Spot UV,Silk,Spot UV Front,4/1,2500,Score in Half,Slide Slits Bottom Panel,Yes 2500 Envelopes A2
Majestic,Silk,5.5 x 8.5,Horizontal,Rectangle,16PT C2S,Spot UV,Silk,Spot UV Front,4/1,2500,Score in Half,Slide Slits Bottom Panel,Yes 2500 Envelopes A2
Majestic,Silk,4.25 x 11,Horizontal,Rectangle,16PT C2S,Spot UV,Silk,Spot UV Back,4/1,2500,Score in Half,Slide Slits Bottom Panel,Yes 2500 Envelopes A2
Majestic,Silk,5.5 x 8.5,Horizontal,Rectangle,16PT C2S,Spot UV,Silk,Spot UV Back,4/1,2500,Score in Half,Slide Slits Bottom Panel,Yes 2500 Envelopes A2
Majestic,Silk,4.25 x 11,Vertical,Rectangle,16PT C2S,Spot UV,Silk,Spot UV Back,4/1,2500,Score in Half,Slide Slits Bottom Panel,Yes 2500 Envelopes A2
Majestic,Silk,5.5 x 8.5,Vertical,Rectangle,16PT C2S,Spot UV,Silk,Spot UV Front,4/1,2500,Score in Half,Slide Slits Bottom Panel,Yes 2500 Envelopes A2
Majestic,Silk,5.5 x 8.5,Vertical,Rectangle,16PT C2S,Spot UV,Silk,Spot UV Back,4/1,2500,Score in Half,Slide Slits Bottom Panel,Yes 2500 Envelopes A2
Majestic,Silk,4.25 x 11,Horizontal,Rectangle,16PT C2S,Spot UV,Silk,Spot UV Both Sides,4/1,2500,Score in Half,Slide Slits Bottom Panel,Yes 2500 Envelopes A2
Majestic,Silk,5.5 x 8.5,Horizontal,Rectangle,16PT C2S,Spot UV,Silk,Spot UV Both Sides,4/1,2500,Score in Half,Slide Slits Bottom Panel,Yes 2500 Envelopes A2
Majestic,Silk,5.5 x 8.5,Vertical,Rectangle,16PT C2S,Spot UV,Silk,Spot UV Both Sides,4/1,2500,Score in Half,Slide Slits Bottom Panel,Yes 2500 Envelopes A2
Majestic,Silk,4.25 x 11,Vertical,Rectangle,16PT C2S,Spot UV,Silk,Spot UV Both Sides,4/1,2500,Score in Half,Slide Slits Bottom Panel,Yes 2500 Envelopes A2
Majestic,Silk,4.25 x 11,Horizontal,Rectangle,16PT C2S,Spot UV,Silk,Spot UV Front,4/4 (4 color both sides),2500,Score in Half,Slide Slits Bottom Panel,Yes 2500 Envelopes A2
Majestic,Silk,5.5 x 8.5,Horizontal,Rectangle,16PT C2S,Spot UV,Silk,Spot UV Front,4/4 (4 color both sides),2500,Score in Half,Slide Slits Bottom Panel,Yes 2500 Envelopes A2
Majestic,Silk,4.25 x 11,Vertical,Rectangle,16PT C2S,Spot UV,Silk,Spot UV Front,4/4 (4 color both sides),2500,Score in Half,Slide Slits Bottom Panel,Yes 2500 Envelopes A2
Majestic,Silk,4.25 x 11,Horizontal,Rectangle,16PT C2S,Spot UV,Silk,Spot UV Back,4/4 (4 color both sides),2500,Score in Half,Slide Slits Bottom Panel,Yes 2500 Envelopes A2
Majestic,Silk,5.5 x 8.5,Horizontal,Rectangle,16PT C2S,Spot UV,Silk,Spot UV Back,4/4 (4 color both sides),2500,Score in Half,Slide Slits Bottom Panel,Yes 2500 Envelopes A2
Majestic,Silk,5.5 x 8.5,Vertical,Rectangle,16PT C2S,Spot UV,Silk,Spot UV Front,4/4 (4 color both sides),2500,Score in Half,Slide Slits Bottom Panel,Yes 2500 Envelopes A2
Majestic,Silk,4.25 x 11,Vertical,Rectangle,16PT C2S,Spot UV,Silk,Spot UV Back,4/4 (4 color both sides),2500,Score in Half,Slide Slits Bottom Panel,Yes 2500 Envelopes A2
Majestic,Silk,5.5 x 8.5,Vertical,Rectangle,16PT C2S,Spot UV,Silk,Spot UV Back,4/4 (4 color both sides),2500,Score in Half,Slide Slits Bottom Panel,Yes 2500 Envelopes A2
Majestic,Silk,4.25 x 11,Horizontal,Rectangle,16PT C2S,Spot UV,Silk,Spot UV Both Sides,4/4 (4 color both sides),2500,Score in Half,Slide Slits Bottom Panel,Yes 2500 Envelopes A2
Majestic,Silk,4.25 x 11,Vertical,Rectangle,16PT C2S,Spot UV,Silk,Spot UV Both Sides,4/4 (4 color both sides),2500,Score in Half,Slide Slits Bottom Panel,Yes 2500 Envelopes A2
Majestic,Silk,5.5 x 8.5,Horizontal,Rectangle,16PT C2S,Spot UV,Silk,Spot UV Both Sides,4/4 (4 color both sides),2500,Score in Half,Slide Slits Bottom Panel,Yes 2500 Envelopes A2
Majestic,Silk,4.25 x 11,Horizontal,Rectangle,16PT C2S,Spot UV,Silk,Spot UV Front,4/1,5000,Score in Half,Slide Slits Bottom Panel,Yes 2500 Envelopes A2
Majestic,Silk,5.5 x 8.5,Vertical,Rectangle,16PT C2S,Spot UV,Silk,Spot UV Both Sides,4/4 (4 color both sides),2500,Score in Half,Slide Slits Bottom Panel,Yes 2500 Envelopes A2
Majestic,Silk,5.5 x 8.5,Horizontal,Rectangle,16PT C2S,Spot UV,Silk,Spot UV Front,4/1,5000,Score in Half,Slide Slits Bottom Panel,Yes 2500 Envelopes A2
Majestic,Silk,4.25 x 11,Vertical,Rectangle,16PT C2S,Spot UV,Silk,Spot UV Front,4/1,5000,Score in Half,Slide Slits Bottom Panel,Yes 2500 Envelopes A2
Majestic,Silk,4.25 x 11,Horizontal,Rectangle,16PT C2S,Spot UV,Silk,Spot UV Back,4/1,5000,Score in Half,Slide Slits Bottom Panel,Yes 2500 Envelopes A2
Majestic,Silk,5.5 x 8.5,Vertical,Rectangle,16PT C2S,Spot UV,Silk,Spot UV Front,4/1,5000,Score in Half,Slide Slits Bottom Panel,Yes 2500 Envelopes A2
Majestic,Silk,5.5 x 8.5,Horizontal,Rectangle,16PT C2S,Spot UV,Silk,Spot UV Back,4/1,5000,Score in Half,Slide Slits Bottom Panel,Yes 2500 Envelopes A2
Majestic,Silk,4.25 x 11,Vertical,Rectangle,16PT C2S,Spot UV,Silk,Spot UV Back,4/1,5000,Score in Half,Slide Slits Bottom Panel,Yes 2500 Envelopes A2
Majestic,Silk,5.5 x 8.5,Vertical,Rectangle,16PT C2S,Spot UV,Silk,Spot UV Back,4/1,5000,Score in Half,Slide Slits Bottom Panel,Yes 2500 Envelopes A2
Majestic,Silk,4.25 x 11,Horizontal,Rectangle,16PT C2S,Spot UV,Silk,Spot UV Both Sides,4/1,5000,Score in Half,Slide Slits Bottom Panel,Yes 2500 Envelopes A2
Majestic,Silk,5.5 x 8.5,Horizontal,Rectangle,16PT C2S,Spot UV,Silk,Spot UV Front,4/4 (4 color both sides),2500,Score in Half,Slide Slits Bottom Panel,Yes 1000 Envelopes A2
Majestic,Silk,4.25 x 11,Vertical,Rectangle,16PT C2S,Spot UV,Silk,Spot UV Both Sides,4/1,5000,Score in Half,Slide Slits Bottom Panel,Yes 2500 Envelopes A2
Majestic,Silk,5.5 x 8.5,Vertical,Rectangle,16PT C2S,Spot UV,Silk,Spot UV Both Sides,4/1,5000,Score in Half,Slide Slits Bottom Panel,Yes 2500 Envelopes A2
Majestic,Silk,4.25 x 11,Horizontal,Rectangle,16PT C2S,Spot UV,Silk,Spot UV Front,4/4 (4 color both sides),5000,Score in Half,Slide Slits Bottom Panel,Yes 2500 Envelopes A2
Majestic,Silk,5.5 x 8.5,Horizontal,Rectangle,16PT C2S,Spot UV,Silk,Spot UV Front,4/4 (4 color both sides),5000,Score in Half,Slide Slits Bottom Panel,Yes 2500 Envelopes A2
Majestic,Silk,4.25 x 11,Vertical,Rectangle,16PT C2S,Spot UV,Silk,Spot UV Front,4/4 (4 color both sides),5000,Score in Half,Slide Slits Bottom Panel,Yes 2500 Envelopes A2
Majestic,Silk,5.5 x 8.5,Vertical,Rectangle,16PT C2S,Spot UV,Silk,Spot UV Front,4/4 (4 color both sides),5000,Score in Half,Slide Slits Bottom Panel,Yes 2500 Envelopes A2
Majestic,Silk,4.25 x 11,Horizontal,Rectangle,16PT C2S,Spot UV,Silk,Spot UV Back,4/4 (4 color both sides),5000,Score in Half,Slide Slits Bottom Panel,Yes 2500 Envelopes A2
Majestic,Silk,5.5 x 8.5,Horizontal,Rectangle,16PT C2S,Spot UV,Silk,Spot UV Back,4/4 (4 color both sides),5000,Score in Half,Slide Slits Bottom Panel,Yes 2500 Envelopes A2
Majestic,Silk,4.25 x 11,Vertical,Rectangle,16PT C2S,Spot UV,Silk,Spot UV Back,4/4 (4 color both sides),5000,Score in Half,Slide Slits Bottom Panel,Yes 2500 Envelopes A2
Majestic,Silk,5.5 x 8.5,Vertical,Rectangle,16PT C2S,Spot UV,Silk,Spot UV Back,4/4 (4 color both sides),5000,Score in Half,Slide Slits Bottom Panel,Yes 2500 Envelopes A2
Majestic,Silk,4.25 x 11,Horizontal,Rectangle,16PT C2S,Spot UV,Silk,Spot UV Both Sides,4/4 (4 color both sides),5000,Score in Half,Slide Slits Bottom Panel,Yes 2500 Envelopes A2
Majestic,Silk,5.5 x 8.5,Horizontal,Rectangle,16PT C2S,Spot UV,Silk,Spot UV Both Sides,4/4 (4 color both sides),5000,Score in Half,Slide Slits Bottom Panel,Yes 2500 Envelopes A2
Majestic,Silk,4.25 x 11,Vertical,Rectangle,16PT C2S,Spot UV,Silk,Spot UV Both Sides,4/4 (4 color both sides),5000,Score in Half,Slide Slits Bottom Panel,Yes 2500 Envelopes A2
Majestic,Silk,5.5 x 8.5,Vertical,Rectangle,16PT C2S,Spot UV,Silk,Spot UV Both Sides,4/4 (4 color both sides),5000,Score in Half,Slide Slits Bottom Panel,Yes 2500 Envelopes A2
Majestic,Silk,5.5 x 8.5,Horizontal,Rectangle,16PT C2S,Spot UV,Silk,Spot UV Front,4/1,10000,Score in Half,Slide Slits Bottom Panel,Yes 2500 Envelopes A2
Majestic,Silk,4.25 x 11,Vertical,Rectangle,16PT C2S,Spot UV,Silk,Spot UV Front,4/1,10000,Score in Half,Slide Slits Bottom Panel,Yes 2500 Envelopes A2
Majestic,Silk,4.25 x 11,Horizontal,Rectangle,16PT C2S,Spot UV,Silk,Spot UV Front,4/1,10000,Score in Half,Slide Slits Bottom Panel,Yes 2500 Envelopes A2
Majestic,Silk,5.5 x 8.5,Vertical,Rectangle,16PT C2S,Spot UV,Silk,Spot UV Front,4/1,10000,Score in Half,Slide Slits Bottom Panel,Yes 2500 Envelopes A2
Majestic,Silk,5.5 x 8.5,Horizontal,Rectangle,16PT C2S,Spot UV,Silk,Spot UV Back,4/1,10000,Score in Half,Slide Slits Bottom Panel,Yes 2500 Envelopes A2
Majestic,Silk,5.5 x 8.5,Vertical,Rectangle,16PT C2S,Spot UV,Silk,Spot UV Back,4/1,10000,Score in Half,Slide Slits Bottom Panel,Yes 2500 Envelopes A2
Majestic,Silk,4.25 x 11,Horizontal,Rectangle,16PT C2S,Spot UV,Silk,Spot UV Back,4/1,10000,Score in Half,Slide Slits Bottom Panel,Yes 2500 Envelopes A2
Majestic,Silk,4.25 x 11,Vertical,Rectangle,16PT C2S,Spot UV,Silk,Spot UV Back,4/1,10000,Score in Half,Slide Slits Bottom Panel,Yes 2500 Envelopes A2
Majestic,Silk,4.25 x 11,Horizontal,Rectangle,16PT C2S,Spot UV,Silk,Spot UV Both Sides,4/1,10000,Score in Half,Slide Slits Bottom Panel,Yes 2500 Envelopes A2
Majestic,Silk,5.5 x 8.5,Horizontal,Rectangle,16PT C2S,Spot UV,Silk,Spot UV Both Sides,4/1,10000,Score in Half,Slide Slits Bottom Panel,Yes 2500 Envelopes A2
Majestic,Silk,4.25 x 11,Vertical,Rectangle,16PT C2S,Spot UV,Silk,Spot UV Both Sides,4/1,10000,Score in Half,Slide Slits Bottom Panel,Yes 2500 Envelopes A2
Majestic,Silk,4.25 x 11,Horizontal,Rectangle,16PT C2S,Spot UV,Silk,Spot UV Front,4/4 (4 color both sides),10000,Score in Half,Slide Slits Bottom Panel,Yes 2500 Envelopes A2
Majestic,Silk,5.5 x 8.5,Horizontal,Rectangle,16PT C2S,Spot UV,Silk,Spot UV Front,4/4 (4 color both sides),10000,Score in Half,Slide Slits Bottom Panel,Yes 2500 Envelopes A2
Majestic,Silk,5.5 x 8.5,Vertical,Rectangle,16PT C2S,Spot UV,Silk,Spot UV Both Sides,4/1,10000,Score in Half,Slide Slits Bottom Panel,Yes 2500 Envelopes A2
Majestic,Silk,4.25 x 11,Vertical,Rectangle,16PT C2S,Spot UV,Silk,Spot UV Front,4/4 (4 color both sides),10000,Score in Half,Slide Slits Bottom Panel,Yes 2500 Envelopes A2
Majestic,Silk,4.25 x 11,Horizontal,Rectangle,16PT C2S,Spot UV,Silk,Spot UV Back,4/4 (4 color both sides),10000,Score in Half,Slide Slits Bottom Panel,Yes 2500 Envelopes A2
Majestic,Silk,5.5 x 8.5,Horizontal,Rectangle,16PT C2S,Spot UV,Silk,Spot UV Back,4/4 (4 color both sides),10000,Score in Half,Slide Slits Bottom Panel,Yes 2500 Envelopes A2
Majestic,Silk,5.5 x 8.5,Vertical,Rectangle,16PT C2S,Spot UV,Silk,Spot UV Front,4/4 (4 color both sides),10000,Score in Half,Slide Slits Bottom Panel,Yes 2500 Envelopes A2
Majestic,Silk,4.25 x 11,Vertical,Rectangle,16PT C2S,Spot UV,Silk,Spot UV Back,4/4 (4 color both sides),10000,Score in Half,Slide Slits Bottom Panel,Yes 2500 Envelopes A2
Majestic,Silk,5.5 x 8.5,Vertical,Rectangle,16PT C2S,Spot UV,Silk,Spot UV Back,4/4 (4 color both sides),10000,Score in Half,Slide Slits Bottom Panel,Yes 2500 Envelopes A2
Majestic,Silk,4.25 x 11,Horizontal,Rectangle,16PT C2S,Spot UV,Silk,Spot UV Both Sides,4/4 (4 color both sides),10000,Score in Half,Slide Slits Bottom Panel,Yes 2500 Envelopes A2
Majestic,Silk,5.5 x 8.5,Horizontal,Rectangle,16PT C2S,Spot UV,Silk,Spot UV Both Sides,4/4 (4 color both sides),10000,Score in Half,Slide Slits Bottom Panel,Yes 2500 Envelopes A2
Majestic,Silk,4.25 x 11,Vertical,Rectangle,16PT C2S,Spot UV,Silk,Spot UV Both Sides,4/4 (4 color both sides),10000,Score in Half,Slide Slits Bottom Panel,Yes 2500 Envelopes A2
Majestic,Silk,5.5 x 8.5,Vertical,Rectangle,16PT C2S,Spot UV,Silk,Spot UV Both Sides,4/4 (4 color both sides),10000,Score in Half,Slide Slits Bottom Panel,Yes 2500 Envelopes A2
Majestic,Silk,4.25 x 11,Horizontal,Rectangle,16PT C2S,Spot UV,Silk,Spot UV Front,4/1,500,Score in Half,Slide Slits Right Panel,Yes 2500 Envelopes A2
Majestic,Silk,5.5 x 8.5,Horizontal,Rectangle,16PT C2S,Spot UV,Silk,Spot UV Front,4/1,500,Score in Half,Slide Slits Right Panel,Yes 2500 Envelopes A2
Majestic,Silk,4.25 x 11,Vertical,Rectangle,16PT C2S,Spot UV,Silk,Spot UV Front,4/1,500,Score in Half,Slide Slits Right Panel,Yes 2500 Envelopes A2
Majestic,Silk,5.5 x 8.5,Vertical,Rectangle,16PT C2S,Spot UV,Silk,Spot UV Front,4/1,500,Score in Half,Slide Slits Right Panel,Yes 2500 Envelopes A2
Majestic,Silk,4.25 x 11,Horizontal,Rectangle,16PT C2S,Spot UV,Silk,Spot UV Back,4/1,500,Score in Half,Slide Slits Right Panel,Yes 2500 Envelopes A2
Majestic,Silk,5.5 x 8.5,Horizontal,Rectangle,16PT C2S,Spot UV,Silk,Spot UV Back,4/1,500,Score in Half,Slide Slits Right Panel,Yes 2500 Envelopes A2
Majestic,Silk,4.25 x 11,Vertical,Rectangle,16PT C2S,Spot UV,Silk,Spot UV Back,4/1,500,Score in Half,Slide Slits Right Panel,Yes 2500 Envelopes A2
Majestic,Silk,4.25 x 11,Vertical,Rectangle,16PT C2S,Spot UV,Silk,Spot UV Both Sides,4/4 (4 color both sides),5000,Score in Half,Moon Slits Right Panel,Yes 2500 Envelopes A2
Majestic,Silk,4.25 x 11,Horizontal,Rectangle,16PT C2S,Spot UV,Silk,Spot UV Both Sides,4/1,500,Score in Half,Slide Slits Right Panel,Yes 2500 Envelopes A2
Majestic,Silk,5.5 x 8.5,Horizontal,Rectangle,16PT C2S,Spot UV,Silk,Spot UV Both Sides,4/1,500,Score in Half,Slide Slits Right Panel,Yes 2500 Envelopes A2
Majestic,Silk,4.25 x 11,Vertical,Rectangle,16PT C2S,Spot UV,Silk,Spot UV Both Sides,4/1,500,Score in Half,Slide Slits Right Panel,Yes 2500 Envelopes A2
Majestic,Silk,5.5 x 8.5,Vertical,Rectangle,16PT C2S,Spot UV,Silk,Spot UV Both Sides,4/1,500,Score in Half,Slide Slits Right Panel,Yes 2500 Envelopes A2
Majestic,Silk,4.25 x 11,Horizontal,Rectangle,16PT C2S,Spot UV,Silk,Spot UV Front,4/4 (4 color both sides),500,Score in Half,Slide Slits Right Panel,Yes 2500 Envelopes A2
Majestic,Silk,5.5 x 8.5,Horizontal,Rectangle,16PT C2S,Spot UV,Silk,Spot UV Front,4/4 (4 color both sides),500,Score in Half,Slide Slits Right Panel,Yes 2500 Envelopes A2
Majestic,Silk,4.25 x 11,Vertical,Rectangle,16PT C2S,Spot UV,Silk,Spot UV Front,4/4 (4 color both sides),500,Score in Half,Slide Slits Right Panel,Yes 2500 Envelopes A2
Majestic,Silk,5.5 x 8.5,Vertical,Rectangle,16PT C2S,Spot UV,Silk,Spot UV Front,4/4 (4 color both sides),500,Score in Half,Slide Slits Right Panel,Yes 2500 Envelopes A2
Majestic,Silk,4.25 x 11,Horizontal,Rectangle,16PT C2S,Spot UV,Silk,Spot UV Back,4/4 (4 color both sides),500,Score in Half,Slide Slits Right Panel,Yes 2500 Envelopes A2
Majestic,Silk,5.5 x 8.5,Horizontal,Rectangle,16PT C2S,Spot UV,Silk,Spot UV Back,4/4 (4 color both sides),500,Score in Half,Slide Slits Right Panel,Yes 2500 Envelopes A2
Majestic,Silk,4.25 x 11,Vertical,Rectangle,16PT C2S,Spot UV,Silk,Spot UV Back,4/4 (4 color both sides),500,Score in Half,Slide Slits Right Panel,Yes 2500 Envelopes A2
Majestic,Silk,5.5 x 8.5,Vertical,Rectangle,16PT C2S,Spot UV,Silk,Spot UV Back,4/4 (4 color both sides),500,Score in Half,Slide Slits Right Panel,Yes 2500 Envelopes A2
Majestic,Silk,4.25 x 11,Horizontal,Rectangle,16PT C2S,Spot UV,Silk,Spot UV Both Sides,4/4 (4 color both sides),500,Score in Half,Slide Slits Right Panel,Yes 2500 Envelopes A2
Majestic,Silk,5.5 x 8.5,Horizontal,Rectangle,16PT C2S,Spot UV,Silk,Spot UV Both Sides,4/4 (4 color both sides),500,Score in Half,Slide Slits Right Panel,Yes 2500 Envelopes A2
Majestic,Silk,4.25 x 11,Vertical,Rectangle,16PT C2S,Spot UV,Silk,Spot UV Both Sides,4/4 (4 color both sides),500,Score in Half,Slide Slits Right Panel,Yes 2500 Envelopes A2
Majestic,Silk,4.25 x 11,Horizontal,Rectangle,16PT C2S,Spot UV,Silk,Spot UV Front,4/1,1000,Score in Half,Slide Slits Right Panel,Yes 2500 Envelopes A2
Majestic,Silk,5.5 x 8.5,Vertical,Rectangle,16PT C2S,Spot UV,Silk,Spot UV Both Sides,4/4 (4 color both sides),500,Score in Half,Slide Slits Right Panel,Yes 2500 Envelopes A2
Majestic,Silk,5.5 x 8.5,Horizontal,Rectangle,16PT C2S,Spot UV,Silk,Spot UV Front,4/1,1000,Score in Half,Slide Slits Right Panel,Yes 2500 Envelopes A2
Majestic,Silk,4.25 x 11,Vertical,Rectangle,16PT C2S,Spot UV,Silk,Spot UV Front,4/1,1000,Score in Half,Slide Slits Right Panel,Yes 2500 Envelopes A2
Majestic,Silk,5.5 x 8.5,Vertical,Rectangle,16PT C2S,Spot UV,Silk,Spot UV Front,4/1,1000,Score in Half,Slide Slits Right Panel,Yes 2500 Envelopes A2
Majestic,Silk,4.25 x 11,Horizontal,Rectangle,16PT C2S,Spot UV,Silk,Spot UV Back,4/1,1000,Score in Half,Slide Slits Right Panel,Yes 2500 Envelopes A2
Majestic,Silk,5.5 x 8.5,Horizontal,Rectangle,16PT C2S,Spot UV,Silk,Spot UV Back,4/1,1000,Score in Half,Slide Slits Right Panel,Yes 2500 Envelopes A2
Majestic,Silk,4.25 x 11,Vertical,Rectangle,16PT C2S,Spot UV,Silk,Spot UV Back,4/1,1000,Score in Half,Slide Slits Right Panel,Yes 2500 Envelopes A2
Majestic,Silk,5.5 x 8.5,Vertical,Rectangle,16PT C2S,Spot UV,Silk,Spot UV Back,4/1,1000,Score in Half,Slide Slits Right Panel,Yes 2500 Envelopes A2
Majestic,Silk,4.25 x 11,Horizontal,Rectangle,16PT C2S,Spot UV,Silk,Spot UV Both Sides,4/1,1000,Score in Half,Slide Slits Right Panel,Yes 2500 Envelopes A2
Majestic,Silk,5.5 x 8.5,Horizontal,Rectangle,16PT C2S,Spot UV,Silk,Spot UV Both Sides,4/1,1000,Score in Half,Slide Slits Right Panel,Yes 2500 Envelopes A2
Majestic,Silk,4.25 x 11,Vertical,Rectangle,16PT C2S,Spot UV,Silk,Spot UV Both Sides,4/1,1000,Score in Half,Slide Slits Right Panel,Yes 2500 Envelopes A2
Majestic,Silk,5.5 x 8.5,Vertical,Rectangle,16PT C2S,Spot UV,Silk,Spot UV Both Sides,4/1,1000,Score in Half,Slide Slits Right Panel,Yes 2500 Envelopes A2
Majestic,Silk,4.25 x 11,Horizontal,Rectangle,16PT C2S,Spot UV,Silk,Spot UV Front,4/4 (4 color both sides),1000,Score in Half,Slide Slits Right Panel,Yes 2500 Envelopes A2
Majestic,Silk,5.5 x 8.5,Horizontal,Rectangle,16PT C2S,Spot UV,Silk,Spot UV Front,4/4 (4 color both sides),1000,Score in Half,Slide Slits Right Panel,Yes 2500 Envelopes A2
Majestic,Silk,4.25 x 11,Vertical,Rectangle,16PT C2S,Spot UV,Silk,Spot UV Front,4/4 (4 color both sides),1000,Score in Half,Slide Slits Right Panel,Yes 2500 Envelopes A2
Majestic,Silk,5.5 x 8.5,Vertical,Rectangle,16PT C2S,Spot UV,Silk,Spot UV Front,4/4 (4 color both sides),1000,Score in Half,Slide Slits Right Panel,Yes 2500 Envelopes A2
Majestic,Silk,5.5 x 8.5,Horizontal,Rectangle,16PT C2S,Spot UV,Silk,Spot UV Back,4/4 (4 color both sides),1000,Score in Half,Slide Slits Right Panel,Yes 2500 Envelopes A2
Majestic,Silk,4.25 x 11,Horizontal,Rectangle,16PT C2S,Spot UV,Silk,Spot UV Back,4/4 (4 color both sides),1000,Score in Half,Slide Slits Right Panel,Yes 2500 Envelopes A2
Majestic,Silk,4.25 x 11,Vertical,Rectangle,16PT C2S,Spot UV,Silk,Spot UV Back,4/4 (4 color both sides),1000,Score in Half,Slide Slits Right Panel,Yes 2500 Envelopes A2
Majestic,Silk,5.5 x 8.5,Vertical,Rectangle,16PT C2S,Spot UV,Silk,Spot UV Back,4/4 (4 color both sides),1000,Score in Half,Slide Slits Right Panel,Yes 2500 Envelopes A2
Majestic,Silk,4.25 x 11,Horizontal,Rectangle,16PT C2S,Spot UV,Silk,Spot UV Both Sides,4/4 (4 color both sides),1000,Score in Half,Slide Slits Right Panel,Yes 2500 Envelopes A2
Majestic,Silk,4.25 x 11,Vertical,Rectangle,16PT C2S,Spot UV,Silk,Spot UV Both Sides,4/4 (4 color both sides),1000,Score in Half,Slide Slits Right Panel,Yes 2500 Envelopes A2
Majestic,Silk,5.5 x 8.5,Horizontal,Rectangle,16PT C2S,Spot UV,Silk,Spot UV Both Sides,4/4 (4 color both sides),1000,Score in Half,Slide Slits Right Panel,Yes 2500 Envelopes A2
Majestic,Silk,5.5 x 8.5,Vertical,Rectangle,16PT C2S,Spot UV,Silk,Spot UV Both Sides,4/4 (4 color both sides),1000,Score in Half,Slide Slits Right Panel,Yes 2500 Envelopes A2
Majestic,Silk,4.25 x 11,Horizontal,Rectangle,16PT C2S,Spot UV,Silk,Spot UV Front,4/1,2500,Score in Half,Slide Slits Right Panel,Yes 2500 Envelopes A2
Majestic,Silk,5.5 x 8.5,Horizontal,Rectangle,16PT C2S,Spot UV,Silk,Spot UV Front,4/1,2500,Score in Half,Slide Slits Right Panel,Yes 2500 Envelopes A2
Majestic,Silk,4.25 x 11,Vertical,Rectangle,16PT C2S,Spot UV,Silk,Spot UV Front,4/1,2500,Score in Half,Slide Slits Right Panel,Yes 2500 Envelopes A2
Majestic,Silk,5.5 x 8.5,Vertical,Rectangle,16PT C2S,Spot UV,Silk,Spot UV Front,4/1,2500,Score in Half,Slide Slits Right Panel,Yes 2500 Envelopes A2
Majestic,Silk,4.25 x 11,Horizontal,Rectangle,16PT C2S,Spot UV,Silk,Spot UV Back,4/1,2500,Score in Half,Slide Slits Right Panel,Yes 2500 Envelopes A2
Majestic,Silk,5.5 x 8.5,Horizontal,Rectangle,16PT C2S,Spot UV,Silk,Spot UV Back,4/1,2500,Score in Half,Slide Slits Right Panel,Yes 2500 Envelopes A2
Majestic,Silk,4.25 x 11,Vertical,Rectangle,16PT C2S,Spot UV,Silk,Spot UV Back,4/1,2500,Score in Half,Slide Slits Right Panel,Yes 2500 Envelopes A2
Majestic,Silk,5.5 x 8.5,Vertical,Rectangle,16PT C2S,Spot UV,Silk,Spot UV Back,4/1,2500,Score in Half,Slide Slits Right Panel,Yes 2500 Envelopes A2
Majestic,Silk,4.25 x 11,Horizontal,Rectangle,16PT C2S,Spot UV,Silk,Spot UV Both Sides,4/1,2500,Score in Half,Slide Slits Right Panel,Yes 2500 Envelopes A2
Majestic,Silk,4.25 x 11,Horizontal,Rectangle,16PT C2S,Spot UV,Silk,Spot UV Front,4/4 (4 color both sides),2500,Score in Half,Slide Slits Right Panel,Yes 2500 Envelopes A2
Majestic,Silk,5.5 x 8.5,Horizontal,Rectangle,16PT C2S,Spot UV,Silk,Spot UV Both Sides,4/1,2500,Score in Half,Slide Slits Right Panel,Yes 2500 Envelopes A2
Majestic,Silk,4.25 x 11,Vertical,Rectangle,16PT C2S,Spot UV,Silk,Spot UV Both Sides,4/1,2500,Score in Half,Slide Slits Right Panel,Yes 2500 Envelopes A2
Majestic,Silk,5.5 x 8.5,Vertical,Rectangle,16PT C2S,Spot UV,Silk,Spot UV Both Sides,4/1,2500,Score in Half,Slide Slits Right Panel,Yes 2500 Envelopes A2
Majestic,Silk,5.5 x 8.5,Horizontal,Rectangle,16PT C2S,Spot UV,Silk,Spot UV Front,4/4 (4 color both sides),2500,Score in Half,Slide Slits Right Panel,Yes 2500 Envelopes A2
Majestic,Silk,4.25 x 11,Vertical,Rectangle,16PT C2S,Spot UV,Silk,Spot UV Front,4/4 (4 color both sides),2500,Score in Half,Slide Slits Right Panel,Yes 2500 Envelopes A2
Majestic,Silk,5.5 x 8.5,Horizontal,Rectangle,16PT C2S,Spot UV,Silk,Spot UV Back,4/4 (4 color both sides),2500,Score in Half,Slide Slits Right Panel,Yes 2500 Envelopes A2
Majestic,Silk,4.25 x 11,Horizontal,Rectangle,16PT C2S,Spot UV,Silk,Spot UV Back,4/4 (4 color both sides),2500,Score in Half,Slide Slits Right Panel,Yes 2500 Envelopes A2
Majestic,Silk,5.5 x 8.5,Vertical,Rectangle,16PT C2S,Spot UV,Silk,Spot UV Front,4/4 (4 color both sides),2500,Score in Half,Slide Slits Right Panel,Yes 2500 Envelopes A2
Majestic,Silk,4.25 x 11,Vertical,Rectangle,16PT C2S,Spot UV,Silk,Spot UV Back,4/4 (4 color both sides),2500,Score in Half,Slide Slits Right Panel,Yes 2500 Envelopes A2
Majestic,Silk,5.5 x 8.5,Vertical,Rectangle,16PT C2S,Spot UV,Silk,Spot UV Back,4/4 (4 color both sides),2500,Score in Half,Slide Slits Right Panel,Yes 2500 Envelopes A2
Majestic,Silk,5.5 x 8.5,Horizontal,Rectangle,16PT C2S,Spot UV,Silk,Spot UV Both Sides,4/4 (4 color both sides),2500,Score in Half,Slide Slits Right Panel,Yes 2500 Envelopes A2
Majestic,Silk,4.25 x 11,Horizontal,Rectangle,16PT C2S,Spot UV,Silk,Spot UV Both Sides,4/4 (4 color both sides),2500,Score in Half,Slide Slits Right Panel,Yes 2500 Envelopes A2
Majestic,Silk,4.25 x 11,Vertical,Rectangle,16PT C2S,Spot UV,Silk,Spot UV Both Sides,4/4 (4 color both sides),2500,Score in Half,Slide Slits Right Panel,Yes 2500 Envelopes A2
Majestic,Silk,5.5 x 8.5,Vertical,Rectangle,16PT C2S,Spot UV,Silk,Spot UV Both Sides,4/4 (4 color both sides),2500,Score in Half,Slide Slits Right Panel,Yes 2500 Envelopes A2
Majestic,Silk,4.25 x 11,Horizontal,Rectangle,16PT C2S,Spot UV,Silk,Spot UV Front,4/1,5000,Score in Half,Slide Slits Right Panel,Yes 2500 Envelopes A2
Majestic,Silk,5.5 x 8.5,Horizontal,Rectangle,16PT C2S,Spot UV,Silk,Spot UV Front,4/1,5000,Score in Half,Slide Slits Right Panel,Yes 2500 Envelopes A2
Majestic,Silk,4.25 x 11,Vertical,Rectangle,16PT C2S,Spot UV,Silk,Spot UV Front,4/1,5000,Score in Half,Slide Slits Right Panel,Yes 2500 Envelopes A2
Majestic,Silk,5.5 x 8.5,Vertical,Rectangle,16PT C2S,Spot UV,Silk,Spot UV Front,4/1,5000,Score in Half,Slide Slits Right Panel,Yes 2500 Envelopes A2
Majestic,Silk,4.25 x 11,Horizontal,Rectangle,16PT C2S,Spot UV,Silk,Spot UV Back,4/1,5000,Score in Half,Slide Slits Right Panel,Yes 2500 Envelopes A2
Majestic,Silk,4.25 x 11,Vertical,Rectangle,16PT C2S,Spot UV,Silk,Spot UV Back,4/1,5000,Score in Half,Slide Slits Right Panel,Yes 2500 Envelopes A2
Majestic,Silk,5.5 x 8.5,Horizontal,Rectangle,16PT C2S,Spot UV,Silk,Spot UV Back,4/1,5000,Score in Half,Slide Slits Right Panel,Yes 2500 Envelopes A2
Majestic,Silk,5.5 x 8.5,Vertical,Rectangle,16PT C2S,Spot UV,Silk,Spot UV Back,4/1,5000,Score in Half,Slide Slits Right Panel,Yes 2500 Envelopes A2
Majestic,Silk,4.25 x 11,Horizontal,Rectangle,16PT C2S,Spot UV,Silk,Spot UV Both Sides,4/1,5000,Score in Half,Slide Slits Right Panel,Yes 2500 Envelopes A2
Majestic,Silk,5.5 x 8.5,Horizontal,Rectangle,16PT C2S,Spot UV,Silk,Spot UV Both Sides,4/1,5000,Score in Half,Slide Slits Right Panel,Yes 2500 Envelopes A2
Majestic,Silk,5.5 x 8.5,Vertical,Rectangle,16PT C2S,Spot UV,Silk,Spot UV Both Sides,4/1,5000,Score in Half,Slide Slits Right Panel,Yes 2500 Envelopes A2
Majestic,Silk,4.25 x 11,Vertical,Rectangle,16PT C2S,Spot UV,Silk,Spot UV Both Sides,4/1,5000,Score in Half,Slide Slits Right Panel,Yes 2500 Envelopes A2
Majestic,Silk,4.25 x 11,Horizontal,Rectangle,16PT C2S,Spot UV,Silk,Spot UV Front,4/4 (4 color both sides),5000,Score in Half,Slide Slits Right Panel,Yes 2500 Envelopes A2
Majestic,Silk,5.5 x 8.5,Horizontal,Rectangle,16PT C2S,Spot UV,Silk,Spot UV Front,4/4 (4 color both sides),5000,Score in Half,Slide Slits Right Panel,Yes 2500 Envelopes A2
Majestic,Silk,4.25 x 11,Vertical,Rectangle,16PT C2S,Spot UV,Silk,Spot UV Front,4/4 (4 color both sides),5000,Score in Half,Slide Slits Right Panel,Yes 2500 Envelopes A2
Majestic,Silk,5.5 x 8.5,Vertical,Rectangle,16PT C2S,Spot UV,Silk,Spot UV Front,4/4 (4 color both sides),5000,Score in Half,Slide Slits Right Panel,Yes 2500 Envelopes A2
Majestic,Silk,4.25 x 11,Horizontal,Rectangle,16PT C2S,Spot UV,Silk,Spot UV Back,4/4 (4 color both sides),5000,Score in Half,Slide Slits Right Panel,Yes 2500 Envelopes A2
Majestic,Silk,5.5 x 8.5,Horizontal,Rectangle,16PT C2S,Spot UV,Silk,Spot UV Back,4/4 (4 color both sides),5000,Score in Half,Slide Slits Right Panel,Yes 2500 Envelopes A2
Majestic,Silk,5.5 x 8.5,Horizontal,Rectangle,16PT C2S,Spot UV,Silk,Spot UV Both Sides,4/1,5000,Score in Half,Slide Slits Bottom Panel,Yes 2500 Envelopes A2
Majestic,Silk,5.5 x 8.5,Vertical,Rectangle,16PT C2S,Spot UV,Silk,Spot UV Back,4/4 (4 color both sides),5000,Score in Half,Slide Slits Right Panel,Yes 2500 Envelopes A2
Majestic,Silk,4.25 x 11,Horizontal,Rectangle,16PT C2S,Spot UV,Silk,Spot UV Both Sides,4/4 (4 color both sides),5000,Score in Half,Slide Slits Right Panel,Yes 2500 Envelopes A2
Majestic,Silk,5.5 x 8.5,Horizontal,Rectangle,16PT C2S,Spot UV,Silk,Spot UV Both Sides,4/4 (4 color both sides),5000,Score in Half,Slide Slits Right Panel,Yes 2500 Envelopes A2
Majestic,Silk,4.25 x 11,Vertical,Rectangle,16PT C2S,Spot UV,Silk,Spot UV Both Sides,4/4 (4 color both sides),5000,Score in Half,Slide Slits Right Panel,Yes 2500 Envelopes A2
Majestic,Silk,5.5 x 8.5,Vertical,Rectangle,16PT C2S,Spot UV,Silk,Spot UV Both Sides,4/4 (4 color both sides),5000,Score in Half,Slide Slits Right Panel,Yes 2500 Envelopes A2
Majestic,Silk,4.25 x 11,Horizontal,Rectangle,16PT C2S,Spot UV,Silk,Spot UV Front,4/1,10000,Score in Half,Slide Slits Right Panel,Yes 2500 Envelopes A2
Majestic,Silk,5.5 x 8.5,Horizontal,Rectangle,16PT C2S,Spot UV,Silk,Spot UV Front,4/1,10000,Score in Half,Slide Slits Right Panel,Yes 2500 Envelopes A2
Majestic,Silk,4.25 x 11,Vertical,Rectangle,16PT C2S,Spot UV,Silk,Spot UV Front,4/1,10000,Score in Half,Slide Slits Right Panel,Yes 2500 Envelopes A2
Majestic,Silk,5.5 x 8.5,Vertical,Rectangle,16PT C2S,Spot UV,Silk,Spot UV Front,4/1,10000,Score in Half,Slide Slits Right Panel,Yes 2500 Envelopes A2
Majestic,Silk,4.25 x 11,Horizontal,Rectangle,16PT C2S,Spot UV,Silk,Spot UV Back,4/1,10000,Score in Half,Slide Slits Right Panel,Yes 2500 Envelopes A2
Majestic,Silk,5.5 x 8.5,Horizontal,Rectangle,16PT C2S,Spot UV,Silk,Spot UV Back,4/1,10000,Score in Half,Slide Slits Right Panel,Yes 2500 Envelopes A2
Majestic,Silk,4.25 x 11,Vertical,Rectangle,16PT C2S,Spot UV,Silk,Spot UV Back,4/1,10000,Score in Half,Slide Slits Right Panel,Yes 2500 Envelopes A2
Majestic,Silk,5.5 x 8.5,Vertical,Rectangle,16PT C2S,Spot UV,Silk,Spot UV Back,4/1,10000,Score in Half,Slide Slits Right Panel,Yes 2500 Envelopes A2
Majestic,Silk,4.25 x 11,Horizontal,Rectangle,16PT C2S,Spot UV,Silk,Spot UV Both Sides,4/1,10000,Score in Half,Slide Slits Right Panel,Yes 2500 Envelopes A2
Majestic,Silk,5.5 x 8.5,Horizontal,Rectangle,16PT C2S,Spot UV,Silk,Spot UV Both Sides,4/1,10000,Score in Half,Slide Slits Right Panel,Yes 2500 Envelopes A2
Majestic,Silk,4.25 x 11,Vertical,Rectangle,16PT C2S,Spot UV,Silk,Spot UV Both Sides,4/1,10000,Score in Half,Slide Slits Right Panel,Yes 2500 Envelopes A2
Majestic,Silk,5.5 x 8.5,Vertical,Rectangle,16PT C2S,Spot UV,Silk,Spot UV Both Sides,4/1,10000,Score in Half,Slide Slits Right Panel,Yes 2500 Envelopes A2
Majestic,Silk,4.25 x 11,Horizontal,Rectangle,16PT C2S,Spot UV,Silk,Spot UV Front,4/4 (4 color both sides),10000,Score in Half,Slide Slits Right Panel,Yes 2500 Envelopes A2
Majestic,Silk,5.5 x 8.5,Horizontal,Rectangle,16PT C2S,Spot UV,Silk,Spot UV Front,4/4 (4 color both sides),10000,Score in Half,Slide Slits Right Panel,Yes 2500 Envelopes A2
Majestic,Silk,4.25 x 11,Vertical,Rectangle,16PT C2S,Spot UV,Silk,Spot UV Front,4/4 (4 color both sides),10000,Score in Half,Slide Slits Right Panel,Yes 2500 Envelopes A2
Majestic,Silk,5.5 x 8.5,Vertical,Rectangle,16PT C2S,Spot UV,Silk,Spot UV Front,4/4 (4 color both sides),10000,Score in Half,Slide Slits Right Panel,Yes 2500 Envelopes A2
Majestic,Silk,4.25 x 11,Horizontal,Rectangle,16PT C2S,Spot UV,Silk,Spot UV Back,4/4 (4 color both sides),10000,Score in Half,Slide Slits Right Panel,Yes 2500 Envelopes A2
Majestic,Silk,5.5 x 8.5,Horizontal,Rectangle,16PT C2S,Spot UV,Silk,Spot UV Back,4/4 (4 color both sides),10000,Score in Half,Slide Slits Right Panel,Yes 2500 Envelopes A2
Majestic,Silk,4.25 x 11,Vertical,Rectangle,16PT C2S,Spot UV,Silk,Spot UV Back,4/4 (4 color both sides),10000,Score in Half,Slide Slits Right Panel,Yes 2500 Envelopes A2
Majestic,Silk,5.5 x 8.5,Vertical,Rectangle,16PT C2S,Spot UV,Silk,Spot UV Back,4/4 (4 color both sides),10000,Score in Half,Slide Slits Right Panel,Yes 2500 Envelopes A2
Majestic,Silk,5.5 x 8.5,Vertical,Rectangle,16PT C2S,Spot UV,Silk,Spot UV Both Sides,4/4 (4 color both sides),500,Score in Half,Slide Slits Bottom Panel,Yes 2500 Envelopes A2
Majestic,Silk,5.5 x 8.5,Horizontal,Rectangle,16PT C2S,Spot UV,Silk,Spot UV Both Sides,4/4 (4 color both sides),10000,Score in Half,Slide Slits Right Panel,Yes 2500 Envelopes A2
Majestic,Silk,4.25 x 11,Vertical,Rectangle,16PT C2S,Spot UV,Silk,Spot UV Both Sides,4/4 (4 color both sides),10000,Score in Half,Slide Slits Right Panel,Yes 2500 Envelopes A2
Majestic,Silk,5.5 x 8.5,Vertical,Rectangle,16PT C2S,Spot UV,Silk,Spot UV Both Sides,4/4 (4 color both sides),10000,Score in Half,Slide Slits Right Panel,Yes 2500 Envelopes A2
Majestic,Silk,4.25 x 11,Vertical,Rectangle,16PT C2S,Spot UV,Silk,Spot UV Back,4/4 (4 color both sides),5000,Score in Half,Slide Slits Right Panel,Yes 2500 Envelopes A2
Majestic,Silk,5.5 x 8.5,Horizontal,Rectangle,16PT C2S,Spot UV,Silk,Spot UV Front,4/1,500,Score in Half,Moon Slits Bottom Panel,Yes 5000 Envelopes A2
Majestic,Silk,4.25 x 11,Vertical,Rectangle,16PT C2S,Spot UV,Silk,Spot UV Front,4/1,500,Score in Half,Moon Slits Bottom Panel,Yes 5000 Envelopes A2
Majestic,Silk,5.5 x 8.5,Vertical,Rectangle,16PT C2S,Spot UV,Silk,Spot UV Front,4/1,500,Score in Half,Moon Slits Bottom Panel,Yes 5000 Envelopes A2
Majestic,Silk,4.25 x 11,Horizontal,Rectangle,16PT C2S,Spot UV,Silk,Spot UV Back,4/1,500,Score in Half,Moon Slits Bottom Panel,Yes 5000 Envelopes A2
Majestic,Silk,4.25 x 11,Vertical,Rectangle,16PT C2S,Spot UV,Silk,Spot UV Back,4/1,500,Score in Half,Moon Slits Bottom Panel,Yes 5000 Envelopes A2
Majestic,Silk,5.5 x 8.5,Horizontal,Rectangle,16PT C2S,Spot UV,Silk,Spot UV Back,4/1,500,Score in Half,Moon Slits Bottom Panel,Yes 5000 Envelopes A2
Majestic,Silk,5.5 x 8.5,Vertical,Rectangle,16PT C2S,Spot UV,Silk,Spot UV Back,4/1,500,Score in Half,Moon Slits Bottom Panel,Yes 5000 Envelopes A2
Majestic,Silk,4.25 x 11,Horizontal,Rectangle,16PT C2S,Spot UV,Silk,Spot UV Both Sides,4/1,500,Score in Half,Moon Slits Bottom Panel,Yes 5000 Envelopes A2
Majestic,Silk,5.5 x 8.5,Horizontal,Rectangle,16PT C2S,Spot UV,Silk,Spot UV Both Sides,4/1,500,Score in Half,Moon Slits Bottom Panel,Yes 5000 Envelopes A2
Majestic,Silk,4.25 x 11,Vertical,Rectangle,16PT C2S,Spot UV,Silk,Spot UV Both Sides,4/1,500,Score in Half,Moon Slits Bottom Panel,Yes 5000 Envelopes A2
Majestic,Silk,5.5 x 8.5,Vertical,Rectangle,16PT C2S,Spot UV,Silk,Spot UV Both Sides,4/1,500,Score in Half,Moon Slits Bottom Panel,Yes 5000 Envelopes A2
Majestic,Silk,4.25 x 11,Horizontal,Rectangle,16PT C2S,Spot UV,Silk,Spot UV Front,4/4 (4 color both sides),500,Score in Half,Moon Slits Bottom Panel,Yes 5000 Envelopes A2
Majestic,Silk,5.5 x 8.5,Horizontal,Rectangle,16PT C2S,Spot UV,Silk,Spot UV Front,4/4 (4 color both sides),500,Score in Half,Moon Slits Bottom Panel,Yes 5000 Envelopes A2
Majestic,Silk,4.25 x 11,Vertical,Rectangle,16PT C2S,Spot UV,Silk,Spot UV Front,4/4 (4 color both sides),500,Score in Half,Moon Slits Bottom Panel,Yes 5000 Envelopes A2
Majestic,Silk,5.5 x 8.5,Vertical,Rectangle,16PT C2S,Spot UV,Silk,Spot UV Front,4/4 (4 color both sides),500,Score in Half,Moon Slits Bottom Panel,Yes 5000 Envelopes A2
Majestic,Silk,4.25 x 11,Horizontal,Rectangle,16PT C2S,Spot UV,Silk,Spot UV Back,4/4 (4 color both sides),500,Score in Half,Moon Slits Bottom Panel,Yes 5000 Envelopes A2
Majestic,Silk,5.5 x 8.5,Horizontal,Rectangle,16PT C2S,Spot UV,Silk,Spot UV Back,4/4 (4 color both sides),500,Score in Half,Moon Slits Bottom Panel,Yes 5000 Envelopes A2
Majestic,Silk,4.25 x 11,Vertical,Rectangle,16PT C2S,Spot UV,Silk,Spot UV Back,4/4 (4 color both sides),500,Score in Half,Moon Slits Bottom Panel,Yes 5000 Envelopes A2
Majestic,Silk,4.25 x 11,Horizontal,Rectangle,16PT C2S,Spot UV,Silk,Spot UV Both Sides,4/4 (4 color both sides),500,Score in Half,Moon Slits Bottom Panel,Yes 5000 Envelopes A2
Majestic,Silk,5.5 x 8.5,Vertical,Rectangle,16PT C2S,Spot UV,Silk,Spot UV Back,4/4 (4 color both sides),500,Score in Half,Moon Slits Bottom Panel,Yes 5000 Envelopes A2
Majestic,Silk,5.5 x 8.5,Horizontal,Rectangle,16PT C2S,Spot UV,Silk,Spot UV Both Sides,4/4 (4 color both sides),500,Score in Half,Moon Slits Bottom Panel,Yes 5000 Envelopes A2
Majestic,Silk,4.25 x 11,Vertical,Rectangle,16PT C2S,Spot UV,Silk,Spot UV Both Sides,4/4 (4 color both sides),500,Score in Half,Moon Slits Bottom Panel,Yes 5000 Envelopes A2
Majestic,Silk,5.5 x 8.5,Vertical,Rectangle,16PT C2S,Spot UV,Silk,Spot UV Both Sides,4/4 (4 color both sides),500,Score in Half,Moon Slits Bottom Panel,Yes 5000 Envelopes A2
Majestic,Silk,5.5 x 8.5,Horizontal,Rectangle,16PT C2S,Spot UV,Silk,Spot UV Front,4/1,1000,Score in Half,Moon Slits Bottom Panel,Yes 5000 Envelopes A2
Majestic,Silk,4.25 x 11,Vertical,Rectangle,16PT C2S,Spot UV,Silk,Spot UV Front,4/1,1000,Score in Half,Moon Slits Bottom Panel,Yes 5000 Envelopes A2
Majestic,Silk,4.25 x 11,Horizontal,Rectangle,16PT C2S,Spot UV,Silk,Spot UV Front,4/1,1000,Score in Half,Moon Slits Bottom Panel,Yes 5000 Envelopes A2
Majestic,Silk,5.5 x 8.5,Vertical,Rectangle,16PT C2S,Spot UV,Silk,Spot UV Front,4/1,1000,Score in Half,Moon Slits Bottom Panel,Yes 5000 Envelopes A2
Majestic,Silk,4.25 x 11,Horizontal,Rectangle,16PT C2S,Spot UV,Silk,Spot UV Back,4/1,1000,Score in Half,Moon Slits Bottom Panel,Yes 5000 Envelopes A2
Majestic,Silk,5.5 x 8.5,Horizontal,Rectangle,16PT C2S,Spot UV,Silk,Spot UV Back,4/1,1000,Score in Half,Moon Slits Bottom Panel,Yes 5000 Envelopes A2
Majestic,Silk,4.25 x 11,Vertical,Rectangle,16PT C2S,Spot UV,Silk,Spot UV Back,4/1,1000,Score in Half,Moon Slits Bottom Panel,Yes 5000 Envelopes A2
Majestic,Silk,4.25 x 11,Horizontal,Rectangle,16PT C2S,Spot UV,Silk,Spot UV Both Sides,4/1,1000,Score in Half,Moon Slits Bottom Panel,Yes 5000 Envelopes A2
Majestic,Silk,5.5 x 8.5,Vertical,Rectangle,16PT C2S,Spot UV,Silk,Spot UV Back,4/1,1000,Score in Half,Moon Slits Bottom Panel,Yes 5000 Envelopes A2
Majestic,Silk,5.5 x 8.5,Horizontal,Rectangle,16PT C2S,Spot UV,Silk,Spot UV Both Sides,4/1,1000,Score in Half,Moon Slits Bottom Panel,Yes 5000 Envelopes A2
Majestic,Silk,4.25 x 11,Vertical,Rectangle,16PT C2S,Spot UV,Silk,Spot UV Both Sides,4/1,1000,Score in Half,Moon Slits Bottom Panel,Yes 5000 Envelopes A2
Majestic,Silk,5.5 x 8.5,Vertical,Rectangle,16PT C2S,Spot UV,Silk,Spot UV Both Sides,4/1,1000,Score in Half,Moon Slits Bottom Panel,Yes 5000 Envelopes A2
Majestic,Silk,4.25 x 11,Horizontal,Rectangle,16PT C2S,Spot UV,Silk,Spot UV Front,4/4 (4 color both sides),1000,Score in Half,Moon Slits Bottom Panel,Yes 5000 Envelopes A2
Majestic,Silk,5.5 x 8.5,Horizontal,Rectangle,16PT C2S,Spot UV,Silk,Spot UV Front,4/4 (4 color both sides),1000,Score in Half,Moon Slits Bottom Panel,Yes 5000 Envelopes A2
Majestic,Silk,4.25 x 11,Vertical,Rectangle,16PT C2S,Spot UV,Silk,Spot UV Front,4/4 (4 color both sides),1000,Score in Half,Moon Slits Bottom Panel,Yes 5000 Envelopes A2
Majestic,Silk,5.5 x 8.5,Vertical,Rectangle,16PT C2S,Spot UV,Silk,Spot UV Front,4/4 (4 color both sides),1000,Score in Half,Moon Slits Bottom Panel,Yes 5000 Envelopes A2
Majestic,Silk,4.25 x 11,Horizontal,Rectangle,16PT C2S,Spot UV,Silk,Spot UV Back,4/4 (4 color both sides),1000,Score in Half,Moon Slits Bottom Panel,Yes 5000 Envelopes A2
Majestic,Silk,4.25 x 11,Vertical,Rectangle,16PT C2S,Spot UV,Silk,Spot UV Back,4/4 (4 color both sides),1000,Score in Half,Moon Slits Bottom Panel,Yes 5000 Envelopes A2
Majestic,Silk,5.5 x 8.5,Horizontal,Rectangle,16PT C2S,Spot UV,Silk,Spot UV Back,4/4 (4 color both sides),1000,Score in Half,Moon Slits Bottom Panel,Yes 5000 Envelopes A2
Majestic,Silk,5.5 x 8.5,Vertical,Rectangle,16PT C2S,Spot UV,Silk,Spot UV Back,4/4 (4 color both sides),1000,Score in Half,Moon Slits Bottom Panel,Yes 5000 Envelopes A2
Majestic,Silk,4.25 x 11,Horizontal,Rectangle,16PT C2S,Spot UV,Silk,Spot UV Both Sides,4/4 (4 color both sides),1000,Score in Half,Moon Slits Bottom Panel,Yes 5000 Envelopes A2
Majestic,Silk,5.5 x 8.5,Horizontal,Rectangle,16PT C2S,Spot UV,Silk,Spot UV Both Sides,4/4 (4 color both sides),1000,Score in Half,Moon Slits Bottom Panel,Yes 5000 Envelopes A2
Majestic,Silk,5.5 x 8.5,Vertical,Rectangle,16PT C2S,Spot UV,Silk,Spot UV Both Sides,4/4 (4 color both sides),1000,Score in Half,Moon Slits Bottom Panel,Yes 5000 Envelopes A2
Majestic,Silk,4.25 x 11,Horizontal,Rectangle,16PT C2S,Spot UV,Silk,Spot UV Front,4/1,2500,Score in Half,Moon Slits Bottom Panel,Yes 5000 Envelopes A2
Majestic,Silk,5.5 x 8.5,Horizontal,Rectangle,16PT C2S,Spot UV,Silk,Spot UV Front,4/1,2500,Score in Half,Moon Slits Bottom Panel,Yes 5000 Envelopes A2
Majestic,Silk,4.25 x 11,Vertical,Rectangle,16PT C2S,Spot UV,Silk,Spot UV Both Sides,4/4 (4 color both sides),1000,Score in Half,Moon Slits Bottom Panel,Yes 5000 Envelopes A2
Majestic,Silk,4.25 x 11,Vertical,Rectangle,16PT C2S,Spot UV,Silk,Spot UV Front,4/1,2500,Score in Half,Moon Slits Bottom Panel,Yes 5000 Envelopes A2
Majestic,Silk,5.5 x 8.5,Vertical,Rectangle,16PT C2S,Spot UV,Silk,Spot UV Front,4/1,2500,Score in Half,Moon Slits Bottom Panel,Yes 5000 Envelopes A2
Majestic,Silk,4.25 x 11,Horizontal,Rectangle,16PT C2S,Spot UV,Silk,Spot UV Back,4/1,2500,Score in Half,Moon Slits Bottom Panel,Yes 5000 Envelopes A2
Majestic,Silk,5.5 x 8.5,Horizontal,Rectangle,16PT C2S,Spot UV,Silk,Spot UV Back,4/1,2500,Score in Half,Moon Slits Bottom Panel,Yes 5000 Envelopes A2
Majestic,Silk,4.25 x 11,Vertical,Rectangle,16PT C2S,Spot UV,Silk,Spot UV Back,4/1,2500,Score in Half,Moon Slits Bottom Panel,Yes 5000 Envelopes A2
Majestic,Silk,5.5 x 8.5,Vertical,Rectangle,16PT C2S,Spot UV,Silk,Spot UV Back,4/1,2500,Score in Half,Moon Slits Bottom Panel,Yes 5000 Envelopes A2
Majestic,Silk,4.25 x 11,Horizontal,Rectangle,16PT C2S,Spot UV,Silk,Spot UV Both Sides,4/1,2500,Score in Half,Moon Slits Bottom Panel,Yes 5000 Envelopes A2
Majestic,Silk,5.5 x 8.5,Horizontal,Rectangle,16PT C2S,Spot UV,Silk,Spot UV Both Sides,4/1,2500,Score in Half,Moon Slits Bottom Panel,Yes 5000 Envelopes A2
Majestic,Silk,4.25 x 11,Vertical,Rectangle,16PT C2S,Spot UV,Silk,Spot UV Both Sides,4/1,2500,Score in Half,Moon Slits Bottom Panel,Yes 5000 Envelopes A2
Majestic,Silk,5.5 x 8.5,Vertical,Rectangle,16PT C2S,Spot UV,Silk,Spot UV Both Sides,4/1,2500,Score in Half,Moon Slits Bottom Panel,Yes 5000 Envelopes A2
Majestic,Silk,4.25 x 11,Horizontal,Rectangle,16PT C2S,Spot UV,Silk,Spot UV Front,4/4 (4 color both sides),2500,Score in Half,Moon Slits Bottom Panel,Yes 5000 Envelopes A2
Majestic,Silk,5.5 x 8.5,Horizontal,Rectangle,16PT C2S,Spot UV,Silk,Spot UV Front,4/4 (4 color both sides),2500,Score in Half,Moon Slits Bottom Panel,Yes 5000 Envelopes A2
Majestic,Silk,4.25 x 11,Vertical,Rectangle,16PT C2S,Spot UV,Silk,Spot UV Front,4/4 (4 color both sides),2500,Score in Half,Moon Slits Bottom Panel,Yes 5000 Envelopes A2
Majestic,Silk,5.5 x 8.5,Vertical,Rectangle,16PT C2S,Spot UV,Silk,Spot UV Front,4/4 (4 color both sides),2500,Score in Half,Moon Slits Bottom Panel,Yes 5000 Envelopes A2
Majestic,Silk,4.25 x 11,Horizontal,Rectangle,16PT C2S,Spot UV,Silk,Spot UV Back,4/4 (4 color both sides),2500,Score in Half,Moon Slits Bottom Panel,Yes 5000 Envelopes A2
Majestic,Silk,4.25 x 11,Vertical,Rectangle,16PT C2S,Spot UV,Silk,Spot UV Back,4/4 (4 color both sides),2500,Score in Half,Moon Slits Bottom Panel,Yes 5000 Envelopes A2
Majestic,Silk,5.5 x 8.5,Vertical,Rectangle,16PT C2S,Spot UV,Silk,Spot UV Back,4/4 (4 color both sides),2500,Score in Half,Moon Slits Bottom Panel,Yes 5000 Envelopes A2
Majestic,Silk,5.5 x 8.5,Horizontal,Rectangle,16PT C2S,Spot UV,Silk,Spot UV Back,4/4 (4 color both sides),2500,Score in Half,Moon Slits Bottom Panel,Yes 5000 Envelopes A2
Majestic,Silk,4.25 x 11,Horizontal,Rectangle,16PT C2S,Spot UV,Silk,Spot UV Both Sides,4/4 (4 color both sides),2500,Score in Half,Moon Slits Bottom Panel,Yes 5000 Envelopes A2
Majestic,Silk,5.5 x 8.5,Horizontal,Rectangle,16PT C2S,Spot UV,Silk,Spot UV Both Sides,4/4 (4 color both sides),2500,Score in Half,Moon Slits Bottom Panel,Yes 5000 Envelopes A2
Majestic,Silk,4.25 x 11,Vertical,Rectangle,16PT C2S,Spot UV,Silk,Spot UV Both Sides,4/4 (4 color both sides),2500,Score in Half,Moon Slits Bottom Panel,Yes 5000 Envelopes A2
Majestic,Silk,5.5 x 8.5,Vertical,Rectangle,16PT C2S,Spot UV,Silk,Spot UV Both Sides,4/4 (4 color both sides),2500,Score in Half,Moon Slits Bottom Panel,Yes 5000 Envelopes A2
Majestic,Silk,4.25 x 11,Horizontal,Rectangle,16PT C2S,Spot UV,Silk,Spot UV Front,4/1,5000,Score in Half,Moon Slits Bottom Panel,Yes 5000 Envelopes A2
Majestic,Silk,5.5 x 8.5,Horizontal,Rectangle,16PT C2S,Spot UV,Silk,Spot UV Front,4/1,5000,Score in Half,Moon Slits Bottom Panel,Yes 5000 Envelopes A2
Majestic,Silk,4.25 x 11,Vertical,Rectangle,16PT C2S,Spot UV,Silk,Spot UV Front,4/1,5000,Score in Half,Moon Slits Bottom Panel,Yes 5000 Envelopes A2
Majestic,Silk,5.5 x 8.5,Vertical,Rectangle,16PT C2S,Spot UV,Silk,Spot UV Front,4/1,5000,Score in Half,Moon Slits Bottom Panel,Yes 5000 Envelopes A2
Majestic,Silk,4.25 x 11,Horizontal,Rectangle,16PT C2S,Spot UV,Silk,Spot UV Back,4/1,5000,Score in Half,Moon Slits Bottom Panel,Yes 5000 Envelopes A2
Majestic,Silk,5.5 x 8.5,Horizontal,Rectangle,16PT C2S,Spot UV,Silk,Spot UV Back,4/1,5000,Score in Half,Moon Slits Bottom Panel,Yes 5000 Envelopes A2
Majestic,Silk,4.25 x 11,Vertical,Rectangle,16PT C2S,Spot UV,Silk,Spot UV Back,4/1,5000,Score in Half,Moon Slits Bottom Panel,Yes 5000 Envelopes A2
Majestic,Silk,5.5 x 8.5,Vertical,Rectangle,16PT C2S,Spot UV,Silk,Spot UV Back,4/1,5000,Score in Half,Moon Slits Bottom Panel,Yes 5000 Envelopes A2
Majestic,Silk,4.25 x 11,Horizontal,Rectangle,16PT C2S,Spot UV,Silk,Spot UV Both Sides,4/1,5000,Score in Half,Moon Slits Bottom Panel,Yes 5000 Envelopes A2
Majestic,Silk,5.5 x 8.5,Horizontal,Rectangle,16PT C2S,Spot UV,Silk,Spot UV Both Sides,4/1,5000,Score in Half,Moon Slits Bottom Panel,Yes 5000 Envelopes A2
Majestic,Silk,4.25 x 11,Vertical,Rectangle,16PT C2S,Spot UV,Silk,Spot UV Both Sides,4/1,5000,Score in Half,Moon Slits Bottom Panel,Yes 5000 Envelopes A2
Majestic,Silk,5.5 x 8.5,Vertical,Rectangle,16PT C2S,Spot UV,Silk,Spot UV Both Sides,4/1,5000,Score in Half,Moon Slits Bottom Panel,Yes 5000 Envelopes A2
Majestic,Silk,4.25 x 11,Horizontal,Rectangle,16PT C2S,Spot UV,Silk,Spot UV Front,4/4 (4 color both sides),5000,Score in Half,Moon Slits Bottom Panel,Yes 5000 Envelopes A2
Majestic,Silk,5.5 x 8.5,Horizontal,Rectangle,16PT C2S,Spot UV,Silk,Spot UV Front,4/4 (4 color both sides),5000,Score in Half,Moon Slits Bottom Panel,Yes 5000 Envelopes A2
Majestic,Silk,4.25 x 11,Vertical,Rectangle,16PT C2S,Spot UV,Silk,Spot UV Front,4/4 (4 color both sides),5000,Score in Half,Moon Slits Bottom Panel,Yes 5000 Envelopes A2
Majestic,Silk,5.5 x 8.5,Vertical,Rectangle,16PT C2S,Spot UV,Silk,Spot UV Front,4/4 (4 color both sides),5000,Score in Half,Moon Slits Bottom Panel,Yes 5000 Envelopes A2
Majestic,Silk,4.25 x 11,Horizontal,Rectangle,16PT C2S,Spot UV,Silk,Spot UV Back,4/4 (4 color both sides),5000,Score in Half,Moon Slits Bottom Panel,Yes 5000 Envelopes A2
Majestic,Silk,5.5 x 8.5,Horizontal,Rectangle,16PT C2S,Spot UV,Silk,Spot UV Back,4/4 (4 color both sides),5000,Score in Half,Moon Slits Bottom Panel,Yes 5000 Envelopes A2
Majestic,Silk,4.25 x 11,Vertical,Rectangle,16PT C2S,Spot UV,Silk,Spot UV Back,4/4 (4 color both sides),5000,Score in Half,Moon Slits Bottom Panel,Yes 5000 Envelopes A2
Majestic,Silk,5.5 x 8.5,Vertical,Rectangle,16PT C2S,Spot UV,Silk,Spot UV Back,4/4 (4 color both sides),5000,Score in Half,Moon Slits Bottom Panel,Yes 5000 Envelopes A2
Majestic,Silk,4.25 x 11,Horizontal,Rectangle,16PT C2S,Spot UV,Silk,Spot UV Both Sides,4/4 (4 color both sides),5000,Score in Half,Moon Slits Bottom Panel,Yes 5000 Envelopes A2
Majestic,Silk,5.5 x 8.5,Horizontal,Rectangle,16PT C2S,Spot UV,Silk,Spot UV Both Sides,4/4 (4 color both sides),5000,Score in Half,Moon Slits Bottom Panel,Yes 5000 Envelopes A2
Majestic,Silk,4.25 x 11,Vertical,Rectangle,16PT C2S,Spot UV,Silk,Spot UV Both Sides,4/4 (4 color both sides),5000,Score in Half,Moon Slits Bottom Panel,Yes 5000 Envelopes A2
Majestic,Silk,5.5 x 8.5,Vertical,Rectangle,16PT C2S,Spot UV,Silk,Spot UV Both Sides,4/4 (4 color both sides),5000,Score in Half,Moon Slits Bottom Panel,Yes 5000 Envelopes A2
Majestic,Silk,4.25 x 11,Horizontal,Rectangle,16PT C2S,Spot UV,Silk,Spot UV Front,4/1,10000,Score in Half,Moon Slits Bottom Panel,Yes 5000 Envelopes A2
Majestic,Silk,5.5 x 8.5,Horizontal,Rectangle,16PT C2S,Spot UV,Silk,Spot UV Front,4/1,10000,Score in Half,Moon Slits Bottom Panel,Yes 5000 Envelopes A2
Majestic,Silk,4.25 x 11,Vertical,Rectangle,16PT C2S,Spot UV,Silk,Spot UV Front,4/1,10000,Score in Half,Moon Slits Bottom Panel,Yes 5000 Envelopes A2
Majestic,Silk,5.5 x 8.5,Vertical,Rectangle,16PT C2S,Spot UV,Silk,Spot UV Front,4/1,10000,Score in Half,Moon Slits Bottom Panel,Yes 5000 Envelopes A2
Majestic,Silk,4.25 x 11,Horizontal,Rectangle,16PT C2S,Spot UV,Silk,Spot UV Back,4/1,10000,Score in Half,Moon Slits Bottom Panel,Yes 5000 Envelopes A2
Majestic,Silk,5.5 x 8.5,Horizontal,Rectangle,16PT C2S,Spot UV,Silk,Spot UV Back,4/1,10000,Score in Half,Moon Slits Bottom Panel,Yes 5000 Envelopes A2
Majestic,Silk,4.25 x 11,Vertical,Rectangle,16PT C2S,Spot UV,Silk,Spot UV Back,4/1,10000,Score in Half,Moon Slits Bottom Panel,Yes 5000 Envelopes A2
Majestic,Silk,5.5 x 8.5,Vertical,Rectangle,16PT C2S,Spot UV,Silk,Spot UV Back,4/1,10000,Score in Half,Moon Slits Bottom Panel,Yes 5000 Envelopes A2
Majestic,Silk,4.25 x 11,Horizontal,Rectangle,16PT C2S,Spot UV,Silk,Spot UV Both Sides,4/1,10000,Score in Half,Moon Slits Bottom Panel,Yes 5000 Envelopes A2
Majestic,Silk,5.5 x 8.5,Horizontal,Rectangle,16PT C2S,Spot UV,Silk,Spot UV Both Sides,4/1,10000,Score in Half,Moon Slits Bottom Panel,Yes 5000 Envelopes A2
Majestic,Silk,4.25 x 11,Vertical,Rectangle,16PT C2S,Spot UV,Silk,Spot UV Both Sides,4/1,10000,Score in Half,Moon Slits Bottom Panel,Yes 5000 Envelopes A2
Majestic,Silk,5.5 x 8.5,Vertical,Rectangle,16PT C2S,Spot UV,Silk,Spot UV Both Sides,4/1,10000,Score in Half,Moon Slits Bottom Panel,Yes 5000 Envelopes A2
Majestic,Silk,4.25 x 11,Horizontal,Rectangle,16PT C2S,Spot UV,Silk,Spot UV Front,4/4 (4 color both sides),10000,Score in Half,Moon Slits Bottom Panel,Yes 5000 Envelopes A2
Majestic,Silk,5.5 x 8.5,Horizontal,Rectangle,16PT C2S,Spot UV,Silk,Spot UV Front,4/4 (4 color both sides),10000,Score in Half,Moon Slits Bottom Panel,Yes 5000 Envelopes A2
Majestic,Silk,4.25 x 11,Vertical,Rectangle,16PT C2S,Spot UV,Silk,Spot UV Front,4/4 (4 color both sides),10000,Score in Half,Moon Slits Bottom Panel,Yes 5000 Envelopes A2
Majestic,Silk,4.25 x 11,Horizontal,Rectangle,16PT C2S,Spot UV,Silk,Spot UV Back,4/4 (4 color both sides),10000,Score in Half,Moon Slits Bottom Panel,Yes 5000 Envelopes A2
Majestic,Silk,5.5 x 8.5,Vertical,Rectangle,16PT C2S,Spot UV,Silk,Spot UV Front,4/4 (4 color both sides),10000,Score in Half,Moon Slits Bottom Panel,Yes 5000 Envelopes A2
Majestic,Silk,4.25 x 11,Horizontal,Rectangle,16PT C2S,Spot UV,Silk,Spot UV Both Sides,4/4 (4 color both sides),10000,Score in Half,Slide Slits Right Panel,Yes 2500 Envelopes A2
Majestic,Silk,4.25 x 11,Vertical,Rectangle,16PT C2S,Spot UV,Silk,Spot UV Back,4/4 (4 color both sides),10000,Score in Half,Moon Slits Bottom Panel,Yes 5000 Envelopes A2
Majestic,Silk,5.5 x 8.5,Vertical,Rectangle,16PT C2S,Spot UV,Silk,Spot UV Back,4/4 (4 color both sides),10000,Score in Half,Moon Slits Bottom Panel,Yes 5000 Envelopes A2
Majestic,Silk,4.25 x 11,Horizontal,Rectangle,16PT C2S,Spot UV,Silk,Spot UV Both Sides,4/4 (4 color both sides),10000,Score in Half,Moon Slits Bottom Panel,Yes 5000 Envelopes A2
Majestic,Silk,5.5 x 8.5,Horizontal,Rectangle,16PT C2S,Spot UV,Silk,Spot UV Both Sides,4/4 (4 color both sides),10000,Score in Half,Moon Slits Bottom Panel,Yes 5000 Envelopes A2
Majestic,Silk,4.25 x 11,Vertical,Rectangle,16PT C2S,Spot UV,Silk,Spot UV Both Sides,4/4 (4 color both sides),10000,Score in Half,Moon Slits Bottom Panel,Yes 5000 Envelopes A2
Majestic,Silk,5.5 x 8.5,Vertical,Rectangle,16PT C2S,Spot UV,Silk,Spot UV Both Sides,4/4 (4 color both sides),10000,Score in Half,Moon Slits Bottom Panel,Yes 5000 Envelopes A2
Majestic,Silk,4.25 x 11,Horizontal,Rectangle,16PT C2S,Spot UV,Silk,Spot UV Front,4/1,500,Score in Half,Moon Slits Right Panel,Yes 5000 Envelopes A2
Majestic,Silk,5.5 x 8.5,Horizontal,Rectangle,16PT C2S,Spot UV,Silk,Spot UV Front,4/1,500,Score in Half,Moon Slits Right Panel,Yes 5000 Envelopes A2
Majestic,Silk,4.25 x 11,Vertical,Rectangle,16PT C2S,Spot UV,Silk,Spot UV Front,4/1,500,Score in Half,Moon Slits Right Panel,Yes 5000 Envelopes A2
Majestic,Silk,5.5 x 8.5,Vertical,Rectangle,16PT C2S,Spot UV,Silk,Spot UV Front,4/1,500,Score in Half,Moon Slits Right Panel,Yes 5000 Envelopes A2
Majestic,Silk,4.25 x 11,Horizontal,Rectangle,16PT C2S,Spot UV,Silk,Spot UV Back,4/1,500,Score in Half,Moon Slits Right Panel,Yes 5000 Envelopes A2
Majestic,Silk,5.5 x 8.5,Horizontal,Rectangle,16PT C2S,Spot UV,Silk,Spot UV Back,4/4 (4 color both sides),10000,Score in Half,Moon Slits Bottom Panel,Yes 5000 Envelopes A2
Majestic,Silk,4.25 x 11,Vertical,Rectangle,16PT C2S,Spot UV,Silk,Spot UV Back,4/1,500,Score in Half,Moon Slits Right Panel,Yes 5000 Envelopes A2
Majestic,Silk,5.5 x 8.5,Vertical,Rectangle,16PT C2S,Spot UV,Silk,Spot UV Back,4/1,500,Score in Half,Moon Slits Right Panel,Yes 5000 Envelopes A2
Majestic,Silk,4.25 x 11,Horizontal,Rectangle,16PT C2S,Spot UV,Silk,Spot UV Both Sides,4/1,500,Score in Half,Moon Slits Right Panel,Yes 5000 Envelopes A2
Majestic,Silk,5.5 x 8.5,Horizontal,Rectangle,16PT C2S,Spot UV,Silk,Spot UV Both Sides,4/1,500,Score in Half,Moon Slits Right Panel,Yes 5000 Envelopes A2
Majestic,Silk,4.25 x 11,Vertical,Rectangle,16PT C2S,Spot UV,Silk,Spot UV Both Sides,4/1,500,Score in Half,Moon Slits Right Panel,Yes 5000 Envelopes A2
Majestic,Silk,5.5 x 8.5,Vertical,Rectangle,16PT C2S,Spot UV,Silk,Spot UV Both Sides,4/1,500,Score in Half,Moon Slits Right Panel,Yes 5000 Envelopes A2
Majestic,Silk,4.25 x 11,Horizontal,Rectangle,16PT C2S,Spot UV,Silk,Spot UV Front,4/4 (4 color both sides),500,Score in Half,Moon Slits Right Panel,Yes 5000 Envelopes A2
Majestic,Silk,5.5 x 8.5,Horizontal,Rectangle,16PT C2S,Spot UV,Silk,Spot UV Front,4/4 (4 color both sides),500,Score in Half,Moon Slits Right Panel,Yes 5000 Envelopes A2
Majestic,Silk,4.25 x 11,Vertical,Rectangle,16PT C2S,Spot UV,Silk,Spot UV Front,4/4 (4 color both sides),500,Score in Half,Moon Slits Right Panel,Yes 5000 Envelopes A2
Majestic,Silk,5.5 x 8.5,Vertical,Rectangle,16PT C2S,Spot UV,Silk,Spot UV Front,4/4 (4 color both sides),500,Score in Half,Moon Slits Right Panel,Yes 5000 Envelopes A2
Majestic,Silk,4.25 x 11,Horizontal,Rectangle,16PT C2S,Spot UV,Silk,Spot UV Back,4/4 (4 color both sides),500,Score in Half,Moon Slits Right Panel,Yes 5000 Envelopes A2
Majestic,Silk,4.25 x 11,Vertical,Rectangle,16PT C2S,Spot UV,Silk,Spot UV Back,4/4 (4 color both sides),500,Score in Half,Moon Slits Right Panel,Yes 5000 Envelopes A2
Majestic,Silk,5.5 x 8.5,Vertical,Rectangle,16PT C2S,Spot UV,Silk,Spot UV Back,4/4 (4 color both sides),500,Score in Half,Moon Slits Right Panel,Yes 5000 Envelopes A2
Majestic,Silk,5.5 x 8.5,Horizontal,Rectangle,16PT C2S,Spot UV,Silk,Spot UV Back,4/4 (4 color both sides),500,Score in Half,Moon Slits Right Panel,Yes 5000 Envelopes A2
Majestic,Silk,4.25 x 11,Horizontal,Rectangle,16PT C2S,Spot UV,Silk,Spot UV Both Sides,4/4 (4 color both sides),500,Score in Half,Moon Slits Right Panel,Yes 5000 Envelopes A2
Majestic,Silk,5.5 x 8.5,Horizontal,Rectangle,16PT C2S,Spot UV,Silk,Spot UV Both Sides,4/4 (4 color both sides),500,Score in Half,Moon Slits Right Panel,Yes 5000 Envelopes A2
Majestic,Silk,4.25 x 11,Vertical,Rectangle,16PT C2S,Spot UV,Silk,Spot UV Both Sides,4/4 (4 color both sides),500,Score in Half,Moon Slits Right Panel,Yes 5000 Envelopes A2
Majestic,Silk,4.25 x 11,Horizontal,Rectangle,16PT C2S,Spot UV,Silk,Spot UV Front,4/1,1000,Score in Half,Moon Slits Right Panel,Yes 5000 Envelopes A2
Majestic,Silk,5.5 x 8.5,Vertical,Rectangle,16PT C2S,Spot UV,Silk,Spot UV Both Sides,4/4 (4 color both sides),500,Score in Half,Moon Slits Right Panel,Yes 5000 Envelopes A2
Majestic,Silk,5.5 x 8.5,Horizontal,Rectangle,16PT C2S,Spot UV,Silk,Spot UV Front,4/1,1000,Score in Half,Moon Slits Right Panel,Yes 5000 Envelopes A2
Majestic,Silk,4.25 x 11,Vertical,Rectangle,16PT C2S,Spot UV,Silk,Spot UV Front,4/1,1000,Score in Half,Moon Slits Right Panel,Yes 5000 Envelopes A2
Majestic,Silk,4.25 x 11,Horizontal,Rectangle,16PT C2S,Spot UV,Silk,Spot UV Back,4/1,1000,Score in Half,Moon Slits Right Panel,Yes 5000 Envelopes A2
Majestic,Silk,5.5 x 8.5,Vertical,Rectangle,16PT C2S,Spot UV,Silk,Spot UV Front,4/1,1000,Score in Half,Moon Slits Right Panel,Yes 5000 Envelopes A2
Majestic,Silk,5.5 x 8.5,Horizontal,Rectangle,16PT C2S,Spot UV,Silk,Spot UV Back,4/1,1000,Score in Half,Moon Slits Right Panel,Yes 5000 Envelopes A2
Majestic,Silk,4.25 x 11,Vertical,Rectangle,16PT C2S,Spot UV,Silk,Spot UV Back,4/1,1000,Score in Half,Moon Slits Right Panel,Yes 5000 Envelopes A2
Majestic,Silk,5.5 x 8.5,Vertical,Rectangle,16PT C2S,Spot UV,Silk,Spot UV Back,4/1,1000,Score in Half,Moon Slits Right Panel,Yes 5000 Envelopes A2
Majestic,Silk,4.25 x 11,Horizontal,Rectangle,16PT C2S,Spot UV,Silk,Spot UV Both Sides,4/1,1000,Score in Half,Moon Slits Right Panel,Yes 5000 Envelopes A2
Majestic,Silk,5.5 x 8.5,Horizontal,Rectangle,16PT C2S,Spot UV,Silk,Spot UV Both Sides,4/1,1000,Score in Half,Moon Slits Right Panel,Yes 5000 Envelopes A2
Majestic,Silk,4.25 x 11,Vertical,Rectangle,16PT C2S,Spot UV,Silk,Spot UV Both Sides,4/1,1000,Score in Half,Moon Slits Right Panel,Yes 5000 Envelopes A2
Majestic,Silk,5.5 x 8.5,Vertical,Rectangle,16PT C2S,Spot UV,Silk,Spot UV Both Sides,4/1,1000,Score in Half,Moon Slits Right Panel,Yes 5000 Envelopes A2
Majestic,Silk,4.25 x 11,Horizontal,Rectangle,16PT C2S,Spot UV,Silk,Spot UV Front,4/4 (4 color both sides),1000,Score in Half,Moon Slits Right Panel,Yes 5000 Envelopes A2
Majestic,Silk,5.5 x 8.5,Horizontal,Rectangle,16PT C2S,Spot UV,Silk,Spot UV Front,4/4 (4 color both sides),1000,Score in Half,Moon Slits Right Panel,Yes 5000 Envelopes A2
Majestic,Silk,4.25 x 11,Vertical,Rectangle,16PT C2S,Spot UV,Silk,Spot UV Front,4/4 (4 color both sides),1000,Score in Half,Moon Slits Right Panel,Yes 5000 Envelopes A2
Majestic,Silk,4.25 x 11,Horizontal,Rectangle,16PT C2S,Spot UV,Silk,Spot UV Back,4/4 (4 color both sides),1000,Score in Half,Moon Slits Right Panel,Yes 5000 Envelopes A2
Majestic,Silk,5.5 x 8.5,Horizontal,Rectangle,16PT C2S,Spot UV,Silk,Spot UV Back,4/4 (4 color both sides),1000,Score in Half,Moon Slits Right Panel,Yes 5000 Envelopes A2
Majestic,Silk,4.25 x 11,Vertical,Rectangle,16PT C2S,Spot UV,Silk,Spot UV Back,4/4 (4 color both sides),1000,Score in Half,Moon Slits Right Panel,Yes 5000 Envelopes A2
Majestic,Silk,5.5 x 8.5,Vertical,Rectangle,16PT C2S,Spot UV,Silk,Spot UV Back,4/4 (4 color both sides),1000,Score in Half,Moon Slits Right Panel,Yes 5000 Envelopes A2
Majestic,Silk,4.25 x 11,Horizontal,Rectangle,16PT C2S,Spot UV,Silk,Spot UV Both Sides,4/4 (4 color both sides),1000,Score in Half,Moon Slits Right Panel,Yes 5000 Envelopes A2
Majestic,Silk,5.5 x 8.5,Vertical,Rectangle,16PT C2S,Spot UV,Silk,Spot UV Front,4/4 (4 color both sides),1000,Score in Half,Moon Slits Right Panel,Yes 5000 Envelopes A2
Majestic,Silk,5.5 x 8.5,Horizontal,Rectangle,16PT C2S,Spot UV,Silk,Spot UV Both Sides,4/4 (4 color both sides),1000,Score in Half,Moon Slits Right Panel,Yes 5000 Envelopes A2
Majestic,Silk,4.25 x 11,Vertical,Rectangle,16PT C2S,Spot UV,Silk,Spot UV Both Sides,4/4 (4 color both sides),1000,Score in Half,Moon Slits Right Panel,Yes 5000 Envelopes A2
Majestic,Silk,5.5 x 8.5,Vertical,Rectangle,16PT C2S,Spot UV,Silk,Spot UV Both Sides,4/4 (4 color both sides),1000,Score in Half,Moon Slits Right Panel,Yes 5000 Envelopes A2
Majestic,Silk,4.25 x 11,Horizontal,Rectangle,16PT C2S,Spot UV,Silk,Spot UV Front,4/1,2500,Score in Half,Moon Slits Right Panel,Yes 5000 Envelopes A2
Majestic,Silk,5.5 x 8.5,Horizontal,Rectangle,16PT C2S,Spot UV,Silk,Spot UV Front,4/1,2500,Score in Half,Moon Slits Right Panel,Yes 5000 Envelopes A2
Majestic,Silk,4.25 x 11,Vertical,Rectangle,16PT C2S,Spot UV,Silk,Spot UV Front,4/1,2500,Score in Half,Moon Slits Right Panel,Yes 5000 Envelopes A2
Majestic,Silk,5.5 x 8.5,Vertical,Rectangle,16PT C2S,Spot UV,Silk,Spot UV Front,4/1,2500,Score in Half,Moon Slits Right Panel,Yes 5000 Envelopes A2
Majestic,Silk,4.25 x 11,Horizontal,Rectangle,16PT C2S,Spot UV,Silk,Spot UV Back,4/1,2500,Score in Half,Moon Slits Right Panel,Yes 5000 Envelopes A2
Majestic,Silk,5.5 x 8.5,Horizontal,Rectangle,16PT C2S,Spot UV,Silk,Spot UV Back,4/1,2500,Score in Half,Moon Slits Right Panel,Yes 5000 Envelopes A2
Majestic,Silk,4.25 x 11,Vertical,Rectangle,16PT C2S,Spot UV,Silk,Spot UV Back,4/1,2500,Score in Half,Moon Slits Right Panel,Yes 5000 Envelopes A2
Majestic,Silk,5.5 x 8.5,Vertical,Rectangle,16PT C2S,Spot UV,Silk,Spot UV Back,4/1,2500,Score in Half,Moon Slits Right Panel,Yes 5000 Envelopes A2
Majestic,Silk,5.5 x 8.5,Horizontal,Rectangle,16PT C2S,Spot UV,Silk,Spot UV Both Sides,4/1,2500,Score in Half,Moon Slits Right Panel,Yes 5000 Envelopes A2
Majestic,Silk,4.25 x 11,Horizontal,Rectangle,16PT C2S,Spot UV,Silk,Spot UV Both Sides,4/1,2500,Score in Half,Moon Slits Right Panel,Yes 5000 Envelopes A2
Majestic,Silk,4.25 x 11,Vertical,Rectangle,16PT C2S,Spot UV,Silk,Spot UV Both Sides,4/1,2500,Score in Half,Moon Slits Right Panel,Yes 5000 Envelopes A2
Majestic,Silk,5.5 x 8.5,Vertical,Rectangle,16PT C2S,Spot UV,Silk,Spot UV Both Sides,4/1,2500,Score in Half,Moon Slits Right Panel,Yes 5000 Envelopes A2
Majestic,Silk,4.25 x 11,Horizontal,Rectangle,16PT C2S,Spot UV,Silk,Spot UV Front,4/4 (4 color both sides),2500,Score in Half,Moon Slits Right Panel,Yes 5000 Envelopes A2
Majestic,Silk,5.5 x 8.5,Horizontal,Rectangle,16PT C2S,Spot UV,Silk,Spot UV Front,4/4 (4 color both sides),2500,Score in Half,Moon Slits Right Panel,Yes 5000 Envelopes A2
Majestic,Silk,5.5 x 8.5,Vertical,Rectangle,16PT C2S,Spot UV,Silk,Spot UV Front,4/4 (4 color both sides),2500,Score in Half,Moon Slits Right Panel,Yes 5000 Envelopes A2
Majestic,Silk,4.25 x 11,Vertical,Rectangle,16PT C2S,Spot UV,Silk,Spot UV Front,4/4 (4 color both sides),2500,Score in Half,Moon Slits Right Panel,Yes 5000 Envelopes A2
Majestic,Silk,4.25 x 11,Horizontal,Rectangle,16PT C2S,Spot UV,Silk,Spot UV Back,4/4 (4 color both sides),2500,Score in Half,Moon Slits Right Panel,Yes 5000 Envelopes A2
Majestic,Silk,5.5 x 8.5,Vertical,Rectangle,16PT C2S,Spot UV,Silk,Spot UV Back,4/4 (4 color both sides),2500,Score in Half,Moon Slits Right Panel,Yes 5000 Envelopes A2
Majestic,Silk,5.5 x 8.5,Horizontal,Rectangle,16PT C2S,Spot UV,Silk,Spot UV Back,4/4 (4 color both sides),2500,Score in Half,Moon Slits Right Panel,Yes 5000 Envelopes A2
Majestic,Silk,4.25 x 11,Vertical,Rectangle,16PT C2S,Spot UV,Silk,Spot UV Back,4/4 (4 color both sides),2500,Score in Half,Moon Slits Right Panel,Yes 5000 Envelopes A2
Majestic,Silk,4.25 x 11,Horizontal,Rectangle,16PT C2S,Spot UV,Silk,Spot UV Both Sides,4/4 (4 color both sides),2500,Score in Half,Moon Slits Right Panel,Yes 5000 Envelopes A2
Majestic,Silk,5.5 x 8.5,Vertical,Rectangle,16PT C2S,Spot UV,Silk,Spot UV Both Sides,4/4 (4 color both sides),2500,Score in Half,Moon Slits Right Panel,Yes 5000 Envelopes A2
Majestic,Silk,5.5 x 8.5,Horizontal,Rectangle,16PT C2S,Spot UV,Silk,Spot UV Both Sides,4/4 (4 color both sides),2500,Score in Half,Moon Slits Right Panel,Yes 5000 Envelopes A2
Majestic,Silk,4.25 x 11,Vertical,Rectangle,16PT C2S,Spot UV,Silk,Spot UV Both Sides,4/4 (4 color both sides),2500,Score in Half,Moon Slits Right Panel,Yes 5000 Envelopes A2
Majestic,Silk,4.25 x 11,Horizontal,Rectangle,16PT C2S,Spot UV,Silk,Spot UV Front,4/1,5000,Score in Half,Moon Slits Right Panel,Yes 5000 Envelopes A2
Majestic,Silk,5.5 x 8.5,Horizontal,Rectangle,16PT C2S,Spot UV,Silk,Spot UV Front,4/1,5000,Score in Half,Moon Slits Right Panel,Yes 5000 Envelopes A2
Majestic,Silk,4.25 x 11,Vertical,Rectangle,16PT C2S,Spot UV,Silk,Spot UV Front,4/1,5000,Score in Half,Moon Slits Right Panel,Yes 5000 Envelopes A2
Majestic,Silk,4.25 x 11,Horizontal,Rectangle,16PT C2S,Spot UV,Silk,Spot UV Back,4/1,5000,Score in Half,Moon Slits Right Panel,Yes 5000 Envelopes A2
Majestic,Silk,5.5 x 8.5,Vertical,Rectangle,16PT C2S,Spot UV,Silk,Spot UV Front,4/1,5000,Score in Half,Moon Slits Right Panel,Yes 5000 Envelopes A2
Majestic,Silk,5.5 x 8.5,Horizontal,Rectangle,16PT C2S,Spot UV,Silk,Spot UV Back,4/1,5000,Score in Half,Moon Slits Right Panel,Yes 5000 Envelopes A2
Majestic,Silk,4.25 x 11,Vertical,Rectangle,16PT C2S,Spot UV,Silk,Spot UV Back,4/1,5000,Score in Half,Moon Slits Right Panel,Yes 5000 Envelopes A2
Majestic,Silk,5.5 x 8.5,Vertical,Rectangle,16PT C2S,Spot UV,Silk,Spot UV Back,4/1,5000,Score in Half,Moon Slits Right Panel,Yes 5000 Envelopes A2
Majestic,Silk,4.25 x 11,Horizontal,Rectangle,16PT C2S,Spot UV,Silk,Spot UV Both Sides,4/1,5000,Score in Half,Moon Slits Right Panel,Yes 5000 Envelopes A2
Majestic,Silk,4.25 x 11,Vertical,Rectangle,16PT C2S,Spot UV,Silk,Spot UV Both Sides,4/1,5000,Score in Half,Moon Slits Right Panel,Yes 5000 Envelopes A2
Majestic,Silk,5.5 x 8.5,Horizontal,Rectangle,16PT C2S,Spot UV,Silk,Spot UV Both Sides,4/1,5000,Score in Half,Moon Slits Right Panel,Yes 5000 Envelopes A2
Majestic,Silk,5.5 x 8.5,Vertical,Rectangle,16PT C2S,Spot UV,Silk,Spot UV Both Sides,4/1,5000,Score in Half,Moon Slits Right Panel,Yes 5000 Envelopes A2
Majestic,Silk,4.25 x 11,Horizontal,Rectangle,16PT C2S,Spot UV,Silk,Spot UV Front,4/4 (4 color both sides),5000,Score in Half,Moon Slits Right Panel,Yes 5000 Envelopes A2
Majestic,Silk,5.5 x 8.5,Horizontal,Rectangle,16PT C2S,Spot UV,Silk,Spot UV Front,4/4 (4 color both sides),5000,Score in Half,Moon Slits Right Panel,Yes 5000 Envelopes A2
Majestic,Silk,4.25 x 11,Vertical,Rectangle,16PT C2S,Spot UV,Silk,Spot UV Front,4/4 (4 color both sides),5000,Score in Half,Moon Slits Right Panel,Yes 5000 Envelopes A2
Majestic,Silk,5.5 x 8.5,Vertical,Rectangle,16PT C2S,Spot UV,Silk,Spot UV Front,4/4 (4 color both sides),5000,Score in Half,Moon Slits Right Panel,Yes 5000 Envelopes A2
Majestic,Silk,4.25 x 11,Horizontal,Rectangle,16PT C2S,Spot UV,Silk,Spot UV Back,4/4 (4 color both sides),5000,Score in Half,Moon Slits Right Panel,Yes 5000 Envelopes A2
Majestic,Silk,4.25 x 11,Vertical,Rectangle,16PT C2S,Spot UV,Silk,Spot UV Back,4/4 (4 color both sides),5000,Score in Half,Moon Slits Right Panel,Yes 5000 Envelopes A2
Majestic,Silk,5.5 x 8.5,Vertical,Rectangle,16PT C2S,Spot UV,Silk,Spot UV Back,4/4 (4 color both sides),5000,Score in Half,Moon Slits Right Panel,Yes 5000 Envelopes A2
Majestic,Silk,5.5 x 8.5,Horizontal,Rectangle,16PT C2S,Spot UV,Silk,Spot UV Back,4/4 (4 color both sides),5000,Score in Half,Moon Slits Right Panel,Yes 5000 Envelopes A2
Majestic,Silk,4.25 x 11,Vertical,Rectangle,16PT C2S,Spot UV,Silk,Spot UV Both Sides,4/4 (4 color both sides),5000,Score in Half,Moon Slits Right Panel,Yes 5000 Envelopes A2
Majestic,Silk,4.25 x 11,Horizontal,Rectangle,16PT C2S,Spot UV,Silk,Spot UV Front,4/1,10000,Score in Half,Moon Slits Right Panel,Yes 5000 Envelopes A2
Majestic,Silk,5.5 x 8.5,Vertical,Rectangle,16PT C2S,Spot UV,Silk,Spot UV Both Sides,4/4 (4 color both sides),5000,Score in Half,Moon Slits Right Panel,Yes 5000 Envelopes A2
Majestic,Silk,4.25 x 11,Vertical,Rectangle,16PT C2S,Spot UV,Silk,Spot UV Front,4/1,10000,Score in Half,Moon Slits Right Panel,Yes 5000 Envelopes A2
Majestic,Silk,5.5 x 8.5,Horizontal,Rectangle,16PT C2S,Spot UV,Silk,Spot UV Front,4/1,10000,Score in Half,Moon Slits Right Panel,Yes 5000 Envelopes A2
Majestic,Silk,5.5 x 8.5,Vertical,Rectangle,16PT C2S,Spot UV,Silk,Spot UV Front,4/1,10000,Score in Half,Moon Slits Right Panel,Yes 5000 Envelopes A2
Majestic,Silk,5.5 x 8.5,Horizontal,Rectangle,16PT C2S,Spot UV,Silk,Spot UV Back,4/1,10000,Score in Half,Moon Slits Right Panel,Yes 5000 Envelopes A2
Majestic,Silk,4.25 x 11,Horizontal,Rectangle,16PT C2S,Spot UV,Silk,Spot UV Both Sides,4/4 (4 color both sides),5000,Score in Half,Moon Slits Right Panel,Yes 5000 Envelopes A2
Majestic,Silk,4.25 x 11,Horizontal,Rectangle,16PT C2S,Spot UV,Silk,Spot UV Back,4/1,10000,Score in Half,Moon Slits Right Panel,Yes 5000 Envelopes A2
Majestic,Silk,5.5 x 8.5,Horizontal,Rectangle,16PT C2S,Spot UV,Silk,Spot UV Both Sides,4/4 (4 color both sides),5000,Score in Half,Moon Slits Right Panel,Yes 5000 Envelopes A2
Majestic,Silk,5.5 x 8.5,Horizontal,Rectangle,16PT C2S,Spot UV,Silk,Spot UV Both Sides,4/1,10000,Score in Half,Moon Slits Right Panel,Yes 5000 Envelopes A2
Majestic,Silk,4.25 x 11,Horizontal,Rectangle,16PT C2S,Spot UV,Silk,Spot UV Both Sides,4/1,10000,Score in Half,Moon Slits Right Panel,Yes 5000 Envelopes A2
Majestic,Silk,4.25 x 11,Vertical,Rectangle,16PT C2S,Spot UV,Silk,Spot UV Back,4/1,10000,Score in Half,Moon Slits Right Panel,Yes 5000 Envelopes A2
Majestic,Silk,4.25 x 11,Vertical,Rectangle,16PT C2S,Spot UV,Silk,Spot UV Both Sides,4/1,10000,Score in Half,Moon Slits Right Panel,Yes 5000 Envelopes A2
Majestic,Silk,5.5 x 8.5,Vertical,Rectangle,16PT C2S,Spot UV,Silk,Spot UV Both Sides,4/1,10000,Score in Half,Moon Slits Right Panel,Yes 5000 Envelopes A2
Majestic,Silk,5.5 x 8.5,Horizontal,Rectangle,16PT C2S,Spot UV,Silk,Spot UV Front,4/4 (4 color both sides),10000,Score in Half,Moon Slits Right Panel,Yes 5000 Envelopes A2
Majestic,Silk,5.5 x 8.5,Vertical,Rectangle,16PT C2S,Spot UV,Silk,Spot UV Back,4/1,10000,Score in Half,Moon Slits Right Panel,Yes 5000 Envelopes A2
Majestic,Silk,4.25 x 11,Vertical,Rectangle,16PT C2S,Spot UV,Silk,Spot UV Front,4/4 (4 color both sides),10000,Score in Half,Moon Slits Right Panel,Yes 5000 Envelopes A2
Majestic,Silk,4.25 x 11,Horizontal,Rectangle,16PT C2S,Spot UV,Silk,Spot UV Front,4/4 (4 color both sides),10000,Score in Half,Moon Slits Right Panel,Yes 5000 Envelopes A2
Majestic,Silk,5.5 x 8.5,Vertical,Rectangle,16PT C2S,Spot UV,Silk,Spot UV Front,4/4 (4 color both sides),10000,Score in Half,Moon Slits Right Panel,Yes 5000 Envelopes A2
Majestic,Silk,5.5 x 8.5,Horizontal,Rectangle,16PT C2S,Spot UV,Silk,Spot UV Back,4/4 (4 color both sides),10000,Score in Half,Moon Slits Right Panel,Yes 5000 Envelopes A2
Majestic,Silk,4.25 x 11,Horizontal,Rectangle,16PT C2S,Spot UV,Silk,Spot UV Back,4/4 (4 color both sides),10000,Score in Half,Moon Slits Right Panel,Yes 5000 Envelopes A2
Majestic,Silk,4.25 x 11,Horizontal,Rectangle,16PT C2S,Spot UV,Silk,Spot UV Front,4/1,500,Score in Half,Moon Slits Bottom Panel,Yes 5000 Envelopes A2
Majestic,Silk,4.25 x 11,Vertical,Rectangle,16PT C2S,Spot UV,Silk,Spot UV Back,4/4 (4 color both sides),10000,Score in Half,Moon Slits Right Panel,Yes 5000 Envelopes A2
Majestic,Silk,4.25 x 11,Horizontal,Rectangle,16PT C2S,Spot UV,Silk,Spot UV Both Sides,4/4 (4 color both sides),10000,Score in Half,Moon Slits Right Panel,Yes 5000 Envelopes A2
Majestic,Silk,5.5 x 8.5,Vertical,Rectangle,16PT C2S,Spot UV,Silk,Spot UV Back,4/4 (4 color both sides),10000,Score in Half,Moon Slits Right Panel,Yes 5000 Envelopes A2
Majestic,Silk,4.25 x 11,Vertical,Rectangle,16PT C2S,Spot UV,Silk,Spot UV Both Sides,4/4 (4 color both sides),10000,Score in Half,Moon Slits Right Panel,Yes 5000 Envelopes A2
Majestic,Silk,5.5 x 8.5,Vertical,Rectangle,16PT C2S,Spot UV,Silk,Spot UV Both Sides,4/4 (4 color both sides),10000,Score in Half,Moon Slits Right Panel,Yes 5000 Envelopes A2
Majestic,Silk,4.25 x 11,Horizontal,Rectangle,16PT C2S,Spot UV,Silk,Spot UV Front,4/1,500,Score in Half,No Gift Cards Slits,Yes 5000 Envelopes A2
Majestic,Silk,4.25 x 11,Vertical,Rectangle,16PT C2S,Spot UV,Silk,Spot UV Front,4/1,500,Score in Half,No Gift Cards Slits,Yes 5000 Envelopes A2
Majestic,Silk,5.5 x 8.5,Horizontal,Rectangle,16PT C2S,Spot UV,Silk,Spot UV Front,4/1,500,Score in Half,No Gift Cards Slits,Yes 5000 Envelopes A2
Majestic,Silk,4.25 x 11,Horizontal,Rectangle,16PT C2S,Spot UV,Silk,Spot UV Back,4/1,500,Score in Half,No Gift Cards Slits,Yes 5000 Envelopes A2
Majestic,Silk,5.5 x 8.5,Vertical,Rectangle,16PT C2S,Spot UV,Silk,Spot UV Front,4/1,500,Score in Half,No Gift Cards Slits,Yes 5000 Envelopes A2
Majestic,Silk,5.5 x 8.5,Horizontal,Rectangle,16PT C2S,Spot UV,Silk,Spot UV Back,4/1,500,Score in Half,No Gift Cards Slits,Yes 5000 Envelopes A2
Majestic,Silk,4.25 x 11,Vertical,Rectangle,16PT C2S,Spot UV,Silk,Spot UV Back,4/1,500,Score in Half,No Gift Cards Slits,Yes 5000 Envelopes A2
Majestic,Silk,5.5 x 8.5,Vertical,Rectangle,16PT C2S,Spot UV,Silk,Spot UV Back,4/1,500,Score in Half,No Gift Cards Slits,Yes 5000 Envelopes A2
Majestic,Silk,4.25 x 11,Horizontal,Rectangle,16PT C2S,Spot UV,Silk,Spot UV Both Sides,4/1,500,Score in Half,No Gift Cards Slits,Yes 5000 Envelopes A2
Majestic,Silk,4.25 x 11,Vertical,Rectangle,16PT C2S,Spot UV,Silk,Spot UV Both Sides,4/1,500,Score in Half,No Gift Cards Slits,Yes 5000 Envelopes A2
Majestic,Silk,5.5 x 8.5,Vertical,Rectangle,16PT C2S,Spot UV,Silk,Spot UV Both Sides,4/1,500,Score in Half,No Gift Cards Slits,Yes 5000 Envelopes A2
Majestic,Silk,5.5 x 8.5,Horizontal,Rectangle,16PT C2S,Spot UV,Silk,Spot UV Both Sides,4/1,500,Score in Half,No Gift Cards Slits,Yes 5000 Envelopes A2
Majestic,Silk,4.25 x 11,Horizontal,Rectangle,16PT C2S,Spot UV,Silk,Spot UV Front,4/4 (4 color both sides),500,Score in Half,No Gift Cards Slits,Yes 5000 Envelopes A2
Majestic,Silk,5.5 x 8.5,Horizontal,Rectangle,16PT C2S,Spot UV,Silk,Spot UV Front,4/4 (4 color both sides),500,Score in Half,No Gift Cards Slits,Yes 5000 Envelopes A2
Majestic,Silk,4.25 x 11,Vertical,Rectangle,16PT C2S,Spot UV,Silk,Spot UV Front,4/4 (4 color both sides),500,Score in Half,No Gift Cards Slits,Yes 5000 Envelopes A2
Majestic,Silk,5.5 x 8.5,Vertical,Rectangle,16PT C2S,Spot UV,Silk,Spot UV Front,4/4 (4 color both sides),500,Score in Half,No Gift Cards Slits,Yes 5000 Envelopes A2
Majestic,Silk,4.25 x 11,Horizontal,Rectangle,16PT C2S,Spot UV,Silk,Spot UV Back,4/4 (4 color both sides),500,Score in Half,No Gift Cards Slits,Yes 5000 Envelopes A2
Majestic,Silk,5.5 x 8.5,Horizontal,Rectangle,16PT C2S,Spot UV,Silk,Spot UV Back,4/4 (4 color both sides),500,Score in Half,No Gift Cards Slits,Yes 5000 Envelopes A2
Majestic,Silk,4.25 x 11,Vertical,Rectangle,16PT C2S,Spot UV,Silk,Spot UV Back,4/4 (4 color both sides),500,Score in Half,No Gift Cards Slits,Yes 5000 Envelopes A2
Majestic,Silk,4.25 x 11,Horizontal,Rectangle,16PT C2S,Spot UV,Silk,Spot UV Both Sides,4/4 (4 color both sides),500,Score in Half,No Gift Cards Slits,Yes 5000 Envelopes A2
Majestic,Silk,5.5 x 8.5,Vertical,Rectangle,16PT C2S,Spot UV,Silk,Spot UV Back,4/4 (4 color both sides),500,Score in Half,No Gift Cards Slits,Yes 5000 Envelopes A2
Majestic,Silk,4.25 x 11,Vertical,Rectangle,16PT C2S,Spot UV,Silk,Spot UV Both Sides,4/4 (4 color both sides),500,Score in Half,No Gift Cards Slits,Yes 5000 Envelopes A2
Majestic,Silk,5.5 x 8.5,Horizontal,Rectangle,16PT C2S,Spot UV,Silk,Spot UV Both Sides,4/4 (4 color both sides),500,Score in Half,No Gift Cards Slits,Yes 5000 Envelopes A2
Majestic,Silk,5.5 x 8.5,Vertical,Rectangle,16PT C2S,Spot UV,Silk,Spot UV Both Sides,4/4 (4 color both sides),500,Score in Half,No Gift Cards Slits,Yes 5000 Envelopes A2
Majestic,Silk,5.5 x 8.5,Horizontal,Rectangle,16PT C2S,Spot UV,Silk,Spot UV Front,4/1,1000,Score in Half,No Gift Cards Slits,Yes 5000 Envelopes A2
Majestic,Silk,4.25 x 11,Vertical,Rectangle,16PT C2S,Spot UV,Silk,Spot UV Front,4/1,1000,Score in Half,No Gift Cards Slits,Yes 5000 Envelopes A2
Majestic,Silk,4.25 x 11,Horizontal,Rectangle,16PT C2S,Spot UV,Silk,Spot UV Front,4/1,1000,Score in Half,No Gift Cards Slits,Yes 5000 Envelopes A2
Majestic,Silk,4.25 x 11,Horizontal,Rectangle,16PT C2S,Spot UV,Silk,Spot UV Back,4/1,1000,Score in Half,No Gift Cards Slits,Yes 5000 Envelopes A2
Majestic,Silk,5.5 x 8.5,Horizontal,Rectangle,16PT C2S,Spot UV,Silk,Spot UV Back,4/1,1000,Score in Half,No Gift Cards Slits,Yes 5000 Envelopes A2
Majestic,Silk,5.5 x 8.5,Vertical,Rectangle,16PT C2S,Spot UV,Silk,Spot UV Front,4/1,1000,Score in Half,No Gift Cards Slits,Yes 5000 Envelopes A2
Majestic,Silk,5.5 x 8.5,Horizontal,Rectangle,16PT C2S,Spot UV,Silk,Spot UV Both Sides,4/4 (4 color both sides),10000,Score in Half,Moon Slits Right Panel,Yes 5000 Envelopes A2
Majestic,Silk,5.5 x 8.5,Horizontal,Rectangle,16PT C2S,Spot UV,Silk,Spot UV Both Sides,4/1,1000,Score in Half,No Gift Cards Slits,Yes 5000 Envelopes A2
Majestic,Silk,4.25 x 11,Vertical,Rectangle,16PT C2S,Spot UV,Silk,Spot UV Both Sides,4/1,1000,Score in Half,No Gift Cards Slits,Yes 5000 Envelopes A2
Majestic,Silk,5.5 x 8.5,Vertical,Rectangle,16PT C2S,Spot UV,Silk,Spot UV Both Sides,4/1,1000,Score in Half,No Gift Cards Slits,Yes 5000 Envelopes A2
Majestic,Silk,4.25 x 11,Horizontal,Rectangle,16PT C2S,Spot UV,Silk,Spot UV Front,4/4 (4 color both sides),1000,Score in Half,No Gift Cards Slits,Yes 5000 Envelopes A2
Majestic,Silk,4.25 x 11,Vertical,Rectangle,16PT C2S,Spot UV,Silk,Spot UV Back,4/1,1000,Score in Half,No Gift Cards Slits,Yes 5000 Envelopes A2
Majestic,Silk,4.25 x 11,Horizontal,Rectangle,16PT C2S,Spot UV,Silk,Spot UV Both Sides,4/1,1000,Score in Half,No Gift Cards Slits,Yes 5000 Envelopes A2
Majestic,Silk,5.5 x 8.5,Vertical,Rectangle,16PT C2S,Spot UV,Silk,Spot UV Back,4/1,500,Score in Half,Slide Slits Right Panel,Yes 2500 Envelopes A2
Majestic,Silk,4.25 x 11,Horizontal,Rectangle,16PT C2S,Spot UV,Silk,Spot UV Back,4/4 (4 color both sides),1000,Score in Half,No Gift Cards Slits,Yes 5000 Envelopes A2
Majestic,Silk,5.5 x 8.5,Horizontal,Rectangle,16PT C2S,Spot UV,Silk,Spot UV Front,4/4 (4 color both sides),1000,Score in Half,No Gift Cards Slits,Yes 5000 Envelopes A2
Majestic,Silk,4.25 x 11,Vertical,Rectangle,16PT C2S,Spot UV,Silk,Spot UV Front,4/4 (4 color both sides),1000,Score in Half,No Gift Cards Slits,Yes 5000 Envelopes A2
Majestic,Silk,5.5 x 8.5,Horizontal,Rectangle,16PT C2S,Spot UV,Silk,Spot UV Back,4/4 (4 color both sides),1000,Score in Half,No Gift Cards Slits,Yes 5000 Envelopes A2
Majestic,Silk,4.25 x 11,Vertical,Rectangle,16PT C2S,Spot UV,Silk,Spot UV Back,4/4 (4 color both sides),1000,Score in Half,No Gift Cards Slits,Yes 5000 Envelopes A2
Majestic,Silk,4.25 x 11,Horizontal,Rectangle,16PT C2S,Spot UV,Silk,Spot UV Both Sides,4/4 (4 color both sides),1000,Score in Half,No Gift Cards Slits,Yes 5000 Envelopes A2
Majestic,Silk,5.5 x 8.5,Vertical,Rectangle,16PT C2S,Spot UV,Silk,Spot UV Front,4/4 (4 color both sides),1000,Score in Half,No Gift Cards Slits,Yes 5000 Envelopes A2
Majestic,Silk,4.25 x 11,Vertical,Rectangle,16PT C2S,Spot UV,Silk,Spot UV Both Sides,4/4 (4 color both sides),1000,Score in Half,No Gift Cards Slits,Yes 5000 Envelopes A2
Majestic,Silk,5.5 x 8.5,Vertical,Rectangle,16PT C2S,Spot UV,Silk,Spot UV Both Sides,4/4 (4 color both sides),1000,Score in Half,No Gift Cards Slits,Yes 5000 Envelopes A2
Majestic,Silk,5.5 x 8.5,Vertical,Rectangle,16PT C2S,Spot UV,Silk,Spot UV Back,4/4 (4 color both sides),1000,Score in Half,No Gift Cards Slits,Yes 5000 Envelopes A2
Majestic,Silk,4.25 x 11,Horizontal,Rectangle,16PT C2S,Spot UV,Silk,Spot UV Front,4/1,2500,Score in Half,No Gift Cards Slits,Yes 5000 Envelopes A2
Majestic,Silk,5.5 x 8.5,Horizontal,Rectangle,16PT C2S,Spot UV,Silk,Spot UV Front,4/1,2500,Score in Half,No Gift Cards Slits,Yes 5000 Envelopes A2
Majestic,Silk,4.25 x 11,Vertical,Rectangle,16PT C2S,Spot UV,Silk,Spot UV Front,4/1,2500,Score in Half,No Gift Cards Slits,Yes 5000 Envelopes A2
Majestic,Silk,5.5 x 8.5,Vertical,Rectangle,16PT C2S,Spot UV,Silk,Spot UV Front,4/1,2500,Score in Half,No Gift Cards Slits,Yes 5000 Envelopes A2
Majestic,Silk,4.25 x 11,Horizontal,Rectangle,16PT C2S,Spot UV,Silk,Spot UV Back,4/1,2500,Score in Half,No Gift Cards Slits,Yes 5000 Envelopes A2
Majestic,Silk,5.5 x 8.5,Horizontal,Rectangle,16PT C2S,Spot UV,Silk,Spot UV Back,4/1,2500,Score in Half,No Gift Cards Slits,Yes 5000 Envelopes A2
Majestic,Silk,4.25 x 11,Vertical,Rectangle,16PT C2S,Spot UV,Silk,Spot UV Back,4/1,2500,Score in Half,No Gift Cards Slits,Yes 5000 Envelopes A2
Majestic,Silk,5.5 x 8.5,Vertical,Rectangle,16PT C2S,Spot UV,Silk,Spot UV Back,4/1,2500,Score in Half,No Gift Cards Slits,Yes 5000 Envelopes A2
Majestic,Silk,4.25 x 11,Horizontal,Rectangle,16PT C2S,Spot UV,Silk,Spot UV Both Sides,4/1,2500,Score in Half,No Gift Cards Slits,Yes 5000 Envelopes A2
Majestic,Silk,4.25 x 11,Vertical,Rectangle,16PT C2S,Spot UV,Silk,Spot UV Both Sides,4/1,2500,Score in Half,No Gift Cards Slits,Yes 5000 Envelopes A2
Majestic,Silk,5.5 x 8.5,Vertical,Rectangle,16PT C2S,Spot UV,Silk,Spot UV Both Sides,4/1,2500,Score in Half,No Gift Cards Slits,Yes 5000 Envelopes A2
Majestic,Silk,4.25 x 11,Horizontal,Rectangle,16PT C2S,Spot UV,Silk,Spot UV Front,4/4 (4 color both sides),2500,Score in Half,No Gift Cards Slits,Yes 5000 Envelopes A2
Majestic,Silk,5.5 x 8.5,Horizontal,Rectangle,16PT C2S,Spot UV,Silk,Spot UV Both Sides,4/1,2500,Score in Half,No Gift Cards Slits,Yes 5000 Envelopes A2
Majestic,Silk,4.25 x 11,Vertical,Rectangle,16PT C2S,Spot UV,Silk,Spot UV Front,4/4 (4 color both sides),2500,Score in Half,No Gift Cards Slits,Yes 5000 Envelopes A2
Majestic,Silk,5.5 x 8.5,Horizontal,Rectangle,16PT C2S,Spot UV,Silk,Spot UV Front,4/4 (4 color both sides),2500,Score in Half,No Gift Cards Slits,Yes 5000 Envelopes A2
Majestic,Silk,4.25 x 11,Horizontal,Rectangle,16PT C2S,Spot UV,Silk,Spot UV Back,4/4 (4 color both sides),2500,Score in Half,No Gift Cards Slits,Yes 5000 Envelopes A2
Majestic,Silk,5.5 x 8.5,Vertical,Rectangle,16PT C2S,Spot UV,Silk,Spot UV Front,4/4 (4 color both sides),2500,Score in Half,No Gift Cards Slits,Yes 5000 Envelopes A2
Majestic,Silk,5.5 x 8.5,Horizontal,Rectangle,16PT C2S,Spot UV,Silk,Spot UV Back,4/4 (4 color both sides),2500,Score in Half,No Gift Cards Slits,Yes 5000 Envelopes A2
Majestic,Silk,4.25 x 11,Vertical,Rectangle,16PT C2S,Spot UV,Silk,Spot UV Back,4/4 (4 color both sides),2500,Score in Half,No Gift Cards Slits,Yes 5000 Envelopes A2
Majestic,Silk,4.25 x 11,Horizontal,Rectangle,16PT C2S,Spot UV,Silk,Spot UV Both Sides,4/4 (4 color both sides),2500,Score in Half,No Gift Cards Slits,Yes 5000 Envelopes A2
Majestic,Silk,4.25 x 11,Vertical,Rectangle,16PT C2S,Spot UV,Silk,Spot UV Both Sides,4/4 (4 color both sides),2500,Score in Half,No Gift Cards Slits,Yes 5000 Envelopes A2
Majestic,Silk,5.5 x 8.5,Vertical,Rectangle,16PT C2S,Spot UV,Silk,Spot UV Back,4/4 (4 color both sides),2500,Score in Half,No Gift Cards Slits,Yes 5000 Envelopes A2
Majestic,Silk,5.5 x 8.5,Vertical,Rectangle,16PT C2S,Spot UV,Silk,Spot UV Both Sides,4/4 (4 color both sides),2500,Score in Half,No Gift Cards Slits,Yes 5000 Envelopes A2
Majestic,Silk,5.5 x 8.5,Horizontal,Rectangle,16PT C2S,Spot UV,Silk,Spot UV Both Sides,4/4 (4 color both sides),2500,Score in Half,No Gift Cards Slits,Yes 5000 Envelopes A2
Majestic,Silk,4.25 x 11,Horizontal,Rectangle,16PT C2S,Spot UV,Silk,Spot UV Front,4/1,5000,Score in Half,No Gift Cards Slits,Yes 5000 Envelopes A2
Majestic,Silk,5.5 x 8.5,Horizontal,Rectangle,16PT C2S,Spot UV,Silk,Spot UV Front,4/1,5000,Score in Half,No Gift Cards Slits,Yes 5000 Envelopes A2
Majestic,Silk,4.25 x 11,Vertical,Rectangle,16PT C2S,Spot UV,Silk,Spot UV Front,4/1,5000,Score in Half,No Gift Cards Slits,Yes 5000 Envelopes A2
Majestic,Silk,5.5 x 8.5,Vertical,Rectangle,16PT C2S,Spot UV,Silk,Spot UV Front,4/1,5000,Score in Half,No Gift Cards Slits,Yes 5000 Envelopes A2
Majestic,Silk,4.25 x 11,Horizontal,Rectangle,16PT C2S,Spot UV,Silk,Spot UV Back,4/1,5000,Score in Half,No Gift Cards Slits,Yes 5000 Envelopes A2
Majestic,Silk,5.5 x 8.5,Horizontal,Rectangle,16PT C2S,Spot UV,Silk,Spot UV Back,4/1,5000,Score in Half,No Gift Cards Slits,Yes 5000 Envelopes A2
Majestic,Silk,4.25 x 11,Vertical,Rectangle,16PT C2S,Spot UV,Silk,Spot UV Back,4/1,5000,Score in Half,No Gift Cards Slits,Yes 5000 Envelopes A2
Majestic,Silk,5.5 x 8.5,Vertical,Rectangle,16PT C2S,Spot UV,Silk,Spot UV Back,4/1,5000,Score in Half,No Gift Cards Slits,Yes 5000 Envelopes A2
Majestic,Silk,4.25 x 11,Horizontal,Rectangle,16PT C2S,Spot UV,Silk,Spot UV Both Sides,4/1,5000,Score in Half,No Gift Cards Slits,Yes 5000 Envelopes A2
Majestic,Silk,5.5 x 8.5,Horizontal,Rectangle,16PT C2S,Spot UV,Silk,Spot UV Both Sides,4/1,5000,Score in Half,No Gift Cards Slits,Yes 5000 Envelopes A2
Majestic,Silk,4.25 x 11,Vertical,Rectangle,16PT C2S,Spot UV,Silk,Spot UV Both Sides,4/1,5000,Score in Half,No Gift Cards Slits,Yes 5000 Envelopes A2
Majestic,Silk,5.5 x 8.5,Vertical,Rectangle,16PT C2S,Spot UV,Silk,Spot UV Both Sides,4/1,5000,Score in Half,No Gift Cards Slits,Yes 5000 Envelopes A2
Majestic,Silk,4.25 x 11,Horizontal,Rectangle,16PT C2S,Spot UV,Silk,Spot UV Front,4/4 (4 color both sides),5000,Score in Half,No Gift Cards Slits,Yes 5000 Envelopes A2
Majestic,Silk,5.5 x 8.5,Horizontal,Rectangle,16PT C2S,Spot UV,Silk,Spot UV Front,4/4 (4 color both sides),5000,Score in Half,No Gift Cards Slits,Yes 5000 Envelopes A2
Majestic,Silk,4.25 x 11,Vertical,Rectangle,16PT C2S,Spot UV,Silk,Spot UV Front,4/4 (4 color both sides),5000,Score in Half,No Gift Cards Slits,Yes 5000 Envelopes A2
Majestic,Silk,5.5 x 8.5,Vertical,Rectangle,16PT C2S,Spot UV,Silk,Spot UV Front,4/4 (4 color both sides),5000,Score in Half,No Gift Cards Slits,Yes 5000 Envelopes A2
Majestic,Silk,4.25 x 11,Horizontal,Rectangle,16PT C2S,Spot UV,Silk,Spot UV Back,4/4 (4 color both sides),5000,Score in Half,No Gift Cards Slits,Yes 5000 Envelopes A2
Majestic,Silk,5.5 x 8.5,Horizontal,Rectangle,16PT C2S,Spot UV,Silk,Spot UV Back,4/4 (4 color both sides),5000,Score in Half,No Gift Cards Slits,Yes 5000 Envelopes A2
Majestic,Silk,4.25 x 11,Vertical,Rectangle,16PT C2S,Spot UV,Silk,Spot UV Back,4/4 (4 color both sides),5000,Score in Half,No Gift Cards Slits,Yes 5000 Envelopes A2
Majestic,Silk,5.5 x 8.5,Vertical,Rectangle,16PT C2S,Spot UV,Silk,Spot UV Back,4/4 (4 color both sides),5000,Score in Half,No Gift Cards Slits,Yes 5000 Envelopes A2
Majestic,Silk,4.25 x 11,Horizontal,Rectangle,16PT C2S,Spot UV,Silk,Spot UV Both Sides,4/4 (4 color both sides),5000,Score in Half,No Gift Cards Slits,Yes 5000 Envelopes A2
Majestic,Silk,5.5 x 8.5,Horizontal,Rectangle,16PT C2S,Spot UV,Silk,Spot UV Both Sides,4/4 (4 color both sides),5000,Score in Half,No Gift Cards Slits,Yes 5000 Envelopes A2
Majestic,Silk,4.25 x 11,Vertical,Rectangle,16PT C2S,Spot UV,Silk,Spot UV Both Sides,4/4 (4 color both sides),5000,Score in Half,No Gift Cards Slits,Yes 5000 Envelopes A2
Majestic,Silk,5.5 x 8.5,Vertical,Rectangle,16PT C2S,Spot UV,Silk,Spot UV Both Sides,4/4 (4 color both sides),5000,Score in Half,No Gift Cards Slits,Yes 5000 Envelopes A2
Majestic,Silk,4.25 x 11,Horizontal,Rectangle,16PT C2S,Spot UV,Silk,Spot UV Front,4/1,10000,Score in Half,No Gift Cards Slits,Yes 5000 Envelopes A2
Majestic,Silk,5.5 x 8.5,Horizontal,Rectangle,16PT C2S,Spot UV,Silk,Spot UV Front,4/1,10000,Score in Half,No Gift Cards Slits,Yes 5000 Envelopes A2
Majestic,Silk,4.25 x 11,Vertical,Rectangle,16PT C2S,Spot UV,Silk,Spot UV Front,4/1,10000,Score in Half,No Gift Cards Slits,Yes 5000 Envelopes A2
Majestic,Silk,5.5 x 8.5,Vertical,Rectangle,16PT C2S,Spot UV,Silk,Spot UV Front,4/1,10000,Score in Half,No Gift Cards Slits,Yes 5000 Envelopes A2
Majestic,Silk,4.25 x 11,Horizontal,Rectangle,16PT C2S,Spot UV,Silk,Spot UV Back,4/1,10000,Score in Half,No Gift Cards Slits,Yes 5000 Envelopes A2
Majestic,Silk,5.5 x 8.5,Horizontal,Rectangle,16PT C2S,Spot UV,Silk,Spot UV Back,4/1,10000,Score in Half,No Gift Cards Slits,Yes 5000 Envelopes A2
Majestic,Silk,4.25 x 11,Vertical,Rectangle,16PT C2S,Spot UV,Silk,Spot UV Back,4/1,10000,Score in Half,No Gift Cards Slits,Yes 5000 Envelopes A2
Majestic,Silk,4.25 x 11,Horizontal,Rectangle,16PT C2S,Spot UV,Silk,Spot UV Both Sides,4/1,10000,Score in Half,No Gift Cards Slits,Yes 5000 Envelopes A2
Majestic,Silk,5.5 x 8.5,Horizontal,Rectangle,16PT C2S,Spot UV,Silk,Spot UV Both Sides,4/1,10000,Score in Half,No Gift Cards Slits,Yes 5000 Envelopes A2
Majestic,Silk,4.25 x 11,Vertical,Rectangle,16PT C2S,Spot UV,Silk,Spot UV Both Sides,4/1,10000,Score in Half,No Gift Cards Slits,Yes 5000 Envelopes A2
Majestic,Silk,5.5 x 8.5,Vertical,Rectangle,16PT C2S,Spot UV,Silk,Spot UV Back,4/1,10000,Score in Half,No Gift Cards Slits,Yes 5000 Envelopes A2
Majestic,Silk,5.5 x 8.5,Vertical,Rectangle,16PT C2S,Spot UV,Silk,Spot UV Both Sides,4/1,10000,Score in Half,No Gift Cards Slits,Yes 5000 Envelopes A2
Majestic,Silk,4.25 x 11,Horizontal,Rectangle,16PT C2S,Spot UV,Silk,Spot UV Front,4/4 (4 color both sides),10000,Score in Half,No Gift Cards Slits,Yes 5000 Envelopes A2
Majestic,Silk,5.5 x 8.5,Horizontal,Rectangle,16PT C2S,Spot UV,Silk,Spot UV Front,4/4 (4 color both sides),10000,Score in Half,No Gift Cards Slits,Yes 5000 Envelopes A2
Majestic,Silk,4.25 x 11,Vertical,Rectangle,16PT C2S,Spot UV,Silk,Spot UV Front,4/4 (4 color both sides),10000,Score in Half,No Gift Cards Slits,Yes 5000 Envelopes A2
Majestic,Silk,5.5 x 8.5,Vertical,Rectangle,16PT C2S,Spot UV,Silk,Spot UV Front,4/4 (4 color both sides),10000,Score in Half,No Gift Cards Slits,Yes 5000 Envelopes A2
Majestic,Silk,4.25 x 11,Horizontal,Rectangle,16PT C2S,Spot UV,Silk,Spot UV Back,4/4 (4 color both sides),10000,Score in Half,No Gift Cards Slits,Yes 5000 Envelopes A2
Majestic,Silk,5.5 x 8.5,Horizontal,Rectangle,16PT C2S,Spot UV,Silk,Spot UV Back,4/4 (4 color both sides),10000,Score in Half,No Gift Cards Slits,Yes 5000 Envelopes A2
Majestic,Silk,4.25 x 11,Vertical,Rectangle,16PT C2S,Spot UV,Silk,Spot UV Back,4/4 (4 color both sides),10000,Score in Half,No Gift Cards Slits,Yes 5000 Envelopes A2
Majestic,Silk,5.5 x 8.5,Vertical,Rectangle,16PT C2S,Spot UV,Silk,Spot UV Back,4/4 (4 color both sides),10000,Score in Half,No Gift Cards Slits,Yes 5000 Envelopes A2
Majestic,Silk,4.25 x 11,Horizontal,Rectangle,16PT C2S,Spot UV,Silk,Spot UV Both Sides,4/4 (4 color both sides),10000,Score in Half,No Gift Cards Slits,Yes 5000 Envelopes A2
Majestic,Silk,5.5 x 8.5,Horizontal,Rectangle,16PT C2S,Spot UV,Silk,Spot UV Both Sides,4/4 (4 color both sides),10000,Score in Half,No Gift Cards Slits,Yes 5000 Envelopes A2
Majestic,Silk,4.25 x 11,Vertical,Rectangle,16PT C2S,Spot UV,Silk,Spot UV Both Sides,4/4 (4 color both sides),10000,Score in Half,No Gift Cards Slits,Yes 5000 Envelopes A2
Majestic,Silk,5.5 x 8.5,Vertical,Rectangle,16PT C2S,Spot UV,Silk,Spot UV Both Sides,4/4 (4 color both sides),10000,Score in Half,No Gift Cards Slits,Yes 5000 Envelopes A2
Majestic,Silk,4.25 x 11,Horizontal,Rectangle,16PT C2S,Spot UV,Silk,Spot UV Front,4/1,500,Score in Half,Slide Slits Bottom Panel,Yes 5000 Envelopes A2
Majestic,Silk,5.5 x 8.5,Horizontal,Rectangle,16PT C2S,Spot UV,Silk,Spot UV Front,4/1,500,Score in Half,Slide Slits Bottom Panel,Yes 5000 Envelopes A2
Majestic,Silk,4.25 x 11,Vertical,Rectangle,16PT C2S,Spot UV,Silk,Spot UV Front,4/1,500,Score in Half,Slide Slits Bottom Panel,Yes 5000 Envelopes A2
Majestic,Silk,4.25 x 11,Horizontal,Rectangle,16PT C2S,Spot UV,Silk,Spot UV Back,4/1,500,Score in Half,Slide Slits Bottom Panel,Yes 5000 Envelopes A2
Majestic,Silk,5.5 x 8.5,Vertical,Rectangle,16PT C2S,Spot UV,Silk,Spot UV Front,4/1,500,Score in Half,Slide Slits Bottom Panel,Yes 5000 Envelopes A2
Majestic,Silk,5.5 x 8.5,Horizontal,Rectangle,16PT C2S,Spot UV,Silk,Spot UV Back,4/1,500,Score in Half,Slide Slits Bottom Panel,Yes 5000 Envelopes A2
Majestic,Silk,5.5 x 8.5,Vertical,Rectangle,16PT C2S,Spot UV,Silk,Spot UV Back,4/1,500,Score in Half,Slide Slits Bottom Panel,Yes 5000 Envelopes A2
Majestic,Silk,4.25 x 11,Vertical,Rectangle,16PT C2S,Spot UV,Silk,Spot UV Back,4/1,500,Score in Half,Slide Slits Bottom Panel,Yes 5000 Envelopes A2
Majestic,Silk,4.25 x 11,Horizontal,Rectangle,16PT C2S,Spot UV,Silk,Spot UV Both Sides,4/1,500,Score in Half,Slide Slits Bottom Panel,Yes 5000 Envelopes A2
Majestic,Silk,5.5 x 8.5,Horizontal,Rectangle,16PT C2S,Spot UV,Silk,Spot UV Both Sides,4/1,500,Score in Half,Slide Slits Bottom Panel,Yes 5000 Envelopes A2
Majestic,Silk,4.25 x 11,Vertical,Rectangle,16PT C2S,Spot UV,Silk,Spot UV Both Sides,4/1,500,Score in Half,Slide Slits Bottom Panel,Yes 5000 Envelopes A2
Majestic,Silk,5.5 x 8.5,Vertical,Rectangle,16PT C2S,Spot UV,Silk,Spot UV Both Sides,4/1,500,Score in Half,Slide Slits Bottom Panel,Yes 5000 Envelopes A2
Majestic,Silk,4.25 x 11,Horizontal,Rectangle,16PT C2S,Spot UV,Silk,Spot UV Front,4/4 (4 color both sides),500,Score in Half,Slide Slits Bottom Panel,Yes 5000 Envelopes A2
Majestic,Silk,5.5 x 8.5,Horizontal,Rectangle,16PT C2S,Spot UV,Silk,Spot UV Front,4/4 (4 color both sides),500,Score in Half,Slide Slits Bottom Panel,Yes 5000 Envelopes A2
Majestic,Silk,4.25 x 11,Vertical,Rectangle,16PT C2S,Spot UV,Silk,Spot UV Front,4/4 (4 color both sides),500,Score in Half,Slide Slits Bottom Panel,Yes 5000 Envelopes A2
Majestic,Silk,5.5 x 8.5,Vertical,Rectangle,16PT C2S,Spot UV,Silk,Spot UV Front,4/4 (4 color both sides),500,Score in Half,Slide Slits Bottom Panel,Yes 5000 Envelopes A2
Majestic,Silk,4.25 x 11,Horizontal,Rectangle,16PT C2S,Spot UV,Silk,Spot UV Back,4/4 (4 color both sides),500,Score in Half,Slide Slits Bottom Panel,Yes 5000 Envelopes A2
Majestic,Silk,5.5 x 8.5,Horizontal,Rectangle,16PT C2S,Spot UV,Silk,Spot UV Back,4/4 (4 color both sides),500,Score in Half,Slide Slits Bottom Panel,Yes 5000 Envelopes A2
Majestic,Silk,4.25 x 11,Vertical,Rectangle,16PT C2S,Spot UV,Silk,Spot UV Back,4/4 (4 color both sides),500,Score in Half,Slide Slits Bottom Panel,Yes 5000 Envelopes A2
Majestic,Silk,5.5 x 8.5,Vertical,Rectangle,16PT C2S,Spot UV,Silk,Spot UV Back,4/4 (4 color both sides),500,Score in Half,Slide Slits Bottom Panel,Yes 5000 Envelopes A2
Majestic,Silk,4.25 x 11,Horizontal,Rectangle,16PT C2S,Spot UV,Silk,Spot UV Both Sides,4/4 (4 color both sides),500,Score in Half,Slide Slits Bottom Panel,Yes 5000 Envelopes A2
Majestic,Silk,5.5 x 8.5,Horizontal,Rectangle,16PT C2S,Spot UV,Silk,Spot UV Both Sides,4/4 (4 color both sides),500,Score in Half,Slide Slits Bottom Panel,Yes 5000 Envelopes A2
Majestic,Silk,4.25 x 11,Vertical,Rectangle,16PT C2S,Spot UV,Silk,Spot UV Both Sides,4/4 (4 color both sides),500,Score in Half,Slide Slits Bottom Panel,Yes 5000 Envelopes A2
Majestic,Silk,5.5 x 8.5,Vertical,Rectangle,16PT C2S,Spot UV,Silk,Spot UV Both Sides,4/4 (4 color both sides),500,Score in Half,Slide Slits Bottom Panel,Yes 5000 Envelopes A2
Majestic,Silk,4.25 x 11,Horizontal,Rectangle,16PT C2S,Spot UV,Silk,Spot UV Front,4/1,1000,Score in Half,Slide Slits Bottom Panel,Yes 5000 Envelopes A2
Majestic,Silk,5.5 x 8.5,Horizontal,Rectangle,16PT C2S,Spot UV,Silk,Spot UV Front,4/1,1000,Score in Half,Slide Slits Bottom Panel,Yes 5000 Envelopes A2
Majestic,Silk,4.25 x 11,Vertical,Rectangle,16PT C2S,Spot UV,Silk,Spot UV Front,4/1,1000,Score in Half,Slide Slits Bottom Panel,Yes 5000 Envelopes A2
Majestic,Silk,5.5 x 8.5,Vertical,Rectangle,16PT C2S,Spot UV,Silk,Spot UV Front,4/1,1000,Score in Half,Slide Slits Bottom Panel,Yes 5000 Envelopes A2
Majestic,Silk,4.25 x 11,Horizontal,Rectangle,16PT C2S,Spot UV,Silk,Spot UV Back,4/1,1000,Score in Half,Slide Slits Bottom Panel,Yes 5000 Envelopes A2
Majestic,Silk,5.5 x 8.5,Horizontal,Rectangle,16PT C2S,Spot UV,Silk,Spot UV Both Sides,4/4 (4 color both sides),1000,Score in Half,No Gift Cards Slits,Yes 5000 Envelopes A2
Majestic,Silk,5.5 x 8.5,Vertical,Rectangle,16PT C2S,Spot UV,Silk,Spot UV Back,4/1,1000,Score in Half,Slide Slits Bottom Panel,Yes 5000 Envelopes A2
Majestic,Silk,5.5 x 8.5,Vertical,Rectangle,16PT C2S,Spot UV,Silk,Spot UV Back,4/1,1000,Score in Half,No Gift Cards Slits,Yes 5000 Envelopes A2
Majestic,Silk,4.25 x 11,Horizontal,Rectangle,16PT C2S,Spot UV,Silk,Spot UV Both Sides,4/1,1000,Score in Half,Slide Slits Bottom Panel,Yes 5000 Envelopes A2
Majestic,Silk,5.5 x 8.5,Horizontal,Rectangle,16PT C2S,Spot UV,Silk,Spot UV Both Sides,4/1,1000,Score in Half,Slide Slits Bottom Panel,Yes 5000 Envelopes A2
Majestic,Silk,4.25 x 11,Vertical,Rectangle,16PT C2S,Spot UV,Silk,Spot UV Both Sides,4/1,1000,Score in Half,Slide Slits Bottom Panel,Yes 5000 Envelopes A2
Majestic,Silk,5.5 x 8.5,Vertical,Rectangle,16PT C2S,Spot UV,Silk,Spot UV Both Sides,4/1,1000,Score in Half,Slide Slits Bottom Panel,Yes 5000 Envelopes A2
Majestic,Silk,4.25 x 11,Horizontal,Rectangle,16PT C2S,Spot UV,Silk,Spot UV Front,4/4 (4 color both sides),1000,Score in Half,Slide Slits Bottom Panel,Yes 5000 Envelopes A2
Majestic,Silk,5.5 x 8.5,Horizontal,Rectangle,16PT C2S,Spot UV,Silk,Spot UV Front,4/4 (4 color both sides),1000,Score in Half,Slide Slits Bottom Panel,Yes 5000 Envelopes A2
Majestic,Silk,4.25 x 11,Vertical,Rectangle,16PT C2S,Spot UV,Silk,Spot UV Front,4/4 (4 color both sides),1000,Score in Half,Slide Slits Bottom Panel,Yes 5000 Envelopes A2
Majestic,Silk,5.5 x 8.5,Vertical,Rectangle,16PT C2S,Spot UV,Silk,Spot UV Front,4/4 (4 color both sides),1000,Score in Half,Slide Slits Bottom Panel,Yes 5000 Envelopes A2
Majestic,Silk,5.5 x 8.5,Horizontal,Rectangle,16PT C2S,Spot UV,Silk,Spot UV Back,4/1,500,Score in Half,Moon Slits Right Panel,Yes 5000 Envelopes A2
Majestic,Silk,5.5 x 8.5,Horizontal,Rectangle,16PT C2S,Spot UV,Silk,Spot UV Back,4/4 (4 color both sides),1000,Score in Half,Slide Slits Bottom Panel,Yes 5000 Envelopes A2
Majestic,Silk,4.25 x 11,Vertical,Rectangle,16PT C2S,Spot UV,Silk,Spot UV Back,4/4 (4 color both sides),1000,Score in Half,Slide Slits Bottom Panel,Yes 5000 Envelopes A2
Majestic,Silk,5.5 x 8.5,Vertical,Rectangle,16PT C2S,Spot UV,Silk,Spot UV Back,4/4 (4 color both sides),1000,Score in Half,Slide Slits Bottom Panel,Yes 5000 Envelopes A2
Majestic,Silk,4.25 x 11,Horizontal,Rectangle,16PT C2S,Spot UV,Silk,Spot UV Both Sides,4/4 (4 color both sides),1000,Score in Half,Slide Slits Bottom Panel,Yes 5000 Envelopes A2
Majestic,Silk,5.5 x 8.5,Horizontal,Rectangle,16PT C2S,Spot UV,Silk,Spot UV Both Sides,4/4 (4 color both sides),1000,Score in Half,Slide Slits Bottom Panel,Yes 5000 Envelopes A2
Majestic,Silk,4.25 x 11,Vertical,Rectangle,16PT C2S,Spot UV,Silk,Spot UV Both Sides,4/4 (4 color both sides),1000,Score in Half,Slide Slits Bottom Panel,Yes 5000 Envelopes A2
Majestic,Silk,4.25 x 11,Vertical,Rectangle,16PT C2S,Spot UV,Silk,Spot UV Back,4/1,1000,Score in Half,Slide Slits Bottom Panel,Yes 5000 Envelopes A2
Majestic,Silk,4.25 x 11,Horizontal,Rectangle,16PT C2S,Spot UV,Silk,Spot UV Front,4/1,2500,Score in Half,Slide Slits Bottom Panel,Yes 5000 Envelopes A2
Majestic,Silk,5.5 x 8.5,Horizontal,Rectangle,16PT C2S,Spot UV,Silk,Spot UV Front,4/1,2500,Score in Half,Slide Slits Bottom Panel,Yes 5000 Envelopes A2
Majestic,Silk,5.5 x 8.5,Vertical,Rectangle,16PT C2S,Spot UV,Silk,Spot UV Both Sides,4/4 (4 color both sides),1000,Score in Half,Slide Slits Bottom Panel,Yes 5000 Envelopes A2
Majestic,Silk,5.5 x 8.5,Vertical,Rectangle,16PT C2S,Spot UV,Silk,Spot UV Front,4/1,2500,Score in Half,Slide Slits Bottom Panel,Yes 5000 Envelopes A2
Majestic,Silk,5.5 x 8.5,Horizontal,Rectangle,16PT C2S,Spot UV,Silk,Spot UV Back,4/1,2500,Score in Half,Slide Slits Bottom Panel,Yes 5000 Envelopes A2
Majestic,Silk,4.25 x 11,Horizontal,Rectangle,16PT C2S,Spot UV,Silk,Spot UV Back,4/1,2500,Score in Half,Slide Slits Bottom Panel,Yes 5000 Envelopes A2
Majestic,Silk,4.25 x 11,Vertical,Rectangle,16PT C2S,Spot UV,Silk,Spot UV Back,4/1,2500,Score in Half,Slide Slits Bottom Panel,Yes 5000 Envelopes A2
Majestic,Silk,5.5 x 8.5,Vertical,Rectangle,16PT C2S,Spot UV,Silk,Spot UV Back,4/1,2500,Score in Half,Slide Slits Bottom Panel,Yes 5000 Envelopes A2
Majestic,Silk,4.25 x 11,Horizontal,Rectangle,16PT C2S,Spot UV,Silk,Spot UV Both Sides,4/1,2500,Score in Half,Slide Slits Bottom Panel,Yes 5000 Envelopes A2
Majestic,Silk,5.5 x 8.5,Horizontal,Rectangle,16PT C2S,Spot UV,Silk,Spot UV Both Sides,4/1,2500,Score in Half,Slide Slits Bottom Panel,Yes 5000 Envelopes A2
Majestic,Silk,4.25 x 11,Vertical,Rectangle,16PT C2S,Spot UV,Silk,Spot UV Both Sides,4/1,2500,Score in Half,Slide Slits Bottom Panel,Yes 5000 Envelopes A2
Majestic,Silk,5.5 x 8.5,Vertical,Rectangle,16PT C2S,Spot UV,Silk,Spot UV Both Sides,4/1,2500,Score in Half,Slide Slits Bottom Panel,Yes 5000 Envelopes A2
Majestic,Silk,4.25 x 11,Horizontal,Rectangle,16PT C2S,Spot UV,Silk,Spot UV Front,4/4 (4 color both sides),2500,Score in Half,Slide Slits Bottom Panel,Yes 5000 Envelopes A2
Majestic,Silk,5.5 x 8.5,Horizontal,Rectangle,16PT C2S,Spot UV,Silk,Spot UV Front,4/4 (4 color both sides),2500,Score in Half,Slide Slits Bottom Panel,Yes 5000 Envelopes A2
Majestic,Silk,4.25 x 11,Vertical,Rectangle,16PT C2S,Spot UV,Silk,Spot UV Front,4/4 (4 color both sides),2500,Score in Half,Slide Slits Bottom Panel,Yes 5000 Envelopes A2
Majestic,Silk,4.25 x 11,Horizontal,Rectangle,16PT C2S,Spot UV,Silk,Spot UV Back,4/4 (4 color both sides),1000,Score in Half,Slide Slits Bottom Panel,Yes 5000 Envelopes A2
Majestic,Silk,4.25 x 11,Horizontal,Rectangle,16PT C2S,Spot UV,Silk,Spot UV Back,4/4 (4 color both sides),2500,Score in Half,Slide Slits Bottom Panel,Yes 5000 Envelopes A2
Majestic,Silk,5.5 x 8.5,Horizontal,Rectangle,16PT C2S,Spot UV,Silk,Spot UV Back,4/4 (4 color both sides),2500,Score in Half,Slide Slits Bottom Panel,Yes 5000 Envelopes A2
Majestic,Silk,4.25 x 11,Vertical,Rectangle,16PT C2S,Spot UV,Silk,Spot UV Back,4/4 (4 color both sides),2500,Score in Half,Slide Slits Bottom Panel,Yes 5000 Envelopes A2
Majestic,Silk,5.5 x 8.5,Vertical,Rectangle,16PT C2S,Spot UV,Silk,Spot UV Back,4/4 (4 color both sides),2500,Score in Half,Slide Slits Bottom Panel,Yes 5000 Envelopes A2
Majestic,Silk,4.25 x 11,Horizontal,Rectangle,16PT C2S,Spot UV,Silk,Spot UV Both Sides,4/4 (4 color both sides),2500,Score in Half,Slide Slits Bottom Panel,Yes 5000 Envelopes A2
Majestic,Silk,5.5 x 8.5,Horizontal,Rectangle,16PT C2S,Spot UV,Silk,Spot UV Both Sides,4/4 (4 color both sides),2500,Score in Half,Slide Slits Bottom Panel,Yes 5000 Envelopes A2
Majestic,Silk,5.5 x 8.5,Vertical,Rectangle,16PT C2S,Spot UV,Silk,Spot UV Both Sides,4/4 (4 color both sides),2500,Score in Half,Slide Slits Bottom Panel,Yes 5000 Envelopes A2
Majestic,Silk,4.25 x 11,Vertical,Rectangle,16PT C2S,Spot UV,Silk,Spot UV Both Sides,4/4 (4 color both sides),2500,Score in Half,Slide Slits Bottom Panel,Yes 5000 Envelopes A2
Majestic,Silk,4.25 x 11,Horizontal,Rectangle,16PT C2S,Spot UV,Silk,Spot UV Front,4/1,5000,Score in Half,Slide Slits Bottom Panel,Yes 5000 Envelopes A2
Majestic,Silk,4.25 x 11,Vertical,Rectangle,16PT C2S,Spot UV,Silk,Spot UV Front,4/1,2500,Score in Half,Slide Slits Bottom Panel,Yes 5000 Envelopes A2
Majestic,Silk,5.5 x 8.5,Vertical,Rectangle,16PT C2S,Spot UV,Silk,Spot UV Front,4/1,5000,Score in Half,Slide Slits Bottom Panel,Yes 5000 Envelopes A2
Majestic,Silk,4.25 x 11,Vertical,Rectangle,16PT C2S,Spot UV,Silk,Spot UV Front,4/1,5000,Score in Half,Slide Slits Bottom Panel,Yes 5000 Envelopes A2
Majestic,Silk,4.25 x 11,Horizontal,Rectangle,16PT C2S,Spot UV,Silk,Spot UV Back,4/1,5000,Score in Half,Slide Slits Bottom Panel,Yes 5000 Envelopes A2
Majestic,Silk,5.5 x 8.5,Horizontal,Rectangle,16PT C2S,Spot UV,Silk,Spot UV Back,4/1,5000,Score in Half,Slide Slits Bottom Panel,Yes 5000 Envelopes A2
Majestic,Silk,4.25 x 11,Vertical,Rectangle,16PT C2S,Spot UV,Silk,Spot UV Back,4/1,5000,Score in Half,Slide Slits Bottom Panel,Yes 5000 Envelopes A2
Majestic,Silk,5.5 x 8.5,Vertical,Rectangle,16PT C2S,Spot UV,Silk,Spot UV Back,4/1,5000,Score in Half,Slide Slits Bottom Panel,Yes 5000 Envelopes A2
Majestic,Silk,4.25 x 11,Horizontal,Rectangle,16PT C2S,Spot UV,Silk,Spot UV Both Sides,4/1,5000,Score in Half,Slide Slits Bottom Panel,Yes 5000 Envelopes A2
Majestic,Silk,5.5 x 8.5,Horizontal,Rectangle,16PT C2S,Spot UV,Silk,Spot UV Both Sides,4/1,5000,Score in Half,Slide Slits Bottom Panel,Yes 5000 Envelopes A2
Majestic,Silk,4.25 x 11,Vertical,Rectangle,16PT C2S,Spot UV,Silk,Spot UV Both Sides,4/1,5000,Score in Half,Slide Slits Bottom Panel,Yes 5000 Envelopes A2
Majestic,Silk,4.25 x 11,Horizontal,Rectangle,16PT C2S,Spot UV,Silk,Spot UV Front,4/4 (4 color both sides),5000,Score in Half,Slide Slits Bottom Panel,Yes 5000 Envelopes A2
Majestic,Silk,5.5 x 8.5,Vertical,Rectangle,16PT C2S,Spot UV,Silk,Spot UV Both Sides,4/1,5000,Score in Half,Slide Slits Bottom Panel,Yes 5000 Envelopes A2
Majestic,Silk,5.5 x 8.5,Horizontal,Rectangle,16PT C2S,Spot UV,Silk,Spot UV Front,4/4 (4 color both sides),5000,Score in Half,Slide Slits Bottom Panel,Yes 5000 Envelopes A2
Majestic,Silk,4.25 x 11,Vertical,Rectangle,16PT C2S,Spot UV,Silk,Spot UV Front,4/4 (4 color both sides),5000,Score in Half,Slide Slits Bottom Panel,Yes 5000 Envelopes A2
Majestic,Silk,5.5 x 8.5,Vertical,Rectangle,16PT C2S,Spot UV,Silk,Spot UV Front,4/4 (4 color both sides),5000,Score in Half,Slide Slits Bottom Panel,Yes 5000 Envelopes A2
Majestic,Silk,4.25 x 11,Horizontal,Rectangle,16PT C2S,Spot UV,Silk,Spot UV Back,4/4 (4 color both sides),5000,Score in Half,Slide Slits Bottom Panel,Yes 5000 Envelopes A2
Majestic,Silk,5.5 x 8.5,Horizontal,Rectangle,16PT C2S,Spot UV,Silk,Spot UV Back,4/4 (4 color both sides),5000,Score in Half,Slide Slits Bottom Panel,Yes 5000 Envelopes A2
Majestic,Silk,4.25 x 11,Vertical,Rectangle,16PT C2S,Spot UV,Silk,Spot UV Back,4/4 (4 color both sides),5000,Score in Half,Slide Slits Bottom Panel,Yes 5000 Envelopes A2
Majestic,Silk,5.5 x 8.5,Vertical,Rectangle,16PT C2S,Spot UV,Silk,Spot UV Back,4/4 (4 color both sides),5000,Score in Half,Slide Slits Bottom Panel,Yes 5000 Envelopes A2
Majestic,Silk,5.5 x 8.5,Horizontal,Rectangle,16PT C2S,Spot UV,Silk,Spot UV Both Sides,4/4 (4 color both sides),5000,Score in Half,Slide Slits Bottom Panel,Yes 5000 Envelopes A2
Majestic,Silk,4.25 x 11,Horizontal,Rectangle,16PT C2S,Spot UV,Silk,Spot UV Both Sides,4/4 (4 color both sides),5000,Score in Half,Slide Slits Bottom Panel,Yes 5000 Envelopes A2
Majestic,Silk,4.25 x 11,Vertical,Rectangle,16PT C2S,Spot UV,Silk,Spot UV Both Sides,4/4 (4 color both sides),5000,Score in Half,Slide Slits Bottom Panel,Yes 5000 Envelopes A2
Majestic,Silk,5.5 x 8.5,Vertical,Rectangle,16PT C2S,Spot UV,Silk,Spot UV Both Sides,4/4 (4 color both sides),5000,Score in Half,Slide Slits Bottom Panel,Yes 5000 Envelopes A2
Majestic,Silk,4.25 x 11,Horizontal,Rectangle,16PT C2S,Spot UV,Silk,Spot UV Front,4/1,10000,Score in Half,Slide Slits Bottom Panel,Yes 5000 Envelopes A2
Majestic,Silk,5.5 x 8.5,Horizontal,Rectangle,16PT C2S,Spot UV,Silk,Spot UV Front,4/1,10000,Score in Half,Slide Slits Bottom Panel,Yes 5000 Envelopes A2
Majestic,Silk,4.25 x 11,Vertical,Rectangle,16PT C2S,Spot UV,Silk,Spot UV Front,4/1,10000,Score in Half,Slide Slits Bottom Panel,Yes 5000 Envelopes A2
Majestic,Silk,5.5 x 8.5,Vertical,Rectangle,16PT C2S,Spot UV,Silk,Spot UV Front,4/1,10000,Score in Half,Slide Slits Bottom Panel,Yes 5000 Envelopes A2
Majestic,Silk,4.25 x 11,Horizontal,Rectangle,16PT C2S,Spot UV,Silk,Spot UV Back,4/1,10000,Score in Half,Slide Slits Bottom Panel,Yes 5000 Envelopes A2
Majestic,Silk,5.5 x 8.5,Vertical,Rectangle,16PT C2S,Spot UV,Silk,Spot UV Front,4/4 (4 color both sides),2500,Score in Half,Slide Slits Bottom Panel,Yes 5000 Envelopes A2
Majestic,Silk,4.25 x 11,Vertical,Rectangle,16PT C2S,Spot UV,Silk,Spot UV Back,4/1,10000,Score in Half,Slide Slits Bottom Panel,Yes 5000 Envelopes A2
Majestic,Silk,5.5 x 8.5,Vertical,Rectangle,16PT C2S,Spot UV,Silk,Spot UV Back,4/1,10000,Score in Half,Slide Slits Bottom Panel,Yes 5000 Envelopes A2
Majestic,Silk,4.25 x 11,Horizontal,Rectangle,16PT C2S,Spot UV,Silk,Spot UV Both Sides,4/1,10000,Score in Half,Slide Slits Bottom Panel,Yes 5000 Envelopes A2
Majestic,Silk,5.5 x 8.5,Horizontal,Rectangle,16PT C2S,Spot UV,Silk,Spot UV Both Sides,4/1,10000,Score in Half,Slide Slits Bottom Panel,Yes 5000 Envelopes A2
Majestic,Silk,4.25 x 11,Vertical,Rectangle,16PT C2S,Spot UV,Silk,Spot UV Both Sides,4/1,10000,Score in Half,Slide Slits Bottom Panel,Yes 5000 Envelopes A2
Majestic,Silk,5.5 x 8.5,Vertical,Rectangle,16PT C2S,Spot UV,Silk,Spot UV Both Sides,4/1,10000,Score in Half,Slide Slits Bottom Panel,Yes 5000 Envelopes A2
Majestic,Silk,4.25 x 11,Horizontal,Rectangle,16PT C2S,Spot UV,Silk,Spot UV Front,4/4 (4 color both sides),10000,Score in Half,Slide Slits Bottom Panel,Yes 5000 Envelopes A2
Majestic,Silk,5.5 x 8.5,Horizontal,Rectangle,16PT C2S,Spot UV,Silk,Spot UV Front,4/4 (4 color both sides),10000,Score in Half,Slide Slits Bottom Panel,Yes 5000 Envelopes A2
Majestic,Silk,4.25 x 11,Vertical,Rectangle,16PT C2S,Spot UV,Silk,Spot UV Front,4/4 (4 color both sides),10000,Score in Half,Slide Slits Bottom Panel,Yes 5000 Envelopes A2
Majestic,Silk,5.5 x 8.5,Vertical,Rectangle,16PT C2S,Spot UV,Silk,Spot UV Front,4/4 (4 color both sides),10000,Score in Half,Slide Slits Bottom Panel,Yes 5000 Envelopes A2
Majestic,Silk,4.25 x 11,Horizontal,Rectangle,16PT C2S,Spot UV,Silk,Spot UV Back,4/4 (4 color both sides),10000,Score in Half,Slide Slits Bottom Panel,Yes 5000 Envelopes A2
Majestic,Silk,5.5 x 8.5,Horizontal,Rectangle,16PT C2S,Spot UV,Silk,Spot UV Back,4/4 (4 color both sides),10000,Score in Half,Slide Slits Bottom Panel,Yes 5000 Envelopes A2
Majestic,Silk,4.25 x 11,Vertical,Rectangle,16PT C2S,Spot UV,Silk,Spot UV Back,4/4 (4 color both sides),10000,Score in Half,Slide Slits Bottom Panel,Yes 5000 Envelopes A2
Majestic,Silk,5.5 x 8.5,Horizontal,Rectangle,16PT C2S,Spot UV,Silk,Spot UV Front,4/1,5000,Score in Half,Slide Slits Bottom Panel,Yes 5000 Envelopes A2
Majestic,Silk,4.25 x 11,Horizontal,Rectangle,16PT C2S,Spot UV,Silk,Spot UV Both Sides,4/4 (4 color both sides),10000,Score in Half,Slide Slits Bottom Panel,Yes 5000 Envelopes A2
Majestic,Silk,5.5 x 8.5,Horizontal,Rectangle,16PT C2S,Spot UV,Silk,Spot UV Both Sides,4/4 (4 color both sides),10000,Score in Half,Slide Slits Bottom Panel,Yes 5000 Envelopes A2
Majestic,Silk,4.25 x 11,Vertical,Rectangle,16PT C2S,Spot UV,Silk,Spot UV Both Sides,4/4 (4 color both sides),10000,Score in Half,Slide Slits Bottom Panel,Yes 5000 Envelopes A2
Majestic,Silk,5.5 x 8.5,Vertical,Rectangle,16PT C2S,Spot UV,Silk,Spot UV Both Sides,4/4 (4 color both sides),10000,Score in Half,Slide Slits Bottom Panel,Yes 5000 Envelopes A2
Majestic,Silk,5.5 x 8.5,Vertical,Rectangle,16PT C2S,Spot UV,Silk,Spot UV Back,4/4 (4 color both sides),10000,Score in Half,Slide Slits Bottom Panel,Yes 5000 Envelopes A2
Majestic,Silk,5.5 x 8.5,Horizontal,Rectangle,16PT C2S,Spot UV,Silk,Spot UV Front,4/1,500,Score in Half,Slide Slits Right Panel,Yes 5000 Envelopes A2
Majestic,Silk,4.25 x 11,Vertical,Rectangle,16PT C2S,Spot UV,Silk,Spot UV Front,4/1,500,Score in Half,Slide Slits Right Panel,Yes 5000 Envelopes A2
Majestic,Silk,5.5 x 8.5,Vertical,Rectangle,16PT C2S,Spot UV,Silk,Spot UV Front,4/1,500,Score in Half,Slide Slits Right Panel,Yes 5000 Envelopes A2
Majestic,Silk,4.25 x 11,Horizontal,Rectangle,16PT C2S,Spot UV,Silk,Spot UV Back,4/1,500,Score in Half,Slide Slits Right Panel,Yes 5000 Envelopes A2
Majestic,Silk,5.5 x 8.5,Horizontal,Rectangle,16PT C2S,Spot UV,Silk,Spot UV Back,4/1,10000,Score in Half,Slide Slits Bottom Panel,Yes 5000 Envelopes A2
Majestic,Silk,4.25 x 11,Horizontal,Rectangle,16PT C2S,Spot UV,Silk,Spot UV Front,4/1,500,Score in Half,Slide Slits Right Panel,Yes 5000 Envelopes A2
Majestic,Silk,5.5 x 8.5,Vertical,Rectangle,16PT C2S,Spot UV,Silk,Spot UV Back,4/1,500,Score in Half,Slide Slits Right Panel,Yes 5000 Envelopes A2
Majestic,Silk,4.25 x 11,Horizontal,Rectangle,16PT C2S,Spot UV,Silk,Spot UV Both Sides,4/1,500,Score in Half,Slide Slits Right Panel,Yes 5000 Envelopes A2
Majestic,Silk,5.5 x 8.5,Horizontal,Rectangle,16PT C2S,Spot UV,Silk,Spot UV Both Sides,4/1,500,Score in Half,Slide Slits Right Panel,Yes 5000 Envelopes A2
Majestic,Silk,4.25 x 11,Vertical,Rectangle,16PT C2S,Spot UV,Silk,Spot UV Both Sides,4/1,500,Score in Half,Slide Slits Right Panel,Yes 5000 Envelopes A2
Majestic,Silk,5.5 x 8.5,Vertical,Rectangle,16PT C2S,Spot UV,Silk,Spot UV Both Sides,4/1,500,Score in Half,Slide Slits Right Panel,Yes 5000 Envelopes A2
Majestic,Silk,4.25 x 11,Horizontal,Rectangle,16PT C2S,Spot UV,Silk,Spot UV Front,4/4 (4 color both sides),500,Score in Half,Slide Slits Right Panel,Yes 5000 Envelopes A2
Majestic,Silk,5.5 x 8.5,Horizontal,Rectangle,16PT C2S,Spot UV,Silk,Spot UV Front,4/4 (4 color both sides),500,Score in Half,Slide Slits Right Panel,Yes 5000 Envelopes A2
Majestic,Silk,5.5 x 8.5,Horizontal,Rectangle,16PT C2S,Spot UV,Silk,Spot UV Back,4/1,1000,Score in Half,Slide Slits Bottom Panel,Yes 5000 Envelopes A2
Majestic,Silk,5.5 x 8.5,Vertical,Rectangle,16PT C2S,Spot UV,Silk,Spot UV Front,4/4 (4 color both sides),500,Score in Half,Slide Slits Right Panel,Yes 5000 Envelopes A2
Majestic,Silk,4.25 x 11,Horizontal,Rectangle,16PT C2S,Spot UV,Silk,Spot UV Back,4/4 (4 color both sides),500,Score in Half,Slide Slits Right Panel,Yes 5000 Envelopes A2
Majestic,Silk,5.5 x 8.5,Horizontal,Rectangle,16PT C2S,Spot UV,Silk,Spot UV Back,4/4 (4 color both sides),500,Score in Half,Slide Slits Right Panel,Yes 5000 Envelopes A2
Majestic,Silk,5.5 x 8.5,Horizontal,Rectangle,16PT C2S,Spot UV,Silk,Spot UV Back,4/1,500,Score in Half,Slide Slits Right Panel,Yes 5000 Envelopes A2
Majestic,Silk,4.25 x 11,Vertical,Rectangle,16PT C2S,Spot UV,Silk,Spot UV Back,4/1,500,Score in Half,Slide Slits Right Panel,Yes 5000 Envelopes A2
Majestic,Silk,4.25 x 11,Horizontal,Rectangle,16PT C2S,Spot UV,Silk,Spot UV Both Sides,4/4 (4 color both sides),500,Score in Half,Slide Slits Right Panel,Yes 5000 Envelopes A2
Majestic,Silk,5.5 x 8.5,Horizontal,Rectangle,16PT C2S,Spot UV,Silk,Spot UV Both Sides,4/4 (4 color both sides),500,Score in Half,Slide Slits Right Panel,Yes 5000 Envelopes A2
Majestic,Silk,4.25 x 11,Vertical,Rectangle,16PT C2S,Spot UV,Silk,Spot UV Both Sides,4/4 (4 color both sides),500,Score in Half,Slide Slits Right Panel,Yes 5000 Envelopes A2
Majestic,Silk,5.5 x 8.5,Vertical,Rectangle,16PT C2S,Spot UV,Silk,Spot UV Both Sides,4/4 (4 color both sides),500,Score in Half,Slide Slits Right Panel,Yes 5000 Envelopes A2
Majestic,Silk,4.25 x 11,Vertical,Rectangle,16PT C2S,Spot UV,Silk,Spot UV Front,4/4 (4 color both sides),500,Score in Half,Slide Slits Right Panel,Yes 5000 Envelopes A2
Majestic,Silk,5.5 x 8.5,Horizontal,Rectangle,16PT C2S,Spot UV,Silk,Spot UV Front,4/1,1000,Score in Half,Slide Slits Right Panel,Yes 5000 Envelopes A2
Majestic,Silk,4.25 x 11,Vertical,Rectangle,16PT C2S,Spot UV,Silk,Spot UV Front,4/1,1000,Score in Half,Slide Slits Right Panel,Yes 5000 Envelopes A2
Majestic,Silk,5.5 x 8.5,Vertical,Rectangle,16PT C2S,Spot UV,Silk,Spot UV Front,4/1,1000,Score in Half,Slide Slits Right Panel,Yes 5000 Envelopes A2
Majestic,Silk,4.25 x 11,Horizontal,Rectangle,16PT C2S,Spot UV,Silk,Spot UV Back,4/1,1000,Score in Half,Slide Slits Right Panel,Yes 5000 Envelopes A2
Majestic,Silk,5.5 x 8.5,Horizontal,Rectangle,16PT C2S,Spot UV,Silk,Spot UV Back,4/1,1000,Score in Half,Slide Slits Right Panel,Yes 5000 Envelopes A2
Majestic,Silk,4.25 x 11,Vertical,Rectangle,16PT C2S,Spot UV,Silk,Spot UV Back,4/1,1000,Score in Half,Slide Slits Right Panel,Yes 5000 Envelopes A2
Majestic,Silk,5.5 x 8.5,Vertical,Rectangle,16PT C2S,Spot UV,Silk,Spot UV Back,4/1,1000,Score in Half,Slide Slits Right Panel,Yes 5000 Envelopes A2
Majestic,Silk,4.25 x 11,Horizontal,Rectangle,16PT C2S,Spot UV,Silk,Spot UV Both Sides,4/1,1000,Score in Half,Slide Slits Right Panel,Yes 5000 Envelopes A2
Majestic,Silk,5.5 x 8.5,Horizontal,Rectangle,16PT C2S,Spot UV,Silk,Spot UV Both Sides,4/1,1000,Score in Half,Slide Slits Right Panel,Yes 5000 Envelopes A2
Majestic,Silk,4.25 x 11,Vertical,Rectangle,16PT C2S,Spot UV,Silk,Spot UV Both Sides,4/1,1000,Score in Half,Slide Slits Right Panel,Yes 5000 Envelopes A2
Majestic,Silk,5.5 x 8.5,Vertical,Rectangle,16PT C2S,Spot UV,Silk,Spot UV Both Sides,4/1,1000,Score in Half,Slide Slits Right Panel,Yes 5000 Envelopes A2
Majestic,Silk,4.25 x 11,Horizontal,Rectangle,16PT C2S,Spot UV,Silk,Spot UV Front,4/4 (4 color both sides),1000,Score in Half,Slide Slits Right Panel,Yes 5000 Envelopes A2
Majestic,Silk,5.5 x 8.5,Horizontal,Rectangle,16PT C2S,Spot UV,Silk,Spot UV Front,4/4 (4 color both sides),1000,Score in Half,Slide Slits Right Panel,Yes 5000 Envelopes A2
Majestic,Silk,4.25 x 11,Vertical,Rectangle,16PT C2S,Spot UV,Silk,Spot UV Front,4/4 (4 color both sides),1000,Score in Half,Slide Slits Right Panel,Yes 5000 Envelopes A2
Majestic,Silk,5.5 x 8.5,Vertical,Rectangle,16PT C2S,Spot UV,Silk,Spot UV Front,4/4 (4 color both sides),1000,Score in Half,Slide Slits Right Panel,Yes 5000 Envelopes A2
Majestic,Silk,4.25 x 11,Horizontal,Rectangle,16PT C2S,Spot UV,Silk,Spot UV Back,4/4 (4 color both sides),1000,Score in Half,Slide Slits Right Panel,Yes 5000 Envelopes A2
Majestic,Silk,5.5 x 8.5,Horizontal,Rectangle,16PT C2S,Spot UV,Silk,Spot UV Back,4/4 (4 color both sides),1000,Score in Half,Slide Slits Right Panel,Yes 5000 Envelopes A2
Majestic,Silk,4.25 x 11,Vertical,Rectangle,16PT C2S,Spot UV,Silk,Spot UV Back,4/4 (4 color both sides),1000,Score in Half,Slide Slits Right Panel,Yes 5000 Envelopes A2
Majestic,Silk,5.5 x 8.5,Vertical,Rectangle,16PT C2S,Spot UV,Silk,Spot UV Back,4/4 (4 color both sides),1000,Score in Half,Slide Slits Right Panel,Yes 5000 Envelopes A2
Majestic,Silk,4.25 x 11,Horizontal,Rectangle,16PT C2S,Spot UV,Silk,Spot UV Both Sides,4/4 (4 color both sides),1000,Score in Half,Slide Slits Right Panel,Yes 5000 Envelopes A2
Majestic,Silk,5.5 x 8.5,Horizontal,Rectangle,16PT C2S,Spot UV,Silk,Spot UV Both Sides,4/4 (4 color both sides),1000,Score in Half,Slide Slits Right Panel,Yes 5000 Envelopes A2
Majestic,Silk,4.25 x 11,Vertical,Rectangle,16PT C2S,Spot UV,Silk,Spot UV Both Sides,4/4 (4 color both sides),1000,Score in Half,Slide Slits Right Panel,Yes 5000 Envelopes A2
Majestic,Silk,5.5 x 8.5,Vertical,Rectangle,16PT C2S,Spot UV,Silk,Spot UV Both Sides,4/4 (4 color both sides),1000,Score in Half,Slide Slits Right Panel,Yes 5000 Envelopes A2
Majestic,Silk,4.25 x 11,Horizontal,Rectangle,16PT C2S,Spot UV,Silk,Spot UV Front,4/1,2500,Score in Half,Slide Slits Right Panel,Yes 5000 Envelopes A2
Majestic,Silk,5.5 x 8.5,Horizontal,Rectangle,16PT C2S,Spot UV,Silk,Spot UV Front,4/1,2500,Score in Half,Slide Slits Right Panel,Yes 5000 Envelopes A2
Majestic,Silk,4.25 x 11,Vertical,Rectangle,16PT C2S,Spot UV,Silk,Spot UV Front,4/1,2500,Score in Half,Slide Slits Right Panel,Yes 5000 Envelopes A2
Majestic,Silk,5.5 x 8.5,Vertical,Rectangle,16PT C2S,Spot UV,Silk,Spot UV Front,4/1,2500,Score in Half,Slide Slits Right Panel,Yes 5000 Envelopes A2
Majestic,Silk,4.25 x 11,Horizontal,Rectangle,16PT C2S,Spot UV,Silk,Spot UV Back,4/1,2500,Score in Half,Slide Slits Right Panel,Yes 5000 Envelopes A2
Majestic,Silk,5.5 x 8.5,Horizontal,Rectangle,16PT C2S,Spot UV,Silk,Spot UV Back,4/1,2500,Score in Half,Slide Slits Right Panel,Yes 5000 Envelopes A2
Majestic,Silk,4.25 x 11,Vertical,Rectangle,16PT C2S,Spot UV,Silk,Spot UV Back,4/1,2500,Score in Half,Slide Slits Right Panel,Yes 5000 Envelopes A2
Majestic,Silk,5.5 x 8.5,Vertical,Rectangle,16PT C2S,Spot UV,Silk,Spot UV Back,4/1,2500,Score in Half,Slide Slits Right Panel,Yes 5000 Envelopes A2
Majestic,Silk,4.25 x 11,Horizontal,Rectangle,16PT C2S,Spot UV,Silk,Spot UV Both Sides,4/1,2500,Score in Half,Slide Slits Right Panel,Yes 5000 Envelopes A2
Majestic,Silk,5.5 x 8.5,Horizontal,Rectangle,16PT C2S,Spot UV,Silk,Spot UV Both Sides,4/1,2500,Score in Half,Slide Slits Right Panel,Yes 5000 Envelopes A2
Majestic,Silk,4.25 x 11,Vertical,Rectangle,16PT C2S,Spot UV,Silk,Spot UV Both Sides,4/1,2500,Score in Half,Slide Slits Right Panel,Yes 5000 Envelopes A2
Majestic,Silk,5.5 x 8.5,Vertical,Rectangle,16PT C2S,Spot UV,Silk,Spot UV Both Sides,4/1,2500,Score in Half,Slide Slits Right Panel,Yes 5000 Envelopes A2
Majestic,Silk,4.25 x 11,Horizontal,Rectangle,16PT C2S,Spot UV,Silk,Spot UV Front,4/4 (4 color both sides),2500,Score in Half,Slide Slits Right Panel,Yes 5000 Envelopes A2
Majestic,Silk,5.5 x 8.5,Horizontal,Rectangle,16PT C2S,Spot UV,Silk,Spot UV Front,4/4 (4 color both sides),2500,Score in Half,Slide Slits Right Panel,Yes 5000 Envelopes A2
Majestic,Silk,4.25 x 11,Vertical,Rectangle,16PT C2S,Spot UV,Silk,Spot UV Front,4/4 (4 color both sides),2500,Score in Half,Slide Slits Right Panel,Yes 5000 Envelopes A2
Majestic,Silk,5.5 x 8.5,Vertical,Rectangle,16PT C2S,Spot UV,Silk,Spot UV Front,4/4 (4 color both sides),2500,Score in Half,Slide Slits Right Panel,Yes 5000 Envelopes A2
Majestic,Silk,4.25 x 11,Horizontal,Rectangle,16PT C2S,Spot UV,Silk,Spot UV Back,4/4 (4 color both sides),2500,Score in Half,Slide Slits Right Panel,Yes 5000 Envelopes A2
Majestic,Silk,5.5 x 8.5,Horizontal,Rectangle,16PT C2S,Spot UV,Silk,Spot UV Back,4/4 (4 color both sides),2500,Score in Half,Slide Slits Right Panel,Yes 5000 Envelopes A2
Majestic,Silk,4.25 x 11,Vertical,Rectangle,16PT C2S,Spot UV,Silk,Spot UV Back,4/4 (4 color both sides),2500,Score in Half,Slide Slits Right Panel,Yes 5000 Envelopes A2
Majestic,Silk,5.5 x 8.5,Vertical,Rectangle,16PT C2S,Spot UV,Silk,Spot UV Back,4/4 (4 color both sides),2500,Score in Half,Slide Slits Right Panel,Yes 5000 Envelopes A2
Majestic,Silk,4.25 x 11,Horizontal,Rectangle,16PT C2S,Spot UV,Silk,Spot UV Both Sides,4/4 (4 color both sides),2500,Score in Half,Slide Slits Right Panel,Yes 5000 Envelopes A2
Majestic,Silk,5.5 x 8.5,Horizontal,Rectangle,16PT C2S,Spot UV,Silk,Spot UV Both Sides,4/4 (4 color both sides),2500,Score in Half,Slide Slits Right Panel,Yes 5000 Envelopes A2
Majestic,Silk,4.25 x 11,Vertical,Rectangle,16PT C2S,Spot UV,Silk,Spot UV Both Sides,4/4 (4 color both sides),2500,Score in Half,Slide Slits Right Panel,Yes 5000 Envelopes A2
Majestic,Silk,5.5 x 8.5,Vertical,Rectangle,16PT C2S,Spot UV,Silk,Spot UV Both Sides,4/4 (4 color both sides),2500,Score in Half,Slide Slits Right Panel,Yes 5000 Envelopes A2
Majestic,Silk,4.25 x 11,Horizontal,Rectangle,16PT C2S,Spot UV,Silk,Spot UV Front,4/1,5000,Score in Half,Slide Slits Right Panel,Yes 5000 Envelopes A2
Majestic,Silk,5.5 x 8.5,Horizontal,Rectangle,16PT C2S,Spot UV,Silk,Spot UV Front,4/1,5000,Score in Half,Slide Slits Right Panel,Yes 5000 Envelopes A2
Majestic,Silk,4.25 x 11,Vertical,Rectangle,16PT C2S,Spot UV,Silk,Spot UV Front,4/1,5000,Score in Half,Slide Slits Right Panel,Yes 5000 Envelopes A2
Majestic,Silk,5.5 x 8.5,Vertical,Rectangle,16PT C2S,Spot UV,Silk,Spot UV Front,4/1,5000,Score in Half,Slide Slits Right Panel,Yes 5000 Envelopes A2
Majestic,Silk,4.25 x 11,Horizontal,Rectangle,16PT C2S,Spot UV,Silk,Spot UV Back,4/1,5000,Score in Half,Slide Slits Right Panel,Yes 5000 Envelopes A2
Majestic,Silk,5.5 x 8.5,Horizontal,Rectangle,16PT C2S,Spot UV,Silk,Spot UV Back,4/1,5000,Score in Half,Slide Slits Right Panel,Yes 5000 Envelopes A2
Majestic,Silk,4.25 x 11,Vertical,Rectangle,16PT C2S,Spot UV,Silk,Spot UV Back,4/1,5000,Score in Half,Slide Slits Right Panel,Yes 5000 Envelopes A2
Majestic,Silk,5.5 x 8.5,Vertical,Rectangle,16PT C2S,Spot UV,Silk,Spot UV Back,4/4 (4 color both sides),500,Score in Half,Slide Slits Right Panel,Yes 5000 Envelopes A2
Majestic,Silk,4.25 x 11,Horizontal,Rectangle,16PT C2S,Spot UV,Silk,Spot UV Both Sides,4/1,5000,Score in Half,Slide Slits Right Panel,Yes 5000 Envelopes A2
Majestic,Silk,5.5 x 8.5,Horizontal,Rectangle,16PT C2S,Spot UV,Silk,Spot UV Both Sides,4/1,5000,Score in Half,Slide Slits Right Panel,Yes 5000 Envelopes A2
Majestic,Silk,5.5 x 8.5,Vertical,Rectangle,16PT C2S,Spot UV,Silk,Spot UV Both Sides,4/1,5000,Score in Half,Slide Slits Right Panel,Yes 5000 Envelopes A2
Majestic,Silk,4.25 x 11,Horizontal,Rectangle,16PT C2S,Spot UV,Silk,Spot UV Front,4/4 (4 color both sides),5000,Score in Half,Slide Slits Right Panel,Yes 5000 Envelopes A2
Majestic,Silk,4.25 x 11,Vertical,Rectangle,16PT C2S,Spot UV,Silk,Spot UV Both Sides,4/1,5000,Score in Half,Slide Slits Right Panel,Yes 5000 Envelopes A2
Majestic,Silk,5.5 x 8.5,Horizontal,Rectangle,16PT C2S,Spot UV,Silk,Spot UV Front,4/4 (4 color both sides),5000,Score in Half,Slide Slits Right Panel,Yes 5000 Envelopes A2
Majestic,Silk,4.25 x 11,Vertical,Rectangle,16PT C2S,Spot UV,Silk,Spot UV Front,4/4 (4 color both sides),5000,Score in Half,Slide Slits Right Panel,Yes 5000 Envelopes A2
Majestic,Silk,5.5 x 8.5,Vertical,Rectangle,16PT C2S,Spot UV,Silk,Spot UV Front,4/4 (4 color both sides),5000,Score in Half,Slide Slits Right Panel,Yes 5000 Envelopes A2
Majestic,Silk,4.25 x 11,Horizontal,Rectangle,16PT C2S,Spot UV,Silk,Spot UV Back,4/4 (4 color both sides),5000,Score in Half,Slide Slits Right Panel,Yes 5000 Envelopes A2
Majestic,Silk,5.5 x 8.5,Horizontal,Rectangle,16PT C2S,Spot UV,Silk,Spot UV Back,4/4 (4 color both sides),5000,Score in Half,Slide Slits Right Panel,Yes 5000 Envelopes A2
Majestic,Silk,4.25 x 11,Vertical,Rectangle,16PT C2S,Spot UV,Silk,Spot UV Back,4/4 (4 color both sides),5000,Score in Half,Slide Slits Right Panel,Yes 5000 Envelopes A2
Majestic,Silk,5.5 x 8.5,Vertical,Rectangle,16PT C2S,Spot UV,Silk,Spot UV Back,4/4 (4 color both sides),5000,Score in Half,Slide Slits Right Panel,Yes 5000 Envelopes A2
Majestic,Silk,5.5 x 8.5,Horizontal,Rectangle,16PT C2S,Spot UV,Silk,Spot UV Both Sides,4/4 (4 color both sides),5000,Score in Half,Slide Slits Right Panel,Yes 5000 Envelopes A2
Majestic,Silk,4.25 x 11,Horizontal,Rectangle,16PT C2S,Spot UV,Silk,Spot UV Both Sides,4/4 (4 color both sides),5000,Score in Half,Slide Slits Right Panel,Yes 5000 Envelopes A2
Majestic,Silk,4.25 x 11,Vertical,Rectangle,16PT C2S,Spot UV,Silk,Spot UV Both Sides,4/4 (4 color both sides),5000,Score in Half,Slide Slits Right Panel,Yes 5000 Envelopes A2
Majestic,Silk,5.5 x 8.5,Vertical,Rectangle,16PT C2S,Spot UV,Silk,Spot UV Both Sides,4/4 (4 color both sides),5000,Score in Half,Slide Slits Right Panel,Yes 5000 Envelopes A2
Majestic,Silk,5.5 x 8.5,Horizontal,Rectangle,16PT C2S,Spot UV,Silk,Spot UV Front,4/1,10000,Score in Half,Slide Slits Right Panel,Yes 5000 Envelopes A2
Majestic,Silk,4.25 x 11,Horizontal,Rectangle,16PT C2S,Spot UV,Silk,Spot UV Front,4/1,10000,Score in Half,Slide Slits Right Panel,Yes 5000 Envelopes A2
Majestic,Silk,4.25 x 11,Vertical,Rectangle,16PT C2S,Spot UV,Silk,Spot UV Front,4/1,10000,Score in Half,Slide Slits Right Panel,Yes 5000 Envelopes A2
Majestic,Silk,5.5 x 8.5,Vertical,Rectangle,16PT C2S,Spot UV,Silk,Spot UV Front,4/1,10000,Score in Half,Slide Slits Right Panel,Yes 5000 Envelopes A2
Majestic,Silk,4.25 x 11,Horizontal,Rectangle,16PT C2S,Spot UV,Silk,Spot UV Back,4/1,10000,Score in Half,Slide Slits Right Panel,Yes 5000 Envelopes A2
Majestic,Silk,5.5 x 8.5,Horizontal,Rectangle,16PT C2S,Spot UV,Silk,Spot UV Back,4/1,10000,Score in Half,Slide Slits Right Panel,Yes 5000 Envelopes A2
Majestic,Silk,4.25 x 11,Vertical,Rectangle,16PT C2S,Spot UV,Silk,Spot UV Back,4/1,10000,Score in Half,Slide Slits Right Panel,Yes 5000 Envelopes A2
Majestic,Silk,5.5 x 8.5,Vertical,Rectangle,16PT C2S,Spot UV,Silk,Spot UV Back,4/1,10000,Score in Half,Slide Slits Right Panel,Yes 5000 Envelopes A2
Majestic,Silk,4.25 x 11,Horizontal,Rectangle,16PT C2S,Spot UV,Silk,Spot UV Both Sides,4/1,10000,Score in Half,Slide Slits Right Panel,Yes 5000 Envelopes A2
Majestic,Silk,5.5 x 8.5,Horizontal,Rectangle,16PT C2S,Spot UV,Silk,Spot UV Both Sides,4/1,10000,Score in Half,Slide Slits Right Panel,Yes 5000 Envelopes A2
Majestic,Silk,4.25 x 11,Vertical,Rectangle,16PT C2S,Spot UV,Silk,Spot UV Both Sides,4/1,10000,Score in Half,Slide Slits Right Panel,Yes 5000 Envelopes A2
Majestic,Silk,5.5 x 8.5,Vertical,Rectangle,16PT C2S,Spot UV,Silk,Spot UV Both Sides,4/1,10000,Score in Half,Slide Slits Right Panel,Yes 5000 Envelopes A2
Majestic,Silk,5.5 x 8.5,Horizontal,Rectangle,16PT C2S,Spot UV,Silk,Spot UV Front,4/4 (4 color both sides),10000,Score in Half,Slide Slits Right Panel,Yes 5000 Envelopes A2
Majestic,Silk,4.25 x 11,Horizontal,Rectangle,16PT C2S,Spot UV,Silk,Spot UV Front,4/4 (4 color both sides),10000,Score in Half,Slide Slits Right Panel,Yes 5000 Envelopes A2
Majestic,Silk,4.25 x 11,Horizontal,Rectangle,16PT C2S,Spot UV,Silk,Spot UV Front,4/1,1000,Score in Half,Slide Slits Right Panel,Yes 5000 Envelopes A2
Majestic,Silk,5.5 x 8.5,Vertical,Rectangle,16PT C2S,Spot UV,Silk,Spot UV Front,4/4 (4 color both sides),10000,Score in Half,Slide Slits Right Panel,Yes 5000 Envelopes A2
Majestic,Silk,4.25 x 11,Horizontal,Rectangle,16PT C2S,Spot UV,Silk,Spot UV Back,4/4 (4 color both sides),10000,Score in Half,Slide Slits Right Panel,Yes 5000 Envelopes A2
Majestic,Silk,5.5 x 8.5,Horizontal,Rectangle,16PT C2S,Spot UV,Silk,Spot UV Back,4/4 (4 color both sides),10000,Score in Half,Slide Slits Right Panel,Yes 5000 Envelopes A2
Majestic,Silk,5.5 x 8.5,Vertical,Rectangle,16PT C2S,Spot UV,Silk,Spot UV Back,4/4 (4 color both sides),10000,Score in Half,Slide Slits Right Panel,Yes 5000 Envelopes A2
Majestic,Silk,4.25 x 11,Vertical,Rectangle,16PT C2S,Spot UV,Silk,Spot UV Back,4/4 (4 color both sides),10000,Score in Half,Slide Slits Right Panel,Yes 5000 Envelopes A2
Majestic,Silk,4.25 x 11,Horizontal,Rectangle,16PT C2S,Spot UV,Silk,Spot UV Both Sides,4/4 (4 color both sides),10000,Score in Half,Slide Slits Right Panel,Yes 5000 Envelopes A2
Majestic,Silk,5.5 x 8.5,Horizontal,Rectangle,16PT C2S,Spot UV,Silk,Spot UV Both Sides,4/4 (4 color both sides),10000,Score in Half,Slide Slits Right Panel,Yes 5000 Envelopes A2
Majestic,Silk,4.25 x 11,Vertical,Rectangle,16PT C2S,Spot UV,Silk,Spot UV Both Sides,4/4 (4 color both sides),10000,Score in Half,Slide Slits Right Panel,Yes 5000 Envelopes A2
Majestic,Silk,5.5 x 8.5,Vertical,Rectangle,16PT C2S,Spot UV,Silk,Spot UV Both Sides,4/4 (4 color both sides),10000,Score in Half,Slide Slits Right Panel,Yes 5000 Envelopes A2
Majestic,Silk,4.25 x 11,Horizontal,Rectangle,16PT C2S,Spot UV,Silk,Spot UV Front,4/1,500,Score in Half,Moon Slits Bottom Panel,Yes 10000 Envelopes A2
Majestic,Silk,5.5 x 8.5,Horizontal,Rectangle,16PT C2S,Spot UV,Silk,Spot UV Front,4/1,500,Score in Half,Moon Slits Bottom Panel,Yes 10000 Envelopes A2
Majestic,Silk,4.25 x 11,Vertical,Rectangle,16PT C2S,Spot UV,Silk,Spot UV Front,4/1,500,Score in Half,Moon Slits Bottom Panel,Yes 10000 Envelopes A2
Majestic,Silk,5.5 x 8.5,Vertical,Rectangle,16PT C2S,Spot UV,Silk,Spot UV Front,4/1,500,Score in Half,Moon Slits Bottom Panel,Yes 10000 Envelopes A2
Majestic,Silk,4.25 x 11,Horizontal,Rectangle,16PT C2S,Spot UV,Silk,Spot UV Back,4/1,500,Score in Half,Moon Slits Bottom Panel,Yes 10000 Envelopes A2
Majestic,Silk,5.5 x 8.5,Horizontal,Rectangle,16PT C2S,Spot UV,Silk,Spot UV Back,4/1,500,Score in Half,Moon Slits Bottom Panel,Yes 10000 Envelopes A2
Majestic,Silk,4.25 x 11,Vertical,Rectangle,16PT C2S,Spot UV,Silk,Spot UV Back,4/1,500,Score in Half,Moon Slits Bottom Panel,Yes 10000 Envelopes A2
Majestic,Silk,5.5 x 8.5,Vertical,Rectangle,16PT C2S,Spot UV,Silk,Spot UV Back,4/1,500,Score in Half,Moon Slits Bottom Panel,Yes 10000 Envelopes A2
Majestic,Silk,4.25 x 11,Horizontal,Rectangle,16PT C2S,Spot UV,Silk,Spot UV Both Sides,4/1,500,Score in Half,Moon Slits Bottom Panel,Yes 10000 Envelopes A2
Majestic,Silk,5.5 x 8.5,Horizontal,Rectangle,16PT C2S,Spot UV,Silk,Spot UV Both Sides,4/1,500,Score in Half,Moon Slits Bottom Panel,Yes 10000 Envelopes A2
Majestic,Silk,4.25 x 11,Vertical,Rectangle,16PT C2S,Spot UV,Silk,Spot UV Both Sides,4/1,500,Score in Half,Moon Slits Bottom Panel,Yes 10000 Envelopes A2
Majestic,Silk,5.5 x 8.5,Vertical,Rectangle,16PT C2S,Spot UV,Silk,Spot UV Both Sides,4/1,500,Score in Half,Moon Slits Bottom Panel,Yes 10000 Envelopes A2
Majestic,Silk,4.25 x 11,Horizontal,Rectangle,16PT C2S,Spot UV,Silk,Spot UV Front,4/4 (4 color both sides),500,Score in Half,Moon Slits Bottom Panel,Yes 10000 Envelopes A2
Majestic,Silk,5.5 x 8.5,Horizontal,Rectangle,16PT C2S,Spot UV,Silk,Spot UV Front,4/4 (4 color both sides),500,Score in Half,Moon Slits Bottom Panel,Yes 10000 Envelopes A2
Majestic,Silk,4.25 x 11,Vertical,Rectangle,16PT C2S,Spot UV,Silk,Spot UV Front,4/4 (4 color both sides),500,Score in Half,Moon Slits Bottom Panel,Yes 10000 Envelopes A2
Majestic,Silk,4.25 x 11,Horizontal,Rectangle,16PT C2S,Spot UV,Silk,Spot UV Back,4/4 (4 color both sides),500,Score in Half,Moon Slits Bottom Panel,Yes 10000 Envelopes A2
Majestic,Silk,5.5 x 8.5,Vertical,Rectangle,16PT C2S,Spot UV,Silk,Spot UV Front,4/4 (4 color both sides),500,Score in Half,Moon Slits Bottom Panel,Yes 10000 Envelopes A2
Majestic,Silk,5.5 x 8.5,Horizontal,Rectangle,16PT C2S,Spot UV,Silk,Spot UV Back,4/4 (4 color both sides),500,Score in Half,Moon Slits Bottom Panel,Yes 10000 Envelopes A2
Majestic,Silk,4.25 x 11,Vertical,Rectangle,16PT C2S,Spot UV,Silk,Spot UV Back,4/4 (4 color both sides),500,Score in Half,Moon Slits Bottom Panel,Yes 10000 Envelopes A2
Majestic,Silk,4.25 x 11,Horizontal,Rectangle,16PT C2S,Spot UV,Silk,Spot UV Both Sides,4/4 (4 color both sides),500,Score in Half,Moon Slits Bottom Panel,Yes 10000 Envelopes A2
Majestic,Silk,5.5 x 8.5,Vertical,Rectangle,16PT C2S,Spot UV,Silk,Spot UV Back,4/4 (4 color both sides),500,Score in Half,Moon Slits Bottom Panel,Yes 10000 Envelopes A2
Majestic,Silk,5.5 x 8.5,Horizontal,Rectangle,16PT C2S,Spot UV,Silk,Spot UV Both Sides,4/4 (4 color both sides),500,Score in Half,Moon Slits Bottom Panel,Yes 10000 Envelopes A2
Majestic,Silk,4.25 x 11,Vertical,Rectangle,16PT C2S,Spot UV,Silk,Spot UV Both Sides,4/4 (4 color both sides),500,Score in Half,Moon Slits Bottom Panel,Yes 10000 Envelopes A2
Majestic,Silk,5.5 x 8.5,Vertical,Rectangle,16PT C2S,Spot UV,Silk,Spot UV Both Sides,4/4 (4 color both sides),500,Score in Half,Moon Slits Bottom Panel,Yes 10000 Envelopes A2
Majestic,Silk,4.25 x 11,Horizontal,Rectangle,16PT C2S,Spot UV,Silk,Spot UV Front,4/1,1000,Score in Half,Moon Slits Bottom Panel,Yes 10000 Envelopes A2
Majestic,Silk,4.25 x 11,Vertical,Rectangle,16PT C2S,Spot UV,Silk,Spot UV Front,4/1,1000,Score in Half,Moon Slits Bottom Panel,Yes 10000 Envelopes A2
Majestic,Silk,5.5 x 8.5,Horizontal,Rectangle,16PT C2S,Spot UV,Silk,Spot UV Front,4/1,1000,Score in Half,Moon Slits Bottom Panel,Yes 10000 Envelopes A2
Majestic,Silk,5.5 x 8.5,Vertical,Rectangle,16PT C2S,Spot UV,Silk,Spot UV Front,4/1,1000,Score in Half,Moon Slits Bottom Panel,Yes 10000 Envelopes A2
Majestic,Silk,4.25 x 11,Horizontal,Rectangle,16PT C2S,Spot UV,Silk,Spot UV Back,4/1,1000,Score in Half,Moon Slits Bottom Panel,Yes 10000 Envelopes A2
Majestic,Silk,5.5 x 8.5,Horizontal,Rectangle,16PT C2S,Spot UV,Silk,Spot UV Back,4/1,1000,Score in Half,Moon Slits Bottom Panel,Yes 10000 Envelopes A2
Majestic,Silk,4.25 x 11,Vertical,Rectangle,16PT C2S,Spot UV,Silk,Spot UV Back,4/1,1000,Score in Half,Moon Slits Bottom Panel,Yes 10000 Envelopes A2
Majestic,Silk,5.5 x 8.5,Vertical,Rectangle,16PT C2S,Spot UV,Silk,Spot UV Back,4/1,1000,Score in Half,Moon Slits Bottom Panel,Yes 10000 Envelopes A2
Majestic,Silk,4.25 x 11,Horizontal,Rectangle,16PT C2S,Spot UV,Silk,Spot UV Both Sides,4/1,1000,Score in Half,Moon Slits Bottom Panel,Yes 10000 Envelopes A2
Majestic,Silk,5.5 x 8.5,Horizontal,Rectangle,16PT C2S,Spot UV,Silk,Spot UV Both Sides,4/1,1000,Score in Half,Moon Slits Bottom Panel,Yes 10000 Envelopes A2
Majestic,Silk,4.25 x 11,Vertical,Rectangle,16PT C2S,Spot UV,Silk,Spot UV Both Sides,4/1,1000,Score in Half,Moon Slits Bottom Panel,Yes 10000 Envelopes A2
Majestic,Silk,5.5 x 8.5,Vertical,Rectangle,16PT C2S,Spot UV,Silk,Spot UV Both Sides,4/1,1000,Score in Half,Moon Slits Bottom Panel,Yes 10000 Envelopes A2
Majestic,Silk,4.25 x 11,Horizontal,Rectangle,16PT C2S,Spot UV,Silk,Spot UV Front,4/4 (4 color both sides),1000,Score in Half,Moon Slits Bottom Panel,Yes 10000 Envelopes A2
Majestic,Silk,5.5 x 8.5,Horizontal,Rectangle,16PT C2S,Spot UV,Silk,Spot UV Front,4/4 (4 color both sides),1000,Score in Half,Moon Slits Bottom Panel,Yes 10000 Envelopes A2
Majestic,Silk,4.25 x 11,Vertical,Rectangle,16PT C2S,Spot UV,Silk,Spot UV Front,4/4 (4 color both sides),1000,Score in Half,Moon Slits Bottom Panel,Yes 10000 Envelopes A2
Majestic,Silk,5.5 x 8.5,Vertical,Rectangle,16PT C2S,Spot UV,Silk,Spot UV Front,4/4 (4 color both sides),1000,Score in Half,Moon Slits Bottom Panel,Yes 10000 Envelopes A2
Majestic,Silk,4.25 x 11,Horizontal,Rectangle,16PT C2S,Spot UV,Silk,Spot UV Back,4/4 (4 color both sides),1000,Score in Half,Moon Slits Bottom Panel,Yes 10000 Envelopes A2
Majestic,Silk,5.5 x 8.5,Horizontal,Rectangle,16PT C2S,Spot UV,Silk,Spot UV Back,4/4 (4 color both sides),1000,Score in Half,Moon Slits Bottom Panel,Yes 10000 Envelopes A2
Majestic,Silk,4.25 x 11,Vertical,Rectangle,16PT C2S,Spot UV,Silk,Spot UV Back,4/4 (4 color both sides),1000,Score in Half,Moon Slits Bottom Panel,Yes 10000 Envelopes A2
Majestic,Silk,5.5 x 8.5,Vertical,Rectangle,16PT C2S,Spot UV,Silk,Spot UV Back,4/4 (4 color both sides),1000,Score in Half,Moon Slits Bottom Panel,Yes 10000 Envelopes A2
Majestic,Silk,4.25 x 11,Horizontal,Rectangle,16PT C2S,Spot UV,Silk,Spot UV Both Sides,4/4 (4 color both sides),1000,Score in Half,Moon Slits Bottom Panel,Yes 10000 Envelopes A2
Majestic,Silk,5.5 x 8.5,Horizontal,Rectangle,16PT C2S,Spot UV,Silk,Spot UV Both Sides,4/4 (4 color both sides),1000,Score in Half,Moon Slits Bottom Panel,Yes 10000 Envelopes A2
Majestic,Silk,4.25 x 11,Vertical,Rectangle,16PT C2S,Spot UV,Silk,Spot UV Both Sides,4/4 (4 color both sides),1000,Score in Half,Moon Slits Bottom Panel,Yes 10000 Envelopes A2
Majestic,Silk,5.5 x 8.5,Vertical,Rectangle,16PT C2S,Spot UV,Silk,Spot UV Both Sides,4/4 (4 color both sides),1000,Score in Half,Moon Slits Bottom Panel,Yes 10000 Envelopes A2
Majestic,Silk,4.25 x 11,Horizontal,Rectangle,16PT C2S,Spot UV,Silk,Spot UV Front,4/1,2500,Score in Half,Moon Slits Bottom Panel,Yes 10000 Envelopes A2
Majestic,Silk,5.5 x 8.5,Horizontal,Rectangle,16PT C2S,Spot UV,Silk,Spot UV Front,4/1,2500,Score in Half,Moon Slits Bottom Panel,Yes 10000 Envelopes A2
Majestic,Silk,4.25 x 11,Vertical,Rectangle,16PT C2S,Spot UV,Silk,Spot UV Front,4/1,2500,Score in Half,Moon Slits Bottom Panel,Yes 10000 Envelopes A2
Majestic,Silk,5.5 x 8.5,Vertical,Rectangle,16PT C2S,Spot UV,Silk,Spot UV Front,4/1,2500,Score in Half,Moon Slits Bottom Panel,Yes 10000 Envelopes A2
Majestic,Silk,4.25 x 11,Vertical,Rectangle,16PT C2S,Spot UV,Silk,Spot UV Front,4/4 (4 color both sides),10000,Score in Half,Slide Slits Right Panel,Yes 5000 Envelopes A2
Majestic,Silk,5.5 x 8.5,Horizontal,Rectangle,16PT C2S,Spot UV,Silk,Spot UV Back,4/1,2500,Score in Half,Moon Slits Bottom Panel,Yes 10000 Envelopes A2
Majestic,Silk,4.25 x 11,Vertical,Rectangle,16PT C2S,Spot UV,Silk,Spot UV Back,4/1,2500,Score in Half,Moon Slits Bottom Panel,Yes 10000 Envelopes A2
Majestic,Silk,5.5 x 8.5,Vertical,Rectangle,16PT C2S,Spot UV,Silk,Spot UV Back,4/1,2500,Score in Half,Moon Slits Bottom Panel,Yes 10000 Envelopes A2
Majestic,Silk,4.25 x 11,Horizontal,Rectangle,16PT C2S,Spot UV,Silk,Spot UV Both Sides,4/1,2500,Score in Half,Moon Slits Bottom Panel,Yes 10000 Envelopes A2
Majestic,Silk,5.5 x 8.5,Horizontal,Rectangle,16PT C2S,Spot UV,Silk,Spot UV Both Sides,4/1,2500,Score in Half,Moon Slits Bottom Panel,Yes 10000 Envelopes A2
Majestic,Silk,4.25 x 11,Vertical,Rectangle,16PT C2S,Spot UV,Silk,Spot UV Both Sides,4/1,2500,Score in Half,Moon Slits Bottom Panel,Yes 10000 Envelopes A2
Majestic,Silk,5.5 x 8.5,Vertical,Rectangle,16PT C2S,Spot UV,Silk,Spot UV Both Sides,4/1,2500,Score in Half,Moon Slits Bottom Panel,Yes 10000 Envelopes A2
Majestic,Silk,4.25 x 11,Horizontal,Rectangle,16PT C2S,Spot UV,Silk,Spot UV Front,4/4 (4 color both sides),2500,Score in Half,Moon Slits Bottom Panel,Yes 10000 Envelopes A2
Majestic,Silk,5.5 x 8.5,Horizontal,Rectangle,16PT C2S,Spot UV,Silk,Spot UV Front,4/4 (4 color both sides),2500,Score in Half,Moon Slits Bottom Panel,Yes 10000 Envelopes A2
Majestic,Silk,4.25 x 11,Vertical,Rectangle,16PT C2S,Spot UV,Silk,Spot UV Front,4/4 (4 color both sides),2500,Score in Half,Moon Slits Bottom Panel,Yes 10000 Envelopes A2
Majestic,Silk,5.5 x 8.5,Vertical,Rectangle,16PT C2S,Spot UV,Silk,Spot UV Front,4/4 (4 color both sides),2500,Score in Half,Moon Slits Bottom Panel,Yes 10000 Envelopes A2
Majestic,Silk,5.5 x 8.5,Horizontal,Rectangle,16PT C2S,Spot UV,Silk,Spot UV Back,4/4 (4 color both sides),2500,Score in Half,Moon Slits Bottom Panel,Yes 10000 Envelopes A2
Majestic,Silk,4.25 x 11,Horizontal,Rectangle,16PT C2S,Spot UV,Silk,Spot UV Back,4/4 (4 color both sides),2500,Score in Half,Moon Slits Bottom Panel,Yes 10000 Envelopes A2
Majestic,Silk,4.25 x 11,Vertical,Rectangle,16PT C2S,Spot UV,Silk,Spot UV Back,4/4 (4 color both sides),2500,Score in Half,Moon Slits Bottom Panel,Yes 10000 Envelopes A2
Majestic,Silk,5.5 x 8.5,Vertical,Rectangle,16PT C2S,Spot UV,Silk,Spot UV Back,4/4 (4 color both sides),2500,Score in Half,Moon Slits Bottom Panel,Yes 10000 Envelopes A2
Majestic,Silk,4.25 x 11,Horizontal,Rectangle,16PT C2S,Spot UV,Silk,Spot UV Both Sides,4/4 (4 color both sides),2500,Score in Half,Moon Slits Bottom Panel,Yes 10000 Envelopes A2
Majestic,Silk,5.5 x 8.5,Horizontal,Rectangle,16PT C2S,Spot UV,Silk,Spot UV Both Sides,4/4 (4 color both sides),2500,Score in Half,Moon Slits Bottom Panel,Yes 10000 Envelopes A2
Majestic,Silk,4.25 x 11,Vertical,Rectangle,16PT C2S,Spot UV,Silk,Spot UV Both Sides,4/4 (4 color both sides),2500,Score in Half,Moon Slits Bottom Panel,Yes 10000 Envelopes A2
Majestic,Silk,5.5 x 8.5,Vertical,Rectangle,16PT C2S,Spot UV,Silk,Spot UV Both Sides,4/4 (4 color both sides),2500,Score in Half,Moon Slits Bottom Panel,Yes 10000 Envelopes A2
Majestic,Silk,5.5 x 8.5,Horizontal,Rectangle,16PT C2S,Spot UV,Silk,Spot UV Front,4/1,5000,Score in Half,Moon Slits Bottom Panel,Yes 10000 Envelopes A2
Majestic,Silk,4.25 x 11,Horizontal,Rectangle,16PT C2S,Spot UV,Silk,Spot UV Front,4/1,5000,Score in Half,Moon Slits Bottom Panel,Yes 10000 Envelopes A2
Majestic,Silk,4.25 x 11,Vertical,Rectangle,16PT C2S,Spot UV,Silk,Spot UV Front,4/1,5000,Score in Half,Moon Slits Bottom Panel,Yes 10000 Envelopes A2
Majestic,Silk,5.5 x 8.5,Vertical,Rectangle,16PT C2S,Spot UV,Silk,Spot UV Front,4/1,5000,Score in Half,Moon Slits Bottom Panel,Yes 10000 Envelopes A2
Majestic,Silk,4.25 x 11,Horizontal,Rectangle,16PT C2S,Spot UV,Silk,Spot UV Back,4/1,5000,Score in Half,Moon Slits Bottom Panel,Yes 10000 Envelopes A2
Majestic,Silk,5.5 x 8.5,Horizontal,Rectangle,16PT C2S,Spot UV,Silk,Spot UV Back,4/1,5000,Score in Half,Moon Slits Bottom Panel,Yes 10000 Envelopes A2
Majestic,Silk,4.25 x 11,Vertical,Rectangle,16PT C2S,Spot UV,Silk,Spot UV Back,4/1,5000,Score in Half,Moon Slits Bottom Panel,Yes 10000 Envelopes A2
Majestic,Silk,5.5 x 8.5,Vertical,Rectangle,16PT C2S,Spot UV,Silk,Spot UV Back,4/1,5000,Score in Half,Moon Slits Bottom Panel,Yes 10000 Envelopes A2
Majestic,Silk,4.25 x 11,Horizontal,Rectangle,16PT C2S,Spot UV,Silk,Spot UV Both Sides,4/1,5000,Score in Half,Moon Slits Bottom Panel,Yes 10000 Envelopes A2
Majestic,Silk,5.5 x 8.5,Horizontal,Rectangle,16PT C2S,Spot UV,Silk,Spot UV Both Sides,4/1,5000,Score in Half,Moon Slits Bottom Panel,Yes 10000 Envelopes A2
Majestic,Silk,4.25 x 11,Vertical,Rectangle,16PT C2S,Spot UV,Silk,Spot UV Both Sides,4/1,5000,Score in Half,Moon Slits Bottom Panel,Yes 10000 Envelopes A2
Majestic,Silk,5.5 x 8.5,Vertical,Rectangle,16PT C2S,Spot UV,Silk,Spot UV Both Sides,4/1,5000,Score in Half,Moon Slits Bottom Panel,Yes 10000 Envelopes A2
Majestic,Silk,4.25 x 11,Horizontal,Rectangle,16PT C2S,Spot UV,Silk,Spot UV Front,4/4 (4 color both sides),5000,Score in Half,Moon Slits Bottom Panel,Yes 10000 Envelopes A2
Majestic,Silk,5.5 x 8.5,Horizontal,Rectangle,16PT C2S,Spot UV,Silk,Spot UV Front,4/4 (4 color both sides),5000,Score in Half,Moon Slits Bottom Panel,Yes 10000 Envelopes A2
Majestic,Silk,4.25 x 11,Vertical,Rectangle,16PT C2S,Spot UV,Silk,Spot UV Front,4/4 (4 color both sides),5000,Score in Half,Moon Slits Bottom Panel,Yes 10000 Envelopes A2
Majestic,Silk,5.5 x 8.5,Vertical,Rectangle,16PT C2S,Spot UV,Silk,Spot UV Front,4/4 (4 color both sides),5000,Score in Half,Moon Slits Bottom Panel,Yes 10000 Envelopes A2
Majestic,Silk,4.25 x 11,Horizontal,Rectangle,16PT C2S,Spot UV,Silk,Spot UV Back,4/4 (4 color both sides),5000,Score in Half,Moon Slits Bottom Panel,Yes 10000 Envelopes A2
Majestic,Silk,5.5 x 8.5,Horizontal,Rectangle,16PT C2S,Spot UV,Silk,Spot UV Back,4/4 (4 color both sides),5000,Score in Half,Moon Slits Bottom Panel,Yes 10000 Envelopes A2
Majestic,Silk,4.25 x 11,Vertical,Rectangle,16PT C2S,Spot UV,Silk,Spot UV Back,4/4 (4 color both sides),5000,Score in Half,Moon Slits Bottom Panel,Yes 10000 Envelopes A2
Majestic,Silk,5.5 x 8.5,Vertical,Rectangle,16PT C2S,Spot UV,Silk,Spot UV Back,4/4 (4 color both sides),5000,Score in Half,Moon Slits Bottom Panel,Yes 10000 Envelopes A2
Majestic,Silk,4.25 x 11,Horizontal,Rectangle,16PT C2S,Spot UV,Silk,Spot UV Both Sides,4/4 (4 color both sides),5000,Score in Half,Moon Slits Bottom Panel,Yes 10000 Envelopes A2
Majestic,Silk,5.5 x 8.5,Horizontal,Rectangle,16PT C2S,Spot UV,Silk,Spot UV Both Sides,4/4 (4 color both sides),5000,Score in Half,Moon Slits Bottom Panel,Yes 10000 Envelopes A2
Majestic,Silk,4.25 x 11,Vertical,Rectangle,16PT C2S,Spot UV,Silk,Spot UV Both Sides,4/4 (4 color both sides),5000,Score in Half,Moon Slits Bottom Panel,Yes 10000 Envelopes A2
Majestic,Silk,5.5 x 8.5,Vertical,Rectangle,16PT C2S,Spot UV,Silk,Spot UV Both Sides,4/4 (4 color both sides),5000,Score in Half,Moon Slits Bottom Panel,Yes 10000 Envelopes A2
Majestic,Silk,4.25 x 11,Horizontal,Rectangle,16PT C2S,Spot UV,Silk,Spot UV Front,4/1,10000,Score in Half,Moon Slits Bottom Panel,Yes 10000 Envelopes A2
Majestic,Silk,5.5 x 8.5,Horizontal,Rectangle,16PT C2S,Spot UV,Silk,Spot UV Front,4/1,10000,Score in Half,Moon Slits Bottom Panel,Yes 10000 Envelopes A2
Majestic,Silk,4.25 x 11,Vertical,Rectangle,16PT C2S,Spot UV,Silk,Spot UV Front,4/1,10000,Score in Half,Moon Slits Bottom Panel,Yes 10000 Envelopes A2
Majestic,Silk,5.5 x 8.5,Vertical,Rectangle,16PT C2S,Spot UV,Silk,Spot UV Front,4/1,10000,Score in Half,Moon Slits Bottom Panel,Yes 10000 Envelopes A2
Majestic,Silk,4.25 x 11,Horizontal,Rectangle,16PT C2S,Spot UV,Silk,Spot UV Back,4/1,10000,Score in Half,Moon Slits Bottom Panel,Yes 10000 Envelopes A2
Majestic,Silk,5.5 x 8.5,Horizontal,Rectangle,16PT C2S,Spot UV,Silk,Spot UV Back,4/1,10000,Score in Half,Moon Slits Bottom Panel,Yes 10000 Envelopes A2
Majestic,Silk,4.25 x 11,Vertical,Rectangle,16PT C2S,Spot UV,Silk,Spot UV Back,4/1,10000,Score in Half,Moon Slits Bottom Panel,Yes 10000 Envelopes A2
Majestic,Silk,5.5 x 8.5,Vertical,Rectangle,16PT C2S,Spot UV,Silk,Spot UV Back,4/1,10000,Score in Half,Moon Slits Bottom Panel,Yes 10000 Envelopes A2
Majestic,Silk,4.25 x 11,Horizontal,Rectangle,16PT C2S,Spot UV,Silk,Spot UV Both Sides,4/1,10000,Score in Half,Moon Slits Bottom Panel,Yes 10000 Envelopes A2
Majestic,Silk,5.5 x 8.5,Horizontal,Rectangle,16PT C2S,Spot UV,Silk,Spot UV Both Sides,4/1,10000,Score in Half,Moon Slits Bottom Panel,Yes 10000 Envelopes A2
Majestic,Silk,4.25 x 11,Vertical,Rectangle,16PT C2S,Spot UV,Silk,Spot UV Both Sides,4/1,10000,Score in Half,Moon Slits Bottom Panel,Yes 10000 Envelopes A2
Majestic,Silk,5.5 x 8.5,Vertical,Rectangle,16PT C2S,Spot UV,Silk,Spot UV Both Sides,4/1,10000,Score in Half,Moon Slits Bottom Panel,Yes 10000 Envelopes A2
Majestic,Silk,4.25 x 11,Horizontal,Rectangle,16PT C2S,Spot UV,Silk,Spot UV Front,4/4 (4 color both sides),10000,Score in Half,Moon Slits Bottom Panel,Yes 10000 Envelopes A2
Majestic,Silk,5.5 x 8.5,Horizontal,Rectangle,16PT C2S,Spot UV,Silk,Spot UV Front,4/4 (4 color both sides),10000,Score in Half,Moon Slits Bottom Panel,Yes 10000 Envelopes A2
Majestic,Silk,4.25 x 11,Vertical,Rectangle,16PT C2S,Spot UV,Silk,Spot UV Front,4/4 (4 color both sides),10000,Score in Half,Moon Slits Bottom Panel,Yes 10000 Envelopes A2
Majestic,Silk,5.5 x 8.5,Vertical,Rectangle,16PT C2S,Spot UV,Silk,Spot UV Front,4/4 (4 color both sides),10000,Score in Half,Moon Slits Bottom Panel,Yes 10000 Envelopes A2
Majestic,Silk,4.25 x 11,Horizontal,Rectangle,16PT C2S,Spot UV,Silk,Spot UV Back,4/4 (4 color both sides),10000,Score in Half,Moon Slits Bottom Panel,Yes 10000 Envelopes A2
Majestic,Silk,5.5 x 8.5,Horizontal,Rectangle,16PT C2S,Spot UV,Silk,Spot UV Back,4/4 (4 color both sides),10000,Score in Half,Moon Slits Bottom Panel,Yes 10000 Envelopes A2
Majestic,Silk,4.25 x 11,Vertical,Rectangle,16PT C2S,Spot UV,Silk,Spot UV Back,4/4 (4 color both sides),10000,Score in Half,Moon Slits Bottom Panel,Yes 10000 Envelopes A2
Majestic,Silk,5.5 x 8.5,Vertical,Rectangle,16PT C2S,Spot UV,Silk,Spot UV Back,4/4 (4 color both sides),10000,Score in Half,Moon Slits Bottom Panel,Yes 10000 Envelopes A2
Majestic,Silk,4.25 x 11,Horizontal,Rectangle,16PT C2S,Spot UV,Silk,Spot UV Both Sides,4/4 (4 color both sides),10000,Score in Half,Moon Slits Bottom Panel,Yes 10000 Envelopes A2
Majestic,Silk,5.5 x 8.5,Horizontal,Rectangle,16PT C2S,Spot UV,Silk,Spot UV Both Sides,4/4 (4 color both sides),10000,Score in Half,Moon Slits Bottom Panel,Yes 10000 Envelopes A2
Majestic,Silk,4.25 x 11,Vertical,Rectangle,16PT C2S,Spot UV,Silk,Spot UV Both Sides,4/4 (4 color both sides),10000,Score in Half,Moon Slits Bottom Panel,Yes 10000 Envelopes A2
Majestic,Silk,5.5 x 8.5,Vertical,Rectangle,16PT C2S,Spot UV,Silk,Spot UV Both Sides,4/4 (4 color both sides),10000,Score in Half,Moon Slits Bottom Panel,Yes 10000 Envelopes A2
Majestic,Silk,4.25 x 11,Horizontal,Rectangle,16PT C2S,Spot UV,Silk,Spot UV Front,4/1,500,Score in Half,Moon Slits Right Panel,Yes 10000 Envelopes A2
Majestic,Silk,5.5 x 8.5,Horizontal,Rectangle,16PT C2S,Spot UV,Silk,Spot UV Front,4/1,500,Score in Half,Moon Slits Right Panel,Yes 10000 Envelopes A2
Majestic,Silk,4.25 x 11,Vertical,Rectangle,16PT C2S,Spot UV,Silk,Spot UV Front,4/1,500,Score in Half,Moon Slits Right Panel,Yes 10000 Envelopes A2
Majestic,Silk,5.5 x 8.5,Vertical,Rectangle,16PT C2S,Spot UV,Silk,Spot UV Front,4/1,500,Score in Half,Moon Slits Right Panel,Yes 10000 Envelopes A2
Majestic,Silk,5.5 x 8.5,Horizontal,Rectangle,16PT C2S,Spot UV,Silk,Spot UV Back,4/1,500,Score in Half,Moon Slits Right Panel,Yes 10000 Envelopes A2
Majestic,Silk,4.25 x 11,Horizontal,Rectangle,16PT C2S,Spot UV,Silk,Spot UV Back,4/1,500,Score in Half,Moon Slits Right Panel,Yes 10000 Envelopes A2
Majestic,Silk,4.25 x 11,Vertical,Rectangle,16PT C2S,Spot UV,Silk,Spot UV Back,4/1,500,Score in Half,Moon Slits Right Panel,Yes 10000 Envelopes A2
Majestic,Silk,5.5 x 8.5,Vertical,Rectangle,16PT C2S,Spot UV,Silk,Spot UV Back,4/1,500,Score in Half,Moon Slits Right Panel,Yes 10000 Envelopes A2
Majestic,Silk,4.25 x 11,Horizontal,Rectangle,16PT C2S,Spot UV,Silk,Spot UV Both Sides,4/1,500,Score in Half,Moon Slits Right Panel,Yes 10000 Envelopes A2
Majestic,Silk,4.25 x 11,Vertical,Rectangle,16PT C2S,Spot UV,Silk,Spot UV Both Sides,4/1,500,Score in Half,Moon Slits Right Panel,Yes 10000 Envelopes A2
Majestic,Silk,5.5 x 8.5,Horizontal,Rectangle,16PT C2S,Spot UV,Silk,Spot UV Both Sides,4/1,500,Score in Half,Moon Slits Right Panel,Yes 10000 Envelopes A2
Majestic,Silk,5.5 x 8.5,Vertical,Rectangle,16PT C2S,Spot UV,Silk,Spot UV Both Sides,4/1,500,Score in Half,Moon Slits Right Panel,Yes 10000 Envelopes A2
Majestic,Silk,4.25 x 11,Horizontal,Rectangle,16PT C2S,Spot UV,Silk,Spot UV Front,4/4 (4 color both sides),500,Score in Half,Moon Slits Right Panel,Yes 10000 Envelopes A2
Majestic,Silk,5.5 x 8.5,Horizontal,Rectangle,16PT C2S,Spot UV,Silk,Spot UV Front,4/4 (4 color both sides),500,Score in Half,Moon Slits Right Panel,Yes 10000 Envelopes A2
Majestic,Silk,4.25 x 11,Vertical,Rectangle,16PT C2S,Spot UV,Silk,Spot UV Front,4/4 (4 color both sides),500,Score in Half,Moon Slits Right Panel,Yes 10000 Envelopes A2
Majestic,Silk,5.5 x 8.5,Vertical,Rectangle,16PT C2S,Spot UV,Silk,Spot UV Front,4/4 (4 color both sides),500,Score in Half,Moon Slits Right Panel,Yes 10000 Envelopes A2
Majestic,Silk,4.25 x 11,Horizontal,Rectangle,16PT C2S,Spot UV,Silk,Spot UV Back,4/4 (4 color both sides),500,Score in Half,Moon Slits Right Panel,Yes 10000 Envelopes A2
Majestic,Silk,4.25 x 11,Vertical,Rectangle,16PT C2S,Spot UV,Silk,Spot UV Back,4/4 (4 color both sides),500,Score in Half,Moon Slits Right Panel,Yes 10000 Envelopes A2
Majestic,Silk,5.5 x 8.5,Vertical,Rectangle,16PT C2S,Spot UV,Silk,Spot UV Back,4/4 (4 color both sides),500,Score in Half,Moon Slits Right Panel,Yes 10000 Envelopes A2
Majestic,Silk,5.5 x 8.5,Horizontal,Rectangle,16PT C2S,Spot UV,Silk,Spot UV Back,4/4 (4 color both sides),500,Score in Half,Moon Slits Right Panel,Yes 10000 Envelopes A2
Majestic,Silk,4.25 x 11,Horizontal,Rectangle,16PT C2S,Spot UV,Silk,Spot UV Both Sides,4/4 (4 color both sides),500,Score in Half,Moon Slits Right Panel,Yes 10000 Envelopes A2
Majestic,Silk,5.5 x 8.5,Horizontal,Rectangle,16PT C2S,Spot UV,Silk,Spot UV Both Sides,4/4 (4 color both sides),500,Score in Half,Moon Slits Right Panel,Yes 10000 Envelopes A2
Majestic,Silk,4.25 x 11,Vertical,Rectangle,16PT C2S,Spot UV,Silk,Spot UV Both Sides,4/4 (4 color both sides),500,Score in Half,Moon Slits Right Panel,Yes 10000 Envelopes A2
Majestic,Silk,5.5 x 8.5,Vertical,Rectangle,16PT C2S,Spot UV,Silk,Spot UV Both Sides,4/4 (4 color both sides),500,Score in Half,Moon Slits Right Panel,Yes 10000 Envelopes A2
Majestic,Silk,4.25 x 11,Horizontal,Rectangle,16PT C2S,Spot UV,Silk,Spot UV Front,4/1,1000,Score in Half,Moon Slits Right Panel,Yes 10000 Envelopes A2
Majestic,Silk,5.5 x 8.5,Horizontal,Rectangle,16PT C2S,Spot UV,Silk,Spot UV Front,4/1,1000,Score in Half,Moon Slits Right Panel,Yes 10000 Envelopes A2
Majestic,Silk,4.25 x 11,Vertical,Rectangle,16PT C2S,Spot UV,Silk,Spot UV Front,4/1,1000,Score in Half,Moon Slits Right Panel,Yes 10000 Envelopes A2
Majestic,Silk,5.5 x 8.5,Vertical,Rectangle,16PT C2S,Spot UV,Silk,Spot UV Front,4/1,1000,Score in Half,Moon Slits Right Panel,Yes 10000 Envelopes A2
Majestic,Silk,4.25 x 11,Horizontal,Rectangle,16PT C2S,Spot UV,Silk,Spot UV Back,4/1,1000,Score in Half,Moon Slits Right Panel,Yes 10000 Envelopes A2
Majestic,Silk,5.5 x 8.5,Horizontal,Rectangle,16PT C2S,Spot UV,Silk,Spot UV Back,4/1,1000,Score in Half,Moon Slits Right Panel,Yes 10000 Envelopes A2
Majestic,Silk,4.25 x 11,Vertical,Rectangle,16PT C2S,Spot UV,Silk,Spot UV Back,4/1,1000,Score in Half,Moon Slits Right Panel,Yes 10000 Envelopes A2
Majestic,Silk,5.5 x 8.5,Vertical,Rectangle,16PT C2S,Spot UV,Silk,Spot UV Back,4/1,1000,Score in Half,Moon Slits Right Panel,Yes 10000 Envelopes A2
Majestic,Silk,4.25 x 11,Horizontal,Rectangle,16PT C2S,Spot UV,Silk,Spot UV Both Sides,4/1,1000,Score in Half,Moon Slits Right Panel,Yes 10000 Envelopes A2
Majestic,Silk,5.5 x 8.5,Horizontal,Rectangle,16PT C2S,Spot UV,Silk,Spot UV Both Sides,4/1,1000,Score in Half,Moon Slits Right Panel,Yes 10000 Envelopes A2
Majestic,Silk,4.25 x 11,Vertical,Rectangle,16PT C2S,Spot UV,Silk,Spot UV Both Sides,4/1,1000,Score in Half,Moon Slits Right Panel,Yes 10000 Envelopes A2
Majestic,Silk,5.5 x 8.5,Vertical,Rectangle,16PT C2S,Spot UV,Silk,Spot UV Both Sides,4/1,1000,Score in Half,Moon Slits Right Panel,Yes 10000 Envelopes A2
Majestic,Silk,4.25 x 11,Horizontal,Rectangle,16PT C2S,Spot UV,Silk,Spot UV Front,4/4 (4 color both sides),1000,Score in Half,Moon Slits Right Panel,Yes 10000 Envelopes A2
Majestic,Silk,5.5 x 8.5,Horizontal,Rectangle,16PT C2S,Spot UV,Silk,Spot UV Front,4/4 (4 color both sides),1000,Score in Half,Moon Slits Right Panel,Yes 10000 Envelopes A2
Majestic,Silk,4.25 x 11,Vertical,Rectangle,16PT C2S,Spot UV,Silk,Spot UV Front,4/4 (4 color both sides),1000,Score in Half,Moon Slits Right Panel,Yes 10000 Envelopes A2
Majestic,Silk,5.5 x 8.5,Vertical,Rectangle,16PT C2S,Spot UV,Silk,Spot UV Front,4/4 (4 color both sides),1000,Score in Half,Moon Slits Right Panel,Yes 10000 Envelopes A2
Majestic,Silk,4.25 x 11,Horizontal,Rectangle,16PT C2S,Spot UV,Silk,Spot UV Back,4/4 (4 color both sides),1000,Score in Half,Moon Slits Right Panel,Yes 10000 Envelopes A2
Majestic,Silk,5.5 x 8.5,Horizontal,Rectangle,16PT C2S,Spot UV,Silk,Spot UV Back,4/4 (4 color both sides),1000,Score in Half,Moon Slits Right Panel,Yes 10000 Envelopes A2
Majestic,Silk,4.25 x 11,Vertical,Rectangle,16PT C2S,Spot UV,Silk,Spot UV Back,4/4 (4 color both sides),1000,Score in Half,Moon Slits Right Panel,Yes 10000 Envelopes A2
Majestic,Silk,5.5 x 8.5,Vertical,Rectangle,16PT C2S,Spot UV,Silk,Spot UV Back,4/4 (4 color both sides),1000,Score in Half,Moon Slits Right Panel,Yes 10000 Envelopes A2
Majestic,Silk,4.25 x 11,Horizontal,Rectangle,16PT C2S,Spot UV,Silk,Spot UV Both Sides,4/4 (4 color both sides),1000,Score in Half,Moon Slits Right Panel,Yes 10000 Envelopes A2
Majestic,Silk,5.5 x 8.5,Horizontal,Rectangle,16PT C2S,Spot UV,Silk,Spot UV Both Sides,4/4 (4 color both sides),1000,Score in Half,Moon Slits Right Panel,Yes 10000 Envelopes A2
Majestic,Silk,4.25 x 11,Vertical,Rectangle,16PT C2S,Spot UV,Silk,Spot UV Both Sides,4/4 (4 color both sides),1000,Score in Half,Moon Slits Right Panel,Yes 10000 Envelopes A2
Majestic,Silk,5.5 x 8.5,Vertical,Rectangle,16PT C2S,Spot UV,Silk,Spot UV Both Sides,4/4 (4 color both sides),1000,Score in Half,Moon Slits Right Panel,Yes 10000 Envelopes A2
Majestic,Silk,4.25 x 11,Horizontal,Rectangle,16PT C2S,Spot UV,Silk,Spot UV Front,4/1,2500,Score in Half,Moon Slits Right Panel,Yes 10000 Envelopes A2
Majestic,Silk,5.5 x 8.5,Horizontal,Rectangle,16PT C2S,Spot UV,Silk,Spot UV Front,4/1,2500,Score in Half,Moon Slits Right Panel,Yes 10000 Envelopes A2
Majestic,Silk,4.25 x 11,Vertical,Rectangle,16PT C2S,Spot UV,Silk,Spot UV Front,4/1,2500,Score in Half,Moon Slits Right Panel,Yes 10000 Envelopes A2
Majestic,Silk,5.5 x 8.5,Vertical,Rectangle,16PT C2S,Spot UV,Silk,Spot UV Front,4/1,2500,Score in Half,Moon Slits Right Panel,Yes 10000 Envelopes A2
Majestic,Silk,4.25 x 11,Horizontal,Rectangle,16PT C2S,Spot UV,Silk,Spot UV Back,4/1,2500,Score in Half,Moon Slits Right Panel,Yes 10000 Envelopes A2
Majestic,Silk,5.5 x 8.5,Horizontal,Rectangle,16PT C2S,Spot UV,Silk,Spot UV Back,4/1,2500,Score in Half,Moon Slits Right Panel,Yes 10000 Envelopes A2
Majestic,Silk,4.25 x 11,Vertical,Rectangle,16PT C2S,Spot UV,Silk,Spot UV Back,4/1,2500,Score in Half,Moon Slits Right Panel,Yes 10000 Envelopes A2
Majestic,Silk,5.5 x 8.5,Vertical,Rectangle,16PT C2S,Spot UV,Silk,Spot UV Back,4/1,2500,Score in Half,Moon Slits Right Panel,Yes 10000 Envelopes A2
Majestic,Silk,4.25 x 11,Horizontal,Rectangle,16PT C2S,Spot UV,Silk,Spot UV Both Sides,4/1,2500,Score in Half,Moon Slits Right Panel,Yes 10000 Envelopes A2
Majestic,Silk,5.5 x 8.5,Horizontal,Rectangle,16PT C2S,Spot UV,Silk,Spot UV Both Sides,4/1,2500,Score in Half,Moon Slits Right Panel,Yes 10000 Envelopes A2
Majestic,Silk,4.25 x 11,Vertical,Rectangle,16PT C2S,Spot UV,Silk,Spot UV Both Sides,4/1,2500,Score in Half,Moon Slits Right Panel,Yes 10000 Envelopes A2
Majestic,Silk,5.5 x 8.5,Vertical,Rectangle,16PT C2S,Spot UV,Silk,Spot UV Both Sides,4/1,2500,Score in Half,Moon Slits Right Panel,Yes 10000 Envelopes A2
Majestic,Silk,4.25 x 11,Horizontal,Rectangle,16PT C2S,Spot UV,Silk,Spot UV Front,4/4 (4 color both sides),2500,Score in Half,Moon Slits Right Panel,Yes 10000 Envelopes A2
Majestic,Silk,5.5 x 8.5,Horizontal,Rectangle,16PT C2S,Spot UV,Silk,Spot UV Front,4/4 (4 color both sides),2500,Score in Half,Moon Slits Right Panel,Yes 10000 Envelopes A2
Majestic,Silk,4.25 x 11,Vertical,Rectangle,16PT C2S,Spot UV,Silk,Spot UV Front,4/4 (4 color both sides),2500,Score in Half,Moon Slits Right Panel,Yes 10000 Envelopes A2
Majestic,Silk,5.5 x 8.5,Vertical,Rectangle,16PT C2S,Spot UV,Silk,Spot UV Front,4/4 (4 color both sides),2500,Score in Half,Moon Slits Right Panel,Yes 10000 Envelopes A2
Majestic,Silk,4.25 x 11,Horizontal,Rectangle,16PT C2S,Spot UV,Silk,Spot UV Back,4/4 (4 color both sides),2500,Score in Half,Moon Slits Right Panel,Yes 10000 Envelopes A2
Majestic,Silk,5.5 x 8.5,Horizontal,Rectangle,16PT C2S,Spot UV,Silk,Spot UV Back,4/4 (4 color both sides),2500,Score in Half,Moon Slits Right Panel,Yes 10000 Envelopes A2
Majestic,Silk,4.25 x 11,Vertical,Rectangle,16PT C2S,Spot UV,Silk,Spot UV Back,4/4 (4 color both sides),2500,Score in Half,Moon Slits Right Panel,Yes 10000 Envelopes A2
Majestic,Silk,5.5 x 8.5,Vertical,Rectangle,16PT C2S,Spot UV,Silk,Spot UV Back,4/4 (4 color both sides),2500,Score in Half,Moon Slits Right Panel,Yes 10000 Envelopes A2
Majestic,Silk,4.25 x 11,Horizontal,Rectangle,16PT C2S,Spot UV,Silk,Spot UV Both Sides,4/4 (4 color both sides),2500,Score in Half,Moon Slits Right Panel,Yes 10000 Envelopes A2
Majestic,Silk,5.5 x 8.5,Horizontal,Rectangle,16PT C2S,Spot UV,Silk,Spot UV Both Sides,4/4 (4 color both sides),2500,Score in Half,Moon Slits Right Panel,Yes 10000 Envelopes A2
Majestic,Silk,4.25 x 11,Vertical,Rectangle,16PT C2S,Spot UV,Silk,Spot UV Both Sides,4/4 (4 color both sides),2500,Score in Half,Moon Slits Right Panel,Yes 10000 Envelopes A2
Majestic,Silk,5.5 x 8.5,Vertical,Rectangle,16PT C2S,Spot UV,Silk,Spot UV Both Sides,4/4 (4 color both sides),2500,Score in Half,Moon Slits Right Panel,Yes 10000 Envelopes A2
Majestic,Silk,4.25 x 11,Horizontal,Rectangle,16PT C2S,Spot UV,Silk,Spot UV Front,4/1,5000,Score in Half,Moon Slits Right Panel,Yes 10000 Envelopes A2
Majestic,Silk,5.5 x 8.5,Horizontal,Rectangle,16PT C2S,Spot UV,Silk,Spot UV Front,4/1,5000,Score in Half,Moon Slits Right Panel,Yes 10000 Envelopes A2
Majestic,Silk,4.25 x 11,Vertical,Rectangle,16PT C2S,Spot UV,Silk,Spot UV Front,4/1,5000,Score in Half,Moon Slits Right Panel,Yes 10000 Envelopes A2
Majestic,Silk,5.5 x 8.5,Vertical,Rectangle,16PT C2S,Spot UV,Silk,Spot UV Front,4/1,5000,Score in Half,Moon Slits Right Panel,Yes 10000 Envelopes A2
Majestic,Silk,4.25 x 11,Horizontal,Rectangle,16PT C2S,Spot UV,Silk,Spot UV Back,4/1,5000,Score in Half,Moon Slits Right Panel,Yes 10000 Envelopes A2
Majestic,Silk,5.5 x 8.5,Horizontal,Rectangle,16PT C2S,Spot UV,Silk,Spot UV Back,4/1,5000,Score in Half,Moon Slits Right Panel,Yes 10000 Envelopes A2
Majestic,Silk,4.25 x 11,Vertical,Rectangle,16PT C2S,Spot UV,Silk,Spot UV Back,4/1,5000,Score in Half,Moon Slits Right Panel,Yes 10000 Envelopes A2
Majestic,Silk,5.5 x 8.5,Vertical,Rectangle,16PT C2S,Spot UV,Silk,Spot UV Back,4/1,5000,Score in Half,Moon Slits Right Panel,Yes 10000 Envelopes A2
Majestic,Silk,4.25 x 11,Horizontal,Rectangle,16PT C2S,Spot UV,Silk,Spot UV Both Sides,4/1,5000,Score in Half,Moon Slits Right Panel,Yes 10000 Envelopes A2
Majestic,Silk,5.5 x 8.5,Horizontal,Rectangle,16PT C2S,Spot UV,Silk,Spot UV Both Sides,4/1,5000,Score in Half,Moon Slits Right Panel,Yes 10000 Envelopes A2
Majestic,Silk,4.25 x 11,Vertical,Rectangle,16PT C2S,Spot UV,Silk,Spot UV Both Sides,4/1,5000,Score in Half,Moon Slits Right Panel,Yes 10000 Envelopes A2
Majestic,Silk,4.25 x 11,Vertical,Rectangle,16PT C2S,Spot UV,Silk,Spot UV Back,4/4 (4 color both sides),500,Score in Half,Slide Slits Right Panel,Yes 5000 Envelopes A2
Majestic,Silk,5.5 x 8.5,Horizontal,Rectangle,16PT C2S,Spot UV,Silk,Spot UV Front,4/4 (4 color both sides),5000,Score in Half,Moon Slits Right Panel,Yes 10000 Envelopes A2
Majestic,Silk,4.25 x 11,Horizontal,Rectangle,16PT C2S,Spot UV,Silk,Spot UV Front,4/4 (4 color both sides),5000,Score in Half,Moon Slits Right Panel,Yes 10000 Envelopes A2
Majestic,Silk,4.25 x 11,Vertical,Rectangle,16PT C2S,Spot UV,Silk,Spot UV Front,4/4 (4 color both sides),5000,Score in Half,Moon Slits Right Panel,Yes 10000 Envelopes A2
Majestic,Silk,5.5 x 8.5,Vertical,Rectangle,16PT C2S,Spot UV,Silk,Spot UV Front,4/4 (4 color both sides),5000,Score in Half,Moon Slits Right Panel,Yes 10000 Envelopes A2
Majestic,Silk,4.25 x 11,Horizontal,Rectangle,16PT C2S,Spot UV,Silk,Spot UV Back,4/4 (4 color both sides),5000,Score in Half,Moon Slits Right Panel,Yes 10000 Envelopes A2
Majestic,Silk,5.5 x 8.5,Horizontal,Rectangle,16PT C2S,Spot UV,Silk,Spot UV Back,4/4 (4 color both sides),5000,Score in Half,Moon Slits Right Panel,Yes 10000 Envelopes A2
Majestic,Silk,4.25 x 11,Vertical,Rectangle,16PT C2S,Spot UV,Silk,Spot UV Back,4/4 (4 color both sides),5000,Score in Half,Moon Slits Right Panel,Yes 10000 Envelopes A2
Majestic,Silk,5.5 x 8.5,Vertical,Rectangle,16PT C2S,Spot UV,Silk,Spot UV Back,4/4 (4 color both sides),5000,Score in Half,Moon Slits Right Panel,Yes 10000 Envelopes A2
Majestic,Silk,4.25 x 11,Horizontal,Rectangle,16PT C2S,Spot UV,Silk,Spot UV Both Sides,4/4 (4 color both sides),5000,Score in Half,Moon Slits Right Panel,Yes 10000 Envelopes A2
Majestic,Silk,5.5 x 8.5,Horizontal,Rectangle,16PT C2S,Spot UV,Silk,Spot UV Both Sides,4/4 (4 color both sides),5000,Score in Half,Moon Slits Right Panel,Yes 10000 Envelopes A2
Majestic,Silk,5.5 x 8.5,Vertical,Rectangle,16PT C2S,Spot UV,Silk,Spot UV Both Sides,4/4 (4 color both sides),5000,Score in Half,Moon Slits Right Panel,Yes 10000 Envelopes A2
Majestic,Silk,4.25 x 11,Vertical,Rectangle,16PT C2S,Spot UV,Silk,Spot UV Both Sides,4/4 (4 color both sides),5000,Score in Half,Moon Slits Right Panel,Yes 10000 Envelopes A2
Majestic,Silk,4.25 x 11,Horizontal,Rectangle,16PT C2S,Spot UV,Silk,Spot UV Front,4/1,10000,Score in Half,Moon Slits Right Panel,Yes 10000 Envelopes A2
Majestic,Silk,5.5 x 8.5,Horizontal,Rectangle,16PT C2S,Spot UV,Silk,Spot UV Front,4/1,10000,Score in Half,Moon Slits Right Panel,Yes 10000 Envelopes A2
Majestic,Silk,4.25 x 11,Vertical,Rectangle,16PT C2S,Spot UV,Silk,Spot UV Front,4/1,10000,Score in Half,Moon Slits Right Panel,Yes 10000 Envelopes A2
Majestic,Silk,5.5 x 8.5,Vertical,Rectangle,16PT C2S,Spot UV,Silk,Spot UV Front,4/1,10000,Score in Half,Moon Slits Right Panel,Yes 10000 Envelopes A2
Majestic,Silk,4.25 x 11,Horizontal,Rectangle,16PT C2S,Spot UV,Silk,Spot UV Back,4/1,10000,Score in Half,Moon Slits Right Panel,Yes 10000 Envelopes A2
Majestic,Silk,5.5 x 8.5,Horizontal,Rectangle,16PT C2S,Spot UV,Silk,Spot UV Back,4/1,10000,Score in Half,Moon Slits Right Panel,Yes 10000 Envelopes A2
Majestic,Silk,4.25 x 11,Vertical,Rectangle,16PT C2S,Spot UV,Silk,Spot UV Back,4/1,10000,Score in Half,Moon Slits Right Panel,Yes 10000 Envelopes A2
Majestic,Silk,5.5 x 8.5,Vertical,Rectangle,16PT C2S,Spot UV,Silk,Spot UV Back,4/1,10000,Score in Half,Moon Slits Right Panel,Yes 10000 Envelopes A2
Majestic,Silk,4.25 x 11,Horizontal,Rectangle,16PT C2S,Spot UV,Silk,Spot UV Both Sides,4/1,10000,Score in Half,Moon Slits Right Panel,Yes 10000 Envelopes A2
Majestic,Silk,5.5 x 8.5,Horizontal,Rectangle,16PT C2S,Spot UV,Silk,Spot UV Both Sides,4/1,10000,Score in Half,Moon Slits Right Panel,Yes 10000 Envelopes A2
Majestic,Silk,4.25 x 11,Vertical,Rectangle,16PT C2S,Spot UV,Silk,Spot UV Both Sides,4/1,10000,Score in Half,Moon Slits Right Panel,Yes 10000 Envelopes A2
Majestic,Silk,5.5 x 8.5,Vertical,Rectangle,16PT C2S,Spot UV,Silk,Spot UV Both Sides,4/1,10000,Score in Half,Moon Slits Right Panel,Yes 10000 Envelopes A2
Majestic,Silk,4.25 x 11,Horizontal,Rectangle,16PT C2S,Spot UV,Silk,Spot UV Front,4/4 (4 color both sides),10000,Score in Half,Moon Slits Right Panel,Yes 10000 Envelopes A2
Majestic,Silk,5.5 x 8.5,Horizontal,Rectangle,16PT C2S,Spot UV,Silk,Spot UV Front,4/4 (4 color both sides),10000,Score in Half,Moon Slits Right Panel,Yes 10000 Envelopes A2
Majestic,Silk,4.25 x 11,Vertical,Rectangle,16PT C2S,Spot UV,Silk,Spot UV Front,4/4 (4 color both sides),10000,Score in Half,Moon Slits Right Panel,Yes 10000 Envelopes A2
Majestic,Silk,5.5 x 8.5,Vertical,Rectangle,16PT C2S,Spot UV,Silk,Spot UV Front,4/4 (4 color both sides),10000,Score in Half,Moon Slits Right Panel,Yes 10000 Envelopes A2
Majestic,Silk,4.25 x 11,Horizontal,Rectangle,16PT C2S,Spot UV,Silk,Spot UV Back,4/4 (4 color both sides),10000,Score in Half,Moon Slits Right Panel,Yes 10000 Envelopes A2
Majestic,Silk,5.5 x 8.5,Horizontal,Rectangle,16PT C2S,Spot UV,Silk,Spot UV Back,4/4 (4 color both sides),10000,Score in Half,Moon Slits Right Panel,Yes 10000 Envelopes A2
Majestic,Silk,4.25 x 11,Vertical,Rectangle,16PT C2S,Spot UV,Silk,Spot UV Back,4/4 (4 color both sides),10000,Score in Half,Moon Slits Right Panel,Yes 10000 Envelopes A2
Majestic,Silk,5.5 x 8.5,Vertical,Rectangle,16PT C2S,Spot UV,Silk,Spot UV Back,4/4 (4 color both sides),10000,Score in Half,Moon Slits Right Panel,Yes 10000 Envelopes A2
Majestic,Silk,4.25 x 11,Horizontal,Rectangle,16PT C2S,Spot UV,Silk,Spot UV Both Sides,4/4 (4 color both sides),10000,Score in Half,Moon Slits Right Panel,Yes 10000 Envelopes A2
Majestic,Silk,5.5 x 8.5,Horizontal,Rectangle,16PT C2S,Spot UV,Silk,Spot UV Both Sides,4/4 (4 color both sides),10000,Score in Half,Moon Slits Right Panel,Yes 10000 Envelopes A2
Majestic,Silk,4.25 x 11,Vertical,Rectangle,16PT C2S,Spot UV,Silk,Spot UV Both Sides,4/4 (4 color both sides),10000,Score in Half,Moon Slits Right Panel,Yes 10000 Envelopes A2
Majestic,Silk,5.5 x 8.5,Vertical,Rectangle,16PT C2S,Spot UV,Silk,Spot UV Both Sides,4/4 (4 color both sides),10000,Score in Half,Moon Slits Right Panel,Yes 10000 Envelopes A2
Majestic,Silk,4.25 x 11,Horizontal,Rectangle,16PT C2S,Spot UV,Silk,Spot UV Front,4/1,500,Score in Half,No Gift Cards Slits,Yes 10000 Envelopes A2
Majestic,Silk,5.5 x 8.5,Horizontal,Rectangle,16PT C2S,Spot UV,Silk,Spot UV Front,4/1,500,Score in Half,No Gift Cards Slits,Yes 10000 Envelopes A2
Majestic,Silk,4.25 x 11,Vertical,Rectangle,16PT C2S,Spot UV,Silk,Spot UV Front,4/1,500,Score in Half,No Gift Cards Slits,Yes 10000 Envelopes A2
Majestic,Silk,5.5 x 8.5,Vertical,Rectangle,16PT C2S,Spot UV,Silk,Spot UV Front,4/1,500,Score in Half,No Gift Cards Slits,Yes 10000 Envelopes A2
Majestic,Silk,4.25 x 11,Horizontal,Rectangle,16PT C2S,Spot UV,Silk,Spot UV Back,4/1,500,Score in Half,No Gift Cards Slits,Yes 10000 Envelopes A2
Majestic,Silk,5.5 x 8.5,Horizontal,Rectangle,16PT C2S,Spot UV,Silk,Spot UV Back,4/1,500,Score in Half,No Gift Cards Slits,Yes 10000 Envelopes A2
Majestic,Silk,4.25 x 11,Vertical,Rectangle,16PT C2S,Spot UV,Silk,Spot UV Back,4/1,500,Score in Half,No Gift Cards Slits,Yes 10000 Envelopes A2
Majestic,Silk,5.5 x 8.5,Vertical,Rectangle,16PT C2S,Spot UV,Silk,Spot UV Back,4/1,500,Score in Half,No Gift Cards Slits,Yes 10000 Envelopes A2
Majestic,Silk,4.25 x 11,Horizontal,Rectangle,16PT C2S,Spot UV,Silk,Spot UV Both Sides,4/1,500,Score in Half,No Gift Cards Slits,Yes 10000 Envelopes A2
Majestic,Silk,5.5 x 8.5,Horizontal,Rectangle,16PT C2S,Spot UV,Silk,Spot UV Both Sides,4/1,500,Score in Half,No Gift Cards Slits,Yes 10000 Envelopes A2
Majestic,Silk,4.25 x 11,Vertical,Rectangle,16PT C2S,Spot UV,Silk,Spot UV Both Sides,4/1,500,Score in Half,No Gift Cards Slits,Yes 10000 Envelopes A2
Majestic,Silk,5.5 x 8.5,Vertical,Rectangle,16PT C2S,Spot UV,Silk,Spot UV Both Sides,4/1,500,Score in Half,No Gift Cards Slits,Yes 10000 Envelopes A2
Majestic,Silk,4.25 x 11,Horizontal,Rectangle,16PT C2S,Spot UV,Silk,Spot UV Front,4/4 (4 color both sides),500,Score in Half,No Gift Cards Slits,Yes 10000 Envelopes A2
Majestic,Silk,4.25 x 11,Vertical,Rectangle,16PT C2S,Spot UV,Silk,Spot UV Front,4/4 (4 color both sides),500,Score in Half,No Gift Cards Slits,Yes 10000 Envelopes A2
Majestic,Silk,5.5 x 8.5,Vertical,Rectangle,16PT C2S,Spot UV,Silk,Spot UV Front,4/4 (4 color both sides),500,Score in Half,No Gift Cards Slits,Yes 10000 Envelopes A2
Majestic,Silk,5.5 x 8.5,Horizontal,Rectangle,16PT C2S,Spot UV,Silk,Spot UV Front,4/4 (4 color both sides),500,Score in Half,No Gift Cards Slits,Yes 10000 Envelopes A2
Majestic,Silk,4.25 x 11,Horizontal,Rectangle,16PT C2S,Spot UV,Silk,Spot UV Back,4/4 (4 color both sides),500,Score in Half,No Gift Cards Slits,Yes 10000 Envelopes A2
Majestic,Silk,5.5 x 8.5,Horizontal,Rectangle,16PT C2S,Spot UV,Silk,Spot UV Back,4/4 (4 color both sides),500,Score in Half,No Gift Cards Slits,Yes 10000 Envelopes A2
Majestic,Silk,4.25 x 11,Vertical,Rectangle,16PT C2S,Spot UV,Silk,Spot UV Back,4/4 (4 color both sides),500,Score in Half,No Gift Cards Slits,Yes 10000 Envelopes A2
Majestic,Silk,4.25 x 11,Horizontal,Rectangle,16PT C2S,Spot UV,Silk,Spot UV Back,4/1,2500,Score in Half,Moon Slits Bottom Panel,Yes 10000 Envelopes A2
Majestic,Silk,4.25 x 11,Horizontal,Rectangle,16PT C2S,Spot UV,Silk,Spot UV Both Sides,4/4 (4 color both sides),500,Score in Half,No Gift Cards Slits,Yes 10000 Envelopes A2
Majestic,Silk,4.25 x 11,Vertical,Rectangle,16PT C2S,Spot UV,Silk,Spot UV Both Sides,4/4 (4 color both sides),500,Score in Half,No Gift Cards Slits,Yes 10000 Envelopes A2
Majestic,Silk,5.5 x 8.5,Vertical,Rectangle,16PT C2S,Spot UV,Silk,Spot UV Both Sides,4/4 (4 color both sides),500,Score in Half,No Gift Cards Slits,Yes 10000 Envelopes A2
Majestic,Silk,5.5 x 8.5,Horizontal,Rectangle,16PT C2S,Spot UV,Silk,Spot UV Both Sides,4/4 (4 color both sides),500,Score in Half,No Gift Cards Slits,Yes 10000 Envelopes A2
Majestic,Silk,4.25 x 11,Horizontal,Rectangle,16PT C2S,Spot UV,Silk,Spot UV Front,4/1,1000,Score in Half,No Gift Cards Slits,Yes 10000 Envelopes A2
Majestic,Silk,5.5 x 8.5,Horizontal,Rectangle,16PT C2S,Spot UV,Silk,Spot UV Front,4/1,1000,Score in Half,No Gift Cards Slits,Yes 10000 Envelopes A2
Majestic,Silk,4.25 x 11,Vertical,Rectangle,16PT C2S,Spot UV,Silk,Spot UV Front,4/1,1000,Score in Half,No Gift Cards Slits,Yes 10000 Envelopes A2
Majestic,Silk,5.5 x 8.5,Vertical,Rectangle,16PT C2S,Spot UV,Silk,Spot UV Front,4/1,1000,Score in Half,No Gift Cards Slits,Yes 10000 Envelopes A2
Majestic,Silk,4.25 x 11,Horizontal,Rectangle,16PT C2S,Spot UV,Silk,Spot UV Back,4/1,1000,Score in Half,No Gift Cards Slits,Yes 10000 Envelopes A2
Majestic,Silk,5.5 x 8.5,Horizontal,Rectangle,16PT C2S,Spot UV,Silk,Spot UV Back,4/1,1000,Score in Half,No Gift Cards Slits,Yes 10000 Envelopes A2
Majestic,Silk,4.25 x 11,Vertical,Rectangle,16PT C2S,Spot UV,Silk,Spot UV Back,4/1,1000,Score in Half,No Gift Cards Slits,Yes 10000 Envelopes A2
Majestic,Silk,5.5 x 8.5,Vertical,Rectangle,16PT C2S,Spot UV,Silk,Spot UV Back,4/1,1000,Score in Half,No Gift Cards Slits,Yes 10000 Envelopes A2
Majestic,Silk,4.25 x 11,Horizontal,Rectangle,16PT C2S,Spot UV,Silk,Spot UV Both Sides,4/1,1000,Score in Half,No Gift Cards Slits,Yes 10000 Envelopes A2
Majestic,Silk,5.5 x 8.5,Horizontal,Rectangle,16PT C2S,Spot UV,Silk,Spot UV Both Sides,4/1,1000,Score in Half,No Gift Cards Slits,Yes 10000 Envelopes A2
Majestic,Silk,4.25 x 11,Vertical,Rectangle,16PT C2S,Spot UV,Silk,Spot UV Both Sides,4/1,1000,Score in Half,No Gift Cards Slits,Yes 10000 Envelopes A2
Majestic,Silk,5.5 x 8.5,Vertical,Rectangle,16PT C2S,Spot UV,Silk,Spot UV Both Sides,4/1,1000,Score in Half,No Gift Cards Slits,Yes 10000 Envelopes A2
Majestic,Silk,4.25 x 11,Horizontal,Rectangle,16PT C2S,Spot UV,Silk,Spot UV Front,4/4 (4 color both sides),1000,Score in Half,No Gift Cards Slits,Yes 10000 Envelopes A2
Majestic,Silk,5.5 x 8.5,Horizontal,Rectangle,16PT C2S,Spot UV,Silk,Spot UV Front,4/4 (4 color both sides),1000,Score in Half,No Gift Cards Slits,Yes 10000 Envelopes A2
Majestic,Silk,4.25 x 11,Vertical,Rectangle,16PT C2S,Spot UV,Silk,Spot UV Front,4/4 (4 color both sides),1000,Score in Half,No Gift Cards Slits,Yes 10000 Envelopes A2
Majestic,Silk,5.5 x 8.5,Vertical,Rectangle,16PT C2S,Spot UV,Silk,Spot UV Front,4/4 (4 color both sides),1000,Score in Half,No Gift Cards Slits,Yes 10000 Envelopes A2
Majestic,Silk,4.25 x 11,Horizontal,Rectangle,16PT C2S,Spot UV,Silk,Spot UV Back,4/4 (4 color both sides),1000,Score in Half,No Gift Cards Slits,Yes 10000 Envelopes A2
Majestic,Silk,5.5 x 8.5,Horizontal,Rectangle,16PT C2S,Spot UV,Silk,Spot UV Back,4/4 (4 color both sides),1000,Score in Half,No Gift Cards Slits,Yes 10000 Envelopes A2
Majestic,Silk,4.25 x 11,Vertical,Rectangle,16PT C2S,Spot UV,Silk,Spot UV Back,4/4 (4 color both sides),1000,Score in Half,No Gift Cards Slits,Yes 10000 Envelopes A2
Majestic,Silk,5.5 x 8.5,Vertical,Rectangle,16PT C2S,Spot UV,Silk,Spot UV Back,4/4 (4 color both sides),1000,Score in Half,No Gift Cards Slits,Yes 10000 Envelopes A2
Majestic,Silk,4.25 x 11,Horizontal,Rectangle,16PT C2S,Spot UV,Silk,Spot UV Both Sides,4/4 (4 color both sides),1000,Score in Half,No Gift Cards Slits,Yes 10000 Envelopes A2
Majestic,Silk,5.5 x 8.5,Horizontal,Rectangle,16PT C2S,Spot UV,Silk,Spot UV Both Sides,4/4 (4 color both sides),1000,Score in Half,No Gift Cards Slits,Yes 10000 Envelopes A2
Majestic,Silk,4.25 x 11,Vertical,Rectangle,16PT C2S,Spot UV,Silk,Spot UV Both Sides,4/4 (4 color both sides),1000,Score in Half,No Gift Cards Slits,Yes 10000 Envelopes A2
Majestic,Silk,5.5 x 8.5,Vertical,Rectangle,16PT C2S,Spot UV,Silk,Spot UV Both Sides,4/4 (4 color both sides),1000,Score in Half,No Gift Cards Slits,Yes 10000 Envelopes A2
Majestic,Silk,4.25 x 11,Horizontal,Rectangle,16PT C2S,Spot UV,Silk,Spot UV Front,4/1,2500,Score in Half,No Gift Cards Slits,Yes 10000 Envelopes A2
Majestic,Silk,5.5 x 8.5,Horizontal,Rectangle,16PT C2S,Spot UV,Silk,Spot UV Front,4/1,2500,Score in Half,No Gift Cards Slits,Yes 10000 Envelopes A2
Majestic,Silk,4.25 x 11,Vertical,Rectangle,16PT C2S,Spot UV,Silk,Spot UV Front,4/1,2500,Score in Half,No Gift Cards Slits,Yes 10000 Envelopes A2
Majestic,Silk,5.5 x 8.5,Vertical,Rectangle,16PT C2S,Spot UV,Silk,Spot UV Front,4/1,2500,Score in Half,No Gift Cards Slits,Yes 10000 Envelopes A2
Majestic,Silk,4.25 x 11,Horizontal,Rectangle,16PT C2S,Spot UV,Silk,Spot UV Back,4/1,2500,Score in Half,No Gift Cards Slits,Yes 10000 Envelopes A2
Majestic,Silk,5.5 x 8.5,Horizontal,Rectangle,16PT C2S,Spot UV,Silk,Spot UV Back,4/1,2500,Score in Half,No Gift Cards Slits,Yes 10000 Envelopes A2
Majestic,Silk,4.25 x 11,Vertical,Rectangle,16PT C2S,Spot UV,Silk,Spot UV Back,4/1,2500,Score in Half,No Gift Cards Slits,Yes 10000 Envelopes A2
Majestic,Silk,5.5 x 8.5,Vertical,Rectangle,16PT C2S,Spot UV,Silk,Spot UV Back,4/1,2500,Score in Half,No Gift Cards Slits,Yes 10000 Envelopes A2
Majestic,Silk,4.25 x 11,Horizontal,Rectangle,16PT C2S,Spot UV,Silk,Spot UV Both Sides,4/1,2500,Score in Half,No Gift Cards Slits,Yes 10000 Envelopes A2
Majestic,Silk,5.5 x 8.5,Horizontal,Rectangle,16PT C2S,Spot UV,Silk,Spot UV Both Sides,4/1,2500,Score in Half,No Gift Cards Slits,Yes 10000 Envelopes A2
Majestic,Silk,4.25 x 11,Vertical,Rectangle,16PT C2S,Spot UV,Silk,Spot UV Both Sides,4/1,2500,Score in Half,No Gift Cards Slits,Yes 10000 Envelopes A2
Majestic,Silk,5.5 x 8.5,Vertical,Rectangle,16PT C2S,Spot UV,Silk,Spot UV Both Sides,4/1,2500,Score in Half,No Gift Cards Slits,Yes 10000 Envelopes A2
Majestic,Silk,4.25 x 11,Horizontal,Rectangle,16PT C2S,Spot UV,Silk,Spot UV Front,4/4 (4 color both sides),2500,Score in Half,No Gift Cards Slits,Yes 10000 Envelopes A2
Majestic,Silk,5.5 x 8.5,Horizontal,Rectangle,16PT C2S,Spot UV,Silk,Spot UV Front,4/4 (4 color both sides),2500,Score in Half,No Gift Cards Slits,Yes 10000 Envelopes A2
Majestic,Silk,4.25 x 11,Vertical,Rectangle,16PT C2S,Spot UV,Silk,Spot UV Front,4/4 (4 color both sides),2500,Score in Half,No Gift Cards Slits,Yes 10000 Envelopes A2
Majestic,Silk,5.5 x 8.5,Vertical,Rectangle,16PT C2S,Spot UV,Silk,Spot UV Front,4/4 (4 color both sides),2500,Score in Half,No Gift Cards Slits,Yes 10000 Envelopes A2
Majestic,Silk,4.25 x 11,Horizontal,Rectangle,16PT C2S,Spot UV,Silk,Spot UV Back,4/4 (4 color both sides),2500,Score in Half,No Gift Cards Slits,Yes 10000 Envelopes A2
Majestic,Silk,5.5 x 8.5,Horizontal,Rectangle,16PT C2S,Spot UV,Silk,Spot UV Back,4/4 (4 color both sides),2500,Score in Half,No Gift Cards Slits,Yes 10000 Envelopes A2
Majestic,Silk,4.25 x 11,Vertical,Rectangle,16PT C2S,Spot UV,Silk,Spot UV Back,4/4 (4 color both sides),2500,Score in Half,No Gift Cards Slits,Yes 10000 Envelopes A2
Majestic,Silk,5.5 x 8.5,Vertical,Rectangle,16PT C2S,Spot UV,Silk,Spot UV Back,4/4 (4 color both sides),2500,Score in Half,No Gift Cards Slits,Yes 10000 Envelopes A2
Majestic,Silk,4.25 x 11,Horizontal,Rectangle,16PT C2S,Spot UV,Silk,Spot UV Both Sides,4/4 (4 color both sides),2500,Score in Half,No Gift Cards Slits,Yes 10000 Envelopes A2
Majestic,Silk,5.5 x 8.5,Horizontal,Rectangle,16PT C2S,Spot UV,Silk,Spot UV Both Sides,4/4 (4 color both sides),2500,Score in Half,No Gift Cards Slits,Yes 10000 Envelopes A2
Majestic,Silk,4.25 x 11,Vertical,Rectangle,16PT C2S,Spot UV,Silk,Spot UV Both Sides,4/4 (4 color both sides),2500,Score in Half,No Gift Cards Slits,Yes 10000 Envelopes A2
Majestic,Silk,5.5 x 8.5,Vertical,Rectangle,16PT C2S,Spot UV,Silk,Spot UV Both Sides,4/4 (4 color both sides),2500,Score in Half,No Gift Cards Slits,Yes 10000 Envelopes A2
Majestic,Silk,4.25 x 11,Horizontal,Rectangle,16PT C2S,Spot UV,Silk,Spot UV Front,4/1,5000,Score in Half,No Gift Cards Slits,Yes 10000 Envelopes A2
Majestic,Silk,5.5 x 8.5,Horizontal,Rectangle,16PT C2S,Spot UV,Silk,Spot UV Front,4/1,5000,Score in Half,No Gift Cards Slits,Yes 10000 Envelopes A2
Majestic,Silk,4.25 x 11,Vertical,Rectangle,16PT C2S,Spot UV,Silk,Spot UV Front,4/1,5000,Score in Half,No Gift Cards Slits,Yes 10000 Envelopes A2
Majestic,Silk,5.5 x 8.5,Vertical,Rectangle,16PT C2S,Spot UV,Silk,Spot UV Front,4/1,5000,Score in Half,No Gift Cards Slits,Yes 10000 Envelopes A2
Majestic,Silk,5.5 x 8.5,Horizontal,Rectangle,16PT C2S,Spot UV,Silk,Spot UV Back,4/1,5000,Score in Half,No Gift Cards Slits,Yes 10000 Envelopes A2
Majestic,Silk,4.25 x 11,Horizontal,Rectangle,16PT C2S,Spot UV,Silk,Spot UV Back,4/1,5000,Score in Half,No Gift Cards Slits,Yes 10000 Envelopes A2
Majestic,Silk,4.25 x 11,Vertical,Rectangle,16PT C2S,Spot UV,Silk,Spot UV Back,4/1,5000,Score in Half,No Gift Cards Slits,Yes 10000 Envelopes A2
Majestic,Silk,5.5 x 8.5,Vertical,Rectangle,16PT C2S,Spot UV,Silk,Spot UV Back,4/1,5000,Score in Half,No Gift Cards Slits,Yes 10000 Envelopes A2
Majestic,Silk,4.25 x 11,Horizontal,Rectangle,16PT C2S,Spot UV,Silk,Spot UV Both Sides,4/1,5000,Score in Half,No Gift Cards Slits,Yes 10000 Envelopes A2
Majestic,Silk,5.5 x 8.5,Horizontal,Rectangle,16PT C2S,Spot UV,Silk,Spot UV Both Sides,4/1,5000,Score in Half,No Gift Cards Slits,Yes 10000 Envelopes A2
Majestic,Silk,4.25 x 11,Vertical,Rectangle,16PT C2S,Spot UV,Silk,Spot UV Both Sides,4/1,5000,Score in Half,No Gift Cards Slits,Yes 10000 Envelopes A2
Majestic,Silk,5.5 x 8.5,Vertical,Rectangle,16PT C2S,Spot UV,Silk,Spot UV Both Sides,4/1,5000,Score in Half,No Gift Cards Slits,Yes 10000 Envelopes A2
Majestic,Silk,4.25 x 11,Horizontal,Rectangle,16PT C2S,Spot UV,Silk,Spot UV Front,4/4 (4 color both sides),5000,Score in Half,No Gift Cards Slits,Yes 10000 Envelopes A2
Majestic,Silk,5.5 x 8.5,Horizontal,Rectangle,16PT C2S,Spot UV,Silk,Spot UV Front,4/4 (4 color both sides),5000,Score in Half,No Gift Cards Slits,Yes 10000 Envelopes A2
Majestic,Silk,4.25 x 11,Vertical,Rectangle,16PT C2S,Spot UV,Silk,Spot UV Front,4/4 (4 color both sides),5000,Score in Half,No Gift Cards Slits,Yes 10000 Envelopes A2
Majestic,Silk,5.5 x 8.5,Vertical,Rectangle,16PT C2S,Spot UV,Silk,Spot UV Front,4/4 (4 color both sides),5000,Score in Half,No Gift Cards Slits,Yes 10000 Envelopes A2
Majestic,Silk,4.25 x 11,Horizontal,Rectangle,16PT C2S,Spot UV,Silk,Spot UV Back,4/4 (4 color both sides),5000,Score in Half,No Gift Cards Slits,Yes 10000 Envelopes A2
Majestic,Silk,5.5 x 8.5,Horizontal,Rectangle,16PT C2S,Spot UV,Silk,Spot UV Back,4/4 (4 color both sides),5000,Score in Half,No Gift Cards Slits,Yes 10000 Envelopes A2
Majestic,Silk,5.5 x 8.5,Vertical,Rectangle,16PT C2S,Spot UV,Silk,Spot UV Back,4/1,5000,Score in Half,Slide Slits Right Panel,Yes 5000 Envelopes A2
Majestic,Silk,4.25 x 11,Vertical,Rectangle,16PT C2S,Spot UV,Silk,Spot UV Back,4/4 (4 color both sides),5000,Score in Half,No Gift Cards Slits,Yes 10000 Envelopes A2
Majestic,Silk,4.25 x 11,Horizontal,Rectangle,16PT C2S,Spot UV,Silk,Spot UV Both Sides,4/4 (4 color both sides),5000,Score in Half,No Gift Cards Slits,Yes 10000 Envelopes A2
Majestic,Silk,5.5 x 8.5,Horizontal,Rectangle,16PT C2S,Spot UV,Silk,Spot UV Both Sides,4/4 (4 color both sides),5000,Score in Half,No Gift Cards Slits,Yes 10000 Envelopes A2
Majestic,Silk,4.25 x 11,Vertical,Rectangle,16PT C2S,Spot UV,Silk,Spot UV Both Sides,4/4 (4 color both sides),5000,Score in Half,No Gift Cards Slits,Yes 10000 Envelopes A2
Majestic,Silk,5.5 x 8.5,Vertical,Rectangle,16PT C2S,Spot UV,Silk,Spot UV Both Sides,4/4 (4 color both sides),5000,Score in Half,No Gift Cards Slits,Yes 10000 Envelopes A2
Majestic,Silk,4.25 x 11,Horizontal,Rectangle,16PT C2S,Spot UV,Silk,Spot UV Front,4/1,10000,Score in Half,No Gift Cards Slits,Yes 10000 Envelopes A2
Majestic,Silk,5.5 x 8.5,Horizontal,Rectangle,16PT C2S,Spot UV,Silk,Spot UV Front,4/1,10000,Score in Half,No Gift Cards Slits,Yes 10000 Envelopes A2
Majestic,Silk,4.25 x 11,Vertical,Rectangle,16PT C2S,Spot UV,Silk,Spot UV Front,4/1,10000,Score in Half,No Gift Cards Slits,Yes 10000 Envelopes A2
Majestic,Silk,5.5 x 8.5,Vertical,Rectangle,16PT C2S,Spot UV,Silk,Spot UV Front,4/1,10000,Score in Half,No Gift Cards Slits,Yes 10000 Envelopes A2
Majestic,Silk,4.25 x 11,Horizontal,Rectangle,16PT C2S,Spot UV,Silk,Spot UV Back,4/1,10000,Score in Half,No Gift Cards Slits,Yes 10000 Envelopes A2
Majestic,Silk,5.5 x 8.5,Horizontal,Rectangle,16PT C2S,Spot UV,Silk,Spot UV Back,4/1,10000,Score in Half,No Gift Cards Slits,Yes 10000 Envelopes A2
Majestic,Silk,4.25 x 11,Vertical,Rectangle,16PT C2S,Spot UV,Silk,Spot UV Back,4/1,10000,Score in Half,No Gift Cards Slits,Yes 10000 Envelopes A2
Majestic,Silk,5.5 x 8.5,Vertical,Rectangle,16PT C2S,Spot UV,Silk,Spot UV Back,4/1,10000,Score in Half,No Gift Cards Slits,Yes 10000 Envelopes A2
Majestic,Silk,4.25 x 11,Horizontal,Rectangle,16PT C2S,Spot UV,Silk,Spot UV Both Sides,4/1,10000,Score in Half,No Gift Cards Slits,Yes 10000 Envelopes A2
Majestic,Silk,5.5 x 8.5,Horizontal,Rectangle,16PT C2S,Spot UV,Silk,Spot UV Both Sides,4/1,10000,Score in Half,No Gift Cards Slits,Yes 10000 Envelopes A2
Majestic,Silk,4.25 x 11,Vertical,Rectangle,16PT C2S,Spot UV,Silk,Spot UV Both Sides,4/1,10000,Score in Half,No Gift Cards Slits,Yes 10000 Envelopes A2
Majestic,Silk,5.5 x 8.5,Vertical,Rectangle,16PT C2S,Spot UV,Silk,Spot UV Both Sides,4/1,10000,Score in Half,No Gift Cards Slits,Yes 10000 Envelopes A2
Majestic,Silk,4.25 x 11,Horizontal,Rectangle,16PT C2S,Spot UV,Silk,Spot UV Front,4/4 (4 color both sides),10000,Score in Half,No Gift Cards Slits,Yes 10000 Envelopes A2
Majestic,Silk,5.5 x 8.5,Horizontal,Rectangle,16PT C2S,Spot UV,Silk,Spot UV Front,4/4 (4 color both sides),10000,Score in Half,No Gift Cards Slits,Yes 10000 Envelopes A2
Majestic,Silk,4.25 x 11,Vertical,Rectangle,16PT C2S,Spot UV,Silk,Spot UV Front,4/4 (4 color both sides),10000,Score in Half,No Gift Cards Slits,Yes 10000 Envelopes A2
Majestic,Silk,5.5 x 8.5,Vertical,Rectangle,16PT C2S,Spot UV,Silk,Spot UV Front,4/4 (4 color both sides),10000,Score in Half,No Gift Cards Slits,Yes 10000 Envelopes A2
Majestic,Silk,4.25 x 11,Horizontal,Rectangle,16PT C2S,Spot UV,Silk,Spot UV Back,4/4 (4 color both sides),10000,Score in Half,No Gift Cards Slits,Yes 10000 Envelopes A2
Majestic,Silk,5.5 x 8.5,Horizontal,Rectangle,16PT C2S,Spot UV,Silk,Spot UV Back,4/4 (4 color both sides),10000,Score in Half,No Gift Cards Slits,Yes 10000 Envelopes A2
Majestic,Silk,4.25 x 11,Vertical,Rectangle,16PT C2S,Spot UV,Silk,Spot UV Back,4/4 (4 color both sides),10000,Score in Half,No Gift Cards Slits,Yes 10000 Envelopes A2
Majestic,Silk,5.5 x 8.5,Vertical,Rectangle,16PT C2S,Spot UV,Silk,Spot UV Back,4/4 (4 color both sides),10000,Score in Half,No Gift Cards Slits,Yes 10000 Envelopes A2
Majestic,Silk,4.25 x 11,Horizontal,Rectangle,16PT C2S,Spot UV,Silk,Spot UV Both Sides,4/4 (4 color both sides),10000,Score in Half,No Gift Cards Slits,Yes 10000 Envelopes A2
Majestic,Silk,5.5 x 8.5,Horizontal,Rectangle,16PT C2S,Spot UV,Silk,Spot UV Both Sides,4/4 (4 color both sides),10000,Score in Half,No Gift Cards Slits,Yes 10000 Envelopes A2
Majestic,Silk,4.25 x 11,Vertical,Rectangle,16PT C2S,Spot UV,Silk,Spot UV Both Sides,4/4 (4 color both sides),10000,Score in Half,No Gift Cards Slits,Yes 10000 Envelopes A2
Majestic,Silk,5.5 x 8.5,Vertical,Rectangle,16PT C2S,Spot UV,Silk,Spot UV Both Sides,4/4 (4 color both sides),10000,Score in Half,No Gift Cards Slits,Yes 10000 Envelopes A2
Majestic,Silk,4.25 x 11,Horizontal,Rectangle,16PT C2S,Spot UV,Silk,Spot UV Front,4/1,500,Score in Half,Slide Slits Bottom Panel,Yes 10000 Envelopes A2
Majestic,Silk,5.5 x 8.5,Horizontal,Rectangle,16PT C2S,Spot UV,Silk,Spot UV Front,4/1,500,Score in Half,Slide Slits Bottom Panel,Yes 10000 Envelopes A2
Majestic,Silk,5.5 x 8.5,Vertical,Rectangle,16PT C2S,Spot UV,Silk,Spot UV Both Sides,4/1,5000,Score in Half,Moon Slits Right Panel,Yes 10000 Envelopes A2
Majestic,Silk,5.5 x 8.5,Vertical,Rectangle,16PT C2S,Spot UV,Silk,Spot UV Front,4/1,500,Score in Half,Slide Slits Bottom Panel,Yes 10000 Envelopes A2
Majestic,Silk,4.25 x 11,Horizontal,Rectangle,16PT C2S,Spot UV,Silk,Spot UV Back,4/1,500,Score in Half,Slide Slits Bottom Panel,Yes 10000 Envelopes A2
Majestic,Silk,4.25 x 11,Vertical,Rectangle,16PT C2S,Spot UV,Silk,Spot UV Front,4/1,500,Score in Half,Slide Slits Bottom Panel,Yes 10000 Envelopes A2
Majestic,Silk,4.25 x 11,Vertical,Rectangle,16PT C2S,Spot UV,Silk,Spot UV Back,4/1,500,Score in Half,Slide Slits Bottom Panel,Yes 10000 Envelopes A2
Majestic,Silk,5.5 x 8.5,Vertical,Rectangle,16PT C2S,Spot UV,Silk,Spot UV Back,4/1,500,Score in Half,Slide Slits Bottom Panel,Yes 10000 Envelopes A2
Majestic,Silk,4.25 x 11,Horizontal,Rectangle,16PT C2S,Spot UV,Silk,Spot UV Both Sides,4/1,500,Score in Half,Slide Slits Bottom Panel,Yes 10000 Envelopes A2
Majestic,Silk,5.5 x 8.5,Horizontal,Rectangle,16PT C2S,Spot UV,Silk,Spot UV Both Sides,4/1,500,Score in Half,Slide Slits Bottom Panel,Yes 10000 Envelopes A2
Majestic,Silk,4.25 x 11,Vertical,Rectangle,16PT C2S,Spot UV,Silk,Spot UV Both Sides,4/1,500,Score in Half,Slide Slits Bottom Panel,Yes 10000 Envelopes A2
Majestic,Silk,5.5 x 8.5,Vertical,Rectangle,16PT C2S,Spot UV,Silk,Spot UV Both Sides,4/1,500,Score in Half,Slide Slits Bottom Panel,Yes 10000 Envelopes A2
Majestic,Silk,4.25 x 11,Horizontal,Rectangle,16PT C2S,Spot UV,Silk,Spot UV Front,4/4 (4 color both sides),500,Score in Half,Slide Slits Bottom Panel,Yes 10000 Envelopes A2
Majestic,Silk,5.5 x 8.5,Horizontal,Rectangle,16PT C2S,Spot UV,Silk,Spot UV Front,4/4 (4 color both sides),500,Score in Half,Slide Slits Bottom Panel,Yes 10000 Envelopes A2
Majestic,Silk,4.25 x 11,Vertical,Rectangle,16PT C2S,Spot UV,Silk,Spot UV Front,4/4 (4 color both sides),500,Score in Half,Slide Slits Bottom Panel,Yes 10000 Envelopes A2
Majestic,Silk,5.5 x 8.5,Vertical,Rectangle,16PT C2S,Spot UV,Silk,Spot UV Front,4/4 (4 color both sides),500,Score in Half,Slide Slits Bottom Panel,Yes 10000 Envelopes A2
Majestic,Silk,4.25 x 11,Horizontal,Rectangle,16PT C2S,Spot UV,Silk,Spot UV Back,4/4 (4 color both sides),500,Score in Half,Slide Slits Bottom Panel,Yes 10000 Envelopes A2
Majestic,Silk,5.5 x 8.5,Horizontal,Rectangle,16PT C2S,Spot UV,Silk,Spot UV Back,4/1,500,Score in Half,Slide Slits Bottom Panel,Yes 10000 Envelopes A2
Majestic,Silk,4.25 x 11,Vertical,Rectangle,16PT C2S,Spot UV,Silk,Spot UV Back,4/4 (4 color both sides),500,Score in Half,Slide Slits Bottom Panel,Yes 10000 Envelopes A2
Majestic,Silk,5.5 x 8.5,Vertical,Rectangle,16PT C2S,Spot UV,Silk,Spot UV Back,4/4 (4 color both sides),500,Score in Half,Slide Slits Bottom Panel,Yes 10000 Envelopes A2
Majestic,Silk,4.25 x 11,Horizontal,Rectangle,16PT C2S,Spot UV,Silk,Spot UV Both Sides,4/4 (4 color both sides),500,Score in Half,Slide Slits Bottom Panel,Yes 10000 Envelopes A2
Majestic,Silk,5.5 x 8.5,Horizontal,Rectangle,16PT C2S,Spot UV,Silk,Spot UV Both Sides,4/4 (4 color both sides),500,Score in Half,Slide Slits Bottom Panel,Yes 10000 Envelopes A2
Majestic,Silk,4.25 x 11,Vertical,Rectangle,16PT C2S,Spot UV,Silk,Spot UV Both Sides,4/4 (4 color both sides),500,Score in Half,Slide Slits Bottom Panel,Yes 10000 Envelopes A2
Majestic,Silk,5.5 x 8.5,Vertical,Rectangle,16PT C2S,Spot UV,Silk,Spot UV Both Sides,4/4 (4 color both sides),500,Score in Half,Slide Slits Bottom Panel,Yes 10000 Envelopes A2
Majestic,Silk,4.25 x 11,Horizontal,Rectangle,16PT C2S,Spot UV,Silk,Spot UV Front,4/1,1000,Score in Half,Slide Slits Bottom Panel,Yes 10000 Envelopes A2
Majestic,Silk,5.5 x 8.5,Horizontal,Rectangle,16PT C2S,Spot UV,Silk,Spot UV Front,4/1,1000,Score in Half,Slide Slits Bottom Panel,Yes 10000 Envelopes A2
Majestic,Silk,4.25 x 11,Vertical,Rectangle,16PT C2S,Spot UV,Silk,Spot UV Front,4/1,1000,Score in Half,Slide Slits Bottom Panel,Yes 10000 Envelopes A2
Majestic,Silk,5.5 x 8.5,Vertical,Rectangle,16PT C2S,Spot UV,Silk,Spot UV Front,4/1,1000,Score in Half,Slide Slits Bottom Panel,Yes 10000 Envelopes A2
Majestic,Silk,4.25 x 11,Horizontal,Rectangle,16PT C2S,Spot UV,Silk,Spot UV Back,4/1,1000,Score in Half,Slide Slits Bottom Panel,Yes 10000 Envelopes A2
Majestic,Silk,5.5 x 8.5,Horizontal,Rectangle,16PT C2S,Spot UV,Silk,Spot UV Back,4/1,1000,Score in Half,Slide Slits Bottom Panel,Yes 10000 Envelopes A2
Majestic,Silk,4.25 x 11,Vertical,Rectangle,16PT C2S,Spot UV,Silk,Spot UV Back,4/1,1000,Score in Half,Slide Slits Bottom Panel,Yes 10000 Envelopes A2
Majestic,Silk,5.5 x 8.5,Vertical,Rectangle,16PT C2S,Spot UV,Silk,Spot UV Back,4/1,1000,Score in Half,Slide Slits Bottom Panel,Yes 10000 Envelopes A2
Majestic,Silk,4.25 x 11,Horizontal,Rectangle,16PT C2S,Spot UV,Silk,Spot UV Both Sides,4/1,1000,Score in Half,Slide Slits Bottom Panel,Yes 10000 Envelopes A2
Majestic,Silk,5.5 x 8.5,Horizontal,Rectangle,16PT C2S,Spot UV,Silk,Spot UV Both Sides,4/1,1000,Score in Half,Slide Slits Bottom Panel,Yes 10000 Envelopes A2
Majestic,Silk,4.25 x 11,Vertical,Rectangle,16PT C2S,Spot UV,Silk,Spot UV Both Sides,4/1,1000,Score in Half,Slide Slits Bottom Panel,Yes 10000 Envelopes A2
Majestic,Silk,5.5 x 8.5,Vertical,Rectangle,16PT C2S,Spot UV,Silk,Spot UV Both Sides,4/1,1000,Score in Half,Slide Slits Bottom Panel,Yes 10000 Envelopes A2
Majestic,Silk,4.25 x 11,Horizontal,Rectangle,16PT C2S,Spot UV,Silk,Spot UV Front,4/4 (4 color both sides),1000,Score in Half,Slide Slits Bottom Panel,Yes 10000 Envelopes A2
Majestic,Silk,5.5 x 8.5,Horizontal,Rectangle,16PT C2S,Spot UV,Silk,Spot UV Front,4/4 (4 color both sides),1000,Score in Half,Slide Slits Bottom Panel,Yes 10000 Envelopes A2
Majestic,Silk,4.25 x 11,Vertical,Rectangle,16PT C2S,Spot UV,Silk,Spot UV Front,4/4 (4 color both sides),1000,Score in Half,Slide Slits Bottom Panel,Yes 10000 Envelopes A2
Majestic,Silk,5.5 x 8.5,Vertical,Rectangle,16PT C2S,Spot UV,Silk,Spot UV Front,4/4 (4 color both sides),1000,Score in Half,Slide Slits Bottom Panel,Yes 10000 Envelopes A2
Majestic,Silk,4.25 x 11,Horizontal,Rectangle,16PT C2S,Spot UV,Silk,Spot UV Back,4/4 (4 color both sides),1000,Score in Half,Slide Slits Bottom Panel,Yes 10000 Envelopes A2
Majestic,Silk,5.5 x 8.5,Horizontal,Rectangle,16PT C2S,Spot UV,Silk,Spot UV Back,4/4 (4 color both sides),1000,Score in Half,Slide Slits Bottom Panel,Yes 10000 Envelopes A2
Majestic,Silk,4.25 x 11,Vertical,Rectangle,16PT C2S,Spot UV,Silk,Spot UV Back,4/4 (4 color both sides),1000,Score in Half,Slide Slits Bottom Panel,Yes 10000 Envelopes A2
Majestic,Silk,5.5 x 8.5,Vertical,Rectangle,16PT C2S,Spot UV,Silk,Spot UV Back,4/4 (4 color both sides),1000,Score in Half,Slide Slits Bottom Panel,Yes 10000 Envelopes A2
Majestic,Silk,4.25 x 11,Horizontal,Rectangle,16PT C2S,Spot UV,Silk,Spot UV Both Sides,4/4 (4 color both sides),1000,Score in Half,Slide Slits Bottom Panel,Yes 10000 Envelopes A2
Majestic,Silk,5.5 x 8.5,Horizontal,Rectangle,16PT C2S,Spot UV,Silk,Spot UV Both Sides,4/4 (4 color both sides),1000,Score in Half,Slide Slits Bottom Panel,Yes 10000 Envelopes A2
Majestic,Silk,4.25 x 11,Vertical,Rectangle,16PT C2S,Spot UV,Silk,Spot UV Both Sides,4/4 (4 color both sides),1000,Score in Half,Slide Slits Bottom Panel,Yes 10000 Envelopes A2
Majestic,Silk,5.5 x 8.5,Vertical,Rectangle,16PT C2S,Spot UV,Silk,Spot UV Both Sides,4/4 (4 color both sides),1000,Score in Half,Slide Slits Bottom Panel,Yes 10000 Envelopes A2
Majestic,Silk,4.25 x 11,Horizontal,Rectangle,16PT C2S,Spot UV,Silk,Spot UV Front,4/1,2500,Score in Half,Slide Slits Bottom Panel,Yes 10000 Envelopes A2
Majestic,Silk,5.5 x 8.5,Horizontal,Rectangle,16PT C2S,Spot UV,Silk,Spot UV Front,4/1,2500,Score in Half,Slide Slits Bottom Panel,Yes 10000 Envelopes A2
Majestic,Silk,4.25 x 11,Vertical,Rectangle,16PT C2S,Spot UV,Silk,Spot UV Front,4/1,2500,Score in Half,Slide Slits Bottom Panel,Yes 10000 Envelopes A2
Majestic,Silk,5.5 x 8.5,Vertical,Rectangle,16PT C2S,Spot UV,Silk,Spot UV Front,4/1,2500,Score in Half,Slide Slits Bottom Panel,Yes 10000 Envelopes A2
Majestic,Silk,4.25 x 11,Horizontal,Rectangle,16PT C2S,Spot UV,Silk,Spot UV Back,4/1,2500,Score in Half,Slide Slits Bottom Panel,Yes 10000 Envelopes A2
Majestic,Silk,4.25 x 11,Horizontal,Rectangle,16PT C2S,Spot UV,Silk,Spot UV Both Sides,4/1,2500,Score in Half,Slide Slits Bottom Panel,Yes 10000 Envelopes A2
Majestic,Silk,5.5 x 8.5,Horizontal,Rectangle,16PT C2S,Spot UV,Silk,Spot UV Back,4/1,2500,Score in Half,Slide Slits Bottom Panel,Yes 10000 Envelopes A2
Majestic,Silk,4.25 x 11,Vertical,Rectangle,16PT C2S,Spot UV,Silk,Spot UV Back,4/1,2500,Score in Half,Slide Slits Bottom Panel,Yes 10000 Envelopes A2
Majestic,Silk,5.5 x 8.5,Vertical,Rectangle,16PT C2S,Spot UV,Silk,Spot UV Back,4/1,2500,Score in Half,Slide Slits Bottom Panel,Yes 10000 Envelopes A2
Majestic,Silk,5.5 x 8.5,Horizontal,Rectangle,16PT C2S,Spot UV,Silk,Spot UV Both Sides,4/1,2500,Score in Half,Slide Slits Bottom Panel,Yes 10000 Envelopes A2
Majestic,Silk,4.25 x 11,Vertical,Rectangle,16PT C2S,Spot UV,Silk,Spot UV Both Sides,4/1,2500,Score in Half,Slide Slits Bottom Panel,Yes 10000 Envelopes A2
Majestic,Silk,5.5 x 8.5,Vertical,Rectangle,16PT C2S,Spot UV,Silk,Spot UV Both Sides,4/1,2500,Score in Half,Slide Slits Bottom Panel,Yes 10000 Envelopes A2
Majestic,Silk,5.5 x 8.5,Horizontal,Rectangle,16PT C2S,Spot UV,Silk,Spot UV Front,4/4 (4 color both sides),2500,Score in Half,Slide Slits Bottom Panel,Yes 10000 Envelopes A2
Majestic,Silk,4.25 x 11,Horizontal,Rectangle,16PT C2S,Spot UV,Silk,Spot UV Front,4/4 (4 color both sides),2500,Score in Half,Slide Slits Bottom Panel,Yes 10000 Envelopes A2
Majestic,Silk,4.25 x 11,Vertical,Rectangle,16PT C2S,Spot UV,Silk,Spot UV Front,4/4 (4 color both sides),2500,Score in Half,Slide Slits Bottom Panel,Yes 10000 Envelopes A2
Majestic,Silk,5.5 x 8.5,Vertical,Rectangle,16PT C2S,Spot UV,Silk,Spot UV Front,4/4 (4 color both sides),2500,Score in Half,Slide Slits Bottom Panel,Yes 10000 Envelopes A2
Majestic,Silk,4.25 x 11,Horizontal,Rectangle,16PT C2S,Spot UV,Silk,Spot UV Back,4/4 (4 color both sides),2500,Score in Half,Slide Slits Bottom Panel,Yes 10000 Envelopes A2
Majestic,Silk,5.5 x 8.5,Horizontal,Rectangle,16PT C2S,Spot UV,Silk,Spot UV Back,4/4 (4 color both sides),2500,Score in Half,Slide Slits Bottom Panel,Yes 10000 Envelopes A2
Majestic,Silk,4.25 x 11,Vertical,Rectangle,16PT C2S,Spot UV,Silk,Spot UV Back,4/4 (4 color both sides),2500,Score in Half,Slide Slits Bottom Panel,Yes 10000 Envelopes A2
Majestic,Silk,5.5 x 8.5,Vertical,Rectangle,16PT C2S,Spot UV,Silk,Spot UV Back,4/4 (4 color both sides),2500,Score in Half,Slide Slits Bottom Panel,Yes 10000 Envelopes A2
Majestic,Silk,4.25 x 11,Horizontal,Rectangle,16PT C2S,Spot UV,Silk,Spot UV Both Sides,4/4 (4 color both sides),2500,Score in Half,Slide Slits Bottom Panel,Yes 10000 Envelopes A2
Majestic,Silk,5.5 x 8.5,Horizontal,Rectangle,16PT C2S,Spot UV,Silk,Spot UV Both Sides,4/4 (4 color both sides),2500,Score in Half,Slide Slits Bottom Panel,Yes 10000 Envelopes A2
Majestic,Silk,4.25 x 11,Vertical,Rectangle,16PT C2S,Spot UV,Silk,Spot UV Both Sides,4/4 (4 color both sides),2500,Score in Half,Slide Slits Bottom Panel,Yes 10000 Envelopes A2
Majestic,Silk,5.5 x 8.5,Vertical,Rectangle,16PT C2S,Spot UV,Silk,Spot UV Both Sides,4/4 (4 color both sides),2500,Score in Half,Slide Slits Bottom Panel,Yes 10000 Envelopes A2
Majestic,Silk,4.25 x 11,Horizontal,Rectangle,16PT C2S,Spot UV,Silk,Spot UV Front,4/1,5000,Score in Half,Slide Slits Bottom Panel,Yes 10000 Envelopes A2
Majestic,Silk,5.5 x 8.5,Horizontal,Rectangle,16PT C2S,Spot UV,Silk,Spot UV Front,4/1,5000,Score in Half,Slide Slits Bottom Panel,Yes 10000 Envelopes A2
Majestic,Silk,4.25 x 11,Vertical,Rectangle,16PT C2S,Spot UV,Silk,Spot UV Front,4/1,5000,Score in Half,Slide Slits Bottom Panel,Yes 10000 Envelopes A2
Majestic,Silk,5.5 x 8.5,Vertical,Rectangle,16PT C2S,Spot UV,Silk,Spot UV Front,4/1,5000,Score in Half,Slide Slits Bottom Panel,Yes 10000 Envelopes A2
Majestic,Silk,4.25 x 11,Horizontal,Rectangle,16PT C2S,Spot UV,Silk,Spot UV Back,4/1,5000,Score in Half,Slide Slits Bottom Panel,Yes 10000 Envelopes A2
Majestic,Silk,5.5 x 8.5,Horizontal,Rectangle,16PT C2S,Spot UV,Silk,Spot UV Back,4/1,5000,Score in Half,Slide Slits Bottom Panel,Yes 10000 Envelopes A2
Majestic,Silk,5.5 x 8.5,Vertical,Rectangle,16PT C2S,Spot UV,Silk,Spot UV Back,4/1,5000,Score in Half,Slide Slits Bottom Panel,Yes 10000 Envelopes A2
Majestic,Silk,4.25 x 11,Vertical,Rectangle,16PT C2S,Spot UV,Silk,Spot UV Back,4/1,5000,Score in Half,Slide Slits Bottom Panel,Yes 10000 Envelopes A2
Majestic,Silk,4.25 x 11,Horizontal,Rectangle,16PT C2S,Spot UV,Silk,Spot UV Both Sides,4/1,5000,Score in Half,Slide Slits Bottom Panel,Yes 10000 Envelopes A2
Majestic,Silk,5.5 x 8.5,Horizontal,Rectangle,16PT C2S,Spot UV,Silk,Spot UV Both Sides,4/1,5000,Score in Half,Slide Slits Bottom Panel,Yes 10000 Envelopes A2
Majestic,Silk,5.5 x 8.5,Vertical,Rectangle,16PT C2S,Spot UV,Silk,Spot UV Both Sides,4/1,5000,Score in Half,Slide Slits Bottom Panel,Yes 10000 Envelopes A2
Majestic,Silk,4.25 x 11,Vertical,Rectangle,16PT C2S,Spot UV,Silk,Spot UV Both Sides,4/1,5000,Score in Half,Slide Slits Bottom Panel,Yes 10000 Envelopes A2
Majestic,Silk,4.25 x 11,Horizontal,Rectangle,16PT C2S,Spot UV,Silk,Spot UV Front,4/4 (4 color both sides),5000,Score in Half,Slide Slits Bottom Panel,Yes 10000 Envelopes A2
Majestic,Silk,5.5 x 8.5,Horizontal,Rectangle,16PT C2S,Spot UV,Silk,Spot UV Front,4/4 (4 color both sides),5000,Score in Half,Slide Slits Bottom Panel,Yes 10000 Envelopes A2
Majestic,Silk,4.25 x 11,Vertical,Rectangle,16PT C2S,Spot UV,Silk,Spot UV Front,4/4 (4 color both sides),5000,Score in Half,Slide Slits Bottom Panel,Yes 10000 Envelopes A2
Majestic,Silk,4.25 x 11,Horizontal,Rectangle,16PT C2S,Spot UV,Silk,Spot UV Back,4/4 (4 color both sides),5000,Score in Half,Slide Slits Bottom Panel,Yes 10000 Envelopes A2
Majestic,Silk,5.5 x 8.5,Vertical,Rectangle,16PT C2S,Spot UV,Silk,Spot UV Front,4/4 (4 color both sides),5000,Score in Half,Slide Slits Bottom Panel,Yes 10000 Envelopes A2
Majestic,Silk,5.5 x 8.5,Horizontal,Rectangle,16PT C2S,Spot UV,Silk,Spot UV Back,4/4 (4 color both sides),5000,Score in Half,Slide Slits Bottom Panel,Yes 10000 Envelopes A2
Majestic,Silk,4.25 x 11,Vertical,Rectangle,16PT C2S,Spot UV,Silk,Spot UV Back,4/4 (4 color both sides),5000,Score in Half,Slide Slits Bottom Panel,Yes 10000 Envelopes A2
Majestic,Silk,5.5 x 8.5,Vertical,Rectangle,16PT C2S,Spot UV,Silk,Spot UV Back,4/4 (4 color both sides),5000,Score in Half,Slide Slits Bottom Panel,Yes 10000 Envelopes A2
Majestic,Silk,4.25 x 11,Horizontal,Rectangle,16PT C2S,Spot UV,Silk,Spot UV Both Sides,4/4 (4 color both sides),5000,Score in Half,Slide Slits Bottom Panel,Yes 10000 Envelopes A2
Majestic,Silk,5.5 x 8.5,Horizontal,Rectangle,16PT C2S,Spot UV,Silk,Spot UV Both Sides,4/4 (4 color both sides),5000,Score in Half,Slide Slits Bottom Panel,Yes 10000 Envelopes A2
Majestic,Silk,4.25 x 11,Vertical,Rectangle,16PT C2S,Spot UV,Silk,Spot UV Both Sides,4/4 (4 color both sides),5000,Score in Half,Slide Slits Bottom Panel,Yes 10000 Envelopes A2
Majestic,Silk,4.25 x 11,Horizontal,Rectangle,16PT C2S,Spot UV,Silk,Spot UV Front,4/1,10000,Score in Half,Slide Slits Bottom Panel,Yes 10000 Envelopes A2
Majestic,Silk,5.5 x 8.5,Horizontal,Rectangle,16PT C2S,Spot UV,Silk,Spot UV Front,4/1,10000,Score in Half,Slide Slits Bottom Panel,Yes 10000 Envelopes A2
Majestic,Silk,5.5 x 8.5,Vertical,Rectangle,16PT C2S,Spot UV,Silk,Spot UV Both Sides,4/4 (4 color both sides),5000,Score in Half,Slide Slits Bottom Panel,Yes 10000 Envelopes A2
Majestic,Silk,5.5 x 8.5,Vertical,Rectangle,16PT C2S,Spot UV,Silk,Spot UV Front,4/1,10000,Score in Half,Slide Slits Bottom Panel,Yes 10000 Envelopes A2
Majestic,Silk,4.25 x 11,Horizontal,Rectangle,16PT C2S,Spot UV,Silk,Spot UV Back,4/1,10000,Score in Half,Slide Slits Bottom Panel,Yes 10000 Envelopes A2
Majestic,Silk,5.5 x 8.5,Horizontal,Rectangle,16PT C2S,Spot UV,Silk,Spot UV Back,4/1,10000,Score in Half,Slide Slits Bottom Panel,Yes 10000 Envelopes A2
Majestic,Silk,4.25 x 11,Vertical,Rectangle,16PT C2S,Spot UV,Silk,Spot UV Front,4/1,10000,Score in Half,Slide Slits Bottom Panel,Yes 10000 Envelopes A2
Majestic,Silk,4.25 x 11,Vertical,Rectangle,16PT C2S,Spot UV,Silk,Spot UV Back,4/1,10000,Score in Half,Slide Slits Bottom Panel,Yes 10000 Envelopes A2
Majestic,Silk,5.5 x 8.5,Vertical,Rectangle,16PT C2S,Spot UV,Silk,Spot UV Back,4/1,10000,Score in Half,Slide Slits Bottom Panel,Yes 10000 Envelopes A2
Majestic,Silk,4.25 x 11,Horizontal,Rectangle,16PT C2S,Spot UV,Silk,Spot UV Both Sides,4/1,10000,Score in Half,Slide Slits Bottom Panel,Yes 10000 Envelopes A2
Majestic,Silk,4.25 x 11,Vertical,Rectangle,16PT C2S,Spot UV,Silk,Spot UV Both Sides,4/1,10000,Score in Half,Slide Slits Bottom Panel,Yes 10000 Envelopes A2
Majestic,Silk,5.5 x 8.5,Vertical,Rectangle,16PT C2S,Spot UV,Silk,Spot UV Both Sides,4/1,10000,Score in Half,Slide Slits Bottom Panel,Yes 10000 Envelopes A2
Majestic,Silk,5.5 x 8.5,Horizontal,Rectangle,16PT C2S,Spot UV,Silk,Spot UV Both Sides,4/1,10000,Score in Half,Slide Slits Bottom Panel,Yes 10000 Envelopes A2
Majestic,Silk,5.5 x 8.5,Horizontal,Rectangle,16PT C2S,Spot UV,Silk,Spot UV Front,4/4 (4 color both sides),10000,Score in Half,Slide Slits Bottom Panel,Yes 10000 Envelopes A2
Majestic,Silk,4.25 x 11,Horizontal,Rectangle,16PT C2S,Spot UV,Silk,Spot UV Front,4/4 (4 color both sides),10000,Score in Half,Slide Slits Bottom Panel,Yes 10000 Envelopes A2
Majestic,Silk,5.5 x 8.5,Vertical,Rectangle,16PT C2S,Spot UV,Silk,Spot UV Front,4/4 (4 color both sides),10000,Score in Half,Slide Slits Bottom Panel,Yes 10000 Envelopes A2
Majestic,Silk,4.25 x 11,Vertical,Rectangle,16PT C2S,Spot UV,Silk,Spot UV Front,4/4 (4 color both sides),10000,Score in Half,Slide Slits Bottom Panel,Yes 10000 Envelopes A2
Majestic,Silk,4.25 x 11,Horizontal,Rectangle,16PT C2S,Spot UV,Silk,Spot UV Back,4/4 (4 color both sides),10000,Score in Half,Slide Slits Bottom Panel,Yes 10000 Envelopes A2
Majestic,Silk,4.25 x 11,Vertical,Rectangle,16PT C2S,Spot UV,Silk,Spot UV Back,4/4 (4 color both sides),10000,Score in Half,Slide Slits Bottom Panel,Yes 10000 Envelopes A2
Majestic,Silk,4.25 x 11,Horizontal,Rectangle,16PT C2S,Spot UV,Silk,Spot UV Both Sides,4/4 (4 color both sides),10000,Score in Half,Slide Slits Bottom Panel,Yes 10000 Envelopes A2
Majestic,Silk,5.5 x 8.5,Vertical,Rectangle,16PT C2S,Spot UV,Silk,Spot UV Back,4/4 (4 color both sides),10000,Score in Half,Slide Slits Bottom Panel,Yes 10000 Envelopes A2
Majestic,Silk,5.5 x 8.5,Horizontal,Rectangle,16PT C2S,Spot UV,Silk,Spot UV Both Sides,4/4 (4 color both sides),10000,Score in Half,Slide Slits Bottom Panel,Yes 10000 Envelopes A2
Majestic,Silk,4.25 x 11,Vertical,Rectangle,16PT C2S,Spot UV,Silk,Spot UV Both Sides,4/4 (4 color both sides),10000,Score in Half,Slide Slits Bottom Panel,Yes 10000 Envelopes A2
Majestic,Silk,4.25 x 11,Horizontal,Rectangle,16PT C2S,Spot UV,Silk,Spot UV Front,4/1,500,Score in Half,Slide Slits Right Panel,Yes 10000 Envelopes A2
Majestic,Silk,5.5 x 8.5,Horizontal,Rectangle,16PT C2S,Spot UV,Silk,Spot UV Front,4/1,500,Score in Half,Slide Slits Right Panel,Yes 10000 Envelopes A2
Majestic,Silk,5.5 x 8.5,Vertical,Rectangle,16PT C2S,Spot UV,Silk,Spot UV Both Sides,4/4 (4 color both sides),10000,Score in Half,Slide Slits Bottom Panel,Yes 10000 Envelopes A2
Majestic,Silk,5.5 x 8.5,Horizontal,Rectangle,16PT C2S,Spot UV,Silk,Spot UV Back,4/4 (4 color both sides),10000,Score in Half,Slide Slits Bottom Panel,Yes 10000 Envelopes A2
Majestic,Silk,4.25 x 11,Vertical,Rectangle,16PT C2S,Spot UV,Silk,Spot UV Front,4/1,500,Score in Half,Slide Slits Right Panel,Yes 10000 Envelopes A2
Majestic,Silk,5.5 x 8.5,Vertical,Rectangle,16PT C2S,Spot UV,Silk,Spot UV Front,4/1,500,Score in Half,Slide Slits Right Panel,Yes 10000 Envelopes A2
Majestic,Silk,4.25 x 11,Horizontal,Rectangle,16PT C2S,Spot UV,Silk,Spot UV Back,4/1,500,Score in Half,Slide Slits Right Panel,Yes 10000 Envelopes A2
Majestic,Silk,4.25 x 11,Vertical,Rectangle,16PT C2S,Spot UV,Silk,Spot UV Back,4/1,500,Score in Half,Slide Slits Right Panel,Yes 10000 Envelopes A2
Majestic,Silk,5.5 x 8.5,Horizontal,Rectangle,16PT C2S,Spot UV,Silk,Spot UV Back,4/1,500,Score in Half,Slide Slits Right Panel,Yes 10000 Envelopes A2
Majestic,Silk,5.5 x 8.5,Vertical,Rectangle,16PT C2S,Spot UV,Silk,Spot UV Back,4/1,500,Score in Half,Slide Slits Right Panel,Yes 10000 Envelopes A2
Majestic,Silk,5.5 x 8.5,Horizontal,Rectangle,16PT C2S,Spot UV,Silk,Spot UV Both Sides,4/1,500,Score in Half,Slide Slits Right Panel,Yes 10000 Envelopes A2
Majestic,Silk,5.5 x 8.5,Vertical,Rectangle,16PT C2S,Spot UV,Silk,Spot UV Both Sides,4/1,500,Score in Half,Slide Slits Right Panel,Yes 10000 Envelopes A2
Majestic,Silk,4.25 x 11,Vertical,Rectangle,16PT C2S,Spot UV,Silk,Spot UV Both Sides,4/1,500,Score in Half,Slide Slits Right Panel,Yes 10000 Envelopes A2
Majestic,Silk,4.25 x 11,Horizontal,Rectangle,16PT C2S,Spot UV,Silk,Spot UV Both Sides,4/1,500,Score in Half,Slide Slits Right Panel,Yes 10000 Envelopes A2
Majestic,Silk,4.25 x 11,Horizontal,Rectangle,16PT C2S,Spot UV,Silk,Spot UV Front,4/4 (4 color both sides),500,Score in Half,Slide Slits Right Panel,Yes 10000 Envelopes A2
Majestic,Silk,5.5 x 8.5,Horizontal,Rectangle,16PT C2S,Spot UV,Silk,Spot UV Front,4/4 (4 color both sides),500,Score in Half,Slide Slits Right Panel,Yes 10000 Envelopes A2
Majestic,Silk,4.25 x 11,Vertical,Rectangle,16PT C2S,Spot UV,Silk,Spot UV Front,4/4 (4 color both sides),500,Score in Half,Slide Slits Right Panel,Yes 10000 Envelopes A2
Majestic,Silk,4.25 x 11,Horizontal,Rectangle,16PT C2S,Spot UV,Silk,Spot UV Back,4/4 (4 color both sides),500,Score in Half,Slide Slits Right Panel,Yes 10000 Envelopes A2
Majestic,Silk,5.5 x 8.5,Vertical,Rectangle,16PT C2S,Spot UV,Silk,Spot UV Front,4/4 (4 color both sides),500,Score in Half,Slide Slits Right Panel,Yes 10000 Envelopes A2
Majestic,Silk,5.5 x 8.5,Vertical,Rectangle,16PT C2S,Spot UV,Silk,Spot UV Back,4/4 (4 color both sides),500,Score in Half,Slide Slits Right Panel,Yes 10000 Envelopes A2
Majestic,Silk,5.5 x 8.5,Horizontal,Rectangle,16PT C2S,Spot UV,Silk,Spot UV Back,4/4 (4 color both sides),500,Score in Half,Slide Slits Right Panel,Yes 10000 Envelopes A2
Majestic,Silk,4.25 x 11,Vertical,Rectangle,16PT C2S,Spot UV,Silk,Spot UV Back,4/4 (4 color both sides),500,Score in Half,Slide Slits Right Panel,Yes 10000 Envelopes A2
Majestic,Silk,5.5 x 8.5,Horizontal,Rectangle,16PT C2S,Spot UV,Silk,Spot UV Both Sides,4/4 (4 color both sides),500,Score in Half,Slide Slits Right Panel,Yes 10000 Envelopes A2
Majestic,Silk,5.5 x 8.5,Vertical,Rectangle,16PT C2S,Spot UV,Silk,Spot UV Back,4/4 (4 color both sides),5000,Score in Half,No Gift Cards Slits,Yes 10000 Envelopes A2
Majestic,Silk,4.25 x 11,Vertical,Rectangle,16PT C2S,Spot UV,Silk,Spot UV Both Sides,4/4 (4 color both sides),500,Score in Half,Slide Slits Right Panel,Yes 10000 Envelopes A2
Majestic,Silk,5.5 x 8.5,Vertical,Rectangle,16PT C2S,Spot UV,Silk,Spot UV Both Sides,4/4 (4 color both sides),500,Score in Half,Slide Slits Right Panel,Yes 10000 Envelopes A2
Majestic,Silk,4.25 x 11,Horizontal,Rectangle,16PT C2S,Spot UV,Silk,Spot UV Front,4/1,1000,Score in Half,Slide Slits Right Panel,Yes 10000 Envelopes A2
Majestic,Silk,4.25 x 11,Vertical,Rectangle,16PT C2S,Spot UV,Silk,Spot UV Front,4/1,1000,Score in Half,Slide Slits Right Panel,Yes 10000 Envelopes A2
Majestic,Silk,5.5 x 8.5,Horizontal,Rectangle,16PT C2S,Spot UV,Silk,Spot UV Front,4/1,1000,Score in Half,Slide Slits Right Panel,Yes 10000 Envelopes A2
Majestic,Silk,5.5 x 8.5,Vertical,Rectangle,16PT C2S,Spot UV,Silk,Spot UV Front,4/1,1000,Score in Half,Slide Slits Right Panel,Yes 10000 Envelopes A2
Majestic,Silk,4.25 x 11,Horizontal,Rectangle,16PT C2S,Spot UV,Silk,Spot UV Back,4/1,1000,Score in Half,Slide Slits Right Panel,Yes 10000 Envelopes A2
Majestic,Silk,4.25 x 11,Horizontal,Rectangle,16PT C2S,Spot UV,Silk,Spot UV Both Sides,4/4 (4 color both sides),500,Score in Half,Slide Slits Right Panel,Yes 10000 Envelopes A2
Majestic,Silk,4.25 x 11,Vertical,Rectangle,16PT C2S,Spot UV,Silk,Spot UV Back,4/1,1000,Score in Half,Slide Slits Right Panel,Yes 10000 Envelopes A2
Majestic,Silk,5.5 x 8.5,Vertical,Rectangle,16PT C2S,Spot UV,Silk,Spot UV Back,4/1,1000,Score in Half,Slide Slits Right Panel,Yes 10000 Envelopes A2
Majestic,Silk,4.25 x 11,Horizontal,Rectangle,16PT C2S,Spot UV,Silk,Spot UV Both Sides,4/1,1000,Score in Half,Slide Slits Right Panel,Yes 10000 Envelopes A2
Majestic,Silk,5.5 x 8.5,Horizontal,Rectangle,16PT C2S,Spot UV,Silk,Spot UV Both Sides,4/1,1000,Score in Half,Slide Slits Right Panel,Yes 10000 Envelopes A2
Majestic,Silk,4.25 x 11,Vertical,Rectangle,16PT C2S,Spot UV,Silk,Spot UV Both Sides,4/1,1000,Score in Half,Slide Slits Right Panel,Yes 10000 Envelopes A2
Majestic,Silk,5.5 x 8.5,Vertical,Rectangle,16PT C2S,Spot UV,Silk,Spot UV Both Sides,4/1,1000,Score in Half,Slide Slits Right Panel,Yes 10000 Envelopes A2
Majestic,Silk,4.25 x 11,Horizontal,Rectangle,16PT C2S,Spot UV,Silk,Spot UV Front,4/4 (4 color both sides),1000,Score in Half,Slide Slits Right Panel,Yes 10000 Envelopes A2
Majestic,Silk,5.5 x 8.5,Horizontal,Rectangle,16PT C2S,Spot UV,Silk,Spot UV Front,4/4 (4 color both sides),1000,Score in Half,Slide Slits Right Panel,Yes 10000 Envelopes A2
Majestic,Silk,4.25 x 11,Vertical,Rectangle,16PT C2S,Spot UV,Silk,Spot UV Front,4/4 (4 color both sides),1000,Score in Half,Slide Slits Right Panel,Yes 10000 Envelopes A2
Majestic,Silk,5.5 x 8.5,Vertical,Rectangle,16PT C2S,Spot UV,Silk,Spot UV Front,4/4 (4 color both sides),1000,Score in Half,Slide Slits Right Panel,Yes 10000 Envelopes A2
Majestic,Silk,4.25 x 11,Horizontal,Rectangle,16PT C2S,Spot UV,Silk,Spot UV Back,4/4 (4 color both sides),1000,Score in Half,Slide Slits Right Panel,Yes 10000 Envelopes A2
Majestic,Silk,5.5 x 8.5,Horizontal,Rectangle,16PT C2S,Spot UV,Silk,Spot UV Back,4/4 (4 color both sides),1000,Score in Half,Slide Slits Right Panel,Yes 10000 Envelopes A2
Majestic,Silk,4.25 x 11,Vertical,Rectangle,16PT C2S,Spot UV,Silk,Spot UV Back,4/4 (4 color both sides),1000,Score in Half,Slide Slits Right Panel,Yes 10000 Envelopes A2
Majestic,Silk,4.25 x 11,Horizontal,Rectangle,16PT C2S,Spot UV,Silk,Spot UV Both Sides,4/4 (4 color both sides),1000,Score in Half,Slide Slits Right Panel,Yes 10000 Envelopes A2
Majestic,Silk,5.5 x 8.5,Vertical,Rectangle,16PT C2S,Spot UV,Silk,Spot UV Back,4/4 (4 color both sides),1000,Score in Half,Slide Slits Right Panel,Yes 10000 Envelopes A2
Majestic,Silk,5.5 x 8.5,Horizontal,Rectangle,16PT C2S,Spot UV,Silk,Spot UV Both Sides,4/4 (4 color both sides),1000,Score in Half,Slide Slits Right Panel,Yes 10000 Envelopes A2
Majestic,Silk,4.25 x 11,Vertical,Rectangle,16PT C2S,Spot UV,Silk,Spot UV Both Sides,4/4 (4 color both sides),1000,Score in Half,Slide Slits Right Panel,Yes 10000 Envelopes A2
Majestic,Silk,5.5 x 8.5,Vertical,Rectangle,16PT C2S,Spot UV,Silk,Spot UV Both Sides,4/4 (4 color both sides),1000,Score in Half,Slide Slits Right Panel,Yes 10000 Envelopes A2
Majestic,Silk,5.5 x 8.5,Horizontal,Rectangle,16PT C2S,Spot UV,Silk,Spot UV Back,4/4 (4 color both sides),500,Score in Half,Slide Slits Bottom Panel,Yes 10000 Envelopes A2
Majestic,Silk,5.5 x 8.5,Horizontal,Rectangle,16PT C2S,Spot UV,Silk,Spot UV Front,4/1,2500,Score in Half,Slide Slits Right Panel,Yes 10000 Envelopes A2
Majestic,Silk,4.25 x 11,Vertical,Rectangle,16PT C2S,Spot UV,Silk,Spot UV Front,4/1,2500,Score in Half,Slide Slits Right Panel,Yes 10000 Envelopes A2
Majestic,Silk,5.5 x 8.5,Vertical,Rectangle,16PT C2S,Spot UV,Silk,Spot UV Front,4/1,2500,Score in Half,Slide Slits Right Panel,Yes 10000 Envelopes A2
Majestic,Silk,5.5 x 8.5,Vertical,Rectangle,16PT C2S,Spot UV,Silk,Spot UV Back,4/4 (4 color both sides),500,Score in Half,No Gift Cards Slits,Yes 10000 Envelopes A2
Majestic,Silk,5.5 x 8.5,Horizontal,Rectangle,16PT C2S,Spot UV,Silk,Spot UV Back,4/1,2500,Score in Half,Slide Slits Right Panel,Yes 10000 Envelopes A2
Majestic,Silk,4.25 x 11,Vertical,Rectangle,16PT C2S,Spot UV,Silk,Spot UV Back,4/1,2500,Score in Half,Slide Slits Right Panel,Yes 10000 Envelopes A2
Majestic,Silk,5.5 x 8.5,Vertical,Rectangle,16PT C2S,Spot UV,Silk,Spot UV Back,4/1,2500,Score in Half,Slide Slits Right Panel,Yes 10000 Envelopes A2
Majestic,Silk,5.5 x 8.5,Horizontal,Rectangle,16PT C2S,Spot UV,Silk,Spot UV Both Sides,4/1,2500,Score in Half,Slide Slits Right Panel,Yes 10000 Envelopes A2
Majestic,Silk,4.25 x 11,Horizontal,Rectangle,16PT C2S,Spot UV,Silk,Spot UV Both Sides,4/1,2500,Score in Half,Slide Slits Right Panel,Yes 10000 Envelopes A2
Majestic,Silk,4.25 x 11,Vertical,Rectangle,16PT C2S,Spot UV,Silk,Spot UV Both Sides,4/1,2500,Score in Half,Slide Slits Right Panel,Yes 10000 Envelopes A2
Majestic,Silk,5.5 x 8.5,Vertical,Rectangle,16PT C2S,Spot UV,Silk,Spot UV Both Sides,4/1,2500,Score in Half,Slide Slits Right Panel,Yes 10000 Envelopes A2
Majestic,Silk,4.25 x 11,Horizontal,Rectangle,16PT C2S,Spot UV,Silk,Spot UV Front,4/4 (4 color both sides),2500,Score in Half,Slide Slits Right Panel,Yes 10000 Envelopes A2
Majestic,Silk,5.5 x 8.5,Horizontal,Rectangle,16PT C2S,Spot UV,Silk,Spot UV Front,4/4 (4 color both sides),2500,Score in Half,Slide Slits Right Panel,Yes 10000 Envelopes A2
Majestic,Silk,4.25 x 11,Vertical,Rectangle,16PT C2S,Spot UV,Silk,Spot UV Front,4/4 (4 color both sides),2500,Score in Half,Slide Slits Right Panel,Yes 10000 Envelopes A2
Majestic,Silk,5.5 x 8.5,Vertical,Rectangle,16PT C2S,Spot UV,Silk,Spot UV Front,4/4 (4 color both sides),2500,Score in Half,Slide Slits Right Panel,Yes 10000 Envelopes A2
Majestic,Silk,4.25 x 11,Horizontal,Rectangle,16PT C2S,Spot UV,Silk,Spot UV Back,4/4 (4 color both sides),2500,Score in Half,Slide Slits Right Panel,Yes 10000 Envelopes A2
Majestic,Silk,5.5 x 8.5,Horizontal,Rectangle,16PT C2S,Spot UV,Silk,Spot UV Back,4/4 (4 color both sides),2500,Score in Half,Slide Slits Right Panel,Yes 10000 Envelopes A2
Majestic,Silk,4.25 x 11,Vertical,Rectangle,16PT C2S,Spot UV,Silk,Spot UV Back,4/4 (4 color both sides),2500,Score in Half,Slide Slits Right Panel,Yes 10000 Envelopes A2
Majestic,Silk,5.5 x 8.5,Vertical,Rectangle,16PT C2S,Spot UV,Silk,Spot UV Back,4/4 (4 color both sides),2500,Score in Half,Slide Slits Right Panel,Yes 10000 Envelopes A2
Majestic,Silk,4.25 x 11,Horizontal,Rectangle,16PT C2S,Spot UV,Silk,Spot UV Both Sides,4/4 (4 color both sides),2500,Score in Half,Slide Slits Right Panel,Yes 10000 Envelopes A2
Majestic,Silk,5.5 x 8.5,Horizontal,Rectangle,16PT C2S,Spot UV,Silk,Spot UV Both Sides,4/4 (4 color both sides),2500,Score in Half,Slide Slits Right Panel,Yes 10000 Envelopes A2
Majestic,Silk,5.5 x 8.5,Horizontal,Rectangle,16PT C2S,Spot UV,Silk,Spot UV Back,4/1,1000,Score in Half,Slide Slits Right Panel,Yes 10000 Envelopes A2
Majestic,Silk,5.5 x 8.5,Vertical,Rectangle,16PT C2S,Spot UV,Silk,Spot UV Both Sides,4/4 (4 color both sides),2500,Score in Half,Slide Slits Right Panel,Yes 10000 Envelopes A2
Majestic,Silk,4.25 x 11,Horizontal,Rectangle,16PT C2S,Spot UV,Silk,Spot UV Front,4/1,5000,Score in Half,Slide Slits Right Panel,Yes 10000 Envelopes A2
Majestic,Silk,5.5 x 8.5,Horizontal,Rectangle,16PT C2S,Spot UV,Silk,Spot UV Front,4/1,5000,Score in Half,Slide Slits Right Panel,Yes 10000 Envelopes A2
Majestic,Silk,4.25 x 11,Vertical,Rectangle,16PT C2S,Spot UV,Silk,Spot UV Front,4/1,5000,Score in Half,Slide Slits Right Panel,Yes 10000 Envelopes A2
Majestic,Silk,5.5 x 8.5,Vertical,Rectangle,16PT C2S,Spot UV,Silk,Spot UV Front,4/1,5000,Score in Half,Slide Slits Right Panel,Yes 10000 Envelopes A2
Majestic,Silk,4.25 x 11,Horizontal,Rectangle,16PT C2S,Spot UV,Silk,Spot UV Back,4/1,5000,Score in Half,Slide Slits Right Panel,Yes 10000 Envelopes A2
Majestic,Silk,5.5 x 8.5,Horizontal,Rectangle,16PT C2S,Spot UV,Silk,Spot UV Back,4/1,5000,Score in Half,Slide Slits Right Panel,Yes 10000 Envelopes A2
Majestic,Silk,4.25 x 11,Vertical,Rectangle,16PT C2S,Spot UV,Silk,Spot UV Back,4/1,5000,Score in Half,Slide Slits Right Panel,Yes 10000 Envelopes A2
Majestic,Silk,5.5 x 8.5,Vertical,Rectangle,16PT C2S,Spot UV,Silk,Spot UV Back,4/1,5000,Score in Half,Slide Slits Right Panel,Yes 10000 Envelopes A2
Majestic,Silk,4.25 x 11,Horizontal,Rectangle,16PT C2S,Spot UV,Silk,Spot UV Both Sides,4/1,5000,Score in Half,Slide Slits Right Panel,Yes 10000 Envelopes A2
Majestic,Silk,5.5 x 8.5,Horizontal,Rectangle,16PT C2S,Spot UV,Silk,Spot UV Both Sides,4/1,5000,Score in Half,Slide Slits Right Panel,Yes 10000 Envelopes A2
Majestic,Silk,5.5 x 8.5,Vertical,Rectangle,16PT C2S,Spot UV,Silk,Spot UV Both Sides,4/1,5000,Score in Half,Slide Slits Right Panel,Yes 10000 Envelopes A2
Majestic,Silk,4.25 x 11,Vertical,Rectangle,16PT C2S,Spot UV,Silk,Spot UV Both Sides,4/1,5000,Score in Half,Slide Slits Right Panel,Yes 10000 Envelopes A2
Majestic,Silk,4.25 x 11,Horizontal,Rectangle,16PT C2S,Spot UV,Silk,Spot UV Front,4/4 (4 color both sides),5000,Score in Half,Slide Slits Right Panel,Yes 10000 Envelopes A2
Majestic,Silk,5.5 x 8.5,Horizontal,Rectangle,16PT C2S,Spot UV,Silk,Spot UV Front,4/4 (4 color both sides),5000,Score in Half,Slide Slits Right Panel,Yes 10000 Envelopes A2
Majestic,Silk,4.25 x 11,Vertical,Rectangle,16PT C2S,Spot UV,Silk,Spot UV Front,4/4 (4 color both sides),5000,Score in Half,Slide Slits Right Panel,Yes 10000 Envelopes A2
Majestic,Silk,5.5 x 8.5,Vertical,Rectangle,16PT C2S,Spot UV,Silk,Spot UV Front,4/4 (4 color both sides),5000,Score in Half,Slide Slits Right Panel,Yes 10000 Envelopes A2
Majestic,Silk,4.25 x 11,Horizontal,Rectangle,16PT C2S,Spot UV,Silk,Spot UV Back,4/4 (4 color both sides),5000,Score in Half,Slide Slits Right Panel,Yes 10000 Envelopes A2
Majestic,Silk,5.5 x 8.5,Horizontal,Rectangle,16PT C2S,Spot UV,Silk,Spot UV Back,4/4 (4 color both sides),5000,Score in Half,Slide Slits Right Panel,Yes 10000 Envelopes A2
Majestic,Silk,4.25 x 11,Vertical,Rectangle,16PT C2S,Spot UV,Silk,Spot UV Back,4/4 (4 color both sides),5000,Score in Half,Slide Slits Right Panel,Yes 10000 Envelopes A2
Majestic,Silk,5.5 x 8.5,Vertical,Rectangle,16PT C2S,Spot UV,Silk,Spot UV Back,4/4 (4 color both sides),5000,Score in Half,Slide Slits Right Panel,Yes 10000 Envelopes A2
Majestic,Silk,4.25 x 11,Horizontal,Rectangle,16PT C2S,Spot UV,Silk,Spot UV Both Sides,4/4 (4 color both sides),5000,Score in Half,Slide Slits Right Panel,Yes 10000 Envelopes A2
Majestic,Silk,5.5 x 8.5,Horizontal,Rectangle,16PT C2S,Spot UV,Silk,Spot UV Both Sides,4/4 (4 color both sides),5000,Score in Half,Slide Slits Right Panel,Yes 10000 Envelopes A2
Majestic,Silk,4.25 x 11,Vertical,Rectangle,16PT C2S,Spot UV,Silk,Spot UV Both Sides,4/4 (4 color both sides),5000,Score in Half,Slide Slits Right Panel,Yes 10000 Envelopes A2
Majestic,Silk,5.5 x 8.5,Vertical,Rectangle,16PT C2S,Spot UV,Silk,Spot UV Both Sides,4/4 (4 color both sides),5000,Score in Half,Slide Slits Right Panel,Yes 10000 Envelopes A2
Majestic,Silk,4.25 x 11,Horizontal,Rectangle,16PT C2S,Spot UV,Silk,Spot UV Front,4/1,10000,Score in Half,Slide Slits Right Panel,Yes 10000 Envelopes A2
Majestic,Silk,5.5 x 8.5,Horizontal,Rectangle,16PT C2S,Spot UV,Silk,Spot UV Front,4/1,10000,Score in Half,Slide Slits Right Panel,Yes 10000 Envelopes A2
Majestic,Silk,4.25 x 11,Vertical,Rectangle,16PT C2S,Spot UV,Silk,Spot UV Front,4/1,10000,Score in Half,Slide Slits Right Panel,Yes 10000 Envelopes A2
Majestic,Silk,4.25 x 11,Horizontal,Rectangle,16PT C2S,Spot UV,Silk,Spot UV Back,4/1,10000,Score in Half,Slide Slits Right Panel,Yes 10000 Envelopes A2
Majestic,Silk,5.5 x 8.5,Horizontal,Rectangle,16PT C2S,Spot UV,Silk,Spot UV Back,4/1,10000,Score in Half,Slide Slits Right Panel,Yes 10000 Envelopes A2
Majestic,Silk,5.5 x 8.5,Vertical,Rectangle,16PT C2S,Spot UV,Silk,Spot UV Front,4/1,10000,Score in Half,Slide Slits Right Panel,Yes 10000 Envelopes A2
Majestic,Silk,4.25 x 11,Horizontal,Rectangle,16PT C2S,Spot UV,Silk,Spot UV Both Sides,4/1,10000,Score in Half,Slide Slits Right Panel,Yes 10000 Envelopes A2
Majestic,Silk,4.25 x 11,Vertical,Rectangle,16PT C2S,Spot UV,Silk,Spot UV Both Sides,4/4 (4 color both sides),2500,Score in Half,Slide Slits Right Panel,Yes 10000 Envelopes A2
Majestic,Silk,4.25 x 11,Vertical,Rectangle,16PT C2S,Spot UV,Silk,Spot UV Back,4/1,10000,Score in Half,Slide Slits Right Panel,Yes 10000 Envelopes A2
Majestic,Silk,5.5 x 8.5,Vertical,Rectangle,16PT C2S,Spot UV,Silk,Spot UV Back,4/1,10000,Score in Half,Slide Slits Right Panel,Yes 10000 Envelopes A2
Majestic,Silk,4.25 x 11,Vertical,Rectangle,16PT C2S,Spot UV,Silk,Spot UV Both Sides,4/1,10000,Score in Half,Slide Slits Right Panel,Yes 10000 Envelopes A2
Majestic,Silk,5.5 x 8.5,Vertical,Rectangle,16PT C2S,Spot UV,Silk,Spot UV Both Sides,4/1,10000,Score in Half,Slide Slits Right Panel,Yes 10000 Envelopes A2
Majestic,Silk,4.25 x 11,Horizontal,Rectangle,16PT C2S,Spot UV,Silk,Spot UV Front,4/4 (4 color both sides),10000,Score in Half,Slide Slits Right Panel,Yes 10000 Envelopes A2
Majestic,Silk,4.25 x 11,Vertical,Rectangle,16PT C2S,Spot UV,Silk,Spot UV Front,4/4 (4 color both sides),10000,Score in Half,Slide Slits Right Panel,Yes 10000 Envelopes A2
Majestic,Silk,5.5 x 8.5,Horizontal,Rectangle,16PT C2S,Spot UV,Silk,Spot UV Front,4/4 (4 color both sides),10000,Score in Half,Slide Slits Right Panel,Yes 10000 Envelopes A2
Majestic,Silk,5.5 x 8.5,Vertical,Rectangle,16PT C2S,Spot UV,Silk,Spot UV Front,4/4 (4 color both sides),10000,Score in Half,Slide Slits Right Panel,Yes 10000 Envelopes A2
Majestic,Silk,4.25 x 11,Horizontal,Rectangle,16PT C2S,Spot UV,Silk,Spot UV Back,4/4 (4 color both sides),10000,Score in Half,Slide Slits Right Panel,Yes 10000 Envelopes A2
Majestic,Silk,5.5 x 8.5,Horizontal,Rectangle,16PT C2S,Spot UV,Silk,Spot UV Back,4/4 (4 color both sides),10000,Score in Half,Slide Slits Right Panel,Yes 10000 Envelopes A2
Majestic,Silk,4.25 x 11,Vertical,Rectangle,16PT C2S,Spot UV,Silk,Spot UV Back,4/4 (4 color both sides),10000,Score in Half,Slide Slits Right Panel,Yes 10000 Envelopes A2
Majestic,Silk,5.5 x 8.5,Vertical,Rectangle,16PT C2S,Spot UV,Silk,Spot UV Back,4/4 (4 color both sides),10000,Score in Half,Slide Slits Right Panel,Yes 10000 Envelopes A2
Majestic,Silk,4.25 x 11,Horizontal,Rectangle,16PT C2S,Spot UV,Silk,Spot UV Both Sides,4/4 (4 color both sides),10000,Score in Half,Slide Slits Right Panel,Yes 10000 Envelopes A2
Majestic,Silk,5.5 x 8.5,Horizontal,Rectangle,16PT C2S,Spot UV,Silk,Spot UV Both Sides,4/4 (4 color both sides),10000,Score in Half,Slide Slits Right Panel,Yes 10000 Envelopes A2
Majestic,Silk,4.25 x 11,Vertical,Rectangle,16PT C2S,Spot UV,Silk,Spot UV Both Sides,4/4 (4 color both sides),10000,Score in Half,Slide Slits Right Panel,Yes 10000 Envelopes A2
Majestic,Silk,5.5 x 8.5,Vertical,Rectangle,16PT C2S,Spot UV,Silk,Spot UV Both Sides,4/4 (4 color both sides),10000,Score in Half,Slide Slits Right Panel,Yes 10000 Envelopes A2
Majestic,Silk,4.25 x 11,Horizontal,Rectangle,16PT C2S,Spot UV,Silk,Spot UV Front,4/0 (4 color front),500,Score in Half,Moon Slits Bottom Panel,Yes 500 Envelopes A2
Majestic,Silk,5.5 x 8.5,Horizontal,Rectangle,16PT C2S,Spot UV,Silk,Spot UV Front,4/0 (4 color front),500,Score in Half,Moon Slits Bottom Panel,Yes 500 Envelopes A2
Majestic,Silk,4.25 x 11,Horizontal,Rectangle,16PT C2S,Spot UV,Silk,Spot UV Front,4/0 (4 color front),1000,Score in Half,Moon Slits Bottom Panel,Yes 500 Envelopes A2
Majestic,Silk,5.5 x 8.5,Vertical,Rectangle,16PT C2S,Spot UV,Silk,Spot UV Front,4/0 (4 color front),500,Score in Half,Moon Slits Bottom Panel,Yes 500 Envelopes A2
Majestic,Silk,4.25 x 11,Vertical,Rectangle,16PT C2S,Spot UV,Silk,Spot UV Front,4/0 (4 color front),500,Score in Half,Moon Slits Bottom Panel,Yes 500 Envelopes A2
Majestic,Silk,4.25 x 11,Vertical,Rectangle,16PT C2S,Spot UV,Silk,Spot UV Front,4/0 (4 color front),1000,Score in Half,Moon Slits Bottom Panel,Yes 500 Envelopes A2
Majestic,Silk,5.5 x 8.5,Vertical,Rectangle,16PT C2S,Spot UV,Silk,Spot UV Front,4/0 (4 color front),1000,Score in Half,Moon Slits Bottom Panel,Yes 500 Envelopes A2
Majestic,Silk,5.5 x 8.5,Horizontal,Rectangle,16PT C2S,Spot UV,Silk,Spot UV Front,4/0 (4 color front),2500,Score in Half,Moon Slits Bottom Panel,Yes 500 Envelopes A2
Majestic,Silk,4.25 x 11,Horizontal,Rectangle,16PT C2S,Spot UV,Silk,Spot UV Front,4/0 (4 color front),2500,Score in Half,Moon Slits Bottom Panel,Yes 500 Envelopes A2
Majestic,Silk,5.5 x 8.5,Horizontal,Rectangle,16PT C2S,Spot UV,Silk,Spot UV Front,4/0 (4 color front),1000,Score in Half,Moon Slits Bottom Panel,Yes 500 Envelopes A2
Majestic,Silk,4.25 x 11,Vertical,Rectangle,16PT C2S,Spot UV,Silk,Spot UV Front,4/0 (4 color front),2500,Score in Half,Moon Slits Bottom Panel,Yes 500 Envelopes A2
Majestic,Silk,5.5 x 8.5,Vertical,Rectangle,16PT C2S,Spot UV,Silk,Spot UV Front,4/0 (4 color front),2500,Score in Half,Moon Slits Bottom Panel,Yes 500 Envelopes A2
Majestic,Silk,4.25 x 11,Horizontal,Rectangle,16PT C2S,Spot UV,Silk,Spot UV Front,4/0 (4 color front),5000,Score in Half,Moon Slits Bottom Panel,Yes 500 Envelopes A2
Majestic,Silk,5.5 x 8.5,Horizontal,Rectangle,16PT C2S,Spot UV,Silk,Spot UV Front,4/0 (4 color front),5000,Score in Half,Moon Slits Bottom Panel,Yes 500 Envelopes A2
Majestic,Silk,4.25 x 11,Vertical,Rectangle,16PT C2S,Spot UV,Silk,Spot UV Front,4/0 (4 color front),5000,Score in Half,Moon Slits Bottom Panel,Yes 500 Envelopes A2
Majestic,Silk,5.5 x 8.5,Vertical,Rectangle,16PT C2S,Spot UV,Silk,Spot UV Front,4/0 (4 color front),5000,Score in Half,Moon Slits Bottom Panel,Yes 500 Envelopes A2
Majestic,Silk,4.25 x 11,Horizontal,Rectangle,16PT C2S,Spot UV,Silk,Spot UV Front,4/0 (4 color front),10000,Score in Half,Moon Slits Bottom Panel,Yes 500 Envelopes A2
Majestic,Silk,5.5 x 8.5,Horizontal,Rectangle,16PT C2S,Spot UV,Silk,Spot UV Front,4/0 (4 color front),10000,Score in Half,Moon Slits Bottom Panel,Yes 500 Envelopes A2
Majestic,Silk,4.25 x 11,Vertical,Rectangle,16PT C2S,Spot UV,Silk,Spot UV Front,4/0 (4 color front),10000,Score in Half,Moon Slits Bottom Panel,Yes 500 Envelopes A2
Majestic,Silk,5.5 x 8.5,Vertical,Rectangle,16PT C2S,Spot UV,Silk,Spot UV Front,4/0 (4 color front),10000,Score in Half,Moon Slits Bottom Panel,Yes 500 Envelopes A2
Majestic,Silk,4.25 x 11,Horizontal,Rectangle,16PT C2S,Spot UV,Silk,Spot UV Front,4/0 (4 color front),500,Score in Half,Moon Slits Right Panel,Yes 500 Envelopes A2
Majestic,Silk,5.5 x 8.5,Horizontal,Rectangle,16PT C2S,Spot UV,Silk,Spot UV Front,4/0 (4 color front),500,Score in Half,Moon Slits Right Panel,Yes 500 Envelopes A2
Majestic,Silk,4.25 x 11,Vertical,Rectangle,16PT C2S,Spot UV,Silk,Spot UV Front,4/0 (4 color front),500,Score in Half,Moon Slits Right Panel,Yes 500 Envelopes A2
Majestic,Silk,5.5 x 8.5,Vertical,Rectangle,16PT C2S,Spot UV,Silk,Spot UV Front,4/0 (4 color front),500,Score in Half,Moon Slits Right Panel,Yes 500 Envelopes A2
Majestic,Silk,4.25 x 11,Horizontal,Rectangle,16PT C2S,Spot UV,Silk,Spot UV Front,4/0 (4 color front),1000,Score in Half,Moon Slits Right Panel,Yes 500 Envelopes A2
Majestic,Silk,5.5 x 8.5,Horizontal,Rectangle,16PT C2S,Spot UV,Silk,Spot UV Front,4/0 (4 color front),1000,Score in Half,Moon Slits Right Panel,Yes 500 Envelopes A2
Majestic,Silk,4.25 x 11,Vertical,Rectangle,16PT C2S,Spot UV,Silk,Spot UV Front,4/0 (4 color front),1000,Score in Half,Moon Slits Right Panel,Yes 500 Envelopes A2
Majestic,Silk,5.5 x 8.5,Vertical,Rectangle,16PT C2S,Spot UV,Silk,Spot UV Front,4/0 (4 color front),1000,Score in Half,Moon Slits Right Panel,Yes 500 Envelopes A2
Majestic,Silk,4.25 x 11,Horizontal,Rectangle,16PT C2S,Spot UV,Silk,Spot UV Front,4/0 (4 color front),2500,Score in Half,Moon Slits Right Panel,Yes 500 Envelopes A2
Majestic,Silk,5.5 x 8.5,Horizontal,Rectangle,16PT C2S,Spot UV,Silk,Spot UV Front,4/0 (4 color front),2500,Score in Half,Moon Slits Right Panel,Yes 500 Envelopes A2
Majestic,Silk,4.25 x 11,Vertical,Rectangle,16PT C2S,Spot UV,Silk,Spot UV Front,4/0 (4 color front),2500,Score in Half,Moon Slits Right Panel,Yes 500 Envelopes A2
Majestic,Silk,5.5 x 8.5,Vertical,Rectangle,16PT C2S,Spot UV,Silk,Spot UV Front,4/0 (4 color front),2500,Score in Half,Moon Slits Right Panel,Yes 500 Envelopes A2
Majestic,Silk,4.25 x 11,Horizontal,Rectangle,16PT C2S,Spot UV,Silk,Spot UV Front,4/0 (4 color front),5000,Score in Half,Moon Slits Right Panel,Yes 500 Envelopes A2
Majestic,Silk,5.5 x 8.5,Horizontal,Rectangle,16PT C2S,Spot UV,Silk,Spot UV Front,4/0 (4 color front),5000,Score in Half,Moon Slits Right Panel,Yes 500 Envelopes A2
Majestic,Silk,4.25 x 11,Vertical,Rectangle,16PT C2S,Spot UV,Silk,Spot UV Front,4/0 (4 color front),5000,Score in Half,Moon Slits Right Panel,Yes 500 Envelopes A2
Majestic,Silk,5.5 x 8.5,Vertical,Rectangle,16PT C2S,Spot UV,Silk,Spot UV Front,4/0 (4 color front),5000,Score in Half,Moon Slits Right Panel,Yes 500 Envelopes A2
Majestic,Silk,4.25 x 11,Horizontal,Rectangle,16PT C2S,Spot UV,Silk,Spot UV Front,4/0 (4 color front),10000,Score in Half,Moon Slits Right Panel,Yes 500 Envelopes A2
Majestic,Silk,5.5 x 8.5,Horizontal,Rectangle,16PT C2S,Spot UV,Silk,Spot UV Front,4/0 (4 color front),10000,Score in Half,Moon Slits Right Panel,Yes 500 Envelopes A2
Majestic,Silk,4.25 x 11,Vertical,Rectangle,16PT C2S,Spot UV,Silk,Spot UV Front,4/0 (4 color front),10000,Score in Half,Moon Slits Right Panel,Yes 500 Envelopes A2
Majestic,Silk,5.5 x 8.5,Vertical,Rectangle,16PT C2S,Spot UV,Silk,Spot UV Front,4/0 (4 color front),10000,Score in Half,Moon Slits Right Panel,Yes 500 Envelopes A2
Majestic,Silk,4.25 x 11,Horizontal,Rectangle,16PT C2S,Spot UV,Silk,Spot UV Front,4/0 (4 color front),500,Score in Half,No Gift Cards Slits,Yes 500 Envelopes A2
Majestic,Silk,5.5 x 8.5,Horizontal,Rectangle,16PT C2S,Spot UV,Silk,Spot UV Front,4/0 (4 color front),500,Score in Half,No Gift Cards Slits,Yes 500 Envelopes A2
Majestic,Silk,4.25 x 11,Vertical,Rectangle,16PT C2S,Spot UV,Silk,Spot UV Front,4/0 (4 color front),500,Score in Half,No Gift Cards Slits,Yes 500 Envelopes A2
Majestic,Silk,5.5 x 8.5,Vertical,Rectangle,16PT C2S,Spot UV,Silk,Spot UV Front,4/0 (4 color front),500,Score in Half,No Gift Cards Slits,Yes 500 Envelopes A2
Majestic,Silk,4.25 x 11,Horizontal,Rectangle,16PT C2S,Spot UV,Silk,Spot UV Front,4/0 (4 color front),1000,Score in Half,No Gift Cards Slits,Yes 500 Envelopes A2
Majestic,Silk,5.5 x 8.5,Horizontal,Rectangle,16PT C2S,Spot UV,Silk,Spot UV Front,4/0 (4 color front),1000,Score in Half,No Gift Cards Slits,Yes 500 Envelopes A2
Majestic,Silk,4.25 x 11,Vertical,Rectangle,16PT C2S,Spot UV,Silk,Spot UV Front,4/0 (4 color front),1000,Score in Half,No Gift Cards Slits,Yes 500 Envelopes A2
Majestic,Silk,5.5 x 8.5,Vertical,Rectangle,16PT C2S,Spot UV,Silk,Spot UV Front,4/0 (4 color front),1000,Score in Half,No Gift Cards Slits,Yes 500 Envelopes A2
Majestic,Silk,4.25 x 11,Horizontal,Rectangle,16PT C2S,Spot UV,Silk,Spot UV Front,4/0 (4 color front),2500,Score in Half,No Gift Cards Slits,Yes 500 Envelopes A2
Majestic,Silk,5.5 x 8.5,Horizontal,Rectangle,16PT C2S,Spot UV,Silk,Spot UV Front,4/0 (4 color front),2500,Score in Half,No Gift Cards Slits,Yes 500 Envelopes A2
Majestic,Silk,4.25 x 11,Vertical,Rectangle,16PT C2S,Spot UV,Silk,Spot UV Front,4/0 (4 color front),2500,Score in Half,No Gift Cards Slits,Yes 500 Envelopes A2
Majestic,Silk,5.5 x 8.5,Vertical,Rectangle,16PT C2S,Spot UV,Silk,Spot UV Front,4/0 (4 color front),2500,Score in Half,No Gift Cards Slits,Yes 500 Envelopes A2
Majestic,Silk,5.5 x 8.5,Horizontal,Rectangle,16PT C2S,Spot UV,Silk,Spot UV Front,4/0 (4 color front),5000,Score in Half,No Gift Cards Slits,Yes 500 Envelopes A2
Majestic,Silk,4.25 x 11,Horizontal,Rectangle,16PT C2S,Spot UV,Silk,Spot UV Front,4/0 (4 color front),5000,Score in Half,No Gift Cards Slits,Yes 500 Envelopes A2
Majestic,Silk,4.25 x 11,Vertical,Rectangle,16PT C2S,Spot UV,Silk,Spot UV Front,4/0 (4 color front),5000,Score in Half,No Gift Cards Slits,Yes 500 Envelopes A2
Majestic,Silk,5.5 x 8.5,Vertical,Rectangle,16PT C2S,Spot UV,Silk,Spot UV Front,4/0 (4 color front),5000,Score in Half,No Gift Cards Slits,Yes 500 Envelopes A2
Majestic,Silk,4.25 x 11,Horizontal,Rectangle,16PT C2S,Spot UV,Silk,Spot UV Front,4/0 (4 color front),10000,Score in Half,No Gift Cards Slits,Yes 500 Envelopes A2
Majestic,Silk,5.5 x 8.5,Horizontal,Rectangle,16PT C2S,Spot UV,Silk,Spot UV Front,4/0 (4 color front),10000,Score in Half,No Gift Cards Slits,Yes 500 Envelopes A2
Majestic,Silk,4.25 x 11,Vertical,Rectangle,16PT C2S,Spot UV,Silk,Spot UV Front,4/0 (4 color front),10000,Score in Half,No Gift Cards Slits,Yes 500 Envelopes A2
Majestic,Silk,5.5 x 8.5,Vertical,Rectangle,16PT C2S,Spot UV,Silk,Spot UV Front,4/0 (4 color front),10000,Score in Half,No Gift Cards Slits,Yes 500 Envelopes A2
Majestic,Silk,4.25 x 11,Horizontal,Rectangle,16PT C2S,Spot UV,Silk,Spot UV Front,4/0 (4 color front),500,Score in Half,Slide Slits Bottom Panel,Yes 500 Envelopes A2
Majestic,Silk,4.25 x 11,Vertical,Rectangle,16PT C2S,Spot UV,Silk,Spot UV Front,4/0 (4 color front),500,Score in Half,Slide Slits Bottom Panel,Yes 500 Envelopes A2
Majestic,Silk,5.5 x 8.5,Horizontal,Rectangle,16PT C2S,Spot UV,Silk,Spot UV Front,4/0 (4 color front),500,Score in Half,Slide Slits Bottom Panel,Yes 500 Envelopes A2
Majestic,Silk,5.5 x 8.5,Vertical,Rectangle,16PT C2S,Spot UV,Silk,Spot UV Front,4/0 (4 color front),500,Score in Half,Slide Slits Bottom Panel,Yes 500 Envelopes A2
Majestic,Silk,4.25 x 11,Horizontal,Rectangle,16PT C2S,Spot UV,Silk,Spot UV Front,4/0 (4 color front),1000,Score in Half,Slide Slits Bottom Panel,Yes 500 Envelopes A2
Majestic,Silk,5.5 x 8.5,Horizontal,Rectangle,16PT C2S,Spot UV,Silk,Spot UV Front,4/0 (4 color front),1000,Score in Half,Slide Slits Bottom Panel,Yes 500 Envelopes A2
Majestic,Silk,4.25 x 11,Vertical,Rectangle,16PT C2S,Spot UV,Silk,Spot UV Front,4/0 (4 color front),1000,Score in Half,Slide Slits Bottom Panel,Yes 500 Envelopes A2
Majestic,Silk,5.5 x 8.5,Vertical,Rectangle,16PT C2S,Spot UV,Silk,Spot UV Front,4/0 (4 color front),1000,Score in Half,Slide Slits Bottom Panel,Yes 500 Envelopes A2
Majestic,Silk,4.25 x 11,Horizontal,Rectangle,16PT C2S,Spot UV,Silk,Spot UV Front,4/0 (4 color front),2500,Score in Half,Slide Slits Bottom Panel,Yes 500 Envelopes A2
Majestic,Silk,5.5 x 8.5,Horizontal,Rectangle,16PT C2S,Spot UV,Silk,Spot UV Front,4/0 (4 color front),2500,Score in Half,Slide Slits Bottom Panel,Yes 500 Envelopes A2
Majestic,Silk,4.25 x 11,Vertical,Rectangle,16PT C2S,Spot UV,Silk,Spot UV Front,4/0 (4 color front),2500,Score in Half,Slide Slits Bottom Panel,Yes 500 Envelopes A2
Majestic,Silk,4.25 x 11,Horizontal,Rectangle,16PT C2S,Spot UV,Silk,Spot UV Front,4/1,2500,Score in Half,Slide Slits Right Panel,Yes 10000 Envelopes A2
Majestic,Silk,4.25 x 11,Horizontal,Rectangle,16PT C2S,Spot UV,Silk,Spot UV Front,4/0 (4 color front),5000,Score in Half,Slide Slits Bottom Panel,Yes 500 Envelopes A2
Majestic,Silk,5.5 x 8.5,Horizontal,Rectangle,16PT C2S,Spot UV,Silk,Spot UV Front,4/0 (4 color front),5000,Score in Half,Slide Slits Bottom Panel,Yes 500 Envelopes A2
Majestic,Silk,5.5 x 8.5,Vertical,Rectangle,16PT C2S,Spot UV,Silk,Spot UV Front,4/0 (4 color front),5000,Score in Half,Slide Slits Bottom Panel,Yes 500 Envelopes A2
Majestic,Silk,4.25 x 11,Horizontal,Rectangle,16PT C2S,Spot UV,Silk,Spot UV Front,4/0 (4 color front),10000,Score in Half,Slide Slits Bottom Panel,Yes 500 Envelopes A2
Majestic,Silk,5.5 x 8.5,Horizontal,Rectangle,16PT C2S,Spot UV,Silk,Spot UV Front,4/0 (4 color front),10000,Score in Half,Slide Slits Bottom Panel,Yes 500 Envelopes A2
Majestic,Silk,4.25 x 11,Vertical,Rectangle,16PT C2S,Spot UV,Silk,Spot UV Front,4/0 (4 color front),5000,Score in Half,Slide Slits Bottom Panel,Yes 500 Envelopes A2
Majestic,Silk,4.25 x 11,Vertical,Rectangle,16PT C2S,Spot UV,Silk,Spot UV Front,4/0 (4 color front),10000,Score in Half,Slide Slits Bottom Panel,Yes 500 Envelopes A2
Majestic,Silk,4.25 x 11,Horizontal,Rectangle,16PT C2S,Spot UV,Silk,Spot UV Front,4/0 (4 color front),500,Score in Half,Slide Slits Right Panel,Yes 500 Envelopes A2
Majestic,Silk,5.5 x 8.5,Vertical,Rectangle,16PT C2S,Spot UV,Silk,Spot UV Front,4/0 (4 color front),10000,Score in Half,Slide Slits Bottom Panel,Yes 500 Envelopes A2
Majestic,Silk,5.5 x 8.5,Horizontal,Rectangle,16PT C2S,Spot UV,Silk,Spot UV Front,4/0 (4 color front),500,Score in Half,Slide Slits Right Panel,Yes 500 Envelopes A2
Majestic,Silk,4.25 x 11,Vertical,Rectangle,16PT C2S,Spot UV,Silk,Spot UV Front,4/0 (4 color front),500,Score in Half,Slide Slits Right Panel,Yes 500 Envelopes A2
Majestic,Silk,5.5 x 8.5,Vertical,Rectangle,16PT C2S,Spot UV,Silk,Spot UV Front,4/0 (4 color front),500,Score in Half,Slide Slits Right Panel,Yes 500 Envelopes A2
Majestic,Silk,4.25 x 11,Horizontal,Rectangle,16PT C2S,Spot UV,Silk,Spot UV Front,4/0 (4 color front),1000,Score in Half,Slide Slits Right Panel,Yes 500 Envelopes A2
Majestic,Silk,5.5 x 8.5,Horizontal,Rectangle,16PT C2S,Spot UV,Silk,Spot UV Front,4/0 (4 color front),1000,Score in Half,Slide Slits Right Panel,Yes 500 Envelopes A2
Majestic,Silk,4.25 x 11,Vertical,Rectangle,16PT C2S,Spot UV,Silk,Spot UV Front,4/0 (4 color front),1000,Score in Half,Slide Slits Right Panel,Yes 500 Envelopes A2
Majestic,Silk,4.25 x 11,Horizontal,Rectangle,16PT C2S,Spot UV,Silk,Spot UV Front,4/0 (4 color front),2500,Score in Half,Slide Slits Right Panel,Yes 500 Envelopes A2
Majestic,Silk,5.5 x 8.5,Vertical,Rectangle,16PT C2S,Spot UV,Silk,Spot UV Front,4/0 (4 color front),1000,Score in Half,Slide Slits Right Panel,Yes 500 Envelopes A2
Majestic,Silk,5.5 x 8.5,Horizontal,Rectangle,16PT C2S,Spot UV,Silk,Spot UV Front,4/0 (4 color front),2500,Score in Half,Slide Slits Right Panel,Yes 500 Envelopes A2
Majestic,Silk,4.25 x 11,Vertical,Rectangle,16PT C2S,Spot UV,Silk,Spot UV Front,4/0 (4 color front),2500,Score in Half,Slide Slits Right Panel,Yes 500 Envelopes A2
Majestic,Silk,5.5 x 8.5,Vertical,Rectangle,16PT C2S,Spot UV,Silk,Spot UV Front,4/0 (4 color front),2500,Score in Half,Slide Slits Right Panel,Yes 500 Envelopes A2
Majestic,Silk,4.25 x 11,Horizontal,Rectangle,16PT C2S,Spot UV,Silk,Spot UV Front,4/0 (4 color front),5000,Score in Half,Slide Slits Right Panel,Yes 500 Envelopes A2
Majestic,Silk,5.5 x 8.5,Horizontal,Rectangle,16PT C2S,Spot UV,Silk,Spot UV Front,4/0 (4 color front),5000,Score in Half,Slide Slits Right Panel,Yes 500 Envelopes A2
Majestic,Silk,4.25 x 11,Vertical,Rectangle,16PT C2S,Spot UV,Silk,Spot UV Front,4/0 (4 color front),5000,Score in Half,Slide Slits Right Panel,Yes 500 Envelopes A2
Majestic,Silk,4.25 x 11,Horizontal,Rectangle,16PT C2S,Spot UV,Silk,Spot UV Front,4/0 (4 color front),10000,Score in Half,Slide Slits Right Panel,Yes 500 Envelopes A2
Majestic,Silk,5.5 x 8.5,Vertical,Rectangle,16PT C2S,Spot UV,Silk,Spot UV Front,4/0 (4 color front),5000,Score in Half,Slide Slits Right Panel,Yes 500 Envelopes A2
Majestic,Silk,5.5 x 8.5,Horizontal,Rectangle,16PT C2S,Spot UV,Silk,Spot UV Front,4/0 (4 color front),10000,Score in Half,Slide Slits Right Panel,Yes 500 Envelopes A2
Majestic,Silk,4.25 x 11,Vertical,Rectangle,16PT C2S,Spot UV,Silk,Spot UV Front,4/0 (4 color front),10000,Score in Half,Slide Slits Right Panel,Yes 500 Envelopes A2
Majestic,Silk,5.5 x 8.5,Vertical,Rectangle,16PT C2S,Spot UV,Silk,Spot UV Front,4/0 (4 color front),10000,Score in Half,Slide Slits Right Panel,Yes 500 Envelopes A2
Majestic,Silk,4.25 x 11,Horizontal,Rectangle,16PT C2S,Spot UV,Silk,Spot UV Front,4/0 (4 color front),500,Score in Half,Moon Slits Bottom Panel,Yes 1000 Envelopes A2
Majestic,Silk,5.5 x 8.5,Horizontal,Rectangle,16PT C2S,Spot UV,Silk,Spot UV Front,4/0 (4 color front),500,Score in Half,Moon Slits Bottom Panel,Yes 1000 Envelopes A2
Majestic,Silk,4.25 x 11,Vertical,Rectangle,16PT C2S,Spot UV,Silk,Spot UV Front,4/0 (4 color front),500,Score in Half,Moon Slits Bottom Panel,Yes 1000 Envelopes A2
Majestic,Silk,5.5 x 8.5,Vertical,Rectangle,16PT C2S,Spot UV,Silk,Spot UV Front,4/0 (4 color front),500,Score in Half,Moon Slits Bottom Panel,Yes 1000 Envelopes A2
Majestic,Silk,4.25 x 11,Horizontal,Rectangle,16PT C2S,Spot UV,Silk,Spot UV Front,4/0 (4 color front),1000,Score in Half,Moon Slits Bottom Panel,Yes 1000 Envelopes A2
Majestic,Silk,5.5 x 8.5,Horizontal,Rectangle,16PT C2S,Spot UV,Silk,Spot UV Front,4/0 (4 color front),1000,Score in Half,Moon Slits Bottom Panel,Yes 1000 Envelopes A2
Majestic,Silk,4.25 x 11,Vertical,Rectangle,16PT C2S,Spot UV,Silk,Spot UV Front,4/0 (4 color front),1000,Score in Half,Moon Slits Bottom Panel,Yes 1000 Envelopes A2
Majestic,Silk,5.5 x 8.5,Vertical,Rectangle,16PT C2S,Spot UV,Silk,Spot UV Front,4/0 (4 color front),1000,Score in Half,Moon Slits Bottom Panel,Yes 1000 Envelopes A2
Majestic,Silk,4.25 x 11,Horizontal,Rectangle,16PT C2S,Spot UV,Silk,Spot UV Front,4/0 (4 color front),2500,Score in Half,Moon Slits Bottom Panel,Yes 1000 Envelopes A2
Majestic,Silk,5.5 x 8.5,Horizontal,Rectangle,16PT C2S,Spot UV,Silk,Spot UV Front,4/0 (4 color front),2500,Score in Half,Moon Slits Bottom Panel,Yes 1000 Envelopes A2
Majestic,Silk,4.25 x 11,Vertical,Rectangle,16PT C2S,Spot UV,Silk,Spot UV Front,4/0 (4 color front),2500,Score in Half,Moon Slits Bottom Panel,Yes 1000 Envelopes A2
Majestic,Silk,5.5 x 8.5,Vertical,Rectangle,16PT C2S,Spot UV,Silk,Spot UV Front,4/0 (4 color front),2500,Score in Half,Moon Slits Bottom Panel,Yes 1000 Envelopes A2
Majestic,Silk,4.25 x 11,Horizontal,Rectangle,16PT C2S,Spot UV,Silk,Spot UV Front,4/0 (4 color front),5000,Score in Half,Moon Slits Bottom Panel,Yes 1000 Envelopes A2
Majestic,Silk,5.5 x 8.5,Horizontal,Rectangle,16PT C2S,Spot UV,Silk,Spot UV Front,4/0 (4 color front),5000,Score in Half,Moon Slits Bottom Panel,Yes 1000 Envelopes A2
Majestic,Silk,4.25 x 11,Vertical,Rectangle,16PT C2S,Spot UV,Silk,Spot UV Front,4/0 (4 color front),5000,Score in Half,Moon Slits Bottom Panel,Yes 1000 Envelopes A2
Majestic,Silk,5.5 x 8.5,Vertical,Rectangle,16PT C2S,Spot UV,Silk,Spot UV Front,4/0 (4 color front),5000,Score in Half,Moon Slits Bottom Panel,Yes 1000 Envelopes A2
Majestic,Silk,4.25 x 11,Horizontal,Rectangle,16PT C2S,Spot UV,Silk,Spot UV Front,4/0 (4 color front),10000,Score in Half,Moon Slits Bottom Panel,Yes 1000 Envelopes A2
Majestic,Silk,5.5 x 8.5,Horizontal,Rectangle,16PT C2S,Spot UV,Silk,Spot UV Front,4/0 (4 color front),10000,Score in Half,Moon Slits Bottom Panel,Yes 1000 Envelopes A2
Majestic,Silk,4.25 x 11,Vertical,Rectangle,16PT C2S,Spot UV,Silk,Spot UV Front,4/0 (4 color front),10000,Score in Half,Moon Slits Bottom Panel,Yes 1000 Envelopes A2
Majestic,Silk,5.5 x 8.5,Vertical,Rectangle,16PT C2S,Spot UV,Silk,Spot UV Front,4/0 (4 color front),10000,Score in Half,Moon Slits Bottom Panel,Yes 1000 Envelopes A2
Majestic,Silk,4.25 x 11,Horizontal,Rectangle,16PT C2S,Spot UV,Silk,Spot UV Front,4/0 (4 color front),500,Score in Half,Moon Slits Right Panel,Yes 1000 Envelopes A2
Majestic,Silk,5.5 x 8.5,Horizontal,Rectangle,16PT C2S,Spot UV,Silk,Spot UV Front,4/0 (4 color front),500,Score in Half,Moon Slits Right Panel,Yes 1000 Envelopes A2
Majestic,Silk,4.25 x 11,Vertical,Rectangle,16PT C2S,Spot UV,Silk,Spot UV Front,4/0 (4 color front),500,Score in Half,Moon Slits Right Panel,Yes 1000 Envelopes A2
Majestic,Silk,5.5 x 8.5,Vertical,Rectangle,16PT C2S,Spot UV,Silk,Spot UV Front,4/0 (4 color front),500,Score in Half,Moon Slits Right Panel,Yes 1000 Envelopes A2
Majestic,Silk,4.25 x 11,Horizontal,Rectangle,16PT C2S,Spot UV,Silk,Spot UV Front,4/0 (4 color front),1000,Score in Half,Moon Slits Right Panel,Yes 1000 Envelopes A2
Majestic,Silk,5.5 x 8.5,Horizontal,Rectangle,16PT C2S,Spot UV,Silk,Spot UV Front,4/0 (4 color front),1000,Score in Half,Moon Slits Right Panel,Yes 1000 Envelopes A2
Majestic,Silk,4.25 x 11,Vertical,Rectangle,16PT C2S,Spot UV,Silk,Spot UV Front,4/0 (4 color front),1000,Score in Half,Moon Slits Right Panel,Yes 1000 Envelopes A2
Majestic,Silk,5.5 x 8.5,Vertical,Rectangle,16PT C2S,Spot UV,Silk,Spot UV Front,4/0 (4 color front),1000,Score in Half,Moon Slits Right Panel,Yes 1000 Envelopes A2
Majestic,Silk,4.25 x 11,Horizontal,Rectangle,16PT C2S,Spot UV,Silk,Spot UV Front,4/0 (4 color front),2500,Score in Half,Moon Slits Right Panel,Yes 1000 Envelopes A2
Majestic,Silk,5.5 x 8.5,Horizontal,Rectangle,16PT C2S,Spot UV,Silk,Spot UV Front,4/0 (4 color front),2500,Score in Half,Moon Slits Right Panel,Yes 1000 Envelopes A2
Majestic,Silk,4.25 x 11,Vertical,Rectangle,16PT C2S,Spot UV,Silk,Spot UV Front,4/0 (4 color front),2500,Score in Half,Moon Slits Right Panel,Yes 1000 Envelopes A2
Majestic,Silk,5.5 x 8.5,Vertical,Rectangle,16PT C2S,Spot UV,Silk,Spot UV Front,4/0 (4 color front),2500,Score in Half,Moon Slits Right Panel,Yes 1000 Envelopes A2
Majestic,Silk,4.25 x 11,Horizontal,Rectangle,16PT C2S,Spot UV,Silk,Spot UV Front,4/0 (4 color front),5000,Score in Half,Moon Slits Right Panel,Yes 1000 Envelopes A2
Majestic,Silk,5.5 x 8.5,Horizontal,Rectangle,16PT C2S,Spot UV,Silk,Spot UV Front,4/0 (4 color front),5000,Score in Half,Moon Slits Right Panel,Yes 1000 Envelopes A2
Majestic,Silk,4.25 x 11,Vertical,Rectangle,16PT C2S,Spot UV,Silk,Spot UV Front,4/0 (4 color front),5000,Score in Half,Moon Slits Right Panel,Yes 1000 Envelopes A2
Majestic,Silk,5.5 x 8.5,Vertical,Rectangle,16PT C2S,Spot UV,Silk,Spot UV Front,4/0 (4 color front),5000,Score in Half,Moon Slits Right Panel,Yes 1000 Envelopes A2
Majestic,Silk,4.25 x 11,Horizontal,Rectangle,16PT C2S,Spot UV,Silk,Spot UV Front,4/0 (4 color front),10000,Score in Half,Moon Slits Right Panel,Yes 1000 Envelopes A2
Majestic,Silk,5.5 x 8.5,Horizontal,Rectangle,16PT C2S,Spot UV,Silk,Spot UV Front,4/0 (4 color front),10000,Score in Half,Moon Slits Right Panel,Yes 1000 Envelopes A2
Majestic,Silk,4.25 x 11,Vertical,Rectangle,16PT C2S,Spot UV,Silk,Spot UV Front,4/0 (4 color front),10000,Score in Half,Moon Slits Right Panel,Yes 1000 Envelopes A2
Majestic,Silk,5.5 x 8.5,Vertical,Rectangle,16PT C2S,Spot UV,Silk,Spot UV Front,4/0 (4 color front),10000,Score in Half,Moon Slits Right Panel,Yes 1000 Envelopes A2
Majestic,Silk,4.25 x 11,Horizontal,Rectangle,16PT C2S,Spot UV,Silk,Spot UV Front,4/0 (4 color front),500,Score in Half,No Gift Cards Slits,Yes 1000 Envelopes A2
Majestic,Silk,5.5 x 8.5,Horizontal,Rectangle,16PT C2S,Spot UV,Silk,Spot UV Front,4/0 (4 color front),500,Score in Half,No Gift Cards Slits,Yes 1000 Envelopes A2
Majestic,Silk,4.25 x 11,Vertical,Rectangle,16PT C2S,Spot UV,Silk,Spot UV Front,4/0 (4 color front),500,Score in Half,No Gift Cards Slits,Yes 1000 Envelopes A2
Majestic,Silk,5.5 x 8.5,Vertical,Rectangle,16PT C2S,Spot UV,Silk,Spot UV Front,4/0 (4 color front),500,Score in Half,No Gift Cards Slits,Yes 1000 Envelopes A2
Majestic,Silk,4.25 x 11,Horizontal,Rectangle,16PT C2S,Spot UV,Silk,Spot UV Front,4/0 (4 color front),1000,Score in Half,No Gift Cards Slits,Yes 1000 Envelopes A2
Majestic,Silk,5.5 x 8.5,Horizontal,Rectangle,16PT C2S,Spot UV,Silk,Spot UV Front,4/0 (4 color front),1000,Score in Half,No Gift Cards Slits,Yes 1000 Envelopes A2
Majestic,Silk,4.25 x 11,Vertical,Rectangle,16PT C2S,Spot UV,Silk,Spot UV Front,4/0 (4 color front),1000,Score in Half,No Gift Cards Slits,Yes 1000 Envelopes A2
Majestic,Silk,5.5 x 8.5,Vertical,Rectangle,16PT C2S,Spot UV,Silk,Spot UV Front,4/0 (4 color front),1000,Score in Half,No Gift Cards Slits,Yes 1000 Envelopes A2
Majestic,Silk,4.25 x 11,Horizontal,Rectangle,16PT C2S,Spot UV,Silk,Spot UV Front,4/0 (4 color front),2500,Score in Half,No Gift Cards Slits,Yes 1000 Envelopes A2
Majestic,Silk,5.5 x 8.5,Horizontal,Rectangle,16PT C2S,Spot UV,Silk,Spot UV Front,4/0 (4 color front),2500,Score in Half,No Gift Cards Slits,Yes 1000 Envelopes A2
Majestic,Silk,4.25 x 11,Vertical,Rectangle,16PT C2S,Spot UV,Silk,Spot UV Front,4/0 (4 color front),2500,Score in Half,No Gift Cards Slits,Yes 1000 Envelopes A2
Majestic,Silk,5.5 x 8.5,Vertical,Rectangle,16PT C2S,Spot UV,Silk,Spot UV Front,4/0 (4 color front),2500,Score in Half,No Gift Cards Slits,Yes 1000 Envelopes A2
Majestic,Silk,4.25 x 11,Horizontal,Rectangle,16PT C2S,Spot UV,Silk,Spot UV Front,4/0 (4 color front),5000,Score in Half,No Gift Cards Slits,Yes 1000 Envelopes A2
Majestic,Silk,5.5 x 8.5,Horizontal,Rectangle,16PT C2S,Spot UV,Silk,Spot UV Front,4/0 (4 color front),5000,Score in Half,No Gift Cards Slits,Yes 1000 Envelopes A2
Majestic,Silk,4.25 x 11,Vertical,Rectangle,16PT C2S,Spot UV,Silk,Spot UV Front,4/0 (4 color front),5000,Score in Half,No Gift Cards Slits,Yes 1000 Envelopes A2
Majestic,Silk,5.5 x 8.5,Horizontal,Rectangle,16PT C2S,Spot UV,Silk,Spot UV Front,4/0 (4 color front),10000,Score in Half,No Gift Cards Slits,Yes 1000 Envelopes A2
Majestic,Silk,4.25 x 11,Vertical,Rectangle,16PT C2S,Spot UV,Silk,Spot UV Front,4/0 (4 color front),10000,Score in Half,No Gift Cards Slits,Yes 1000 Envelopes A2
Majestic,Silk,4.25 x 11,Horizontal,Rectangle,16PT C2S,Spot UV,Silk,Spot UV Front,4/0 (4 color front),10000,Score in Half,No Gift Cards Slits,Yes 1000 Envelopes A2
Majestic,Silk,5.5 x 8.5,Vertical,Rectangle,16PT C2S,Spot UV,Silk,Spot UV Front,4/0 (4 color front),5000,Score in Half,No Gift Cards Slits,Yes 1000 Envelopes A2
Majestic,Silk,5.5 x 8.5,Vertical,Rectangle,16PT C2S,Spot UV,Silk,Spot UV Front,4/0 (4 color front),10000,Score in Half,No Gift Cards Slits,Yes 1000 Envelopes A2
Majestic,Silk,4.25 x 11,Horizontal,Rectangle,16PT C2S,Spot UV,Silk,Spot UV Front,4/0 (4 color front),500,Score in Half,Slide Slits Bottom Panel,Yes 1000 Envelopes A2
Majestic,Silk,5.5 x 8.5,Horizontal,Rectangle,16PT C2S,Spot UV,Silk,Spot UV Front,4/0 (4 color front),500,Score in Half,Slide Slits Bottom Panel,Yes 1000 Envelopes A2
Majestic,Silk,4.25 x 11,Vertical,Rectangle,16PT C2S,Spot UV,Silk,Spot UV Front,4/0 (4 color front),500,Score in Half,Slide Slits Bottom Panel,Yes 1000 Envelopes A2
Majestic,Silk,5.5 x 8.5,Vertical,Rectangle,16PT C2S,Spot UV,Silk,Spot UV Front,4/0 (4 color front),500,Score in Half,Slide Slits Bottom Panel,Yes 1000 Envelopes A2
Majestic,Silk,4.25 x 11,Horizontal,Rectangle,16PT C2S,Spot UV,Silk,Spot UV Front,4/0 (4 color front),1000,Score in Half,Slide Slits Bottom Panel,Yes 1000 Envelopes A2
Majestic,Silk,5.5 x 8.5,Horizontal,Rectangle,16PT C2S,Spot UV,Silk,Spot UV Front,4/0 (4 color front),1000,Score in Half,Slide Slits Bottom Panel,Yes 1000 Envelopes A2
Majestic,Silk,4.25 x 11,Vertical,Rectangle,16PT C2S,Spot UV,Silk,Spot UV Front,4/0 (4 color front),1000,Score in Half,Slide Slits Bottom Panel,Yes 1000 Envelopes A2
Majestic,Silk,5.5 x 8.5,Vertical,Rectangle,16PT C2S,Spot UV,Silk,Spot UV Front,4/0 (4 color front),1000,Score in Half,Slide Slits Bottom Panel,Yes 1000 Envelopes A2
Majestic,Silk,4.25 x 11,Horizontal,Rectangle,16PT C2S,Spot UV,Silk,Spot UV Front,4/0 (4 color front),2500,Score in Half,Slide Slits Bottom Panel,Yes 1000 Envelopes A2
Majestic,Silk,5.5 x 8.5,Horizontal,Rectangle,16PT C2S,Spot UV,Silk,Spot UV Front,4/0 (4 color front),2500,Score in Half,Slide Slits Bottom Panel,Yes 1000 Envelopes A2
Majestic,Silk,4.25 x 11,Vertical,Rectangle,16PT C2S,Spot UV,Silk,Spot UV Front,4/0 (4 color front),2500,Score in Half,Slide Slits Bottom Panel,Yes 1000 Envelopes A2
Majestic,Silk,5.5 x 8.5,Vertical,Rectangle,16PT C2S,Spot UV,Silk,Spot UV Front,4/0 (4 color front),2500,Score in Half,Slide Slits Bottom Panel,Yes 1000 Envelopes A2
Majestic,Silk,5.5 x 8.5,Horizontal,Rectangle,16PT C2S,Spot UV,Silk,Spot UV Front,4/0 (4 color front),5000,Score in Half,Slide Slits Bottom Panel,Yes 1000 Envelopes A2
Majestic,Silk,4.25 x 11,Horizontal,Rectangle,16PT C2S,Spot UV,Silk,Spot UV Front,4/0 (4 color front),5000,Score in Half,Slide Slits Bottom Panel,Yes 1000 Envelopes A2
Majestic,Silk,4.25 x 11,Vertical,Rectangle,16PT C2S,Spot UV,Silk,Spot UV Front,4/0 (4 color front),5000,Score in Half,Slide Slits Bottom Panel,Yes 1000 Envelopes A2
Majestic,Silk,5.5 x 8.5,Vertical,Rectangle,16PT C2S,Spot UV,Silk,Spot UV Front,4/0 (4 color front),5000,Score in Half,Slide Slits Bottom Panel,Yes 1000 Envelopes A2
Majestic,Silk,4.25 x 11,Horizontal,Rectangle,16PT C2S,Spot UV,Silk,Spot UV Front,4/0 (4 color front),10000,Score in Half,Slide Slits Bottom Panel,Yes 1000 Envelopes A2
Majestic,Silk,5.5 x 8.5,Horizontal,Rectangle,16PT C2S,Spot UV,Silk,Spot UV Front,4/0 (4 color front),10000,Score in Half,Slide Slits Bottom Panel,Yes 1000 Envelopes A2
Majestic,Silk,4.25 x 11,Vertical,Rectangle,16PT C2S,Spot UV,Silk,Spot UV Front,4/0 (4 color front),10000,Score in Half,Slide Slits Bottom Panel,Yes 1000 Envelopes A2
Majestic,Silk,5.5 x 8.5,Vertical,Rectangle,16PT C2S,Spot UV,Silk,Spot UV Front,4/0 (4 color front),10000,Score in Half,Slide Slits Bottom Panel,Yes 1000 Envelopes A2
Majestic,Silk,4.25 x 11,Horizontal,Rectangle,16PT C2S,Spot UV,Silk,Spot UV Front,4/0 (4 color front),500,Score in Half,Slide Slits Right Panel,Yes 1000 Envelopes A2
Majestic,Silk,5.5 x 8.5,Horizontal,Rectangle,16PT C2S,Spot UV,Silk,Spot UV Front,4/0 (4 color front),500,Score in Half,Slide Slits Right Panel,Yes 1000 Envelopes A2
Majestic,Silk,4.25 x 11,Vertical,Rectangle,16PT C2S,Spot UV,Silk,Spot UV Front,4/0 (4 color front),500,Score in Half,Slide Slits Right Panel,Yes 1000 Envelopes A2
Majestic,Silk,5.5 x 8.5,Vertical,Rectangle,16PT C2S,Spot UV,Silk,Spot UV Front,4/0 (4 color front),500,Score in Half,Slide Slits Right Panel,Yes 1000 Envelopes A2
Majestic,Silk,4.25 x 11,Horizontal,Rectangle,16PT C2S,Spot UV,Silk,Spot UV Front,4/0 (4 color front),1000,Score in Half,Slide Slits Right Panel,Yes 1000 Envelopes A2
Majestic,Silk,5.5 x 8.5,Vertical,Rectangle,16PT C2S,Spot UV,Silk,Spot UV Front,4/0 (4 color front),2500,Score in Half,Slide Slits Bottom Panel,Yes 500 Envelopes A2
Majestic,Silk,4.25 x 11,Vertical,Rectangle,16PT C2S,Spot UV,Silk,Spot UV Front,4/0 (4 color front),1000,Score in Half,Slide Slits Right Panel,Yes 1000 Envelopes A2
Majestic,Silk,5.5 x 8.5,Vertical,Rectangle,16PT C2S,Spot UV,Silk,Spot UV Front,4/0 (4 color front),1000,Score in Half,Slide Slits Right Panel,Yes 1000 Envelopes A2
Majestic,Silk,4.25 x 11,Horizontal,Rectangle,16PT C2S,Spot UV,Silk,Spot UV Front,4/0 (4 color front),2500,Score in Half,Slide Slits Right Panel,Yes 1000 Envelopes A2
Majestic,Silk,5.5 x 8.5,Horizontal,Rectangle,16PT C2S,Spot UV,Silk,Spot UV Front,4/0 (4 color front),2500,Score in Half,Slide Slits Right Panel,Yes 1000 Envelopes A2
Majestic,Silk,4.25 x 11,Vertical,Rectangle,16PT C2S,Spot UV,Silk,Spot UV Front,4/0 (4 color front),2500,Score in Half,Slide Slits Right Panel,Yes 1000 Envelopes A2
Majestic,Silk,5.5 x 8.5,Vertical,Rectangle,16PT C2S,Spot UV,Silk,Spot UV Front,4/0 (4 color front),2500,Score in Half,Slide Slits Right Panel,Yes 1000 Envelopes A2
Majestic,Silk,4.25 x 11,Horizontal,Rectangle,16PT C2S,Spot UV,Silk,Spot UV Front,4/0 (4 color front),5000,Score in Half,Slide Slits Right Panel,Yes 1000 Envelopes A2
Majestic,Silk,5.5 x 8.5,Horizontal,Rectangle,16PT C2S,Spot UV,Silk,Spot UV Front,4/0 (4 color front),5000,Score in Half,Slide Slits Right Panel,Yes 1000 Envelopes A2
Majestic,Silk,4.25 x 11,Vertical,Rectangle,16PT C2S,Spot UV,Silk,Spot UV Front,4/0 (4 color front),5000,Score in Half,Slide Slits Right Panel,Yes 1000 Envelopes A2
Majestic,Silk,5.5 x 8.5,Vertical,Rectangle,16PT C2S,Spot UV,Silk,Spot UV Front,4/0 (4 color front),5000,Score in Half,Slide Slits Right Panel,Yes 1000 Envelopes A2
Majestic,Silk,4.25 x 11,Horizontal,Rectangle,16PT C2S,Spot UV,Silk,Spot UV Front,4/0 (4 color front),10000,Score in Half,Slide Slits Right Panel,Yes 1000 Envelopes A2
Majestic,Silk,5.5 x 8.5,Horizontal,Rectangle,16PT C2S,Spot UV,Silk,Spot UV Front,4/0 (4 color front),10000,Score in Half,Slide Slits Right Panel,Yes 1000 Envelopes A2
Majestic,Silk,4.25 x 11,Vertical,Rectangle,16PT C2S,Spot UV,Silk,Spot UV Front,4/0 (4 color front),10000,Score in Half,Slide Slits Right Panel,Yes 1000 Envelopes A2
Majestic,Silk,4.25 x 11,Horizontal,Rectangle,16PT C2S,Spot UV,Silk,Spot UV Front,4/0 (4 color front),500,Score in Half,Moon Slits Bottom Panel,Yes 2500 Envelopes A2
Majestic,Silk,5.5 x 8.5,Vertical,Rectangle,16PT C2S,Spot UV,Silk,Spot UV Front,4/0 (4 color front),10000,Score in Half,Slide Slits Right Panel,Yes 1000 Envelopes A2
Majestic,Silk,5.5 x 8.5,Horizontal,Rectangle,16PT C2S,Spot UV,Silk,Spot UV Front,4/0 (4 color front),500,Score in Half,Moon Slits Bottom Panel,Yes 2500 Envelopes A2
Majestic,Silk,5.5 x 8.5,Vertical,Rectangle,16PT C2S,Spot UV,Silk,Spot UV Front,4/0 (4 color front),500,Score in Half,Moon Slits Bottom Panel,Yes 2500 Envelopes A2
Majestic,Silk,4.25 x 11,Vertical,Rectangle,16PT C2S,Spot UV,Silk,Spot UV Front,4/0 (4 color front),500,Score in Half,Moon Slits Bottom Panel,Yes 2500 Envelopes A2
Majestic,Silk,4.25 x 11,Horizontal,Rectangle,16PT C2S,Spot UV,Silk,Spot UV Front,4/0 (4 color front),1000,Score in Half,Moon Slits Bottom Panel,Yes 2500 Envelopes A2
Majestic,Silk,5.5 x 8.5,Horizontal,Rectangle,16PT C2S,Spot UV,Silk,Spot UV Both Sides,4/1,10000,Score in Half,Slide Slits Right Panel,Yes 10000 Envelopes A2
Majestic,Silk,4.25 x 11,Vertical,Rectangle,16PT C2S,Spot UV,Silk,Spot UV Front,4/0 (4 color front),1000,Score in Half,Moon Slits Bottom Panel,Yes 2500 Envelopes A2
Majestic,Silk,5.5 x 8.5,Vertical,Rectangle,16PT C2S,Spot UV,Silk,Spot UV Front,4/0 (4 color front),1000,Score in Half,Moon Slits Bottom Panel,Yes 2500 Envelopes A2
Majestic,Silk,4.25 x 11,Horizontal,Rectangle,16PT C2S,Spot UV,Silk,Spot UV Front,4/0 (4 color front),2500,Score in Half,Moon Slits Bottom Panel,Yes 2500 Envelopes A2
Majestic,Silk,5.5 x 8.5,Horizontal,Rectangle,16PT C2S,Spot UV,Silk,Spot UV Front,4/0 (4 color front),2500,Score in Half,Moon Slits Bottom Panel,Yes 2500 Envelopes A2
Majestic,Silk,4.25 x 11,Vertical,Rectangle,16PT C2S,Spot UV,Silk,Spot UV Front,4/0 (4 color front),2500,Score in Half,Moon Slits Bottom Panel,Yes 2500 Envelopes A2
Majestic,Silk,5.5 x 8.5,Vertical,Rectangle,16PT C2S,Spot UV,Silk,Spot UV Front,4/0 (4 color front),2500,Score in Half,Moon Slits Bottom Panel,Yes 2500 Envelopes A2
Majestic,Silk,4.25 x 11,Horizontal,Rectangle,16PT C2S,Spot UV,Silk,Spot UV Front,4/0 (4 color front),5000,Score in Half,Moon Slits Bottom Panel,Yes 2500 Envelopes A2
Majestic,Silk,5.5 x 8.5,Horizontal,Rectangle,16PT C2S,Spot UV,Silk,Spot UV Front,4/0 (4 color front),5000,Score in Half,Moon Slits Bottom Panel,Yes 2500 Envelopes A2
Majestic,Silk,4.25 x 11,Vertical,Rectangle,16PT C2S,Spot UV,Silk,Spot UV Front,4/0 (4 color front),5000,Score in Half,Moon Slits Bottom Panel,Yes 2500 Envelopes A2
Majestic,Silk,5.5 x 8.5,Vertical,Rectangle,16PT C2S,Spot UV,Silk,Spot UV Front,4/0 (4 color front),5000,Score in Half,Moon Slits Bottom Panel,Yes 2500 Envelopes A2
Majestic,Silk,4.25 x 11,Horizontal,Rectangle,16PT C2S,Spot UV,Silk,Spot UV Front,4/0 (4 color front),10000,Score in Half,Moon Slits Bottom Panel,Yes 2500 Envelopes A2
Majestic,Silk,5.5 x 8.5,Horizontal,Rectangle,16PT C2S,Spot UV,Silk,Spot UV Front,4/0 (4 color front),10000,Score in Half,Moon Slits Bottom Panel,Yes 2500 Envelopes A2
Majestic,Silk,4.25 x 11,Vertical,Rectangle,16PT C2S,Spot UV,Silk,Spot UV Front,4/0 (4 color front),10000,Score in Half,Moon Slits Bottom Panel,Yes 2500 Envelopes A2
Majestic,Silk,5.5 x 8.5,Vertical,Rectangle,16PT C2S,Spot UV,Silk,Spot UV Front,4/0 (4 color front),10000,Score in Half,Moon Slits Bottom Panel,Yes 2500 Envelopes A2
Majestic,Silk,4.25 x 11,Horizontal,Rectangle,16PT C2S,Spot UV,Silk,Spot UV Front,4/0 (4 color front),500,Score in Half,Moon Slits Right Panel,Yes 2500 Envelopes A2
Majestic,Silk,5.5 x 8.5,Horizontal,Rectangle,16PT C2S,Spot UV,Silk,Spot UV Front,4/0 (4 color front),500,Score in Half,Moon Slits Right Panel,Yes 2500 Envelopes A2
Majestic,Silk,4.25 x 11,Vertical,Rectangle,16PT C2S,Spot UV,Silk,Spot UV Front,4/0 (4 color front),500,Score in Half,Moon Slits Right Panel,Yes 2500 Envelopes A2
Majestic,Silk,5.5 x 8.5,Vertical,Rectangle,16PT C2S,Spot UV,Silk,Spot UV Front,4/0 (4 color front),500,Score in Half,Moon Slits Right Panel,Yes 2500 Envelopes A2
Majestic,Silk,4.25 x 11,Horizontal,Rectangle,16PT C2S,Spot UV,Silk,Spot UV Front,4/0 (4 color front),1000,Score in Half,Moon Slits Right Panel,Yes 2500 Envelopes A2
Majestic,Silk,5.5 x 8.5,Horizontal,Rectangle,16PT C2S,Spot UV,Silk,Spot UV Front,4/0 (4 color front),1000,Score in Half,Moon Slits Right Panel,Yes 2500 Envelopes A2
Majestic,Silk,4.25 x 11,Vertical,Rectangle,16PT C2S,Spot UV,Silk,Spot UV Front,4/0 (4 color front),1000,Score in Half,Moon Slits Right Panel,Yes 2500 Envelopes A2
Majestic,Silk,5.5 x 8.5,Vertical,Rectangle,16PT C2S,Spot UV,Silk,Spot UV Front,4/0 (4 color front),1000,Score in Half,Moon Slits Right Panel,Yes 2500 Envelopes A2
Majestic,Silk,4.25 x 11,Horizontal,Rectangle,16PT C2S,Spot UV,Silk,Spot UV Back,4/1,2500,Score in Half,Slide Slits Right Panel,Yes 10000 Envelopes A2
Majestic,Silk,5.5 x 8.5,Horizontal,Rectangle,16PT C2S,Spot UV,Silk,Spot UV Front,4/0 (4 color front),2500,Score in Half,Moon Slits Right Panel,Yes 2500 Envelopes A2
Majestic,Silk,4.25 x 11,Vertical,Rectangle,16PT C2S,Spot UV,Silk,Spot UV Front,4/0 (4 color front),2500,Score in Half,Moon Slits Right Panel,Yes 2500 Envelopes A2
Majestic,Silk,5.5 x 8.5,Vertical,Rectangle,16PT C2S,Spot UV,Silk,Spot UV Front,4/0 (4 color front),2500,Score in Half,Moon Slits Right Panel,Yes 2500 Envelopes A2
Majestic,Silk,4.25 x 11,Horizontal,Rectangle,16PT C2S,Spot UV,Silk,Spot UV Front,4/0 (4 color front),5000,Score in Half,Moon Slits Right Panel,Yes 2500 Envelopes A2
Majestic,Silk,5.5 x 8.5,Horizontal,Rectangle,16PT C2S,Spot UV,Silk,Spot UV Front,4/0 (4 color front),5000,Score in Half,Moon Slits Right Panel,Yes 2500 Envelopes A2
Majestic,Silk,4.25 x 11,Vertical,Rectangle,16PT C2S,Spot UV,Silk,Spot UV Front,4/0 (4 color front),5000,Score in Half,Moon Slits Right Panel,Yes 2500 Envelopes A2
Majestic,Silk,5.5 x 8.5,Vertical,Rectangle,16PT C2S,Spot UV,Silk,Spot UV Front,4/0 (4 color front),5000,Score in Half,Moon Slits Right Panel,Yes 2500 Envelopes A2
Majestic,Silk,4.25 x 11,Horizontal,Rectangle,16PT C2S,Spot UV,Silk,Spot UV Front,4/0 (4 color front),10000,Score in Half,Moon Slits Right Panel,Yes 2500 Envelopes A2
Majestic,Silk,5.5 x 8.5,Horizontal,Rectangle,16PT C2S,Spot UV,Silk,Spot UV Front,4/0 (4 color front),10000,Score in Half,Moon Slits Right Panel,Yes 2500 Envelopes A2
Majestic,Silk,4.25 x 11,Vertical,Rectangle,16PT C2S,Spot UV,Silk,Spot UV Front,4/0 (4 color front),10000,Score in Half,Moon Slits Right Panel,Yes 2500 Envelopes A2
Majestic,Silk,4.25 x 11,Horizontal,Rectangle,16PT C2S,Spot UV,Silk,Spot UV Front,4/0 (4 color front),500,Score in Half,No Gift Cards Slits,Yes 2500 Envelopes A2
Majestic,Silk,5.5 x 8.5,Vertical,Rectangle,16PT C2S,Spot UV,Silk,Spot UV Front,4/0 (4 color front),10000,Score in Half,Moon Slits Right Panel,Yes 2500 Envelopes A2
Majestic,Silk,4.25 x 11,Vertical,Rectangle,16PT C2S,Spot UV,Silk,Spot UV Front,4/0 (4 color front),500,Score in Half,No Gift Cards Slits,Yes 2500 Envelopes A2
Majestic,Silk,5.5 x 8.5,Horizontal,Rectangle,16PT C2S,Spot UV,Silk,Spot UV Front,4/0 (4 color front),500,Score in Half,No Gift Cards Slits,Yes 2500 Envelopes A2
Majestic,Silk,5.5 x 8.5,Vertical,Rectangle,16PT C2S,Spot UV,Silk,Spot UV Front,4/0 (4 color front),500,Score in Half,No Gift Cards Slits,Yes 2500 Envelopes A2
Majestic,Silk,4.25 x 11,Horizontal,Rectangle,16PT C2S,Spot UV,Silk,Spot UV Front,4/0 (4 color front),1000,Score in Half,No Gift Cards Slits,Yes 2500 Envelopes A2
Majestic,Silk,4.25 x 11,Vertical,Rectangle,16PT C2S,Spot UV,Silk,Spot UV Front,4/0 (4 color front),1000,Score in Half,No Gift Cards Slits,Yes 2500 Envelopes A2
Majestic,Silk,5.5 x 8.5,Vertical,Rectangle,16PT C2S,Spot UV,Silk,Spot UV Front,4/0 (4 color front),1000,Score in Half,No Gift Cards Slits,Yes 2500 Envelopes A2
Majestic,Silk,4.25 x 11,Horizontal,Rectangle,16PT C2S,Spot UV,Silk,Spot UV Front,4/0 (4 color front),2500,Score in Half,No Gift Cards Slits,Yes 2500 Envelopes A2
Majestic,Silk,5.5 x 8.5,Horizontal,Rectangle,16PT C2S,Spot UV,Silk,Spot UV Front,4/0 (4 color front),1000,Score in Half,No Gift Cards Slits,Yes 2500 Envelopes A2
Majestic,Silk,5.5 x 8.5,Vertical,Rectangle,16PT C2S,Spot UV,Silk,Spot UV Front,4/0 (4 color front),2500,Score in Half,No Gift Cards Slits,Yes 2500 Envelopes A2
Majestic,Silk,5.5 x 8.5,Horizontal,Rectangle,16PT C2S,Spot UV,Silk,Spot UV Front,4/0 (4 color front),2500,Score in Half,No Gift Cards Slits,Yes 2500 Envelopes A2
Majestic,Silk,4.25 x 11,Vertical,Rectangle,16PT C2S,Spot UV,Silk,Spot UV Front,4/0 (4 color front),2500,Score in Half,No Gift Cards Slits,Yes 2500 Envelopes A2
Majestic,Silk,4.25 x 11,Horizontal,Rectangle,16PT C2S,Spot UV,Silk,Spot UV Front,4/0 (4 color front),5000,Score in Half,No Gift Cards Slits,Yes 2500 Envelopes A2
Majestic,Silk,5.5 x 8.5,Horizontal,Rectangle,16PT C2S,Spot UV,Silk,Spot UV Front,4/0 (4 color front),5000,Score in Half,No Gift Cards Slits,Yes 2500 Envelopes A2
Majestic,Silk,4.25 x 11,Horizontal,Rectangle,16PT C2S,Spot UV,Silk,Spot UV Front,4/0 (4 color front),10000,Score in Half,No Gift Cards Slits,Yes 2500 Envelopes A2
Majestic,Silk,5.5 x 8.5,Horizontal,Rectangle,16PT C2S,Spot UV,Silk,Spot UV Front,4/0 (4 color front),10000,Score in Half,No Gift Cards Slits,Yes 2500 Envelopes A2
Majestic,Silk,4.25 x 11,Vertical,Rectangle,16PT C2S,Spot UV,Silk,Spot UV Front,4/0 (4 color front),5000,Score in Half,No Gift Cards Slits,Yes 2500 Envelopes A2
Majestic,Silk,5.5 x 8.5,Vertical,Rectangle,16PT C2S,Spot UV,Silk,Spot UV Front,4/0 (4 color front),5000,Score in Half,No Gift Cards Slits,Yes 2500 Envelopes A2
Majestic,Silk,4.25 x 11,Vertical,Rectangle,16PT C2S,Spot UV,Silk,Spot UV Front,4/0 (4 color front),10000,Score in Half,No Gift Cards Slits,Yes 2500 Envelopes A2
Majestic,Silk,5.5 x 8.5,Vertical,Rectangle,16PT C2S,Spot UV,Silk,Spot UV Front,4/0 (4 color front),10000,Score in Half,No Gift Cards Slits,Yes 2500 Envelopes A2
Majestic,Silk,4.25 x 11,Vertical,Rectangle,16PT C2S,Spot UV,Silk,Spot UV Front,4/0 (4 color front),500,Score in Half,Slide Slits Bottom Panel,Yes 2500 Envelopes A2
Majestic,Silk,5.5 x 8.5,Vertical,Rectangle,16PT C2S,Spot UV,Silk,Spot UV Front,4/0 (4 color front),500,Score in Half,Slide Slits Bottom Panel,Yes 2500 Envelopes A2
Majestic,Silk,5.5 x 8.5,Horizontal,Rectangle,16PT C2S,Spot UV,Silk,Spot UV Front,4/0 (4 color front),500,Score in Half,Slide Slits Bottom Panel,Yes 2500 Envelopes A2
Majestic,Silk,4.25 x 11,Horizontal,Rectangle,16PT C2S,Spot UV,Silk,Spot UV Front,4/0 (4 color front),1000,Score in Half,Slide Slits Bottom Panel,Yes 2500 Envelopes A2
Majestic,Silk,5.5 x 8.5,Horizontal,Rectangle,16PT C2S,Spot UV,Silk,Spot UV Front,4/0 (4 color front),1000,Score in Half,Slide Slits Bottom Panel,Yes 2500 Envelopes A2
Majestic,Silk,4.25 x 11,Horizontal,Rectangle,16PT C2S,Spot UV,Silk,Spot UV Front,4/0 (4 color front),500,Score in Half,Slide Slits Bottom Panel,Yes 2500 Envelopes A2
Majestic,Silk,4.25 x 11,Vertical,Rectangle,16PT C2S,Spot UV,Silk,Spot UV Front,4/0 (4 color front),1000,Score in Half,Slide Slits Bottom Panel,Yes 2500 Envelopes A2
Majestic,Silk,4.25 x 11,Horizontal,Rectangle,16PT C2S,Spot UV,Silk,Spot UV Front,4/0 (4 color front),2500,Score in Half,Slide Slits Bottom Panel,Yes 2500 Envelopes A2
Majestic,Silk,5.5 x 8.5,Vertical,Rectangle,16PT C2S,Spot UV,Silk,Spot UV Front,4/0 (4 color front),1000,Score in Half,Slide Slits Bottom Panel,Yes 2500 Envelopes A2
Majestic,Silk,4.25 x 11,Vertical,Rectangle,16PT C2S,Spot UV,Silk,Spot UV Front,4/0 (4 color front),2500,Score in Half,Slide Slits Bottom Panel,Yes 2500 Envelopes A2
Majestic,Silk,5.5 x 8.5,Vertical,Rectangle,16PT C2S,Spot UV,Silk,Spot UV Front,4/0 (4 color front),2500,Score in Half,Slide Slits Bottom Panel,Yes 2500 Envelopes A2
Majestic,Silk,5.5 x 8.5,Horizontal,Rectangle,16PT C2S,Spot UV,Silk,Spot UV Front,4/0 (4 color front),2500,Score in Half,Slide Slits Bottom Panel,Yes 2500 Envelopes A2
Majestic,Silk,4.25 x 11,Horizontal,Rectangle,16PT C2S,Spot UV,Silk,Spot UV Front,4/0 (4 color front),5000,Score in Half,Slide Slits Bottom Panel,Yes 2500 Envelopes A2
Majestic,Silk,5.5 x 8.5,Horizontal,Rectangle,16PT C2S,Spot UV,Silk,Spot UV Front,4/0 (4 color front),5000,Score in Half,Slide Slits Bottom Panel,Yes 2500 Envelopes A2
Majestic,Silk,4.25 x 11,Vertical,Rectangle,16PT C2S,Spot UV,Silk,Spot UV Front,4/0 (4 color front),5000,Score in Half,Slide Slits Bottom Panel,Yes 2500 Envelopes A2
Majestic,Silk,5.5 x 8.5,Vertical,Rectangle,16PT C2S,Spot UV,Silk,Spot UV Front,4/0 (4 color front),5000,Score in Half,Slide Slits Bottom Panel,Yes 2500 Envelopes A2
Majestic,Silk,4.25 x 11,Horizontal,Rectangle,16PT C2S,Spot UV,Silk,Spot UV Front,4/0 (4 color front),10000,Score in Half,Slide Slits Bottom Panel,Yes 2500 Envelopes A2
Majestic,Silk,4.25 x 11,Vertical,Rectangle,16PT C2S,Spot UV,Silk,Spot UV Front,4/0 (4 color front),10000,Score in Half,Slide Slits Bottom Panel,Yes 2500 Envelopes A2
Majestic,Silk,4.25 x 11,Horizontal,Rectangle,16PT C2S,Spot UV,Silk,Spot UV Front,4/0 (4 color front),500,Score in Half,Slide Slits Right Panel,Yes 2500 Envelopes A2
Majestic,Silk,5.5 x 8.5,Vertical,Rectangle,16PT C2S,Spot UV,Silk,Spot UV Front,4/0 (4 color front),10000,Score in Half,Slide Slits Bottom Panel,Yes 2500 Envelopes A2
Majestic,Silk,5.5 x 8.5,Horizontal,Rectangle,16PT C2S,Spot UV,Silk,Spot UV Front,4/0 (4 color front),500,Score in Half,Slide Slits Right Panel,Yes 2500 Envelopes A2
Majestic,Silk,4.25 x 11,Vertical,Rectangle,16PT C2S,Spot UV,Silk,Spot UV Front,4/0 (4 color front),500,Score in Half,Slide Slits Right Panel,Yes 2500 Envelopes A2
Majestic,Silk,5.5 x 8.5,Vertical,Rectangle,16PT C2S,Spot UV,Silk,Spot UV Front,4/0 (4 color front),500,Score in Half,Slide Slits Right Panel,Yes 2500 Envelopes A2
Majestic,Silk,4.25 x 11,Horizontal,Rectangle,16PT C2S,Spot UV,Silk,Spot UV Front,4/0 (4 color front),1000,Score in Half,Slide Slits Right Panel,Yes 2500 Envelopes A2
Majestic,Silk,5.5 x 8.5,Horizontal,Rectangle,16PT C2S,Spot UV,Silk,Spot UV Front,4/0 (4 color front),1000,Score in Half,Slide Slits Right Panel,Yes 2500 Envelopes A2
Majestic,Silk,4.25 x 11,Vertical,Rectangle,16PT C2S,Spot UV,Silk,Spot UV Front,4/0 (4 color front),1000,Score in Half,Slide Slits Right Panel,Yes 2500 Envelopes A2
Majestic,Silk,5.5 x 8.5,Vertical,Rectangle,16PT C2S,Spot UV,Silk,Spot UV Front,4/0 (4 color front),1000,Score in Half,Slide Slits Right Panel,Yes 2500 Envelopes A2
Majestic,Silk,4.25 x 11,Horizontal,Rectangle,16PT C2S,Spot UV,Silk,Spot UV Front,4/0 (4 color front),2500,Score in Half,Slide Slits Right Panel,Yes 2500 Envelopes A2
Majestic,Silk,5.5 x 8.5,Horizontal,Rectangle,16PT C2S,Spot UV,Silk,Spot UV Front,4/0 (4 color front),2500,Score in Half,Slide Slits Right Panel,Yes 2500 Envelopes A2
Majestic,Silk,4.25 x 11,Vertical,Rectangle,16PT C2S,Spot UV,Silk,Spot UV Front,4/0 (4 color front),2500,Score in Half,Slide Slits Right Panel,Yes 2500 Envelopes A2
Majestic,Silk,5.5 x 8.5,Vertical,Rectangle,16PT C2S,Spot UV,Silk,Spot UV Front,4/0 (4 color front),2500,Score in Half,Slide Slits Right Panel,Yes 2500 Envelopes A2
Majestic,Silk,4.25 x 11,Horizontal,Rectangle,16PT C2S,Spot UV,Silk,Spot UV Front,4/0 (4 color front),2500,Score in Half,Moon Slits Right Panel,Yes 2500 Envelopes A2
Majestic,Silk,5.5 x 8.5,Horizontal,Rectangle,16PT C2S,Spot UV,Silk,Spot UV Front,4/0 (4 color front),10000,Score in Half,Slide Slits Bottom Panel,Yes 2500 Envelopes A2
Majestic,Silk,5.5 x 8.5,Horizontal,Rectangle,16PT C2S,Spot UV,Silk,Spot UV Front,4/0 (4 color front),5000,Score in Half,Slide Slits Right Panel,Yes 2500 Envelopes A2
Majestic,Silk,4.25 x 11,Vertical,Rectangle,16PT C2S,Spot UV,Silk,Spot UV Front,4/0 (4 color front),5000,Score in Half,Slide Slits Right Panel,Yes 2500 Envelopes A2
Majestic,Silk,5.5 x 8.5,Vertical,Rectangle,16PT C2S,Spot UV,Silk,Spot UV Front,4/0 (4 color front),5000,Score in Half,Slide Slits Right Panel,Yes 2500 Envelopes A2
Majestic,Silk,5.5 x 8.5,Horizontal,Rectangle,16PT C2S,Spot UV,Silk,Spot UV Front,4/0 (4 color front),10000,Score in Half,Slide Slits Right Panel,Yes 2500 Envelopes A2
Majestic,Silk,4.25 x 11,Vertical,Rectangle,16PT C2S,Spot UV,Silk,Spot UV Front,4/0 (4 color front),10000,Score in Half,Slide Slits Right Panel,Yes 2500 Envelopes A2
Majestic,Silk,5.5 x 8.5,Vertical,Rectangle,16PT C2S,Spot UV,Silk,Spot UV Front,4/0 (4 color front),10000,Score in Half,Slide Slits Right Panel,Yes 2500 Envelopes A2
Majestic,Silk,4.25 x 11,Horizontal,Rectangle,16PT C2S,Spot UV,Silk,Spot UV Front,4/0 (4 color front),500,Score in Half,Moon Slits Bottom Panel,Yes 5000 Envelopes A2
Majestic,Silk,4.25 x 11,Horizontal,Rectangle,16PT C2S,Spot UV,Silk,Spot UV Front,4/0 (4 color front),10000,Score in Half,Slide Slits Right Panel,Yes 2500 Envelopes A2
Majestic,Silk,5.5 x 8.5,Horizontal,Rectangle,16PT C2S,Spot UV,Silk,Spot UV Front,4/0 (4 color front),1000,Score in Half,Moon Slits Bottom Panel,Yes 2500 Envelopes A2
Majestic,Silk,4.25 x 11,Vertical,Rectangle,16PT C2S,Spot UV,Silk,Spot UV Front,4/0 (4 color front),500,Score in Half,Moon Slits Bottom Panel,Yes 5000 Envelopes A2
Majestic,Silk,5.5 x 8.5,Vertical,Rectangle,16PT C2S,Spot UV,Silk,Spot UV Front,4/0 (4 color front),500,Score in Half,Moon Slits Bottom Panel,Yes 5000 Envelopes A2
Majestic,Silk,5.5 x 8.5,Horizontal,Rectangle,16PT C2S,Spot UV,Silk,Spot UV Front,4/0 (4 color front),1000,Score in Half,Moon Slits Bottom Panel,Yes 5000 Envelopes A2
Majestic,Silk,4.25 x 11,Horizontal,Rectangle,16PT C2S,Spot UV,Silk,Spot UV Front,4/0 (4 color front),1000,Score in Half,Moon Slits Bottom Panel,Yes 5000 Envelopes A2
Majestic,Silk,4.25 x 11,Vertical,Rectangle,16PT C2S,Spot UV,Silk,Spot UV Front,4/0 (4 color front),1000,Score in Half,Moon Slits Bottom Panel,Yes 5000 Envelopes A2
Majestic,Silk,5.5 x 8.5,Vertical,Rectangle,16PT C2S,Spot UV,Silk,Spot UV Front,4/0 (4 color front),1000,Score in Half,Moon Slits Bottom Panel,Yes 5000 Envelopes A2
Majestic,Silk,4.25 x 11,Horizontal,Rectangle,16PT C2S,Spot UV,Silk,Spot UV Front,4/0 (4 color front),2500,Score in Half,Moon Slits Bottom Panel,Yes 5000 Envelopes A2
Majestic,Silk,4.25 x 11,Vertical,Rectangle,16PT C2S,Spot UV,Silk,Spot UV Front,4/0 (4 color front),2500,Score in Half,Moon Slits Bottom Panel,Yes 5000 Envelopes A2
Majestic,Silk,5.5 x 8.5,Horizontal,Rectangle,16PT C2S,Spot UV,Silk,Spot UV Front,4/0 (4 color front),2500,Score in Half,Moon Slits Bottom Panel,Yes 5000 Envelopes A2
Majestic,Silk,5.5 x 8.5,Vertical,Rectangle,16PT C2S,Spot UV,Silk,Spot UV Front,4/0 (4 color front),2500,Score in Half,Moon Slits Bottom Panel,Yes 5000 Envelopes A2
Majestic,Silk,4.25 x 11,Horizontal,Rectangle,16PT C2S,Spot UV,Silk,Spot UV Front,4/0 (4 color front),5000,Score in Half,Moon Slits Bottom Panel,Yes 5000 Envelopes A2
Majestic,Silk,5.5 x 8.5,Horizontal,Rectangle,16PT C2S,Spot UV,Silk,Spot UV Front,4/0 (4 color front),5000,Score in Half,Moon Slits Bottom Panel,Yes 5000 Envelopes A2
Majestic,Silk,4.25 x 11,Vertical,Rectangle,16PT C2S,Spot UV,Silk,Spot UV Front,4/0 (4 color front),5000,Score in Half,Moon Slits Bottom Panel,Yes 5000 Envelopes A2
Majestic,Silk,5.5 x 8.5,Vertical,Rectangle,16PT C2S,Spot UV,Silk,Spot UV Front,4/0 (4 color front),5000,Score in Half,Moon Slits Bottom Panel,Yes 5000 Envelopes A2
Majestic,Silk,4.25 x 11,Horizontal,Rectangle,16PT C2S,Spot UV,Silk,Spot UV Front,4/0 (4 color front),10000,Score in Half,Moon Slits Bottom Panel,Yes 5000 Envelopes A2
Majestic,Silk,5.5 x 8.5,Horizontal,Rectangle,16PT C2S,Spot UV,Silk,Spot UV Front,4/0 (4 color front),10000,Score in Half,Moon Slits Bottom Panel,Yes 5000 Envelopes A2
Majestic,Silk,4.25 x 11,Vertical,Rectangle,16PT C2S,Spot UV,Silk,Spot UV Front,4/0 (4 color front),10000,Score in Half,Moon Slits Bottom Panel,Yes 5000 Envelopes A2
Majestic,Silk,5.5 x 8.5,Vertical,Rectangle,16PT C2S,Spot UV,Silk,Spot UV Front,4/0 (4 color front),10000,Score in Half,Moon Slits Bottom Panel,Yes 5000 Envelopes A2
Majestic,Silk,4.25 x 11,Vertical,Rectangle,16PT C2S,Spot UV,Silk,Spot UV Front,4/0 (4 color front),500,Score in Half,Moon Slits Right Panel,Yes 5000 Envelopes A2
Majestic,Silk,4.25 x 11,Horizontal,Rectangle,16PT C2S,Spot UV,Silk,Spot UV Front,4/0 (4 color front),1000,Score in Half,Moon Slits Right Panel,Yes 5000 Envelopes A2
Majestic,Silk,4.25 x 11,Horizontal,Rectangle,16PT C2S,Spot UV,Silk,Spot UV Front,4/0 (4 color front),500,Score in Half,Moon Slits Right Panel,Yes 5000 Envelopes A2
Majestic,Silk,5.5 x 8.5,Horizontal,Rectangle,16PT C2S,Spot UV,Silk,Spot UV Front,4/0 (4 color front),500,Score in Half,Moon Slits Right Panel,Yes 5000 Envelopes A2
Majestic,Silk,5.5 x 8.5,Vertical,Rectangle,16PT C2S,Spot UV,Silk,Spot UV Front,4/0 (4 color front),500,Score in Half,Moon Slits Right Panel,Yes 5000 Envelopes A2
Majestic,Silk,5.5 x 8.5,Horizontal,Rectangle,16PT C2S,Spot UV,Silk,Spot UV Front,4/0 (4 color front),1000,Score in Half,Moon Slits Right Panel,Yes 5000 Envelopes A2
Majestic,Silk,4.25 x 11,Vertical,Rectangle,16PT C2S,Spot UV,Silk,Spot UV Front,4/0 (4 color front),1000,Score in Half,Moon Slits Right Panel,Yes 5000 Envelopes A2
Majestic,Silk,5.5 x 8.5,Vertical,Rectangle,16PT C2S,Spot UV,Silk,Spot UV Front,4/0 (4 color front),1000,Score in Half,Moon Slits Right Panel,Yes 5000 Envelopes A2
Majestic,Silk,4.25 x 11,Horizontal,Rectangle,16PT C2S,Spot UV,Silk,Spot UV Front,4/0 (4 color front),2500,Score in Half,Moon Slits Right Panel,Yes 5000 Envelopes A2
Majestic,Silk,5.5 x 8.5,Horizontal,Rectangle,16PT C2S,Spot UV,Silk,Spot UV Front,4/0 (4 color front),2500,Score in Half,Moon Slits Right Panel,Yes 5000 Envelopes A2
Majestic,Silk,4.25 x 11,Vertical,Rectangle,16PT C2S,Spot UV,Silk,Spot UV Front,4/0 (4 color front),2500,Score in Half,Moon Slits Right Panel,Yes 5000 Envelopes A2
Majestic,Silk,5.5 x 8.5,Vertical,Rectangle,16PT C2S,Spot UV,Silk,Spot UV Front,4/0 (4 color front),2500,Score in Half,Moon Slits Right Panel,Yes 5000 Envelopes A2
Majestic,Silk,4.25 x 11,Horizontal,Rectangle,16PT C2S,Spot UV,Silk,Spot UV Front,4/0 (4 color front),5000,Score in Half,Moon Slits Right Panel,Yes 5000 Envelopes A2
Majestic,Silk,5.5 x 8.5,Horizontal,Rectangle,16PT C2S,Spot UV,Silk,Spot UV Front,4/0 (4 color front),5000,Score in Half,Moon Slits Right Panel,Yes 5000 Envelopes A2
Majestic,Silk,4.25 x 11,Vertical,Rectangle,16PT C2S,Spot UV,Silk,Spot UV Front,4/0 (4 color front),5000,Score in Half,Moon Slits Right Panel,Yes 5000 Envelopes A2
Majestic,Silk,5.5 x 8.5,Vertical,Rectangle,16PT C2S,Spot UV,Silk,Spot UV Front,4/0 (4 color front),5000,Score in Half,Moon Slits Right Panel,Yes 5000 Envelopes A2
Majestic,Silk,4.25 x 11,Horizontal,Rectangle,16PT C2S,Spot UV,Silk,Spot UV Front,4/0 (4 color front),10000,Score in Half,Moon Slits Right Panel,Yes 5000 Envelopes A2
Majestic,Silk,5.5 x 8.5,Horizontal,Rectangle,16PT C2S,Spot UV,Silk,Spot UV Front,4/0 (4 color front),10000,Score in Half,Moon Slits Right Panel,Yes 5000 Envelopes A2
Majestic,Silk,4.25 x 11,Vertical,Rectangle,16PT C2S,Spot UV,Silk,Spot UV Front,4/0 (4 color front),10000,Score in Half,Moon Slits Right Panel,Yes 5000 Envelopes A2
Majestic,Silk,5.5 x 8.5,Vertical,Rectangle,16PT C2S,Spot UV,Silk,Spot UV Front,4/0 (4 color front),10000,Score in Half,Moon Slits Right Panel,Yes 5000 Envelopes A2
Majestic,Silk,4.25 x 11,Horizontal,Rectangle,16PT C2S,Spot UV,Silk,Spot UV Front,4/0 (4 color front),500,Score in Half,No Gift Cards Slits,Yes 5000 Envelopes A2
Majestic,Silk,5.5 x 8.5,Horizontal,Rectangle,16PT C2S,Spot UV,Silk,Spot UV Front,4/0 (4 color front),500,Score in Half,No Gift Cards Slits,Yes 5000 Envelopes A2
Majestic,Silk,4.25 x 11,Vertical,Rectangle,16PT C2S,Spot UV,Silk,Spot UV Front,4/0 (4 color front),500,Score in Half,No Gift Cards Slits,Yes 5000 Envelopes A2
Majestic,Silk,5.5 x 8.5,Vertical,Rectangle,16PT C2S,Spot UV,Silk,Spot UV Front,4/0 (4 color front),500,Score in Half,No Gift Cards Slits,Yes 5000 Envelopes A2
Majestic,Silk,4.25 x 11,Horizontal,Rectangle,16PT C2S,Spot UV,Silk,Spot UV Front,4/0 (4 color front),1000,Score in Half,No Gift Cards Slits,Yes 5000 Envelopes A2
Majestic,Silk,5.5 x 8.5,Horizontal,Rectangle,16PT C2S,Spot UV,Silk,Spot UV Front,4/0 (4 color front),1000,Score in Half,No Gift Cards Slits,Yes 5000 Envelopes A2
Majestic,Silk,4.25 x 11,Vertical,Rectangle,16PT C2S,Spot UV,Silk,Spot UV Front,4/0 (4 color front),1000,Score in Half,No Gift Cards Slits,Yes 5000 Envelopes A2
Majestic,Silk,5.5 x 8.5,Vertical,Rectangle,16PT C2S,Spot UV,Silk,Spot UV Front,4/0 (4 color front),1000,Score in Half,No Gift Cards Slits,Yes 5000 Envelopes A2
Majestic,Silk,4.25 x 11,Horizontal,Rectangle,16PT C2S,Spot UV,Silk,Spot UV Front,4/0 (4 color front),2500,Score in Half,No Gift Cards Slits,Yes 5000 Envelopes A2
Majestic,Silk,5.5 x 8.5,Horizontal,Rectangle,16PT C2S,Spot UV,Silk,Spot UV Front,4/0 (4 color front),2500,Score in Half,No Gift Cards Slits,Yes 5000 Envelopes A2
Majestic,Silk,4.25 x 11,Vertical,Rectangle,16PT C2S,Spot UV,Silk,Spot UV Front,4/0 (4 color front),2500,Score in Half,No Gift Cards Slits,Yes 5000 Envelopes A2
Majestic,Silk,5.5 x 8.5,Vertical,Rectangle,16PT C2S,Spot UV,Silk,Spot UV Front,4/0 (4 color front),2500,Score in Half,No Gift Cards Slits,Yes 5000 Envelopes A2
Majestic,Silk,4.25 x 11,Horizontal,Rectangle,16PT C2S,Spot UV,Silk,Spot UV Front,4/0 (4 color front),5000,Score in Half,No Gift Cards Slits,Yes 5000 Envelopes A2
Majestic,Silk,5.5 x 8.5,Horizontal,Rectangle,16PT C2S,Spot UV,Silk,Spot UV Front,4/0 (4 color front),5000,Score in Half,No Gift Cards Slits,Yes 5000 Envelopes A2
Majestic,Silk,4.25 x 11,Vertical,Rectangle,16PT C2S,Spot UV,Silk,Spot UV Front,4/0 (4 color front),5000,Score in Half,No Gift Cards Slits,Yes 5000 Envelopes A2
Majestic,Silk,5.5 x 8.5,Vertical,Rectangle,16PT C2S,Spot UV,Silk,Spot UV Front,4/0 (4 color front),5000,Score in Half,No Gift Cards Slits,Yes 5000 Envelopes A2
Majestic,Silk,4.25 x 11,Horizontal,Rectangle,16PT C2S,Spot UV,Silk,Spot UV Front,4/0 (4 color front),10000,Score in Half,No Gift Cards Slits,Yes 5000 Envelopes A2
Majestic,Silk,4.25 x 11,Vertical,Rectangle,16PT C2S,Spot UV,Silk,Spot UV Front,4/0 (4 color front),10000,Score in Half,No Gift Cards Slits,Yes 5000 Envelopes A2
Majestic,Silk,5.5 x 8.5,Horizontal,Rectangle,16PT C2S,Spot UV,Silk,Spot UV Front,4/0 (4 color front),10000,Score in Half,No Gift Cards Slits,Yes 5000 Envelopes A2
Majestic,Silk,5.5 x 8.5,Vertical,Rectangle,16PT C2S,Spot UV,Silk,Spot UV Front,4/0 (4 color front),10000,Score in Half,No Gift Cards Slits,Yes 5000 Envelopes A2
Majestic,Silk,4.25 x 11,Horizontal,Rectangle,16PT C2S,Spot UV,Silk,Spot UV Front,4/0 (4 color front),500,Score in Half,Slide Slits Bottom Panel,Yes 5000 Envelopes A2
Majestic,Silk,4.25 x 11,Vertical,Rectangle,16PT C2S,Spot UV,Silk,Spot UV Front,4/0 (4 color front),500,Score in Half,Slide Slits Bottom Panel,Yes 5000 Envelopes A2
Majestic,Silk,5.5 x 8.5,Horizontal,Rectangle,16PT C2S,Spot UV,Silk,Spot UV Front,4/0 (4 color front),500,Score in Half,Slide Slits Bottom Panel,Yes 5000 Envelopes A2
Majestic,Silk,5.5 x 8.5,Vertical,Rectangle,16PT C2S,Spot UV,Silk,Spot UV Front,4/0 (4 color front),500,Score in Half,Slide Slits Bottom Panel,Yes 5000 Envelopes A2
Majestic,Silk,4.25 x 11,Horizontal,Rectangle,16PT C2S,Spot UV,Silk,Spot UV Front,4/0 (4 color front),1000,Score in Half,Slide Slits Bottom Panel,Yes 5000 Envelopes A2
Majestic,Silk,5.5 x 8.5,Horizontal,Rectangle,16PT C2S,Spot UV,Silk,Spot UV Front,4/0 (4 color front),1000,Score in Half,Slide Slits Bottom Panel,Yes 5000 Envelopes A2
Majestic,Silk,4.25 x 11,Vertical,Rectangle,16PT C2S,Spot UV,Silk,Spot UV Front,4/0 (4 color front),1000,Score in Half,Slide Slits Bottom Panel,Yes 5000 Envelopes A2
Majestic,Silk,4.25 x 11,Horizontal,Rectangle,16PT C2S,Spot UV,Silk,Spot UV Front,4/0 (4 color front),2500,Score in Half,Slide Slits Bottom Panel,Yes 5000 Envelopes A2
Majestic,Silk,5.5 x 8.5,Vertical,Rectangle,16PT C2S,Spot UV,Silk,Spot UV Front,4/0 (4 color front),1000,Score in Half,Slide Slits Bottom Panel,Yes 5000 Envelopes A2
Majestic,Silk,5.5 x 8.5,Horizontal,Rectangle,16PT C2S,Spot UV,Silk,Spot UV Front,4/0 (4 color front),2500,Score in Half,Slide Slits Bottom Panel,Yes 5000 Envelopes A2
Majestic,Silk,4.25 x 11,Vertical,Rectangle,16PT C2S,Spot UV,Silk,Spot UV Front,4/0 (4 color front),2500,Score in Half,Slide Slits Bottom Panel,Yes 5000 Envelopes A2
Majestic,Silk,5.5 x 8.5,Vertical,Rectangle,16PT C2S,Spot UV,Silk,Spot UV Front,4/0 (4 color front),2500,Score in Half,Slide Slits Bottom Panel,Yes 5000 Envelopes A2
Majestic,Silk,4.25 x 11,Horizontal,Rectangle,16PT C2S,Spot UV,Silk,Spot UV Front,4/0 (4 color front),5000,Score in Half,Slide Slits Bottom Panel,Yes 5000 Envelopes A2
Majestic,Silk,5.5 x 8.5,Horizontal,Rectangle,16PT C2S,Spot UV,Silk,Spot UV Front,4/0 (4 color front),5000,Score in Half,Slide Slits Bottom Panel,Yes 5000 Envelopes A2
Majestic,Silk,4.25 x 11,Vertical,Rectangle,16PT C2S,Spot UV,Silk,Spot UV Front,4/0 (4 color front),5000,Score in Half,Slide Slits Bottom Panel,Yes 5000 Envelopes A2
Majestic,Silk,5.5 x 8.5,Vertical,Rectangle,16PT C2S,Spot UV,Silk,Spot UV Front,4/0 (4 color front),5000,Score in Half,Slide Slits Bottom Panel,Yes 5000 Envelopes A2
Majestic,Silk,4.25 x 11,Horizontal,Rectangle,16PT C2S,Spot UV,Silk,Spot UV Front,4/0 (4 color front),10000,Score in Half,Slide Slits Bottom Panel,Yes 5000 Envelopes A2
Majestic,Silk,5.5 x 8.5,Horizontal,Rectangle,16PT C2S,Spot UV,Silk,Spot UV Front,4/0 (4 color front),10000,Score in Half,Slide Slits Bottom Panel,Yes 5000 Envelopes A2
Majestic,Silk,4.25 x 11,Vertical,Rectangle,16PT C2S,Spot UV,Silk,Spot UV Front,4/0 (4 color front),10000,Score in Half,Slide Slits Bottom Panel,Yes 5000 Envelopes A2
Majestic,Silk,5.5 x 8.5,Vertical,Rectangle,16PT C2S,Spot UV,Silk,Spot UV Front,4/0 (4 color front),10000,Score in Half,Slide Slits Bottom Panel,Yes 5000 Envelopes A2
Majestic,Silk,4.25 x 11,Horizontal,Rectangle,16PT C2S,Spot UV,Silk,Spot UV Front,4/0 (4 color front),500,Score in Half,Slide Slits Right Panel,Yes 5000 Envelopes A2
Majestic,Silk,5.5 x 8.5,Horizontal,Rectangle,16PT C2S,Spot UV,Silk,Spot UV Front,4/0 (4 color front),500,Score in Half,Slide Slits Right Panel,Yes 5000 Envelopes A2
Majestic,Silk,4.25 x 11,Vertical,Rectangle,16PT C2S,Spot UV,Silk,Spot UV Front,4/0 (4 color front),500,Score in Half,Slide Slits Right Panel,Yes 5000 Envelopes A2
Majestic,Silk,5.5 x 8.5,Vertical,Rectangle,16PT C2S,Spot UV,Silk,Spot UV Front,4/0 (4 color front),500,Score in Half,Slide Slits Right Panel,Yes 5000 Envelopes A2
Majestic,Silk,4.25 x 11,Horizontal,Rectangle,16PT C2S,Spot UV,Silk,Spot UV Front,4/0 (4 color front),1000,Score in Half,Slide Slits Right Panel,Yes 5000 Envelopes A2
Majestic,Silk,5.5 x 8.5,Horizontal,Rectangle,16PT C2S,Spot UV,Silk,Spot UV Front,4/0 (4 color front),1000,Score in Half,Slide Slits Right Panel,Yes 5000 Envelopes A2
Majestic,Silk,4.25 x 11,Vertical,Rectangle,16PT C2S,Spot UV,Silk,Spot UV Front,4/0 (4 color front),1000,Score in Half,Slide Slits Right Panel,Yes 5000 Envelopes A2
Majestic,Silk,5.5 x 8.5,Vertical,Rectangle,16PT C2S,Spot UV,Silk,Spot UV Front,4/0 (4 color front),1000,Score in Half,Slide Slits Right Panel,Yes 5000 Envelopes A2
Majestic,Silk,4.25 x 11,Horizontal,Rectangle,16PT C2S,Spot UV,Silk,Spot UV Front,4/0 (4 color front),2500,Score in Half,Slide Slits Right Panel,Yes 5000 Envelopes A2
Majestic,Silk,5.5 x 8.5,Horizontal,Rectangle,16PT C2S,Spot UV,Silk,Spot UV Front,4/0 (4 color front),2500,Score in Half,Slide Slits Right Panel,Yes 5000 Envelopes A2
Majestic,Silk,4.25 x 11,Vertical,Rectangle,16PT C2S,Spot UV,Silk,Spot UV Front,4/0 (4 color front),2500,Score in Half,Slide Slits Right Panel,Yes 5000 Envelopes A2
Majestic,Silk,5.5 x 8.5,Vertical,Rectangle,16PT C2S,Spot UV,Silk,Spot UV Front,4/0 (4 color front),2500,Score in Half,Slide Slits Right Panel,Yes 5000 Envelopes A2
Majestic,Silk,4.25 x 11,Horizontal,Rectangle,16PT C2S,Spot UV,Silk,Spot UV Front,4/0 (4 color front),5000,Score in Half,Slide Slits Right Panel,Yes 5000 Envelopes A2
Majestic,Silk,5.5 x 8.5,Horizontal,Rectangle,16PT C2S,Spot UV,Silk,Spot UV Front,4/0 (4 color front),5000,Score in Half,Slide Slits Right Panel,Yes 5000 Envelopes A2
Majestic,Silk,4.25 x 11,Vertical,Rectangle,16PT C2S,Spot UV,Silk,Spot UV Front,4/0 (4 color front),5000,Score in Half,Slide Slits Right Panel,Yes 5000 Envelopes A2
Majestic,Silk,5.5 x 8.5,Vertical,Rectangle,16PT C2S,Spot UV,Silk,Spot UV Front,4/0 (4 color front),5000,Score in Half,Slide Slits Right Panel,Yes 5000 Envelopes A2
Majestic,Silk,4.25 x 11,Horizontal,Rectangle,16PT C2S,Spot UV,Silk,Spot UV Front,4/0 (4 color front),10000,Score in Half,Slide Slits Right Panel,Yes 5000 Envelopes A2
Majestic,Silk,5.5 x 8.5,Horizontal,Rectangle,16PT C2S,Spot UV,Silk,Spot UV Front,4/0 (4 color front),10000,Score in Half,Slide Slits Right Panel,Yes 5000 Envelopes A2
Majestic,Silk,4.25 x 11,Vertical,Rectangle,16PT C2S,Spot UV,Silk,Spot UV Front,4/0 (4 color front),10000,Score in Half,Slide Slits Right Panel,Yes 5000 Envelopes A2
Majestic,Silk,5.5 x 8.5,Vertical,Rectangle,16PT C2S,Spot UV,Silk,Spot UV Front,4/0 (4 color front),10000,Score in Half,Slide Slits Right Panel,Yes 5000 Envelopes A2
Majestic,Silk,4.25 x 11,Horizontal,Rectangle,16PT C2S,Spot UV,Silk,Spot UV Front,4/0 (4 color front),500,Score in Half,Moon Slits Bottom Panel,Yes 10000 Envelopes A2
Majestic,Silk,5.5 x 8.5,Horizontal,Rectangle,16PT C2S,Spot UV,Silk,Spot UV Front,4/0 (4 color front),500,Score in Half,Moon Slits Bottom Panel,Yes 10000 Envelopes A2
Majestic,Silk,4.25 x 11,Vertical,Rectangle,16PT C2S,Spot UV,Silk,Spot UV Front,4/0 (4 color front),500,Score in Half,Moon Slits Bottom Panel,Yes 10000 Envelopes A2
Majestic,Silk,5.5 x 8.5,Vertical,Rectangle,16PT C2S,Spot UV,Silk,Spot UV Front,4/0 (4 color front),500,Score in Half,Moon Slits Bottom Panel,Yes 10000 Envelopes A2
Majestic,Silk,4.25 x 11,Horizontal,Rectangle,16PT C2S,Spot UV,Silk,Spot UV Front,4/0 (4 color front),1000,Score in Half,Moon Slits Bottom Panel,Yes 10000 Envelopes A2
Majestic,Silk,5.5 x 8.5,Horizontal,Rectangle,16PT C2S,Spot UV,Silk,Spot UV Front,4/0 (4 color front),1000,Score in Half,Moon Slits Bottom Panel,Yes 10000 Envelopes A2
Majestic,Silk,4.25 x 11,Vertical,Rectangle,16PT C2S,Spot UV,Silk,Spot UV Front,4/0 (4 color front),1000,Score in Half,Moon Slits Bottom Panel,Yes 10000 Envelopes A2
Majestic,Silk,5.5 x 8.5,Vertical,Rectangle,16PT C2S,Spot UV,Silk,Spot UV Front,4/0 (4 color front),1000,Score in Half,Moon Slits Bottom Panel,Yes 10000 Envelopes A2
Majestic,Silk,4.25 x 11,Horizontal,Rectangle,16PT C2S,Spot UV,Silk,Spot UV Front,4/0 (4 color front),2500,Score in Half,Moon Slits Bottom Panel,Yes 10000 Envelopes A2
Majestic,Silk,5.5 x 8.5,Horizontal,Rectangle,16PT C2S,Spot UV,Silk,Spot UV Front,4/0 (4 color front),2500,Score in Half,Moon Slits Bottom Panel,Yes 10000 Envelopes A2
Majestic,Silk,4.25 x 11,Vertical,Rectangle,16PT C2S,Spot UV,Silk,Spot UV Front,4/0 (4 color front),2500,Score in Half,Moon Slits Bottom Panel,Yes 10000 Envelopes A2
Majestic,Silk,5.5 x 8.5,Vertical,Rectangle,16PT C2S,Spot UV,Silk,Spot UV Front,4/0 (4 color front),2500,Score in Half,Moon Slits Bottom Panel,Yes 10000 Envelopes A2
Majestic,Silk,4.25 x 11,Horizontal,Rectangle,16PT C2S,Spot UV,Silk,Spot UV Front,4/0 (4 color front),5000,Score in Half,Moon Slits Bottom Panel,Yes 10000 Envelopes A2
Majestic,Silk,5.5 x 8.5,Horizontal,Rectangle,16PT C2S,Spot UV,Silk,Spot UV Front,4/0 (4 color front),5000,Score in Half,Moon Slits Bottom Panel,Yes 10000 Envelopes A2
Majestic,Silk,4.25 x 11,Vertical,Rectangle,16PT C2S,Spot UV,Silk,Spot UV Front,4/0 (4 color front),5000,Score in Half,Moon Slits Bottom Panel,Yes 10000 Envelopes A2
Majestic,Silk,5.5 x 8.5,Vertical,Rectangle,16PT C2S,Spot UV,Silk,Spot UV Front,4/0 (4 color front),5000,Score in Half,Moon Slits Bottom Panel,Yes 10000 Envelopes A2
Majestic,Silk,4.25 x 11,Horizontal,Rectangle,16PT C2S,Spot UV,Silk,Spot UV Front,4/0 (4 color front),10000,Score in Half,Moon Slits Bottom Panel,Yes 10000 Envelopes A2
Majestic,Silk,5.5 x 8.5,Horizontal,Rectangle,16PT C2S,Spot UV,Silk,Spot UV Front,4/0 (4 color front),10000,Score in Half,Moon Slits Bottom Panel,Yes 10000 Envelopes A2
Majestic,Silk,4.25 x 11,Vertical,Rectangle,16PT C2S,Spot UV,Silk,Spot UV Front,4/0 (4 color front),10000,Score in Half,Moon Slits Bottom Panel,Yes 10000 Envelopes A2
Majestic,Silk,5.5 x 8.5,Vertical,Rectangle,16PT C2S,Spot UV,Silk,Spot UV Front,4/0 (4 color front),10000,Score in Half,Moon Slits Bottom Panel,Yes 10000 Envelopes A2
Majestic,Silk,4.25 x 11,Horizontal,Rectangle,16PT C2S,Spot UV,Silk,Spot UV Front,4/0 (4 color front),500,Score in Half,Moon Slits Right Panel,Yes 10000 Envelopes A2
Majestic,Silk,5.5 x 8.5,Horizontal,Rectangle,16PT C2S,Spot UV,Silk,Spot UV Front,4/0 (4 color front),500,Score in Half,Moon Slits Right Panel,Yes 10000 Envelopes A2
Majestic,Silk,4.25 x 11,Vertical,Rectangle,16PT C2S,Spot UV,Silk,Spot UV Front,4/0 (4 color front),500,Score in Half,Moon Slits Right Panel,Yes 10000 Envelopes A2
Majestic,Silk,4.25 x 11,Horizontal,Rectangle,16PT C2S,Spot UV,Silk,Spot UV Front,4/0 (4 color front),1000,Score in Half,Moon Slits Right Panel,Yes 10000 Envelopes A2
Majestic,Silk,5.5 x 8.5,Horizontal,Rectangle,16PT C2S,Spot UV,Silk,Spot UV Front,4/0 (4 color front),1000,Score in Half,Moon Slits Right Panel,Yes 10000 Envelopes A2
Majestic,Silk,4.25 x 11,Vertical,Rectangle,16PT C2S,Spot UV,Silk,Spot UV Front,4/0 (4 color front),1000,Score in Half,Moon Slits Right Panel,Yes 10000 Envelopes A2
Majestic,Silk,4.25 x 11,Horizontal,Rectangle,16PT C2S,Spot UV,Silk,Spot UV Front,4/0 (4 color front),2500,Score in Half,Moon Slits Right Panel,Yes 10000 Envelopes A2
Majestic,Silk,5.5 x 8.5,Vertical,Rectangle,16PT C2S,Spot UV,Silk,Spot UV Front,4/0 (4 color front),500,Score in Half,Moon Slits Right Panel,Yes 10000 Envelopes A2
Majestic,Silk,5.5 x 8.5,Horizontal,Rectangle,16PT C2S,Spot UV,Silk,Spot UV Front,4/0 (4 color front),2500,Score in Half,Moon Slits Right Panel,Yes 10000 Envelopes A2
Majestic,Silk,5.5 x 8.5,Vertical,Rectangle,16PT C2S,Spot UV,Silk,Spot UV Front,4/0 (4 color front),1000,Score in Half,Moon Slits Right Panel,Yes 10000 Envelopes A2
Majestic,Silk,4.25 x 11,Vertical,Rectangle,16PT C2S,Spot UV,Silk,Spot UV Front,4/0 (4 color front),2500,Score in Half,Moon Slits Right Panel,Yes 10000 Envelopes A2
Majestic,Silk,5.5 x 8.5,Vertical,Rectangle,16PT C2S,Spot UV,Silk,Spot UV Front,4/0 (4 color front),2500,Score in Half,Moon Slits Right Panel,Yes 10000 Envelopes A2
Majestic,Silk,4.25 x 11,Horizontal,Rectangle,16PT C2S,Spot UV,Silk,Spot UV Front,4/0 (4 color front),5000,Score in Half,Moon Slits Right Panel,Yes 10000 Envelopes A2
Majestic,Silk,5.5 x 8.5,Vertical,Rectangle,16PT C2S,Spot UV,Silk,Spot UV Front,4/0 (4 color front),5000,Score in Half,Moon Slits Right Panel,Yes 10000 Envelopes A2
Majestic,Silk,4.25 x 11,Vertical,Rectangle,16PT C2S,Spot UV,Silk,Spot UV Front,4/0 (4 color front),5000,Score in Half,Moon Slits Right Panel,Yes 10000 Envelopes A2
Majestic,Silk,4.25 x 11,Horizontal,Rectangle,16PT C2S,Spot UV,Silk,Spot UV Front,4/0 (4 color front),10000,Score in Half,Moon Slits Right Panel,Yes 10000 Envelopes A2
Majestic,Silk,5.5 x 8.5,Horizontal,Rectangle,16PT C2S,Spot UV,Silk,Spot UV Front,4/0 (4 color front),5000,Score in Half,Moon Slits Right Panel,Yes 10000 Envelopes A2
Majestic,Silk,5.5 x 8.5,Horizontal,Rectangle,16PT C2S,Spot UV,Silk,Spot UV Front,4/0 (4 color front),10000,Score in Half,Moon Slits Right Panel,Yes 10000 Envelopes A2
Majestic,Silk,5.5 x 8.5,Vertical,Rectangle,16PT C2S,Spot UV,Silk,Spot UV Front,4/0 (4 color front),10000,Score in Half,Moon Slits Right Panel,Yes 10000 Envelopes A2
Majestic,Silk,4.25 x 11,Vertical,Rectangle,16PT C2S,Spot UV,Silk,Spot UV Front,4/0 (4 color front),10000,Score in Half,Moon Slits Right Panel,Yes 10000 Envelopes A2
Majestic,Silk,5.5 x 8.5,Horizontal,Rectangle,16PT C2S,Spot UV,Silk,Spot UV Front,4/0 (4 color front),500,Score in Half,No Gift Cards Slits,Yes 10000 Envelopes A2
Majestic,Silk,4.25 x 11,Horizontal,Rectangle,16PT C2S,Spot UV,Silk,Spot UV Front,4/0 (4 color front),500,Score in Half,No Gift Cards Slits,Yes 10000 Envelopes A2
Majestic,Silk,4.25 x 11,Vertical,Rectangle,16PT C2S,Spot UV,Silk,Spot UV Front,4/0 (4 color front),500,Score in Half,No Gift Cards Slits,Yes 10000 Envelopes A2
Majestic,Silk,5.5 x 8.5,Vertical,Rectangle,16PT C2S,Spot UV,Silk,Spot UV Front,4/0 (4 color front),500,Score in Half,No Gift Cards Slits,Yes 10000 Envelopes A2
Majestic,Silk,4.25 x 11,Horizontal,Rectangle,16PT C2S,Spot UV,Silk,Spot UV Front,4/0 (4 color front),1000,Score in Half,No Gift Cards Slits,Yes 10000 Envelopes A2
Majestic,Silk,5.5 x 8.5,Horizontal,Rectangle,16PT C2S,Spot UV,Silk,Spot UV Front,4/0 (4 color front),1000,Score in Half,No Gift Cards Slits,Yes 10000 Envelopes A2
Majestic,Silk,4.25 x 11,Vertical,Rectangle,16PT C2S,Spot UV,Silk,Spot UV Front,4/0 (4 color front),1000,Score in Half,No Gift Cards Slits,Yes 10000 Envelopes A2
Majestic,Silk,5.5 x 8.5,Vertical,Rectangle,16PT C2S,Spot UV,Silk,Spot UV Front,4/0 (4 color front),1000,Score in Half,No Gift Cards Slits,Yes 10000 Envelopes A2
Majestic,Silk,4.25 x 11,Horizontal,Rectangle,16PT C2S,Spot UV,Silk,Spot UV Front,4/0 (4 color front),2500,Score in Half,No Gift Cards Slits,Yes 10000 Envelopes A2
Majestic,Silk,5.5 x 8.5,Horizontal,Rectangle,16PT C2S,Spot UV,Silk,Spot UV Front,4/0 (4 color front),2500,Score in Half,No Gift Cards Slits,Yes 10000 Envelopes A2
Majestic,Silk,4.25 x 11,Vertical,Rectangle,16PT C2S,Spot UV,Silk,Spot UV Front,4/0 (4 color front),2500,Score in Half,No Gift Cards Slits,Yes 10000 Envelopes A2
Majestic,Silk,5.5 x 8.5,Vertical,Rectangle,16PT C2S,Spot UV,Silk,Spot UV Front,4/0 (4 color front),2500,Score in Half,No Gift Cards Slits,Yes 10000 Envelopes A2
Majestic,Silk,4.25 x 11,Horizontal,Rectangle,16PT C2S,Spot UV,Silk,Spot UV Front,4/0 (4 color front),5000,Score in Half,No Gift Cards Slits,Yes 10000 Envelopes A2
Majestic,Silk,4.25 x 11,Vertical,Rectangle,16PT C2S,Spot UV,Silk,Spot UV Front,4/0 (4 color front),5000,Score in Half,No Gift Cards Slits,Yes 10000 Envelopes A2
Majestic,Silk,5.5 x 8.5,Horizontal,Rectangle,16PT C2S,Spot UV,Silk,Spot UV Front,4/0 (4 color front),5000,Score in Half,No Gift Cards Slits,Yes 10000 Envelopes A2
Majestic,Silk,5.5 x 8.5,Vertical,Rectangle,16PT C2S,Spot UV,Silk,Spot UV Front,4/0 (4 color front),5000,Score in Half,No Gift Cards Slits,Yes 10000 Envelopes A2
Majestic,Silk,4.25 x 11,Horizontal,Rectangle,16PT C2S,Spot UV,Silk,Spot UV Front,4/0 (4 color front),10000,Score in Half,No Gift Cards Slits,Yes 10000 Envelopes A2
Majestic,Silk,5.5 x 8.5,Horizontal,Rectangle,16PT C2S,Spot UV,Silk,Spot UV Front,4/0 (4 color front),10000,Score in Half,No Gift Cards Slits,Yes 10000 Envelopes A2
Majestic,Silk,4.25 x 11,Vertical,Rectangle,16PT C2S,Spot UV,Silk,Spot UV Front,4/0 (4 color front),10000,Score in Half,No Gift Cards Slits,Yes 10000 Envelopes A2
Majestic,Silk,4.25 x 11,Horizontal,Rectangle,16PT C2S,Spot UV,Silk,Spot UV Front,4/0 (4 color front),500,Score in Half,Slide Slits Bottom Panel,Yes 10000 Envelopes A2
Majestic,Silk,5.5 x 8.5,Horizontal,Rectangle,16PT C2S,Spot UV,Silk,Spot UV Front,4/0 (4 color front),500,Score in Half,Moon Slits Bottom Panel,Yes 5000 Envelopes A2
Majestic,Silk,5.5 x 8.5,Horizontal,Rectangle,16PT C2S,Spot UV,Silk,Spot UV Front,4/0 (4 color front),500,Score in Half,Slide Slits Bottom Panel,Yes 10000 Envelopes A2
Majestic,Silk,4.25 x 11,Vertical,Rectangle,16PT C2S,Spot UV,Silk,Spot UV Front,4/0 (4 color front),500,Score in Half,Slide Slits Bottom Panel,Yes 10000 Envelopes A2
Majestic,Silk,5.5 x 8.5,Vertical,Rectangle,16PT C2S,Spot UV,Silk,Spot UV Front,4/0 (4 color front),500,Score in Half,Slide Slits Bottom Panel,Yes 10000 Envelopes A2
Majestic,Silk,5.5 x 8.5,Horizontal,Rectangle,16PT C2S,Spot UV,Silk,Spot UV Front,4/0 (4 color front),1000,Score in Half,Slide Slits Right Panel,Yes 1000 Envelopes A2
Majestic,Silk,5.5 x 8.5,Horizontal,Rectangle,16PT C2S,Spot UV,Silk,Spot UV Front,4/0 (4 color front),1000,Score in Half,Slide Slits Bottom Panel,Yes 10000 Envelopes A2
Majestic,Silk,4.25 x 11,Horizontal,Rectangle,16PT C2S,Spot UV,Silk,Spot UV Front,4/0 (4 color front),5000,Score in Half,Slide Slits Right Panel,Yes 2500 Envelopes A2
Majestic,Silk,5.5 x 8.5,Vertical,Rectangle,16PT C2S,Spot UV,Silk,Spot UV Front,4/0 (4 color front),1000,Score in Half,Slide Slits Bottom Panel,Yes 10000 Envelopes A2
Majestic,Silk,4.25 x 11,Horizontal,Rectangle,16PT C2S,Spot UV,Silk,Spot UV Front,4/0 (4 color front),2500,Score in Half,Slide Slits Bottom Panel,Yes 10000 Envelopes A2
Majestic,Silk,5.5 x 8.5,Horizontal,Rectangle,16PT C2S,Spot UV,Silk,Spot UV Front,4/0 (4 color front),2500,Score in Half,Slide Slits Bottom Panel,Yes 10000 Envelopes A2
Majestic,Silk,4.25 x 11,Vertical,Rectangle,16PT C2S,Spot UV,Silk,Spot UV Front,4/0 (4 color front),2500,Score in Half,Slide Slits Bottom Panel,Yes 10000 Envelopes A2
Majestic,Silk,5.5 x 8.5,Vertical,Rectangle,16PT C2S,Spot UV,Silk,Spot UV Front,4/0 (4 color front),2500,Score in Half,Slide Slits Bottom Panel,Yes 10000 Envelopes A2
Majestic,Silk,4.25 x 11,Horizontal,Rectangle,16PT C2S,Spot UV,Silk,Spot UV Front,4/0 (4 color front),5000,Score in Half,Slide Slits Bottom Panel,Yes 10000 Envelopes A2
Majestic,Silk,5.5 x 8.5,Horizontal,Rectangle,16PT C2S,Spot UV,Silk,Spot UV Front,4/0 (4 color front),5000,Score in Half,Slide Slits Bottom Panel,Yes 10000 Envelopes A2
Majestic,Silk,4.25 x 11,Vertical,Rectangle,16PT C2S,Spot UV,Silk,Spot UV Front,4/0 (4 color front),5000,Score in Half,Slide Slits Bottom Panel,Yes 10000 Envelopes A2
Majestic,Silk,5.5 x 8.5,Vertical,Rectangle,16PT C2S,Spot UV,Silk,Spot UV Front,4/0 (4 color front),5000,Score in Half,Slide Slits Bottom Panel,Yes 10000 Envelopes A2
Majestic,Silk,4.25 x 11,Horizontal,Rectangle,16PT C2S,Spot UV,Silk,Spot UV Front,4/0 (4 color front),10000,Score in Half,Slide Slits Bottom Panel,Yes 10000 Envelopes A2
Majestic,Silk,5.5 x 8.5,Horizontal,Rectangle,16PT C2S,Spot UV,Silk,Spot UV Front,4/0 (4 color front),10000,Score in Half,Slide Slits Bottom Panel,Yes 10000 Envelopes A2
Majestic,Silk,4.25 x 11,Horizontal,Rectangle,16PT C2S,Spot UV,Silk,Spot UV Front,4/0 (4 color front),500,Score in Half,Slide Slits Right Panel,Yes 10000 Envelopes A2
Majestic,Silk,5.5 x 8.5,Horizontal,Rectangle,16PT C2S,Spot UV,Silk,Spot UV Front,4/0 (4 color front),500,Score in Half,Slide Slits Right Panel,Yes 10000 Envelopes A2
Majestic,Silk,4.25 x 11,Vertical,Rectangle,16PT C2S,Spot UV,Silk,Spot UV Front,4/0 (4 color front),500,Score in Half,Slide Slits Right Panel,Yes 10000 Envelopes A2
Majestic,Silk,5.5 x 8.5,Vertical,Rectangle,16PT C2S,Spot UV,Silk,Spot UV Front,4/0 (4 color front),10000,Score in Half,Slide Slits Bottom Panel,Yes 10000 Envelopes A2
Majestic,Silk,4.25 x 11,Vertical,Rectangle,16PT C2S,Spot UV,Silk,Spot UV Front,4/0 (4 color front),10000,Score in Half,Slide Slits Bottom Panel,Yes 10000 Envelopes A2
Majestic,Silk,5.5 x 8.5,Vertical,Rectangle,16PT C2S,Spot UV,Silk,Spot UV Front,4/0 (4 color front),500,Score in Half,Slide Slits Right Panel,Yes 10000 Envelopes A2
Majestic,Silk,4.25 x 11,Horizontal,Rectangle,16PT C2S,Spot UV,Silk,Spot UV Front,4/0 (4 color front),1000,Score in Half,Slide Slits Right Panel,Yes 10000 Envelopes A2
Majestic,Silk,4.25 x 11,Horizontal,Rectangle,16PT C2S,Spot UV,Silk,Spot UV Front,4/0 (4 color front),1000,Score in Half,Slide Slits Bottom Panel,Yes 10000 Envelopes A2
Majestic,Silk,5.5 x 8.5,Vertical,Rectangle,16PT C2S,Spot UV,Silk,Spot UV Front,4/0 (4 color front),1000,Score in Half,Slide Slits Right Panel,Yes 10000 Envelopes A2
Majestic,Silk,4.25 x 11,Vertical,Rectangle,16PT C2S,Spot UV,Silk,Spot UV Front,4/0 (4 color front),1000,Score in Half,Slide Slits Right Panel,Yes 10000 Envelopes A2
Majestic,Silk,4.25 x 11,Horizontal,Rectangle,16PT C2S,Spot UV,Silk,Spot UV Front,4/0 (4 color front),2500,Score in Half,Slide Slits Right Panel,Yes 10000 Envelopes A2
Majestic,Silk,5.5 x 8.5,Vertical,Rectangle,16PT C2S,Spot UV,Silk,Spot UV Front,4/0 (4 color front),2500,Score in Half,Slide Slits Right Panel,Yes 10000 Envelopes A2
Majestic,Silk,5.5 x 8.5,Horizontal,Rectangle,16PT C2S,Spot UV,Silk,Spot UV Front,4/0 (4 color front),2500,Score in Half,Slide Slits Right Panel,Yes 10000 Envelopes A2
Majestic,Silk,5.5 x 8.5,Horizontal,Rectangle,16PT C2S,Spot UV,Silk,Spot UV Front,4/0 (4 color front),5000,Score in Half,Slide Slits Right Panel,Yes 10000 Envelopes A2
Majestic,Silk,4.25 x 11,Horizontal,Rectangle,16PT C2S,Spot UV,Silk,Spot UV Front,4/0 (4 color front),5000,Score in Half,Slide Slits Right Panel,Yes 10000 Envelopes A2
Majestic,Silk,5.5 x 8.5,Vertical,Rectangle,16PT C2S,Spot UV,Silk,Spot UV Front,4/0 (4 color front),5000,Score in Half,Slide Slits Right Panel,Yes 10000 Envelopes A2
Majestic,Silk,4.25 x 11,Horizontal,Rectangle,16PT C2S,Spot UV,Silk,Spot UV Front,4/0 (4 color front),10000,Score in Half,Slide Slits Right Panel,Yes 10000 Envelopes A2
Majestic,Silk,4.25 x 11,Vertical,Rectangle,16PT C2S,Spot UV,Silk,Spot UV Front,4/0 (4 color front),1000,Score in Half,Slide Slits Bottom Panel,Yes 10000 Envelopes A2
Majestic,Silk,5.5 x 8.5,Horizontal,Rectangle,16PT C2S,Spot UV,Silk,Spot UV Front,4/0 (4 color front),10000,Score in Half,Slide Slits Right Panel,Yes 10000 Envelopes A2
Majestic,Silk,4.25 x 11,Vertical,Rectangle,16PT C2S,Spot UV,Silk,Spot UV Front,4/0 (4 color front),10000,Score in Half,Slide Slits Right Panel,Yes 10000 Envelopes A2
Majestic,Silk,4.25 x 11,Vertical,Rectangle,16PT C2S,Spot UV,Silk,Spot UV Front,4/0 (4 color front),5000,Score in Half,Slide Slits Right Panel,Yes 10000 Envelopes A2
Majestic,Silk,4.25 x 11,Vertical,Rectangle,16PT C2S,Spot UV,Silk,Spot UV Front,4/0 (4 color front),2500,Score in Half,Slide Slits Right Panel,Yes 10000 Envelopes A2
Majestic,Silk,6 x 9,Horizontal,Rectangle,16PT C2S,Spot UV,Silk,Spot UV Front,4/1,500,Score in Half,Moon Slits Bottom Panel,Yes 500 Envelopes A6
Majestic,Silk,6 x 9,Vertical,Rectangle,16PT C2S,Spot UV,Silk,Spot UV Front,4/1,500,Score in Half,Moon Slits Bottom Panel,Yes 500 Envelopes A6
Majestic,Silk,6 x 9,Vertical,Rectangle,16PT C2S,Spot UV,Silk,Spot UV Back,4/1,500,Score in Half,Moon Slits Bottom Panel,Yes 500 Envelopes A6
Majestic,Silk,6 x 9,Horizontal,Rectangle,16PT C2S,Spot UV,Silk,Spot UV Back,4/1,500,Score in Half,Moon Slits Bottom Panel,Yes 500 Envelopes A6
Majestic,Silk,6 x 9,Vertical,Rectangle,16PT C2S,Spot UV,Silk,Spot UV Both Sides,4/1,500,Score in Half,Moon Slits Bottom Panel,Yes 500 Envelopes A6
Majestic,Silk,6 x 9,Horizontal,Rectangle,16PT C2S,Spot UV,Silk,Spot UV Front,4/4 (4 color both sides),500,Score in Half,Moon Slits Bottom Panel,Yes 500 Envelopes A6
Majestic,Silk,6 x 9,Vertical,Rectangle,16PT C2S,Spot UV,Silk,Spot UV Front,4/4 (4 color both sides),500,Score in Half,Moon Slits Bottom Panel,Yes 500 Envelopes A6
Majestic,Silk,6 x 9,Horizontal,Rectangle,16PT C2S,Spot UV,Silk,Spot UV Back,4/4 (4 color both sides),500,Score in Half,Moon Slits Bottom Panel,Yes 500 Envelopes A6
Majestic,Silk,6 x 9,Vertical,Rectangle,16PT C2S,Spot UV,Silk,Spot UV Back,4/4 (4 color both sides),500,Score in Half,Moon Slits Bottom Panel,Yes 500 Envelopes A6
Majestic,Silk,6 x 9,Horizontal,Rectangle,16PT C2S,Spot UV,Silk,Spot UV Both Sides,4/1,500,Score in Half,Moon Slits Bottom Panel,Yes 500 Envelopes A6
Majestic,Silk,6 x 9,Horizontal,Rectangle,16PT C2S,Spot UV,Silk,Spot UV Front,4/1,1000,Score in Half,Moon Slits Bottom Panel,Yes 500 Envelopes A6
Majestic,Silk,6 x 9,Horizontal,Rectangle,16PT C2S,Spot UV,Silk,Spot UV Both Sides,4/4 (4 color both sides),500,Score in Half,Moon Slits Bottom Panel,Yes 500 Envelopes A6
Majestic,Silk,6 x 9,Vertical,Rectangle,16PT C2S,Spot UV,Silk,Spot UV Front,4/1,1000,Score in Half,Moon Slits Bottom Panel,Yes 500 Envelopes A6
Majestic,Silk,6 x 9,Vertical,Rectangle,16PT C2S,Spot UV,Silk,Spot UV Back,4/1,1000,Score in Half,Moon Slits Bottom Panel,Yes 500 Envelopes A6
Majestic,Silk,6 x 9,Vertical,Rectangle,16PT C2S,Spot UV,Silk,Spot UV Both Sides,4/4 (4 color both sides),500,Score in Half,Moon Slits Bottom Panel,Yes 500 Envelopes A6
Majestic,Silk,6 x 9,Horizontal,Rectangle,16PT C2S,Spot UV,Silk,Spot UV Back,4/1,1000,Score in Half,Moon Slits Bottom Panel,Yes 500 Envelopes A6
Majestic,Silk,6 x 9,Vertical,Rectangle,16PT C2S,Spot UV,Silk,Spot UV Both Sides,4/1,1000,Score in Half,Moon Slits Bottom Panel,Yes 500 Envelopes A6
Majestic,Silk,6 x 9,Horizontal,Rectangle,16PT C2S,Spot UV,Silk,Spot UV Both Sides,4/1,1000,Score in Half,Moon Slits Bottom Panel,Yes 500 Envelopes A6
Majestic,Silk,6 x 9,Horizontal,Rectangle,16PT C2S,Spot UV,Silk,Spot UV Back,4/4 (4 color both sides),1000,Score in Half,Moon Slits Bottom Panel,Yes 500 Envelopes A6
Majestic,Silk,6 x 9,Horizontal,Rectangle,16PT C2S,Spot UV,Silk,Spot UV Front,4/4 (4 color both sides),1000,Score in Half,Moon Slits Bottom Panel,Yes 500 Envelopes A6
Majestic,Silk,6 x 9,Vertical,Rectangle,16PT C2S,Spot UV,Silk,Spot UV Front,4/4 (4 color both sides),1000,Score in Half,Moon Slits Bottom Panel,Yes 500 Envelopes A6
Majestic,Silk,6 x 9,Horizontal,Rectangle,16PT C2S,Spot UV,Silk,Spot UV Both Sides,4/4 (4 color both sides),1000,Score in Half,Moon Slits Bottom Panel,Yes 500 Envelopes A6
Majestic,Silk,6 x 9,Vertical,Rectangle,16PT C2S,Spot UV,Silk,Spot UV Back,4/4 (4 color both sides),1000,Score in Half,Moon Slits Bottom Panel,Yes 500 Envelopes A6
Majestic,Silk,6 x 9,Vertical,Rectangle,16PT C2S,Spot UV,Silk,Spot UV Both Sides,4/4 (4 color both sides),1000,Score in Half,Moon Slits Bottom Panel,Yes 500 Envelopes A6
Majestic,Silk,6 x 9,Horizontal,Rectangle,16PT C2S,Spot UV,Silk,Spot UV Front,4/1,2500,Score in Half,Moon Slits Bottom Panel,Yes 500 Envelopes A6
Majestic,Silk,6 x 9,Vertical,Rectangle,16PT C2S,Spot UV,Silk,Spot UV Front,4/1,2500,Score in Half,Moon Slits Bottom Panel,Yes 500 Envelopes A6
Majestic,Silk,6 x 9,Horizontal,Rectangle,16PT C2S,Spot UV,Silk,Spot UV Back,4/1,2500,Score in Half,Moon Slits Bottom Panel,Yes 500 Envelopes A6
Majestic,Silk,6 x 9,Horizontal,Rectangle,16PT C2S,Spot UV,Silk,Spot UV Both Sides,4/1,2500,Score in Half,Moon Slits Bottom Panel,Yes 500 Envelopes A6
Majestic,Silk,6 x 9,Vertical,Rectangle,16PT C2S,Spot UV,Silk,Spot UV Both Sides,4/1,2500,Score in Half,Moon Slits Bottom Panel,Yes 500 Envelopes A6
Majestic,Silk,6 x 9,Horizontal,Rectangle,16PT C2S,Spot UV,Silk,Spot UV Front,4/4 (4 color both sides),2500,Score in Half,Moon Slits Bottom Panel,Yes 500 Envelopes A6
Majestic,Silk,6 x 9,Vertical,Rectangle,16PT C2S,Spot UV,Silk,Spot UV Back,4/1,2500,Score in Half,Moon Slits Bottom Panel,Yes 500 Envelopes A6
Majestic,Silk,6 x 9,Vertical,Rectangle,16PT C2S,Spot UV,Silk,Spot UV Front,4/4 (4 color both sides),2500,Score in Half,Moon Slits Bottom Panel,Yes 500 Envelopes A6
Majestic,Silk,6 x 9,Horizontal,Rectangle,16PT C2S,Spot UV,Silk,Spot UV Back,4/4 (4 color both sides),2500,Score in Half,Moon Slits Bottom Panel,Yes 500 Envelopes A6
Majestic,Silk,6 x 9,Vertical,Rectangle,16PT C2S,Spot UV,Silk,Spot UV Back,4/4 (4 color both sides),2500,Score in Half,Moon Slits Bottom Panel,Yes 500 Envelopes A6
Majestic,Silk,6 x 9,Horizontal,Rectangle,16PT C2S,Spot UV,Silk,Spot UV Both Sides,4/4 (4 color both sides),2500,Score in Half,Moon Slits Bottom Panel,Yes 500 Envelopes A6
Majestic,Silk,6 x 9,Vertical,Rectangle,16PT C2S,Spot UV,Silk,Spot UV Both Sides,4/4 (4 color both sides),2500,Score in Half,Moon Slits Bottom Panel,Yes 500 Envelopes A6
Majestic,Silk,6 x 9,Horizontal,Rectangle,16PT C2S,Spot UV,Silk,Spot UV Front,4/1,5000,Score in Half,Moon Slits Bottom Panel,Yes 500 Envelopes A6
Majestic,Silk,6 x 9,Vertical,Rectangle,16PT C2S,Spot UV,Silk,Spot UV Front,4/1,5000,Score in Half,Moon Slits Bottom Panel,Yes 500 Envelopes A6
Majestic,Silk,6 x 9,Vertical,Rectangle,16PT C2S,Spot UV,Silk,Spot UV Back,4/1,5000,Score in Half,Moon Slits Bottom Panel,Yes 500 Envelopes A6
Majestic,Silk,6 x 9,Horizontal,Rectangle,16PT C2S,Spot UV,Silk,Spot UV Back,4/1,5000,Score in Half,Moon Slits Bottom Panel,Yes 500 Envelopes A6
Majestic,Silk,6 x 9,Horizontal,Rectangle,16PT C2S,Spot UV,Silk,Spot UV Both Sides,4/1,5000,Score in Half,Moon Slits Bottom Panel,Yes 500 Envelopes A6
Majestic,Silk,6 x 9,Vertical,Rectangle,16PT C2S,Spot UV,Silk,Spot UV Both Sides,4/1,5000,Score in Half,Moon Slits Bottom Panel,Yes 500 Envelopes A6
Majestic,Silk,6 x 9,Horizontal,Rectangle,16PT C2S,Spot UV,Silk,Spot UV Front,4/4 (4 color both sides),5000,Score in Half,Moon Slits Bottom Panel,Yes 500 Envelopes A6
Majestic,Silk,6 x 9,Vertical,Rectangle,16PT C2S,Spot UV,Silk,Spot UV Front,4/4 (4 color both sides),5000,Score in Half,Moon Slits Bottom Panel,Yes 500 Envelopes A6
Majestic,Silk,5.5 x 8.5,Vertical,Rectangle,16PT C2S,Spot UV,Silk,Spot UV Front,4/0 (4 color front),10000,Score in Half,No Gift Cards Slits,Yes 10000 Envelopes A2
Majestic,Silk,6 x 9,Horizontal,Rectangle,16PT C2S,Spot UV,Silk,Spot UV Both Sides,4/4 (4 color both sides),5000,Score in Half,Moon Slits Bottom Panel,Yes 500 Envelopes A6
Majestic,Silk,6 x 9,Vertical,Rectangle,16PT C2S,Spot UV,Silk,Spot UV Both Sides,4/4 (4 color both sides),5000,Score in Half,Moon Slits Bottom Panel,Yes 500 Envelopes A6
Majestic,Silk,6 x 9,Horizontal,Rectangle,16PT C2S,Spot UV,Silk,Spot UV Front,4/1,10000,Score in Half,Moon Slits Bottom Panel,Yes 500 Envelopes A6
Majestic,Silk,6 x 9,Vertical,Rectangle,16PT C2S,Spot UV,Silk,Spot UV Front,4/1,10000,Score in Half,Moon Slits Bottom Panel,Yes 500 Envelopes A6
Majestic,Silk,6 x 9,Horizontal,Rectangle,16PT C2S,Spot UV,Silk,Spot UV Back,4/1,10000,Score in Half,Moon Slits Bottom Panel,Yes 500 Envelopes A6
Majestic,Silk,6 x 9,Vertical,Rectangle,16PT C2S,Spot UV,Silk,Spot UV Back,4/1,10000,Score in Half,Moon Slits Bottom Panel,Yes 500 Envelopes A6
Majestic,Silk,6 x 9,Horizontal,Rectangle,16PT C2S,Spot UV,Silk,Spot UV Both Sides,4/1,10000,Score in Half,Moon Slits Bottom Panel,Yes 500 Envelopes A6
Majestic,Silk,6 x 9,Vertical,Rectangle,16PT C2S,Spot UV,Silk,Spot UV Both Sides,4/1,10000,Score in Half,Moon Slits Bottom Panel,Yes 500 Envelopes A6
Majestic,Silk,6 x 9,Horizontal,Rectangle,16PT C2S,Spot UV,Silk,Spot UV Front,4/4 (4 color both sides),10000,Score in Half,Moon Slits Bottom Panel,Yes 500 Envelopes A6
Majestic,Silk,6 x 9,Vertical,Rectangle,16PT C2S,Spot UV,Silk,Spot UV Front,4/4 (4 color both sides),10000,Score in Half,Moon Slits Bottom Panel,Yes 500 Envelopes A6
Majestic,Silk,6 x 9,Horizontal,Rectangle,16PT C2S,Spot UV,Silk,Spot UV Back,4/4 (4 color both sides),10000,Score in Half,Moon Slits Bottom Panel,Yes 500 Envelopes A6
Majestic,Silk,6 x 9,Vertical,Rectangle,16PT C2S,Spot UV,Silk,Spot UV Back,4/4 (4 color both sides),10000,Score in Half,Moon Slits Bottom Panel,Yes 500 Envelopes A6
Majestic,Silk,6 x 9,Horizontal,Rectangle,16PT C2S,Spot UV,Silk,Spot UV Both Sides,4/4 (4 color both sides),10000,Score in Half,Moon Slits Bottom Panel,Yes 500 Envelopes A6
Majestic,Silk,6 x 9,Vertical,Rectangle,16PT C2S,Spot UV,Silk,Spot UV Back,4/4 (4 color both sides),5000,Score in Half,Moon Slits Bottom Panel,Yes 500 Envelopes A6
Majestic,Silk,6 x 9,Vertical,Rectangle,16PT C2S,Spot UV,Silk,Spot UV Both Sides,4/4 (4 color both sides),10000,Score in Half,Moon Slits Bottom Panel,Yes 500 Envelopes A6
Majestic,Silk,5.5 x 8.5,Horizontal,Rectangle,16PT C2S,Spot UV,Silk,Spot UV Front,4/0 (4 color front),1000,Score in Half,Slide Slits Right Panel,Yes 10000 Envelopes A2
Majestic,Silk,6 x 9,Vertical,Rectangle,16PT C2S,Spot UV,Silk,Spot UV Front,4/1,500,Score in Half,Moon Slits Right Panel,Yes 500 Envelopes A6
Majestic,Silk,6 x 9,Vertical,Rectangle,16PT C2S,Spot UV,Silk,Spot UV Back,4/1,500,Score in Half,Moon Slits Right Panel,Yes 500 Envelopes A6
Majestic,Silk,6 x 9,Horizontal,Rectangle,16PT C2S,Spot UV,Silk,Spot UV Both Sides,4/1,500,Score in Half,Moon Slits Right Panel,Yes 500 Envelopes A6
Majestic,Silk,6 x 9,Vertical,Rectangle,16PT C2S,Spot UV,Silk,Spot UV Both Sides,4/1,500,Score in Half,Moon Slits Right Panel,Yes 500 Envelopes A6
Majestic,Silk,6 x 9,Horizontal,Rectangle,16PT C2S,Spot UV,Silk,Spot UV Back,4/1,500,Score in Half,Moon Slits Right Panel,Yes 500 Envelopes A6
Majestic,Silk,6 x 9,Horizontal,Rectangle,16PT C2S,Spot UV,Silk,Spot UV Front,4/4 (4 color both sides),500,Score in Half,Moon Slits Right Panel,Yes 500 Envelopes A6
Majestic,Silk,6 x 9,Vertical,Rectangle,16PT C2S,Spot UV,Silk,Spot UV Front,4/4 (4 color both sides),500,Score in Half,Moon Slits Right Panel,Yes 500 Envelopes A6
Majestic,Silk,6 x 9,Horizontal,Rectangle,16PT C2S,Spot UV,Silk,Spot UV Back,4/4 (4 color both sides),500,Score in Half,Moon Slits Right Panel,Yes 500 Envelopes A6
Majestic,Silk,6 x 9,Horizontal,Rectangle,16PT C2S,Spot UV,Silk,Spot UV Both Sides,4/4 (4 color both sides),500,Score in Half,Moon Slits Right Panel,Yes 500 Envelopes A6
Majestic,Silk,6 x 9,Vertical,Rectangle,16PT C2S,Spot UV,Silk,Spot UV Back,4/4 (4 color both sides),500,Score in Half,Moon Slits Right Panel,Yes 500 Envelopes A6
Majestic,Silk,6 x 9,Vertical,Rectangle,16PT C2S,Spot UV,Silk,Spot UV Both Sides,4/4 (4 color both sides),500,Score in Half,Moon Slits Right Panel,Yes 500 Envelopes A6
Majestic,Silk,6 x 9,Horizontal,Rectangle,16PT C2S,Spot UV,Silk,Spot UV Front,4/1,1000,Score in Half,Moon Slits Right Panel,Yes 500 Envelopes A6
Majestic,Silk,6 x 9,Vertical,Rectangle,16PT C2S,Spot UV,Silk,Spot UV Front,4/1,1000,Score in Half,Moon Slits Right Panel,Yes 500 Envelopes A6
Majestic,Silk,6 x 9,Horizontal,Rectangle,16PT C2S,Spot UV,Silk,Spot UV Back,4/1,1000,Score in Half,Moon Slits Right Panel,Yes 500 Envelopes A6
Majestic,Silk,6 x 9,Vertical,Rectangle,16PT C2S,Spot UV,Silk,Spot UV Back,4/1,1000,Score in Half,Moon Slits Right Panel,Yes 500 Envelopes A6
Majestic,Silk,6 x 9,Horizontal,Rectangle,16PT C2S,Spot UV,Silk,Spot UV Both Sides,4/1,1000,Score in Half,Moon Slits Right Panel,Yes 500 Envelopes A6
Majestic,Silk,6 x 9,Vertical,Rectangle,16PT C2S,Spot UV,Silk,Spot UV Both Sides,4/1,1000,Score in Half,Moon Slits Right Panel,Yes 500 Envelopes A6
Majestic,Silk,6 x 9,Horizontal,Rectangle,16PT C2S,Spot UV,Silk,Spot UV Front,4/4 (4 color both sides),1000,Score in Half,Moon Slits Right Panel,Yes 500 Envelopes A6
Majestic,Silk,6 x 9,Vertical,Rectangle,16PT C2S,Spot UV,Silk,Spot UV Front,4/4 (4 color both sides),1000,Score in Half,Moon Slits Right Panel,Yes 500 Envelopes A6
Majestic,Silk,6 x 9,Vertical,Rectangle,16PT C2S,Spot UV,Silk,Spot UV Back,4/4 (4 color both sides),1000,Score in Half,Moon Slits Right Panel,Yes 500 Envelopes A6
Majestic,Silk,6 x 9,Vertical,Rectangle,16PT C2S,Spot UV,Silk,Spot UV Both Sides,4/4 (4 color both sides),1000,Score in Half,Moon Slits Right Panel,Yes 500 Envelopes A6
Majestic,Silk,6 x 9,Horizontal,Rectangle,16PT C2S,Spot UV,Silk,Spot UV Both Sides,4/4 (4 color both sides),1000,Score in Half,Moon Slits Right Panel,Yes 500 Envelopes A6
Majestic,Silk,6 x 9,Horizontal,Rectangle,16PT C2S,Spot UV,Silk,Spot UV Front,4/1,2500,Score in Half,Moon Slits Right Panel,Yes 500 Envelopes A6
Majestic,Silk,6 x 9,Horizontal,Rectangle,16PT C2S,Spot UV,Silk,Spot UV Back,4/4 (4 color both sides),1000,Score in Half,Moon Slits Right Panel,Yes 500 Envelopes A6
Majestic,Silk,6 x 9,Vertical,Rectangle,16PT C2S,Spot UV,Silk,Spot UV Front,4/1,2500,Score in Half,Moon Slits Right Panel,Yes 500 Envelopes A6
Majestic,Silk,6 x 9,Horizontal,Rectangle,16PT C2S,Spot UV,Silk,Spot UV Back,4/1,2500,Score in Half,Moon Slits Right Panel,Yes 500 Envelopes A6
Majestic,Silk,6 x 9,Vertical,Rectangle,16PT C2S,Spot UV,Silk,Spot UV Back,4/1,2500,Score in Half,Moon Slits Right Panel,Yes 500 Envelopes A6
Majestic,Silk,6 x 9,Horizontal,Rectangle,16PT C2S,Spot UV,Silk,Spot UV Both Sides,4/1,2500,Score in Half,Moon Slits Right Panel,Yes 500 Envelopes A6
Majestic,Silk,6 x 9,Vertical,Rectangle,16PT C2S,Spot UV,Silk,Spot UV Both Sides,4/1,2500,Score in Half,Moon Slits Right Panel,Yes 500 Envelopes A6
Majestic,Silk,6 x 9,Horizontal,Rectangle,16PT C2S,Spot UV,Silk,Spot UV Front,4/4 (4 color both sides),2500,Score in Half,Moon Slits Right Panel,Yes 500 Envelopes A6
Majestic,Silk,6 x 9,Vertical,Rectangle,16PT C2S,Spot UV,Silk,Spot UV Front,4/4 (4 color both sides),2500,Score in Half,Moon Slits Right Panel,Yes 500 Envelopes A6
Majestic,Silk,6 x 9,Horizontal,Rectangle,16PT C2S,Spot UV,Silk,Spot UV Back,4/4 (4 color both sides),2500,Score in Half,Moon Slits Right Panel,Yes 500 Envelopes A6
Majestic,Silk,6 x 9,Vertical,Rectangle,16PT C2S,Spot UV,Silk,Spot UV Back,4/4 (4 color both sides),2500,Score in Half,Moon Slits Right Panel,Yes 500 Envelopes A6
Majestic,Silk,6 x 9,Horizontal,Rectangle,16PT C2S,Spot UV,Silk,Spot UV Both Sides,4/4 (4 color both sides),2500,Score in Half,Moon Slits Right Panel,Yes 500 Envelopes A6
Majestic,Silk,6 x 9,Vertical,Rectangle,16PT C2S,Spot UV,Silk,Spot UV Both Sides,4/4 (4 color both sides),2500,Score in Half,Moon Slits Right Panel,Yes 500 Envelopes A6
Majestic,Silk,6 x 9,Vertical,Rectangle,16PT C2S,Spot UV,Silk,Spot UV Back,4/1,5000,Score in Half,Moon Slits Right Panel,Yes 500 Envelopes A6
Majestic,Silk,6 x 9,Vertical,Rectangle,16PT C2S,Spot UV,Silk,Spot UV Front,4/1,5000,Score in Half,Moon Slits Right Panel,Yes 500 Envelopes A6
Majestic,Silk,6 x 9,Horizontal,Rectangle,16PT C2S,Spot UV,Silk,Spot UV Front,4/1,5000,Score in Half,Moon Slits Right Panel,Yes 500 Envelopes A6
Majestic,Silk,6 x 9,Horizontal,Rectangle,16PT C2S,Spot UV,Silk,Spot UV Back,4/1,5000,Score in Half,Moon Slits Right Panel,Yes 500 Envelopes A6
Majestic,Silk,6 x 9,Horizontal,Rectangle,16PT C2S,Spot UV,Silk,Spot UV Both Sides,4/1,5000,Score in Half,Moon Slits Right Panel,Yes 500 Envelopes A6
Majestic,Silk,6 x 9,Vertical,Rectangle,16PT C2S,Spot UV,Silk,Spot UV Both Sides,4/1,5000,Score in Half,Moon Slits Right Panel,Yes 500 Envelopes A6
Majestic,Silk,6 x 9,Horizontal,Rectangle,16PT C2S,Spot UV,Silk,Spot UV Front,4/4 (4 color both sides),5000,Score in Half,Moon Slits Right Panel,Yes 500 Envelopes A6
Majestic,Silk,6 x 9,Vertical,Rectangle,16PT C2S,Spot UV,Silk,Spot UV Front,4/4 (4 color both sides),5000,Score in Half,Moon Slits Right Panel,Yes 500 Envelopes A6
Majestic,Silk,6 x 9,Horizontal,Rectangle,16PT C2S,Spot UV,Silk,Spot UV Back,4/4 (4 color both sides),5000,Score in Half,Moon Slits Right Panel,Yes 500 Envelopes A6
Majestic,Silk,6 x 9,Vertical,Rectangle,16PT C2S,Spot UV,Silk,Spot UV Back,4/4 (4 color both sides),5000,Score in Half,Moon Slits Right Panel,Yes 500 Envelopes A6
Majestic,Silk,6 x 9,Horizontal,Rectangle,16PT C2S,Spot UV,Silk,Spot UV Both Sides,4/4 (4 color both sides),5000,Score in Half,Moon Slits Right Panel,Yes 500 Envelopes A6
Majestic,Silk,6 x 9,Vertical,Rectangle,16PT C2S,Spot UV,Silk,Spot UV Both Sides,4/4 (4 color both sides),5000,Score in Half,Moon Slits Right Panel,Yes 500 Envelopes A6
Majestic,Silk,6 x 9,Horizontal,Rectangle,16PT C2S,Spot UV,Silk,Spot UV Front,4/1,10000,Score in Half,Moon Slits Right Panel,Yes 500 Envelopes A6
Majestic,Silk,6 x 9,Vertical,Rectangle,16PT C2S,Spot UV,Silk,Spot UV Front,4/1,10000,Score in Half,Moon Slits Right Panel,Yes 500 Envelopes A6
Majestic,Silk,6 x 9,Horizontal,Rectangle,16PT C2S,Spot UV,Silk,Spot UV Back,4/1,10000,Score in Half,Moon Slits Right Panel,Yes 500 Envelopes A6
Majestic,Silk,6 x 9,Vertical,Rectangle,16PT C2S,Spot UV,Silk,Spot UV Back,4/1,10000,Score in Half,Moon Slits Right Panel,Yes 500 Envelopes A6
Majestic,Silk,6 x 9,Horizontal,Rectangle,16PT C2S,Spot UV,Silk,Spot UV Both Sides,4/1,10000,Score in Half,Moon Slits Right Panel,Yes 500 Envelopes A6
Majestic,Silk,6 x 9,Horizontal,Rectangle,16PT C2S,Spot UV,Silk,Spot UV Front,4/4 (4 color both sides),10000,Score in Half,Moon Slits Right Panel,Yes 500 Envelopes A6
Majestic,Silk,6 x 9,Vertical,Rectangle,16PT C2S,Spot UV,Silk,Spot UV Front,4/4 (4 color both sides),10000,Score in Half,Moon Slits Right Panel,Yes 500 Envelopes A6
Majestic,Silk,6 x 9,Horizontal,Rectangle,16PT C2S,Spot UV,Silk,Spot UV Back,4/4 (4 color both sides),10000,Score in Half,Moon Slits Right Panel,Yes 500 Envelopes A6
Majestic,Silk,6 x 9,Vertical,Rectangle,16PT C2S,Spot UV,Silk,Spot UV Back,4/4 (4 color both sides),10000,Score in Half,Moon Slits Right Panel,Yes 500 Envelopes A6
Majestic,Silk,6 x 9,Vertical,Rectangle,16PT C2S,Spot UV,Silk,Spot UV Both Sides,4/1,10000,Score in Half,Moon Slits Right Panel,Yes 500 Envelopes A6
Majestic,Silk,6 x 9,Horizontal,Rectangle,16PT C2S,Spot UV,Silk,Spot UV Both Sides,4/4 (4 color both sides),10000,Score in Half,Moon Slits Right Panel,Yes 500 Envelopes A6
Majestic,Silk,6 x 9,Vertical,Rectangle,16PT C2S,Spot UV,Silk,Spot UV Both Sides,4/4 (4 color both sides),10000,Score in Half,Moon Slits Right Panel,Yes 500 Envelopes A6
Majestic,Silk,6 x 9,Horizontal,Rectangle,16PT C2S,Spot UV,Silk,Spot UV Front,4/1,500,Score in Half,No Gift Cards Slits,Yes 500 Envelopes A6
Majestic,Silk,6 x 9,Horizontal,Rectangle,16PT C2S,Spot UV,Silk,Spot UV Back,4/1,500,Score in Half,No Gift Cards Slits,Yes 500 Envelopes A6
Majestic,Silk,6 x 9,Vertical,Rectangle,16PT C2S,Spot UV,Silk,Spot UV Back,4/1,500,Score in Half,No Gift Cards Slits,Yes 500 Envelopes A6
Majestic,Silk,6 x 9,Vertical,Rectangle,16PT C2S,Spot UV,Silk,Spot UV Front,4/1,500,Score in Half,No Gift Cards Slits,Yes 500 Envelopes A6
Majestic,Silk,6 x 9,Horizontal,Rectangle,16PT C2S,Spot UV,Silk,Spot UV Both Sides,4/1,500,Score in Half,No Gift Cards Slits,Yes 500 Envelopes A6
Majestic,Silk,6 x 9,Vertical,Rectangle,16PT C2S,Spot UV,Silk,Spot UV Both Sides,4/1,500,Score in Half,No Gift Cards Slits,Yes 500 Envelopes A6
Majestic,Silk,6 x 9,Horizontal,Rectangle,16PT C2S,Spot UV,Silk,Spot UV Front,4/4 (4 color both sides),500,Score in Half,No Gift Cards Slits,Yes 500 Envelopes A6
Majestic,Silk,6 x 9,Vertical,Rectangle,16PT C2S,Spot UV,Silk,Spot UV Front,4/4 (4 color both sides),500,Score in Half,No Gift Cards Slits,Yes 500 Envelopes A6
Majestic,Silk,6 x 9,Horizontal,Rectangle,16PT C2S,Spot UV,Silk,Spot UV Back,4/4 (4 color both sides),500,Score in Half,No Gift Cards Slits,Yes 500 Envelopes A6
Majestic,Silk,6 x 9,Vertical,Rectangle,16PT C2S,Spot UV,Silk,Spot UV Back,4/4 (4 color both sides),500,Score in Half,No Gift Cards Slits,Yes 500 Envelopes A6
Majestic,Silk,6 x 9,Horizontal,Rectangle,16PT C2S,Spot UV,Silk,Spot UV Both Sides,4/4 (4 color both sides),500,Score in Half,No Gift Cards Slits,Yes 500 Envelopes A6
Majestic,Silk,6 x 9,Vertical,Rectangle,16PT C2S,Spot UV,Silk,Spot UV Both Sides,4/4 (4 color both sides),500,Score in Half,No Gift Cards Slits,Yes 500 Envelopes A6
Majestic,Silk,6 x 9,Horizontal,Rectangle,16PT C2S,Spot UV,Silk,Spot UV Front,4/1,1000,Score in Half,No Gift Cards Slits,Yes 500 Envelopes A6
Majestic,Silk,6 x 9,Vertical,Rectangle,16PT C2S,Spot UV,Silk,Spot UV Front,4/1,1000,Score in Half,No Gift Cards Slits,Yes 500 Envelopes A6
Majestic,Silk,6 x 9,Horizontal,Rectangle,16PT C2S,Spot UV,Silk,Spot UV Back,4/1,1000,Score in Half,No Gift Cards Slits,Yes 500 Envelopes A6
Majestic,Silk,6 x 9,Vertical,Rectangle,16PT C2S,Spot UV,Silk,Spot UV Back,4/1,1000,Score in Half,No Gift Cards Slits,Yes 500 Envelopes A6
Majestic,Silk,6 x 9,Horizontal,Rectangle,16PT C2S,Spot UV,Silk,Spot UV Both Sides,4/1,1000,Score in Half,No Gift Cards Slits,Yes 500 Envelopes A6
Majestic,Silk,6 x 9,Vertical,Rectangle,16PT C2S,Spot UV,Silk,Spot UV Both Sides,4/1,1000,Score in Half,No Gift Cards Slits,Yes 500 Envelopes A6
Majestic,Silk,6 x 9,Horizontal,Rectangle,16PT C2S,Spot UV,Silk,Spot UV Front,4/4 (4 color both sides),1000,Score in Half,No Gift Cards Slits,Yes 500 Envelopes A6
Majestic,Silk,6 x 9,Vertical,Rectangle,16PT C2S,Spot UV,Silk,Spot UV Front,4/4 (4 color both sides),1000,Score in Half,No Gift Cards Slits,Yes 500 Envelopes A6
Majestic,Silk,6 x 9,Horizontal,Rectangle,16PT C2S,Spot UV,Silk,Spot UV Back,4/4 (4 color both sides),1000,Score in Half,No Gift Cards Slits,Yes 500 Envelopes A6
Majestic,Silk,6 x 9,Vertical,Rectangle,16PT C2S,Spot UV,Silk,Spot UV Back,4/4 (4 color both sides),1000,Score in Half,No Gift Cards Slits,Yes 500 Envelopes A6
Majestic,Silk,6 x 9,Horizontal,Rectangle,16PT C2S,Spot UV,Silk,Spot UV Both Sides,4/4 (4 color both sides),1000,Score in Half,No Gift Cards Slits,Yes 500 Envelopes A6
Majestic,Silk,6 x 9,Vertical,Rectangle,16PT C2S,Spot UV,Silk,Spot UV Both Sides,4/4 (4 color both sides),1000,Score in Half,No Gift Cards Slits,Yes 500 Envelopes A6
Majestic,Silk,6 x 9,Horizontal,Rectangle,16PT C2S,Spot UV,Silk,Spot UV Front,4/1,2500,Score in Half,No Gift Cards Slits,Yes 500 Envelopes A6
Majestic,Silk,6 x 9,Horizontal,Rectangle,16PT C2S,Spot UV,Silk,Spot UV Back,4/1,2500,Score in Half,No Gift Cards Slits,Yes 500 Envelopes A6
Majestic,Silk,6 x 9,Vertical,Rectangle,16PT C2S,Spot UV,Silk,Spot UV Back,4/1,2500,Score in Half,No Gift Cards Slits,Yes 500 Envelopes A6
Majestic,Silk,6 x 9,Vertical,Rectangle,16PT C2S,Spot UV,Silk,Spot UV Front,4/1,2500,Score in Half,No Gift Cards Slits,Yes 500 Envelopes A6
Majestic,Silk,6 x 9,Horizontal,Rectangle,16PT C2S,Spot UV,Silk,Spot UV Both Sides,4/1,2500,Score in Half,No Gift Cards Slits,Yes 500 Envelopes A6
Majestic,Silk,6 x 9,Vertical,Rectangle,16PT C2S,Spot UV,Silk,Spot UV Both Sides,4/1,2500,Score in Half,No Gift Cards Slits,Yes 500 Envelopes A6
Majestic,Silk,6 x 9,Horizontal,Rectangle,16PT C2S,Spot UV,Silk,Spot UV Front,4/4 (4 color both sides),2500,Score in Half,No Gift Cards Slits,Yes 500 Envelopes A6
Majestic,Silk,6 x 9,Vertical,Rectangle,16PT C2S,Spot UV,Silk,Spot UV Front,4/4 (4 color both sides),2500,Score in Half,No Gift Cards Slits,Yes 500 Envelopes A6
Majestic,Silk,6 x 9,Horizontal,Rectangle,16PT C2S,Spot UV,Silk,Spot UV Back,4/4 (4 color both sides),2500,Score in Half,No Gift Cards Slits,Yes 500 Envelopes A6
Majestic,Silk,6 x 9,Vertical,Rectangle,16PT C2S,Spot UV,Silk,Spot UV Back,4/4 (4 color both sides),2500,Score in Half,No Gift Cards Slits,Yes 500 Envelopes A6
Majestic,Silk,6 x 9,Horizontal,Rectangle,16PT C2S,Spot UV,Silk,Spot UV Both Sides,4/4 (4 color both sides),2500,Score in Half,No Gift Cards Slits,Yes 500 Envelopes A6
Majestic,Silk,6 x 9,Horizontal,Rectangle,16PT C2S,Spot UV,Silk,Spot UV Front,4/1,5000,Score in Half,No Gift Cards Slits,Yes 500 Envelopes A6
Majestic,Silk,6 x 9,Vertical,Rectangle,16PT C2S,Spot UV,Silk,Spot UV Both Sides,4/4 (4 color both sides),2500,Score in Half,No Gift Cards Slits,Yes 500 Envelopes A6
Majestic,Silk,6 x 9,Vertical,Rectangle,16PT C2S,Spot UV,Silk,Spot UV Front,4/1,5000,Score in Half,No Gift Cards Slits,Yes 500 Envelopes A6
Majestic,Silk,6 x 9,Horizontal,Rectangle,16PT C2S,Spot UV,Silk,Spot UV Back,4/1,5000,Score in Half,No Gift Cards Slits,Yes 500 Envelopes A6
Majestic,Silk,6 x 9,Vertical,Rectangle,16PT C2S,Spot UV,Silk,Spot UV Back,4/1,5000,Score in Half,No Gift Cards Slits,Yes 500 Envelopes A6
Majestic,Silk,5.5 x 8.5,Vertical,Rectangle,16PT C2S,Spot UV,Silk,Spot UV Front,4/0 (4 color front),10000,Score in Half,Slide Slits Right Panel,Yes 10000 Envelopes A2
Majestic,Silk,6 x 9,Horizontal,Rectangle,16PT C2S,Spot UV,Silk,Spot UV Front,4/4 (4 color both sides),5000,Score in Half,No Gift Cards Slits,Yes 500 Envelopes A6
Majestic,Silk,6 x 9,Vertical,Rectangle,16PT C2S,Spot UV,Silk,Spot UV Both Sides,4/1,5000,Score in Half,No Gift Cards Slits,Yes 500 Envelopes A6
Majestic,Silk,6 x 9,Vertical,Rectangle,16PT C2S,Spot UV,Silk,Spot UV Front,4/4 (4 color both sides),5000,Score in Half,No Gift Cards Slits,Yes 500 Envelopes A6
Majestic,Silk,6 x 9,Horizontal,Rectangle,16PT C2S,Spot UV,Silk,Spot UV Back,4/4 (4 color both sides),5000,Score in Half,No Gift Cards Slits,Yes 500 Envelopes A6
Majestic,Silk,6 x 9,Vertical,Rectangle,16PT C2S,Spot UV,Silk,Spot UV Back,4/4 (4 color both sides),5000,Score in Half,No Gift Cards Slits,Yes 500 Envelopes A6
Majestic,Silk,6 x 9,Horizontal,Rectangle,16PT C2S,Spot UV,Silk,Spot UV Both Sides,4/4 (4 color both sides),5000,Score in Half,No Gift Cards Slits,Yes 500 Envelopes A6
Majestic,Silk,6 x 9,Vertical,Rectangle,16PT C2S,Spot UV,Silk,Spot UV Both Sides,4/4 (4 color both sides),5000,Score in Half,No Gift Cards Slits,Yes 500 Envelopes A6
Majestic,Silk,6 x 9,Horizontal,Rectangle,16PT C2S,Spot UV,Silk,Spot UV Front,4/1,10000,Score in Half,No Gift Cards Slits,Yes 500 Envelopes A6
Majestic,Silk,6 x 9,Vertical,Rectangle,16PT C2S,Spot UV,Silk,Spot UV Front,4/1,10000,Score in Half,No Gift Cards Slits,Yes 500 Envelopes A6
Majestic,Silk,6 x 9,Horizontal,Rectangle,16PT C2S,Spot UV,Silk,Spot UV Back,4/1,10000,Score in Half,No Gift Cards Slits,Yes 500 Envelopes A6
Majestic,Silk,6 x 9,Vertical,Rectangle,16PT C2S,Spot UV,Silk,Spot UV Back,4/1,10000,Score in Half,No Gift Cards Slits,Yes 500 Envelopes A6
Majestic,Silk,6 x 9,Horizontal,Rectangle,16PT C2S,Spot UV,Silk,Spot UV Both Sides,4/1,10000,Score in Half,No Gift Cards Slits,Yes 500 Envelopes A6
Majestic,Silk,6 x 9,Vertical,Rectangle,16PT C2S,Spot UV,Silk,Spot UV Both Sides,4/1,10000,Score in Half,No Gift Cards Slits,Yes 500 Envelopes A6
Majestic,Silk,6 x 9,Horizontal,Rectangle,16PT C2S,Spot UV,Silk,Spot UV Front,4/4 (4 color both sides),10000,Score in Half,No Gift Cards Slits,Yes 500 Envelopes A6
Majestic,Silk,6 x 9,Vertical,Rectangle,16PT C2S,Spot UV,Silk,Spot UV Front,4/4 (4 color both sides),10000,Score in Half,No Gift Cards Slits,Yes 500 Envelopes A6
Majestic,Silk,6 x 9,Horizontal,Rectangle,16PT C2S,Spot UV,Silk,Spot UV Back,4/4 (4 color both sides),10000,Score in Half,No Gift Cards Slits,Yes 500 Envelopes A6
Majestic,Silk,6 x 9,Vertical,Rectangle,16PT C2S,Spot UV,Silk,Spot UV Back,4/4 (4 color both sides),10000,Score in Half,No Gift Cards Slits,Yes 500 Envelopes A6
Majestic,Silk,6 x 9,Horizontal,Rectangle,16PT C2S,Spot UV,Silk,Spot UV Both Sides,4/4 (4 color both sides),10000,Score in Half,No Gift Cards Slits,Yes 500 Envelopes A6
Majestic,Silk,6 x 9,Vertical,Rectangle,16PT C2S,Spot UV,Silk,Spot UV Front,4/1,500,Score in Half,Slide Slits Bottom Panel,Yes 500 Envelopes A6
Majestic,Silk,6 x 9,Horizontal,Rectangle,16PT C2S,Spot UV,Silk,Spot UV Back,4/1,500,Score in Half,Slide Slits Bottom Panel,Yes 500 Envelopes A6
Majestic,Silk,6 x 9,Vertical,Rectangle,16PT C2S,Spot UV,Silk,Spot UV Both Sides,4/4 (4 color both sides),10000,Score in Half,No Gift Cards Slits,Yes 500 Envelopes A6
Majestic,Silk,6 x 9,Vertical,Rectangle,16PT C2S,Spot UV,Silk,Spot UV Back,4/1,500,Score in Half,Slide Slits Bottom Panel,Yes 500 Envelopes A6
Majestic,Silk,6 x 9,Horizontal,Rectangle,16PT C2S,Spot UV,Silk,Spot UV Front,4/1,500,Score in Half,Slide Slits Bottom Panel,Yes 500 Envelopes A6
Majestic,Silk,6 x 9,Horizontal,Rectangle,16PT C2S,Spot UV,Silk,Spot UV Both Sides,4/1,500,Score in Half,Slide Slits Bottom Panel,Yes 500 Envelopes A6
Majestic,Silk,6 x 9,Horizontal,Rectangle,16PT C2S,Spot UV,Silk,Spot UV Front,4/4 (4 color both sides),500,Score in Half,Slide Slits Bottom Panel,Yes 500 Envelopes A6
Majestic,Silk,6 x 9,Vertical,Rectangle,16PT C2S,Spot UV,Silk,Spot UV Both Sides,4/1,500,Score in Half,Slide Slits Bottom Panel,Yes 500 Envelopes A6
Majestic,Silk,6 x 9,Horizontal,Rectangle,16PT C2S,Spot UV,Silk,Spot UV Back,4/4 (4 color both sides),500,Score in Half,Slide Slits Bottom Panel,Yes 500 Envelopes A6
Majestic,Silk,6 x 9,Vertical,Rectangle,16PT C2S,Spot UV,Silk,Spot UV Front,4/4 (4 color both sides),500,Score in Half,Slide Slits Bottom Panel,Yes 500 Envelopes A6
Majestic,Silk,6 x 9,Vertical,Rectangle,16PT C2S,Spot UV,Silk,Spot UV Back,4/4 (4 color both sides),500,Score in Half,Slide Slits Bottom Panel,Yes 500 Envelopes A6
Majestic,Silk,6 x 9,Vertical,Rectangle,16PT C2S,Spot UV,Silk,Spot UV Both Sides,4/4 (4 color both sides),500,Score in Half,Slide Slits Bottom Panel,Yes 500 Envelopes A6
Majestic,Silk,6 x 9,Horizontal,Rectangle,16PT C2S,Spot UV,Silk,Spot UV Back,4/4 (4 color both sides),5000,Score in Half,Moon Slits Bottom Panel,Yes 500 Envelopes A6
Majestic,Silk,6 x 9,Vertical,Rectangle,16PT C2S,Spot UV,Silk,Spot UV Front,4/1,1000,Score in Half,Slide Slits Bottom Panel,Yes 500 Envelopes A6
Majestic,Silk,6 x 9,Horizontal,Rectangle,16PT C2S,Spot UV,Silk,Spot UV Both Sides,4/4 (4 color both sides),500,Score in Half,Slide Slits Bottom Panel,Yes 500 Envelopes A6
Majestic,Silk,6 x 9,Vertical,Rectangle,16PT C2S,Spot UV,Silk,Spot UV Back,4/1,1000,Score in Half,Slide Slits Bottom Panel,Yes 500 Envelopes A6
Majestic,Silk,6 x 9,Horizontal,Rectangle,16PT C2S,Spot UV,Silk,Spot UV Back,4/1,1000,Score in Half,Slide Slits Bottom Panel,Yes 500 Envelopes A6
Majestic,Silk,6 x 9,Horizontal,Rectangle,16PT C2S,Spot UV,Silk,Spot UV Both Sides,4/1,1000,Score in Half,Slide Slits Bottom Panel,Yes 500 Envelopes A6
Majestic,Silk,6 x 9,Horizontal,Rectangle,16PT C2S,Spot UV,Silk,Spot UV Front,4/4 (4 color both sides),1000,Score in Half,Slide Slits Bottom Panel,Yes 500 Envelopes A6
Majestic,Silk,6 x 9,Vertical,Rectangle,16PT C2S,Spot UV,Silk,Spot UV Both Sides,4/1,1000,Score in Half,Slide Slits Bottom Panel,Yes 500 Envelopes A6
Majestic,Silk,6 x 9,Horizontal,Rectangle,16PT C2S,Spot UV,Silk,Spot UV Back,4/4 (4 color both sides),1000,Score in Half,Slide Slits Bottom Panel,Yes 500 Envelopes A6
Majestic,Silk,6 x 9,Vertical,Rectangle,16PT C2S,Spot UV,Silk,Spot UV Front,4/4 (4 color both sides),1000,Score in Half,Slide Slits Bottom Panel,Yes 500 Envelopes A6
Majestic,Silk,6 x 9,Vertical,Rectangle,16PT C2S,Spot UV,Silk,Spot UV Back,4/4 (4 color both sides),1000,Score in Half,Slide Slits Bottom Panel,Yes 500 Envelopes A6
Majestic,Silk,6 x 9,Horizontal,Rectangle,16PT C2S,Spot UV,Silk,Spot UV Both Sides,4/4 (4 color both sides),1000,Score in Half,Slide Slits Bottom Panel,Yes 500 Envelopes A6
Majestic,Silk,6 x 9,Vertical,Rectangle,16PT C2S,Spot UV,Silk,Spot UV Both Sides,4/4 (4 color both sides),1000,Score in Half,Slide Slits Bottom Panel,Yes 500 Envelopes A6
Majestic,Silk,6 x 9,Horizontal,Rectangle,16PT C2S,Spot UV,Silk,Spot UV Front,4/1,2500,Score in Half,Slide Slits Bottom Panel,Yes 500 Envelopes A6
Majestic,Silk,6 x 9,Vertical,Rectangle,16PT C2S,Spot UV,Silk,Spot UV Front,4/1,2500,Score in Half,Slide Slits Bottom Panel,Yes 500 Envelopes A6
Majestic,Silk,6 x 9,Horizontal,Rectangle,16PT C2S,Spot UV,Silk,Spot UV Back,4/1,2500,Score in Half,Slide Slits Bottom Panel,Yes 500 Envelopes A6
Majestic,Silk,6 x 9,Horizontal,Rectangle,16PT C2S,Spot UV,Silk,Spot UV Front,4/1,500,Score in Half,Moon Slits Right Panel,Yes 500 Envelopes A6
Majestic,Silk,6 x 9,Horizontal,Rectangle,16PT C2S,Spot UV,Silk,Spot UV Both Sides,4/1,2500,Score in Half,Slide Slits Bottom Panel,Yes 500 Envelopes A6
Majestic,Silk,6 x 9,Vertical,Rectangle,16PT C2S,Spot UV,Silk,Spot UV Both Sides,4/1,2500,Score in Half,Slide Slits Bottom Panel,Yes 500 Envelopes A6
Majestic,Silk,6 x 9,Vertical,Rectangle,16PT C2S,Spot UV,Silk,Spot UV Front,4/4 (4 color both sides),2500,Score in Half,Slide Slits Bottom Panel,Yes 500 Envelopes A6
Majestic,Silk,6 x 9,Horizontal,Rectangle,16PT C2S,Spot UV,Silk,Spot UV Back,4/4 (4 color both sides),2500,Score in Half,Slide Slits Bottom Panel,Yes 500 Envelopes A6
Majestic,Silk,6 x 9,Vertical,Rectangle,16PT C2S,Spot UV,Silk,Spot UV Back,4/4 (4 color both sides),2500,Score in Half,Slide Slits Bottom Panel,Yes 500 Envelopes A6
Majestic,Silk,6 x 9,Horizontal,Rectangle,16PT C2S,Spot UV,Silk,Spot UV Both Sides,4/4 (4 color both sides),2500,Score in Half,Slide Slits Bottom Panel,Yes 500 Envelopes A6
Majestic,Silk,6 x 9,Horizontal,Rectangle,16PT C2S,Spot UV,Silk,Spot UV Front,4/4 (4 color both sides),2500,Score in Half,Slide Slits Bottom Panel,Yes 500 Envelopes A6
Majestic,Silk,6 x 9,Horizontal,Rectangle,16PT C2S,Spot UV,Silk,Spot UV Front,4/1,5000,Score in Half,Slide Slits Bottom Panel,Yes 500 Envelopes A6
Majestic,Silk,6 x 9,Vertical,Rectangle,16PT C2S,Spot UV,Silk,Spot UV Both Sides,4/4 (4 color both sides),2500,Score in Half,Slide Slits Bottom Panel,Yes 500 Envelopes A6
Majestic,Silk,6 x 9,Vertical,Rectangle,16PT C2S,Spot UV,Silk,Spot UV Front,4/1,5000,Score in Half,Slide Slits Bottom Panel,Yes 500 Envelopes A6
Majestic,Silk,6 x 9,Horizontal,Rectangle,16PT C2S,Spot UV,Silk,Spot UV Both Sides,4/1,5000,Score in Half,Slide Slits Bottom Panel,Yes 500 Envelopes A6
Majestic,Silk,6 x 9,Vertical,Rectangle,16PT C2S,Spot UV,Silk,Spot UV Back,4/1,5000,Score in Half,Slide Slits Bottom Panel,Yes 500 Envelopes A6
Majestic,Silk,6 x 9,Horizontal,Rectangle,16PT C2S,Spot UV,Silk,Spot UV Back,4/1,5000,Score in Half,Slide Slits Bottom Panel,Yes 500 Envelopes A6
Majestic,Silk,6 x 9,Vertical,Rectangle,16PT C2S,Spot UV,Silk,Spot UV Both Sides,4/1,5000,Score in Half,Slide Slits Bottom Panel,Yes 500 Envelopes A6
Majestic,Silk,6 x 9,Horizontal,Rectangle,16PT C2S,Spot UV,Silk,Spot UV Front,4/4 (4 color both sides),5000,Score in Half,Slide Slits Bottom Panel,Yes 500 Envelopes A6
Majestic,Silk,6 x 9,Vertical,Rectangle,16PT C2S,Spot UV,Silk,Spot UV Front,4/4 (4 color both sides),5000,Score in Half,Slide Slits Bottom Panel,Yes 500 Envelopes A6
Majestic,Silk,6 x 9,Horizontal,Rectangle,16PT C2S,Spot UV,Silk,Spot UV Back,4/4 (4 color both sides),5000,Score in Half,Slide Slits Bottom Panel,Yes 500 Envelopes A6
Majestic,Silk,6 x 9,Vertical,Rectangle,16PT C2S,Spot UV,Silk,Spot UV Back,4/4 (4 color both sides),5000,Score in Half,Slide Slits Bottom Panel,Yes 500 Envelopes A6
Majestic,Silk,6 x 9,Horizontal,Rectangle,16PT C2S,Spot UV,Silk,Spot UV Both Sides,4/4 (4 color both sides),5000,Score in Half,Slide Slits Bottom Panel,Yes 500 Envelopes A6
Majestic,Silk,6 x 9,Vertical,Rectangle,16PT C2S,Spot UV,Silk,Spot UV Both Sides,4/4 (4 color both sides),5000,Score in Half,Slide Slits Bottom Panel,Yes 500 Envelopes A6
Majestic,Silk,6 x 9,Horizontal,Rectangle,16PT C2S,Spot UV,Silk,Spot UV Front,4/1,10000,Score in Half,Slide Slits Bottom Panel,Yes 500 Envelopes A6
Majestic,Silk,6 x 9,Vertical,Rectangle,16PT C2S,Spot UV,Silk,Spot UV Back,4/1,2500,Score in Half,Slide Slits Bottom Panel,Yes 500 Envelopes A6
Majestic,Silk,6 x 9,Horizontal,Rectangle,16PT C2S,Spot UV,Silk,Spot UV Back,4/1,10000,Score in Half,Slide Slits Bottom Panel,Yes 500 Envelopes A6
Majestic,Silk,6 x 9,Vertical,Rectangle,16PT C2S,Spot UV,Silk,Spot UV Front,4/1,10000,Score in Half,Slide Slits Bottom Panel,Yes 500 Envelopes A6
Majestic,Silk,6 x 9,Horizontal,Rectangle,16PT C2S,Spot UV,Silk,Spot UV Both Sides,4/1,10000,Score in Half,Slide Slits Bottom Panel,Yes 500 Envelopes A6
Majestic,Silk,6 x 9,Vertical,Rectangle,16PT C2S,Spot UV,Silk,Spot UV Both Sides,4/1,10000,Score in Half,Slide Slits Bottom Panel,Yes 500 Envelopes A6
Majestic,Silk,6 x 9,Horizontal,Rectangle,16PT C2S,Spot UV,Silk,Spot UV Front,4/4 (4 color both sides),10000,Score in Half,Slide Slits Bottom Panel,Yes 500 Envelopes A6
Majestic,Silk,6 x 9,Vertical,Rectangle,16PT C2S,Spot UV,Silk,Spot UV Front,4/4 (4 color both sides),10000,Score in Half,Slide Slits Bottom Panel,Yes 500 Envelopes A6
Majestic,Silk,6 x 9,Vertical,Rectangle,16PT C2S,Spot UV,Silk,Spot UV Back,4/4 (4 color both sides),10000,Score in Half,Slide Slits Bottom Panel,Yes 500 Envelopes A6
Majestic,Silk,6 x 9,Horizontal,Rectangle,16PT C2S,Spot UV,Silk,Spot UV Back,4/4 (4 color both sides),10000,Score in Half,Slide Slits Bottom Panel,Yes 500 Envelopes A6
Majestic,Silk,6 x 9,Horizontal,Rectangle,16PT C2S,Spot UV,Silk,Spot UV Both Sides,4/4 (4 color both sides),10000,Score in Half,Slide Slits Bottom Panel,Yes 500 Envelopes A6
Majestic,Silk,6 x 9,Vertical,Rectangle,16PT C2S,Spot UV,Silk,Spot UV Both Sides,4/4 (4 color both sides),10000,Score in Half,Slide Slits Bottom Panel,Yes 500 Envelopes A6
Majestic,Silk,6 x 9,Horizontal,Rectangle,16PT C2S,Spot UV,Silk,Spot UV Front,4/1,1000,Score in Half,Slide Slits Bottom Panel,Yes 500 Envelopes A6
Majestic,Silk,6 x 9,Horizontal,Rectangle,16PT C2S,Spot UV,Silk,Spot UV Front,4/1,500,Score in Half,Slide Slits Right Panel,Yes 500 Envelopes A6
Majestic,Silk,6 x 9,Horizontal,Rectangle,16PT C2S,Spot UV,Silk,Spot UV Back,4/1,500,Score in Half,Slide Slits Right Panel,Yes 500 Envelopes A6
Majestic,Silk,6 x 9,Vertical,Rectangle,16PT C2S,Spot UV,Silk,Spot UV Back,4/1,500,Score in Half,Slide Slits Right Panel,Yes 500 Envelopes A6
Majestic,Silk,6 x 9,Horizontal,Rectangle,16PT C2S,Spot UV,Silk,Spot UV Both Sides,4/1,500,Score in Half,Slide Slits Right Panel,Yes 500 Envelopes A6
Majestic,Silk,6 x 9,Vertical,Rectangle,16PT C2S,Spot UV,Silk,Spot UV Both Sides,4/1,500,Score in Half,Slide Slits Right Panel,Yes 500 Envelopes A6
Majestic,Silk,6 x 9,Horizontal,Rectangle,16PT C2S,Spot UV,Silk,Spot UV Front,4/4 (4 color both sides),500,Score in Half,Slide Slits Right Panel,Yes 500 Envelopes A6
Majestic,Silk,6 x 9,Vertical,Rectangle,16PT C2S,Spot UV,Silk,Spot UV Front,4/4 (4 color both sides),500,Score in Half,Slide Slits Right Panel,Yes 500 Envelopes A6
Majestic,Silk,6 x 9,Horizontal,Rectangle,16PT C2S,Spot UV,Silk,Spot UV Back,4/4 (4 color both sides),500,Score in Half,Slide Slits Right Panel,Yes 500 Envelopes A6
Majestic,Silk,6 x 9,Vertical,Rectangle,16PT C2S,Spot UV,Silk,Spot UV Back,4/4 (4 color both sides),500,Score in Half,Slide Slits Right Panel,Yes 500 Envelopes A6
Majestic,Silk,6 x 9,Horizontal,Rectangle,16PT C2S,Spot UV,Silk,Spot UV Both Sides,4/4 (4 color both sides),500,Score in Half,Slide Slits Right Panel,Yes 500 Envelopes A6
Majestic,Silk,6 x 9,Vertical,Rectangle,16PT C2S,Spot UV,Silk,Spot UV Both Sides,4/4 (4 color both sides),500,Score in Half,Slide Slits Right Panel,Yes 500 Envelopes A6
Majestic,Silk,6 x 9,Horizontal,Rectangle,16PT C2S,Spot UV,Silk,Spot UV Front,4/1,1000,Score in Half,Slide Slits Right Panel,Yes 500 Envelopes A6
Majestic,Silk,6 x 9,Vertical,Rectangle,16PT C2S,Spot UV,Silk,Spot UV Front,4/1,1000,Score in Half,Slide Slits Right Panel,Yes 500 Envelopes A6
Majestic,Silk,6 x 9,Horizontal,Rectangle,16PT C2S,Spot UV,Silk,Spot UV Both Sides,4/1,5000,Score in Half,No Gift Cards Slits,Yes 500 Envelopes A6
Majestic,Silk,6 x 9,Vertical,Rectangle,16PT C2S,Spot UV,Silk,Spot UV Back,4/1,1000,Score in Half,Slide Slits Right Panel,Yes 500 Envelopes A6
Majestic,Silk,6 x 9,Horizontal,Rectangle,16PT C2S,Spot UV,Silk,Spot UV Both Sides,4/1,1000,Score in Half,Slide Slits Right Panel,Yes 500 Envelopes A6
Majestic,Silk,6 x 9,Vertical,Rectangle,16PT C2S,Spot UV,Silk,Spot UV Both Sides,4/1,1000,Score in Half,Slide Slits Right Panel,Yes 500 Envelopes A6
Majestic,Silk,6 x 9,Vertical,Rectangle,16PT C2S,Spot UV,Silk,Spot UV Front,4/4 (4 color both sides),1000,Score in Half,Slide Slits Right Panel,Yes 500 Envelopes A6
Majestic,Silk,6 x 9,Horizontal,Rectangle,16PT C2S,Spot UV,Silk,Spot UV Front,4/4 (4 color both sides),1000,Score in Half,Slide Slits Right Panel,Yes 500 Envelopes A6
Majestic,Silk,6 x 9,Horizontal,Rectangle,16PT C2S,Spot UV,Silk,Spot UV Back,4/4 (4 color both sides),1000,Score in Half,Slide Slits Right Panel,Yes 500 Envelopes A6
Majestic,Silk,6 x 9,Vertical,Rectangle,16PT C2S,Spot UV,Silk,Spot UV Back,4/4 (4 color both sides),1000,Score in Half,Slide Slits Right Panel,Yes 500 Envelopes A6
Majestic,Silk,6 x 9,Horizontal,Rectangle,16PT C2S,Spot UV,Silk,Spot UV Both Sides,4/4 (4 color both sides),1000,Score in Half,Slide Slits Right Panel,Yes 500 Envelopes A6
Majestic,Silk,6 x 9,Vertical,Rectangle,16PT C2S,Spot UV,Silk,Spot UV Both Sides,4/4 (4 color both sides),1000,Score in Half,Slide Slits Right Panel,Yes 500 Envelopes A6
Majestic,Silk,6 x 9,Vertical,Rectangle,16PT C2S,Spot UV,Silk,Spot UV Front,4/1,2500,Score in Half,Slide Slits Right Panel,Yes 500 Envelopes A6
Majestic,Silk,6 x 9,Horizontal,Rectangle,16PT C2S,Spot UV,Silk,Spot UV Back,4/1,2500,Score in Half,Slide Slits Right Panel,Yes 500 Envelopes A6
Majestic,Silk,6 x 9,Horizontal,Rectangle,16PT C2S,Spot UV,Silk,Spot UV Both Sides,4/1,2500,Score in Half,Slide Slits Right Panel,Yes 500 Envelopes A6
Majestic,Silk,6 x 9,Horizontal,Rectangle,16PT C2S,Spot UV,Silk,Spot UV Front,4/1,2500,Score in Half,Slide Slits Right Panel,Yes 500 Envelopes A6
Majestic,Silk,6 x 9,Horizontal,Rectangle,16PT C2S,Spot UV,Silk,Spot UV Front,4/4 (4 color both sides),2500,Score in Half,Slide Slits Right Panel,Yes 500 Envelopes A6
Majestic,Silk,6 x 9,Vertical,Rectangle,16PT C2S,Spot UV,Silk,Spot UV Both Sides,4/1,2500,Score in Half,Slide Slits Right Panel,Yes 500 Envelopes A6
Majestic,Silk,6 x 9,Vertical,Rectangle,16PT C2S,Spot UV,Silk,Spot UV Back,4/1,2500,Score in Half,Slide Slits Right Panel,Yes 500 Envelopes A6
Majestic,Silk,6 x 9,Horizontal,Rectangle,16PT C2S,Spot UV,Silk,Spot UV Back,4/4 (4 color both sides),2500,Score in Half,Slide Slits Right Panel,Yes 500 Envelopes A6
Majestic,Silk,6 x 9,Vertical,Rectangle,16PT C2S,Spot UV,Silk,Spot UV Front,4/4 (4 color both sides),2500,Score in Half,Slide Slits Right Panel,Yes 500 Envelopes A6
Majestic,Silk,6 x 9,Vertical,Rectangle,16PT C2S,Spot UV,Silk,Spot UV Back,4/4 (4 color both sides),2500,Score in Half,Slide Slits Right Panel,Yes 500 Envelopes A6
Majestic,Silk,6 x 9,Vertical,Rectangle,16PT C2S,Spot UV,Silk,Spot UV Both Sides,4/4 (4 color both sides),2500,Score in Half,Slide Slits Right Panel,Yes 500 Envelopes A6
Majestic,Silk,6 x 9,Horizontal,Rectangle,16PT C2S,Spot UV,Silk,Spot UV Front,4/1,5000,Score in Half,Slide Slits Right Panel,Yes 500 Envelopes A6
Majestic,Silk,6 x 9,Horizontal,Rectangle,16PT C2S,Spot UV,Silk,Spot UV Both Sides,4/4 (4 color both sides),2500,Score in Half,Slide Slits Right Panel,Yes 500 Envelopes A6
Majestic,Silk,6 x 9,Vertical,Rectangle,16PT C2S,Spot UV,Silk,Spot UV Front,4/1,5000,Score in Half,Slide Slits Right Panel,Yes 500 Envelopes A6
Majestic,Silk,6 x 9,Horizontal,Rectangle,16PT C2S,Spot UV,Silk,Spot UV Back,4/1,5000,Score in Half,Slide Slits Right Panel,Yes 500 Envelopes A6
Majestic,Silk,6 x 9,Vertical,Rectangle,16PT C2S,Spot UV,Silk,Spot UV Back,4/1,5000,Score in Half,Slide Slits Right Panel,Yes 500 Envelopes A6
Majestic,Silk,6 x 9,Horizontal,Rectangle,16PT C2S,Spot UV,Silk,Spot UV Both Sides,4/1,5000,Score in Half,Slide Slits Right Panel,Yes 500 Envelopes A6
Majestic,Silk,6 x 9,Horizontal,Rectangle,16PT C2S,Spot UV,Silk,Spot UV Front,4/4 (4 color both sides),5000,Score in Half,Slide Slits Right Panel,Yes 500 Envelopes A6
Majestic,Silk,6 x 9,Vertical,Rectangle,16PT C2S,Spot UV,Silk,Spot UV Both Sides,4/1,5000,Score in Half,Slide Slits Right Panel,Yes 500 Envelopes A6
Majestic,Silk,6 x 9,Vertical,Rectangle,16PT C2S,Spot UV,Silk,Spot UV Front,4/4 (4 color both sides),5000,Score in Half,Slide Slits Right Panel,Yes 500 Envelopes A6
Majestic,Silk,6 x 9,Horizontal,Rectangle,16PT C2S,Spot UV,Silk,Spot UV Back,4/4 (4 color both sides),5000,Score in Half,Slide Slits Right Panel,Yes 500 Envelopes A6
Majestic,Silk,6 x 9,Vertical,Rectangle,16PT C2S,Spot UV,Silk,Spot UV Back,4/4 (4 color both sides),5000,Score in Half,Slide Slits Right Panel,Yes 500 Envelopes A6
Majestic,Silk,6 x 9,Vertical,Rectangle,16PT C2S,Spot UV,Silk,Spot UV Both Sides,4/4 (4 color both sides),5000,Score in Half,Slide Slits Right Panel,Yes 500 Envelopes A6
Majestic,Silk,6 x 9,Horizontal,Rectangle,16PT C2S,Spot UV,Silk,Spot UV Both Sides,4/4 (4 color both sides),5000,Score in Half,Slide Slits Right Panel,Yes 500 Envelopes A6
Majestic,Silk,6 x 9,Horizontal,Rectangle,16PT C2S,Spot UV,Silk,Spot UV Front,4/1,10000,Score in Half,Slide Slits Right Panel,Yes 500 Envelopes A6
Majestic,Silk,6 x 9,Vertical,Rectangle,16PT C2S,Spot UV,Silk,Spot UV Front,4/1,10000,Score in Half,Slide Slits Right Panel,Yes 500 Envelopes A6
Majestic,Silk,6 x 9,Horizontal,Rectangle,16PT C2S,Spot UV,Silk,Spot UV Back,4/1,10000,Score in Half,Slide Slits Right Panel,Yes 500 Envelopes A6
Majestic,Silk,6 x 9,Vertical,Rectangle,16PT C2S,Spot UV,Silk,Spot UV Back,4/1,10000,Score in Half,Slide Slits Right Panel,Yes 500 Envelopes A6
Majestic,Silk,6 x 9,Horizontal,Rectangle,16PT C2S,Spot UV,Silk,Spot UV Both Sides,4/1,10000,Score in Half,Slide Slits Right Panel,Yes 500 Envelopes A6
Majestic,Silk,6 x 9,Vertical,Rectangle,16PT C2S,Spot UV,Silk,Spot UV Both Sides,4/1,10000,Score in Half,Slide Slits Right Panel,Yes 500 Envelopes A6
Majestic,Silk,6 x 9,Horizontal,Rectangle,16PT C2S,Spot UV,Silk,Spot UV Front,4/4 (4 color both sides),10000,Score in Half,Slide Slits Right Panel,Yes 500 Envelopes A6
Majestic,Silk,6 x 9,Vertical,Rectangle,16PT C2S,Spot UV,Silk,Spot UV Front,4/4 (4 color both sides),10000,Score in Half,Slide Slits Right Panel,Yes 500 Envelopes A6
Majestic,Silk,6 x 9,Horizontal,Rectangle,16PT C2S,Spot UV,Silk,Spot UV Back,4/4 (4 color both sides),10000,Score in Half,Slide Slits Right Panel,Yes 500 Envelopes A6
Majestic,Silk,6 x 9,Horizontal,Rectangle,16PT C2S,Spot UV,Silk,Spot UV Both Sides,4/4 (4 color both sides),10000,Score in Half,Slide Slits Right Panel,Yes 500 Envelopes A6
Majestic,Silk,6 x 9,Horizontal,Rectangle,16PT C2S,Spot UV,Silk,Spot UV Front,4/1,500,Score in Half,Moon Slits Bottom Panel,Yes 1000 Envelopes A6
Majestic,Silk,6 x 9,Vertical,Rectangle,16PT C2S,Spot UV,Silk,Spot UV Back,4/4 (4 color both sides),10000,Score in Half,Slide Slits Right Panel,Yes 500 Envelopes A6
Majestic,Silk,6 x 9,Vertical,Rectangle,16PT C2S,Spot UV,Silk,Spot UV Front,4/1,500,Score in Half,Moon Slits Bottom Panel,Yes 1000 Envelopes A6
Majestic,Silk,6 x 9,Vertical,Rectangle,16PT C2S,Spot UV,Silk,Spot UV Both Sides,4/4 (4 color both sides),10000,Score in Half,Slide Slits Right Panel,Yes 500 Envelopes A6
Majestic,Silk,6 x 9,Horizontal,Rectangle,16PT C2S,Spot UV,Silk,Spot UV Back,4/1,500,Score in Half,Moon Slits Bottom Panel,Yes 1000 Envelopes A6
Majestic,Silk,6 x 9,Horizontal,Rectangle,16PT C2S,Spot UV,Silk,Spot UV Both Sides,4/1,500,Score in Half,Moon Slits Bottom Panel,Yes 1000 Envelopes A6
Majestic,Silk,6 x 9,Vertical,Rectangle,16PT C2S,Spot UV,Silk,Spot UV Back,4/1,500,Score in Half,Moon Slits Bottom Panel,Yes 1000 Envelopes A6
Majestic,Silk,6 x 9,Vertical,Rectangle,16PT C2S,Spot UV,Silk,Spot UV Front,4/4 (4 color both sides),500,Score in Half,Moon Slits Bottom Panel,Yes 1000 Envelopes A6
Majestic,Silk,6 x 9,Horizontal,Rectangle,16PT C2S,Spot UV,Silk,Spot UV Front,4/4 (4 color both sides),500,Score in Half,Moon Slits Bottom Panel,Yes 1000 Envelopes A6
Majestic,Silk,6 x 9,Horizontal,Rectangle,16PT C2S,Spot UV,Silk,Spot UV Back,4/4 (4 color both sides),500,Score in Half,Moon Slits Bottom Panel,Yes 1000 Envelopes A6
Majestic,Silk,6 x 9,Vertical,Rectangle,16PT C2S,Spot UV,Silk,Spot UV Back,4/4 (4 color both sides),500,Score in Half,Moon Slits Bottom Panel,Yes 1000 Envelopes A6
Majestic,Silk,6 x 9,Vertical,Rectangle,16PT C2S,Spot UV,Silk,Spot UV Both Sides,4/1,500,Score in Half,Moon Slits Bottom Panel,Yes 1000 Envelopes A6
Majestic,Silk,6 x 9,Horizontal,Rectangle,16PT C2S,Spot UV,Silk,Spot UV Both Sides,4/4 (4 color both sides),500,Score in Half,Moon Slits Bottom Panel,Yes 1000 Envelopes A6
Majestic,Silk,6 x 9,Vertical,Rectangle,16PT C2S,Spot UV,Silk,Spot UV Both Sides,4/4 (4 color both sides),500,Score in Half,Moon Slits Bottom Panel,Yes 1000 Envelopes A6
Majestic,Silk,6 x 9,Horizontal,Rectangle,16PT C2S,Spot UV,Silk,Spot UV Front,4/1,1000,Score in Half,Moon Slits Bottom Panel,Yes 1000 Envelopes A6
Majestic,Silk,6 x 9,Horizontal,Rectangle,16PT C2S,Spot UV,Silk,Spot UV Back,4/1,1000,Score in Half,Moon Slits Bottom Panel,Yes 1000 Envelopes A6
Majestic,Silk,6 x 9,Vertical,Rectangle,16PT C2S,Spot UV,Silk,Spot UV Front,4/1,1000,Score in Half,Moon Slits Bottom Panel,Yes 1000 Envelopes A6
Majestic,Silk,6 x 9,Vertical,Rectangle,16PT C2S,Spot UV,Silk,Spot UV Back,4/1,1000,Score in Half,Moon Slits Bottom Panel,Yes 1000 Envelopes A6
Majestic,Silk,6 x 9,Horizontal,Rectangle,16PT C2S,Spot UV,Silk,Spot UV Both Sides,4/1,1000,Score in Half,Moon Slits Bottom Panel,Yes 1000 Envelopes A6
Majestic,Silk,6 x 9,Horizontal,Rectangle,16PT C2S,Spot UV,Silk,Spot UV Front,4/4 (4 color both sides),1000,Score in Half,Moon Slits Bottom Panel,Yes 1000 Envelopes A6
Majestic,Silk,6 x 9,Vertical,Rectangle,16PT C2S,Spot UV,Silk,Spot UV Both Sides,4/1,1000,Score in Half,Moon Slits Bottom Panel,Yes 1000 Envelopes A6
Majestic,Silk,6 x 9,Horizontal,Rectangle,16PT C2S,Spot UV,Silk,Spot UV Back,4/4 (4 color both sides),1000,Score in Half,Moon Slits Bottom Panel,Yes 1000 Envelopes A6
Majestic,Silk,6 x 9,Vertical,Rectangle,16PT C2S,Spot UV,Silk,Spot UV Front,4/4 (4 color both sides),1000,Score in Half,Moon Slits Bottom Panel,Yes 1000 Envelopes A6
Majestic,Silk,6 x 9,Vertical,Rectangle,16PT C2S,Spot UV,Silk,Spot UV Back,4/4 (4 color both sides),1000,Score in Half,Moon Slits Bottom Panel,Yes 1000 Envelopes A6
Majestic,Silk,6 x 9,Horizontal,Rectangle,16PT C2S,Spot UV,Silk,Spot UV Both Sides,4/4 (4 color both sides),1000,Score in Half,Moon Slits Bottom Panel,Yes 1000 Envelopes A6
Majestic,Silk,6 x 9,Vertical,Rectangle,16PT C2S,Spot UV,Silk,Spot UV Both Sides,4/4 (4 color both sides),1000,Score in Half,Moon Slits Bottom Panel,Yes 1000 Envelopes A6
Majestic,Silk,6 x 9,Horizontal,Rectangle,16PT C2S,Spot UV,Silk,Spot UV Front,4/1,2500,Score in Half,Moon Slits Bottom Panel,Yes 1000 Envelopes A6
Majestic,Silk,6 x 9,Vertical,Rectangle,16PT C2S,Spot UV,Silk,Spot UV Front,4/1,2500,Score in Half,Moon Slits Bottom Panel,Yes 1000 Envelopes A6
Majestic,Silk,6 x 9,Vertical,Rectangle,16PT C2S,Spot UV,Silk,Spot UV Back,4/1,2500,Score in Half,Moon Slits Bottom Panel,Yes 1000 Envelopes A6
Majestic,Silk,6 x 9,Horizontal,Rectangle,16PT C2S,Spot UV,Silk,Spot UV Back,4/1,2500,Score in Half,Moon Slits Bottom Panel,Yes 1000 Envelopes A6
Majestic,Silk,6 x 9,Horizontal,Rectangle,16PT C2S,Spot UV,Silk,Spot UV Both Sides,4/1,2500,Score in Half,Moon Slits Bottom Panel,Yes 1000 Envelopes A6
Majestic,Silk,6 x 9,Vertical,Rectangle,16PT C2S,Spot UV,Silk,Spot UV Both Sides,4/1,2500,Score in Half,Moon Slits Bottom Panel,Yes 1000 Envelopes A6
Majestic,Silk,6 x 9,Horizontal,Rectangle,16PT C2S,Spot UV,Silk,Spot UV Front,4/4 (4 color both sides),2500,Score in Half,Moon Slits Bottom Panel,Yes 1000 Envelopes A6
Majestic,Silk,6 x 9,Vertical,Rectangle,16PT C2S,Spot UV,Silk,Spot UV Front,4/4 (4 color both sides),2500,Score in Half,Moon Slits Bottom Panel,Yes 1000 Envelopes A6
Majestic,Silk,6 x 9,Horizontal,Rectangle,16PT C2S,Spot UV,Silk,Spot UV Back,4/4 (4 color both sides),2500,Score in Half,Moon Slits Bottom Panel,Yes 1000 Envelopes A6
Majestic,Silk,6 x 9,Vertical,Rectangle,16PT C2S,Spot UV,Silk,Spot UV Back,4/4 (4 color both sides),2500,Score in Half,Moon Slits Bottom Panel,Yes 1000 Envelopes A6
Majestic,Silk,6 x 9,Horizontal,Rectangle,16PT C2S,Spot UV,Silk,Spot UV Both Sides,4/4 (4 color both sides),2500,Score in Half,Moon Slits Bottom Panel,Yes 1000 Envelopes A6
Majestic,Silk,6 x 9,Vertical,Rectangle,16PT C2S,Spot UV,Silk,Spot UV Both Sides,4/4 (4 color both sides),2500,Score in Half,Moon Slits Bottom Panel,Yes 1000 Envelopes A6
Majestic,Silk,6 x 9,Horizontal,Rectangle,16PT C2S,Spot UV,Silk,Spot UV Front,4/1,5000,Score in Half,Moon Slits Bottom Panel,Yes 1000 Envelopes A6
Majestic,Silk,6 x 9,Vertical,Rectangle,16PT C2S,Spot UV,Silk,Spot UV Front,4/1,5000,Score in Half,Moon Slits Bottom Panel,Yes 1000 Envelopes A6
Majestic,Silk,6 x 9,Horizontal,Rectangle,16PT C2S,Spot UV,Silk,Spot UV Back,4/1,5000,Score in Half,Moon Slits Bottom Panel,Yes 1000 Envelopes A6
Majestic,Silk,6 x 9,Vertical,Rectangle,16PT C2S,Spot UV,Silk,Spot UV Back,4/1,5000,Score in Half,Moon Slits Bottom Panel,Yes 1000 Envelopes A6
Majestic,Silk,6 x 9,Horizontal,Rectangle,16PT C2S,Spot UV,Silk,Spot UV Both Sides,4/1,5000,Score in Half,Moon Slits Bottom Panel,Yes 1000 Envelopes A6
Majestic,Silk,6 x 9,Vertical,Rectangle,16PT C2S,Spot UV,Silk,Spot UV Both Sides,4/1,5000,Score in Half,Moon Slits Bottom Panel,Yes 1000 Envelopes A6
Majestic,Silk,6 x 9,Horizontal,Rectangle,16PT C2S,Spot UV,Silk,Spot UV Front,4/4 (4 color both sides),5000,Score in Half,Moon Slits Bottom Panel,Yes 1000 Envelopes A6
Majestic,Silk,6 x 9,Vertical,Rectangle,16PT C2S,Spot UV,Silk,Spot UV Front,4/4 (4 color both sides),5000,Score in Half,Moon Slits Bottom Panel,Yes 1000 Envelopes A6
Majestic,Silk,6 x 9,Horizontal,Rectangle,16PT C2S,Spot UV,Silk,Spot UV Back,4/4 (4 color both sides),5000,Score in Half,Moon Slits Bottom Panel,Yes 1000 Envelopes A6
Majestic,Silk,6 x 9,Horizontal,Rectangle,16PT C2S,Spot UV,Silk,Spot UV Both Sides,4/4 (4 color both sides),5000,Score in Half,Moon Slits Bottom Panel,Yes 1000 Envelopes A6
Majestic,Silk,6 x 9,Vertical,Rectangle,16PT C2S,Spot UV,Silk,Spot UV Both Sides,4/4 (4 color both sides),5000,Score in Half,Moon Slits Bottom Panel,Yes 1000 Envelopes A6
Majestic,Silk,6 x 9,Vertical,Rectangle,16PT C2S,Spot UV,Silk,Spot UV Back,4/4 (4 color both sides),5000,Score in Half,Moon Slits Bottom Panel,Yes 1000 Envelopes A6
Majestic,Silk,6 x 9,Horizontal,Rectangle,16PT C2S,Spot UV,Silk,Spot UV Front,4/1,10000,Score in Half,Moon Slits Bottom Panel,Yes 1000 Envelopes A6
Majestic,Silk,6 x 9,Vertical,Rectangle,16PT C2S,Spot UV,Silk,Spot UV Front,4/1,10000,Score in Half,Moon Slits Bottom Panel,Yes 1000 Envelopes A6
Majestic,Silk,6 x 9,Horizontal,Rectangle,16PT C2S,Spot UV,Silk,Spot UV Back,4/1,10000,Score in Half,Moon Slits Bottom Panel,Yes 1000 Envelopes A6
Majestic,Silk,6 x 9,Horizontal,Rectangle,16PT C2S,Spot UV,Silk,Spot UV Both Sides,4/1,10000,Score in Half,Moon Slits Bottom Panel,Yes 1000 Envelopes A6
Majestic,Silk,6 x 9,Vertical,Rectangle,16PT C2S,Spot UV,Silk,Spot UV Both Sides,4/1,10000,Score in Half,Moon Slits Bottom Panel,Yes 1000 Envelopes A6
Majestic,Silk,6 x 9,Vertical,Rectangle,16PT C2S,Spot UV,Silk,Spot UV Back,4/1,10000,Score in Half,Moon Slits Bottom Panel,Yes 1000 Envelopes A6
Majestic,Silk,6 x 9,Horizontal,Rectangle,16PT C2S,Spot UV,Silk,Spot UV Front,4/4 (4 color both sides),10000,Score in Half,Moon Slits Bottom Panel,Yes 1000 Envelopes A6
Majestic,Silk,6 x 9,Vertical,Rectangle,16PT C2S,Spot UV,Silk,Spot UV Front,4/4 (4 color both sides),10000,Score in Half,Moon Slits Bottom Panel,Yes 1000 Envelopes A6
Majestic,Silk,6 x 9,Horizontal,Rectangle,16PT C2S,Spot UV,Silk,Spot UV Back,4/4 (4 color both sides),10000,Score in Half,Moon Slits Bottom Panel,Yes 1000 Envelopes A6
Majestic,Silk,6 x 9,Vertical,Rectangle,16PT C2S,Spot UV,Silk,Spot UV Both Sides,4/4 (4 color both sides),10000,Score in Half,Moon Slits Bottom Panel,Yes 1000 Envelopes A6
Majestic,Silk,6 x 9,Vertical,Rectangle,16PT C2S,Spot UV,Silk,Spot UV Back,4/4 (4 color both sides),10000,Score in Half,Moon Slits Bottom Panel,Yes 1000 Envelopes A6
Majestic,Silk,6 x 9,Horizontal,Rectangle,16PT C2S,Spot UV,Silk,Spot UV Both Sides,4/4 (4 color both sides),10000,Score in Half,Moon Slits Bottom Panel,Yes 1000 Envelopes A6
Majestic,Silk,6 x 9,Horizontal,Rectangle,16PT C2S,Spot UV,Silk,Spot UV Front,4/1,500,Score in Half,Moon Slits Right Panel,Yes 1000 Envelopes A6
Majestic,Silk,6 x 9,Vertical,Rectangle,16PT C2S,Spot UV,Silk,Spot UV Front,4/1,500,Score in Half,Moon Slits Right Panel,Yes 1000 Envelopes A6
Majestic,Silk,6 x 9,Horizontal,Rectangle,16PT C2S,Spot UV,Silk,Spot UV Back,4/1,500,Score in Half,Moon Slits Right Panel,Yes 1000 Envelopes A6
Majestic,Silk,6 x 9,Horizontal,Rectangle,16PT C2S,Spot UV,Silk,Spot UV Both Sides,4/1,500,Score in Half,Moon Slits Right Panel,Yes 1000 Envelopes A6
Majestic,Silk,6 x 9,Vertical,Rectangle,16PT C2S,Spot UV,Silk,Spot UV Both Sides,4/1,500,Score in Half,Moon Slits Right Panel,Yes 1000 Envelopes A6
Majestic,Silk,6 x 9,Horizontal,Rectangle,16PT C2S,Spot UV,Silk,Spot UV Front,4/4 (4 color both sides),500,Score in Half,Moon Slits Right Panel,Yes 1000 Envelopes A6
Majestic,Silk,6 x 9,Vertical,Rectangle,16PT C2S,Spot UV,Silk,Spot UV Back,4/1,500,Score in Half,Moon Slits Right Panel,Yes 1000 Envelopes A6
Majestic,Silk,6 x 9,Horizontal,Rectangle,16PT C2S,Spot UV,Silk,Spot UV Back,4/4 (4 color both sides),500,Score in Half,Moon Slits Right Panel,Yes 1000 Envelopes A6
Majestic,Silk,6 x 9,Vertical,Rectangle,16PT C2S,Spot UV,Silk,Spot UV Front,4/4 (4 color both sides),500,Score in Half,Moon Slits Right Panel,Yes 1000 Envelopes A6
Majestic,Silk,6 x 9,Vertical,Rectangle,16PT C2S,Spot UV,Silk,Spot UV Back,4/4 (4 color both sides),500,Score in Half,Moon Slits Right Panel,Yes 1000 Envelopes A6
Majestic,Silk,6 x 9,Horizontal,Rectangle,16PT C2S,Spot UV,Silk,Spot UV Both Sides,4/4 (4 color both sides),500,Score in Half,Moon Slits Right Panel,Yes 1000 Envelopes A6
Majestic,Silk,6 x 9,Vertical,Rectangle,16PT C2S,Spot UV,Silk,Spot UV Both Sides,4/4 (4 color both sides),500,Score in Half,Moon Slits Right Panel,Yes 1000 Envelopes A6
Majestic,Silk,6 x 9,Horizontal,Rectangle,16PT C2S,Spot UV,Silk,Spot UV Front,4/1,1000,Score in Half,Moon Slits Right Panel,Yes 1000 Envelopes A6
Majestic,Silk,6 x 9,Vertical,Rectangle,16PT C2S,Spot UV,Silk,Spot UV Front,4/1,1000,Score in Half,Moon Slits Right Panel,Yes 1000 Envelopes A6
Majestic,Silk,6 x 9,Horizontal,Rectangle,16PT C2S,Spot UV,Silk,Spot UV Back,4/1,1000,Score in Half,Moon Slits Right Panel,Yes 1000 Envelopes A6
Majestic,Silk,6 x 9,Vertical,Rectangle,16PT C2S,Spot UV,Silk,Spot UV Back,4/1,1000,Score in Half,Moon Slits Right Panel,Yes 1000 Envelopes A6
Majestic,Silk,6 x 9,Horizontal,Rectangle,16PT C2S,Spot UV,Silk,Spot UV Both Sides,4/1,1000,Score in Half,Moon Slits Right Panel,Yes 1000 Envelopes A6
Majestic,Silk,6 x 9,Vertical,Rectangle,16PT C2S,Spot UV,Silk,Spot UV Both Sides,4/1,1000,Score in Half,Moon Slits Right Panel,Yes 1000 Envelopes A6
Majestic,Silk,6 x 9,Horizontal,Rectangle,16PT C2S,Spot UV,Silk,Spot UV Front,4/4 (4 color both sides),1000,Score in Half,Moon Slits Right Panel,Yes 1000 Envelopes A6
Majestic,Silk,6 x 9,Vertical,Rectangle,16PT C2S,Spot UV,Silk,Spot UV Front,4/4 (4 color both sides),1000,Score in Half,Moon Slits Right Panel,Yes 1000 Envelopes A6
Majestic,Silk,6 x 9,Horizontal,Rectangle,16PT C2S,Spot UV,Silk,Spot UV Back,4/4 (4 color both sides),1000,Score in Half,Moon Slits Right Panel,Yes 1000 Envelopes A6
Majestic,Silk,6 x 9,Vertical,Rectangle,16PT C2S,Spot UV,Silk,Spot UV Back,4/4 (4 color both sides),1000,Score in Half,Moon Slits Right Panel,Yes 1000 Envelopes A6
Majestic,Silk,6 x 9,Horizontal,Rectangle,16PT C2S,Spot UV,Silk,Spot UV Both Sides,4/4 (4 color both sides),1000,Score in Half,Moon Slits Right Panel,Yes 1000 Envelopes A6
Majestic,Silk,6 x 9,Vertical,Rectangle,16PT C2S,Spot UV,Silk,Spot UV Both Sides,4/4 (4 color both sides),1000,Score in Half,Moon Slits Right Panel,Yes 1000 Envelopes A6
Majestic,Silk,6 x 9,Horizontal,Rectangle,16PT C2S,Spot UV,Silk,Spot UV Front,4/1,2500,Score in Half,Moon Slits Right Panel,Yes 1000 Envelopes A6
Majestic,Silk,6 x 9,Vertical,Rectangle,16PT C2S,Spot UV,Silk,Spot UV Front,4/1,2500,Score in Half,Moon Slits Right Panel,Yes 1000 Envelopes A6
Majestic,Silk,6 x 9,Horizontal,Rectangle,16PT C2S,Spot UV,Silk,Spot UV Back,4/1,2500,Score in Half,Moon Slits Right Panel,Yes 1000 Envelopes A6
Majestic,Silk,6 x 9,Vertical,Rectangle,16PT C2S,Spot UV,Silk,Spot UV Back,4/1,2500,Score in Half,Moon Slits Right Panel,Yes 1000 Envelopes A6
Majestic,Silk,6 x 9,Horizontal,Rectangle,16PT C2S,Spot UV,Silk,Spot UV Both Sides,4/1,2500,Score in Half,Moon Slits Right Panel,Yes 1000 Envelopes A6
Majestic,Silk,6 x 9,Vertical,Rectangle,16PT C2S,Spot UV,Silk,Spot UV Both Sides,4/1,2500,Score in Half,Moon Slits Right Panel,Yes 1000 Envelopes A6
Majestic,Silk,6 x 9,Horizontal,Rectangle,16PT C2S,Spot UV,Silk,Spot UV Front,4/4 (4 color both sides),2500,Score in Half,Moon Slits Right Panel,Yes 1000 Envelopes A6
Majestic,Silk,6 x 9,Vertical,Rectangle,16PT C2S,Spot UV,Silk,Spot UV Front,4/4 (4 color both sides),2500,Score in Half,Moon Slits Right Panel,Yes 1000 Envelopes A6
Majestic,Silk,6 x 9,Horizontal,Rectangle,16PT C2S,Spot UV,Silk,Spot UV Back,4/4 (4 color both sides),2500,Score in Half,Moon Slits Right Panel,Yes 1000 Envelopes A6
Majestic,Silk,6 x 9,Horizontal,Rectangle,16PT C2S,Spot UV,Silk,Spot UV Both Sides,4/4 (4 color both sides),2500,Score in Half,Moon Slits Right Panel,Yes 1000 Envelopes A6
Majestic,Silk,6 x 9,Vertical,Rectangle,16PT C2S,Spot UV,Silk,Spot UV Back,4/4 (4 color both sides),2500,Score in Half,Moon Slits Right Panel,Yes 1000 Envelopes A6
Majestic,Silk,6 x 9,Vertical,Rectangle,16PT C2S,Spot UV,Silk,Spot UV Both Sides,4/4 (4 color both sides),2500,Score in Half,Moon Slits Right Panel,Yes 1000 Envelopes A6
Majestic,Silk,6 x 9,Horizontal,Rectangle,16PT C2S,Spot UV,Silk,Spot UV Front,4/1,5000,Score in Half,Moon Slits Right Panel,Yes 1000 Envelopes A6
Majestic,Silk,6 x 9,Vertical,Rectangle,16PT C2S,Spot UV,Silk,Spot UV Front,4/1,5000,Score in Half,Moon Slits Right Panel,Yes 1000 Envelopes A6
Majestic,Silk,6 x 9,Horizontal,Rectangle,16PT C2S,Spot UV,Silk,Spot UV Back,4/1,5000,Score in Half,Moon Slits Right Panel,Yes 1000 Envelopes A6
Majestic,Silk,6 x 9,Vertical,Rectangle,16PT C2S,Spot UV,Silk,Spot UV Back,4/1,10000,Score in Half,Slide Slits Bottom Panel,Yes 500 Envelopes A6
Majestic,Silk,6 x 9,Horizontal,Rectangle,16PT C2S,Spot UV,Silk,Spot UV Both Sides,4/1,5000,Score in Half,Moon Slits Right Panel,Yes 1000 Envelopes A6
Majestic,Silk,6 x 9,Vertical,Rectangle,16PT C2S,Spot UV,Silk,Spot UV Both Sides,4/1,5000,Score in Half,Moon Slits Right Panel,Yes 1000 Envelopes A6
Majestic,Silk,6 x 9,Horizontal,Rectangle,16PT C2S,Spot UV,Silk,Spot UV Front,4/4 (4 color both sides),5000,Score in Half,Moon Slits Right Panel,Yes 1000 Envelopes A6
Majestic,Silk,6 x 9,Vertical,Rectangle,16PT C2S,Spot UV,Silk,Spot UV Front,4/4 (4 color both sides),5000,Score in Half,Moon Slits Right Panel,Yes 1000 Envelopes A6
Majestic,Silk,6 x 9,Horizontal,Rectangle,16PT C2S,Spot UV,Silk,Spot UV Back,4/4 (4 color both sides),5000,Score in Half,Moon Slits Right Panel,Yes 1000 Envelopes A6
Majestic,Silk,6 x 9,Vertical,Rectangle,16PT C2S,Spot UV,Silk,Spot UV Back,4/4 (4 color both sides),5000,Score in Half,Moon Slits Right Panel,Yes 1000 Envelopes A6
Majestic,Silk,6 x 9,Horizontal,Rectangle,16PT C2S,Spot UV,Silk,Spot UV Both Sides,4/4 (4 color both sides),5000,Score in Half,Moon Slits Right Panel,Yes 1000 Envelopes A6
Majestic,Silk,6 x 9,Vertical,Rectangle,16PT C2S,Spot UV,Silk,Spot UV Both Sides,4/4 (4 color both sides),5000,Score in Half,Moon Slits Right Panel,Yes 1000 Envelopes A6
Majestic,Silk,6 x 9,Horizontal,Rectangle,16PT C2S,Spot UV,Silk,Spot UV Front,4/1,10000,Score in Half,Moon Slits Right Panel,Yes 1000 Envelopes A6
Majestic,Silk,6 x 9,Vertical,Rectangle,16PT C2S,Spot UV,Silk,Spot UV Front,4/1,10000,Score in Half,Moon Slits Right Panel,Yes 1000 Envelopes A6
Majestic,Silk,6 x 9,Horizontal,Rectangle,16PT C2S,Spot UV,Silk,Spot UV Back,4/1,10000,Score in Half,Moon Slits Right Panel,Yes 1000 Envelopes A6
Majestic,Silk,6 x 9,Horizontal,Rectangle,16PT C2S,Spot UV,Silk,Spot UV Both Sides,4/1,10000,Score in Half,Moon Slits Right Panel,Yes 1000 Envelopes A6
Majestic,Silk,6 x 9,Vertical,Rectangle,16PT C2S,Spot UV,Silk,Spot UV Back,4/1,10000,Score in Half,Moon Slits Right Panel,Yes 1000 Envelopes A6
Majestic,Silk,6 x 9,Vertical,Rectangle,16PT C2S,Spot UV,Silk,Spot UV Both Sides,4/1,10000,Score in Half,Moon Slits Right Panel,Yes 1000 Envelopes A6
Majestic,Silk,6 x 9,Horizontal,Rectangle,16PT C2S,Spot UV,Silk,Spot UV Front,4/4 (4 color both sides),10000,Score in Half,Moon Slits Right Panel,Yes 1000 Envelopes A6
Majestic,Silk,6 x 9,Vertical,Rectangle,16PT C2S,Spot UV,Silk,Spot UV Front,4/4 (4 color both sides),10000,Score in Half,Moon Slits Right Panel,Yes 1000 Envelopes A6
Majestic,Silk,6 x 9,Vertical,Rectangle,16PT C2S,Spot UV,Silk,Spot UV Back,4/1,5000,Score in Half,Moon Slits Right Panel,Yes 1000 Envelopes A6
Majestic,Silk,6 x 9,Vertical,Rectangle,16PT C2S,Spot UV,Silk,Spot UV Back,4/4 (4 color both sides),10000,Score in Half,Moon Slits Right Panel,Yes 1000 Envelopes A6
Majestic,Silk,6 x 9,Horizontal,Rectangle,16PT C2S,Spot UV,Silk,Spot UV Both Sides,4/4 (4 color both sides),10000,Score in Half,Moon Slits Right Panel,Yes 1000 Envelopes A6
Majestic,Silk,6 x 9,Horizontal,Rectangle,16PT C2S,Spot UV,Silk,Spot UV Back,4/4 (4 color both sides),10000,Score in Half,Moon Slits Right Panel,Yes 1000 Envelopes A6
Majestic,Silk,6 x 9,Horizontal,Rectangle,16PT C2S,Spot UV,Silk,Spot UV Front,4/1,500,Score in Half,No Gift Cards Slits,Yes 1000 Envelopes A6
Majestic,Silk,6 x 9,Vertical,Rectangle,16PT C2S,Spot UV,Silk,Spot UV Front,4/1,500,Score in Half,No Gift Cards Slits,Yes 1000 Envelopes A6
Majestic,Silk,6 x 9,Horizontal,Rectangle,16PT C2S,Spot UV,Silk,Spot UV Back,4/1,500,Score in Half,No Gift Cards Slits,Yes 1000 Envelopes A6
Majestic,Silk,6 x 9,Vertical,Rectangle,16PT C2S,Spot UV,Silk,Spot UV Back,4/1,500,Score in Half,No Gift Cards Slits,Yes 1000 Envelopes A6
Majestic,Silk,6 x 9,Horizontal,Rectangle,16PT C2S,Spot UV,Silk,Spot UV Both Sides,4/1,500,Score in Half,No Gift Cards Slits,Yes 1000 Envelopes A6
Majestic,Silk,6 x 9,Horizontal,Rectangle,16PT C2S,Spot UV,Silk,Spot UV Front,4/4 (4 color both sides),500,Score in Half,No Gift Cards Slits,Yes 1000 Envelopes A6
Majestic,Silk,6 x 9,Vertical,Rectangle,16PT C2S,Spot UV,Silk,Spot UV Both Sides,4/1,500,Score in Half,No Gift Cards Slits,Yes 1000 Envelopes A6
Majestic,Silk,6 x 9,Vertical,Rectangle,16PT C2S,Spot UV,Silk,Spot UV Front,4/4 (4 color both sides),500,Score in Half,No Gift Cards Slits,Yes 1000 Envelopes A6
Majestic,Silk,6 x 9,Horizontal,Rectangle,16PT C2S,Spot UV,Silk,Spot UV Back,4/4 (4 color both sides),500,Score in Half,No Gift Cards Slits,Yes 1000 Envelopes A6
Majestic,Silk,6 x 9,Vertical,Rectangle,16PT C2S,Spot UV,Silk,Spot UV Back,4/4 (4 color both sides),500,Score in Half,No Gift Cards Slits,Yes 1000 Envelopes A6
Majestic,Silk,6 x 9,Vertical,Rectangle,16PT C2S,Spot UV,Silk,Spot UV Both Sides,4/4 (4 color both sides),500,Score in Half,No Gift Cards Slits,Yes 1000 Envelopes A6
Majestic,Silk,6 x 9,Horizontal,Rectangle,16PT C2S,Spot UV,Silk,Spot UV Front,4/1,1000,Score in Half,No Gift Cards Slits,Yes 1000 Envelopes A6
Majestic,Silk,6 x 9,Horizontal,Rectangle,16PT C2S,Spot UV,Silk,Spot UV Both Sides,4/4 (4 color both sides),500,Score in Half,No Gift Cards Slits,Yes 1000 Envelopes A6
Majestic,Silk,6 x 9,Vertical,Rectangle,16PT C2S,Spot UV,Silk,Spot UV Front,4/1,500,Score in Half,Slide Slits Right Panel,Yes 500 Envelopes A6
Majestic,Silk,6 x 9,Horizontal,Rectangle,16PT C2S,Spot UV,Silk,Spot UV Back,4/1,1000,Score in Half,No Gift Cards Slits,Yes 1000 Envelopes A6
Majestic,Silk,6 x 9,Vertical,Rectangle,16PT C2S,Spot UV,Silk,Spot UV Both Sides,4/1,1000,Score in Half,No Gift Cards Slits,Yes 1000 Envelopes A6
Majestic,Silk,6 x 9,Horizontal,Rectangle,16PT C2S,Spot UV,Silk,Spot UV Front,4/4 (4 color both sides),1000,Score in Half,No Gift Cards Slits,Yes 1000 Envelopes A6
Majestic,Silk,6 x 9,Vertical,Rectangle,16PT C2S,Spot UV,Silk,Spot UV Front,4/4 (4 color both sides),1000,Score in Half,No Gift Cards Slits,Yes 1000 Envelopes A6
Majestic,Silk,6 x 9,Horizontal,Rectangle,16PT C2S,Spot UV,Silk,Spot UV Both Sides,4/1,1000,Score in Half,No Gift Cards Slits,Yes 1000 Envelopes A6
Majestic,Silk,6 x 9,Vertical,Rectangle,16PT C2S,Spot UV,Silk,Spot UV Back,4/1,1000,Score in Half,No Gift Cards Slits,Yes 1000 Envelopes A6
Majestic,Silk,6 x 9,Horizontal,Rectangle,16PT C2S,Spot UV,Silk,Spot UV Back,4/4 (4 color both sides),1000,Score in Half,No Gift Cards Slits,Yes 1000 Envelopes A6
Majestic,Silk,6 x 9,Vertical,Rectangle,16PT C2S,Spot UV,Silk,Spot UV Back,4/4 (4 color both sides),1000,Score in Half,No Gift Cards Slits,Yes 1000 Envelopes A6
Majestic,Silk,6 x 9,Horizontal,Rectangle,16PT C2S,Spot UV,Silk,Spot UV Both Sides,4/4 (4 color both sides),1000,Score in Half,No Gift Cards Slits,Yes 1000 Envelopes A6
Majestic,Silk,6 x 9,Vertical,Rectangle,16PT C2S,Spot UV,Silk,Spot UV Both Sides,4/4 (4 color both sides),1000,Score in Half,No Gift Cards Slits,Yes 1000 Envelopes A6
Majestic,Silk,6 x 9,Vertical,Rectangle,16PT C2S,Spot UV,Silk,Spot UV Front,4/1,2500,Score in Half,No Gift Cards Slits,Yes 1000 Envelopes A6
Majestic,Silk,6 x 9,Horizontal,Rectangle,16PT C2S,Spot UV,Silk,Spot UV Front,4/1,2500,Score in Half,No Gift Cards Slits,Yes 1000 Envelopes A6
Majestic,Silk,6 x 9,Horizontal,Rectangle,16PT C2S,Spot UV,Silk,Spot UV Back,4/1,2500,Score in Half,No Gift Cards Slits,Yes 1000 Envelopes A6
Majestic,Silk,6 x 9,Vertical,Rectangle,16PT C2S,Spot UV,Silk,Spot UV Back,4/1,2500,Score in Half,No Gift Cards Slits,Yes 1000 Envelopes A6
Majestic,Silk,6 x 9,Horizontal,Rectangle,16PT C2S,Spot UV,Silk,Spot UV Both Sides,4/1,2500,Score in Half,No Gift Cards Slits,Yes 1000 Envelopes A6
Majestic,Silk,6 x 9,Vertical,Rectangle,16PT C2S,Spot UV,Silk,Spot UV Both Sides,4/1,2500,Score in Half,No Gift Cards Slits,Yes 1000 Envelopes A6
Majestic,Silk,6 x 9,Horizontal,Rectangle,16PT C2S,Spot UV,Silk,Spot UV Front,4/4 (4 color both sides),2500,Score in Half,No Gift Cards Slits,Yes 1000 Envelopes A6
Majestic,Silk,6 x 9,Vertical,Rectangle,16PT C2S,Spot UV,Silk,Spot UV Front,4/4 (4 color both sides),2500,Score in Half,No Gift Cards Slits,Yes 1000 Envelopes A6
Majestic,Silk,6 x 9,Horizontal,Rectangle,16PT C2S,Spot UV,Silk,Spot UV Back,4/4 (4 color both sides),2500,Score in Half,No Gift Cards Slits,Yes 1000 Envelopes A6
Majestic,Silk,6 x 9,Horizontal,Rectangle,16PT C2S,Spot UV,Silk,Spot UV Both Sides,4/4 (4 color both sides),2500,Score in Half,No Gift Cards Slits,Yes 1000 Envelopes A6
Majestic,Silk,6 x 9,Vertical,Rectangle,16PT C2S,Spot UV,Silk,Spot UV Back,4/4 (4 color both sides),2500,Score in Half,No Gift Cards Slits,Yes 1000 Envelopes A6
Majestic,Silk,6 x 9,Vertical,Rectangle,16PT C2S,Spot UV,Silk,Spot UV Both Sides,4/4 (4 color both sides),2500,Score in Half,No Gift Cards Slits,Yes 1000 Envelopes A6
Majestic,Silk,6 x 9,Horizontal,Rectangle,16PT C2S,Spot UV,Silk,Spot UV Front,4/1,5000,Score in Half,No Gift Cards Slits,Yes 1000 Envelopes A6
Majestic,Silk,6 x 9,Vertical,Rectangle,16PT C2S,Spot UV,Silk,Spot UV Front,4/1,5000,Score in Half,No Gift Cards Slits,Yes 1000 Envelopes A6
Majestic,Silk,6 x 9,Horizontal,Rectangle,16PT C2S,Spot UV,Silk,Spot UV Back,4/1,5000,Score in Half,No Gift Cards Slits,Yes 1000 Envelopes A6
Majestic,Silk,6 x 9,Vertical,Rectangle,16PT C2S,Spot UV,Silk,Spot UV Back,4/1,5000,Score in Half,No Gift Cards Slits,Yes 1000 Envelopes A6
Majestic,Silk,6 x 9,Horizontal,Rectangle,16PT C2S,Spot UV,Silk,Spot UV Both Sides,4/1,5000,Score in Half,No Gift Cards Slits,Yes 1000 Envelopes A6
Majestic,Silk,6 x 9,Vertical,Rectangle,16PT C2S,Spot UV,Silk,Spot UV Both Sides,4/1,5000,Score in Half,No Gift Cards Slits,Yes 1000 Envelopes A6
Majestic,Silk,6 x 9,Horizontal,Rectangle,16PT C2S,Spot UV,Silk,Spot UV Front,4/4 (4 color both sides),5000,Score in Half,No Gift Cards Slits,Yes 1000 Envelopes A6
Majestic,Silk,6 x 9,Vertical,Rectangle,16PT C2S,Spot UV,Silk,Spot UV Front,4/4 (4 color both sides),5000,Score in Half,No Gift Cards Slits,Yes 1000 Envelopes A6
Majestic,Silk,6 x 9,Horizontal,Rectangle,16PT C2S,Spot UV,Silk,Spot UV Back,4/1,1000,Score in Half,Slide Slits Right Panel,Yes 500 Envelopes A6
Majestic,Silk,6 x 9,Vertical,Rectangle,16PT C2S,Spot UV,Silk,Spot UV Back,4/4 (4 color both sides),5000,Score in Half,No Gift Cards Slits,Yes 1000 Envelopes A6
Majestic,Silk,6 x 9,Horizontal,Rectangle,16PT C2S,Spot UV,Silk,Spot UV Both Sides,4/4 (4 color both sides),5000,Score in Half,No Gift Cards Slits,Yes 1000 Envelopes A6
Majestic,Silk,6 x 9,Vertical,Rectangle,16PT C2S,Spot UV,Silk,Spot UV Both Sides,4/4 (4 color both sides),5000,Score in Half,No Gift Cards Slits,Yes 1000 Envelopes A6
Majestic,Silk,6 x 9,Horizontal,Rectangle,16PT C2S,Spot UV,Silk,Spot UV Front,4/1,10000,Score in Half,No Gift Cards Slits,Yes 1000 Envelopes A6
Majestic,Silk,6 x 9,Vertical,Rectangle,16PT C2S,Spot UV,Silk,Spot UV Front,4/1,10000,Score in Half,No Gift Cards Slits,Yes 1000 Envelopes A6
Majestic,Silk,6 x 9,Horizontal,Rectangle,16PT C2S,Spot UV,Silk,Spot UV Back,4/1,10000,Score in Half,No Gift Cards Slits,Yes 1000 Envelopes A6
Majestic,Silk,6 x 9,Vertical,Rectangle,16PT C2S,Spot UV,Silk,Spot UV Back,4/1,10000,Score in Half,No Gift Cards Slits,Yes 1000 Envelopes A6
Majestic,Silk,6 x 9,Horizontal,Rectangle,16PT C2S,Spot UV,Silk,Spot UV Both Sides,4/1,10000,Score in Half,No Gift Cards Slits,Yes 1000 Envelopes A6
Majestic,Silk,6 x 9,Vertical,Rectangle,16PT C2S,Spot UV,Silk,Spot UV Both Sides,4/1,10000,Score in Half,No Gift Cards Slits,Yes 1000 Envelopes A6
Majestic,Silk,6 x 9,Vertical,Rectangle,16PT C2S,Spot UV,Silk,Spot UV Front,4/1,1000,Score in Half,No Gift Cards Slits,Yes 1000 Envelopes A6
Majestic,Silk,6 x 9,Vertical,Rectangle,16PT C2S,Spot UV,Silk,Spot UV Front,4/4 (4 color both sides),10000,Score in Half,No Gift Cards Slits,Yes 1000 Envelopes A6
Majestic,Silk,6 x 9,Horizontal,Rectangle,16PT C2S,Spot UV,Silk,Spot UV Back,4/4 (4 color both sides),10000,Score in Half,No Gift Cards Slits,Yes 1000 Envelopes A6
Majestic,Silk,6 x 9,Vertical,Rectangle,16PT C2S,Spot UV,Silk,Spot UV Back,4/4 (4 color both sides),10000,Score in Half,No Gift Cards Slits,Yes 1000 Envelopes A6
Majestic,Silk,6 x 9,Horizontal,Rectangle,16PT C2S,Spot UV,Silk,Spot UV Both Sides,4/4 (4 color both sides),10000,Score in Half,No Gift Cards Slits,Yes 1000 Envelopes A6
Majestic,Silk,6 x 9,Horizontal,Rectangle,16PT C2S,Spot UV,Silk,Spot UV Front,4/1,500,Score in Half,Slide Slits Bottom Panel,Yes 1000 Envelopes A6
Majestic,Silk,6 x 9,Vertical,Rectangle,16PT C2S,Spot UV,Silk,Spot UV Front,4/1,500,Score in Half,Slide Slits Bottom Panel,Yes 1000 Envelopes A6
Majestic,Silk,6 x 9,Horizontal,Rectangle,16PT C2S,Spot UV,Silk,Spot UV Back,4/1,500,Score in Half,Slide Slits Bottom Panel,Yes 1000 Envelopes A6
Majestic,Silk,6 x 9,Horizontal,Rectangle,16PT C2S,Spot UV,Silk,Spot UV Front,4/4 (4 color both sides),10000,Score in Half,No Gift Cards Slits,Yes 1000 Envelopes A6
Majestic,Silk,6 x 9,Vertical,Rectangle,16PT C2S,Spot UV,Silk,Spot UV Back,4/1,500,Score in Half,Slide Slits Bottom Panel,Yes 1000 Envelopes A6
Majestic,Silk,6 x 9,Horizontal,Rectangle,16PT C2S,Spot UV,Silk,Spot UV Both Sides,4/1,500,Score in Half,Slide Slits Bottom Panel,Yes 1000 Envelopes A6
Majestic,Silk,6 x 9,Horizontal,Rectangle,16PT C2S,Spot UV,Silk,Spot UV Front,4/4 (4 color both sides),500,Score in Half,Slide Slits Bottom Panel,Yes 1000 Envelopes A6
Majestic,Silk,6 x 9,Vertical,Rectangle,16PT C2S,Spot UV,Silk,Spot UV Both Sides,4/1,500,Score in Half,Slide Slits Bottom Panel,Yes 1000 Envelopes A6
Majestic,Silk,6 x 9,Horizontal,Rectangle,16PT C2S,Spot UV,Silk,Spot UV Back,4/4 (4 color both sides),5000,Score in Half,No Gift Cards Slits,Yes 1000 Envelopes A6
Majestic,Silk,6 x 9,Vertical,Rectangle,16PT C2S,Spot UV,Silk,Spot UV Both Sides,4/4 (4 color both sides),10000,Score in Half,No Gift Cards Slits,Yes 1000 Envelopes A6
Majestic,Silk,6 x 9,Vertical,Rectangle,16PT C2S,Spot UV,Silk,Spot UV Back,4/4 (4 color both sides),500,Score in Half,Slide Slits Bottom Panel,Yes 1000 Envelopes A6
Majestic,Silk,6 x 9,Horizontal,Rectangle,16PT C2S,Spot UV,Silk,Spot UV Both Sides,4/4 (4 color both sides),500,Score in Half,Slide Slits Bottom Panel,Yes 1000 Envelopes A6
Majestic,Silk,6 x 9,Horizontal,Rectangle,16PT C2S,Spot UV,Silk,Spot UV Front,4/1,1000,Score in Half,Slide Slits Bottom Panel,Yes 1000 Envelopes A6
Majestic,Silk,6 x 9,Vertical,Rectangle,16PT C2S,Spot UV,Silk,Spot UV Front,4/1,1000,Score in Half,Slide Slits Bottom Panel,Yes 1000 Envelopes A6
Majestic,Silk,6 x 9,Horizontal,Rectangle,16PT C2S,Spot UV,Silk,Spot UV Back,4/1,1000,Score in Half,Slide Slits Bottom Panel,Yes 1000 Envelopes A6
Majestic,Silk,6 x 9,Vertical,Rectangle,16PT C2S,Spot UV,Silk,Spot UV Both Sides,4/4 (4 color both sides),500,Score in Half,Slide Slits Bottom Panel,Yes 1000 Envelopes A6
Majestic,Silk,6 x 9,Vertical,Rectangle,16PT C2S,Spot UV,Silk,Spot UV Back,4/1,1000,Score in Half,Slide Slits Bottom Panel,Yes 1000 Envelopes A6
Majestic,Silk,6 x 9,Horizontal,Rectangle,16PT C2S,Spot UV,Silk,Spot UV Both Sides,4/1,1000,Score in Half,Slide Slits Bottom Panel,Yes 1000 Envelopes A6
Majestic,Silk,6 x 9,Vertical,Rectangle,16PT C2S,Spot UV,Silk,Spot UV Both Sides,4/1,1000,Score in Half,Slide Slits Bottom Panel,Yes 1000 Envelopes A6
Majestic,Silk,6 x 9,Horizontal,Rectangle,16PT C2S,Spot UV,Silk,Spot UV Front,4/4 (4 color both sides),1000,Score in Half,Slide Slits Bottom Panel,Yes 1000 Envelopes A6
Majestic,Silk,6 x 9,Vertical,Rectangle,16PT C2S,Spot UV,Silk,Spot UV Front,4/4 (4 color both sides),1000,Score in Half,Slide Slits Bottom Panel,Yes 1000 Envelopes A6
Majestic,Silk,6 x 9,Horizontal,Rectangle,16PT C2S,Spot UV,Silk,Spot UV Back,4/4 (4 color both sides),1000,Score in Half,Slide Slits Bottom Panel,Yes 1000 Envelopes A6
Majestic,Silk,6 x 9,Vertical,Rectangle,16PT C2S,Spot UV,Silk,Spot UV Back,4/4 (4 color both sides),1000,Score in Half,Slide Slits Bottom Panel,Yes 1000 Envelopes A6
Majestic,Silk,6 x 9,Horizontal,Rectangle,16PT C2S,Spot UV,Silk,Spot UV Both Sides,4/4 (4 color both sides),1000,Score in Half,Slide Slits Bottom Panel,Yes 1000 Envelopes A6
Majestic,Silk,6 x 9,Vertical,Rectangle,16PT C2S,Spot UV,Silk,Spot UV Both Sides,4/4 (4 color both sides),1000,Score in Half,Slide Slits Bottom Panel,Yes 1000 Envelopes A6
Majestic,Silk,6 x 9,Horizontal,Rectangle,16PT C2S,Spot UV,Silk,Spot UV Front,4/1,2500,Score in Half,Slide Slits Bottom Panel,Yes 1000 Envelopes A6
Majestic,Silk,6 x 9,Vertical,Rectangle,16PT C2S,Spot UV,Silk,Spot UV Front,4/1,2500,Score in Half,Slide Slits Bottom Panel,Yes 1000 Envelopes A6
Majestic,Silk,6 x 9,Horizontal,Rectangle,16PT C2S,Spot UV,Silk,Spot UV Back,4/1,2500,Score in Half,Slide Slits Bottom Panel,Yes 1000 Envelopes A6
Majestic,Silk,6 x 9,Vertical,Rectangle,16PT C2S,Spot UV,Silk,Spot UV Back,4/1,2500,Score in Half,Slide Slits Bottom Panel,Yes 1000 Envelopes A6
Majestic,Silk,6 x 9,Horizontal,Rectangle,16PT C2S,Spot UV,Silk,Spot UV Both Sides,4/1,2500,Score in Half,Slide Slits Bottom Panel,Yes 1000 Envelopes A6
Majestic,Silk,6 x 9,Vertical,Rectangle,16PT C2S,Spot UV,Silk,Spot UV Both Sides,4/1,2500,Score in Half,Slide Slits Bottom Panel,Yes 1000 Envelopes A6
Majestic,Silk,6 x 9,Horizontal,Rectangle,16PT C2S,Spot UV,Silk,Spot UV Front,4/4 (4 color both sides),2500,Score in Half,Slide Slits Bottom Panel,Yes 1000 Envelopes A6
Majestic,Silk,6 x 9,Horizontal,Rectangle,16PT C2S,Spot UV,Silk,Spot UV Back,4/4 (4 color both sides),2500,Score in Half,Slide Slits Bottom Panel,Yes 1000 Envelopes A6
Majestic,Silk,6 x 9,Vertical,Rectangle,16PT C2S,Spot UV,Silk,Spot UV Back,4/4 (4 color both sides),2500,Score in Half,Slide Slits Bottom Panel,Yes 1000 Envelopes A6
Majestic,Silk,6 x 9,Vertical,Rectangle,16PT C2S,Spot UV,Silk,Spot UV Front,4/4 (4 color both sides),2500,Score in Half,Slide Slits Bottom Panel,Yes 1000 Envelopes A6
Majestic,Silk,6 x 9,Horizontal,Rectangle,16PT C2S,Spot UV,Silk,Spot UV Both Sides,4/4 (4 color both sides),2500,Score in Half,Slide Slits Bottom Panel,Yes 1000 Envelopes A6
Majestic,Silk,6 x 9,Vertical,Rectangle,16PT C2S,Spot UV,Silk,Spot UV Both Sides,4/4 (4 color both sides),2500,Score in Half,Slide Slits Bottom Panel,Yes 1000 Envelopes A6
Majestic,Silk,6 x 9,Vertical,Rectangle,16PT C2S,Spot UV,Silk,Spot UV Front,4/1,5000,Score in Half,Slide Slits Bottom Panel,Yes 1000 Envelopes A6
Majestic,Silk,6 x 9,Horizontal,Rectangle,16PT C2S,Spot UV,Silk,Spot UV Front,4/1,5000,Score in Half,Slide Slits Bottom Panel,Yes 1000 Envelopes A6
Majestic,Silk,6 x 9,Vertical,Rectangle,16PT C2S,Spot UV,Silk,Spot UV Back,4/1,5000,Score in Half,Slide Slits Bottom Panel,Yes 1000 Envelopes A6
Majestic,Silk,6 x 9,Horizontal,Rectangle,16PT C2S,Spot UV,Silk,Spot UV Back,4/1,5000,Score in Half,Slide Slits Bottom Panel,Yes 1000 Envelopes A6
Majestic,Silk,6 x 9,Vertical,Rectangle,16PT C2S,Spot UV,Silk,Spot UV Both Sides,4/1,5000,Score in Half,Slide Slits Bottom Panel,Yes 1000 Envelopes A6
Majestic,Silk,6 x 9,Horizontal,Rectangle,16PT C2S,Spot UV,Silk,Spot UV Both Sides,4/1,5000,Score in Half,Slide Slits Bottom Panel,Yes 1000 Envelopes A6
Majestic,Silk,6 x 9,Vertical,Rectangle,16PT C2S,Spot UV,Silk,Spot UV Front,4/4 (4 color both sides),5000,Score in Half,Slide Slits Bottom Panel,Yes 1000 Envelopes A6
Majestic,Silk,6 x 9,Horizontal,Rectangle,16PT C2S,Spot UV,Silk,Spot UV Front,4/4 (4 color both sides),5000,Score in Half,Slide Slits Bottom Panel,Yes 1000 Envelopes A6
Majestic,Silk,6 x 9,Vertical,Rectangle,16PT C2S,Spot UV,Silk,Spot UV Back,4/4 (4 color both sides),5000,Score in Half,Slide Slits Bottom Panel,Yes 1000 Envelopes A6
Majestic,Silk,6 x 9,Horizontal,Rectangle,16PT C2S,Spot UV,Silk,Spot UV Front,4/1,10000,Score in Half,Slide Slits Bottom Panel,Yes 1000 Envelopes A6
Majestic,Silk,6 x 9,Vertical,Rectangle,16PT C2S,Spot UV,Silk,Spot UV Both Sides,4/4 (4 color both sides),5000,Score in Half,Slide Slits Bottom Panel,Yes 1000 Envelopes A6
Majestic,Silk,6 x 9,Horizontal,Rectangle,16PT C2S,Spot UV,Silk,Spot UV Back,4/4 (4 color both sides),5000,Score in Half,Slide Slits Bottom Panel,Yes 1000 Envelopes A6
Majestic,Silk,6 x 9,Vertical,Rectangle,16PT C2S,Spot UV,Silk,Spot UV Front,4/1,10000,Score in Half,Slide Slits Bottom Panel,Yes 1000 Envelopes A6
Majestic,Silk,6 x 9,Horizontal,Rectangle,16PT C2S,Spot UV,Silk,Spot UV Both Sides,4/4 (4 color both sides),5000,Score in Half,Slide Slits Bottom Panel,Yes 1000 Envelopes A6
Majestic,Silk,6 x 9,Vertical,Rectangle,16PT C2S,Spot UV,Silk,Spot UV Back,4/1,10000,Score in Half,Slide Slits Bottom Panel,Yes 1000 Envelopes A6
Majestic,Silk,6 x 9,Horizontal,Rectangle,16PT C2S,Spot UV,Silk,Spot UV Back,4/1,10000,Score in Half,Slide Slits Bottom Panel,Yes 1000 Envelopes A6
Majestic,Silk,6 x 9,Horizontal,Rectangle,16PT C2S,Spot UV,Silk,Spot UV Both Sides,4/1,10000,Score in Half,Slide Slits Bottom Panel,Yes 1000 Envelopes A6
Majestic,Silk,6 x 9,Vertical,Rectangle,16PT C2S,Spot UV,Silk,Spot UV Both Sides,4/1,10000,Score in Half,Slide Slits Bottom Panel,Yes 1000 Envelopes A6
Majestic,Silk,6 x 9,Vertical,Rectangle,16PT C2S,Spot UV,Silk,Spot UV Front,4/4 (4 color both sides),10000,Score in Half,Slide Slits Bottom Panel,Yes 1000 Envelopes A6
Majestic,Silk,6 x 9,Horizontal,Rectangle,16PT C2S,Spot UV,Silk,Spot UV Front,4/4 (4 color both sides),10000,Score in Half,Slide Slits Bottom Panel,Yes 1000 Envelopes A6
Majestic,Silk,6 x 9,Horizontal,Rectangle,16PT C2S,Spot UV,Silk,Spot UV Back,4/4 (4 color both sides),10000,Score in Half,Slide Slits Bottom Panel,Yes 1000 Envelopes A6
Majestic,Silk,6 x 9,Vertical,Rectangle,16PT C2S,Spot UV,Silk,Spot UV Back,4/4 (4 color both sides),10000,Score in Half,Slide Slits Bottom Panel,Yes 1000 Envelopes A6
Majestic,Silk,6 x 9,Horizontal,Rectangle,16PT C2S,Spot UV,Silk,Spot UV Both Sides,4/4 (4 color both sides),10000,Score in Half,Slide Slits Bottom Panel,Yes 1000 Envelopes A6
Majestic,Silk,6 x 9,Horizontal,Rectangle,16PT C2S,Spot UV,Silk,Spot UV Front,4/1,500,Score in Half,Slide Slits Right Panel,Yes 1000 Envelopes A6
Majestic,Silk,6 x 9,Vertical,Rectangle,16PT C2S,Spot UV,Silk,Spot UV Both Sides,4/4 (4 color both sides),10000,Score in Half,Slide Slits Bottom Panel,Yes 1000 Envelopes A6
Majestic,Silk,6 x 9,Vertical,Rectangle,16PT C2S,Spot UV,Silk,Spot UV Front,4/1,500,Score in Half,Slide Slits Right Panel,Yes 1000 Envelopes A6
Majestic,Silk,6 x 9,Horizontal,Rectangle,16PT C2S,Spot UV,Silk,Spot UV Back,4/1,500,Score in Half,Slide Slits Right Panel,Yes 1000 Envelopes A6
Majestic,Silk,6 x 9,Vertical,Rectangle,16PT C2S,Spot UV,Silk,Spot UV Back,4/1,500,Score in Half,Slide Slits Right Panel,Yes 1000 Envelopes A6
Majestic,Silk,6 x 9,Horizontal,Rectangle,16PT C2S,Spot UV,Silk,Spot UV Both Sides,4/1,500,Score in Half,Slide Slits Right Panel,Yes 1000 Envelopes A6
Majestic,Silk,6 x 9,Vertical,Rectangle,16PT C2S,Spot UV,Silk,Spot UV Both Sides,4/1,500,Score in Half,Slide Slits Right Panel,Yes 1000 Envelopes A6
Majestic,Silk,6 x 9,Horizontal,Rectangle,16PT C2S,Spot UV,Silk,Spot UV Front,4/4 (4 color both sides),500,Score in Half,Slide Slits Right Panel,Yes 1000 Envelopes A6
Majestic,Silk,6 x 9,Vertical,Rectangle,16PT C2S,Spot UV,Silk,Spot UV Front,4/4 (4 color both sides),500,Score in Half,Slide Slits Right Panel,Yes 1000 Envelopes A6
Majestic,Silk,6 x 9,Horizontal,Rectangle,16PT C2S,Spot UV,Silk,Spot UV Both Sides,4/4 (4 color both sides),500,Score in Half,Slide Slits Right Panel,Yes 1000 Envelopes A6
Majestic,Silk,6 x 9,Vertical,Rectangle,16PT C2S,Spot UV,Silk,Spot UV Back,4/4 (4 color both sides),500,Score in Half,Slide Slits Right Panel,Yes 1000 Envelopes A6
Majestic,Silk,6 x 9,Horizontal,Rectangle,16PT C2S,Spot UV,Silk,Spot UV Back,4/4 (4 color both sides),500,Score in Half,Slide Slits Right Panel,Yes 1000 Envelopes A6
Majestic,Silk,6 x 9,Vertical,Rectangle,16PT C2S,Spot UV,Silk,Spot UV Both Sides,4/4 (4 color both sides),500,Score in Half,Slide Slits Right Panel,Yes 1000 Envelopes A6
Majestic,Silk,6 x 9,Horizontal,Rectangle,16PT C2S,Spot UV,Silk,Spot UV Front,4/1,1000,Score in Half,Slide Slits Right Panel,Yes 1000 Envelopes A6
Majestic,Silk,6 x 9,Vertical,Rectangle,16PT C2S,Spot UV,Silk,Spot UV Front,4/1,1000,Score in Half,Slide Slits Right Panel,Yes 1000 Envelopes A6
Majestic,Silk,6 x 9,Vertical,Rectangle,16PT C2S,Spot UV,Silk,Spot UV Back,4/1,1000,Score in Half,Slide Slits Right Panel,Yes 1000 Envelopes A6
Majestic,Silk,6 x 9,Vertical,Rectangle,16PT C2S,Spot UV,Silk,Spot UV Front,4/4 (4 color both sides),500,Score in Half,Slide Slits Bottom Panel,Yes 1000 Envelopes A6
Majestic,Silk,6 x 9,Horizontal,Rectangle,16PT C2S,Spot UV,Silk,Spot UV Both Sides,4/1,1000,Score in Half,Slide Slits Right Panel,Yes 1000 Envelopes A6
Majestic,Silk,6 x 9,Vertical,Rectangle,16PT C2S,Spot UV,Silk,Spot UV Both Sides,4/1,1000,Score in Half,Slide Slits Right Panel,Yes 1000 Envelopes A6
Majestic,Silk,6 x 9,Horizontal,Rectangle,16PT C2S,Spot UV,Silk,Spot UV Front,4/4 (4 color both sides),1000,Score in Half,Slide Slits Right Panel,Yes 1000 Envelopes A6
Majestic,Silk,6 x 9,Vertical,Rectangle,16PT C2S,Spot UV,Silk,Spot UV Front,4/4 (4 color both sides),1000,Score in Half,Slide Slits Right Panel,Yes 1000 Envelopes A6
Majestic,Silk,6 x 9,Horizontal,Rectangle,16PT C2S,Spot UV,Silk,Spot UV Back,4/4 (4 color both sides),1000,Score in Half,Slide Slits Right Panel,Yes 1000 Envelopes A6
Majestic,Silk,6 x 9,Vertical,Rectangle,16PT C2S,Spot UV,Silk,Spot UV Back,4/4 (4 color both sides),1000,Score in Half,Slide Slits Right Panel,Yes 1000 Envelopes A6
Majestic,Silk,6 x 9,Horizontal,Rectangle,16PT C2S,Spot UV,Silk,Spot UV Both Sides,4/4 (4 color both sides),1000,Score in Half,Slide Slits Right Panel,Yes 1000 Envelopes A6
Majestic,Silk,6 x 9,Vertical,Rectangle,16PT C2S,Spot UV,Silk,Spot UV Both Sides,4/4 (4 color both sides),1000,Score in Half,Slide Slits Right Panel,Yes 1000 Envelopes A6
Majestic,Silk,6 x 9,Horizontal,Rectangle,16PT C2S,Spot UV,Silk,Spot UV Front,4/1,2500,Score in Half,Slide Slits Right Panel,Yes 1000 Envelopes A6
Majestic,Silk,6 x 9,Vertical,Rectangle,16PT C2S,Spot UV,Silk,Spot UV Front,4/1,2500,Score in Half,Slide Slits Right Panel,Yes 1000 Envelopes A6
Majestic,Silk,6 x 9,Horizontal,Rectangle,16PT C2S,Spot UV,Silk,Spot UV Back,4/1,2500,Score in Half,Slide Slits Right Panel,Yes 1000 Envelopes A6
Majestic,Silk,6 x 9,Vertical,Rectangle,16PT C2S,Spot UV,Silk,Spot UV Both Sides,4/1,2500,Score in Half,Slide Slits Right Panel,Yes 1000 Envelopes A6
Majestic,Silk,6 x 9,Horizontal,Rectangle,16PT C2S,Spot UV,Silk,Spot UV Both Sides,4/1,2500,Score in Half,Slide Slits Right Panel,Yes 1000 Envelopes A6
Majestic,Silk,6 x 9,Horizontal,Rectangle,16PT C2S,Spot UV,Silk,Spot UV Back,4/4 (4 color both sides),500,Score in Half,Slide Slits Bottom Panel,Yes 1000 Envelopes A6
Majestic,Silk,6 x 9,Vertical,Rectangle,16PT C2S,Spot UV,Silk,Spot UV Back,4/1,2500,Score in Half,Slide Slits Right Panel,Yes 1000 Envelopes A6
Majestic,Silk,6 x 9,Vertical,Rectangle,16PT C2S,Spot UV,Silk,Spot UV Front,4/4 (4 color both sides),2500,Score in Half,Slide Slits Right Panel,Yes 1000 Envelopes A6
Majestic,Silk,6 x 9,Vertical,Rectangle,16PT C2S,Spot UV,Silk,Spot UV Back,4/4 (4 color both sides),2500,Score in Half,Slide Slits Right Panel,Yes 1000 Envelopes A6
Majestic,Silk,6 x 9,Horizontal,Rectangle,16PT C2S,Spot UV,Silk,Spot UV Back,4/4 (4 color both sides),2500,Score in Half,Slide Slits Right Panel,Yes 1000 Envelopes A6
Majestic,Silk,6 x 9,Horizontal,Rectangle,16PT C2S,Spot UV,Silk,Spot UV Both Sides,4/4 (4 color both sides),2500,Score in Half,Slide Slits Right Panel,Yes 1000 Envelopes A6
Majestic,Silk,6 x 9,Vertical,Rectangle,16PT C2S,Spot UV,Silk,Spot UV Both Sides,4/4 (4 color both sides),2500,Score in Half,Slide Slits Right Panel,Yes 1000 Envelopes A6
Majestic,Silk,6 x 9,Horizontal,Rectangle,16PT C2S,Spot UV,Silk,Spot UV Front,4/1,5000,Score in Half,Slide Slits Right Panel,Yes 1000 Envelopes A6
Majestic,Silk,6 x 9,Vertical,Rectangle,16PT C2S,Spot UV,Silk,Spot UV Front,4/1,5000,Score in Half,Slide Slits Right Panel,Yes 1000 Envelopes A6
Majestic,Silk,6 x 9,Horizontal,Rectangle,16PT C2S,Spot UV,Silk,Spot UV Back,4/1,5000,Score in Half,Slide Slits Right Panel,Yes 1000 Envelopes A6
Majestic,Silk,6 x 9,Vertical,Rectangle,16PT C2S,Spot UV,Silk,Spot UV Back,4/1,5000,Score in Half,Slide Slits Right Panel,Yes 1000 Envelopes A6
Majestic,Silk,6 x 9,Horizontal,Rectangle,16PT C2S,Spot UV,Silk,Spot UV Both Sides,4/1,5000,Score in Half,Slide Slits Right Panel,Yes 1000 Envelopes A6
Majestic,Silk,6 x 9,Vertical,Rectangle,16PT C2S,Spot UV,Silk,Spot UV Both Sides,4/1,5000,Score in Half,Slide Slits Right Panel,Yes 1000 Envelopes A6
Majestic,Silk,6 x 9,Vertical,Rectangle,16PT C2S,Spot UV,Silk,Spot UV Front,4/4 (4 color both sides),5000,Score in Half,Slide Slits Right Panel,Yes 1000 Envelopes A6
Majestic,Silk,6 x 9,Horizontal,Rectangle,16PT C2S,Spot UV,Silk,Spot UV Front,4/4 (4 color both sides),5000,Score in Half,Slide Slits Right Panel,Yes 1000 Envelopes A6
Majestic,Silk,6 x 9,Horizontal,Rectangle,16PT C2S,Spot UV,Silk,Spot UV Back,4/4 (4 color both sides),5000,Score in Half,Slide Slits Right Panel,Yes 1000 Envelopes A6
Majestic,Silk,6 x 9,Vertical,Rectangle,16PT C2S,Spot UV,Silk,Spot UV Back,4/4 (4 color both sides),5000,Score in Half,Slide Slits Right Panel,Yes 1000 Envelopes A6
Majestic,Silk,6 x 9,Horizontal,Rectangle,16PT C2S,Spot UV,Silk,Spot UV Both Sides,4/4 (4 color both sides),5000,Score in Half,Slide Slits Right Panel,Yes 1000 Envelopes A6
Majestic,Silk,6 x 9,Vertical,Rectangle,16PT C2S,Spot UV,Silk,Spot UV Both Sides,4/4 (4 color both sides),5000,Score in Half,Slide Slits Right Panel,Yes 1000 Envelopes A6
Majestic,Silk,6 x 9,Horizontal,Rectangle,16PT C2S,Spot UV,Silk,Spot UV Front,4/1,10000,Score in Half,Slide Slits Right Panel,Yes 1000 Envelopes A6
Majestic,Silk,6 x 9,Vertical,Rectangle,16PT C2S,Spot UV,Silk,Spot UV Front,4/1,10000,Score in Half,Slide Slits Right Panel,Yes 1000 Envelopes A6
Majestic,Silk,6 x 9,Horizontal,Rectangle,16PT C2S,Spot UV,Silk,Spot UV Back,4/1,10000,Score in Half,Slide Slits Right Panel,Yes 1000 Envelopes A6
Majestic,Silk,6 x 9,Horizontal,Rectangle,16PT C2S,Spot UV,Silk,Spot UV Both Sides,4/1,10000,Score in Half,Slide Slits Right Panel,Yes 1000 Envelopes A6
Majestic,Silk,6 x 9,Vertical,Rectangle,16PT C2S,Spot UV,Silk,Spot UV Back,4/1,10000,Score in Half,Slide Slits Right Panel,Yes 1000 Envelopes A6
Majestic,Silk,6 x 9,Vertical,Rectangle,16PT C2S,Spot UV,Silk,Spot UV Both Sides,4/1,10000,Score in Half,Slide Slits Right Panel,Yes 1000 Envelopes A6
Majestic,Silk,6 x 9,Horizontal,Rectangle,16PT C2S,Spot UV,Silk,Spot UV Front,4/4 (4 color both sides),10000,Score in Half,Slide Slits Right Panel,Yes 1000 Envelopes A6
Majestic,Silk,6 x 9,Vertical,Rectangle,16PT C2S,Spot UV,Silk,Spot UV Front,4/4 (4 color both sides),10000,Score in Half,Slide Slits Right Panel,Yes 1000 Envelopes A6
Majestic,Silk,6 x 9,Horizontal,Rectangle,16PT C2S,Spot UV,Silk,Spot UV Back,4/4 (4 color both sides),10000,Score in Half,Slide Slits Right Panel,Yes 1000 Envelopes A6
Majestic,Silk,6 x 9,Vertical,Rectangle,16PT C2S,Spot UV,Silk,Spot UV Back,4/4 (4 color both sides),10000,Score in Half,Slide Slits Right Panel,Yes 1000 Envelopes A6
Majestic,Silk,6 x 9,Horizontal,Rectangle,16PT C2S,Spot UV,Silk,Spot UV Both Sides,4/4 (4 color both sides),10000,Score in Half,Slide Slits Right Panel,Yes 1000 Envelopes A6
Majestic,Silk,6 x 9,Vertical,Rectangle,16PT C2S,Spot UV,Silk,Spot UV Both Sides,4/4 (4 color both sides),10000,Score in Half,Slide Slits Right Panel,Yes 1000 Envelopes A6
Majestic,Silk,6 x 9,Horizontal,Rectangle,16PT C2S,Spot UV,Silk,Spot UV Front,4/1,500,Score in Half,Moon Slits Bottom Panel,Yes 2500 Envelopes A6
Majestic,Silk,6 x 9,Vertical,Rectangle,16PT C2S,Spot UV,Silk,Spot UV Front,4/1,500,Score in Half,Moon Slits Bottom Panel,Yes 2500 Envelopes A6
Majestic,Silk,6 x 9,Horizontal,Rectangle,16PT C2S,Spot UV,Silk,Spot UV Back,4/1,500,Score in Half,Moon Slits Bottom Panel,Yes 2500 Envelopes A6
Majestic,Silk,6 x 9,Horizontal,Rectangle,16PT C2S,Spot UV,Silk,Spot UV Back,4/1,1000,Score in Half,Slide Slits Right Panel,Yes 1000 Envelopes A6
Majestic,Silk,6 x 9,Horizontal,Rectangle,16PT C2S,Spot UV,Silk,Spot UV Both Sides,4/1,500,Score in Half,Moon Slits Bottom Panel,Yes 2500 Envelopes A6
Majestic,Silk,6 x 9,Vertical,Rectangle,16PT C2S,Spot UV,Silk,Spot UV Both Sides,4/1,500,Score in Half,Moon Slits Bottom Panel,Yes 2500 Envelopes A6
Majestic,Silk,6 x 9,Horizontal,Rectangle,16PT C2S,Spot UV,Silk,Spot UV Front,4/4 (4 color both sides),500,Score in Half,Moon Slits Bottom Panel,Yes 2500 Envelopes A6
Majestic,Silk,6 x 9,Vertical,Rectangle,16PT C2S,Spot UV,Silk,Spot UV Front,4/4 (4 color both sides),500,Score in Half,Moon Slits Bottom Panel,Yes 2500 Envelopes A6
Majestic,Silk,6 x 9,Vertical,Rectangle,16PT C2S,Spot UV,Silk,Spot UV Back,4/4 (4 color both sides),500,Score in Half,Moon Slits Bottom Panel,Yes 2500 Envelopes A6
Majestic,Silk,6 x 9,Horizontal,Rectangle,16PT C2S,Spot UV,Silk,Spot UV Back,4/4 (4 color both sides),500,Score in Half,Moon Slits Bottom Panel,Yes 2500 Envelopes A6
Majestic,Silk,6 x 9,Horizontal,Rectangle,16PT C2S,Spot UV,Silk,Spot UV Both Sides,4/4 (4 color both sides),500,Score in Half,Moon Slits Bottom Panel,Yes 2500 Envelopes A6
Majestic,Silk,6 x 9,Vertical,Rectangle,16PT C2S,Spot UV,Silk,Spot UV Both Sides,4/4 (4 color both sides),500,Score in Half,Moon Slits Bottom Panel,Yes 2500 Envelopes A6
Majestic,Silk,6 x 9,Horizontal,Rectangle,16PT C2S,Spot UV,Silk,Spot UV Front,4/1,1000,Score in Half,Moon Slits Bottom Panel,Yes 2500 Envelopes A6
Majestic,Silk,6 x 9,Vertical,Rectangle,16PT C2S,Spot UV,Silk,Spot UV Front,4/1,1000,Score in Half,Moon Slits Bottom Panel,Yes 2500 Envelopes A6
Majestic,Silk,6 x 9,Horizontal,Rectangle,16PT C2S,Spot UV,Silk,Spot UV Back,4/1,1000,Score in Half,Moon Slits Bottom Panel,Yes 2500 Envelopes A6
Majestic,Silk,6 x 9,Vertical,Rectangle,16PT C2S,Spot UV,Silk,Spot UV Back,4/1,1000,Score in Half,Moon Slits Bottom Panel,Yes 2500 Envelopes A6
Majestic,Silk,6 x 9,Horizontal,Rectangle,16PT C2S,Spot UV,Silk,Spot UV Both Sides,4/1,1000,Score in Half,Moon Slits Bottom Panel,Yes 2500 Envelopes A6
Majestic,Silk,6 x 9,Horizontal,Rectangle,16PT C2S,Spot UV,Silk,Spot UV Front,4/4 (4 color both sides),1000,Score in Half,Moon Slits Bottom Panel,Yes 2500 Envelopes A6
Majestic,Silk,6 x 9,Vertical,Rectangle,16PT C2S,Spot UV,Silk,Spot UV Both Sides,4/1,1000,Score in Half,Moon Slits Bottom Panel,Yes 2500 Envelopes A6
Majestic,Silk,6 x 9,Horizontal,Rectangle,16PT C2S,Spot UV,Silk,Spot UV Back,4/4 (4 color both sides),1000,Score in Half,Moon Slits Bottom Panel,Yes 2500 Envelopes A6
Majestic,Silk,6 x 9,Vertical,Rectangle,16PT C2S,Spot UV,Silk,Spot UV Back,4/4 (4 color both sides),1000,Score in Half,Moon Slits Bottom Panel,Yes 2500 Envelopes A6
Majestic,Silk,6 x 9,Vertical,Rectangle,16PT C2S,Spot UV,Silk,Spot UV Front,4/4 (4 color both sides),1000,Score in Half,Moon Slits Bottom Panel,Yes 2500 Envelopes A6
Majestic,Silk,6 x 9,Horizontal,Rectangle,16PT C2S,Spot UV,Silk,Spot UV Both Sides,4/4 (4 color both sides),1000,Score in Half,Moon Slits Bottom Panel,Yes 2500 Envelopes A6
Majestic,Silk,6 x 9,Vertical,Rectangle,16PT C2S,Spot UV,Silk,Spot UV Both Sides,4/4 (4 color both sides),1000,Score in Half,Moon Slits Bottom Panel,Yes 2500 Envelopes A6
Majestic,Silk,6 x 9,Horizontal,Rectangle,16PT C2S,Spot UV,Silk,Spot UV Front,4/1,2500,Score in Half,Moon Slits Bottom Panel,Yes 2500 Envelopes A6
Majestic,Silk,6 x 9,Vertical,Rectangle,16PT C2S,Spot UV,Silk,Spot UV Back,4/1,2500,Score in Half,Moon Slits Bottom Panel,Yes 2500 Envelopes A6
Majestic,Silk,6 x 9,Horizontal,Rectangle,16PT C2S,Spot UV,Silk,Spot UV Both Sides,4/1,2500,Score in Half,Moon Slits Bottom Panel,Yes 2500 Envelopes A6
Majestic,Silk,6 x 9,Vertical,Rectangle,16PT C2S,Spot UV,Silk,Spot UV Front,4/1,2500,Score in Half,Moon Slits Bottom Panel,Yes 2500 Envelopes A6
Majestic,Silk,6 x 9,Vertical,Rectangle,16PT C2S,Spot UV,Silk,Spot UV Both Sides,4/1,2500,Score in Half,Moon Slits Bottom Panel,Yes 2500 Envelopes A6
Majestic,Silk,6 x 9,Horizontal,Rectangle,16PT C2S,Spot UV,Silk,Spot UV Front,4/4 (4 color both sides),2500,Score in Half,Slide Slits Right Panel,Yes 1000 Envelopes A6
Majestic,Silk,6 x 9,Horizontal,Rectangle,16PT C2S,Spot UV,Silk,Spot UV Back,4/1,2500,Score in Half,Moon Slits Bottom Panel,Yes 2500 Envelopes A6
Majestic,Silk,6 x 9,Horizontal,Rectangle,16PT C2S,Spot UV,Silk,Spot UV Back,4/4 (4 color both sides),2500,Score in Half,Moon Slits Bottom Panel,Yes 2500 Envelopes A6
Majestic,Silk,6 x 9,Vertical,Rectangle,16PT C2S,Spot UV,Silk,Spot UV Front,4/4 (4 color both sides),2500,Score in Half,Moon Slits Bottom Panel,Yes 2500 Envelopes A6
Majestic,Silk,6 x 9,Vertical,Rectangle,16PT C2S,Spot UV,Silk,Spot UV Back,4/4 (4 color both sides),2500,Score in Half,Moon Slits Bottom Panel,Yes 2500 Envelopes A6
Majestic,Silk,6 x 9,Horizontal,Rectangle,16PT C2S,Spot UV,Silk,Spot UV Both Sides,4/4 (4 color both sides),2500,Score in Half,Moon Slits Bottom Panel,Yes 2500 Envelopes A6
Majestic,Silk,6 x 9,Vertical,Rectangle,16PT C2S,Spot UV,Silk,Spot UV Front,4/1,5000,Score in Half,Moon Slits Bottom Panel,Yes 2500 Envelopes A6
Majestic,Silk,6 x 9,Horizontal,Rectangle,16PT C2S,Spot UV,Silk,Spot UV Front,4/1,5000,Score in Half,Moon Slits Bottom Panel,Yes 2500 Envelopes A6
Majestic,Silk,6 x 9,Vertical,Rectangle,16PT C2S,Spot UV,Silk,Spot UV Both Sides,4/4 (4 color both sides),2500,Score in Half,Moon Slits Bottom Panel,Yes 2500 Envelopes A6
Majestic,Silk,6 x 9,Vertical,Rectangle,16PT C2S,Spot UV,Silk,Spot UV Back,4/1,5000,Score in Half,Moon Slits Bottom Panel,Yes 2500 Envelopes A6
Majestic,Silk,6 x 9,Vertical,Rectangle,16PT C2S,Spot UV,Silk,Spot UV Both Sides,4/1,5000,Score in Half,Moon Slits Bottom Panel,Yes 2500 Envelopes A6
Majestic,Silk,6 x 9,Vertical,Rectangle,16PT C2S,Spot UV,Silk,Spot UV Both Sides,4/4 (4 color both sides),10000,Score in Half,Moon Slits Right Panel,Yes 1000 Envelopes A6
Majestic,Silk,6 x 9,Horizontal,Rectangle,16PT C2S,Spot UV,Silk,Spot UV Back,4/1,5000,Score in Half,Moon Slits Bottom Panel,Yes 2500 Envelopes A6
Majestic,Silk,6 x 9,Horizontal,Rectangle,16PT C2S,Spot UV,Silk,Spot UV Front,4/4 (4 color both sides),5000,Score in Half,Moon Slits Bottom Panel,Yes 2500 Envelopes A6
Majestic,Silk,6 x 9,Vertical,Rectangle,16PT C2S,Spot UV,Silk,Spot UV Front,4/4 (4 color both sides),5000,Score in Half,Moon Slits Bottom Panel,Yes 2500 Envelopes A6
Majestic,Silk,6 x 9,Horizontal,Rectangle,16PT C2S,Spot UV,Silk,Spot UV Back,4/4 (4 color both sides),5000,Score in Half,Moon Slits Bottom Panel,Yes 2500 Envelopes A6
Majestic,Silk,6 x 9,Horizontal,Rectangle,16PT C2S,Spot UV,Silk,Spot UV Both Sides,4/4 (4 color both sides),5000,Score in Half,Moon Slits Bottom Panel,Yes 2500 Envelopes A6
Majestic,Silk,6 x 9,Vertical,Rectangle,16PT C2S,Spot UV,Silk,Spot UV Both Sides,4/4 (4 color both sides),5000,Score in Half,Moon Slits Bottom Panel,Yes 2500 Envelopes A6
Majestic,Silk,6 x 9,Vertical,Rectangle,16PT C2S,Spot UV,Silk,Spot UV Back,4/4 (4 color both sides),5000,Score in Half,Moon Slits Bottom Panel,Yes 2500 Envelopes A6
Majestic,Silk,6 x 9,Horizontal,Rectangle,16PT C2S,Spot UV,Silk,Spot UV Front,4/1,10000,Score in Half,Moon Slits Bottom Panel,Yes 2500 Envelopes A6
Majestic,Silk,6 x 9,Vertical,Rectangle,16PT C2S,Spot UV,Silk,Spot UV Front,4/1,10000,Score in Half,Moon Slits Bottom Panel,Yes 2500 Envelopes A6
Majestic,Silk,6 x 9,Horizontal,Rectangle,16PT C2S,Spot UV,Silk,Spot UV Back,4/1,10000,Score in Half,Moon Slits Bottom Panel,Yes 2500 Envelopes A6
Majestic,Silk,6 x 9,Horizontal,Rectangle,16PT C2S,Spot UV,Silk,Spot UV Both Sides,4/1,10000,Score in Half,Moon Slits Bottom Panel,Yes 2500 Envelopes A6
Majestic,Silk,6 x 9,Vertical,Rectangle,16PT C2S,Spot UV,Silk,Spot UV Both Sides,4/1,10000,Score in Half,Moon Slits Bottom Panel,Yes 2500 Envelopes A6
Majestic,Silk,6 x 9,Vertical,Rectangle,16PT C2S,Spot UV,Silk,Spot UV Back,4/1,10000,Score in Half,Moon Slits Bottom Panel,Yes 2500 Envelopes A6
Majestic,Silk,6 x 9,Vertical,Rectangle,16PT C2S,Spot UV,Silk,Spot UV Front,4/4 (4 color both sides),10000,Score in Half,Moon Slits Bottom Panel,Yes 2500 Envelopes A6
Majestic,Silk,6 x 9,Horizontal,Rectangle,16PT C2S,Spot UV,Silk,Spot UV Back,4/4 (4 color both sides),10000,Score in Half,Moon Slits Bottom Panel,Yes 2500 Envelopes A6
Majestic,Silk,6 x 9,Vertical,Rectangle,16PT C2S,Spot UV,Silk,Spot UV Back,4/4 (4 color both sides),10000,Score in Half,Moon Slits Bottom Panel,Yes 2500 Envelopes A6
Majestic,Silk,6 x 9,Horizontal,Rectangle,16PT C2S,Spot UV,Silk,Spot UV Front,4/4 (4 color both sides),10000,Score in Half,Moon Slits Bottom Panel,Yes 2500 Envelopes A6
Majestic,Silk,6 x 9,Horizontal,Rectangle,16PT C2S,Spot UV,Silk,Spot UV Both Sides,4/4 (4 color both sides),10000,Score in Half,Moon Slits Bottom Panel,Yes 2500 Envelopes A6
Majestic,Silk,6 x 9,Horizontal,Rectangle,16PT C2S,Spot UV,Silk,Spot UV Front,4/4 (4 color both sides),2500,Score in Half,Moon Slits Bottom Panel,Yes 2500 Envelopes A6
Majestic,Silk,6 x 9,Vertical,Rectangle,16PT C2S,Spot UV,Silk,Spot UV Both Sides,4/4 (4 color both sides),10000,Score in Half,Moon Slits Bottom Panel,Yes 2500 Envelopes A6
Majestic,Silk,6 x 9,Horizontal,Rectangle,16PT C2S,Spot UV,Silk,Spot UV Back,4/1,500,Score in Half,Moon Slits Right Panel,Yes 2500 Envelopes A6
Majestic,Silk,6 x 9,Vertical,Rectangle,16PT C2S,Spot UV,Silk,Spot UV Back,4/1,500,Score in Half,Moon Slits Right Panel,Yes 2500 Envelopes A6
Majestic,Silk,6 x 9,Horizontal,Rectangle,16PT C2S,Spot UV,Silk,Spot UV Both Sides,4/1,500,Score in Half,Moon Slits Right Panel,Yes 2500 Envelopes A6
Majestic,Silk,6 x 9,Vertical,Rectangle,16PT C2S,Spot UV,Silk,Spot UV Both Sides,4/1,500,Score in Half,Moon Slits Right Panel,Yes 2500 Envelopes A6
Majestic,Silk,6 x 9,Horizontal,Rectangle,16PT C2S,Spot UV,Silk,Spot UV Front,4/4 (4 color both sides),500,Score in Half,Moon Slits Right Panel,Yes 2500 Envelopes A6
Majestic,Silk,6 x 9,Vertical,Rectangle,16PT C2S,Spot UV,Silk,Spot UV Front,4/1,500,Score in Half,Moon Slits Right Panel,Yes 2500 Envelopes A6
Majestic,Silk,6 x 9,Vertical,Rectangle,16PT C2S,Spot UV,Silk,Spot UV Front,4/4 (4 color both sides),500,Score in Half,Moon Slits Right Panel,Yes 2500 Envelopes A6
Majestic,Silk,6 x 9,Horizontal,Rectangle,16PT C2S,Spot UV,Silk,Spot UV Back,4/4 (4 color both sides),500,Score in Half,Moon Slits Right Panel,Yes 2500 Envelopes A6
Majestic,Silk,6 x 9,Vertical,Rectangle,16PT C2S,Spot UV,Silk,Spot UV Back,4/4 (4 color both sides),500,Score in Half,Moon Slits Right Panel,Yes 2500 Envelopes A6
Majestic,Silk,6 x 9,Vertical,Rectangle,16PT C2S,Spot UV,Silk,Spot UV Both Sides,4/4 (4 color both sides),500,Score in Half,Moon Slits Right Panel,Yes 2500 Envelopes A6
Majestic,Silk,6 x 9,Horizontal,Rectangle,16PT C2S,Spot UV,Silk,Spot UV Front,4/1,1000,Score in Half,Moon Slits Right Panel,Yes 2500 Envelopes A6
Majestic,Silk,6 x 9,Vertical,Rectangle,16PT C2S,Spot UV,Silk,Spot UV Front,4/1,1000,Score in Half,Moon Slits Right Panel,Yes 2500 Envelopes A6
Majestic,Silk,6 x 9,Horizontal,Rectangle,16PT C2S,Spot UV,Silk,Spot UV Both Sides,4/4 (4 color both sides),500,Score in Half,Moon Slits Right Panel,Yes 2500 Envelopes A6
Majestic,Silk,6 x 9,Horizontal,Rectangle,16PT C2S,Spot UV,Silk,Spot UV Back,4/1,1000,Score in Half,Moon Slits Right Panel,Yes 2500 Envelopes A6
Majestic,Silk,6 x 9,Vertical,Rectangle,16PT C2S,Spot UV,Silk,Spot UV Back,4/1,1000,Score in Half,Moon Slits Right Panel,Yes 2500 Envelopes A6
Majestic,Silk,6 x 9,Horizontal,Rectangle,16PT C2S,Spot UV,Silk,Spot UV Both Sides,4/1,1000,Score in Half,Moon Slits Right Panel,Yes 2500 Envelopes A6
Majestic,Silk,6 x 9,Vertical,Rectangle,16PT C2S,Spot UV,Silk,Spot UV Both Sides,4/1,1000,Score in Half,Moon Slits Right Panel,Yes 2500 Envelopes A6
Majestic,Silk,6 x 9,Horizontal,Rectangle,16PT C2S,Spot UV,Silk,Spot UV Front,4/4 (4 color both sides),1000,Score in Half,Moon Slits Right Panel,Yes 2500 Envelopes A6
Majestic,Silk,6 x 9,Vertical,Rectangle,16PT C2S,Spot UV,Silk,Spot UV Front,4/4 (4 color both sides),1000,Score in Half,Moon Slits Right Panel,Yes 2500 Envelopes A6
Majestic,Silk,6 x 9,Horizontal,Rectangle,16PT C2S,Spot UV,Silk,Spot UV Both Sides,4/4 (4 color both sides),1000,Score in Half,Moon Slits Right Panel,Yes 2500 Envelopes A6
Majestic,Silk,6 x 9,Vertical,Rectangle,16PT C2S,Spot UV,Silk,Spot UV Back,4/4 (4 color both sides),1000,Score in Half,Moon Slits Right Panel,Yes 2500 Envelopes A6
Majestic,Silk,6 x 9,Horizontal,Rectangle,16PT C2S,Spot UV,Silk,Spot UV Back,4/4 (4 color both sides),1000,Score in Half,Moon Slits Right Panel,Yes 2500 Envelopes A6
Majestic,Silk,6 x 9,Vertical,Rectangle,16PT C2S,Spot UV,Silk,Spot UV Both Sides,4/4 (4 color both sides),1000,Score in Half,Moon Slits Right Panel,Yes 2500 Envelopes A6
Majestic,Silk,6 x 9,Vertical,Rectangle,16PT C2S,Spot UV,Silk,Spot UV Front,4/1,2500,Score in Half,Moon Slits Right Panel,Yes 2500 Envelopes A6
Majestic,Silk,6 x 9,Horizontal,Rectangle,16PT C2S,Spot UV,Silk,Spot UV Front,4/1,2500,Score in Half,Moon Slits Right Panel,Yes 2500 Envelopes A6
Majestic,Silk,6 x 9,Horizontal,Rectangle,16PT C2S,Spot UV,Silk,Spot UV Back,4/1,2500,Score in Half,Moon Slits Right Panel,Yes 2500 Envelopes A6
Majestic,Silk,6 x 9,Horizontal,Rectangle,16PT C2S,Spot UV,Silk,Spot UV Both Sides,4/1,2500,Score in Half,Moon Slits Right Panel,Yes 2500 Envelopes A6
Majestic,Silk,6 x 9,Vertical,Rectangle,16PT C2S,Spot UV,Silk,Spot UV Back,4/1,2500,Score in Half,Moon Slits Right Panel,Yes 2500 Envelopes A6
Majestic,Silk,6 x 9,Horizontal,Rectangle,16PT C2S,Spot UV,Silk,Spot UV Front,4/4 (4 color both sides),2500,Score in Half,Moon Slits Right Panel,Yes 2500 Envelopes A6
Majestic,Silk,6 x 9,Vertical,Rectangle,16PT C2S,Spot UV,Silk,Spot UV Front,4/4 (4 color both sides),2500,Score in Half,Moon Slits Right Panel,Yes 2500 Envelopes A6
Majestic,Silk,6 x 9,Vertical,Rectangle,16PT C2S,Spot UV,Silk,Spot UV Back,4/4 (4 color both sides),2500,Score in Half,Moon Slits Right Panel,Yes 2500 Envelopes A6
Majestic,Silk,6 x 9,Horizontal,Rectangle,16PT C2S,Spot UV,Silk,Spot UV Back,4/4 (4 color both sides),2500,Score in Half,Moon Slits Right Panel,Yes 2500 Envelopes A6
Majestic,Silk,6 x 9,Horizontal,Rectangle,16PT C2S,Spot UV,Silk,Spot UV Both Sides,4/4 (4 color both sides),2500,Score in Half,Moon Slits Right Panel,Yes 2500 Envelopes A6
Majestic,Silk,6 x 9,Horizontal,Rectangle,16PT C2S,Spot UV,Silk,Spot UV Front,4/1,5000,Score in Half,Moon Slits Right Panel,Yes 2500 Envelopes A6
Majestic,Silk,6 x 9,Vertical,Rectangle,16PT C2S,Spot UV,Silk,Spot UV Both Sides,4/1,2500,Score in Half,Moon Slits Right Panel,Yes 2500 Envelopes A6
Majestic,Silk,6 x 9,Vertical,Rectangle,16PT C2S,Spot UV,Silk,Spot UV Front,4/1,5000,Score in Half,Moon Slits Right Panel,Yes 2500 Envelopes A6
Majestic,Silk,6 x 9,Vertical,Rectangle,16PT C2S,Spot UV,Silk,Spot UV Both Sides,4/4 (4 color both sides),2500,Score in Half,Moon Slits Right Panel,Yes 2500 Envelopes A6
Majestic,Silk,6 x 9,Horizontal,Rectangle,16PT C2S,Spot UV,Silk,Spot UV Back,4/1,5000,Score in Half,Moon Slits Right Panel,Yes 2500 Envelopes A6
Majestic,Silk,6 x 9,Horizontal,Rectangle,16PT C2S,Spot UV,Silk,Spot UV Both Sides,4/1,5000,Score in Half,Moon Slits Right Panel,Yes 2500 Envelopes A6
Majestic,Silk,6 x 9,Vertical,Rectangle,16PT C2S,Spot UV,Silk,Spot UV Front,4/4 (4 color both sides),5000,Score in Half,Moon Slits Right Panel,Yes 2500 Envelopes A6
Majestic,Silk,6 x 9,Vertical,Rectangle,16PT C2S,Spot UV,Silk,Spot UV Both Sides,4/1,5000,Score in Half,Moon Slits Right Panel,Yes 2500 Envelopes A6
Majestic,Silk,6 x 9,Horizontal,Rectangle,16PT C2S,Spot UV,Silk,Spot UV Front,4/4 (4 color both sides),5000,Score in Half,Moon Slits Right Panel,Yes 2500 Envelopes A6
Majestic,Silk,6 x 9,Horizontal,Rectangle,16PT C2S,Spot UV,Silk,Spot UV Back,4/4 (4 color both sides),5000,Score in Half,Moon Slits Right Panel,Yes 2500 Envelopes A6
Majestic,Silk,6 x 9,Vertical,Rectangle,16PT C2S,Spot UV,Silk,Spot UV Back,4/4 (4 color both sides),5000,Score in Half,Moon Slits Right Panel,Yes 2500 Envelopes A6
Majestic,Silk,6 x 9,Vertical,Rectangle,16PT C2S,Spot UV,Silk,Spot UV Both Sides,4/4 (4 color both sides),5000,Score in Half,Moon Slits Right Panel,Yes 2500 Envelopes A6
Majestic,Silk,6 x 9,Vertical,Rectangle,16PT C2S,Spot UV,Silk,Spot UV Back,4/1,5000,Score in Half,Moon Slits Right Panel,Yes 2500 Envelopes A6
Majestic,Silk,6 x 9,Horizontal,Rectangle,16PT C2S,Spot UV,Silk,Spot UV Both Sides,4/4 (4 color both sides),5000,Score in Half,Moon Slits Right Panel,Yes 2500 Envelopes A6
Majestic,Silk,6 x 9,Vertical,Rectangle,16PT C2S,Spot UV,Silk,Spot UV Front,4/1,10000,Score in Half,Moon Slits Right Panel,Yes 2500 Envelopes A6
Majestic,Silk,6 x 9,Horizontal,Rectangle,16PT C2S,Spot UV,Silk,Spot UV Front,4/1,10000,Score in Half,Moon Slits Right Panel,Yes 2500 Envelopes A6
Majestic,Silk,6 x 9,Horizontal,Rectangle,16PT C2S,Spot UV,Silk,Spot UV Both Sides,4/1,10000,Score in Half,Moon Slits Right Panel,Yes 2500 Envelopes A6
Majestic,Silk,6 x 9,Vertical,Rectangle,16PT C2S,Spot UV,Silk,Spot UV Back,4/1,10000,Score in Half,Moon Slits Right Panel,Yes 2500 Envelopes A6
Majestic,Silk,6 x 9,Vertical,Rectangle,16PT C2S,Spot UV,Silk,Spot UV Both Sides,4/1,10000,Score in Half,Moon Slits Right Panel,Yes 2500 Envelopes A6
Majestic,Silk,6 x 9,Horizontal,Rectangle,16PT C2S,Spot UV,Silk,Spot UV Front,4/4 (4 color both sides),10000,Score in Half,Moon Slits Right Panel,Yes 2500 Envelopes A6
Majestic,Silk,6 x 9,Horizontal,Rectangle,16PT C2S,Spot UV,Silk,Spot UV Back,4/1,10000,Score in Half,Moon Slits Right Panel,Yes 2500 Envelopes A6
Majestic,Silk,6 x 9,Vertical,Rectangle,16PT C2S,Spot UV,Silk,Spot UV Front,4/4 (4 color both sides),10000,Score in Half,Moon Slits Right Panel,Yes 2500 Envelopes A6
Majestic,Silk,6 x 9,Vertical,Rectangle,16PT C2S,Spot UV,Silk,Spot UV Back,4/4 (4 color both sides),10000,Score in Half,Moon Slits Right Panel,Yes 2500 Envelopes A6
Majestic,Silk,6 x 9,Horizontal,Rectangle,16PT C2S,Spot UV,Silk,Spot UV Back,4/4 (4 color both sides),10000,Score in Half,Moon Slits Right Panel,Yes 2500 Envelopes A6
Majestic,Silk,6 x 9,Vertical,Rectangle,16PT C2S,Spot UV,Silk,Spot UV Both Sides,4/4 (4 color both sides),10000,Score in Half,Moon Slits Right Panel,Yes 2500 Envelopes A6
Majestic,Silk,6 x 9,Horizontal,Rectangle,16PT C2S,Spot UV,Silk,Spot UV Front,4/1,500,Score in Half,No Gift Cards Slits,Yes 2500 Envelopes A6
Majestic,Silk,6 x 9,Horizontal,Rectangle,16PT C2S,Spot UV,Silk,Spot UV Both Sides,4/4 (4 color both sides),10000,Score in Half,Moon Slits Right Panel,Yes 2500 Envelopes A6
Majestic,Silk,6 x 9,Horizontal,Rectangle,16PT C2S,Spot UV,Silk,Spot UV Back,4/1,500,Score in Half,No Gift Cards Slits,Yes 2500 Envelopes A6
Majestic,Silk,6 x 9,Vertical,Rectangle,16PT C2S,Spot UV,Silk,Spot UV Front,4/1,500,Score in Half,No Gift Cards Slits,Yes 2500 Envelopes A6
Majestic,Silk,6 x 9,Vertical,Rectangle,16PT C2S,Spot UV,Silk,Spot UV Both Sides,4/1,500,Score in Half,No Gift Cards Slits,Yes 2500 Envelopes A6
Majestic,Silk,6 x 9,Vertical,Rectangle,16PT C2S,Spot UV,Silk,Spot UV Back,4/1,500,Score in Half,No Gift Cards Slits,Yes 2500 Envelopes A6
Majestic,Silk,6 x 9,Horizontal,Rectangle,16PT C2S,Spot UV,Silk,Spot UV Front,4/1,500,Score in Half,Moon Slits Right Panel,Yes 2500 Envelopes A6
Majestic,Silk,6 x 9,Horizontal,Rectangle,16PT C2S,Spot UV,Silk,Spot UV Front,4/4 (4 color both sides),500,Score in Half,No Gift Cards Slits,Yes 2500 Envelopes A6
Majestic,Silk,6 x 9,Vertical,Rectangle,16PT C2S,Spot UV,Silk,Spot UV Front,4/4 (4 color both sides),500,Score in Half,No Gift Cards Slits,Yes 2500 Envelopes A6
Majestic,Silk,6 x 9,Horizontal,Rectangle,16PT C2S,Spot UV,Silk,Spot UV Back,4/4 (4 color both sides),500,Score in Half,No Gift Cards Slits,Yes 2500 Envelopes A6
Majestic,Silk,6 x 9,Vertical,Rectangle,16PT C2S,Spot UV,Silk,Spot UV Both Sides,4/4 (4 color both sides),500,Score in Half,No Gift Cards Slits,Yes 2500 Envelopes A6
Majestic,Silk,6 x 9,Vertical,Rectangle,16PT C2S,Spot UV,Silk,Spot UV Back,4/4 (4 color both sides),500,Score in Half,No Gift Cards Slits,Yes 2500 Envelopes A6
Majestic,Silk,6 x 9,Horizontal,Rectangle,16PT C2S,Spot UV,Silk,Spot UV Both Sides,4/4 (4 color both sides),500,Score in Half,No Gift Cards Slits,Yes 2500 Envelopes A6
Majestic,Silk,6 x 9,Vertical,Rectangle,16PT C2S,Spot UV,Silk,Spot UV Front,4/1,1000,Score in Half,No Gift Cards Slits,Yes 2500 Envelopes A6
Majestic,Silk,6 x 9,Horizontal,Rectangle,16PT C2S,Spot UV,Silk,Spot UV Both Sides,4/1,5000,Score in Half,Moon Slits Bottom Panel,Yes 2500 Envelopes A6
Majestic,Silk,6 x 9,Horizontal,Rectangle,16PT C2S,Spot UV,Silk,Spot UV Front,4/1,1000,Score in Half,No Gift Cards Slits,Yes 2500 Envelopes A6
Majestic,Silk,6 x 9,Horizontal,Rectangle,16PT C2S,Spot UV,Silk,Spot UV Both Sides,4/1,1000,Score in Half,No Gift Cards Slits,Yes 2500 Envelopes A6
Majestic,Silk,6 x 9,Vertical,Rectangle,16PT C2S,Spot UV,Silk,Spot UV Front,4/4 (4 color both sides),1000,Score in Half,No Gift Cards Slits,Yes 2500 Envelopes A6
Majestic,Silk,6 x 9,Vertical,Rectangle,16PT C2S,Spot UV,Silk,Spot UV Both Sides,4/1,1000,Score in Half,No Gift Cards Slits,Yes 2500 Envelopes A6
Majestic,Silk,6 x 9,Vertical,Rectangle,16PT C2S,Spot UV,Silk,Spot UV Back,4/4 (4 color both sides),1000,Score in Half,No Gift Cards Slits,Yes 2500 Envelopes A6
Majestic,Silk,6 x 9,Horizontal,Rectangle,16PT C2S,Spot UV,Silk,Spot UV Front,4/4 (4 color both sides),1000,Score in Half,No Gift Cards Slits,Yes 2500 Envelopes A6
Majestic,Silk,6 x 9,Horizontal,Rectangle,16PT C2S,Spot UV,Silk,Spot UV Back,4/4 (4 color both sides),1000,Score in Half,No Gift Cards Slits,Yes 2500 Envelopes A6
Majestic,Silk,6 x 9,Vertical,Rectangle,16PT C2S,Spot UV,Silk,Spot UV Back,4/1,1000,Score in Half,No Gift Cards Slits,Yes 2500 Envelopes A6
Majestic,Silk,6 x 9,Horizontal,Rectangle,16PT C2S,Spot UV,Silk,Spot UV Both Sides,4/4 (4 color both sides),1000,Score in Half,No Gift Cards Slits,Yes 2500 Envelopes A6
Majestic,Silk,6 x 9,Vertical,Rectangle,16PT C2S,Spot UV,Silk,Spot UV Both Sides,4/4 (4 color both sides),1000,Score in Half,No Gift Cards Slits,Yes 2500 Envelopes A6
Majestic,Silk,6 x 9,Vertical,Rectangle,16PT C2S,Spot UV,Silk,Spot UV Back,4/1,2500,Score in Half,No Gift Cards Slits,Yes 2500 Envelopes A6
Majestic,Silk,6 x 9,Horizontal,Rectangle,16PT C2S,Spot UV,Silk,Spot UV Back,4/1,2500,Score in Half,No Gift Cards Slits,Yes 2500 Envelopes A6
Majestic,Silk,6 x 9,Horizontal,Rectangle,16PT C2S,Spot UV,Silk,Spot UV Front,4/1,2500,Score in Half,No Gift Cards Slits,Yes 2500 Envelopes A6
Majestic,Silk,6 x 9,Vertical,Rectangle,16PT C2S,Spot UV,Silk,Spot UV Front,4/1,2500,Score in Half,No Gift Cards Slits,Yes 2500 Envelopes A6
Majestic,Silk,6 x 9,Vertical,Rectangle,16PT C2S,Spot UV,Silk,Spot UV Both Sides,4/1,2500,Score in Half,No Gift Cards Slits,Yes 2500 Envelopes A6
Majestic,Silk,6 x 9,Horizontal,Rectangle,16PT C2S,Spot UV,Silk,Spot UV Both Sides,4/1,2500,Score in Half,No Gift Cards Slits,Yes 2500 Envelopes A6
Majestic,Silk,6 x 9,Horizontal,Rectangle,16PT C2S,Spot UV,Silk,Spot UV Front,4/4 (4 color both sides),2500,Score in Half,No Gift Cards Slits,Yes 2500 Envelopes A6
Majestic,Silk,6 x 9,Vertical,Rectangle,16PT C2S,Spot UV,Silk,Spot UV Front,4/4 (4 color both sides),2500,Score in Half,No Gift Cards Slits,Yes 2500 Envelopes A6
Majestic,Silk,6 x 9,Horizontal,Rectangle,16PT C2S,Spot UV,Silk,Spot UV Both Sides,4/4 (4 color both sides),2500,Score in Half,No Gift Cards Slits,Yes 2500 Envelopes A6
Majestic,Silk,6 x 9,Vertical,Rectangle,16PT C2S,Spot UV,Silk,Spot UV Both Sides,4/4 (4 color both sides),2500,Score in Half,No Gift Cards Slits,Yes 2500 Envelopes A6
Majestic,Silk,6 x 9,Vertical,Rectangle,16PT C2S,Spot UV,Silk,Spot UV Back,4/4 (4 color both sides),2500,Score in Half,No Gift Cards Slits,Yes 2500 Envelopes A6
Majestic,Silk,6 x 9,Horizontal,Rectangle,16PT C2S,Spot UV,Silk,Spot UV Front,4/1,5000,Score in Half,No Gift Cards Slits,Yes 2500 Envelopes A6
Majestic,Silk,6 x 9,Vertical,Rectangle,16PT C2S,Spot UV,Silk,Spot UV Front,4/1,5000,Score in Half,No Gift Cards Slits,Yes 2500 Envelopes A6
Majestic,Silk,6 x 9,Horizontal,Rectangle,16PT C2S,Spot UV,Silk,Spot UV Back,4/1,5000,Score in Half,No Gift Cards Slits,Yes 2500 Envelopes A6
Majestic,Silk,6 x 9,Vertical,Rectangle,16PT C2S,Spot UV,Silk,Spot UV Back,4/1,5000,Score in Half,No Gift Cards Slits,Yes 2500 Envelopes A6
Majestic,Silk,6 x 9,Horizontal,Rectangle,16PT C2S,Spot UV,Silk,Spot UV Both Sides,4/1,5000,Score in Half,No Gift Cards Slits,Yes 2500 Envelopes A6
Majestic,Silk,6 x 9,Vertical,Rectangle,16PT C2S,Spot UV,Silk,Spot UV Both Sides,4/1,5000,Score in Half,No Gift Cards Slits,Yes 2500 Envelopes A6
Majestic,Silk,6 x 9,Horizontal,Rectangle,16PT C2S,Spot UV,Silk,Spot UV Front,4/4 (4 color both sides),5000,Score in Half,No Gift Cards Slits,Yes 2500 Envelopes A6
Majestic,Silk,6 x 9,Vertical,Rectangle,16PT C2S,Spot UV,Silk,Spot UV Front,4/4 (4 color both sides),5000,Score in Half,No Gift Cards Slits,Yes 2500 Envelopes A6
Majestic,Silk,6 x 9,Horizontal,Rectangle,16PT C2S,Spot UV,Silk,Spot UV Back,4/4 (4 color both sides),5000,Score in Half,No Gift Cards Slits,Yes 2500 Envelopes A6
Majestic,Silk,6 x 9,Vertical,Rectangle,16PT C2S,Spot UV,Silk,Spot UV Back,4/4 (4 color both sides),5000,Score in Half,No Gift Cards Slits,Yes 2500 Envelopes A6
Majestic,Silk,6 x 9,Horizontal,Rectangle,16PT C2S,Spot UV,Silk,Spot UV Both Sides,4/4 (4 color both sides),5000,Score in Half,No Gift Cards Slits,Yes 2500 Envelopes A6
Majestic,Silk,6 x 9,Horizontal,Rectangle,16PT C2S,Spot UV,Silk,Spot UV Back,4/4 (4 color both sides),2500,Score in Half,No Gift Cards Slits,Yes 2500 Envelopes A6
Majestic,Silk,6 x 9,Vertical,Rectangle,16PT C2S,Spot UV,Silk,Spot UV Both Sides,4/4 (4 color both sides),5000,Score in Half,No Gift Cards Slits,Yes 2500 Envelopes A6
Majestic,Silk,6 x 9,Horizontal,Rectangle,16PT C2S,Spot UV,Silk,Spot UV Front,4/1,10000,Score in Half,No Gift Cards Slits,Yes 2500 Envelopes A6
Majestic,Silk,6 x 9,Vertical,Rectangle,16PT C2S,Spot UV,Silk,Spot UV Front,4/1,10000,Score in Half,No Gift Cards Slits,Yes 2500 Envelopes A6
Majestic,Silk,6 x 9,Vertical,Rectangle,16PT C2S,Spot UV,Silk,Spot UV Back,4/1,10000,Score in Half,No Gift Cards Slits,Yes 2500 Envelopes A6
Majestic,Silk,6 x 9,Horizontal,Rectangle,16PT C2S,Spot UV,Silk,Spot UV Both Sides,4/1,10000,Score in Half,No Gift Cards Slits,Yes 2500 Envelopes A6
Majestic,Silk,6 x 9,Vertical,Rectangle,16PT C2S,Spot UV,Silk,Spot UV Both Sides,4/1,10000,Score in Half,No Gift Cards Slits,Yes 2500 Envelopes A6
Majestic,Silk,6 x 9,Horizontal,Rectangle,16PT C2S,Spot UV,Silk,Spot UV Back,4/1,10000,Score in Half,No Gift Cards Slits,Yes 2500 Envelopes A6
Majestic,Silk,6 x 9,Horizontal,Rectangle,16PT C2S,Spot UV,Silk,Spot UV Front,4/4 (4 color both sides),10000,Score in Half,No Gift Cards Slits,Yes 2500 Envelopes A6
Majestic,Silk,6 x 9,Vertical,Rectangle,16PT C2S,Spot UV,Silk,Spot UV Front,4/4 (4 color both sides),10000,Score in Half,No Gift Cards Slits,Yes 2500 Envelopes A6
Majestic,Silk,6 x 9,Horizontal,Rectangle,16PT C2S,Spot UV,Silk,Spot UV Back,4/4 (4 color both sides),10000,Score in Half,No Gift Cards Slits,Yes 2500 Envelopes A6
Majestic,Silk,6 x 9,Horizontal,Rectangle,16PT C2S,Spot UV,Silk,Spot UV Both Sides,4/4 (4 color both sides),10000,Score in Half,No Gift Cards Slits,Yes 2500 Envelopes A6
Majestic,Silk,6 x 9,Vertical,Rectangle,16PT C2S,Spot UV,Silk,Spot UV Back,4/4 (4 color both sides),10000,Score in Half,No Gift Cards Slits,Yes 2500 Envelopes A6
Majestic,Silk,6 x 9,Vertical,Rectangle,16PT C2S,Spot UV,Silk,Spot UV Both Sides,4/4 (4 color both sides),10000,Score in Half,No Gift Cards Slits,Yes 2500 Envelopes A6
Majestic,Silk,6 x 9,Vertical,Rectangle,16PT C2S,Spot UV,Silk,Spot UV Front,4/1,500,Score in Half,Slide Slits Bottom Panel,Yes 2500 Envelopes A6
Majestic,Silk,6 x 9,Horizontal,Rectangle,16PT C2S,Spot UV,Silk,Spot UV Front,4/1,500,Score in Half,Slide Slits Bottom Panel,Yes 2500 Envelopes A6
Majestic,Silk,6 x 9,Horizontal,Rectangle,16PT C2S,Spot UV,Silk,Spot UV Both Sides,4/1,500,Score in Half,Slide Slits Bottom Panel,Yes 2500 Envelopes A6
Majestic,Silk,6 x 9,Vertical,Rectangle,16PT C2S,Spot UV,Silk,Spot UV Back,4/1,500,Score in Half,Moon Slits Bottom Panel,Yes 2500 Envelopes A6
Majestic,Silk,6 x 9,Vertical,Rectangle,16PT C2S,Spot UV,Silk,Spot UV Back,4/1,500,Score in Half,Slide Slits Bottom Panel,Yes 2500 Envelopes A6
Majestic,Silk,6 x 9,Horizontal,Rectangle,16PT C2S,Spot UV,Silk,Spot UV Front,4/4 (4 color both sides),500,Score in Half,Slide Slits Bottom Panel,Yes 2500 Envelopes A6
Majestic,Silk,6 x 9,Vertical,Rectangle,16PT C2S,Spot UV,Silk,Spot UV Front,4/4 (4 color both sides),500,Score in Half,Slide Slits Bottom Panel,Yes 2500 Envelopes A6
Majestic,Silk,6 x 9,Horizontal,Rectangle,16PT C2S,Spot UV,Silk,Spot UV Back,4/4 (4 color both sides),500,Score in Half,Slide Slits Bottom Panel,Yes 2500 Envelopes A6
Majestic,Silk,6 x 9,Vertical,Rectangle,16PT C2S,Spot UV,Silk,Spot UV Both Sides,4/1,500,Score in Half,Slide Slits Bottom Panel,Yes 2500 Envelopes A6
Majestic,Silk,6 x 9,Vertical,Rectangle,16PT C2S,Spot UV,Silk,Spot UV Both Sides,4/4 (4 color both sides),500,Score in Half,Slide Slits Bottom Panel,Yes 2500 Envelopes A6
Majestic,Silk,6 x 9,Vertical,Rectangle,16PT C2S,Spot UV,Silk,Spot UV Back,4/4 (4 color both sides),500,Score in Half,Slide Slits Bottom Panel,Yes 2500 Envelopes A6
Majestic,Silk,6 x 9,Horizontal,Rectangle,16PT C2S,Spot UV,Silk,Spot UV Both Sides,4/4 (4 color both sides),500,Score in Half,Slide Slits Bottom Panel,Yes 2500 Envelopes A6
Majestic,Silk,6 x 9,Horizontal,Rectangle,16PT C2S,Spot UV,Silk,Spot UV Front,4/1,1000,Score in Half,Slide Slits Bottom Panel,Yes 2500 Envelopes A6
Majestic,Silk,6 x 9,Vertical,Rectangle,16PT C2S,Spot UV,Silk,Spot UV Front,4/1,1000,Score in Half,Slide Slits Bottom Panel,Yes 2500 Envelopes A6
Majestic,Silk,6 x 9,Horizontal,Rectangle,16PT C2S,Spot UV,Silk,Spot UV Back,4/1,1000,Score in Half,Slide Slits Bottom Panel,Yes 2500 Envelopes A6
Majestic,Silk,6 x 9,Vertical,Rectangle,16PT C2S,Spot UV,Silk,Spot UV Back,4/1,1000,Score in Half,Slide Slits Bottom Panel,Yes 2500 Envelopes A6
Majestic,Silk,6 x 9,Vertical,Rectangle,16PT C2S,Spot UV,Silk,Spot UV Both Sides,4/1,1000,Score in Half,Slide Slits Bottom Panel,Yes 2500 Envelopes A6
Majestic,Silk,6 x 9,Horizontal,Rectangle,16PT C2S,Spot UV,Silk,Spot UV Both Sides,4/1,1000,Score in Half,Slide Slits Bottom Panel,Yes 2500 Envelopes A6
Majestic,Silk,6 x 9,Horizontal,Rectangle,16PT C2S,Spot UV,Silk,Spot UV Back,4/4 (4 color both sides),1000,Score in Half,Slide Slits Bottom Panel,Yes 2500 Envelopes A6
Majestic,Silk,6 x 9,Vertical,Rectangle,16PT C2S,Spot UV,Silk,Spot UV Back,4/4 (4 color both sides),1000,Score in Half,Slide Slits Bottom Panel,Yes 2500 Envelopes A6
Majestic,Silk,6 x 9,Horizontal,Rectangle,16PT C2S,Spot UV,Silk,Spot UV Front,4/4 (4 color both sides),1000,Score in Half,Slide Slits Bottom Panel,Yes 2500 Envelopes A6
Majestic,Silk,6 x 9,Vertical,Rectangle,16PT C2S,Spot UV,Silk,Spot UV Front,4/4 (4 color both sides),1000,Score in Half,Slide Slits Bottom Panel,Yes 2500 Envelopes A6
Majestic,Silk,6 x 9,Horizontal,Rectangle,16PT C2S,Spot UV,Silk,Spot UV Front,4/1,2500,Score in Half,Slide Slits Bottom Panel,Yes 2500 Envelopes A6
Majestic,Silk,6 x 9,Vertical,Rectangle,16PT C2S,Spot UV,Silk,Spot UV Both Sides,4/4 (4 color both sides),1000,Score in Half,Slide Slits Bottom Panel,Yes 2500 Envelopes A6
Majestic,Silk,6 x 9,Horizontal,Rectangle,16PT C2S,Spot UV,Silk,Spot UV Both Sides,4/4 (4 color both sides),1000,Score in Half,Slide Slits Bottom Panel,Yes 2500 Envelopes A6
Majestic,Silk,6 x 9,Horizontal,Rectangle,16PT C2S,Spot UV,Silk,Spot UV Back,4/1,2500,Score in Half,Slide Slits Bottom Panel,Yes 2500 Envelopes A6
Majestic,Silk,6 x 9,Horizontal,Rectangle,16PT C2S,Spot UV,Silk,Spot UV Both Sides,4/1,2500,Score in Half,Slide Slits Bottom Panel,Yes 2500 Envelopes A6
Majestic,Silk,6 x 9,Vertical,Rectangle,16PT C2S,Spot UV,Silk,Spot UV Back,4/1,2500,Score in Half,Slide Slits Bottom Panel,Yes 2500 Envelopes A6
Majestic,Silk,6 x 9,Vertical,Rectangle,16PT C2S,Spot UV,Silk,Spot UV Both Sides,4/1,2500,Score in Half,Slide Slits Bottom Panel,Yes 2500 Envelopes A6
Majestic,Silk,6 x 9,Vertical,Rectangle,16PT C2S,Spot UV,Silk,Spot UV Front,4/1,2500,Score in Half,Slide Slits Bottom Panel,Yes 2500 Envelopes A6
Majestic,Silk,6 x 9,Horizontal,Rectangle,16PT C2S,Spot UV,Silk,Spot UV Back,4/4 (4 color both sides),2500,Score in Half,Slide Slits Bottom Panel,Yes 2500 Envelopes A6
Majestic,Silk,6 x 9,Vertical,Rectangle,16PT C2S,Spot UV,Silk,Spot UV Front,4/4 (4 color both sides),2500,Score in Half,Slide Slits Bottom Panel,Yes 2500 Envelopes A6
Majestic,Silk,6 x 9,Horizontal,Rectangle,16PT C2S,Spot UV,Silk,Spot UV Front,4/4 (4 color both sides),2500,Score in Half,Slide Slits Bottom Panel,Yes 2500 Envelopes A6
Majestic,Silk,6 x 9,Horizontal,Rectangle,16PT C2S,Spot UV,Silk,Spot UV Both Sides,4/4 (4 color both sides),2500,Score in Half,Slide Slits Bottom Panel,Yes 2500 Envelopes A6
Majestic,Silk,6 x 9,Vertical,Rectangle,16PT C2S,Spot UV,Silk,Spot UV Back,4/4 (4 color both sides),2500,Score in Half,Slide Slits Bottom Panel,Yes 2500 Envelopes A6
Majestic,Silk,6 x 9,Vertical,Rectangle,16PT C2S,Spot UV,Silk,Spot UV Both Sides,4/4 (4 color both sides),2500,Score in Half,Slide Slits Bottom Panel,Yes 2500 Envelopes A6
Majestic,Silk,6 x 9,Horizontal,Rectangle,16PT C2S,Spot UV,Silk,Spot UV Front,4/1,5000,Score in Half,Slide Slits Bottom Panel,Yes 2500 Envelopes A6
Majestic,Silk,6 x 9,Vertical,Rectangle,16PT C2S,Spot UV,Silk,Spot UV Front,4/1,5000,Score in Half,Slide Slits Bottom Panel,Yes 2500 Envelopes A6
Majestic,Silk,6 x 9,Horizontal,Rectangle,16PT C2S,Spot UV,Silk,Spot UV Back,4/1,5000,Score in Half,Slide Slits Bottom Panel,Yes 2500 Envelopes A6
Majestic,Silk,6 x 9,Horizontal,Rectangle,16PT C2S,Spot UV,Silk,Spot UV Both Sides,4/1,5000,Score in Half,Slide Slits Bottom Panel,Yes 2500 Envelopes A6
Majestic,Silk,6 x 9,Horizontal,Rectangle,16PT C2S,Spot UV,Silk,Spot UV Front,4/4 (4 color both sides),5000,Score in Half,Slide Slits Bottom Panel,Yes 2500 Envelopes A6
Majestic,Silk,6 x 9,Vertical,Rectangle,16PT C2S,Spot UV,Silk,Spot UV Back,4/1,5000,Score in Half,Slide Slits Bottom Panel,Yes 2500 Envelopes A6
Majestic,Silk,6 x 9,Vertical,Rectangle,16PT C2S,Spot UV,Silk,Spot UV Both Sides,4/1,5000,Score in Half,Slide Slits Bottom Panel,Yes 2500 Envelopes A6
Majestic,Silk,6 x 9,Vertical,Rectangle,16PT C2S,Spot UV,Silk,Spot UV Front,4/4 (4 color both sides),5000,Score in Half,Slide Slits Bottom Panel,Yes 2500 Envelopes A6
Majestic,Silk,6 x 9,Horizontal,Rectangle,16PT C2S,Spot UV,Silk,Spot UV Back,4/4 (4 color both sides),5000,Score in Half,Slide Slits Bottom Panel,Yes 2500 Envelopes A6
Majestic,Silk,6 x 9,Vertical,Rectangle,16PT C2S,Spot UV,Silk,Spot UV Back,4/4 (4 color both sides),5000,Score in Half,Slide Slits Bottom Panel,Yes 2500 Envelopes A6
Majestic,Silk,6 x 9,Horizontal,Rectangle,16PT C2S,Spot UV,Silk,Spot UV Both Sides,4/4 (4 color both sides),5000,Score in Half,Slide Slits Bottom Panel,Yes 2500 Envelopes A6
Majestic,Silk,6 x 9,Horizontal,Rectangle,16PT C2S,Spot UV,Silk,Spot UV Front,4/1,10000,Score in Half,Slide Slits Bottom Panel,Yes 2500 Envelopes A6
Majestic,Silk,6 x 9,Horizontal,Rectangle,16PT C2S,Spot UV,Silk,Spot UV Back,4/1,10000,Score in Half,Slide Slits Bottom Panel,Yes 2500 Envelopes A6
Majestic,Silk,6 x 9,Vertical,Rectangle,16PT C2S,Spot UV,Silk,Spot UV Front,4/1,10000,Score in Half,Slide Slits Bottom Panel,Yes 2500 Envelopes A6
Majestic,Silk,6 x 9,Vertical,Rectangle,16PT C2S,Spot UV,Silk,Spot UV Back,4/1,10000,Score in Half,Slide Slits Bottom Panel,Yes 2500 Envelopes A6
Majestic,Silk,6 x 9,Horizontal,Rectangle,16PT C2S,Spot UV,Silk,Spot UV Both Sides,4/1,10000,Score in Half,Slide Slits Bottom Panel,Yes 2500 Envelopes A6
Majestic,Silk,6 x 9,Vertical,Rectangle,16PT C2S,Spot UV,Silk,Spot UV Both Sides,4/1,10000,Score in Half,Slide Slits Bottom Panel,Yes 2500 Envelopes A6
Majestic,Silk,6 x 9,Horizontal,Rectangle,16PT C2S,Spot UV,Silk,Spot UV Front,4/4 (4 color both sides),10000,Score in Half,Slide Slits Bottom Panel,Yes 2500 Envelopes A6
Majestic,Silk,6 x 9,Vertical,Rectangle,16PT C2S,Spot UV,Silk,Spot UV Both Sides,4/4 (4 color both sides),5000,Score in Half,Slide Slits Bottom Panel,Yes 2500 Envelopes A6
Majestic,Silk,6 x 9,Vertical,Rectangle,16PT C2S,Spot UV,Silk,Spot UV Front,4/4 (4 color both sides),10000,Score in Half,Slide Slits Bottom Panel,Yes 2500 Envelopes A6
Majestic,Silk,6 x 9,Horizontal,Rectangle,16PT C2S,Spot UV,Silk,Spot UV Back,4/4 (4 color both sides),10000,Score in Half,Slide Slits Bottom Panel,Yes 2500 Envelopes A6
Majestic,Silk,6 x 9,Vertical,Rectangle,16PT C2S,Spot UV,Silk,Spot UV Back,4/4 (4 color both sides),10000,Score in Half,Slide Slits Bottom Panel,Yes 2500 Envelopes A6
Majestic,Silk,6 x 9,Vertical,Rectangle,16PT C2S,Spot UV,Silk,Spot UV Both Sides,4/4 (4 color both sides),10000,Score in Half,Slide Slits Bottom Panel,Yes 2500 Envelopes A6
Majestic,Silk,6 x 9,Vertical,Rectangle,16PT C2S,Spot UV,Silk,Spot UV Front,4/1,500,Score in Half,Slide Slits Right Panel,Yes 2500 Envelopes A6
Majestic,Silk,6 x 9,Horizontal,Rectangle,16PT C2S,Spot UV,Silk,Spot UV Front,4/1,500,Score in Half,Slide Slits Right Panel,Yes 2500 Envelopes A6
Majestic,Silk,6 x 9,Horizontal,Rectangle,16PT C2S,Spot UV,Silk,Spot UV Back,4/1,500,Score in Half,Slide Slits Right Panel,Yes 2500 Envelopes A6
Majestic,Silk,6 x 9,Horizontal,Rectangle,16PT C2S,Spot UV,Silk,Spot UV Both Sides,4/4 (4 color both sides),10000,Score in Half,Slide Slits Bottom Panel,Yes 2500 Envelopes A6
Majestic,Silk,6 x 9,Vertical,Rectangle,16PT C2S,Spot UV,Silk,Spot UV Back,4/1,500,Score in Half,Slide Slits Right Panel,Yes 2500 Envelopes A6
Majestic,Silk,6 x 9,Horizontal,Rectangle,16PT C2S,Spot UV,Silk,Spot UV Both Sides,4/1,500,Score in Half,Slide Slits Right Panel,Yes 2500 Envelopes A6
Majestic,Silk,6 x 9,Vertical,Rectangle,16PT C2S,Spot UV,Silk,Spot UV Both Sides,4/1,500,Score in Half,Slide Slits Right Panel,Yes 2500 Envelopes A6
Majestic,Silk,6 x 9,Horizontal,Rectangle,16PT C2S,Spot UV,Silk,Spot UV Front,4/4 (4 color both sides),500,Score in Half,Slide Slits Right Panel,Yes 2500 Envelopes A6
Majestic,Silk,6 x 9,Vertical,Rectangle,16PT C2S,Spot UV,Silk,Spot UV Front,4/4 (4 color both sides),500,Score in Half,Slide Slits Right Panel,Yes 2500 Envelopes A6
Majestic,Silk,6 x 9,Horizontal,Rectangle,16PT C2S,Spot UV,Silk,Spot UV Back,4/4 (4 color both sides),500,Score in Half,Slide Slits Right Panel,Yes 2500 Envelopes A6
Majestic,Silk,6 x 9,Vertical,Rectangle,16PT C2S,Spot UV,Silk,Spot UV Back,4/4 (4 color both sides),500,Score in Half,Slide Slits Right Panel,Yes 2500 Envelopes A6
Majestic,Silk,6 x 9,Vertical,Rectangle,16PT C2S,Spot UV,Silk,Spot UV Both Sides,4/4 (4 color both sides),500,Score in Half,Slide Slits Right Panel,Yes 2500 Envelopes A6
Majestic,Silk,6 x 9,Horizontal,Rectangle,16PT C2S,Spot UV,Silk,Spot UV Both Sides,4/4 (4 color both sides),500,Score in Half,Slide Slits Right Panel,Yes 2500 Envelopes A6
Majestic,Silk,6 x 9,Vertical,Rectangle,16PT C2S,Spot UV,Silk,Spot UV Front,4/1,1000,Score in Half,Slide Slits Right Panel,Yes 2500 Envelopes A6
Majestic,Silk,6 x 9,Horizontal,Rectangle,16PT C2S,Spot UV,Silk,Spot UV Back,4/1,1000,Score in Half,Slide Slits Right Panel,Yes 2500 Envelopes A6
Majestic,Silk,6 x 9,Horizontal,Rectangle,16PT C2S,Spot UV,Silk,Spot UV Front,4/1,1000,Score in Half,Slide Slits Right Panel,Yes 2500 Envelopes A6
Majestic,Silk,6 x 9,Horizontal,Rectangle,16PT C2S,Spot UV,Silk,Spot UV Both Sides,4/1,1000,Score in Half,Slide Slits Right Panel,Yes 2500 Envelopes A6
Majestic,Silk,6 x 9,Vertical,Rectangle,16PT C2S,Spot UV,Silk,Spot UV Both Sides,4/1,1000,Score in Half,Slide Slits Right Panel,Yes 2500 Envelopes A6
Majestic,Silk,6 x 9,Horizontal,Rectangle,16PT C2S,Spot UV,Silk,Spot UV Front,4/4 (4 color both sides),1000,Score in Half,Slide Slits Right Panel,Yes 2500 Envelopes A6
Majestic,Silk,6 x 9,Vertical,Rectangle,16PT C2S,Spot UV,Silk,Spot UV Back,4/1,1000,Score in Half,Slide Slits Right Panel,Yes 2500 Envelopes A6
Majestic,Silk,6 x 9,Vertical,Rectangle,16PT C2S,Spot UV,Silk,Spot UV Front,4/4 (4 color both sides),1000,Score in Half,Slide Slits Right Panel,Yes 2500 Envelopes A6
Majestic,Silk,6 x 9,Horizontal,Rectangle,16PT C2S,Spot UV,Silk,Spot UV Back,4/4 (4 color both sides),1000,Score in Half,Slide Slits Right Panel,Yes 2500 Envelopes A6
Majestic,Silk,6 x 9,Vertical,Rectangle,16PT C2S,Spot UV,Silk,Spot UV Back,4/4 (4 color both sides),1000,Score in Half,Slide Slits Right Panel,Yes 2500 Envelopes A6
Majestic,Silk,6 x 9,Horizontal,Rectangle,16PT C2S,Spot UV,Silk,Spot UV Both Sides,4/4 (4 color both sides),1000,Score in Half,Slide Slits Right Panel,Yes 2500 Envelopes A6
Majestic,Silk,6 x 9,Vertical,Rectangle,16PT C2S,Spot UV,Silk,Spot UV Both Sides,4/4 (4 color both sides),1000,Score in Half,Slide Slits Right Panel,Yes 2500 Envelopes A6
Majestic,Silk,6 x 9,Horizontal,Rectangle,16PT C2S,Spot UV,Silk,Spot UV Front,4/1,2500,Score in Half,Slide Slits Right Panel,Yes 2500 Envelopes A6
Majestic,Silk,6 x 9,Vertical,Rectangle,16PT C2S,Spot UV,Silk,Spot UV Front,4/1,2500,Score in Half,Slide Slits Right Panel,Yes 2500 Envelopes A6
Majestic,Silk,6 x 9,Vertical,Rectangle,16PT C2S,Spot UV,Silk,Spot UV Back,4/1,2500,Score in Half,Slide Slits Right Panel,Yes 2500 Envelopes A6
Majestic,Silk,6 x 9,Horizontal,Rectangle,16PT C2S,Spot UV,Silk,Spot UV Back,4/1,2500,Score in Half,Slide Slits Right Panel,Yes 2500 Envelopes A6
Majestic,Silk,6 x 9,Horizontal,Rectangle,16PT C2S,Spot UV,Silk,Spot UV Both Sides,4/1,2500,Score in Half,Slide Slits Right Panel,Yes 2500 Envelopes A6
Majestic,Silk,6 x 9,Vertical,Rectangle,16PT C2S,Spot UV,Silk,Spot UV Both Sides,4/1,2500,Score in Half,Slide Slits Right Panel,Yes 2500 Envelopes A6
Majestic,Silk,6 x 9,Horizontal,Rectangle,16PT C2S,Spot UV,Silk,Spot UV Front,4/4 (4 color both sides),2500,Score in Half,Slide Slits Right Panel,Yes 2500 Envelopes A6
Majestic,Silk,6 x 9,Horizontal,Rectangle,16PT C2S,Spot UV,Silk,Spot UV Back,4/4 (4 color both sides),2500,Score in Half,Slide Slits Right Panel,Yes 2500 Envelopes A6
Majestic,Silk,6 x 9,Vertical,Rectangle,16PT C2S,Spot UV,Silk,Spot UV Front,4/4 (4 color both sides),2500,Score in Half,Slide Slits Right Panel,Yes 2500 Envelopes A6
Majestic,Silk,6 x 9,Vertical,Rectangle,16PT C2S,Spot UV,Silk,Spot UV Back,4/4 (4 color both sides),2500,Score in Half,Slide Slits Right Panel,Yes 2500 Envelopes A6
Majestic,Silk,6 x 9,Horizontal,Rectangle,16PT C2S,Spot UV,Silk,Spot UV Both Sides,4/4 (4 color both sides),2500,Score in Half,Slide Slits Right Panel,Yes 2500 Envelopes A6
Majestic,Silk,6 x 9,Vertical,Rectangle,16PT C2S,Spot UV,Silk,Spot UV Both Sides,4/4 (4 color both sides),2500,Score in Half,Slide Slits Right Panel,Yes 2500 Envelopes A6
Majestic,Silk,6 x 9,Vertical,Rectangle,16PT C2S,Spot UV,Silk,Spot UV Front,4/1,5000,Score in Half,Slide Slits Right Panel,Yes 2500 Envelopes A6
Majestic,Silk,6 x 9,Horizontal,Rectangle,16PT C2S,Spot UV,Silk,Spot UV Front,4/1,5000,Score in Half,Slide Slits Right Panel,Yes 2500 Envelopes A6
Majestic,Silk,6 x 9,Horizontal,Rectangle,16PT C2S,Spot UV,Silk,Spot UV Back,4/1,5000,Score in Half,Slide Slits Right Panel,Yes 2500 Envelopes A6
Majestic,Silk,6 x 9,Vertical,Rectangle,16PT C2S,Spot UV,Silk,Spot UV Back,4/1,5000,Score in Half,Slide Slits Right Panel,Yes 2500 Envelopes A6
Majestic,Silk,6 x 9,Horizontal,Rectangle,16PT C2S,Spot UV,Silk,Spot UV Both Sides,4/1,5000,Score in Half,Slide Slits Right Panel,Yes 2500 Envelopes A6
Majestic,Silk,6 x 9,Vertical,Rectangle,16PT C2S,Spot UV,Silk,Spot UV Both Sides,4/1,5000,Score in Half,Slide Slits Right Panel,Yes 2500 Envelopes A6
Majestic,Silk,6 x 9,Horizontal,Rectangle,16PT C2S,Spot UV,Silk,Spot UV Front,4/4 (4 color both sides),5000,Score in Half,Slide Slits Right Panel,Yes 2500 Envelopes A6
Majestic,Silk,6 x 9,Vertical,Rectangle,16PT C2S,Spot UV,Silk,Spot UV Front,4/4 (4 color both sides),5000,Score in Half,Slide Slits Right Panel,Yes 2500 Envelopes A6
Majestic,Silk,6 x 9,Horizontal,Rectangle,16PT C2S,Spot UV,Silk,Spot UV Back,4/4 (4 color both sides),5000,Score in Half,Slide Slits Right Panel,Yes 2500 Envelopes A6
Majestic,Silk,6 x 9,Vertical,Rectangle,16PT C2S,Spot UV,Silk,Spot UV Back,4/4 (4 color both sides),5000,Score in Half,Slide Slits Right Panel,Yes 2500 Envelopes A6
Majestic,Silk,6 x 9,Horizontal,Rectangle,16PT C2S,Spot UV,Silk,Spot UV Both Sides,4/4 (4 color both sides),5000,Score in Half,Slide Slits Right Panel,Yes 2500 Envelopes A6
Majestic,Silk,6 x 9,Vertical,Rectangle,16PT C2S,Spot UV,Silk,Spot UV Both Sides,4/4 (4 color both sides),5000,Score in Half,Slide Slits Right Panel,Yes 2500 Envelopes A6
Majestic,Silk,6 x 9,Horizontal,Rectangle,16PT C2S,Spot UV,Silk,Spot UV Front,4/1,10000,Score in Half,Slide Slits Right Panel,Yes 2500 Envelopes A6
Majestic,Silk,6 x 9,Vertical,Rectangle,16PT C2S,Spot UV,Silk,Spot UV Front,4/1,10000,Score in Half,Slide Slits Right Panel,Yes 2500 Envelopes A6
Majestic,Silk,6 x 9,Horizontal,Rectangle,16PT C2S,Spot UV,Silk,Spot UV Back,4/1,10000,Score in Half,Slide Slits Right Panel,Yes 2500 Envelopes A6
Majestic,Silk,6 x 9,Vertical,Rectangle,16PT C2S,Spot UV,Silk,Spot UV Back,4/1,10000,Score in Half,Slide Slits Right Panel,Yes 2500 Envelopes A6
Majestic,Silk,6 x 9,Horizontal,Rectangle,16PT C2S,Spot UV,Silk,Spot UV Both Sides,4/1,10000,Score in Half,Slide Slits Right Panel,Yes 2500 Envelopes A6
Majestic,Silk,6 x 9,Horizontal,Rectangle,16PT C2S,Spot UV,Silk,Spot UV Front,4/4 (4 color both sides),10000,Score in Half,Slide Slits Right Panel,Yes 2500 Envelopes A6
Majestic,Silk,6 x 9,Vertical,Rectangle,16PT C2S,Spot UV,Silk,Spot UV Front,4/4 (4 color both sides),10000,Score in Half,Slide Slits Right Panel,Yes 2500 Envelopes A6
Majestic,Silk,6 x 9,Horizontal,Rectangle,16PT C2S,Spot UV,Silk,Spot UV Back,4/1,1000,Score in Half,No Gift Cards Slits,Yes 2500 Envelopes A6
Majestic,Silk,6 x 9,Vertical,Rectangle,16PT C2S,Spot UV,Silk,Spot UV Back,4/4 (4 color both sides),10000,Score in Half,Slide Slits Right Panel,Yes 2500 Envelopes A6
Majestic,Silk,6 x 9,Vertical,Rectangle,16PT C2S,Spot UV,Silk,Spot UV Both Sides,4/1,10000,Score in Half,Slide Slits Right Panel,Yes 2500 Envelopes A6
Majestic,Silk,6 x 9,Vertical,Rectangle,16PT C2S,Spot UV,Silk,Spot UV Both Sides,4/4 (4 color both sides),10000,Score in Half,Slide Slits Right Panel,Yes 2500 Envelopes A6
Majestic,Silk,6 x 9,Horizontal,Rectangle,16PT C2S,Spot UV,Silk,Spot UV Front,4/1,500,Score in Half,Moon Slits Bottom Panel,Yes 5000 Envelopes A6
Majestic,Silk,6 x 9,Horizontal,Rectangle,16PT C2S,Spot UV,Silk,Spot UV Back,4/1,500,Score in Half,Moon Slits Bottom Panel,Yes 5000 Envelopes A6
Majestic,Silk,6 x 9,Vertical,Rectangle,16PT C2S,Spot UV,Silk,Spot UV Front,4/1,500,Score in Half,Moon Slits Bottom Panel,Yes 5000 Envelopes A6
Majestic,Silk,6 x 9,Horizontal,Rectangle,16PT C2S,Spot UV,Silk,Spot UV Both Sides,4/1,500,Score in Half,Moon Slits Bottom Panel,Yes 5000 Envelopes A6
Majestic,Silk,6 x 9,Vertical,Rectangle,16PT C2S,Spot UV,Silk,Spot UV Back,4/1,500,Score in Half,Moon Slits Bottom Panel,Yes 5000 Envelopes A6
Majestic,Silk,6 x 9,Horizontal,Rectangle,16PT C2S,Spot UV,Silk,Spot UV Both Sides,4/4 (4 color both sides),10000,Score in Half,Slide Slits Right Panel,Yes 2500 Envelopes A6
Majestic,Silk,6 x 9,Vertical,Rectangle,16PT C2S,Spot UV,Silk,Spot UV Both Sides,4/1,500,Score in Half,Moon Slits Bottom Panel,Yes 5000 Envelopes A6
Majestic,Silk,6 x 9,Horizontal,Rectangle,16PT C2S,Spot UV,Silk,Spot UV Front,4/4 (4 color both sides),500,Score in Half,Moon Slits Bottom Panel,Yes 5000 Envelopes A6
Majestic,Silk,6 x 9,Vertical,Rectangle,16PT C2S,Spot UV,Silk,Spot UV Front,4/4 (4 color both sides),500,Score in Half,Moon Slits Bottom Panel,Yes 5000 Envelopes A6
Majestic,Silk,6 x 9,Vertical,Rectangle,16PT C2S,Spot UV,Silk,Spot UV Back,4/4 (4 color both sides),500,Score in Half,Moon Slits Bottom Panel,Yes 5000 Envelopes A6
Majestic,Silk,6 x 9,Horizontal,Rectangle,16PT C2S,Spot UV,Silk,Spot UV Back,4/4 (4 color both sides),500,Score in Half,Moon Slits Bottom Panel,Yes 5000 Envelopes A6
Majestic,Silk,6 x 9,Horizontal,Rectangle,16PT C2S,Spot UV,Silk,Spot UV Both Sides,4/4 (4 color both sides),500,Score in Half,Moon Slits Bottom Panel,Yes 5000 Envelopes A6
Majestic,Silk,6 x 9,Vertical,Rectangle,16PT C2S,Spot UV,Silk,Spot UV Both Sides,4/4 (4 color both sides),500,Score in Half,Moon Slits Bottom Panel,Yes 5000 Envelopes A6
Majestic,Silk,6 x 9,Horizontal,Rectangle,16PT C2S,Spot UV,Silk,Spot UV Front,4/1,1000,Score in Half,Moon Slits Bottom Panel,Yes 5000 Envelopes A6
Majestic,Silk,6 x 9,Vertical,Rectangle,16PT C2S,Spot UV,Silk,Spot UV Front,4/1,1000,Score in Half,Moon Slits Bottom Panel,Yes 5000 Envelopes A6
Majestic,Silk,6 x 9,Horizontal,Rectangle,16PT C2S,Spot UV,Silk,Spot UV Back,4/1,1000,Score in Half,Moon Slits Bottom Panel,Yes 5000 Envelopes A6
Majestic,Silk,6 x 9,Vertical,Rectangle,16PT C2S,Spot UV,Silk,Spot UV Back,4/1,1000,Score in Half,Moon Slits Bottom Panel,Yes 5000 Envelopes A6
Majestic,Silk,6 x 9,Horizontal,Rectangle,16PT C2S,Spot UV,Silk,Spot UV Both Sides,4/1,1000,Score in Half,Moon Slits Bottom Panel,Yes 5000 Envelopes A6
Majestic,Silk,6 x 9,Vertical,Rectangle,16PT C2S,Spot UV,Silk,Spot UV Both Sides,4/1,1000,Score in Half,Moon Slits Bottom Panel,Yes 5000 Envelopes A6
Majestic,Silk,6 x 9,Horizontal,Rectangle,16PT C2S,Spot UV,Silk,Spot UV Front,4/4 (4 color both sides),1000,Score in Half,Moon Slits Bottom Panel,Yes 5000 Envelopes A6
Majestic,Silk,6 x 9,Vertical,Rectangle,16PT C2S,Spot UV,Silk,Spot UV Front,4/4 (4 color both sides),1000,Score in Half,Moon Slits Bottom Panel,Yes 5000 Envelopes A6
Majestic,Silk,6 x 9,Horizontal,Rectangle,16PT C2S,Spot UV,Silk,Spot UV Back,4/4 (4 color both sides),1000,Score in Half,Moon Slits Bottom Panel,Yes 5000 Envelopes A6
Majestic,Silk,6 x 9,Vertical,Rectangle,16PT C2S,Spot UV,Silk,Spot UV Back,4/4 (4 color both sides),1000,Score in Half,Moon Slits Bottom Panel,Yes 5000 Envelopes A6
Majestic,Silk,6 x 9,Horizontal,Rectangle,16PT C2S,Spot UV,Silk,Spot UV Both Sides,4/4 (4 color both sides),1000,Score in Half,Moon Slits Bottom Panel,Yes 5000 Envelopes A6
Majestic,Silk,6 x 9,Vertical,Rectangle,16PT C2S,Spot UV,Silk,Spot UV Both Sides,4/4 (4 color both sides),1000,Score in Half,Moon Slits Bottom Panel,Yes 5000 Envelopes A6
Majestic,Silk,6 x 9,Horizontal,Rectangle,16PT C2S,Spot UV,Silk,Spot UV Front,4/1,2500,Score in Half,Moon Slits Bottom Panel,Yes 5000 Envelopes A6
Majestic,Silk,6 x 9,Vertical,Rectangle,16PT C2S,Spot UV,Silk,Spot UV Front,4/1,2500,Score in Half,Moon Slits Bottom Panel,Yes 5000 Envelopes A6
Majestic,Silk,6 x 9,Horizontal,Rectangle,16PT C2S,Spot UV,Silk,Spot UV Back,4/1,2500,Score in Half,Moon Slits Bottom Panel,Yes 5000 Envelopes A6
Majestic,Silk,6 x 9,Vertical,Rectangle,16PT C2S,Spot UV,Silk,Spot UV Back,4/1,2500,Score in Half,Moon Slits Bottom Panel,Yes 5000 Envelopes A6
Majestic,Silk,6 x 9,Horizontal,Rectangle,16PT C2S,Spot UV,Silk,Spot UV Both Sides,4/1,2500,Score in Half,Moon Slits Bottom Panel,Yes 5000 Envelopes A6
Majestic,Silk,6 x 9,Vertical,Rectangle,16PT C2S,Spot UV,Silk,Spot UV Front,4/4 (4 color both sides),2500,Score in Half,Moon Slits Bottom Panel,Yes 5000 Envelopes A6
Majestic,Silk,6 x 9,Horizontal,Rectangle,16PT C2S,Spot UV,Silk,Spot UV Back,4/4 (4 color both sides),2500,Score in Half,Moon Slits Bottom Panel,Yes 5000 Envelopes A6
Majestic,Silk,6 x 9,Horizontal,Rectangle,16PT C2S,Spot UV,Silk,Spot UV Front,4/4 (4 color both sides),2500,Score in Half,Moon Slits Bottom Panel,Yes 5000 Envelopes A6
Majestic,Silk,6 x 9,Vertical,Rectangle,16PT C2S,Spot UV,Silk,Spot UV Back,4/4 (4 color both sides),2500,Score in Half,Moon Slits Bottom Panel,Yes 5000 Envelopes A6
Majestic,Silk,6 x 9,Vertical,Rectangle,16PT C2S,Spot UV,Silk,Spot UV Both Sides,4/1,2500,Score in Half,Moon Slits Bottom Panel,Yes 5000 Envelopes A6
Majestic,Silk,6 x 9,Vertical,Rectangle,16PT C2S,Spot UV,Silk,Spot UV Both Sides,4/4 (4 color both sides),2500,Score in Half,Moon Slits Bottom Panel,Yes 5000 Envelopes A6
Majestic,Silk,6 x 9,Horizontal,Rectangle,16PT C2S,Spot UV,Silk,Spot UV Both Sides,4/4 (4 color both sides),2500,Score in Half,Moon Slits Bottom Panel,Yes 5000 Envelopes A6
Majestic,Silk,6 x 9,Horizontal,Rectangle,16PT C2S,Spot UV,Silk,Spot UV Front,4/1,5000,Score in Half,Moon Slits Bottom Panel,Yes 5000 Envelopes A6
Majestic,Silk,6 x 9,Horizontal,Rectangle,16PT C2S,Spot UV,Silk,Spot UV Back,4/1,5000,Score in Half,Moon Slits Bottom Panel,Yes 5000 Envelopes A6
Majestic,Silk,6 x 9,Vertical,Rectangle,16PT C2S,Spot UV,Silk,Spot UV Back,4/1,5000,Score in Half,Moon Slits Bottom Panel,Yes 5000 Envelopes A6
Majestic,Silk,6 x 9,Horizontal,Rectangle,16PT C2S,Spot UV,Silk,Spot UV Both Sides,4/1,5000,Score in Half,Moon Slits Bottom Panel,Yes 5000 Envelopes A6
Majestic,Silk,6 x 9,Vertical,Rectangle,16PT C2S,Spot UV,Silk,Spot UV Front,4/1,5000,Score in Half,Moon Slits Bottom Panel,Yes 5000 Envelopes A6
Majestic,Silk,6 x 9,Vertical,Rectangle,16PT C2S,Spot UV,Silk,Spot UV Both Sides,4/1,5000,Score in Half,Moon Slits Bottom Panel,Yes 5000 Envelopes A6
Majestic,Silk,6 x 9,Horizontal,Rectangle,16PT C2S,Spot UV,Silk,Spot UV Front,4/4 (4 color both sides),5000,Score in Half,Moon Slits Bottom Panel,Yes 5000 Envelopes A6
Majestic,Silk,6 x 9,Vertical,Rectangle,16PT C2S,Spot UV,Silk,Spot UV Front,4/4 (4 color both sides),5000,Score in Half,Moon Slits Bottom Panel,Yes 5000 Envelopes A6
Majestic,Silk,6 x 9,Vertical,Rectangle,16PT C2S,Spot UV,Silk,Spot UV Back,4/4 (4 color both sides),5000,Score in Half,Moon Slits Bottom Panel,Yes 5000 Envelopes A6
Majestic,Silk,6 x 9,Horizontal,Rectangle,16PT C2S,Spot UV,Silk,Spot UV Both Sides,4/4 (4 color both sides),5000,Score in Half,Moon Slits Bottom Panel,Yes 5000 Envelopes A6
Majestic,Silk,6 x 9,Vertical,Rectangle,16PT C2S,Spot UV,Silk,Spot UV Both Sides,4/4 (4 color both sides),5000,Score in Half,Moon Slits Bottom Panel,Yes 5000 Envelopes A6
Majestic,Silk,6 x 9,Horizontal,Rectangle,16PT C2S,Spot UV,Silk,Spot UV Front,4/1,10000,Score in Half,Moon Slits Bottom Panel,Yes 5000 Envelopes A6
Majestic,Silk,6 x 9,Vertical,Rectangle,16PT C2S,Spot UV,Silk,Spot UV Front,4/1,10000,Score in Half,Moon Slits Bottom Panel,Yes 5000 Envelopes A6
Majestic,Silk,6 x 9,Horizontal,Rectangle,16PT C2S,Spot UV,Silk,Spot UV Back,4/1,10000,Score in Half,Moon Slits Bottom Panel,Yes 5000 Envelopes A6
Majestic,Silk,6 x 9,Vertical,Rectangle,16PT C2S,Spot UV,Silk,Spot UV Back,4/1,10000,Score in Half,Moon Slits Bottom Panel,Yes 5000 Envelopes A6
Majestic,Silk,6 x 9,Horizontal,Rectangle,16PT C2S,Spot UV,Silk,Spot UV Both Sides,4/1,10000,Score in Half,Moon Slits Bottom Panel,Yes 5000 Envelopes A6
Majestic,Silk,6 x 9,Vertical,Rectangle,16PT C2S,Spot UV,Silk,Spot UV Both Sides,4/1,10000,Score in Half,Moon Slits Bottom Panel,Yes 5000 Envelopes A6
Majestic,Silk,6 x 9,Horizontal,Rectangle,16PT C2S,Spot UV,Silk,Spot UV Front,4/4 (4 color both sides),10000,Score in Half,Moon Slits Bottom Panel,Yes 5000 Envelopes A6
Majestic,Silk,6 x 9,Vertical,Rectangle,16PT C2S,Spot UV,Silk,Spot UV Front,4/4 (4 color both sides),10000,Score in Half,Moon Slits Bottom Panel,Yes 5000 Envelopes A6
Majestic,Silk,6 x 9,Horizontal,Rectangle,16PT C2S,Spot UV,Silk,Spot UV Back,4/4 (4 color both sides),10000,Score in Half,Moon Slits Bottom Panel,Yes 5000 Envelopes A6
Majestic,Silk,6 x 9,Vertical,Rectangle,16PT C2S,Spot UV,Silk,Spot UV Back,4/4 (4 color both sides),10000,Score in Half,Moon Slits Bottom Panel,Yes 5000 Envelopes A6
Majestic,Silk,6 x 9,Horizontal,Rectangle,16PT C2S,Spot UV,Silk,Spot UV Both Sides,4/4 (4 color both sides),10000,Score in Half,Moon Slits Bottom Panel,Yes 5000 Envelopes A6
Majestic,Silk,6 x 9,Horizontal,Rectangle,16PT C2S,Spot UV,Silk,Spot UV Front,4/1,500,Score in Half,Moon Slits Right Panel,Yes 5000 Envelopes A6
Majestic,Silk,6 x 9,Vertical,Rectangle,16PT C2S,Spot UV,Silk,Spot UV Both Sides,4/4 (4 color both sides),10000,Score in Half,Moon Slits Bottom Panel,Yes 5000 Envelopes A6
Majestic,Silk,6 x 9,Vertical,Rectangle,16PT C2S,Spot UV,Silk,Spot UV Front,4/1,500,Score in Half,Moon Slits Right Panel,Yes 5000 Envelopes A6
Majestic,Silk,6 x 9,Horizontal,Rectangle,16PT C2S,Spot UV,Silk,Spot UV Back,4/4 (4 color both sides),5000,Score in Half,Moon Slits Bottom Panel,Yes 5000 Envelopes A6
Majestic,Silk,6 x 9,Horizontal,Rectangle,16PT C2S,Spot UV,Silk,Spot UV Back,4/1,500,Score in Half,Moon Slits Right Panel,Yes 5000 Envelopes A6
Majestic,Silk,6 x 9,Vertical,Rectangle,16PT C2S,Spot UV,Silk,Spot UV Back,4/1,500,Score in Half,Moon Slits Right Panel,Yes 5000 Envelopes A6
Majestic,Silk,6 x 9,Horizontal,Rectangle,16PT C2S,Spot UV,Silk,Spot UV Both Sides,4/1,500,Score in Half,Moon Slits Right Panel,Yes 5000 Envelopes A6
Majestic,Silk,6 x 9,Horizontal,Rectangle,16PT C2S,Spot UV,Silk,Spot UV Front,4/4 (4 color both sides),500,Score in Half,Moon Slits Right Panel,Yes 5000 Envelopes A6
Majestic,Silk,6 x 9,Vertical,Rectangle,16PT C2S,Spot UV,Silk,Spot UV Front,4/4 (4 color both sides),500,Score in Half,Moon Slits Right Panel,Yes 5000 Envelopes A6
Majestic,Silk,6 x 9,Horizontal,Rectangle,16PT C2S,Spot UV,Silk,Spot UV Back,4/4 (4 color both sides),500,Score in Half,Moon Slits Right Panel,Yes 5000 Envelopes A6
Majestic,Silk,6 x 9,Vertical,Rectangle,16PT C2S,Spot UV,Silk,Spot UV Back,4/4 (4 color both sides),500,Score in Half,Moon Slits Right Panel,Yes 5000 Envelopes A6
Majestic,Silk,6 x 9,Horizontal,Rectangle,16PT C2S,Spot UV,Silk,Spot UV Both Sides,4/4 (4 color both sides),500,Score in Half,Moon Slits Right Panel,Yes 5000 Envelopes A6
Majestic,Silk,6 x 9,Vertical,Rectangle,16PT C2S,Spot UV,Silk,Spot UV Both Sides,4/4 (4 color both sides),500,Score in Half,Moon Slits Right Panel,Yes 5000 Envelopes A6
Majestic,Silk,6 x 9,Vertical,Rectangle,16PT C2S,Spot UV,Silk,Spot UV Both Sides,4/1,500,Score in Half,Moon Slits Right Panel,Yes 5000 Envelopes A6
Majestic,Silk,6 x 9,Horizontal,Rectangle,16PT C2S,Spot UV,Silk,Spot UV Front,4/1,1000,Score in Half,Moon Slits Right Panel,Yes 5000 Envelopes A6
Majestic,Silk,6 x 9,Vertical,Rectangle,16PT C2S,Spot UV,Silk,Spot UV Front,4/1,1000,Score in Half,Moon Slits Right Panel,Yes 5000 Envelopes A6
Majestic,Silk,6 x 9,Horizontal,Rectangle,16PT C2S,Spot UV,Silk,Spot UV Back,4/1,1000,Score in Half,Moon Slits Right Panel,Yes 5000 Envelopes A6
Majestic,Silk,6 x 9,Horizontal,Rectangle,16PT C2S,Spot UV,Silk,Spot UV Both Sides,4/1,1000,Score in Half,Moon Slits Right Panel,Yes 5000 Envelopes A6
Majestic,Silk,6 x 9,Vertical,Rectangle,16PT C2S,Spot UV,Silk,Spot UV Both Sides,4/1,1000,Score in Half,Moon Slits Right Panel,Yes 5000 Envelopes A6
Majestic,Silk,6 x 9,Horizontal,Rectangle,16PT C2S,Spot UV,Silk,Spot UV Front,4/4 (4 color both sides),1000,Score in Half,Moon Slits Right Panel,Yes 5000 Envelopes A6
Majestic,Silk,6 x 9,Vertical,Rectangle,16PT C2S,Spot UV,Silk,Spot UV Front,4/4 (4 color both sides),1000,Score in Half,Moon Slits Right Panel,Yes 5000 Envelopes A6
Majestic,Silk,6 x 9,Horizontal,Rectangle,16PT C2S,Spot UV,Silk,Spot UV Back,4/4 (4 color both sides),1000,Score in Half,Moon Slits Right Panel,Yes 5000 Envelopes A6
Majestic,Silk,6 x 9,Vertical,Rectangle,16PT C2S,Spot UV,Silk,Spot UV Back,4/4 (4 color both sides),1000,Score in Half,Moon Slits Right Panel,Yes 5000 Envelopes A6
Majestic,Silk,6 x 9,Horizontal,Rectangle,16PT C2S,Spot UV,Silk,Spot UV Both Sides,4/4 (4 color both sides),1000,Score in Half,Moon Slits Right Panel,Yes 5000 Envelopes A6
Majestic,Silk,6 x 9,Vertical,Rectangle,16PT C2S,Spot UV,Silk,Spot UV Both Sides,4/4 (4 color both sides),1000,Score in Half,Moon Slits Right Panel,Yes 5000 Envelopes A6
Majestic,Silk,6 x 9,Horizontal,Rectangle,16PT C2S,Spot UV,Silk,Spot UV Front,4/1,2500,Score in Half,Moon Slits Right Panel,Yes 5000 Envelopes A6
Majestic,Silk,6 x 9,Vertical,Rectangle,16PT C2S,Spot UV,Silk,Spot UV Front,4/1,2500,Score in Half,Moon Slits Right Panel,Yes 5000 Envelopes A6
Majestic,Silk,6 x 9,Horizontal,Rectangle,16PT C2S,Spot UV,Silk,Spot UV Back,4/1,2500,Score in Half,Moon Slits Right Panel,Yes 5000 Envelopes A6
Majestic,Silk,6 x 9,Vertical,Rectangle,16PT C2S,Spot UV,Silk,Spot UV Back,4/1,2500,Score in Half,Moon Slits Right Panel,Yes 5000 Envelopes A6
Majestic,Silk,6 x 9,Horizontal,Rectangle,16PT C2S,Spot UV,Silk,Spot UV Both Sides,4/1,2500,Score in Half,Moon Slits Right Panel,Yes 5000 Envelopes A6
Majestic,Silk,6 x 9,Vertical,Rectangle,16PT C2S,Spot UV,Silk,Spot UV Both Sides,4/1,2500,Score in Half,Moon Slits Right Panel,Yes 5000 Envelopes A6
Majestic,Silk,6 x 9,Horizontal,Rectangle,16PT C2S,Spot UV,Silk,Spot UV Front,4/4 (4 color both sides),2500,Score in Half,Moon Slits Right Panel,Yes 5000 Envelopes A6
Majestic,Silk,6 x 9,Vertical,Rectangle,16PT C2S,Spot UV,Silk,Spot UV Back,4/1,1000,Score in Half,Moon Slits Right Panel,Yes 5000 Envelopes A6
Majestic,Silk,6 x 9,Horizontal,Rectangle,16PT C2S,Spot UV,Silk,Spot UV Back,4/4 (4 color both sides),10000,Score in Half,Slide Slits Right Panel,Yes 2500 Envelopes A6
Majestic,Silk,6 x 9,Horizontal,Rectangle,16PT C2S,Spot UV,Silk,Spot UV Back,4/4 (4 color both sides),2500,Score in Half,Moon Slits Right Panel,Yes 5000 Envelopes A6
Majestic,Silk,6 x 9,Vertical,Rectangle,16PT C2S,Spot UV,Silk,Spot UV Back,4/4 (4 color both sides),2500,Score in Half,Moon Slits Right Panel,Yes 5000 Envelopes A6
Majestic,Silk,6 x 9,Vertical,Rectangle,16PT C2S,Spot UV,Silk,Spot UV Both Sides,4/4 (4 color both sides),2500,Score in Half,Moon Slits Right Panel,Yes 5000 Envelopes A6
Majestic,Silk,6 x 9,Vertical,Rectangle,16PT C2S,Spot UV,Silk,Spot UV Front,4/1,5000,Score in Half,Moon Slits Right Panel,Yes 5000 Envelopes A6
Majestic,Silk,6 x 9,Horizontal,Rectangle,16PT C2S,Spot UV,Silk,Spot UV Front,4/1,5000,Score in Half,Moon Slits Right Panel,Yes 5000 Envelopes A6
Majestic,Silk,6 x 9,Horizontal,Rectangle,16PT C2S,Spot UV,Silk,Spot UV Back,4/1,5000,Score in Half,Moon Slits Right Panel,Yes 5000 Envelopes A6
Majestic,Silk,6 x 9,Horizontal,Rectangle,16PT C2S,Spot UV,Silk,Spot UV Both Sides,4/4 (4 color both sides),2500,Score in Half,Moon Slits Right Panel,Yes 5000 Envelopes A6
Majestic,Silk,6 x 9,Vertical,Rectangle,16PT C2S,Spot UV,Silk,Spot UV Back,4/1,5000,Score in Half,Moon Slits Right Panel,Yes 5000 Envelopes A6
Majestic,Silk,6 x 9,Horizontal,Rectangle,16PT C2S,Spot UV,Silk,Spot UV Both Sides,4/1,5000,Score in Half,Moon Slits Right Panel,Yes 5000 Envelopes A6
Majestic,Silk,6 x 9,Vertical,Rectangle,16PT C2S,Spot UV,Silk,Spot UV Both Sides,4/1,5000,Score in Half,Moon Slits Right Panel,Yes 5000 Envelopes A6
Majestic,Silk,6 x 9,Horizontal,Rectangle,16PT C2S,Spot UV,Silk,Spot UV Front,4/4 (4 color both sides),5000,Score in Half,Moon Slits Right Panel,Yes 5000 Envelopes A6
Majestic,Silk,6 x 9,Vertical,Rectangle,16PT C2S,Spot UV,Silk,Spot UV Front,4/4 (4 color both sides),5000,Score in Half,Moon Slits Right Panel,Yes 5000 Envelopes A6
Majestic,Silk,6 x 9,Horizontal,Rectangle,16PT C2S,Spot UV,Silk,Spot UV Back,4/4 (4 color both sides),5000,Score in Half,Moon Slits Right Panel,Yes 5000 Envelopes A6
Majestic,Silk,6 x 9,Vertical,Rectangle,16PT C2S,Spot UV,Silk,Spot UV Back,4/4 (4 color both sides),5000,Score in Half,Moon Slits Right Panel,Yes 5000 Envelopes A6
Majestic,Silk,6 x 9,Vertical,Rectangle,16PT C2S,Spot UV,Silk,Spot UV Both Sides,4/4 (4 color both sides),5000,Score in Half,Moon Slits Right Panel,Yes 5000 Envelopes A6
Majestic,Silk,6 x 9,Horizontal,Rectangle,16PT C2S,Spot UV,Silk,Spot UV Front,4/1,10000,Score in Half,Moon Slits Right Panel,Yes 5000 Envelopes A6
Majestic,Silk,6 x 9,Vertical,Rectangle,16PT C2S,Spot UV,Silk,Spot UV Front,4/1,10000,Score in Half,Moon Slits Right Panel,Yes 5000 Envelopes A6
Majestic,Silk,6 x 9,Horizontal,Rectangle,16PT C2S,Spot UV,Silk,Spot UV Back,4/1,10000,Score in Half,Moon Slits Right Panel,Yes 5000 Envelopes A6
Majestic,Silk,6 x 9,Horizontal,Rectangle,16PT C2S,Spot UV,Silk,Spot UV Both Sides,4/4 (4 color both sides),5000,Score in Half,Moon Slits Right Panel,Yes 5000 Envelopes A6
Majestic,Silk,6 x 9,Vertical,Rectangle,16PT C2S,Spot UV,Silk,Spot UV Back,4/1,10000,Score in Half,Moon Slits Right Panel,Yes 5000 Envelopes A6
Majestic,Silk,6 x 9,Horizontal,Rectangle,16PT C2S,Spot UV,Silk,Spot UV Both Sides,4/1,10000,Score in Half,Moon Slits Right Panel,Yes 5000 Envelopes A6
Majestic,Silk,6 x 9,Vertical,Rectangle,16PT C2S,Spot UV,Silk,Spot UV Both Sides,4/1,10000,Score in Half,Moon Slits Right Panel,Yes 5000 Envelopes A6
Majestic,Silk,6 x 9,Horizontal,Rectangle,16PT C2S,Spot UV,Silk,Spot UV Front,4/4 (4 color both sides),10000,Score in Half,Moon Slits Right Panel,Yes 5000 Envelopes A6
Majestic,Silk,6 x 9,Vertical,Rectangle,16PT C2S,Spot UV,Silk,Spot UV Front,4/4 (4 color both sides),10000,Score in Half,Moon Slits Right Panel,Yes 5000 Envelopes A6
Majestic,Silk,6 x 9,Horizontal,Rectangle,16PT C2S,Spot UV,Silk,Spot UV Back,4/4 (4 color both sides),10000,Score in Half,Moon Slits Right Panel,Yes 5000 Envelopes A6
Majestic,Silk,6 x 9,Vertical,Rectangle,16PT C2S,Spot UV,Silk,Spot UV Back,4/4 (4 color both sides),10000,Score in Half,Moon Slits Right Panel,Yes 5000 Envelopes A6
Majestic,Silk,6 x 9,Vertical,Rectangle,16PT C2S,Spot UV,Silk,Spot UV Front,4/4 (4 color both sides),2500,Score in Half,Moon Slits Right Panel,Yes 5000 Envelopes A6
Majestic,Silk,6 x 9,Vertical,Rectangle,16PT C2S,Spot UV,Silk,Spot UV Both Sides,4/4 (4 color both sides),10000,Score in Half,Moon Slits Right Panel,Yes 5000 Envelopes A6
Majestic,Silk,6 x 9,Horizontal,Rectangle,16PT C2S,Spot UV,Silk,Spot UV Front,4/1,500,Score in Half,No Gift Cards Slits,Yes 5000 Envelopes A6
Majestic,Silk,6 x 9,Vertical,Rectangle,16PT C2S,Spot UV,Silk,Spot UV Front,4/1,500,Score in Half,No Gift Cards Slits,Yes 5000 Envelopes A6
Majestic,Silk,6 x 9,Vertical,Rectangle,16PT C2S,Spot UV,Silk,Spot UV Back,4/1,500,Score in Half,No Gift Cards Slits,Yes 5000 Envelopes A6
Majestic,Silk,6 x 9,Horizontal,Rectangle,16PT C2S,Spot UV,Silk,Spot UV Both Sides,4/1,500,Score in Half,No Gift Cards Slits,Yes 5000 Envelopes A6
Majestic,Silk,6 x 9,Vertical,Rectangle,16PT C2S,Spot UV,Silk,Spot UV Both Sides,4/1,500,Score in Half,No Gift Cards Slits,Yes 5000 Envelopes A6
Majestic,Silk,6 x 9,Horizontal,Rectangle,16PT C2S,Spot UV,Silk,Spot UV Front,4/4 (4 color both sides),500,Score in Half,No Gift Cards Slits,Yes 5000 Envelopes A6
Majestic,Silk,6 x 9,Vertical,Rectangle,16PT C2S,Spot UV,Silk,Spot UV Front,4/4 (4 color both sides),500,Score in Half,No Gift Cards Slits,Yes 5000 Envelopes A6
Majestic,Silk,6 x 9,Horizontal,Rectangle,16PT C2S,Spot UV,Silk,Spot UV Back,4/4 (4 color both sides),500,Score in Half,No Gift Cards Slits,Yes 5000 Envelopes A6
Majestic,Silk,6 x 9,Vertical,Rectangle,16PT C2S,Spot UV,Silk,Spot UV Back,4/4 (4 color both sides),500,Score in Half,No Gift Cards Slits,Yes 5000 Envelopes A6
Majestic,Silk,6 x 9,Horizontal,Rectangle,16PT C2S,Spot UV,Silk,Spot UV Both Sides,4/4 (4 color both sides),500,Score in Half,No Gift Cards Slits,Yes 5000 Envelopes A6
Majestic,Silk,6 x 9,Vertical,Rectangle,16PT C2S,Spot UV,Silk,Spot UV Both Sides,4/4 (4 color both sides),500,Score in Half,No Gift Cards Slits,Yes 5000 Envelopes A6
Majestic,Silk,6 x 9,Horizontal,Rectangle,16PT C2S,Spot UV,Silk,Spot UV Front,4/1,1000,Score in Half,No Gift Cards Slits,Yes 5000 Envelopes A6
Majestic,Silk,6 x 9,Vertical,Rectangle,16PT C2S,Spot UV,Silk,Spot UV Front,4/1,1000,Score in Half,No Gift Cards Slits,Yes 5000 Envelopes A6
Majestic,Silk,6 x 9,Horizontal,Rectangle,16PT C2S,Spot UV,Silk,Spot UV Back,4/1,1000,Score in Half,No Gift Cards Slits,Yes 5000 Envelopes A6
Majestic,Silk,6 x 9,Vertical,Rectangle,16PT C2S,Spot UV,Silk,Spot UV Back,4/1,1000,Score in Half,No Gift Cards Slits,Yes 5000 Envelopes A6
Majestic,Silk,6 x 9,Horizontal,Rectangle,16PT C2S,Spot UV,Silk,Spot UV Both Sides,4/1,1000,Score in Half,No Gift Cards Slits,Yes 5000 Envelopes A6
Majestic,Silk,6 x 9,Vertical,Rectangle,16PT C2S,Spot UV,Silk,Spot UV Both Sides,4/1,1000,Score in Half,No Gift Cards Slits,Yes 5000 Envelopes A6
Majestic,Silk,6 x 9,Horizontal,Rectangle,16PT C2S,Spot UV,Silk,Spot UV Front,4/4 (4 color both sides),1000,Score in Half,No Gift Cards Slits,Yes 5000 Envelopes A6
Majestic,Silk,6 x 9,Vertical,Rectangle,16PT C2S,Spot UV,Silk,Spot UV Front,4/4 (4 color both sides),1000,Score in Half,No Gift Cards Slits,Yes 5000 Envelopes A6
Majestic,Silk,6 x 9,Horizontal,Rectangle,16PT C2S,Spot UV,Silk,Spot UV Back,4/4 (4 color both sides),1000,Score in Half,No Gift Cards Slits,Yes 5000 Envelopes A6
Majestic,Silk,6 x 9,Horizontal,Rectangle,16PT C2S,Spot UV,Silk,Spot UV Both Sides,4/1,500,Score in Half,No Gift Cards Slits,Yes 2500 Envelopes A6
Majestic,Silk,6 x 9,Horizontal,Rectangle,16PT C2S,Spot UV,Silk,Spot UV Both Sides,4/4 (4 color both sides),1000,Score in Half,No Gift Cards Slits,Yes 5000 Envelopes A6
Majestic,Silk,6 x 9,Vertical,Rectangle,16PT C2S,Spot UV,Silk,Spot UV Both Sides,4/4 (4 color both sides),1000,Score in Half,No Gift Cards Slits,Yes 5000 Envelopes A6
Majestic,Silk,6 x 9,Horizontal,Rectangle,16PT C2S,Spot UV,Silk,Spot UV Front,4/1,2500,Score in Half,No Gift Cards Slits,Yes 5000 Envelopes A6
Majestic,Silk,6 x 9,Vertical,Rectangle,16PT C2S,Spot UV,Silk,Spot UV Front,4/1,2500,Score in Half,No Gift Cards Slits,Yes 5000 Envelopes A6
Majestic,Silk,6 x 9,Horizontal,Rectangle,16PT C2S,Spot UV,Silk,Spot UV Back,4/1,2500,Score in Half,No Gift Cards Slits,Yes 5000 Envelopes A6
Majestic,Silk,6 x 9,Vertical,Rectangle,16PT C2S,Spot UV,Silk,Spot UV Back,4/1,2500,Score in Half,No Gift Cards Slits,Yes 5000 Envelopes A6
Majestic,Silk,6 x 9,Horizontal,Rectangle,16PT C2S,Spot UV,Silk,Spot UV Both Sides,4/1,2500,Score in Half,No Gift Cards Slits,Yes 5000 Envelopes A6
Majestic,Silk,6 x 9,Horizontal,Rectangle,16PT C2S,Spot UV,Silk,Spot UV Both Sides,4/4 (4 color both sides),10000,Score in Half,Moon Slits Right Panel,Yes 5000 Envelopes A6
Majestic,Silk,6 x 9,Horizontal,Rectangle,16PT C2S,Spot UV,Silk,Spot UV Back,4/1,500,Score in Half,No Gift Cards Slits,Yes 5000 Envelopes A6
Majestic,Silk,6 x 9,Horizontal,Rectangle,16PT C2S,Spot UV,Silk,Spot UV Back,4/4 (4 color both sides),2500,Score in Half,No Gift Cards Slits,Yes 5000 Envelopes A6
Majestic,Silk,6 x 9,Horizontal,Rectangle,16PT C2S,Spot UV,Silk,Spot UV Front,4/4 (4 color both sides),2500,Score in Half,No Gift Cards Slits,Yes 5000 Envelopes A6
Majestic,Silk,6 x 9,Vertical,Rectangle,16PT C2S,Spot UV,Silk,Spot UV Front,4/4 (4 color both sides),2500,Score in Half,No Gift Cards Slits,Yes 5000 Envelopes A6
Majestic,Silk,6 x 9,Horizontal,Rectangle,16PT C2S,Spot UV,Silk,Spot UV Both Sides,4/4 (4 color both sides),2500,Score in Half,No Gift Cards Slits,Yes 5000 Envelopes A6
Majestic,Silk,6 x 9,Vertical,Rectangle,16PT C2S,Spot UV,Silk,Spot UV Back,4/4 (4 color both sides),2500,Score in Half,No Gift Cards Slits,Yes 5000 Envelopes A6
Majestic,Silk,6 x 9,Vertical,Rectangle,16PT C2S,Spot UV,Silk,Spot UV Both Sides,4/4 (4 color both sides),2500,Score in Half,No Gift Cards Slits,Yes 5000 Envelopes A6
Majestic,Silk,6 x 9,Horizontal,Rectangle,16PT C2S,Spot UV,Silk,Spot UV Back,4/1,5000,Score in Half,No Gift Cards Slits,Yes 5000 Envelopes A6
Majestic,Silk,6 x 9,Horizontal,Rectangle,16PT C2S,Spot UV,Silk,Spot UV Front,4/1,5000,Score in Half,No Gift Cards Slits,Yes 5000 Envelopes A6
Majestic,Silk,6 x 9,Vertical,Rectangle,16PT C2S,Spot UV,Silk,Spot UV Back,4/4 (4 color both sides),1000,Score in Half,No Gift Cards Slits,Yes 5000 Envelopes A6
Majestic,Silk,6 x 9,Vertical,Rectangle,16PT C2S,Spot UV,Silk,Spot UV Both Sides,4/1,5000,Score in Half,No Gift Cards Slits,Yes 5000 Envelopes A6
Majestic,Silk,6 x 9,Horizontal,Rectangle,16PT C2S,Spot UV,Silk,Spot UV Front,4/4 (4 color both sides),5000,Score in Half,No Gift Cards Slits,Yes 5000 Envelopes A6
Majestic,Silk,6 x 9,Horizontal,Rectangle,16PT C2S,Spot UV,Silk,Spot UV Both Sides,4/1,5000,Score in Half,No Gift Cards Slits,Yes 5000 Envelopes A6
Majestic,Silk,6 x 9,Vertical,Rectangle,16PT C2S,Spot UV,Silk,Spot UV Front,4/4 (4 color both sides),5000,Score in Half,No Gift Cards Slits,Yes 5000 Envelopes A6
Majestic,Silk,6 x 9,Vertical,Rectangle,16PT C2S,Spot UV,Silk,Spot UV Front,4/1,5000,Score in Half,No Gift Cards Slits,Yes 5000 Envelopes A6
Majestic,Silk,6 x 9,Horizontal,Rectangle,16PT C2S,Spot UV,Silk,Spot UV Back,4/4 (4 color both sides),5000,Score in Half,No Gift Cards Slits,Yes 5000 Envelopes A6
Majestic,Silk,6 x 9,Vertical,Rectangle,16PT C2S,Spot UV,Silk,Spot UV Back,4/4 (4 color both sides),5000,Score in Half,No Gift Cards Slits,Yes 5000 Envelopes A6
Majestic,Silk,6 x 9,Horizontal,Rectangle,16PT C2S,Spot UV,Silk,Spot UV Both Sides,4/4 (4 color both sides),5000,Score in Half,No Gift Cards Slits,Yes 5000 Envelopes A6
Majestic,Silk,6 x 9,Vertical,Rectangle,16PT C2S,Spot UV,Silk,Spot UV Front,4/1,10000,Score in Half,No Gift Cards Slits,Yes 5000 Envelopes A6
Majestic,Silk,6 x 9,Horizontal,Rectangle,16PT C2S,Spot UV,Silk,Spot UV Front,4/1,10000,Score in Half,No Gift Cards Slits,Yes 5000 Envelopes A6
Majestic,Silk,6 x 9,Horizontal,Rectangle,16PT C2S,Spot UV,Silk,Spot UV Back,4/1,10000,Score in Half,No Gift Cards Slits,Yes 5000 Envelopes A6
Majestic,Silk,6 x 9,Vertical,Rectangle,16PT C2S,Spot UV,Silk,Spot UV Both Sides,4/4 (4 color both sides),5000,Score in Half,No Gift Cards Slits,Yes 5000 Envelopes A6
Majestic,Silk,6 x 9,Vertical,Rectangle,16PT C2S,Spot UV,Silk,Spot UV Back,4/1,10000,Score in Half,No Gift Cards Slits,Yes 5000 Envelopes A6
Majestic,Silk,6 x 9,Vertical,Rectangle,16PT C2S,Spot UV,Silk,Spot UV Both Sides,4/1,10000,Score in Half,No Gift Cards Slits,Yes 5000 Envelopes A6
Majestic,Silk,6 x 9,Horizontal,Rectangle,16PT C2S,Spot UV,Silk,Spot UV Front,4/4 (4 color both sides),10000,Score in Half,No Gift Cards Slits,Yes 5000 Envelopes A6
Majestic,Silk,6 x 9,Horizontal,Rectangle,16PT C2S,Spot UV,Silk,Spot UV Back,4/4 (4 color both sides),10000,Score in Half,No Gift Cards Slits,Yes 5000 Envelopes A6
Majestic,Silk,6 x 9,Vertical,Rectangle,16PT C2S,Spot UV,Silk,Spot UV Front,4/4 (4 color both sides),10000,Score in Half,No Gift Cards Slits,Yes 5000 Envelopes A6
Majestic,Silk,6 x 9,Vertical,Rectangle,16PT C2S,Spot UV,Silk,Spot UV Back,4/4 (4 color both sides),10000,Score in Half,No Gift Cards Slits,Yes 5000 Envelopes A6
Majestic,Silk,6 x 9,Horizontal,Rectangle,16PT C2S,Spot UV,Silk,Spot UV Both Sides,4/4 (4 color both sides),10000,Score in Half,No Gift Cards Slits,Yes 5000 Envelopes A6
Majestic,Silk,6 x 9,Vertical,Rectangle,16PT C2S,Spot UV,Silk,Spot UV Both Sides,4/4 (4 color both sides),10000,Score in Half,No Gift Cards Slits,Yes 5000 Envelopes A6
Majestic,Silk,6 x 9,Horizontal,Rectangle,16PT C2S,Spot UV,Silk,Spot UV Front,4/1,500,Score in Half,Slide Slits Bottom Panel,Yes 5000 Envelopes A6
Majestic,Silk,6 x 9,Vertical,Rectangle,16PT C2S,Spot UV,Silk,Spot UV Front,4/1,500,Score in Half,Slide Slits Bottom Panel,Yes 5000 Envelopes A6
Majestic,Silk,6 x 9,Horizontal,Rectangle,16PT C2S,Spot UV,Silk,Spot UV Back,4/1,500,Score in Half,Slide Slits Bottom Panel,Yes 5000 Envelopes A6
Majestic,Silk,6 x 9,Vertical,Rectangle,16PT C2S,Spot UV,Silk,Spot UV Back,4/1,500,Score in Half,Slide Slits Bottom Panel,Yes 5000 Envelopes A6
Majestic,Silk,6 x 9,Horizontal,Rectangle,16PT C2S,Spot UV,Silk,Spot UV Both Sides,4/1,500,Score in Half,Slide Slits Bottom Panel,Yes 5000 Envelopes A6
Majestic,Silk,6 x 9,Vertical,Rectangle,16PT C2S,Spot UV,Silk,Spot UV Both Sides,4/1,500,Score in Half,Slide Slits Bottom Panel,Yes 5000 Envelopes A6
Majestic,Silk,6 x 9,Horizontal,Rectangle,16PT C2S,Spot UV,Silk,Spot UV Front,4/4 (4 color both sides),500,Score in Half,Slide Slits Bottom Panel,Yes 5000 Envelopes A6
Majestic,Silk,6 x 9,Vertical,Rectangle,16PT C2S,Spot UV,Silk,Spot UV Front,4/4 (4 color both sides),500,Score in Half,Slide Slits Bottom Panel,Yes 5000 Envelopes A6
Majestic,Silk,6 x 9,Horizontal,Rectangle,16PT C2S,Spot UV,Silk,Spot UV Both Sides,4/1,10000,Score in Half,No Gift Cards Slits,Yes 5000 Envelopes A6
Majestic,Silk,6 x 9,Horizontal,Rectangle,16PT C2S,Spot UV,Silk,Spot UV Back,4/4 (4 color both sides),500,Score in Half,Slide Slits Bottom Panel,Yes 5000 Envelopes A6
Majestic,Silk,6 x 9,Vertical,Rectangle,16PT C2S,Spot UV,Silk,Spot UV Back,4/4 (4 color both sides),500,Score in Half,Slide Slits Bottom Panel,Yes 5000 Envelopes A6
Majestic,Silk,6 x 9,Horizontal,Rectangle,16PT C2S,Spot UV,Silk,Spot UV Both Sides,4/4 (4 color both sides),500,Score in Half,Slide Slits Bottom Panel,Yes 5000 Envelopes A6
Majestic,Silk,6 x 9,Horizontal,Rectangle,16PT C2S,Spot UV,Silk,Spot UV Front,4/1,1000,Score in Half,Slide Slits Bottom Panel,Yes 5000 Envelopes A6
Majestic,Silk,6 x 9,Vertical,Rectangle,16PT C2S,Spot UV,Silk,Spot UV Front,4/1,1000,Score in Half,Slide Slits Bottom Panel,Yes 5000 Envelopes A6
Majestic,Silk,6 x 9,Horizontal,Rectangle,16PT C2S,Spot UV,Silk,Spot UV Back,4/1,1000,Score in Half,Slide Slits Bottom Panel,Yes 5000 Envelopes A6
Majestic,Silk,6 x 9,Vertical,Rectangle,16PT C2S,Spot UV,Silk,Spot UV Both Sides,4/4 (4 color both sides),500,Score in Half,Slide Slits Bottom Panel,Yes 5000 Envelopes A6
Majestic,Silk,6 x 9,Horizontal,Rectangle,16PT C2S,Spot UV,Silk,Spot UV Back,4/1,500,Score in Half,Slide Slits Bottom Panel,Yes 2500 Envelopes A6
Majestic,Silk,6 x 9,Vertical,Rectangle,16PT C2S,Spot UV,Silk,Spot UV Back,4/1,1000,Score in Half,Slide Slits Bottom Panel,Yes 5000 Envelopes A6
Majestic,Silk,6 x 9,Vertical,Rectangle,16PT C2S,Spot UV,Silk,Spot UV Both Sides,4/1,1000,Score in Half,Slide Slits Bottom Panel,Yes 5000 Envelopes A6
Majestic,Silk,6 x 9,Horizontal,Rectangle,16PT C2S,Spot UV,Silk,Spot UV Front,4/4 (4 color both sides),1000,Score in Half,Slide Slits Bottom Panel,Yes 5000 Envelopes A6
Majestic,Silk,6 x 9,Vertical,Rectangle,16PT C2S,Spot UV,Silk,Spot UV Front,4/4 (4 color both sides),1000,Score in Half,Slide Slits Bottom Panel,Yes 5000 Envelopes A6
Majestic,Silk,6 x 9,Horizontal,Rectangle,16PT C2S,Spot UV,Silk,Spot UV Back,4/4 (4 color both sides),1000,Score in Half,Slide Slits Bottom Panel,Yes 5000 Envelopes A6
Majestic,Silk,6 x 9,Vertical,Rectangle,16PT C2S,Spot UV,Silk,Spot UV Back,4/4 (4 color both sides),1000,Score in Half,Slide Slits Bottom Panel,Yes 5000 Envelopes A6
Majestic,Silk,6 x 9,Horizontal,Rectangle,16PT C2S,Spot UV,Silk,Spot UV Both Sides,4/4 (4 color both sides),1000,Score in Half,Slide Slits Bottom Panel,Yes 5000 Envelopes A6
Majestic,Silk,6 x 9,Vertical,Rectangle,16PT C2S,Spot UV,Silk,Spot UV Both Sides,4/4 (4 color both sides),1000,Score in Half,Slide Slits Bottom Panel,Yes 5000 Envelopes A6
Majestic,Silk,6 x 9,Horizontal,Rectangle,16PT C2S,Spot UV,Silk,Spot UV Front,4/1,2500,Score in Half,Slide Slits Bottom Panel,Yes 5000 Envelopes A6
Majestic,Silk,6 x 9,Vertical,Rectangle,16PT C2S,Spot UV,Silk,Spot UV Front,4/1,2500,Score in Half,Slide Slits Bottom Panel,Yes 5000 Envelopes A6
Majestic,Silk,6 x 9,Horizontal,Rectangle,16PT C2S,Spot UV,Silk,Spot UV Back,4/1,2500,Score in Half,Slide Slits Bottom Panel,Yes 5000 Envelopes A6
Majestic,Silk,6 x 9,Vertical,Rectangle,16PT C2S,Spot UV,Silk,Spot UV Back,4/1,2500,Score in Half,Slide Slits Bottom Panel,Yes 5000 Envelopes A6
Majestic,Silk,6 x 9,Horizontal,Rectangle,16PT C2S,Spot UV,Silk,Spot UV Both Sides,4/1,2500,Score in Half,Slide Slits Bottom Panel,Yes 5000 Envelopes A6
Majestic,Silk,6 x 9,Vertical,Rectangle,16PT C2S,Spot UV,Silk,Spot UV Both Sides,4/1,2500,Score in Half,Slide Slits Bottom Panel,Yes 5000 Envelopes A6
Majestic,Silk,6 x 9,Horizontal,Rectangle,16PT C2S,Spot UV,Silk,Spot UV Front,4/4 (4 color both sides),2500,Score in Half,Slide Slits Bottom Panel,Yes 5000 Envelopes A6
Majestic,Silk,6 x 9,Vertical,Rectangle,16PT C2S,Spot UV,Silk,Spot UV Front,4/4 (4 color both sides),2500,Score in Half,Slide Slits Bottom Panel,Yes 5000 Envelopes A6
Majestic,Silk,6 x 9,Horizontal,Rectangle,16PT C2S,Spot UV,Silk,Spot UV Back,4/4 (4 color both sides),2500,Score in Half,Slide Slits Bottom Panel,Yes 5000 Envelopes A6
Majestic,Silk,6 x 9,Vertical,Rectangle,16PT C2S,Spot UV,Silk,Spot UV Back,4/4 (4 color both sides),2500,Score in Half,Slide Slits Bottom Panel,Yes 5000 Envelopes A6
Majestic,Silk,6 x 9,Horizontal,Rectangle,16PT C2S,Spot UV,Silk,Spot UV Both Sides,4/4 (4 color both sides),2500,Score in Half,Slide Slits Bottom Panel,Yes 5000 Envelopes A6
Majestic,Silk,6 x 9,Vertical,Rectangle,16PT C2S,Spot UV,Silk,Spot UV Both Sides,4/4 (4 color both sides),2500,Score in Half,Slide Slits Bottom Panel,Yes 5000 Envelopes A6
Majestic,Silk,6 x 9,Vertical,Rectangle,16PT C2S,Spot UV,Silk,Spot UV Front,4/1,5000,Score in Half,Slide Slits Bottom Panel,Yes 5000 Envelopes A6
Majestic,Silk,6 x 9,Horizontal,Rectangle,16PT C2S,Spot UV,Silk,Spot UV Back,4/1,5000,Score in Half,Slide Slits Bottom Panel,Yes 5000 Envelopes A6
Majestic,Silk,6 x 9,Horizontal,Rectangle,16PT C2S,Spot UV,Silk,Spot UV Front,4/1,5000,Score in Half,Slide Slits Bottom Panel,Yes 5000 Envelopes A6
Majestic,Silk,6 x 9,Vertical,Rectangle,16PT C2S,Spot UV,Silk,Spot UV Back,4/1,5000,Score in Half,Slide Slits Bottom Panel,Yes 5000 Envelopes A6
Majestic,Silk,6 x 9,Horizontal,Rectangle,16PT C2S,Spot UV,Silk,Spot UV Both Sides,4/1,5000,Score in Half,Slide Slits Bottom Panel,Yes 5000 Envelopes A6
Majestic,Silk,6 x 9,Vertical,Rectangle,16PT C2S,Spot UV,Silk,Spot UV Both Sides,4/1,5000,Score in Half,Slide Slits Bottom Panel,Yes 5000 Envelopes A6
Majestic,Silk,6 x 9,Vertical,Rectangle,16PT C2S,Spot UV,Silk,Spot UV Front,4/4 (4 color both sides),5000,Score in Half,Slide Slits Bottom Panel,Yes 5000 Envelopes A6
Majestic,Silk,6 x 9,Horizontal,Rectangle,16PT C2S,Spot UV,Silk,Spot UV Front,4/4 (4 color both sides),5000,Score in Half,Slide Slits Bottom Panel,Yes 5000 Envelopes A6
Majestic,Silk,6 x 9,Horizontal,Rectangle,16PT C2S,Spot UV,Silk,Spot UV Back,4/4 (4 color both sides),5000,Score in Half,Slide Slits Bottom Panel,Yes 5000 Envelopes A6
Majestic,Silk,6 x 9,Vertical,Rectangle,16PT C2S,Spot UV,Silk,Spot UV Back,4/4 (4 color both sides),5000,Score in Half,Slide Slits Bottom Panel,Yes 5000 Envelopes A6
Majestic,Silk,6 x 9,Horizontal,Rectangle,16PT C2S,Spot UV,Silk,Spot UV Both Sides,4/4 (4 color both sides),5000,Score in Half,Slide Slits Bottom Panel,Yes 5000 Envelopes A6
Majestic,Silk,6 x 9,Vertical,Rectangle,16PT C2S,Spot UV,Silk,Spot UV Both Sides,4/4 (4 color both sides),5000,Score in Half,Slide Slits Bottom Panel,Yes 5000 Envelopes A6
Majestic,Silk,6 x 9,Horizontal,Rectangle,16PT C2S,Spot UV,Silk,Spot UV Front,4/1,10000,Score in Half,Slide Slits Bottom Panel,Yes 5000 Envelopes A6
Majestic,Silk,6 x 9,Vertical,Rectangle,16PT C2S,Spot UV,Silk,Spot UV Front,4/1,10000,Score in Half,Slide Slits Bottom Panel,Yes 5000 Envelopes A6
Majestic,Silk,6 x 9,Horizontal,Rectangle,16PT C2S,Spot UV,Silk,Spot UV Back,4/1,10000,Score in Half,Slide Slits Bottom Panel,Yes 5000 Envelopes A6
Majestic,Silk,6 x 9,Vertical,Rectangle,16PT C2S,Spot UV,Silk,Spot UV Back,4/1,10000,Score in Half,Slide Slits Bottom Panel,Yes 5000 Envelopes A6
Majestic,Silk,6 x 9,Horizontal,Rectangle,16PT C2S,Spot UV,Silk,Spot UV Both Sides,4/1,10000,Score in Half,Slide Slits Bottom Panel,Yes 5000 Envelopes A6
Majestic,Silk,6 x 9,Vertical,Rectangle,16PT C2S,Spot UV,Silk,Spot UV Both Sides,4/1,10000,Score in Half,Slide Slits Bottom Panel,Yes 5000 Envelopes A6
Majestic,Silk,6 x 9,Horizontal,Rectangle,16PT C2S,Spot UV,Silk,Spot UV Front,4/4 (4 color both sides),10000,Score in Half,Slide Slits Bottom Panel,Yes 5000 Envelopes A6
Majestic,Silk,6 x 9,Vertical,Rectangle,16PT C2S,Spot UV,Silk,Spot UV Front,4/4 (4 color both sides),10000,Score in Half,Slide Slits Bottom Panel,Yes 5000 Envelopes A6
Majestic,Silk,6 x 9,Horizontal,Rectangle,16PT C2S,Spot UV,Silk,Spot UV Back,4/4 (4 color both sides),10000,Score in Half,Slide Slits Bottom Panel,Yes 5000 Envelopes A6
Majestic,Silk,6 x 9,Vertical,Rectangle,16PT C2S,Spot UV,Silk,Spot UV Back,4/4 (4 color both sides),10000,Score in Half,Slide Slits Bottom Panel,Yes 5000 Envelopes A6
Majestic,Silk,6 x 9,Horizontal,Rectangle,16PT C2S,Spot UV,Silk,Spot UV Both Sides,4/4 (4 color both sides),10000,Score in Half,Slide Slits Bottom Panel,Yes 5000 Envelopes A6
Majestic,Silk,6 x 9,Vertical,Rectangle,16PT C2S,Spot UV,Silk,Spot UV Both Sides,4/4 (4 color both sides),10000,Score in Half,Slide Slits Bottom Panel,Yes 5000 Envelopes A6
Majestic,Silk,6 x 9,Horizontal,Rectangle,16PT C2S,Spot UV,Silk,Spot UV Front,4/1,500,Score in Half,Slide Slits Right Panel,Yes 5000 Envelopes A6
Majestic,Silk,6 x 9,Vertical,Rectangle,16PT C2S,Spot UV,Silk,Spot UV Front,4/1,500,Score in Half,Slide Slits Right Panel,Yes 5000 Envelopes A6
Majestic,Silk,6 x 9,Horizontal,Rectangle,16PT C2S,Spot UV,Silk,Spot UV Back,4/1,500,Score in Half,Slide Slits Right Panel,Yes 5000 Envelopes A6
Majestic,Silk,6 x 9,Vertical,Rectangle,16PT C2S,Spot UV,Silk,Spot UV Back,4/1,500,Score in Half,Slide Slits Right Panel,Yes 5000 Envelopes A6
Majestic,Silk,6 x 9,Horizontal,Rectangle,16PT C2S,Spot UV,Silk,Spot UV Both Sides,4/1,500,Score in Half,Slide Slits Right Panel,Yes 5000 Envelopes A6
Majestic,Silk,6 x 9,Vertical,Rectangle,16PT C2S,Spot UV,Silk,Spot UV Both Sides,4/1,500,Score in Half,Slide Slits Right Panel,Yes 5000 Envelopes A6
Majestic,Silk,6 x 9,Horizontal,Rectangle,16PT C2S,Spot UV,Silk,Spot UV Front,4/4 (4 color both sides),500,Score in Half,Slide Slits Right Panel,Yes 5000 Envelopes A6
Majestic,Silk,6 x 9,Vertical,Rectangle,16PT C2S,Spot UV,Silk,Spot UV Front,4/4 (4 color both sides),500,Score in Half,Slide Slits Right Panel,Yes 5000 Envelopes A6
Majestic,Silk,6 x 9,Horizontal,Rectangle,16PT C2S,Spot UV,Silk,Spot UV Back,4/4 (4 color both sides),500,Score in Half,Slide Slits Right Panel,Yes 5000 Envelopes A6
Majestic,Silk,6 x 9,Vertical,Rectangle,16PT C2S,Spot UV,Silk,Spot UV Back,4/4 (4 color both sides),500,Score in Half,Slide Slits Right Panel,Yes 5000 Envelopes A6
Majestic,Silk,6 x 9,Horizontal,Rectangle,16PT C2S,Spot UV,Silk,Spot UV Both Sides,4/4 (4 color both sides),500,Score in Half,Slide Slits Right Panel,Yes 5000 Envelopes A6
Majestic,Silk,6 x 9,Horizontal,Rectangle,16PT C2S,Spot UV,Silk,Spot UV Front,4/1,1000,Score in Half,Slide Slits Right Panel,Yes 5000 Envelopes A6
Majestic,Silk,6 x 9,Vertical,Rectangle,16PT C2S,Spot UV,Silk,Spot UV Front,4/1,1000,Score in Half,Slide Slits Right Panel,Yes 5000 Envelopes A6
Majestic,Silk,6 x 9,Vertical,Rectangle,16PT C2S,Spot UV,Silk,Spot UV Both Sides,4/4 (4 color both sides),500,Score in Half,Slide Slits Right Panel,Yes 5000 Envelopes A6
Majestic,Silk,6 x 9,Horizontal,Rectangle,16PT C2S,Spot UV,Silk,Spot UV Back,4/1,1000,Score in Half,Slide Slits Right Panel,Yes 5000 Envelopes A6
Majestic,Silk,6 x 9,Vertical,Rectangle,16PT C2S,Spot UV,Silk,Spot UV Back,4/1,1000,Score in Half,Slide Slits Right Panel,Yes 5000 Envelopes A6
Majestic,Silk,6 x 9,Horizontal,Rectangle,16PT C2S,Spot UV,Silk,Spot UV Both Sides,4/1,1000,Score in Half,Slide Slits Right Panel,Yes 5000 Envelopes A6
Majestic,Silk,6 x 9,Vertical,Rectangle,16PT C2S,Spot UV,Silk,Spot UV Both Sides,4/1,1000,Score in Half,Slide Slits Right Panel,Yes 5000 Envelopes A6
Majestic,Silk,6 x 9,Horizontal,Rectangle,16PT C2S,Spot UV,Silk,Spot UV Front,4/4 (4 color both sides),1000,Score in Half,Slide Slits Right Panel,Yes 5000 Envelopes A6
Majestic,Silk,6 x 9,Vertical,Rectangle,16PT C2S,Spot UV,Silk,Spot UV Front,4/4 (4 color both sides),1000,Score in Half,Slide Slits Right Panel,Yes 5000 Envelopes A6
Majestic,Silk,6 x 9,Horizontal,Rectangle,16PT C2S,Spot UV,Silk,Spot UV Back,4/4 (4 color both sides),1000,Score in Half,Slide Slits Right Panel,Yes 5000 Envelopes A6
Majestic,Silk,6 x 9,Vertical,Rectangle,16PT C2S,Spot UV,Silk,Spot UV Back,4/4 (4 color both sides),1000,Score in Half,Slide Slits Right Panel,Yes 5000 Envelopes A6
Majestic,Silk,6 x 9,Horizontal,Rectangle,16PT C2S,Spot UV,Silk,Spot UV Both Sides,4/4 (4 color both sides),1000,Score in Half,Slide Slits Right Panel,Yes 5000 Envelopes A6
Majestic,Silk,6 x 9,Vertical,Rectangle,16PT C2S,Spot UV,Silk,Spot UV Both Sides,4/4 (4 color both sides),1000,Score in Half,Slide Slits Right Panel,Yes 5000 Envelopes A6
Majestic,Silk,6 x 9,Horizontal,Rectangle,16PT C2S,Spot UV,Silk,Spot UV Front,4/1,2500,Score in Half,Slide Slits Right Panel,Yes 5000 Envelopes A6
Majestic,Silk,6 x 9,Vertical,Rectangle,16PT C2S,Spot UV,Silk,Spot UV Front,4/1,2500,Score in Half,Slide Slits Right Panel,Yes 5000 Envelopes A6
Majestic,Silk,6 x 9,Horizontal,Rectangle,16PT C2S,Spot UV,Silk,Spot UV Back,4/1,2500,Score in Half,Slide Slits Right Panel,Yes 5000 Envelopes A6
Majestic,Silk,6 x 9,Vertical,Rectangle,16PT C2S,Spot UV,Silk,Spot UV Back,4/1,2500,Score in Half,Slide Slits Right Panel,Yes 5000 Envelopes A6
Majestic,Silk,6 x 9,Horizontal,Rectangle,16PT C2S,Spot UV,Silk,Spot UV Both Sides,4/1,2500,Score in Half,Slide Slits Right Panel,Yes 5000 Envelopes A6
Majestic,Silk,6 x 9,Vertical,Rectangle,16PT C2S,Spot UV,Silk,Spot UV Both Sides,4/1,2500,Score in Half,Slide Slits Right Panel,Yes 5000 Envelopes A6
Majestic,Silk,6 x 9,Horizontal,Rectangle,16PT C2S,Spot UV,Silk,Spot UV Front,4/4 (4 color both sides),2500,Score in Half,Slide Slits Right Panel,Yes 5000 Envelopes A6
Majestic,Silk,6 x 9,Vertical,Rectangle,16PT C2S,Spot UV,Silk,Spot UV Front,4/4 (4 color both sides),2500,Score in Half,Slide Slits Right Panel,Yes 5000 Envelopes A6
Majestic,Silk,6 x 9,Horizontal,Rectangle,16PT C2S,Spot UV,Silk,Spot UV Back,4/4 (4 color both sides),2500,Score in Half,Slide Slits Right Panel,Yes 5000 Envelopes A6
Majestic,Silk,6 x 9,Vertical,Rectangle,16PT C2S,Spot UV,Silk,Spot UV Back,4/4 (4 color both sides),2500,Score in Half,Slide Slits Right Panel,Yes 5000 Envelopes A6
Majestic,Silk,6 x 9,Horizontal,Rectangle,16PT C2S,Spot UV,Silk,Spot UV Both Sides,4/4 (4 color both sides),2500,Score in Half,Slide Slits Right Panel,Yes 5000 Envelopes A6
Majestic,Silk,6 x 9,Vertical,Rectangle,16PT C2S,Spot UV,Silk,Spot UV Both Sides,4/4 (4 color both sides),2500,Score in Half,Slide Slits Right Panel,Yes 5000 Envelopes A6
Majestic,Silk,6 x 9,Horizontal,Rectangle,16PT C2S,Spot UV,Silk,Spot UV Front,4/1,5000,Score in Half,Slide Slits Right Panel,Yes 5000 Envelopes A6
Majestic,Silk,6 x 9,Vertical,Rectangle,16PT C2S,Spot UV,Silk,Spot UV Front,4/1,5000,Score in Half,Slide Slits Right Panel,Yes 5000 Envelopes A6
Majestic,Silk,6 x 9,Horizontal,Rectangle,16PT C2S,Spot UV,Silk,Spot UV Back,4/1,5000,Score in Half,Slide Slits Right Panel,Yes 5000 Envelopes A6
Majestic,Silk,6 x 9,Vertical,Rectangle,16PT C2S,Spot UV,Silk,Spot UV Back,4/1,5000,Score in Half,Slide Slits Right Panel,Yes 5000 Envelopes A6
Majestic,Silk,6 x 9,Horizontal,Rectangle,16PT C2S,Spot UV,Silk,Spot UV Both Sides,4/1,5000,Score in Half,Slide Slits Right Panel,Yes 5000 Envelopes A6
Majestic,Silk,6 x 9,Vertical,Rectangle,16PT C2S,Spot UV,Silk,Spot UV Both Sides,4/1,5000,Score in Half,Slide Slits Right Panel,Yes 5000 Envelopes A6
Majestic,Silk,6 x 9,Horizontal,Rectangle,16PT C2S,Spot UV,Silk,Spot UV Back,4/4 (4 color both sides),5000,Score in Half,Slide Slits Right Panel,Yes 5000 Envelopes A6
Majestic,Silk,6 x 9,Vertical,Rectangle,16PT C2S,Spot UV,Silk,Spot UV Front,4/4 (4 color both sides),5000,Score in Half,Slide Slits Right Panel,Yes 5000 Envelopes A6
Majestic,Silk,6 x 9,Horizontal,Rectangle,16PT C2S,Spot UV,Silk,Spot UV Front,4/4 (4 color both sides),5000,Score in Half,Slide Slits Right Panel,Yes 5000 Envelopes A6
Majestic,Silk,6 x 9,Horizontal,Rectangle,16PT C2S,Spot UV,Silk,Spot UV Both Sides,4/4 (4 color both sides),5000,Score in Half,Slide Slits Right Panel,Yes 5000 Envelopes A6
Majestic,Silk,6 x 9,Vertical,Rectangle,16PT C2S,Spot UV,Silk,Spot UV Both Sides,4/4 (4 color both sides),5000,Score in Half,Slide Slits Right Panel,Yes 5000 Envelopes A6
Majestic,Silk,6 x 9,Vertical,Rectangle,16PT C2S,Spot UV,Silk,Spot UV Back,4/4 (4 color both sides),5000,Score in Half,Slide Slits Right Panel,Yes 5000 Envelopes A6
Majestic,Silk,6 x 9,Vertical,Rectangle,16PT C2S,Spot UV,Silk,Spot UV Front,4/1,10000,Score in Half,Slide Slits Right Panel,Yes 5000 Envelopes A6
Majestic,Silk,6 x 9,Horizontal,Rectangle,16PT C2S,Spot UV,Silk,Spot UV Front,4/1,10000,Score in Half,Slide Slits Right Panel,Yes 5000 Envelopes A6
Majestic,Silk,6 x 9,Horizontal,Rectangle,16PT C2S,Spot UV,Silk,Spot UV Back,4/1,10000,Score in Half,Slide Slits Right Panel,Yes 5000 Envelopes A6
Majestic,Silk,6 x 9,Horizontal,Rectangle,16PT C2S,Spot UV,Silk,Spot UV Both Sides,4/1,10000,Score in Half,Slide Slits Right Panel,Yes 5000 Envelopes A6
Majestic,Silk,6 x 9,Vertical,Rectangle,16PT C2S,Spot UV,Silk,Spot UV Back,4/1,10000,Score in Half,Slide Slits Right Panel,Yes 5000 Envelopes A6
Majestic,Silk,6 x 9,Vertical,Rectangle,16PT C2S,Spot UV,Silk,Spot UV Both Sides,4/1,10000,Score in Half,Slide Slits Right Panel,Yes 5000 Envelopes A6
Majestic,Silk,6 x 9,Horizontal,Rectangle,16PT C2S,Spot UV,Silk,Spot UV Front,4/4 (4 color both sides),10000,Score in Half,Slide Slits Right Panel,Yes 5000 Envelopes A6
Majestic,Silk,6 x 9,Vertical,Rectangle,16PT C2S,Spot UV,Silk,Spot UV Front,4/4 (4 color both sides),10000,Score in Half,Slide Slits Right Panel,Yes 5000 Envelopes A6
Majestic,Silk,6 x 9,Horizontal,Rectangle,16PT C2S,Spot UV,Silk,Spot UV Back,4/4 (4 color both sides),10000,Score in Half,Slide Slits Right Panel,Yes 5000 Envelopes A6
Majestic,Silk,6 x 9,Vertical,Rectangle,16PT C2S,Spot UV,Silk,Spot UV Back,4/4 (4 color both sides),10000,Score in Half,Slide Slits Right Panel,Yes 5000 Envelopes A6
Majestic,Silk,6 x 9,Horizontal,Rectangle,16PT C2S,Spot UV,Silk,Spot UV Both Sides,4/4 (4 color both sides),10000,Score in Half,Slide Slits Right Panel,Yes 5000 Envelopes A6
Majestic,Silk,6 x 9,Vertical,Rectangle,16PT C2S,Spot UV,Silk,Spot UV Both Sides,4/4 (4 color both sides),10000,Score in Half,Slide Slits Right Panel,Yes 5000 Envelopes A6
Majestic,Silk,6 x 9,Horizontal,Rectangle,16PT C2S,Spot UV,Silk,Spot UV Front,4/1,500,Score in Half,Moon Slits Bottom Panel,Yes 10000 Envelopes A6
Majestic,Silk,6 x 9,Vertical,Rectangle,16PT C2S,Spot UV,Silk,Spot UV Front,4/1,500,Score in Half,Moon Slits Bottom Panel,Yes 10000 Envelopes A6
Majestic,Silk,6 x 9,Horizontal,Rectangle,16PT C2S,Spot UV,Silk,Spot UV Back,4/1,500,Score in Half,Moon Slits Bottom Panel,Yes 10000 Envelopes A6
Majestic,Silk,6 x 9,Vertical,Rectangle,16PT C2S,Spot UV,Silk,Spot UV Back,4/1,500,Score in Half,Moon Slits Bottom Panel,Yes 10000 Envelopes A6
Majestic,Silk,6 x 9,Horizontal,Rectangle,16PT C2S,Spot UV,Silk,Spot UV Both Sides,4/1,500,Score in Half,Moon Slits Bottom Panel,Yes 10000 Envelopes A6
Majestic,Silk,6 x 9,Vertical,Rectangle,16PT C2S,Spot UV,Silk,Spot UV Both Sides,4/1,500,Score in Half,Moon Slits Bottom Panel,Yes 10000 Envelopes A6
Majestic,Silk,6 x 9,Horizontal,Rectangle,16PT C2S,Spot UV,Silk,Spot UV Front,4/4 (4 color both sides),500,Score in Half,Moon Slits Bottom Panel,Yes 10000 Envelopes A6
Majestic,Silk,6 x 9,Vertical,Rectangle,16PT C2S,Spot UV,Silk,Spot UV Front,4/4 (4 color both sides),500,Score in Half,Moon Slits Bottom Panel,Yes 10000 Envelopes A6
Majestic,Silk,6 x 9,Horizontal,Rectangle,16PT C2S,Spot UV,Silk,Spot UV Back,4/4 (4 color both sides),500,Score in Half,Moon Slits Bottom Panel,Yes 10000 Envelopes A6
Majestic,Silk,6 x 9,Vertical,Rectangle,16PT C2S,Spot UV,Silk,Spot UV Back,4/4 (4 color both sides),500,Score in Half,Moon Slits Bottom Panel,Yes 10000 Envelopes A6
Majestic,Silk,6 x 9,Horizontal,Rectangle,16PT C2S,Spot UV,Silk,Spot UV Both Sides,4/4 (4 color both sides),500,Score in Half,Moon Slits Bottom Panel,Yes 10000 Envelopes A6
Majestic,Silk,6 x 9,Vertical,Rectangle,16PT C2S,Spot UV,Silk,Spot UV Both Sides,4/4 (4 color both sides),500,Score in Half,Moon Slits Bottom Panel,Yes 10000 Envelopes A6
Majestic,Silk,6 x 9,Horizontal,Rectangle,16PT C2S,Spot UV,Silk,Spot UV Both Sides,4/1,1000,Score in Half,Slide Slits Bottom Panel,Yes 5000 Envelopes A6
Majestic,Silk,6 x 9,Vertical,Rectangle,16PT C2S,Spot UV,Silk,Spot UV Front,4/1,1000,Score in Half,Moon Slits Bottom Panel,Yes 10000 Envelopes A6
Majestic,Silk,6 x 9,Horizontal,Rectangle,16PT C2S,Spot UV,Silk,Spot UV Back,4/1,1000,Score in Half,Moon Slits Bottom Panel,Yes 10000 Envelopes A6
Majestic,Silk,6 x 9,Vertical,Rectangle,16PT C2S,Spot UV,Silk,Spot UV Back,4/1,1000,Score in Half,Moon Slits Bottom Panel,Yes 10000 Envelopes A6
Majestic,Silk,6 x 9,Horizontal,Rectangle,16PT C2S,Spot UV,Silk,Spot UV Both Sides,4/1,1000,Score in Half,Moon Slits Bottom Panel,Yes 10000 Envelopes A6
Majestic,Silk,6 x 9,Vertical,Rectangle,16PT C2S,Spot UV,Silk,Spot UV Both Sides,4/1,1000,Score in Half,Moon Slits Bottom Panel,Yes 10000 Envelopes A6
Majestic,Silk,6 x 9,Horizontal,Rectangle,16PT C2S,Spot UV,Silk,Spot UV Front,4/4 (4 color both sides),1000,Score in Half,Moon Slits Bottom Panel,Yes 10000 Envelopes A6
Majestic,Silk,6 x 9,Vertical,Rectangle,16PT C2S,Spot UV,Silk,Spot UV Front,4/4 (4 color both sides),1000,Score in Half,Moon Slits Bottom Panel,Yes 10000 Envelopes A6
Majestic,Silk,6 x 9,Vertical,Rectangle,16PT C2S,Spot UV,Silk,Spot UV Back,4/4 (4 color both sides),1000,Score in Half,Moon Slits Bottom Panel,Yes 10000 Envelopes A6
Majestic,Silk,6 x 9,Horizontal,Rectangle,16PT C2S,Spot UV,Silk,Spot UV Back,4/4 (4 color both sides),1000,Score in Half,Moon Slits Bottom Panel,Yes 10000 Envelopes A6
Majestic,Silk,6 x 9,Horizontal,Rectangle,16PT C2S,Spot UV,Silk,Spot UV Both Sides,4/4 (4 color both sides),1000,Score in Half,Moon Slits Bottom Panel,Yes 10000 Envelopes A6
Majestic,Silk,6 x 9,Vertical,Rectangle,16PT C2S,Spot UV,Silk,Spot UV Both Sides,4/4 (4 color both sides),1000,Score in Half,Moon Slits Bottom Panel,Yes 10000 Envelopes A6
Majestic,Silk,6 x 9,Horizontal,Rectangle,16PT C2S,Spot UV,Silk,Spot UV Front,4/1,2500,Score in Half,Moon Slits Bottom Panel,Yes 10000 Envelopes A6
Majestic,Silk,6 x 9,Vertical,Rectangle,16PT C2S,Spot UV,Silk,Spot UV Front,4/1,2500,Score in Half,Moon Slits Bottom Panel,Yes 10000 Envelopes A6
Majestic,Silk,6 x 9,Horizontal,Rectangle,16PT C2S,Spot UV,Silk,Spot UV Back,4/1,2500,Score in Half,Moon Slits Bottom Panel,Yes 10000 Envelopes A6
Majestic,Silk,6 x 9,Vertical,Rectangle,16PT C2S,Spot UV,Silk,Spot UV Back,4/1,2500,Score in Half,Moon Slits Bottom Panel,Yes 10000 Envelopes A6
Majestic,Silk,6 x 9,Horizontal,Rectangle,16PT C2S,Spot UV,Silk,Spot UV Both Sides,4/1,2500,Score in Half,Moon Slits Bottom Panel,Yes 10000 Envelopes A6
Majestic,Silk,6 x 9,Vertical,Rectangle,16PT C2S,Spot UV,Silk,Spot UV Both Sides,4/1,2500,Score in Half,Moon Slits Bottom Panel,Yes 10000 Envelopes A6
Majestic,Silk,6 x 9,Horizontal,Rectangle,16PT C2S,Spot UV,Silk,Spot UV Front,4/4 (4 color both sides),2500,Score in Half,Moon Slits Bottom Panel,Yes 10000 Envelopes A6
Majestic,Silk,6 x 9,Vertical,Rectangle,16PT C2S,Spot UV,Silk,Spot UV Front,4/4 (4 color both sides),2500,Score in Half,Moon Slits Bottom Panel,Yes 10000 Envelopes A6
Majestic,Silk,6 x 9,Horizontal,Rectangle,16PT C2S,Spot UV,Silk,Spot UV Back,4/4 (4 color both sides),2500,Score in Half,Moon Slits Bottom Panel,Yes 10000 Envelopes A6
Majestic,Silk,6 x 9,Vertical,Rectangle,16PT C2S,Spot UV,Silk,Spot UV Back,4/4 (4 color both sides),2500,Score in Half,Moon Slits Bottom Panel,Yes 10000 Envelopes A6
Majestic,Silk,6 x 9,Horizontal,Rectangle,16PT C2S,Spot UV,Silk,Spot UV Both Sides,4/4 (4 color both sides),2500,Score in Half,Moon Slits Bottom Panel,Yes 10000 Envelopes A6
Majestic,Silk,6 x 9,Vertical,Rectangle,16PT C2S,Spot UV,Silk,Spot UV Both Sides,4/4 (4 color both sides),2500,Score in Half,Moon Slits Bottom Panel,Yes 10000 Envelopes A6
Majestic,Silk,6 x 9,Horizontal,Rectangle,16PT C2S,Spot UV,Silk,Spot UV Front,4/1,5000,Score in Half,Moon Slits Bottom Panel,Yes 10000 Envelopes A6
Majestic,Silk,6 x 9,Vertical,Rectangle,16PT C2S,Spot UV,Silk,Spot UV Front,4/1,5000,Score in Half,Moon Slits Bottom Panel,Yes 10000 Envelopes A6
Majestic,Silk,6 x 9,Horizontal,Rectangle,16PT C2S,Spot UV,Silk,Spot UV Back,4/1,5000,Score in Half,Moon Slits Bottom Panel,Yes 10000 Envelopes A6
Majestic,Silk,6 x 9,Vertical,Rectangle,16PT C2S,Spot UV,Silk,Spot UV Back,4/1,5000,Score in Half,Moon Slits Bottom Panel,Yes 10000 Envelopes A6
Majestic,Silk,6 x 9,Horizontal,Rectangle,16PT C2S,Spot UV,Silk,Spot UV Both Sides,4/1,5000,Score in Half,Moon Slits Bottom Panel,Yes 10000 Envelopes A6
Majestic,Silk,6 x 9,Vertical,Rectangle,16PT C2S,Spot UV,Silk,Spot UV Both Sides,4/1,5000,Score in Half,Moon Slits Bottom Panel,Yes 10000 Envelopes A6
Majestic,Silk,6 x 9,Horizontal,Rectangle,16PT C2S,Spot UV,Silk,Spot UV Front,4/4 (4 color both sides),5000,Score in Half,Moon Slits Bottom Panel,Yes 10000 Envelopes A6
Majestic,Silk,6 x 9,Vertical,Rectangle,16PT C2S,Spot UV,Silk,Spot UV Front,4/4 (4 color both sides),5000,Score in Half,Moon Slits Bottom Panel,Yes 10000 Envelopes A6
Majestic,Silk,6 x 9,Horizontal,Rectangle,16PT C2S,Spot UV,Silk,Spot UV Back,4/4 (4 color both sides),5000,Score in Half,Moon Slits Bottom Panel,Yes 10000 Envelopes A6
Majestic,Silk,6 x 9,Horizontal,Rectangle,16PT C2S,Spot UV,Silk,Spot UV Both Sides,4/4 (4 color both sides),5000,Score in Half,Moon Slits Bottom Panel,Yes 10000 Envelopes A6
Majestic,Silk,6 x 9,Vertical,Rectangle,16PT C2S,Spot UV,Silk,Spot UV Both Sides,4/4 (4 color both sides),5000,Score in Half,Moon Slits Bottom Panel,Yes 10000 Envelopes A6
Majestic,Silk,6 x 9,Vertical,Rectangle,16PT C2S,Spot UV,Silk,Spot UV Back,4/4 (4 color both sides),5000,Score in Half,Moon Slits Bottom Panel,Yes 10000 Envelopes A6
Majestic,Silk,6 x 9,Horizontal,Rectangle,16PT C2S,Spot UV,Silk,Spot UV Front,4/1,10000,Score in Half,Moon Slits Bottom Panel,Yes 10000 Envelopes A6
Majestic,Silk,6 x 9,Vertical,Rectangle,16PT C2S,Spot UV,Silk,Spot UV Front,4/1,10000,Score in Half,Moon Slits Bottom Panel,Yes 10000 Envelopes A6
Majestic,Silk,6 x 9,Horizontal,Rectangle,16PT C2S,Spot UV,Silk,Spot UV Back,4/1,10000,Score in Half,Moon Slits Bottom Panel,Yes 10000 Envelopes A6
Majestic,Silk,6 x 9,Vertical,Rectangle,16PT C2S,Spot UV,Silk,Spot UV Back,4/1,10000,Score in Half,Moon Slits Bottom Panel,Yes 10000 Envelopes A6
Majestic,Silk,6 x 9,Horizontal,Rectangle,16PT C2S,Spot UV,Silk,Spot UV Both Sides,4/1,10000,Score in Half,Moon Slits Bottom Panel,Yes 10000 Envelopes A6
Majestic,Silk,6 x 9,Vertical,Rectangle,16PT C2S,Spot UV,Silk,Spot UV Both Sides,4/1,10000,Score in Half,Moon Slits Bottom Panel,Yes 10000 Envelopes A6
Majestic,Silk,6 x 9,Horizontal,Rectangle,16PT C2S,Spot UV,Silk,Spot UV Front,4/4 (4 color both sides),10000,Score in Half,Moon Slits Bottom Panel,Yes 10000 Envelopes A6
Majestic,Silk,6 x 9,Vertical,Rectangle,16PT C2S,Spot UV,Silk,Spot UV Front,4/4 (4 color both sides),10000,Score in Half,Moon Slits Bottom Panel,Yes 10000 Envelopes A6
Majestic,Silk,6 x 9,Horizontal,Rectangle,16PT C2S,Spot UV,Silk,Spot UV Back,4/4 (4 color both sides),10000,Score in Half,Moon Slits Bottom Panel,Yes 10000 Envelopes A6
Majestic,Silk,6 x 9,Vertical,Rectangle,16PT C2S,Spot UV,Silk,Spot UV Back,4/4 (4 color both sides),10000,Score in Half,Moon Slits Bottom Panel,Yes 10000 Envelopes A6
Majestic,Silk,6 x 9,Horizontal,Rectangle,16PT C2S,Spot UV,Silk,Spot UV Both Sides,4/4 (4 color both sides),10000,Score in Half,Moon Slits Bottom Panel,Yes 10000 Envelopes A6
Majestic,Silk,6 x 9,Vertical,Rectangle,16PT C2S,Spot UV,Silk,Spot UV Both Sides,4/4 (4 color both sides),10000,Score in Half,Moon Slits Bottom Panel,Yes 10000 Envelopes A6
Majestic,Silk,6 x 9,Horizontal,Rectangle,16PT C2S,Spot UV,Silk,Spot UV Back,4/1,500,Score in Half,Moon Slits Right Panel,Yes 10000 Envelopes A6
Majestic,Silk,6 x 9,Horizontal,Rectangle,16PT C2S,Spot UV,Silk,Spot UV Front,4/1,500,Score in Half,Moon Slits Right Panel,Yes 10000 Envelopes A6
Majestic,Silk,6 x 9,Vertical,Rectangle,16PT C2S,Spot UV,Silk,Spot UV Front,4/1,500,Score in Half,Moon Slits Right Panel,Yes 10000 Envelopes A6
Majestic,Silk,6 x 9,Vertical,Rectangle,16PT C2S,Spot UV,Silk,Spot UV Both Sides,4/1,500,Score in Half,Moon Slits Right Panel,Yes 10000 Envelopes A6
Majestic,Silk,6 x 9,Vertical,Rectangle,16PT C2S,Spot UV,Silk,Spot UV Back,4/1,500,Score in Half,Moon Slits Right Panel,Yes 10000 Envelopes A6
Majestic,Silk,6 x 9,Horizontal,Rectangle,16PT C2S,Spot UV,Silk,Spot UV Front,4/4 (4 color both sides),500,Score in Half,Moon Slits Right Panel,Yes 10000 Envelopes A6
Majestic,Silk,6 x 9,Vertical,Rectangle,16PT C2S,Spot UV,Silk,Spot UV Front,4/4 (4 color both sides),500,Score in Half,Moon Slits Right Panel,Yes 10000 Envelopes A6
Majestic,Silk,6 x 9,Vertical,Rectangle,16PT C2S,Spot UV,Silk,Spot UV Back,4/4 (4 color both sides),500,Score in Half,Moon Slits Right Panel,Yes 10000 Envelopes A6
Majestic,Silk,6 x 9,Horizontal,Rectangle,16PT C2S,Spot UV,Silk,Spot UV Both Sides,4/1,500,Score in Half,Moon Slits Right Panel,Yes 10000 Envelopes A6
Majestic,Silk,6 x 9,Horizontal,Rectangle,16PT C2S,Spot UV,Silk,Spot UV Back,4/4 (4 color both sides),500,Score in Half,Moon Slits Right Panel,Yes 10000 Envelopes A6
Majestic,Silk,6 x 9,Horizontal,Rectangle,16PT C2S,Spot UV,Silk,Spot UV Both Sides,4/4 (4 color both sides),500,Score in Half,Moon Slits Right Panel,Yes 10000 Envelopes A6
Majestic,Silk,6 x 9,Vertical,Rectangle,16PT C2S,Spot UV,Silk,Spot UV Both Sides,4/4 (4 color both sides),500,Score in Half,Moon Slits Right Panel,Yes 10000 Envelopes A6
Majestic,Silk,6 x 9,Vertical,Rectangle,16PT C2S,Spot UV,Silk,Spot UV Front,4/1,1000,Score in Half,Moon Slits Right Panel,Yes 10000 Envelopes A6
Majestic,Silk,6 x 9,Horizontal,Rectangle,16PT C2S,Spot UV,Silk,Spot UV Front,4/1,1000,Score in Half,Moon Slits Right Panel,Yes 10000 Envelopes A6
Majestic,Silk,6 x 9,Horizontal,Rectangle,16PT C2S,Spot UV,Silk,Spot UV Back,4/1,1000,Score in Half,Moon Slits Right Panel,Yes 10000 Envelopes A6
Majestic,Silk,6 x 9,Vertical,Rectangle,16PT C2S,Spot UV,Silk,Spot UV Back,4/1,1000,Score in Half,Moon Slits Right Panel,Yes 10000 Envelopes A6
Majestic,Silk,6 x 9,Horizontal,Rectangle,16PT C2S,Spot UV,Silk,Spot UV Both Sides,4/1,1000,Score in Half,Moon Slits Right Panel,Yes 10000 Envelopes A6
Majestic,Silk,6 x 9,Vertical,Rectangle,16PT C2S,Spot UV,Silk,Spot UV Both Sides,4/1,1000,Score in Half,Moon Slits Right Panel,Yes 10000 Envelopes A6
Majestic,Silk,6 x 9,Horizontal,Rectangle,16PT C2S,Spot UV,Silk,Spot UV Front,4/4 (4 color both sides),1000,Score in Half,Moon Slits Right Panel,Yes 10000 Envelopes A6
Majestic,Silk,6 x 9,Vertical,Rectangle,16PT C2S,Spot UV,Silk,Spot UV Front,4/4 (4 color both sides),1000,Score in Half,Moon Slits Right Panel,Yes 10000 Envelopes A6
Majestic,Silk,6 x 9,Horizontal,Rectangle,16PT C2S,Spot UV,Silk,Spot UV Back,4/4 (4 color both sides),1000,Score in Half,Moon Slits Right Panel,Yes 10000 Envelopes A6
Majestic,Silk,6 x 9,Vertical,Rectangle,16PT C2S,Spot UV,Silk,Spot UV Back,4/4 (4 color both sides),1000,Score in Half,Moon Slits Right Panel,Yes 10000 Envelopes A6
Majestic,Silk,6 x 9,Horizontal,Rectangle,16PT C2S,Spot UV,Silk,Spot UV Both Sides,4/4 (4 color both sides),1000,Score in Half,Moon Slits Right Panel,Yes 10000 Envelopes A6
Majestic,Silk,6 x 9,Vertical,Rectangle,16PT C2S,Spot UV,Silk,Spot UV Both Sides,4/4 (4 color both sides),1000,Score in Half,Moon Slits Right Panel,Yes 10000 Envelopes A6
Majestic,Silk,6 x 9,Horizontal,Rectangle,16PT C2S,Spot UV,Silk,Spot UV Front,4/1,2500,Score in Half,Moon Slits Right Panel,Yes 10000 Envelopes A6
Majestic,Silk,6 x 9,Vertical,Rectangle,16PT C2S,Spot UV,Silk,Spot UV Front,4/1,2500,Score in Half,Moon Slits Right Panel,Yes 10000 Envelopes A6
Majestic,Silk,6 x 9,Horizontal,Rectangle,16PT C2S,Spot UV,Silk,Spot UV Back,4/1,2500,Score in Half,Moon Slits Right Panel,Yes 10000 Envelopes A6
Majestic,Silk,6 x 9,Vertical,Rectangle,16PT C2S,Spot UV,Silk,Spot UV Back,4/1,2500,Score in Half,Moon Slits Right Panel,Yes 10000 Envelopes A6
Majestic,Silk,6 x 9,Horizontal,Rectangle,16PT C2S,Spot UV,Silk,Spot UV Both Sides,4/1,2500,Score in Half,Moon Slits Right Panel,Yes 10000 Envelopes A6
Majestic,Silk,6 x 9,Vertical,Rectangle,16PT C2S,Spot UV,Silk,Spot UV Both Sides,4/1,2500,Score in Half,Moon Slits Right Panel,Yes 10000 Envelopes A6
Majestic,Silk,6 x 9,Vertical,Rectangle,16PT C2S,Spot UV,Silk,Spot UV Front,4/4 (4 color both sides),2500,Score in Half,Moon Slits Right Panel,Yes 10000 Envelopes A6
Majestic,Silk,6 x 9,Horizontal,Rectangle,16PT C2S,Spot UV,Silk,Spot UV Front,4/4 (4 color both sides),2500,Score in Half,Moon Slits Right Panel,Yes 10000 Envelopes A6
Majestic,Silk,6 x 9,Horizontal,Rectangle,16PT C2S,Spot UV,Silk,Spot UV Back,4/4 (4 color both sides),2500,Score in Half,Moon Slits Right Panel,Yes 10000 Envelopes A6
Majestic,Silk,6 x 9,Vertical,Rectangle,16PT C2S,Spot UV,Silk,Spot UV Back,4/4 (4 color both sides),2500,Score in Half,Moon Slits Right Panel,Yes 10000 Envelopes A6
Majestic,Silk,6 x 9,Horizontal,Rectangle,16PT C2S,Spot UV,Silk,Spot UV Both Sides,4/4 (4 color both sides),2500,Score in Half,Moon Slits Right Panel,Yes 10000 Envelopes A6
Majestic,Silk,6 x 9,Vertical,Rectangle,16PT C2S,Spot UV,Silk,Spot UV Both Sides,4/4 (4 color both sides),2500,Score in Half,Moon Slits Right Panel,Yes 10000 Envelopes A6
Majestic,Silk,6 x 9,Horizontal,Rectangle,16PT C2S,Spot UV,Silk,Spot UV Front,4/1,5000,Score in Half,Moon Slits Right Panel,Yes 10000 Envelopes A6
Majestic,Silk,6 x 9,Vertical,Rectangle,16PT C2S,Spot UV,Silk,Spot UV Front,4/1,5000,Score in Half,Moon Slits Right Panel,Yes 10000 Envelopes A6
Majestic,Silk,6 x 9,Horizontal,Rectangle,16PT C2S,Spot UV,Silk,Spot UV Back,4/1,5000,Score in Half,Moon Slits Right Panel,Yes 10000 Envelopes A6
Majestic,Silk,6 x 9,Vertical,Rectangle,16PT C2S,Spot UV,Silk,Spot UV Back,4/1,5000,Score in Half,Moon Slits Right Panel,Yes 10000 Envelopes A6
Majestic,Silk,6 x 9,Vertical,Rectangle,16PT C2S,Spot UV,Silk,Spot UV Both Sides,4/1,5000,Score in Half,Moon Slits Right Panel,Yes 10000 Envelopes A6
Majestic,Silk,6 x 9,Horizontal,Rectangle,16PT C2S,Spot UV,Silk,Spot UV Both Sides,4/1,5000,Score in Half,Moon Slits Right Panel,Yes 10000 Envelopes A6
Majestic,Silk,6 x 9,Horizontal,Rectangle,16PT C2S,Spot UV,Silk,Spot UV Front,4/4 (4 color both sides),5000,Score in Half,Moon Slits Right Panel,Yes 10000 Envelopes A6
Majestic,Silk,6 x 9,Vertical,Rectangle,16PT C2S,Spot UV,Silk,Spot UV Front,4/4 (4 color both sides),5000,Score in Half,Moon Slits Right Panel,Yes 10000 Envelopes A6
Majestic,Silk,6 x 9,Vertical,Rectangle,16PT C2S,Spot UV,Silk,Spot UV Back,4/4 (4 color both sides),5000,Score in Half,Moon Slits Right Panel,Yes 10000 Envelopes A6
Majestic,Silk,6 x 9,Horizontal,Rectangle,16PT C2S,Spot UV,Silk,Spot UV Back,4/4 (4 color both sides),5000,Score in Half,Moon Slits Right Panel,Yes 10000 Envelopes A6
Majestic,Silk,6 x 9,Horizontal,Rectangle,16PT C2S,Spot UV,Silk,Spot UV Both Sides,4/4 (4 color both sides),5000,Score in Half,Moon Slits Right Panel,Yes 10000 Envelopes A6
Majestic,Silk,6 x 9,Vertical,Rectangle,16PT C2S,Spot UV,Silk,Spot UV Both Sides,4/4 (4 color both sides),5000,Score in Half,Moon Slits Right Panel,Yes 10000 Envelopes A6
Majestic,Silk,6 x 9,Vertical,Rectangle,16PT C2S,Spot UV,Silk,Spot UV Front,4/1,10000,Score in Half,Moon Slits Right Panel,Yes 10000 Envelopes A6
Majestic,Silk,6 x 9,Horizontal,Rectangle,16PT C2S,Spot UV,Silk,Spot UV Back,4/1,10000,Score in Half,Moon Slits Right Panel,Yes 10000 Envelopes A6
Majestic,Silk,6 x 9,Horizontal,Rectangle,16PT C2S,Spot UV,Silk,Spot UV Front,4/1,10000,Score in Half,Moon Slits Right Panel,Yes 10000 Envelopes A6
Majestic,Silk,6 x 9,Vertical,Rectangle,16PT C2S,Spot UV,Silk,Spot UV Back,4/1,10000,Score in Half,Moon Slits Right Panel,Yes 10000 Envelopes A6
Majestic,Silk,6 x 9,Horizontal,Rectangle,16PT C2S,Spot UV,Silk,Spot UV Both Sides,4/1,10000,Score in Half,Moon Slits Right Panel,Yes 10000 Envelopes A6
Majestic,Silk,6 x 9,Vertical,Rectangle,16PT C2S,Spot UV,Silk,Spot UV Both Sides,4/1,10000,Score in Half,Moon Slits Right Panel,Yes 10000 Envelopes A6
Majestic,Silk,6 x 9,Horizontal,Rectangle,16PT C2S,Spot UV,Silk,Spot UV Front,4/4 (4 color both sides),10000,Score in Half,Moon Slits Right Panel,Yes 10000 Envelopes A6
Majestic,Silk,6 x 9,Vertical,Rectangle,16PT C2S,Spot UV,Silk,Spot UV Front,4/4 (4 color both sides),10000,Score in Half,Moon Slits Right Panel,Yes 10000 Envelopes A6
Majestic,Silk,6 x 9,Horizontal,Rectangle,16PT C2S,Spot UV,Silk,Spot UV Back,4/4 (4 color both sides),10000,Score in Half,Moon Slits Right Panel,Yes 10000 Envelopes A6
Majestic,Silk,6 x 9,Horizontal,Rectangle,16PT C2S,Spot UV,Silk,Spot UV Both Sides,4/4 (4 color both sides),10000,Score in Half,Moon Slits Right Panel,Yes 10000 Envelopes A6
Majestic,Silk,6 x 9,Vertical,Rectangle,16PT C2S,Spot UV,Silk,Spot UV Both Sides,4/4 (4 color both sides),10000,Score in Half,Moon Slits Right Panel,Yes 10000 Envelopes A6
Majestic,Silk,6 x 9,Vertical,Rectangle,16PT C2S,Spot UV,Silk,Spot UV Back,4/4 (4 color both sides),10000,Score in Half,Moon Slits Right Panel,Yes 10000 Envelopes A6
Majestic,Silk,6 x 9,Horizontal,Rectangle,16PT C2S,Spot UV,Silk,Spot UV Front,4/1,500,Score in Half,No Gift Cards Slits,Yes 10000 Envelopes A6
Majestic,Silk,6 x 9,Vertical,Rectangle,16PT C2S,Spot UV,Silk,Spot UV Front,4/1,500,Score in Half,No Gift Cards Slits,Yes 10000 Envelopes A6
Majestic,Silk,6 x 9,Horizontal,Rectangle,16PT C2S,Spot UV,Silk,Spot UV Back,4/1,500,Score in Half,No Gift Cards Slits,Yes 10000 Envelopes A6
Majestic,Silk,6 x 9,Vertical,Rectangle,16PT C2S,Spot UV,Silk,Spot UV Back,4/1,500,Score in Half,No Gift Cards Slits,Yes 10000 Envelopes A6
Majestic,Silk,6 x 9,Horizontal,Rectangle,16PT C2S,Spot UV,Silk,Spot UV Both Sides,4/1,500,Score in Half,No Gift Cards Slits,Yes 10000 Envelopes A6
Majestic,Silk,6 x 9,Vertical,Rectangle,16PT C2S,Spot UV,Silk,Spot UV Both Sides,4/1,500,Score in Half,No Gift Cards Slits,Yes 10000 Envelopes A6
Majestic,Silk,6 x 9,Horizontal,Rectangle,16PT C2S,Spot UV,Silk,Spot UV Front,4/4 (4 color both sides),500,Score in Half,No Gift Cards Slits,Yes 10000 Envelopes A6
Majestic,Silk,6 x 9,Vertical,Rectangle,16PT C2S,Spot UV,Silk,Spot UV Front,4/4 (4 color both sides),500,Score in Half,No Gift Cards Slits,Yes 10000 Envelopes A6
Majestic,Silk,6 x 9,Horizontal,Rectangle,16PT C2S,Spot UV,Silk,Spot UV Back,4/4 (4 color both sides),500,Score in Half,No Gift Cards Slits,Yes 10000 Envelopes A6
Majestic,Silk,6 x 9,Vertical,Rectangle,16PT C2S,Spot UV,Silk,Spot UV Back,4/4 (4 color both sides),500,Score in Half,No Gift Cards Slits,Yes 10000 Envelopes A6
Majestic,Silk,6 x 9,Horizontal,Rectangle,16PT C2S,Spot UV,Silk,Spot UV Both Sides,4/4 (4 color both sides),500,Score in Half,No Gift Cards Slits,Yes 10000 Envelopes A6
Majestic,Silk,6 x 9,Vertical,Rectangle,16PT C2S,Spot UV,Silk,Spot UV Both Sides,4/4 (4 color both sides),500,Score in Half,No Gift Cards Slits,Yes 10000 Envelopes A6
Majestic,Silk,6 x 9,Horizontal,Rectangle,16PT C2S,Spot UV,Silk,Spot UV Front,4/1,1000,Score in Half,No Gift Cards Slits,Yes 10000 Envelopes A6
Majestic,Silk,6 x 9,Vertical,Rectangle,16PT C2S,Spot UV,Silk,Spot UV Front,4/1,1000,Score in Half,No Gift Cards Slits,Yes 10000 Envelopes A6
Majestic,Silk,6 x 9,Vertical,Rectangle,16PT C2S,Spot UV,Silk,Spot UV Back,4/1,1000,Score in Half,No Gift Cards Slits,Yes 10000 Envelopes A6
Majestic,Silk,6 x 9,Horizontal,Rectangle,16PT C2S,Spot UV,Silk,Spot UV Back,4/1,1000,Score in Half,No Gift Cards Slits,Yes 10000 Envelopes A6
Majestic,Silk,6 x 9,Horizontal,Rectangle,16PT C2S,Spot UV,Silk,Spot UV Both Sides,4/1,1000,Score in Half,No Gift Cards Slits,Yes 10000 Envelopes A6
Majestic,Silk,6 x 9,Vertical,Rectangle,16PT C2S,Spot UV,Silk,Spot UV Both Sides,4/1,1000,Score in Half,No Gift Cards Slits,Yes 10000 Envelopes A6
Majestic,Silk,6 x 9,Horizontal,Rectangle,16PT C2S,Spot UV,Silk,Spot UV Front,4/4 (4 color both sides),1000,Score in Half,No Gift Cards Slits,Yes 10000 Envelopes A6
Majestic,Silk,6 x 9,Vertical,Rectangle,16PT C2S,Spot UV,Silk,Spot UV Front,4/4 (4 color both sides),1000,Score in Half,No Gift Cards Slits,Yes 10000 Envelopes A6
Majestic,Silk,6 x 9,Horizontal,Rectangle,16PT C2S,Spot UV,Silk,Spot UV Back,4/4 (4 color both sides),1000,Score in Half,No Gift Cards Slits,Yes 10000 Envelopes A6
Majestic,Silk,6 x 9,Vertical,Rectangle,16PT C2S,Spot UV,Silk,Spot UV Back,4/4 (4 color both sides),1000,Score in Half,No Gift Cards Slits,Yes 10000 Envelopes A6
Majestic,Silk,6 x 9,Horizontal,Rectangle,16PT C2S,Spot UV,Silk,Spot UV Both Sides,4/4 (4 color both sides),1000,Score in Half,No Gift Cards Slits,Yes 10000 Envelopes A6
Majestic,Silk,6 x 9,Vertical,Rectangle,16PT C2S,Spot UV,Silk,Spot UV Both Sides,4/4 (4 color both sides),1000,Score in Half,No Gift Cards Slits,Yes 10000 Envelopes A6
Majestic,Silk,6 x 9,Horizontal,Rectangle,16PT C2S,Spot UV,Silk,Spot UV Front,4/1,2500,Score in Half,No Gift Cards Slits,Yes 10000 Envelopes A6
Majestic,Silk,6 x 9,Vertical,Rectangle,16PT C2S,Spot UV,Silk,Spot UV Front,4/1,2500,Score in Half,No Gift Cards Slits,Yes 10000 Envelopes A6
Majestic,Silk,6 x 9,Horizontal,Rectangle,16PT C2S,Spot UV,Silk,Spot UV Back,4/1,2500,Score in Half,No Gift Cards Slits,Yes 10000 Envelopes A6
Majestic,Silk,6 x 9,Vertical,Rectangle,16PT C2S,Spot UV,Silk,Spot UV Back,4/1,2500,Score in Half,No Gift Cards Slits,Yes 10000 Envelopes A6
Majestic,Silk,6 x 9,Horizontal,Rectangle,16PT C2S,Spot UV,Silk,Spot UV Both Sides,4/1,2500,Score in Half,No Gift Cards Slits,Yes 10000 Envelopes A6
Majestic,Silk,6 x 9,Vertical,Rectangle,16PT C2S,Spot UV,Silk,Spot UV Both Sides,4/1,2500,Score in Half,No Gift Cards Slits,Yes 10000 Envelopes A6
Majestic,Silk,6 x 9,Horizontal,Rectangle,16PT C2S,Spot UV,Silk,Spot UV Front,4/4 (4 color both sides),2500,Score in Half,No Gift Cards Slits,Yes 10000 Envelopes A6
Majestic,Silk,6 x 9,Horizontal,Rectangle,16PT C2S,Spot UV,Silk,Spot UV Back,4/4 (4 color both sides),2500,Score in Half,No Gift Cards Slits,Yes 10000 Envelopes A6
Majestic,Silk,6 x 9,Vertical,Rectangle,16PT C2S,Spot UV,Silk,Spot UV Front,4/4 (4 color both sides),2500,Score in Half,No Gift Cards Slits,Yes 10000 Envelopes A6
Majestic,Silk,6 x 9,Vertical,Rectangle,16PT C2S,Spot UV,Silk,Spot UV Back,4/4 (4 color both sides),2500,Score in Half,No Gift Cards Slits,Yes 10000 Envelopes A6
Majestic,Silk,6 x 9,Horizontal,Rectangle,16PT C2S,Spot UV,Silk,Spot UV Both Sides,4/4 (4 color both sides),2500,Score in Half,No Gift Cards Slits,Yes 10000 Envelopes A6
Majestic,Silk,6 x 9,Vertical,Rectangle,16PT C2S,Spot UV,Silk,Spot UV Both Sides,4/4 (4 color both sides),2500,Score in Half,No Gift Cards Slits,Yes 10000 Envelopes A6
Majestic,Silk,6 x 9,Horizontal,Rectangle,16PT C2S,Spot UV,Silk,Spot UV Front,4/1,5000,Score in Half,No Gift Cards Slits,Yes 10000 Envelopes A6
Majestic,Silk,6 x 9,Vertical,Rectangle,16PT C2S,Spot UV,Silk,Spot UV Front,4/1,5000,Score in Half,No Gift Cards Slits,Yes 10000 Envelopes A6
Majestic,Silk,6 x 9,Horizontal,Rectangle,16PT C2S,Spot UV,Silk,Spot UV Back,4/1,5000,Score in Half,No Gift Cards Slits,Yes 10000 Envelopes A6
Majestic,Silk,6 x 9,Vertical,Rectangle,16PT C2S,Spot UV,Silk,Spot UV Back,4/1,5000,Score in Half,No Gift Cards Slits,Yes 10000 Envelopes A6
Majestic,Silk,6 x 9,Horizontal,Rectangle,16PT C2S,Spot UV,Silk,Spot UV Both Sides,4/1,5000,Score in Half,No Gift Cards Slits,Yes 10000 Envelopes A6
Majestic,Silk,6 x 9,Vertical,Rectangle,16PT C2S,Spot UV,Silk,Spot UV Both Sides,4/1,5000,Score in Half,No Gift Cards Slits,Yes 10000 Envelopes A6
Majestic,Silk,6 x 9,Horizontal,Rectangle,16PT C2S,Spot UV,Silk,Spot UV Front,4/4 (4 color both sides),5000,Score in Half,No Gift Cards Slits,Yes 10000 Envelopes A6
Majestic,Silk,6 x 9,Vertical,Rectangle,16PT C2S,Spot UV,Silk,Spot UV Front,4/4 (4 color both sides),5000,Score in Half,No Gift Cards Slits,Yes 10000 Envelopes A6
Majestic,Silk,6 x 9,Horizontal,Rectangle,16PT C2S,Spot UV,Silk,Spot UV Back,4/4 (4 color both sides),5000,Score in Half,No Gift Cards Slits,Yes 10000 Envelopes A6
Majestic,Silk,6 x 9,Vertical,Rectangle,16PT C2S,Spot UV,Silk,Spot UV Back,4/4 (4 color both sides),5000,Score in Half,No Gift Cards Slits,Yes 10000 Envelopes A6
Majestic,Silk,6 x 9,Horizontal,Rectangle,16PT C2S,Spot UV,Silk,Spot UV Both Sides,4/4 (4 color both sides),5000,Score in Half,No Gift Cards Slits,Yes 10000 Envelopes A6
Majestic,Silk,6 x 9,Vertical,Rectangle,16PT C2S,Spot UV,Silk,Spot UV Both Sides,4/4 (4 color both sides),5000,Score in Half,No Gift Cards Slits,Yes 10000 Envelopes A6
Majestic,Silk,6 x 9,Horizontal,Rectangle,16PT C2S,Spot UV,Silk,Spot UV Front,4/1,10000,Score in Half,No Gift Cards Slits,Yes 10000 Envelopes A6
Majestic,Silk,6 x 9,Vertical,Rectangle,16PT C2S,Spot UV,Silk,Spot UV Front,4/1,10000,Score in Half,No Gift Cards Slits,Yes 10000 Envelopes A6
Majestic,Silk,6 x 9,Horizontal,Rectangle,16PT C2S,Spot UV,Silk,Spot UV Back,4/1,10000,Score in Half,No Gift Cards Slits,Yes 10000 Envelopes A6
Majestic,Silk,6 x 9,Vertical,Rectangle,16PT C2S,Spot UV,Silk,Spot UV Back,4/1,10000,Score in Half,No Gift Cards Slits,Yes 10000 Envelopes A6
Majestic,Silk,6 x 9,Horizontal,Rectangle,16PT C2S,Spot UV,Silk,Spot UV Both Sides,4/1,10000,Score in Half,No Gift Cards Slits,Yes 10000 Envelopes A6
Majestic,Silk,6 x 9,Vertical,Rectangle,16PT C2S,Spot UV,Silk,Spot UV Both Sides,4/1,10000,Score in Half,No Gift Cards Slits,Yes 10000 Envelopes A6
Majestic,Silk,6 x 9,Horizontal,Rectangle,16PT C2S,Spot UV,Silk,Spot UV Front,4/4 (4 color both sides),10000,Score in Half,No Gift Cards Slits,Yes 10000 Envelopes A6
Majestic,Silk,6 x 9,Vertical,Rectangle,16PT C2S,Spot UV,Silk,Spot UV Front,4/4 (4 color both sides),10000,Score in Half,No Gift Cards Slits,Yes 10000 Envelopes A6
Majestic,Silk,6 x 9,Horizontal,Rectangle,16PT C2S,Spot UV,Silk,Spot UV Back,4/4 (4 color both sides),10000,Score in Half,No Gift Cards Slits,Yes 10000 Envelopes A6
Majestic,Silk,6 x 9,Vertical,Rectangle,16PT C2S,Spot UV,Silk,Spot UV Back,4/4 (4 color both sides),10000,Score in Half,No Gift Cards Slits,Yes 10000 Envelopes A6
Majestic,Silk,6 x 9,Horizontal,Rectangle,16PT C2S,Spot UV,Silk,Spot UV Both Sides,4/4 (4 color both sides),10000,Score in Half,No Gift Cards Slits,Yes 10000 Envelopes A6
Majestic,Silk,6 x 9,Vertical,Rectangle,16PT C2S,Spot UV,Silk,Spot UV Both Sides,4/4 (4 color both sides),10000,Score in Half,No Gift Cards Slits,Yes 10000 Envelopes A6
Majestic,Silk,6 x 9,Horizontal,Rectangle,16PT C2S,Spot UV,Silk,Spot UV Front,4/1,500,Score in Half,Slide Slits Bottom Panel,Yes 10000 Envelopes A6
Majestic,Silk,6 x 9,Vertical,Rectangle,16PT C2S,Spot UV,Silk,Spot UV Front,4/1,500,Score in Half,Slide Slits Bottom Panel,Yes 10000 Envelopes A6
Majestic,Silk,6 x 9,Horizontal,Rectangle,16PT C2S,Spot UV,Silk,Spot UV Back,4/1,500,Score in Half,Slide Slits Bottom Panel,Yes 10000 Envelopes A6
Majestic,Silk,6 x 9,Vertical,Rectangle,16PT C2S,Spot UV,Silk,Spot UV Back,4/1,500,Score in Half,Slide Slits Bottom Panel,Yes 10000 Envelopes A6
Majestic,Silk,6 x 9,Horizontal,Rectangle,16PT C2S,Spot UV,Silk,Spot UV Both Sides,4/1,500,Score in Half,Slide Slits Bottom Panel,Yes 10000 Envelopes A6
Majestic,Silk,6 x 9,Vertical,Rectangle,16PT C2S,Spot UV,Silk,Spot UV Both Sides,4/1,500,Score in Half,Slide Slits Bottom Panel,Yes 10000 Envelopes A6
Majestic,Silk,6 x 9,Horizontal,Rectangle,16PT C2S,Spot UV,Silk,Spot UV Front,4/4 (4 color both sides),500,Score in Half,Slide Slits Bottom Panel,Yes 10000 Envelopes A6
Majestic,Silk,6 x 9,Vertical,Rectangle,16PT C2S,Spot UV,Silk,Spot UV Front,4/4 (4 color both sides),500,Score in Half,Slide Slits Bottom Panel,Yes 10000 Envelopes A6
Majestic,Silk,6 x 9,Horizontal,Rectangle,16PT C2S,Spot UV,Silk,Spot UV Back,4/4 (4 color both sides),500,Score in Half,Slide Slits Bottom Panel,Yes 10000 Envelopes A6
Majestic,Silk,6 x 9,Vertical,Rectangle,16PT C2S,Spot UV,Silk,Spot UV Back,4/4 (4 color both sides),500,Score in Half,Slide Slits Bottom Panel,Yes 10000 Envelopes A6
Majestic,Silk,6 x 9,Horizontal,Rectangle,16PT C2S,Spot UV,Silk,Spot UV Both Sides,4/4 (4 color both sides),500,Score in Half,Slide Slits Bottom Panel,Yes 10000 Envelopes A6
Majestic,Silk,6 x 9,Vertical,Rectangle,16PT C2S,Spot UV,Silk,Spot UV Both Sides,4/4 (4 color both sides),500,Score in Half,Slide Slits Bottom Panel,Yes 10000 Envelopes A6
Majestic,Silk,6 x 9,Vertical,Rectangle,16PT C2S,Spot UV,Silk,Spot UV Front,4/1,1000,Score in Half,Slide Slits Bottom Panel,Yes 10000 Envelopes A6
Majestic,Silk,6 x 9,Horizontal,Rectangle,16PT C2S,Spot UV,Silk,Spot UV Front,4/1,1000,Score in Half,Slide Slits Bottom Panel,Yes 10000 Envelopes A6
Majestic,Silk,6 x 9,Horizontal,Rectangle,16PT C2S,Spot UV,Silk,Spot UV Back,4/1,1000,Score in Half,Slide Slits Bottom Panel,Yes 10000 Envelopes A6
Majestic,Silk,6 x 9,Vertical,Rectangle,16PT C2S,Spot UV,Silk,Spot UV Back,4/1,1000,Score in Half,Slide Slits Bottom Panel,Yes 10000 Envelopes A6
Majestic,Silk,6 x 9,Horizontal,Rectangle,16PT C2S,Spot UV,Silk,Spot UV Both Sides,4/1,1000,Score in Half,Slide Slits Bottom Panel,Yes 10000 Envelopes A6
Majestic,Silk,6 x 9,Vertical,Rectangle,16PT C2S,Spot UV,Silk,Spot UV Both Sides,4/1,1000,Score in Half,Slide Slits Bottom Panel,Yes 10000 Envelopes A6
Majestic,Silk,6 x 9,Horizontal,Rectangle,16PT C2S,Spot UV,Silk,Spot UV Front,4/4 (4 color both sides),1000,Score in Half,Slide Slits Bottom Panel,Yes 10000 Envelopes A6
Majestic,Silk,6 x 9,Vertical,Rectangle,16PT C2S,Spot UV,Silk,Spot UV Front,4/4 (4 color both sides),1000,Score in Half,Slide Slits Bottom Panel,Yes 10000 Envelopes A6
Majestic,Silk,6 x 9,Horizontal,Rectangle,16PT C2S,Spot UV,Silk,Spot UV Back,4/4 (4 color both sides),1000,Score in Half,Slide Slits Bottom Panel,Yes 10000 Envelopes A6
Majestic,Silk,6 x 9,Vertical,Rectangle,16PT C2S,Spot UV,Silk,Spot UV Back,4/4 (4 color both sides),1000,Score in Half,Slide Slits Bottom Panel,Yes 10000 Envelopes A6
Majestic,Silk,6 x 9,Vertical,Rectangle,16PT C2S,Spot UV,Silk,Spot UV Both Sides,4/4 (4 color both sides),1000,Score in Half,Slide Slits Bottom Panel,Yes 10000 Envelopes A6
Majestic,Silk,6 x 9,Horizontal,Rectangle,16PT C2S,Spot UV,Silk,Spot UV Front,4/1,2500,Score in Half,Slide Slits Bottom Panel,Yes 10000 Envelopes A6
Majestic,Silk,6 x 9,Vertical,Rectangle,16PT C2S,Spot UV,Silk,Spot UV Front,4/1,2500,Score in Half,Slide Slits Bottom Panel,Yes 10000 Envelopes A6
Majestic,Silk,6 x 9,Horizontal,Rectangle,16PT C2S,Spot UV,Silk,Spot UV Both Sides,4/4 (4 color both sides),1000,Score in Half,Slide Slits Bottom Panel,Yes 10000 Envelopes A6
Majestic,Silk,6 x 9,Horizontal,Rectangle,16PT C2S,Spot UV,Silk,Spot UV Back,4/1,2500,Score in Half,Slide Slits Bottom Panel,Yes 10000 Envelopes A6
Majestic,Silk,6 x 9,Horizontal,Rectangle,16PT C2S,Spot UV,Silk,Spot UV Both Sides,4/1,2500,Score in Half,Slide Slits Bottom Panel,Yes 10000 Envelopes A6
Majestic,Silk,6 x 9,Horizontal,Rectangle,16PT C2S,Spot UV,Silk,Spot UV Front,4/4 (4 color both sides),2500,Score in Half,Slide Slits Bottom Panel,Yes 10000 Envelopes A6
Majestic,Silk,6 x 9,Vertical,Rectangle,16PT C2S,Spot UV,Silk,Spot UV Both Sides,4/1,2500,Score in Half,Slide Slits Bottom Panel,Yes 10000 Envelopes A6
Majestic,Silk,6 x 9,Vertical,Rectangle,16PT C2S,Spot UV,Silk,Spot UV Back,4/1,2500,Score in Half,Slide Slits Bottom Panel,Yes 10000 Envelopes A6
Majestic,Silk,6 x 9,Vertical,Rectangle,16PT C2S,Spot UV,Silk,Spot UV Front,4/4 (4 color both sides),2500,Score in Half,Slide Slits Bottom Panel,Yes 10000 Envelopes A6
Majestic,Silk,6 x 9,Horizontal,Rectangle,16PT C2S,Spot UV,Silk,Spot UV Back,4/4 (4 color both sides),2500,Score in Half,Slide Slits Bottom Panel,Yes 10000 Envelopes A6
Majestic,Silk,6 x 9,Vertical,Rectangle,16PT C2S,Spot UV,Silk,Spot UV Back,4/4 (4 color both sides),2500,Score in Half,Slide Slits Bottom Panel,Yes 10000 Envelopes A6
Majestic,Silk,6 x 9,Vertical,Rectangle,16PT C2S,Spot UV,Silk,Spot UV Both Sides,4/4 (4 color both sides),2500,Score in Half,Slide Slits Bottom Panel,Yes 10000 Envelopes A6
Majestic,Silk,6 x 9,Horizontal,Rectangle,16PT C2S,Spot UV,Silk,Spot UV Both Sides,4/4 (4 color both sides),2500,Score in Half,Slide Slits Bottom Panel,Yes 10000 Envelopes A6
Majestic,Silk,6 x 9,Horizontal,Rectangle,16PT C2S,Spot UV,Silk,Spot UV Front,4/1,5000,Score in Half,Slide Slits Bottom Panel,Yes 10000 Envelopes A6
Majestic,Silk,6 x 9,Vertical,Rectangle,16PT C2S,Spot UV,Silk,Spot UV Front,4/1,5000,Score in Half,Slide Slits Bottom Panel,Yes 10000 Envelopes A6
Majestic,Silk,6 x 9,Horizontal,Rectangle,16PT C2S,Spot UV,Silk,Spot UV Back,4/1,5000,Score in Half,Slide Slits Bottom Panel,Yes 10000 Envelopes A6
Majestic,Silk,6 x 9,Vertical,Rectangle,16PT C2S,Spot UV,Silk,Spot UV Back,4/1,5000,Score in Half,Slide Slits Bottom Panel,Yes 10000 Envelopes A6
Majestic,Silk,6 x 9,Horizontal,Rectangle,16PT C2S,Spot UV,Silk,Spot UV Both Sides,4/1,5000,Score in Half,Slide Slits Bottom Panel,Yes 10000 Envelopes A6
Majestic,Silk,6 x 9,Vertical,Rectangle,16PT C2S,Spot UV,Silk,Spot UV Both Sides,4/1,5000,Score in Half,Slide Slits Bottom Panel,Yes 10000 Envelopes A6
Majestic,Silk,6 x 9,Horizontal,Rectangle,16PT C2S,Spot UV,Silk,Spot UV Front,4/4 (4 color both sides),5000,Score in Half,Slide Slits Bottom Panel,Yes 10000 Envelopes A6
Majestic,Silk,6 x 9,Vertical,Rectangle,16PT C2S,Spot UV,Silk,Spot UV Front,4/4 (4 color both sides),5000,Score in Half,Slide Slits Bottom Panel,Yes 10000 Envelopes A6
Majestic,Silk,6 x 9,Horizontal,Rectangle,16PT C2S,Spot UV,Silk,Spot UV Back,4/4 (4 color both sides),5000,Score in Half,Slide Slits Bottom Panel,Yes 10000 Envelopes A6
Majestic,Silk,6 x 9,Vertical,Rectangle,16PT C2S,Spot UV,Silk,Spot UV Back,4/4 (4 color both sides),5000,Score in Half,Slide Slits Bottom Panel,Yes 10000 Envelopes A6
Majestic,Silk,6 x 9,Horizontal,Rectangle,16PT C2S,Spot UV,Silk,Spot UV Both Sides,4/4 (4 color both sides),5000,Score in Half,Slide Slits Bottom Panel,Yes 10000 Envelopes A6
Majestic,Silk,6 x 9,Vertical,Rectangle,16PT C2S,Spot UV,Silk,Spot UV Both Sides,4/4 (4 color both sides),5000,Score in Half,Slide Slits Bottom Panel,Yes 10000 Envelopes A6
Majestic,Silk,6 x 9,Horizontal,Rectangle,16PT C2S,Spot UV,Silk,Spot UV Front,4/1,10000,Score in Half,Slide Slits Bottom Panel,Yes 10000 Envelopes A6
Majestic,Silk,6 x 9,Vertical,Rectangle,16PT C2S,Spot UV,Silk,Spot UV Front,4/1,10000,Score in Half,Slide Slits Bottom Panel,Yes 10000 Envelopes A6
Majestic,Silk,6 x 9,Horizontal,Rectangle,16PT C2S,Spot UV,Silk,Spot UV Back,4/1,10000,Score in Half,Slide Slits Bottom Panel,Yes 10000 Envelopes A6
Majestic,Silk,6 x 9,Horizontal,Rectangle,16PT C2S,Spot UV,Silk,Spot UV Both Sides,4/1,10000,Score in Half,Slide Slits Bottom Panel,Yes 10000 Envelopes A6
Majestic,Silk,6 x 9,Vertical,Rectangle,16PT C2S,Spot UV,Silk,Spot UV Back,4/1,10000,Score in Half,Slide Slits Bottom Panel,Yes 10000 Envelopes A6
Majestic,Silk,6 x 9,Vertical,Rectangle,16PT C2S,Spot UV,Silk,Spot UV Both Sides,4/1,10000,Score in Half,Slide Slits Bottom Panel,Yes 10000 Envelopes A6
Majestic,Silk,6 x 9,Vertical,Rectangle,16PT C2S,Spot UV,Silk,Spot UV Back,4/4 (4 color both sides),10000,Score in Half,Slide Slits Bottom Panel,Yes 10000 Envelopes A6
Majestic,Silk,6 x 9,Horizontal,Rectangle,16PT C2S,Spot UV,Silk,Spot UV Back,4/4 (4 color both sides),10000,Score in Half,Slide Slits Bottom Panel,Yes 10000 Envelopes A6
Majestic,Silk,6 x 9,Vertical,Rectangle,16PT C2S,Spot UV,Silk,Spot UV Front,4/4 (4 color both sides),10000,Score in Half,Slide Slits Bottom Panel,Yes 10000 Envelopes A6
Majestic,Silk,6 x 9,Horizontal,Rectangle,16PT C2S,Spot UV,Silk,Spot UV Both Sides,4/4 (4 color both sides),10000,Score in Half,Slide Slits Bottom Panel,Yes 10000 Envelopes A6
Majestic,Silk,6 x 9,Horizontal,Rectangle,16PT C2S,Spot UV,Silk,Spot UV Front,4/4 (4 color both sides),10000,Score in Half,Slide Slits Bottom Panel,Yes 10000 Envelopes A6
Majestic,Silk,6 x 9,Vertical,Rectangle,16PT C2S,Spot UV,Silk,Spot UV Both Sides,4/4 (4 color both sides),10000,Score in Half,Slide Slits Bottom Panel,Yes 10000 Envelopes A6
Majestic,Silk,6 x 9,Vertical,Rectangle,16PT C2S,Spot UV,Silk,Spot UV Front,4/1,500,Score in Half,Slide Slits Right Panel,Yes 10000 Envelopes A6
Majestic,Silk,6 x 9,Horizontal,Rectangle,16PT C2S,Spot UV,Silk,Spot UV Front,4/1,500,Score in Half,Slide Slits Right Panel,Yes 10000 Envelopes A6
Majestic,Silk,6 x 9,Vertical,Rectangle,16PT C2S,Spot UV,Silk,Spot UV Back,4/1,500,Score in Half,Slide Slits Right Panel,Yes 10000 Envelopes A6
Majestic,Silk,6 x 9,Horizontal,Rectangle,16PT C2S,Spot UV,Silk,Spot UV Back,4/1,500,Score in Half,Slide Slits Right Panel,Yes 10000 Envelopes A6
Majestic,Silk,6 x 9,Horizontal,Rectangle,16PT C2S,Spot UV,Silk,Spot UV Both Sides,4/1,500,Score in Half,Slide Slits Right Panel,Yes 10000 Envelopes A6
Majestic,Silk,6 x 9,Vertical,Rectangle,16PT C2S,Spot UV,Silk,Spot UV Both Sides,4/1,500,Score in Half,Slide Slits Right Panel,Yes 10000 Envelopes A6
Majestic,Silk,6 x 9,Horizontal,Rectangle,16PT C2S,Spot UV,Silk,Spot UV Front,4/4 (4 color both sides),500,Score in Half,Slide Slits Right Panel,Yes 10000 Envelopes A6
Majestic,Silk,6 x 9,Vertical,Rectangle,16PT C2S,Spot UV,Silk,Spot UV Front,4/4 (4 color both sides),500,Score in Half,Slide Slits Right Panel,Yes 10000 Envelopes A6
Majestic,Silk,6 x 9,Horizontal,Rectangle,16PT C2S,Spot UV,Silk,Spot UV Back,4/4 (4 color both sides),500,Score in Half,Slide Slits Right Panel,Yes 10000 Envelopes A6
Majestic,Silk,6 x 9,Vertical,Rectangle,16PT C2S,Spot UV,Silk,Spot UV Back,4/4 (4 color both sides),500,Score in Half,Slide Slits Right Panel,Yes 10000 Envelopes A6
Majestic,Silk,6 x 9,Horizontal,Rectangle,16PT C2S,Spot UV,Silk,Spot UV Both Sides,4/4 (4 color both sides),500,Score in Half,Slide Slits Right Panel,Yes 10000 Envelopes A6
Majestic,Silk,6 x 9,Vertical,Rectangle,16PT C2S,Spot UV,Silk,Spot UV Both Sides,4/4 (4 color both sides),500,Score in Half,Slide Slits Right Panel,Yes 10000 Envelopes A6
Majestic,Silk,6 x 9,Horizontal,Rectangle,16PT C2S,Spot UV,Silk,Spot UV Front,4/1,1000,Score in Half,Slide Slits Right Panel,Yes 10000 Envelopes A6
Majestic,Silk,6 x 9,Horizontal,Rectangle,16PT C2S,Spot UV,Silk,Spot UV Back,4/1,1000,Score in Half,Slide Slits Right Panel,Yes 10000 Envelopes A6
Majestic,Silk,6 x 9,Vertical,Rectangle,16PT C2S,Spot UV,Silk,Spot UV Front,4/1,1000,Score in Half,Slide Slits Right Panel,Yes 10000 Envelopes A6
Majestic,Silk,6 x 9,Vertical,Rectangle,16PT C2S,Spot UV,Silk,Spot UV Back,4/1,1000,Score in Half,Slide Slits Right Panel,Yes 10000 Envelopes A6
Majestic,Silk,6 x 9,Horizontal,Rectangle,16PT C2S,Spot UV,Silk,Spot UV Both Sides,4/1,1000,Score in Half,Slide Slits Right Panel,Yes 10000 Envelopes A6
Majestic,Silk,6 x 9,Horizontal,Rectangle,16PT C2S,Spot UV,Silk,Spot UV Front,4/4 (4 color both sides),1000,Score in Half,Slide Slits Right Panel,Yes 10000 Envelopes A6
Majestic,Silk,6 x 9,Vertical,Rectangle,16PT C2S,Spot UV,Silk,Spot UV Both Sides,4/1,1000,Score in Half,Slide Slits Right Panel,Yes 10000 Envelopes A6
Majestic,Silk,6 x 9,Vertical,Rectangle,16PT C2S,Spot UV,Silk,Spot UV Front,4/4 (4 color both sides),1000,Score in Half,Slide Slits Right Panel,Yes 10000 Envelopes A6
Majestic,Silk,6 x 9,Horizontal,Rectangle,16PT C2S,Spot UV,Silk,Spot UV Back,4/4 (4 color both sides),1000,Score in Half,Slide Slits Right Panel,Yes 10000 Envelopes A6
Majestic,Silk,6 x 9,Vertical,Rectangle,16PT C2S,Spot UV,Silk,Spot UV Back,4/4 (4 color both sides),1000,Score in Half,Slide Slits Right Panel,Yes 10000 Envelopes A6
Majestic,Silk,6 x 9,Horizontal,Rectangle,16PT C2S,Spot UV,Silk,Spot UV Both Sides,4/4 (4 color both sides),1000,Score in Half,Slide Slits Right Panel,Yes 10000 Envelopes A6
Majestic,Silk,6 x 9,Vertical,Rectangle,16PT C2S,Spot UV,Silk,Spot UV Both Sides,4/4 (4 color both sides),1000,Score in Half,Slide Slits Right Panel,Yes 10000 Envelopes A6
Majestic,Silk,6 x 9,Horizontal,Rectangle,16PT C2S,Spot UV,Silk,Spot UV Front,4/1,2500,Score in Half,Slide Slits Right Panel,Yes 10000 Envelopes A6
Majestic,Silk,6 x 9,Vertical,Rectangle,16PT C2S,Spot UV,Silk,Spot UV Front,4/1,2500,Score in Half,Slide Slits Right Panel,Yes 10000 Envelopes A6
Majestic,Silk,6 x 9,Vertical,Rectangle,16PT C2S,Spot UV,Silk,Spot UV Back,4/1,2500,Score in Half,Slide Slits Right Panel,Yes 10000 Envelopes A6
Majestic,Silk,6 x 9,Horizontal,Rectangle,16PT C2S,Spot UV,Silk,Spot UV Both Sides,4/1,2500,Score in Half,Slide Slits Right Panel,Yes 10000 Envelopes A6
Majestic,Silk,6 x 9,Horizontal,Rectangle,16PT C2S,Spot UV,Silk,Spot UV Back,4/1,2500,Score in Half,Slide Slits Right Panel,Yes 10000 Envelopes A6
Majestic,Silk,6 x 9,Vertical,Rectangle,16PT C2S,Spot UV,Silk,Spot UV Both Sides,4/1,2500,Score in Half,Slide Slits Right Panel,Yes 10000 Envelopes A6
Majestic,Silk,6 x 9,Horizontal,Rectangle,16PT C2S,Spot UV,Silk,Spot UV Front,4/4 (4 color both sides),2500,Score in Half,Slide Slits Right Panel,Yes 10000 Envelopes A6
Majestic,Silk,6 x 9,Vertical,Rectangle,16PT C2S,Spot UV,Silk,Spot UV Front,4/4 (4 color both sides),2500,Score in Half,Slide Slits Right Panel,Yes 10000 Envelopes A6
Majestic,Silk,6 x 9,Horizontal,Rectangle,16PT C2S,Spot UV,Silk,Spot UV Back,4/4 (4 color both sides),2500,Score in Half,Slide Slits Right Panel,Yes 10000 Envelopes A6
Majestic,Silk,6 x 9,Vertical,Rectangle,16PT C2S,Spot UV,Silk,Spot UV Back,4/4 (4 color both sides),2500,Score in Half,Slide Slits Right Panel,Yes 10000 Envelopes A6
Majestic,Silk,6 x 9,Horizontal,Rectangle,16PT C2S,Spot UV,Silk,Spot UV Both Sides,4/4 (4 color both sides),2500,Score in Half,Slide Slits Right Panel,Yes 10000 Envelopes A6
Majestic,Silk,6 x 9,Vertical,Rectangle,16PT C2S,Spot UV,Silk,Spot UV Both Sides,4/4 (4 color both sides),2500,Score in Half,Slide Slits Right Panel,Yes 10000 Envelopes A6
Majestic,Silk,6 x 9,Horizontal,Rectangle,16PT C2S,Spot UV,Silk,Spot UV Front,4/1,5000,Score in Half,Slide Slits Right Panel,Yes 10000 Envelopes A6
Majestic,Silk,6 x 9,Vertical,Rectangle,16PT C2S,Spot UV,Silk,Spot UV Front,4/1,5000,Score in Half,Slide Slits Right Panel,Yes 10000 Envelopes A6
Majestic,Silk,6 x 9,Horizontal,Rectangle,16PT C2S,Spot UV,Silk,Spot UV Back,4/1,5000,Score in Half,Slide Slits Right Panel,Yes 10000 Envelopes A6
Majestic,Silk,6 x 9,Vertical,Rectangle,16PT C2S,Spot UV,Silk,Spot UV Back,4/1,5000,Score in Half,Slide Slits Right Panel,Yes 10000 Envelopes A6
Majestic,Silk,6 x 9,Horizontal,Rectangle,16PT C2S,Spot UV,Silk,Spot UV Both Sides,4/1,5000,Score in Half,Slide Slits Right Panel,Yes 10000 Envelopes A6
Majestic,Silk,6 x 9,Vertical,Rectangle,16PT C2S,Spot UV,Silk,Spot UV Both Sides,4/1,5000,Score in Half,Slide Slits Right Panel,Yes 10000 Envelopes A6
Majestic,Silk,6 x 9,Horizontal,Rectangle,16PT C2S,Spot UV,Silk,Spot UV Front,4/4 (4 color both sides),5000,Score in Half,Slide Slits Right Panel,Yes 10000 Envelopes A6
Majestic,Silk,6 x 9,Vertical,Rectangle,16PT C2S,Spot UV,Silk,Spot UV Front,4/4 (4 color both sides),5000,Score in Half,Slide Slits Right Panel,Yes 10000 Envelopes A6
Majestic,Silk,6 x 9,Horizontal,Rectangle,16PT C2S,Spot UV,Silk,Spot UV Back,4/4 (4 color both sides),5000,Score in Half,Slide Slits Right Panel,Yes 10000 Envelopes A6
Majestic,Silk,6 x 9,Vertical,Rectangle,16PT C2S,Spot UV,Silk,Spot UV Back,4/4 (4 color both sides),5000,Score in Half,Slide Slits Right Panel,Yes 10000 Envelopes A6
Majestic,Silk,6 x 9,Horizontal,Rectangle,16PT C2S,Spot UV,Silk,Spot UV Both Sides,4/4 (4 color both sides),5000,Score in Half,Slide Slits Right Panel,Yes 10000 Envelopes A6
Majestic,Silk,6 x 9,Vertical,Rectangle,16PT C2S,Spot UV,Silk,Spot UV Both Sides,4/4 (4 color both sides),5000,Score in Half,Slide Slits Right Panel,Yes 10000 Envelopes A6
Majestic,Silk,6 x 9,Horizontal,Rectangle,16PT C2S,Spot UV,Silk,Spot UV Front,4/1,10000,Score in Half,Slide Slits Right Panel,Yes 10000 Envelopes A6
Majestic,Silk,6 x 9,Vertical,Rectangle,16PT C2S,Spot UV,Silk,Spot UV Front,4/1,10000,Score in Half,Slide Slits Right Panel,Yes 10000 Envelopes A6
Majestic,Silk,6 x 9,Horizontal,Rectangle,16PT C2S,Spot UV,Silk,Spot UV Back,4/1,10000,Score in Half,Slide Slits Right Panel,Yes 10000 Envelopes A6
Majestic,Silk,6 x 9,Vertical,Rectangle,16PT C2S,Spot UV,Silk,Spot UV Back,4/1,10000,Score in Half,Slide Slits Right Panel,Yes 10000 Envelopes A6
Majestic,Silk,6 x 9,Horizontal,Rectangle,16PT C2S,Spot UV,Silk,Spot UV Both Sides,4/1,10000,Score in Half,Slide Slits Right Panel,Yes 10000 Envelopes A6
Majestic,Silk,6 x 9,Vertical,Rectangle,16PT C2S,Spot UV,Silk,Spot UV Both Sides,4/1,10000,Score in Half,Slide Slits Right Panel,Yes 10000 Envelopes A6
Majestic,Silk,6 x 9,Horizontal,Rectangle,16PT C2S,Spot UV,Silk,Spot UV Front,4/4 (4 color both sides),10000,Score in Half,Slide Slits Right Panel,Yes 10000 Envelopes A6
Majestic,Silk,6 x 9,Vertical,Rectangle,16PT C2S,Spot UV,Silk,Spot UV Front,4/4 (4 color both sides),10000,Score in Half,Slide Slits Right Panel,Yes 10000 Envelopes A6
Majestic,Silk,6 x 9,Horizontal,Rectangle,16PT C2S,Spot UV,Silk,Spot UV Back,4/4 (4 color both sides),10000,Score in Half,Slide Slits Right Panel,Yes 10000 Envelopes A6
Majestic,Silk,6 x 9,Vertical,Rectangle,16PT C2S,Spot UV,Silk,Spot UV Back,4/4 (4 color both sides),10000,Score in Half,Slide Slits Right Panel,Yes 10000 Envelopes A6
Majestic,Silk,6 x 9,Horizontal,Rectangle,16PT C2S,Spot UV,Silk,Spot UV Both Sides,4/4 (4 color both sides),10000,Score in Half,Slide Slits Right Panel,Yes 10000 Envelopes A6
Majestic,Silk,6 x 9,Vertical,Rectangle,16PT C2S,Spot UV,Silk,Spot UV Both Sides,4/4 (4 color both sides),10000,Score in Half,Slide Slits Right Panel,Yes 10000 Envelopes A6
Majestic,Silk,6 x 9,Horizontal,Rectangle,16PT C2S,Spot UV,Silk,Spot UV Front,4/0 (4 color front),500,Score in Half,Moon Slits Bottom Panel,Yes 500 Envelopes A6
Majestic,Silk,6 x 9,Vertical,Rectangle,16PT C2S,Spot UV,Silk,Spot UV Front,4/0 (4 color front),500,Score in Half,Moon Slits Bottom Panel,Yes 500 Envelopes A6
Majestic,Silk,6 x 9,Vertical,Rectangle,16PT C2S,Spot UV,Silk,Spot UV Front,4/0 (4 color front),2500,Score in Half,Moon Slits Bottom Panel,Yes 500 Envelopes A6
Majestic,Silk,6 x 9,Horizontal,Rectangle,16PT C2S,Spot UV,Silk,Spot UV Front,4/0 (4 color front),1000,Score in Half,Moon Slits Bottom Panel,Yes 500 Envelopes A6
Majestic,Silk,6 x 9,Horizontal,Rectangle,16PT C2S,Spot UV,Silk,Spot UV Front,4/1,1000,Score in Half,Moon Slits Bottom Panel,Yes 10000 Envelopes A6
Majestic,Silk,6 x 9,Horizontal,Rectangle,16PT C2S,Spot UV,Silk,Spot UV Front,4/0 (4 color front),2500,Score in Half,Moon Slits Bottom Panel,Yes 500 Envelopes A6
Majestic,Silk,6 x 9,Horizontal,Rectangle,16PT C2S,Spot UV,Silk,Spot UV Front,4/0 (4 color front),5000,Score in Half,Moon Slits Bottom Panel,Yes 500 Envelopes A6
Majestic,Silk,6 x 9,Vertical,Rectangle,16PT C2S,Spot UV,Silk,Spot UV Front,4/0 (4 color front),5000,Score in Half,Moon Slits Bottom Panel,Yes 500 Envelopes A6
Majestic,Silk,6 x 9,Horizontal,Rectangle,16PT C2S,Spot UV,Silk,Spot UV Front,4/0 (4 color front),10000,Score in Half,Moon Slits Bottom Panel,Yes 500 Envelopes A6
Majestic,Silk,6 x 9,Vertical,Rectangle,16PT C2S,Spot UV,Silk,Spot UV Front,4/0 (4 color front),10000,Score in Half,Moon Slits Bottom Panel,Yes 500 Envelopes A6
Majestic,Silk,6 x 9,Horizontal,Rectangle,16PT C2S,Spot UV,Silk,Spot UV Front,4/0 (4 color front),500,Score in Half,Moon Slits Right Panel,Yes 500 Envelopes A6
Majestic,Silk,6 x 9,Vertical,Rectangle,16PT C2S,Spot UV,Silk,Spot UV Front,4/0 (4 color front),500,Score in Half,Moon Slits Right Panel,Yes 500 Envelopes A6
Majestic,Silk,6 x 9,Horizontal,Rectangle,16PT C2S,Spot UV,Silk,Spot UV Front,4/0 (4 color front),1000,Score in Half,Moon Slits Right Panel,Yes 500 Envelopes A6
Majestic,Silk,6 x 9,Vertical,Rectangle,16PT C2S,Spot UV,Silk,Spot UV Front,4/0 (4 color front),1000,Score in Half,Moon Slits Right Panel,Yes 500 Envelopes A6
Majestic,Silk,6 x 9,Horizontal,Rectangle,16PT C2S,Spot UV,Silk,Spot UV Front,4/0 (4 color front),2500,Score in Half,Moon Slits Right Panel,Yes 500 Envelopes A6
Majestic,Silk,6 x 9,Vertical,Rectangle,16PT C2S,Spot UV,Silk,Spot UV Front,4/0 (4 color front),2500,Score in Half,Moon Slits Right Panel,Yes 500 Envelopes A6
Majestic,Silk,6 x 9,Horizontal,Rectangle,16PT C2S,Spot UV,Silk,Spot UV Front,4/0 (4 color front),10000,Score in Half,Moon Slits Right Panel,Yes 500 Envelopes A6
Majestic,Silk,6 x 9,Vertical,Rectangle,16PT C2S,Spot UV,Silk,Spot UV Front,4/0 (4 color front),5000,Score in Half,Moon Slits Right Panel,Yes 500 Envelopes A6
Majestic,Silk,6 x 9,Horizontal,Rectangle,16PT C2S,Spot UV,Silk,Spot UV Front,4/0 (4 color front),5000,Score in Half,Moon Slits Right Panel,Yes 500 Envelopes A6
Majestic,Silk,6 x 9,Vertical,Rectangle,16PT C2S,Spot UV,Silk,Spot UV Front,4/0 (4 color front),10000,Score in Half,Moon Slits Right Panel,Yes 500 Envelopes A6
Majestic,Silk,6 x 9,Horizontal,Rectangle,16PT C2S,Spot UV,Silk,Spot UV Front,4/0 (4 color front),500,Score in Half,No Gift Cards Slits,Yes 500 Envelopes A6
Majestic,Silk,6 x 9,Vertical,Rectangle,16PT C2S,Spot UV,Silk,Spot UV Front,4/0 (4 color front),500,Score in Half,No Gift Cards Slits,Yes 500 Envelopes A6
Majestic,Silk,6 x 9,Vertical,Rectangle,16PT C2S,Spot UV,Silk,Spot UV Front,4/0 (4 color front),1000,Score in Half,Moon Slits Bottom Panel,Yes 500 Envelopes A6
Majestic,Silk,6 x 9,Vertical,Rectangle,16PT C2S,Spot UV,Silk,Spot UV Front,4/0 (4 color front),1000,Score in Half,No Gift Cards Slits,Yes 500 Envelopes A6
Majestic,Silk,6 x 9,Horizontal,Rectangle,16PT C2S,Spot UV,Silk,Spot UV Front,4/0 (4 color front),2500,Score in Half,No Gift Cards Slits,Yes 500 Envelopes A6
Majestic,Silk,6 x 9,Vertical,Rectangle,16PT C2S,Spot UV,Silk,Spot UV Front,4/0 (4 color front),2500,Score in Half,No Gift Cards Slits,Yes 500 Envelopes A6
Majestic,Silk,6 x 9,Horizontal,Rectangle,16PT C2S,Spot UV,Silk,Spot UV Front,4/0 (4 color front),5000,Score in Half,No Gift Cards Slits,Yes 500 Envelopes A6
Majestic,Silk,6 x 9,Vertical,Rectangle,16PT C2S,Spot UV,Silk,Spot UV Front,4/0 (4 color front),5000,Score in Half,No Gift Cards Slits,Yes 500 Envelopes A6
Majestic,Silk,6 x 9,Horizontal,Rectangle,16PT C2S,Spot UV,Silk,Spot UV Front,4/0 (4 color front),10000,Score in Half,No Gift Cards Slits,Yes 500 Envelopes A6
Majestic,Silk,6 x 9,Vertical,Rectangle,16PT C2S,Spot UV,Silk,Spot UV Front,4/0 (4 color front),10000,Score in Half,No Gift Cards Slits,Yes 500 Envelopes A6
Majestic,Silk,6 x 9,Horizontal,Rectangle,16PT C2S,Spot UV,Silk,Spot UV Front,4/0 (4 color front),500,Score in Half,Slide Slits Bottom Panel,Yes 500 Envelopes A6
Majestic,Silk,6 x 9,Vertical,Rectangle,16PT C2S,Spot UV,Silk,Spot UV Front,4/0 (4 color front),500,Score in Half,Slide Slits Bottom Panel,Yes 500 Envelopes A6
Majestic,Silk,6 x 9,Horizontal,Rectangle,16PT C2S,Spot UV,Silk,Spot UV Front,4/0 (4 color front),1000,Score in Half,Slide Slits Bottom Panel,Yes 500 Envelopes A6
Majestic,Silk,6 x 9,Vertical,Rectangle,16PT C2S,Spot UV,Silk,Spot UV Front,4/0 (4 color front),1000,Score in Half,Slide Slits Bottom Panel,Yes 500 Envelopes A6
Majestic,Silk,6 x 9,Horizontal,Rectangle,16PT C2S,Spot UV,Silk,Spot UV Front,4/0 (4 color front),2500,Score in Half,Slide Slits Bottom Panel,Yes 500 Envelopes A6
Majestic,Silk,6 x 9,Vertical,Rectangle,16PT C2S,Spot UV,Silk,Spot UV Front,4/0 (4 color front),2500,Score in Half,Slide Slits Bottom Panel,Yes 500 Envelopes A6
Majestic,Silk,6 x 9,Horizontal,Rectangle,16PT C2S,Spot UV,Silk,Spot UV Front,4/0 (4 color front),5000,Score in Half,Slide Slits Bottom Panel,Yes 500 Envelopes A6
Majestic,Silk,6 x 9,Vertical,Rectangle,16PT C2S,Spot UV,Silk,Spot UV Front,4/0 (4 color front),5000,Score in Half,Slide Slits Bottom Panel,Yes 500 Envelopes A6
Majestic,Silk,6 x 9,Horizontal,Rectangle,16PT C2S,Spot UV,Silk,Spot UV Front,4/0 (4 color front),10000,Score in Half,Slide Slits Bottom Panel,Yes 500 Envelopes A6
Majestic,Silk,6 x 9,Vertical,Rectangle,16PT C2S,Spot UV,Silk,Spot UV Front,4/0 (4 color front),10000,Score in Half,Slide Slits Bottom Panel,Yes 500 Envelopes A6
Majestic,Silk,6 x 9,Vertical,Rectangle,16PT C2S,Spot UV,Silk,Spot UV Front,4/0 (4 color front),500,Score in Half,Slide Slits Right Panel,Yes 500 Envelopes A6
Majestic,Silk,6 x 9,Horizontal,Rectangle,16PT C2S,Spot UV,Silk,Spot UV Front,4/0 (4 color front),500,Score in Half,Slide Slits Right Panel,Yes 500 Envelopes A6
Majestic,Silk,6 x 9,Vertical,Rectangle,16PT C2S,Spot UV,Silk,Spot UV Back,4/1,5000,Score in Half,No Gift Cards Slits,Yes 5000 Envelopes A6
Majestic,Silk,6 x 9,Vertical,Rectangle,16PT C2S,Spot UV,Silk,Spot UV Front,4/0 (4 color front),1000,Score in Half,Slide Slits Right Panel,Yes 500 Envelopes A6
Majestic,Silk,6 x 9,Horizontal,Rectangle,16PT C2S,Spot UV,Silk,Spot UV Front,4/0 (4 color front),2500,Score in Half,Slide Slits Right Panel,Yes 500 Envelopes A6
Majestic,Silk,6 x 9,Vertical,Rectangle,16PT C2S,Spot UV,Silk,Spot UV Front,4/0 (4 color front),2500,Score in Half,Slide Slits Right Panel,Yes 500 Envelopes A6
Majestic,Silk,6 x 9,Horizontal,Rectangle,16PT C2S,Spot UV,Silk,Spot UV Front,4/0 (4 color front),5000,Score in Half,Slide Slits Right Panel,Yes 500 Envelopes A6
Majestic,Silk,6 x 9,Vertical,Rectangle,16PT C2S,Spot UV,Silk,Spot UV Front,4/0 (4 color front),5000,Score in Half,Slide Slits Right Panel,Yes 500 Envelopes A6
Majestic,Silk,6 x 9,Horizontal,Rectangle,16PT C2S,Spot UV,Silk,Spot UV Front,4/0 (4 color front),10000,Score in Half,Slide Slits Right Panel,Yes 500 Envelopes A6
Majestic,Silk,6 x 9,Vertical,Rectangle,16PT C2S,Spot UV,Silk,Spot UV Front,4/0 (4 color front),500,Score in Half,Moon Slits Bottom Panel,Yes 1000 Envelopes A6
Majestic,Silk,6 x 9,Horizontal,Rectangle,16PT C2S,Spot UV,Silk,Spot UV Front,4/0 (4 color front),500,Score in Half,Moon Slits Bottom Panel,Yes 1000 Envelopes A6
Majestic,Silk,6 x 9,Horizontal,Rectangle,16PT C2S,Spot UV,Silk,Spot UV Front,4/0 (4 color front),1000,Score in Half,Moon Slits Bottom Panel,Yes 1000 Envelopes A6
Majestic,Silk,6 x 9,Vertical,Rectangle,16PT C2S,Spot UV,Silk,Spot UV Front,4/0 (4 color front),10000,Score in Half,Slide Slits Right Panel,Yes 500 Envelopes A6
Majestic,Silk,6 x 9,Vertical,Rectangle,16PT C2S,Spot UV,Silk,Spot UV Front,4/0 (4 color front),1000,Score in Half,Moon Slits Bottom Panel,Yes 1000 Envelopes A6
Majestic,Silk,6 x 9,Horizontal,Rectangle,16PT C2S,Spot UV,Silk,Spot UV Front,4/0 (4 color front),2500,Score in Half,Moon Slits Bottom Panel,Yes 1000 Envelopes A6
Majestic,Silk,6 x 9,Vertical,Rectangle,16PT C2S,Spot UV,Silk,Spot UV Front,4/0 (4 color front),2500,Score in Half,Moon Slits Bottom Panel,Yes 1000 Envelopes A6
Majestic,Silk,6 x 9,Horizontal,Rectangle,16PT C2S,Spot UV,Silk,Spot UV Front,4/0 (4 color front),5000,Score in Half,Moon Slits Bottom Panel,Yes 1000 Envelopes A6
Majestic,Silk,6 x 9,Horizontal,Rectangle,16PT C2S,Spot UV,Silk,Spot UV Front,4/0 (4 color front),500,Score in Half,Moon Slits Right Panel,Yes 1000 Envelopes A6
Majestic,Silk,6 x 9,Vertical,Rectangle,16PT C2S,Spot UV,Silk,Spot UV Front,4/0 (4 color front),10000,Score in Half,Moon Slits Bottom Panel,Yes 1000 Envelopes A6
Majestic,Silk,6 x 9,Vertical,Rectangle,16PT C2S,Spot UV,Silk,Spot UV Front,4/0 (4 color front),5000,Score in Half,Moon Slits Bottom Panel,Yes 1000 Envelopes A6
Majestic,Silk,6 x 9,Horizontal,Rectangle,16PT C2S,Spot UV,Silk,Spot UV Front,4/0 (4 color front),10000,Score in Half,Moon Slits Bottom Panel,Yes 1000 Envelopes A6
Majestic,Silk,6 x 9,Vertical,Rectangle,16PT C2S,Spot UV,Silk,Spot UV Front,4/0 (4 color front),500,Score in Half,Moon Slits Right Panel,Yes 1000 Envelopes A6
Majestic,Silk,6 x 9,Horizontal,Rectangle,16PT C2S,Spot UV,Silk,Spot UV Front,4/0 (4 color front),1000,Score in Half,Moon Slits Right Panel,Yes 1000 Envelopes A6
Majestic,Silk,6 x 9,Vertical,Rectangle,16PT C2S,Spot UV,Silk,Spot UV Front,4/0 (4 color front),1000,Score in Half,Moon Slits Right Panel,Yes 1000 Envelopes A6
Majestic,Silk,6 x 9,Horizontal,Rectangle,16PT C2S,Spot UV,Silk,Spot UV Front,4/0 (4 color front),2500,Score in Half,Moon Slits Right Panel,Yes 1000 Envelopes A6
Majestic,Silk,6 x 9,Vertical,Rectangle,16PT C2S,Spot UV,Silk,Spot UV Front,4/0 (4 color front),2500,Score in Half,Moon Slits Right Panel,Yes 1000 Envelopes A6
Majestic,Silk,6 x 9,Horizontal,Rectangle,16PT C2S,Spot UV,Silk,Spot UV Front,4/0 (4 color front),5000,Score in Half,Moon Slits Right Panel,Yes 1000 Envelopes A6
Majestic,Silk,6 x 9,Vertical,Rectangle,16PT C2S,Spot UV,Silk,Spot UV Front,4/0 (4 color front),5000,Score in Half,Moon Slits Right Panel,Yes 1000 Envelopes A6
Majestic,Silk,6 x 9,Horizontal,Rectangle,16PT C2S,Spot UV,Silk,Spot UV Front,4/0 (4 color front),10000,Score in Half,Moon Slits Right Panel,Yes 1000 Envelopes A6
Majestic,Silk,6 x 9,Horizontal,Rectangle,16PT C2S,Spot UV,Silk,Spot UV Front,4/0 (4 color front),500,Score in Half,No Gift Cards Slits,Yes 1000 Envelopes A6
Majestic,Silk,6 x 9,Vertical,Rectangle,16PT C2S,Spot UV,Silk,Spot UV Front,4/0 (4 color front),10000,Score in Half,Moon Slits Right Panel,Yes 1000 Envelopes A6
Majestic,Silk,6 x 9,Vertical,Rectangle,16PT C2S,Spot UV,Silk,Spot UV Front,4/0 (4 color front),500,Score in Half,No Gift Cards Slits,Yes 1000 Envelopes A6
Majestic,Silk,6 x 9,Vertical,Rectangle,16PT C2S,Spot UV,Silk,Spot UV Front,4/0 (4 color front),1000,Score in Half,No Gift Cards Slits,Yes 1000 Envelopes A6
Majestic,Silk,6 x 9,Horizontal,Rectangle,16PT C2S,Spot UV,Silk,Spot UV Front,4/0 (4 color front),1000,Score in Half,No Gift Cards Slits,Yes 1000 Envelopes A6
Majestic,Silk,6 x 9,Horizontal,Rectangle,16PT C2S,Spot UV,Silk,Spot UV Front,4/0 (4 color front),2500,Score in Half,No Gift Cards Slits,Yes 1000 Envelopes A6
Majestic,Silk,6 x 9,Vertical,Rectangle,16PT C2S,Spot UV,Silk,Spot UV Front,4/0 (4 color front),2500,Score in Half,No Gift Cards Slits,Yes 1000 Envelopes A6
Majestic,Silk,6 x 9,Vertical,Rectangle,16PT C2S,Spot UV,Silk,Spot UV Front,4/0 (4 color front),5000,Score in Half,No Gift Cards Slits,Yes 1000 Envelopes A6
Majestic,Silk,6 x 9,Horizontal,Rectangle,16PT C2S,Spot UV,Silk,Spot UV Front,4/0 (4 color front),5000,Score in Half,No Gift Cards Slits,Yes 1000 Envelopes A6
Majestic,Silk,6 x 9,Vertical,Rectangle,16PT C2S,Spot UV,Silk,Spot UV Front,4/0 (4 color front),10000,Score in Half,No Gift Cards Slits,Yes 1000 Envelopes A6
Majestic,Silk,6 x 9,Horizontal,Rectangle,16PT C2S,Spot UV,Silk,Spot UV Front,4/0 (4 color front),500,Score in Half,Slide Slits Bottom Panel,Yes 1000 Envelopes A6
Majestic,Silk,6 x 9,Vertical,Rectangle,16PT C2S,Spot UV,Silk,Spot UV Front,4/0 (4 color front),500,Score in Half,Slide Slits Bottom Panel,Yes 1000 Envelopes A6
Majestic,Silk,6 x 9,Vertical,Rectangle,16PT C2S,Spot UV,Silk,Spot UV Front,4/0 (4 color front),1000,Score in Half,Slide Slits Bottom Panel,Yes 1000 Envelopes A6
Majestic,Silk,6 x 9,Horizontal,Rectangle,16PT C2S,Spot UV,Silk,Spot UV Front,4/0 (4 color front),1000,Score in Half,Slide Slits Bottom Panel,Yes 1000 Envelopes A6
Majestic,Silk,6 x 9,Horizontal,Rectangle,16PT C2S,Spot UV,Silk,Spot UV Front,4/0 (4 color front),2500,Score in Half,Slide Slits Bottom Panel,Yes 1000 Envelopes A6
Majestic,Silk,6 x 9,Horizontal,Rectangle,16PT C2S,Spot UV,Silk,Spot UV Front,4/0 (4 color front),5000,Score in Half,Slide Slits Bottom Panel,Yes 1000 Envelopes A6
Majestic,Silk,6 x 9,Vertical,Rectangle,16PT C2S,Spot UV,Silk,Spot UV Front,4/0 (4 color front),5000,Score in Half,Slide Slits Bottom Panel,Yes 1000 Envelopes A6
Majestic,Silk,6 x 9,Vertical,Rectangle,16PT C2S,Spot UV,Silk,Spot UV Front,4/0 (4 color front),2500,Score in Half,Slide Slits Bottom Panel,Yes 1000 Envelopes A6
Majestic,Silk,6 x 9,Horizontal,Rectangle,16PT C2S,Spot UV,Silk,Spot UV Front,4/0 (4 color front),10000,Score in Half,Slide Slits Bottom Panel,Yes 1000 Envelopes A6
Majestic,Silk,6 x 9,Vertical,Rectangle,16PT C2S,Spot UV,Silk,Spot UV Front,4/0 (4 color front),10000,Score in Half,Slide Slits Bottom Panel,Yes 1000 Envelopes A6
Majestic,Silk,6 x 9,Horizontal,Rectangle,16PT C2S,Spot UV,Silk,Spot UV Front,4/0 (4 color front),500,Score in Half,Slide Slits Right Panel,Yes 1000 Envelopes A6
Majestic,Silk,6 x 9,Horizontal,Rectangle,16PT C2S,Spot UV,Silk,Spot UV Front,4/0 (4 color front),10000,Score in Half,No Gift Cards Slits,Yes 1000 Envelopes A6
Majestic,Silk,6 x 9,Vertical,Rectangle,16PT C2S,Spot UV,Silk,Spot UV Front,4/0 (4 color front),500,Score in Half,Slide Slits Right Panel,Yes 1000 Envelopes A6
Majestic,Silk,6 x 9,Horizontal,Rectangle,16PT C2S,Spot UV,Silk,Spot UV Front,4/0 (4 color front),1000,Score in Half,Slide Slits Right Panel,Yes 1000 Envelopes A6
Majestic,Silk,6 x 9,Vertical,Rectangle,16PT C2S,Spot UV,Silk,Spot UV Front,4/0 (4 color front),1000,Score in Half,Slide Slits Right Panel,Yes 1000 Envelopes A6
Majestic,Silk,6 x 9,Vertical,Rectangle,16PT C2S,Spot UV,Silk,Spot UV Front,4/0 (4 color front),2500,Score in Half,Slide Slits Right Panel,Yes 1000 Envelopes A6
Majestic,Silk,6 x 9,Horizontal,Rectangle,16PT C2S,Spot UV,Silk,Spot UV Front,4/0 (4 color front),5000,Score in Half,Slide Slits Right Panel,Yes 1000 Envelopes A6
Majestic,Silk,6 x 9,Horizontal,Rectangle,16PT C2S,Spot UV,Silk,Spot UV Front,4/0 (4 color front),2500,Score in Half,Slide Slits Right Panel,Yes 1000 Envelopes A6
Majestic,Silk,6 x 9,Vertical,Rectangle,16PT C2S,Spot UV,Silk,Spot UV Front,4/0 (4 color front),5000,Score in Half,Slide Slits Right Panel,Yes 1000 Envelopes A6
Majestic,Silk,6 x 9,Horizontal,Rectangle,16PT C2S,Spot UV,Silk,Spot UV Front,4/0 (4 color front),10000,Score in Half,Slide Slits Right Panel,Yes 1000 Envelopes A6
Majestic,Silk,6 x 9,Vertical,Rectangle,16PT C2S,Spot UV,Silk,Spot UV Front,4/0 (4 color front),10000,Score in Half,Slide Slits Right Panel,Yes 1000 Envelopes A6
Majestic,Silk,6 x 9,Vertical,Rectangle,16PT C2S,Spot UV,Silk,Spot UV Front,4/0 (4 color front),500,Score in Half,Moon Slits Bottom Panel,Yes 2500 Envelopes A6
Majestic,Silk,6 x 9,Horizontal,Rectangle,16PT C2S,Spot UV,Silk,Spot UV Front,4/0 (4 color front),2500,Score in Half,Moon Slits Bottom Panel,Yes 2500 Envelopes A6
Majestic,Silk,6 x 9,Horizontal,Rectangle,16PT C2S,Spot UV,Silk,Spot UV Front,4/0 (4 color front),1000,Score in Half,Moon Slits Bottom Panel,Yes 2500 Envelopes A6
Majestic,Silk,6 x 9,Vertical,Rectangle,16PT C2S,Spot UV,Silk,Spot UV Front,4/0 (4 color front),1000,Score in Half,Moon Slits Bottom Panel,Yes 2500 Envelopes A6
Majestic,Silk,6 x 9,Horizontal,Rectangle,16PT C2S,Spot UV,Silk,Spot UV Front,4/0 (4 color front),500,Score in Half,Moon Slits Bottom Panel,Yes 2500 Envelopes A6
Majestic,Silk,6 x 9,Vertical,Rectangle,16PT C2S,Spot UV,Silk,Spot UV Front,4/0 (4 color front),2500,Score in Half,Moon Slits Bottom Panel,Yes 2500 Envelopes A6
Majestic,Silk,6 x 9,Vertical,Rectangle,16PT C2S,Spot UV,Silk,Spot UV Front,4/0 (4 color front),10000,Score in Half,Moon Slits Bottom Panel,Yes 2500 Envelopes A6
Majestic,Silk,6 x 9,Horizontal,Rectangle,16PT C2S,Spot UV,Silk,Spot UV Front,4/0 (4 color front),5000,Score in Half,Moon Slits Bottom Panel,Yes 2500 Envelopes A6
Majestic,Silk,6 x 9,Vertical,Rectangle,16PT C2S,Spot UV,Silk,Spot UV Front,4/0 (4 color front),5000,Score in Half,Moon Slits Bottom Panel,Yes 2500 Envelopes A6
Majestic,Silk,6 x 9,Horizontal,Rectangle,16PT C2S,Spot UV,Silk,Spot UV Front,4/0 (4 color front),500,Score in Half,Moon Slits Right Panel,Yes 2500 Envelopes A6
Majestic,Silk,6 x 9,Horizontal,Rectangle,16PT C2S,Spot UV,Silk,Spot UV Front,4/0 (4 color front),10000,Score in Half,Moon Slits Bottom Panel,Yes 2500 Envelopes A6
Majestic,Silk,6 x 9,Vertical,Rectangle,16PT C2S,Spot UV,Silk,Spot UV Front,4/0 (4 color front),500,Score in Half,Moon Slits Right Panel,Yes 2500 Envelopes A6
Majestic,Silk,6 x 9,Vertical,Rectangle,16PT C2S,Spot UV,Silk,Spot UV Front,4/0 (4 color front),1000,Score in Half,Moon Slits Right Panel,Yes 2500 Envelopes A6
Majestic,Silk,6 x 9,Horizontal,Rectangle,16PT C2S,Spot UV,Silk,Spot UV Front,4/0 (4 color front),2500,Score in Half,Moon Slits Right Panel,Yes 2500 Envelopes A6
Majestic,Silk,6 x 9,Vertical,Rectangle,16PT C2S,Spot UV,Silk,Spot UV Front,4/0 (4 color front),2500,Score in Half,Moon Slits Right Panel,Yes 2500 Envelopes A6
Majestic,Silk,6 x 9,Horizontal,Rectangle,16PT C2S,Spot UV,Silk,Spot UV Front,4/0 (4 color front),1000,Score in Half,Moon Slits Right Panel,Yes 2500 Envelopes A6
Majestic,Silk,6 x 9,Horizontal,Rectangle,16PT C2S,Spot UV,Silk,Spot UV Front,4/0 (4 color front),10000,Score in Half,Moon Slits Right Panel,Yes 2500 Envelopes A6
Majestic,Silk,6 x 9,Vertical,Rectangle,16PT C2S,Spot UV,Silk,Spot UV Front,4/0 (4 color front),5000,Score in Half,Moon Slits Right Panel,Yes 2500 Envelopes A6
Majestic,Silk,6 x 9,Horizontal,Rectangle,16PT C2S,Spot UV,Silk,Spot UV Front,4/0 (4 color front),5000,Score in Half,Moon Slits Right Panel,Yes 2500 Envelopes A6
Majestic,Silk,6 x 9,Horizontal,Rectangle,16PT C2S,Spot UV,Silk,Spot UV Front,4/0 (4 color front),500,Score in Half,No Gift Cards Slits,Yes 2500 Envelopes A6
Majestic,Silk,6 x 9,Vertical,Rectangle,16PT C2S,Spot UV,Silk,Spot UV Front,4/0 (4 color front),10000,Score in Half,Moon Slits Right Panel,Yes 2500 Envelopes A6
Majestic,Silk,6 x 9,Vertical,Rectangle,16PT C2S,Spot UV,Silk,Spot UV Front,4/0 (4 color front),500,Score in Half,No Gift Cards Slits,Yes 2500 Envelopes A6
Majestic,Silk,6 x 9,Vertical,Rectangle,16PT C2S,Spot UV,Silk,Spot UV Front,4/0 (4 color front),1000,Score in Half,No Gift Cards Slits,Yes 2500 Envelopes A6
Majestic,Silk,6 x 9,Horizontal,Rectangle,16PT C2S,Spot UV,Silk,Spot UV Front,4/0 (4 color front),2500,Score in Half,No Gift Cards Slits,Yes 2500 Envelopes A6
Majestic,Silk,6 x 9,Horizontal,Rectangle,16PT C2S,Spot UV,Silk,Spot UV Front,4/0 (4 color front),5000,Score in Half,No Gift Cards Slits,Yes 2500 Envelopes A6
Majestic,Silk,6 x 9,Vertical,Rectangle,16PT C2S,Spot UV,Silk,Spot UV Front,4/0 (4 color front),2500,Score in Half,No Gift Cards Slits,Yes 2500 Envelopes A6
Majestic,Silk,6 x 9,Vertical,Rectangle,16PT C2S,Spot UV,Silk,Spot UV Front,4/0 (4 color front),5000,Score in Half,No Gift Cards Slits,Yes 2500 Envelopes A6
Majestic,Silk,6 x 9,Horizontal,Rectangle,16PT C2S,Spot UV,Silk,Spot UV Front,4/0 (4 color front),10000,Score in Half,No Gift Cards Slits,Yes 2500 Envelopes A6
Majestic,Silk,6 x 9,Horizontal,Rectangle,16PT C2S,Spot UV,Silk,Spot UV Front,4/0 (4 color front),500,Score in Half,Slide Slits Bottom Panel,Yes 2500 Envelopes A6
Majestic,Silk,6 x 9,Vertical,Rectangle,16PT C2S,Spot UV,Silk,Spot UV Front,4/0 (4 color front),10000,Score in Half,No Gift Cards Slits,Yes 2500 Envelopes A6
Majestic,Silk,6 x 9,Vertical,Rectangle,16PT C2S,Spot UV,Silk,Spot UV Front,4/0 (4 color front),500,Score in Half,Slide Slits Bottom Panel,Yes 2500 Envelopes A6
Majestic,Silk,6 x 9,Horizontal,Rectangle,16PT C2S,Spot UV,Silk,Spot UV Front,4/0 (4 color front),1000,Score in Half,Slide Slits Bottom Panel,Yes 2500 Envelopes A6
Majestic,Silk,6 x 9,Vertical,Rectangle,16PT C2S,Spot UV,Silk,Spot UV Front,4/0 (4 color front),1000,Score in Half,Slide Slits Bottom Panel,Yes 2500 Envelopes A6
Majestic,Silk,6 x 9,Horizontal,Rectangle,16PT C2S,Spot UV,Silk,Spot UV Front,4/0 (4 color front),2500,Score in Half,Slide Slits Bottom Panel,Yes 2500 Envelopes A6
Majestic,Silk,6 x 9,Horizontal,Rectangle,16PT C2S,Spot UV,Silk,Spot UV Front,4/0 (4 color front),1000,Score in Half,No Gift Cards Slits,Yes 2500 Envelopes A6
Majestic,Silk,6 x 9,Horizontal,Rectangle,16PT C2S,Spot UV,Silk,Spot UV Front,4/0 (4 color front),5000,Score in Half,Slide Slits Bottom Panel,Yes 2500 Envelopes A6
Majestic,Silk,6 x 9,Vertical,Rectangle,16PT C2S,Spot UV,Silk,Spot UV Front,4/0 (4 color front),5000,Score in Half,Slide Slits Bottom Panel,Yes 2500 Envelopes A6
Majestic,Silk,6 x 9,Vertical,Rectangle,16PT C2S,Spot UV,Silk,Spot UV Front,4/0 (4 color front),2500,Score in Half,Slide Slits Bottom Panel,Yes 2500 Envelopes A6
Majestic,Silk,6 x 9,Horizontal,Rectangle,16PT C2S,Spot UV,Silk,Spot UV Front,4/0 (4 color front),10000,Score in Half,Slide Slits Bottom Panel,Yes 2500 Envelopes A6
Majestic,Silk,6 x 9,Horizontal,Rectangle,16PT C2S,Spot UV,Silk,Spot UV Front,4/0 (4 color front),500,Score in Half,Slide Slits Right Panel,Yes 2500 Envelopes A6
Majestic,Silk,6 x 9,Vertical,Rectangle,16PT C2S,Spot UV,Silk,Spot UV Front,4/0 (4 color front),500,Score in Half,Slide Slits Right Panel,Yes 2500 Envelopes A6
Majestic,Silk,6 x 9,Horizontal,Rectangle,16PT C2S,Spot UV,Silk,Spot UV Front,4/0 (4 color front),1000,Score in Half,Slide Slits Right Panel,Yes 2500 Envelopes A6
Majestic,Silk,6 x 9,Vertical,Rectangle,16PT C2S,Spot UV,Silk,Spot UV Front,4/0 (4 color front),1000,Score in Half,Slide Slits Right Panel,Yes 2500 Envelopes A6
Majestic,Silk,6 x 9,Vertical,Rectangle,16PT C2S,Spot UV,Silk,Spot UV Front,4/0 (4 color front),10000,Score in Half,Slide Slits Bottom Panel,Yes 2500 Envelopes A6
Majestic,Silk,6 x 9,Horizontal,Rectangle,16PT C2S,Spot UV,Silk,Spot UV Front,4/0 (4 color front),2500,Score in Half,Slide Slits Right Panel,Yes 2500 Envelopes A6
Majestic,Silk,6 x 9,Vertical,Rectangle,16PT C2S,Spot UV,Silk,Spot UV Front,4/0 (4 color front),2500,Score in Half,Slide Slits Right Panel,Yes 2500 Envelopes A6
Majestic,Silk,6 x 9,Horizontal,Rectangle,16PT C2S,Spot UV,Silk,Spot UV Front,4/0 (4 color front),5000,Score in Half,Slide Slits Right Panel,Yes 2500 Envelopes A6
Majestic,Silk,6 x 9,Horizontal,Rectangle,16PT C2S,Spot UV,Silk,Spot UV Front,4/0 (4 color front),10000,Score in Half,Slide Slits Right Panel,Yes 2500 Envelopes A6
Majestic,Silk,6 x 9,Vertical,Rectangle,16PT C2S,Spot UV,Silk,Spot UV Front,4/0 (4 color front),10000,Score in Half,Slide Slits Right Panel,Yes 2500 Envelopes A6
Majestic,Silk,6 x 9,Vertical,Rectangle,16PT C2S,Spot UV,Silk,Spot UV Front,4/0 (4 color front),5000,Score in Half,Slide Slits Right Panel,Yes 2500 Envelopes A6
Majestic,Silk,6 x 9,Horizontal,Rectangle,16PT C2S,Spot UV,Silk,Spot UV Front,4/0 (4 color front),500,Score in Half,Moon Slits Bottom Panel,Yes 5000 Envelopes A6
Majestic,Silk,6 x 9,Vertical,Rectangle,16PT C2S,Spot UV,Silk,Spot UV Front,4/0 (4 color front),500,Score in Half,Moon Slits Bottom Panel,Yes 5000 Envelopes A6
Majestic,Silk,6 x 9,Horizontal,Rectangle,16PT C2S,Spot UV,Silk,Spot UV Front,4/0 (4 color front),1000,Score in Half,Moon Slits Bottom Panel,Yes 5000 Envelopes A6
Majestic,Silk,6 x 9,Vertical,Rectangle,16PT C2S,Spot UV,Silk,Spot UV Front,4/0 (4 color front),1000,Score in Half,Moon Slits Bottom Panel,Yes 5000 Envelopes A6
Majestic,Silk,6 x 9,Horizontal,Rectangle,16PT C2S,Spot UV,Silk,Spot UV Front,4/0 (4 color front),2500,Score in Half,Moon Slits Bottom Panel,Yes 5000 Envelopes A6
Majestic,Silk,6 x 9,Vertical,Rectangle,16PT C2S,Spot UV,Silk,Spot UV Front,4/0 (4 color front),2500,Score in Half,Moon Slits Bottom Panel,Yes 5000 Envelopes A6
Majestic,Silk,6 x 9,Horizontal,Rectangle,16PT C2S,Spot UV,Silk,Spot UV Front,4/0 (4 color front),5000,Score in Half,Moon Slits Bottom Panel,Yes 5000 Envelopes A6
Majestic,Silk,6 x 9,Vertical,Rectangle,16PT C2S,Spot UV,Silk,Spot UV Front,4/0 (4 color front),5000,Score in Half,Moon Slits Bottom Panel,Yes 5000 Envelopes A6
Majestic,Silk,6 x 9,Horizontal,Rectangle,16PT C2S,Spot UV,Silk,Spot UV Front,4/0 (4 color front),10000,Score in Half,Moon Slits Bottom Panel,Yes 5000 Envelopes A6
Majestic,Silk,6 x 9,Vertical,Rectangle,16PT C2S,Spot UV,Silk,Spot UV Front,4/0 (4 color front),10000,Score in Half,Moon Slits Bottom Panel,Yes 5000 Envelopes A6
Majestic,Silk,6 x 9,Horizontal,Rectangle,16PT C2S,Spot UV,Silk,Spot UV Front,4/0 (4 color front),500,Score in Half,Moon Slits Right Panel,Yes 5000 Envelopes A6
Majestic,Silk,6 x 9,Vertical,Rectangle,16PT C2S,Spot UV,Silk,Spot UV Front,4/0 (4 color front),500,Score in Half,Moon Slits Right Panel,Yes 5000 Envelopes A6
Majestic,Silk,6 x 9,Horizontal,Rectangle,16PT C2S,Spot UV,Silk,Spot UV Front,4/0 (4 color front),1000,Score in Half,Moon Slits Right Panel,Yes 5000 Envelopes A6
Majestic,Silk,6 x 9,Vertical,Rectangle,16PT C2S,Spot UV,Silk,Spot UV Front,4/0 (4 color front),1000,Score in Half,Moon Slits Right Panel,Yes 5000 Envelopes A6
Majestic,Silk,6 x 9,Vertical,Rectangle,16PT C2S,Spot UV,Silk,Spot UV Front,4/0 (4 color front),2500,Score in Half,Moon Slits Right Panel,Yes 5000 Envelopes A6
Majestic,Silk,6 x 9,Horizontal,Rectangle,16PT C2S,Spot UV,Silk,Spot UV Front,4/0 (4 color front),2500,Score in Half,Moon Slits Right Panel,Yes 5000 Envelopes A6
Majestic,Silk,6 x 9,Horizontal,Rectangle,16PT C2S,Spot UV,Silk,Spot UV Front,4/0 (4 color front),5000,Score in Half,Moon Slits Right Panel,Yes 5000 Envelopes A6
Majestic,Silk,6 x 9,Vertical,Rectangle,16PT C2S,Spot UV,Silk,Spot UV Front,4/0 (4 color front),5000,Score in Half,Moon Slits Right Panel,Yes 5000 Envelopes A6
Majestic,Silk,6 x 9,Horizontal,Rectangle,16PT C2S,Spot UV,Silk,Spot UV Front,4/0 (4 color front),10000,Score in Half,Moon Slits Right Panel,Yes 5000 Envelopes A6
Majestic,Silk,6 x 9,Horizontal,Rectangle,16PT C2S,Spot UV,Silk,Spot UV Front,4/0 (4 color front),500,Score in Half,No Gift Cards Slits,Yes 5000 Envelopes A6
Majestic,Silk,6 x 9,Vertical,Rectangle,16PT C2S,Spot UV,Silk,Spot UV Front,4/0 (4 color front),10000,Score in Half,Moon Slits Right Panel,Yes 5000 Envelopes A6
Majestic,Silk,6 x 9,Vertical,Rectangle,16PT C2S,Spot UV,Silk,Spot UV Front,4/0 (4 color front),500,Score in Half,No Gift Cards Slits,Yes 5000 Envelopes A6
Majestic,Silk,6 x 9,Vertical,Rectangle,16PT C2S,Spot UV,Silk,Spot UV Front,4/0 (4 color front),1000,Score in Half,No Gift Cards Slits,Yes 5000 Envelopes A6
Majestic,Silk,6 x 9,Horizontal,Rectangle,16PT C2S,Spot UV,Silk,Spot UV Front,4/0 (4 color front),1000,Score in Half,No Gift Cards Slits,Yes 5000 Envelopes A6
Majestic,Silk,6 x 9,Vertical,Rectangle,16PT C2S,Spot UV,Silk,Spot UV Front,4/0 (4 color front),2500,Score in Half,No Gift Cards Slits,Yes 5000 Envelopes A6
Majestic,Silk,6 x 9,Horizontal,Rectangle,16PT C2S,Spot UV,Silk,Spot UV Front,4/0 (4 color front),5000,Score in Half,No Gift Cards Slits,Yes 5000 Envelopes A6
Majestic,Silk,6 x 9,Vertical,Rectangle,16PT C2S,Spot UV,Silk,Spot UV Front,4/0 (4 color front),5000,Score in Half,No Gift Cards Slits,Yes 5000 Envelopes A6
Majestic,Silk,6 x 9,Horizontal,Rectangle,16PT C2S,Spot UV,Silk,Spot UV Front,4/0 (4 color front),2500,Score in Half,No Gift Cards Slits,Yes 5000 Envelopes A6
Majestic,Silk,6 x 9,Vertical,Rectangle,16PT C2S,Spot UV,Silk,Spot UV Front,4/0 (4 color front),10000,Score in Half,No Gift Cards Slits,Yes 5000 Envelopes A6
Majestic,Silk,6 x 9,Horizontal,Rectangle,16PT C2S,Spot UV,Silk,Spot UV Front,4/0 (4 color front),500,Score in Half,Slide Slits Bottom Panel,Yes 5000 Envelopes A6
Majestic,Silk,6 x 9,Vertical,Rectangle,16PT C2S,Spot UV,Silk,Spot UV Front,4/0 (4 color front),500,Score in Half,Slide Slits Bottom Panel,Yes 5000 Envelopes A6
Majestic,Silk,6 x 9,Vertical,Rectangle,16PT C2S,Spot UV,Silk,Spot UV Front,4/0 (4 color front),1000,Score in Half,Slide Slits Bottom Panel,Yes 5000 Envelopes A6
Majestic,Silk,6 x 9,Horizontal,Rectangle,16PT C2S,Spot UV,Silk,Spot UV Front,4/0 (4 color front),2500,Score in Half,Slide Slits Bottom Panel,Yes 5000 Envelopes A6
Majestic,Silk,6 x 9,Horizontal,Rectangle,16PT C2S,Spot UV,Silk,Spot UV Front,4/0 (4 color front),10000,Score in Half,No Gift Cards Slits,Yes 5000 Envelopes A6
Majestic,Silk,6 x 9,Horizontal,Rectangle,16PT C2S,Spot UV,Silk,Spot UV Front,4/0 (4 color front),1000,Score in Half,Slide Slits Bottom Panel,Yes 5000 Envelopes A6
Majestic,Silk,6 x 9,Vertical,Rectangle,16PT C2S,Spot UV,Silk,Spot UV Front,4/0 (4 color front),2500,Score in Half,Slide Slits Bottom Panel,Yes 5000 Envelopes A6
Majestic,Silk,6 x 9,Vertical,Rectangle,16PT C2S,Spot UV,Silk,Spot UV Front,4/0 (4 color front),5000,Score in Half,Slide Slits Bottom Panel,Yes 5000 Envelopes A6
Majestic,Silk,6 x 9,Vertical,Rectangle,16PT C2S,Spot UV,Silk,Spot UV Front,4/0 (4 color front),10000,Score in Half,Slide Slits Bottom Panel,Yes 5000 Envelopes A6
Majestic,Silk,6 x 9,Horizontal,Rectangle,16PT C2S,Spot UV,Silk,Spot UV Front,4/0 (4 color front),5000,Score in Half,Slide Slits Bottom Panel,Yes 5000 Envelopes A6
Majestic,Silk,6 x 9,Horizontal,Rectangle,16PT C2S,Spot UV,Silk,Spot UV Front,4/0 (4 color front),500,Score in Half,Slide Slits Right Panel,Yes 5000 Envelopes A6
Majestic,Silk,6 x 9,Vertical,Rectangle,16PT C2S,Spot UV,Silk,Spot UV Front,4/0 (4 color front),500,Score in Half,Slide Slits Right Panel,Yes 5000 Envelopes A6
Majestic,Silk,6 x 9,Vertical,Rectangle,16PT C2S,Spot UV,Silk,Spot UV Front,4/0 (4 color front),1000,Score in Half,Slide Slits Right Panel,Yes 5000 Envelopes A6
Majestic,Silk,6 x 9,Vertical,Rectangle,16PT C2S,Spot UV,Silk,Spot UV Front,4/0 (4 color front),2500,Score in Half,Slide Slits Right Panel,Yes 5000 Envelopes A6
Majestic,Silk,6 x 9,Horizontal,Rectangle,16PT C2S,Spot UV,Silk,Spot UV Front,4/0 (4 color front),2500,Score in Half,Slide Slits Right Panel,Yes 5000 Envelopes A6
Majestic,Silk,6 x 9,Horizontal,Rectangle,16PT C2S,Spot UV,Silk,Spot UV Front,4/0 (4 color front),1000,Score in Half,Slide Slits Right Panel,Yes 5000 Envelopes A6
Majestic,Silk,6 x 9,Horizontal,Rectangle,16PT C2S,Spot UV,Silk,Spot UV Front,4/0 (4 color front),10000,Score in Half,Slide Slits Bottom Panel,Yes 5000 Envelopes A6
Majestic,Silk,6 x 9,Horizontal,Rectangle,16PT C2S,Spot UV,Silk,Spot UV Front,4/0 (4 color front),5000,Score in Half,Slide Slits Right Panel,Yes 5000 Envelopes A6
Majestic,Silk,6 x 9,Vertical,Rectangle,16PT C2S,Spot UV,Silk,Spot UV Front,4/0 (4 color front),10000,Score in Half,Slide Slits Right Panel,Yes 5000 Envelopes A6
Majestic,Silk,6 x 9,Horizontal,Rectangle,16PT C2S,Spot UV,Silk,Spot UV Front,4/0 (4 color front),10000,Score in Half,Slide Slits Right Panel,Yes 5000 Envelopes A6
Majestic,Silk,6 x 9,Vertical,Rectangle,16PT C2S,Spot UV,Silk,Spot UV Front,4/0 (4 color front),500,Score in Half,Moon Slits Bottom Panel,Yes 10000 Envelopes A6
Majestic,Silk,6 x 9,Horizontal,Rectangle,16PT C2S,Spot UV,Silk,Spot UV Front,4/0 (4 color front),500,Score in Half,Moon Slits Bottom Panel,Yes 10000 Envelopes A6
Majestic,Silk,6 x 9,Horizontal,Rectangle,16PT C2S,Spot UV,Silk,Spot UV Front,4/0 (4 color front),1000,Score in Half,Moon Slits Bottom Panel,Yes 10000 Envelopes A6
Majestic,Silk,6 x 9,Vertical,Rectangle,16PT C2S,Spot UV,Silk,Spot UV Front,4/0 (4 color front),1000,Score in Half,Moon Slits Bottom Panel,Yes 10000 Envelopes A6
Majestic,Silk,6 x 9,Vertical,Rectangle,16PT C2S,Spot UV,Silk,Spot UV Front,4/0 (4 color front),2500,Score in Half,Moon Slits Bottom Panel,Yes 10000 Envelopes A6
Majestic,Silk,6 x 9,Horizontal,Rectangle,16PT C2S,Spot UV,Silk,Spot UV Front,4/0 (4 color front),5000,Score in Half,Moon Slits Bottom Panel,Yes 10000 Envelopes A6
Majestic,Silk,6 x 9,Horizontal,Rectangle,16PT C2S,Spot UV,Silk,Spot UV Front,4/0 (4 color front),2500,Score in Half,Moon Slits Bottom Panel,Yes 10000 Envelopes A6
Majestic,Silk,6 x 9,Vertical,Rectangle,16PT C2S,Spot UV,Silk,Spot UV Front,4/0 (4 color front),5000,Score in Half,Moon Slits Bottom Panel,Yes 10000 Envelopes A6
Majestic,Silk,6 x 9,Horizontal,Rectangle,16PT C2S,Spot UV,Silk,Spot UV Front,4/0 (4 color front),1000,Score in Half,Slide Slits Right Panel,Yes 500 Envelopes A6
Majestic,Silk,6 x 9,Horizontal,Rectangle,16PT C2S,Spot UV,Silk,Spot UV Front,4/0 (4 color front),10000,Score in Half,Moon Slits Bottom Panel,Yes 10000 Envelopes A6
Majestic,Silk,6 x 9,Vertical,Rectangle,16PT C2S,Spot UV,Silk,Spot UV Front,4/0 (4 color front),10000,Score in Half,Moon Slits Bottom Panel,Yes 10000 Envelopes A6
Majestic,Silk,6 x 9,Horizontal,Rectangle,16PT C2S,Spot UV,Silk,Spot UV Front,4/0 (4 color front),500,Score in Half,Moon Slits Right Panel,Yes 10000 Envelopes A6
Majestic,Silk,6 x 9,Horizontal,Rectangle,16PT C2S,Spot UV,Silk,Spot UV Front,4/0 (4 color front),1000,Score in Half,Moon Slits Right Panel,Yes 10000 Envelopes A6
Majestic,Silk,6 x 9,Vertical,Rectangle,16PT C2S,Spot UV,Silk,Spot UV Front,4/0 (4 color front),1000,Score in Half,Moon Slits Right Panel,Yes 10000 Envelopes A6
Majestic,Silk,6 x 9,Horizontal,Rectangle,16PT C2S,Spot UV,Silk,Spot UV Front,4/0 (4 color front),2500,Score in Half,Moon Slits Right Panel,Yes 10000 Envelopes A6
Majestic,Silk,6 x 9,Vertical,Rectangle,16PT C2S,Spot UV,Silk,Spot UV Front,4/0 (4 color front),2500,Score in Half,Moon Slits Right Panel,Yes 10000 Envelopes A6
Majestic,Silk,6 x 9,Vertical,Rectangle,16PT C2S,Spot UV,Silk,Spot UV Front,4/0 (4 color front),5000,Score in Half,Slide Slits Right Panel,Yes 5000 Envelopes A6
Majestic,Silk,6 x 9,Horizontal,Rectangle,16PT C2S,Spot UV,Silk,Spot UV Front,4/0 (4 color front),5000,Score in Half,Moon Slits Right Panel,Yes 10000 Envelopes A6
Majestic,Silk,6 x 9,Vertical,Rectangle,16PT C2S,Spot UV,Silk,Spot UV Front,4/0 (4 color front),5000,Score in Half,Moon Slits Right Panel,Yes 10000 Envelopes A6
Majestic,Silk,6 x 9,Horizontal,Rectangle,16PT C2S,Spot UV,Silk,Spot UV Front,4/0 (4 color front),10000,Score in Half,Moon Slits Right Panel,Yes 10000 Envelopes A6
Majestic,Silk,6 x 9,Horizontal,Rectangle,16PT C2S,Spot UV,Silk,Spot UV Front,4/0 (4 color front),500,Score in Half,No Gift Cards Slits,Yes 10000 Envelopes A6
Majestic,Silk,6 x 9,Vertical,Rectangle,16PT C2S,Spot UV,Silk,Spot UV Front,4/0 (4 color front),10000,Score in Half,Moon Slits Right Panel,Yes 10000 Envelopes A6
Majestic,Silk,6 x 9,Vertical,Rectangle,16PT C2S,Spot UV,Silk,Spot UV Front,4/0 (4 color front),500,Score in Half,No Gift Cards Slits,Yes 10000 Envelopes A6
Majestic,Silk,6 x 9,Horizontal,Rectangle,16PT C2S,Spot UV,Silk,Spot UV Front,4/0 (4 color front),1000,Score in Half,No Gift Cards Slits,Yes 10000 Envelopes A6
Majestic,Silk,6 x 9,Horizontal,Rectangle,16PT C2S,Spot UV,Silk,Spot UV Front,4/0 (4 color front),2500,Score in Half,No Gift Cards Slits,Yes 10000 Envelopes A6
Majestic,Silk,6 x 9,Vertical,Rectangle,16PT C2S,Spot UV,Silk,Spot UV Front,4/0 (4 color front),1000,Score in Half,No Gift Cards Slits,Yes 10000 Envelopes A6
Majestic,Silk,6 x 9,Vertical,Rectangle,16PT C2S,Spot UV,Silk,Spot UV Front,4/0 (4 color front),2500,Score in Half,No Gift Cards Slits,Yes 10000 Envelopes A6
Majestic,Silk,6 x 9,Horizontal,Rectangle,16PT C2S,Spot UV,Silk,Spot UV Front,4/0 (4 color front),5000,Score in Half,No Gift Cards Slits,Yes 10000 Envelopes A6
Majestic,Silk,6 x 9,Vertical,Rectangle,16PT C2S,Spot UV,Silk,Spot UV Front,4/0 (4 color front),5000,Score in Half,No Gift Cards Slits,Yes 10000 Envelopes A6
Majestic,Silk,6 x 9,Horizontal,Rectangle,16PT C2S,Spot UV,Silk,Spot UV Front,4/0 (4 color front),10000,Score in Half,No Gift Cards Slits,Yes 10000 Envelopes A6
Majestic,Silk,6 x 9,Vertical,Rectangle,16PT C2S,Spot UV,Silk,Spot UV Front,4/0 (4 color front),10000,Score in Half,No Gift Cards Slits,Yes 10000 Envelopes A6
Majestic,Silk,6 x 9,Horizontal,Rectangle,16PT C2S,Spot UV,Silk,Spot UV Front,4/0 (4 color front),500,Score in Half,Slide Slits Bottom Panel,Yes 10000 Envelopes A6
Majestic,Silk,6 x 9,Vertical,Rectangle,16PT C2S,Spot UV,Silk,Spot UV Front,4/0 (4 color front),500,Score in Half,Slide Slits Bottom Panel,Yes 10000 Envelopes A6
Majestic,Silk,6 x 9,Horizontal,Rectangle,16PT C2S,Spot UV,Silk,Spot UV Front,4/0 (4 color front),1000,Score in Half,Slide Slits Bottom Panel,Yes 10000 Envelopes A6
Majestic,Silk,6 x 9,Vertical,Rectangle,16PT C2S,Spot UV,Silk,Spot UV Front,4/0 (4 color front),1000,Score in Half,Slide Slits Bottom Panel,Yes 10000 Envelopes A6
Majestic,Silk,6 x 9,Horizontal,Rectangle,16PT C2S,Spot UV,Silk,Spot UV Front,4/0 (4 color front),2500,Score in Half,Slide Slits Bottom Panel,Yes 10000 Envelopes A6
Majestic,Silk,6 x 9,Vertical,Rectangle,16PT C2S,Spot UV,Silk,Spot UV Front,4/0 (4 color front),2500,Score in Half,Slide Slits Bottom Panel,Yes 10000 Envelopes A6
Majestic,Silk,6 x 9,Horizontal,Rectangle,16PT C2S,Spot UV,Silk,Spot UV Front,4/0 (4 color front),5000,Score in Half,Slide Slits Bottom Panel,Yes 10000 Envelopes A6
Majestic,Silk,6 x 9,Vertical,Rectangle,16PT C2S,Spot UV,Silk,Spot UV Front,4/0 (4 color front),5000,Score in Half,Slide Slits Bottom Panel,Yes 10000 Envelopes A6
Majestic,Silk,6 x 9,Horizontal,Rectangle,16PT C2S,Spot UV,Silk,Spot UV Front,4/0 (4 color front),10000,Score in Half,Slide Slits Bottom Panel,Yes 10000 Envelopes A6
Majestic,Silk,6 x 9,Vertical,Rectangle,16PT C2S,Spot UV,Silk,Spot UV Front,4/0 (4 color front),10000,Score in Half,Slide Slits Bottom Panel,Yes 10000 Envelopes A6
Majestic,Silk,6 x 9,Horizontal,Rectangle,16PT C2S,Spot UV,Silk,Spot UV Front,4/0 (4 color front),500,Score in Half,Slide Slits Right Panel,Yes 10000 Envelopes A6
Majestic,Silk,6 x 9,Vertical,Rectangle,16PT C2S,Spot UV,Silk,Spot UV Front,4/0 (4 color front),500,Score in Half,Slide Slits Right Panel,Yes 10000 Envelopes A6
Majestic,Silk,6 x 9,Horizontal,Rectangle,16PT C2S,Spot UV,Silk,Spot UV Front,4/0 (4 color front),1000,Score in Half,Slide Slits Right Panel,Yes 10000 Envelopes A6
Majestic,Silk,6 x 9,Vertical,Rectangle,16PT C2S,Spot UV,Silk,Spot UV Front,4/0 (4 color front),1000,Score in Half,Slide Slits Right Panel,Yes 10000 Envelopes A6
Majestic,Silk,6 x 9,Horizontal,Rectangle,16PT C2S,Spot UV,Silk,Spot UV Front,4/0 (4 color front),2500,Score in Half,Slide Slits Right Panel,Yes 10000 Envelopes A6
Majestic,Silk,6 x 9,Vertical,Rectangle,16PT C2S,Spot UV,Silk,Spot UV Front,4/0 (4 color front),2500,Score in Half,Slide Slits Right Panel,Yes 10000 Envelopes A6
Majestic,Silk,6 x 9,Horizontal,Rectangle,16PT C2S,Spot UV,Silk,Spot UV Front,4/0 (4 color front),5000,Score in Half,Slide Slits Right Panel,Yes 10000 Envelopes A6
Majestic,Silk,6 x 9,Vertical,Rectangle,16PT C2S,Spot UV,Silk,Spot UV Front,4/0 (4 color front),5000,Score in Half,Slide Slits Right Panel,Yes 10000 Envelopes A6
Majestic,Silk,6 x 9,Vertical,Rectangle,16PT C2S,Spot UV,Silk,Spot UV Front,4/0 (4 color front),500,Score in Half,Moon Slits Right Panel,Yes 10000 Envelopes A6
Majestic,Silk,6 x 9,Vertical,Rectangle,16PT C2S,Spot UV,Silk,Spot UV Front,4/0 (4 color front),10000,Score in Half,Slide Slits Right Panel,Yes 10000 Envelopes A6
Majestic,Silk,6 x 12,Vertical,Rectangle,16PT C2S,Spot UV,Silk,Spot UV Front,4/1,500,Score in Half,Moon Slits Bottom Panel,Yes 500 Envelopes 6.5X6.5
Majestic,Silk,6 x 12,Horizontal,Rectangle,16PT C2S,Spot UV,Silk,Spot UV Front,4/1,500,Score in Half,Moon Slits Bottom Panel,Yes 500 Envelopes 6.5X6.5
Majestic,Silk,6 x 9,Vertical,Rectangle,16PT C2S,Spot UV,Silk,Spot UV Both Sides,4/1,2500,Score in Half,No Gift Cards Slits,Yes 5000 Envelopes A6
Majestic,Silk,6 x 12,Vertical,Rectangle,16PT C2S,Spot UV,Silk,Spot UV Both Sides,4/1,500,Score in Half,Moon Slits Bottom Panel,Yes 500 Envelopes 6.5X6.5
Majestic,Silk,6 x 12,Horizontal,Rectangle,16PT C2S,Spot UV,Silk,Spot UV Front,4/4 (4 color both sides),500,Score in Half,Moon Slits Bottom Panel,Yes 500 Envelopes 6.5X6.5
Majestic,Silk,6 x 12,Horizontal,Rectangle,16PT C2S,Spot UV,Silk,Spot UV Back,4/1,500,Score in Half,Moon Slits Bottom Panel,Yes 500 Envelopes 6.5X6.5
Majestic,Silk,6 x 12,Vertical,Rectangle,16PT C2S,Spot UV,Silk,Spot UV Back,4/1,500,Score in Half,Moon Slits Bottom Panel,Yes 500 Envelopes 6.5X6.5
Majestic,Silk,6 x 12,Vertical,Rectangle,16PT C2S,Spot UV,Silk,Spot UV Front,4/4 (4 color both sides),500,Score in Half,Moon Slits Bottom Panel,Yes 500 Envelopes 6.5X6.5
Majestic,Silk,6 x 12,Horizontal,Rectangle,16PT C2S,Spot UV,Silk,Spot UV Back,4/4 (4 color both sides),500,Score in Half,Moon Slits Bottom Panel,Yes 500 Envelopes 6.5X6.5
Majestic,Silk,6 x 12,Vertical,Rectangle,16PT C2S,Spot UV,Silk,Spot UV Back,4/4 (4 color both sides),500,Score in Half,Moon Slits Bottom Panel,Yes 500 Envelopes 6.5X6.5
Majestic,Silk,6 x 12,Vertical,Rectangle,16PT C2S,Spot UV,Silk,Spot UV Both Sides,4/4 (4 color both sides),500,Score in Half,Moon Slits Bottom Panel,Yes 500 Envelopes 6.5X6.5
Majestic,Silk,6 x 12,Horizontal,Rectangle,16PT C2S,Spot UV,Silk,Spot UV Both Sides,4/4 (4 color both sides),500,Score in Half,Moon Slits Bottom Panel,Yes 500 Envelopes 6.5X6.5
Majestic,Silk,6 x 12,Horizontal,Rectangle,16PT C2S,Spot UV,Silk,Spot UV Front,4/1,1000,Score in Half,Moon Slits Bottom Panel,Yes 500 Envelopes 6.5X6.5
Majestic,Silk,6 x 12,Vertical,Rectangle,16PT C2S,Spot UV,Silk,Spot UV Front,4/1,1000,Score in Half,Moon Slits Bottom Panel,Yes 500 Envelopes 6.5X6.5
Majestic,Silk,6 x 12,Horizontal,Rectangle,16PT C2S,Spot UV,Silk,Spot UV Back,4/1,1000,Score in Half,Moon Slits Bottom Panel,Yes 500 Envelopes 6.5X6.5
Majestic,Silk,6 x 12,Vertical,Rectangle,16PT C2S,Spot UV,Silk,Spot UV Back,4/1,1000,Score in Half,Moon Slits Bottom Panel,Yes 500 Envelopes 6.5X6.5
Majestic,Silk,6 x 12,Horizontal,Rectangle,16PT C2S,Spot UV,Silk,Spot UV Both Sides,4/1,1000,Score in Half,Moon Slits Bottom Panel,Yes 500 Envelopes 6.5X6.5
Majestic,Silk,6 x 12,Vertical,Rectangle,16PT C2S,Spot UV,Silk,Spot UV Both Sides,4/1,1000,Score in Half,Moon Slits Bottom Panel,Yes 500 Envelopes 6.5X6.5
Majestic,Silk,6 x 12,Horizontal,Rectangle,16PT C2S,Spot UV,Silk,Spot UV Front,4/4 (4 color both sides),1000,Score in Half,Moon Slits Bottom Panel,Yes 500 Envelopes 6.5X6.5
Majestic,Silk,6 x 12,Vertical,Rectangle,16PT C2S,Spot UV,Silk,Spot UV Front,4/4 (4 color both sides),1000,Score in Half,Moon Slits Bottom Panel,Yes 500 Envelopes 6.5X6.5
Majestic,Silk,6 x 12,Horizontal,Rectangle,16PT C2S,Spot UV,Silk,Spot UV Back,4/4 (4 color both sides),1000,Score in Half,Moon Slits Bottom Panel,Yes 500 Envelopes 6.5X6.5
Majestic,Silk,6 x 12,Vertical,Rectangle,16PT C2S,Spot UV,Silk,Spot UV Back,4/4 (4 color both sides),1000,Score in Half,Moon Slits Bottom Panel,Yes 500 Envelopes 6.5X6.5
Majestic,Silk,6 x 12,Horizontal,Rectangle,16PT C2S,Spot UV,Silk,Spot UV Both Sides,4/4 (4 color both sides),1000,Score in Half,Moon Slits Bottom Panel,Yes 500 Envelopes 6.5X6.5
Majestic,Silk,6 x 12,Horizontal,Rectangle,16PT C2S,Spot UV,Silk,Spot UV Front,4/1,2500,Score in Half,Moon Slits Bottom Panel,Yes 500 Envelopes 6.5X6.5
Majestic,Silk,6 x 12,Vertical,Rectangle,16PT C2S,Spot UV,Silk,Spot UV Both Sides,4/4 (4 color both sides),1000,Score in Half,Moon Slits Bottom Panel,Yes 500 Envelopes 6.5X6.5
Majestic,Silk,6 x 12,Vertical,Rectangle,16PT C2S,Spot UV,Silk,Spot UV Front,4/1,2500,Score in Half,Moon Slits Bottom Panel,Yes 500 Envelopes 6.5X6.5
Majestic,Silk,6 x 12,Horizontal,Rectangle,16PT C2S,Spot UV,Silk,Spot UV Back,4/1,2500,Score in Half,Moon Slits Bottom Panel,Yes 500 Envelopes 6.5X6.5
Majestic,Silk,6 x 12,Vertical,Rectangle,16PT C2S,Spot UV,Silk,Spot UV Back,4/1,2500,Score in Half,Moon Slits Bottom Panel,Yes 500 Envelopes 6.5X6.5
Majestic,Silk,6 x 12,Horizontal,Rectangle,16PT C2S,Spot UV,Silk,Spot UV Both Sides,4/1,2500,Score in Half,Moon Slits Bottom Panel,Yes 500 Envelopes 6.5X6.5
Majestic,Silk,6 x 12,Vertical,Rectangle,16PT C2S,Spot UV,Silk,Spot UV Both Sides,4/1,2500,Score in Half,Moon Slits Bottom Panel,Yes 500 Envelopes 6.5X6.5
Majestic,Silk,6 x 12,Horizontal,Rectangle,16PT C2S,Spot UV,Silk,Spot UV Front,4/4 (4 color both sides),2500,Score in Half,Moon Slits Bottom Panel,Yes 500 Envelopes 6.5X6.5
Majestic,Silk,6 x 12,Horizontal,Rectangle,16PT C2S,Spot UV,Silk,Spot UV Back,4/4 (4 color both sides),2500,Score in Half,Moon Slits Bottom Panel,Yes 500 Envelopes 6.5X6.5
Majestic,Silk,6 x 12,Vertical,Rectangle,16PT C2S,Spot UV,Silk,Spot UV Front,4/4 (4 color both sides),2500,Score in Half,Moon Slits Bottom Panel,Yes 500 Envelopes 6.5X6.5
Majestic,Silk,6 x 12,Vertical,Rectangle,16PT C2S,Spot UV,Silk,Spot UV Back,4/4 (4 color both sides),2500,Score in Half,Moon Slits Bottom Panel,Yes 500 Envelopes 6.5X6.5
Majestic,Silk,6 x 12,Horizontal,Rectangle,16PT C2S,Spot UV,Silk,Spot UV Both Sides,4/4 (4 color both sides),2500,Score in Half,Moon Slits Bottom Panel,Yes 500 Envelopes 6.5X6.5
Majestic,Silk,6 x 12,Vertical,Rectangle,16PT C2S,Spot UV,Silk,Spot UV Both Sides,4/4 (4 color both sides),2500,Score in Half,Moon Slits Bottom Panel,Yes 500 Envelopes 6.5X6.5
Majestic,Silk,6 x 12,Horizontal,Rectangle,16PT C2S,Spot UV,Silk,Spot UV Front,4/1,5000,Score in Half,Moon Slits Bottom Panel,Yes 500 Envelopes 6.5X6.5
Majestic,Silk,6 x 12,Vertical,Rectangle,16PT C2S,Spot UV,Silk,Spot UV Front,4/1,5000,Score in Half,Moon Slits Bottom Panel,Yes 500 Envelopes 6.5X6.5
Majestic,Silk,6 x 12,Horizontal,Rectangle,16PT C2S,Spot UV,Silk,Spot UV Both Sides,4/1,500,Score in Half,Moon Slits Bottom Panel,Yes 500 Envelopes 6.5X6.5
Majestic,Silk,6 x 12,Vertical,Rectangle,16PT C2S,Spot UV,Silk,Spot UV Back,4/1,5000,Score in Half,Moon Slits Bottom Panel,Yes 500 Envelopes 6.5X6.5
Majestic,Silk,6 x 12,Horizontal,Rectangle,16PT C2S,Spot UV,Silk,Spot UV Both Sides,4/1,5000,Score in Half,Moon Slits Bottom Panel,Yes 500 Envelopes 6.5X6.5
Majestic,Silk,6 x 12,Vertical,Rectangle,16PT C2S,Spot UV,Silk,Spot UV Both Sides,4/1,5000,Score in Half,Moon Slits Bottom Panel,Yes 500 Envelopes 6.5X6.5
Majestic,Silk,6 x 12,Vertical,Rectangle,16PT C2S,Spot UV,Silk,Spot UV Front,4/4 (4 color both sides),5000,Score in Half,Moon Slits Bottom Panel,Yes 500 Envelopes 6.5X6.5
Majestic,Silk,6 x 12,Horizontal,Rectangle,16PT C2S,Spot UV,Silk,Spot UV Front,4/4 (4 color both sides),5000,Score in Half,Moon Slits Bottom Panel,Yes 500 Envelopes 6.5X6.5
Majestic,Silk,6 x 12,Horizontal,Rectangle,16PT C2S,Spot UV,Silk,Spot UV Back,4/4 (4 color both sides),5000,Score in Half,Moon Slits Bottom Panel,Yes 500 Envelopes 6.5X6.5
Majestic,Silk,6 x 12,Vertical,Rectangle,16PT C2S,Spot UV,Silk,Spot UV Back,4/4 (4 color both sides),5000,Score in Half,Moon Slits Bottom Panel,Yes 500 Envelopes 6.5X6.5
Majestic,Silk,6 x 12,Horizontal,Rectangle,16PT C2S,Spot UV,Silk,Spot UV Both Sides,4/4 (4 color both sides),5000,Score in Half,Moon Slits Bottom Panel,Yes 500 Envelopes 6.5X6.5
Majestic,Silk,6 x 12,Vertical,Rectangle,16PT C2S,Spot UV,Silk,Spot UV Both Sides,4/4 (4 color both sides),5000,Score in Half,Moon Slits Bottom Panel,Yes 500 Envelopes 6.5X6.5
Majestic,Silk,6 x 12,Horizontal,Rectangle,16PT C2S,Spot UV,Silk,Spot UV Front,4/1,10000,Score in Half,Moon Slits Bottom Panel,Yes 500 Envelopes 6.5X6.5
Majestic,Silk,6 x 12,Vertical,Rectangle,16PT C2S,Spot UV,Silk,Spot UV Front,4/1,10000,Score in Half,Moon Slits Bottom Panel,Yes 500 Envelopes 6.5X6.5
Majestic,Silk,6 x 12,Horizontal,Rectangle,16PT C2S,Spot UV,Silk,Spot UV Back,4/1,10000,Score in Half,Moon Slits Bottom Panel,Yes 500 Envelopes 6.5X6.5
Majestic,Silk,6 x 12,Vertical,Rectangle,16PT C2S,Spot UV,Silk,Spot UV Back,4/1,10000,Score in Half,Moon Slits Bottom Panel,Yes 500 Envelopes 6.5X6.5
Majestic,Silk,6 x 12,Horizontal,Rectangle,16PT C2S,Spot UV,Silk,Spot UV Both Sides,4/1,10000,Score in Half,Moon Slits Bottom Panel,Yes 500 Envelopes 6.5X6.5
Majestic,Silk,6 x 12,Vertical,Rectangle,16PT C2S,Spot UV,Silk,Spot UV Both Sides,4/1,10000,Score in Half,Moon Slits Bottom Panel,Yes 500 Envelopes 6.5X6.5
Majestic,Silk,6 x 12,Horizontal,Rectangle,16PT C2S,Spot UV,Silk,Spot UV Front,4/4 (4 color both sides),10000,Score in Half,Moon Slits Bottom Panel,Yes 500 Envelopes 6.5X6.5
Majestic,Silk,6 x 12,Vertical,Rectangle,16PT C2S,Spot UV,Silk,Spot UV Front,4/4 (4 color both sides),10000,Score in Half,Moon Slits Bottom Panel,Yes 500 Envelopes 6.5X6.5
Majestic,Silk,6 x 12,Horizontal,Rectangle,16PT C2S,Spot UV,Silk,Spot UV Both Sides,4/4 (4 color both sides),10000,Score in Half,Moon Slits Bottom Panel,Yes 500 Envelopes 6.5X6.5
Majestic,Silk,6 x 12,Vertical,Rectangle,16PT C2S,Spot UV,Silk,Spot UV Both Sides,4/4 (4 color both sides),10000,Score in Half,Moon Slits Bottom Panel,Yes 500 Envelopes 6.5X6.5
Majestic,Silk,6 x 12,Vertical,Rectangle,16PT C2S,Spot UV,Silk,Spot UV Back,4/4 (4 color both sides),10000,Score in Half,Moon Slits Bottom Panel,Yes 500 Envelopes 6.5X6.5
Majestic,Silk,6 x 9,Horizontal,Rectangle,16PT C2S,Spot UV,Silk,Spot UV Front,4/0 (4 color front),10000,Score in Half,Slide Slits Right Panel,Yes 10000 Envelopes A6
Majestic,Silk,6 x 12,Horizontal,Rectangle,16PT C2S,Spot UV,Silk,Spot UV Back,4/4 (4 color both sides),10000,Score in Half,Moon Slits Bottom Panel,Yes 500 Envelopes 6.5X6.5
Majestic,Silk,6 x 12,Vertical,Rectangle,16PT C2S,Spot UV,Silk,Spot UV Front,4/1,500,Score in Half,Moon Slits Right Panel,Yes 500 Envelopes 6.5X6.5
Majestic,Silk,6 x 12,Horizontal,Rectangle,16PT C2S,Spot UV,Silk,Spot UV Back,4/1,5000,Score in Half,Moon Slits Bottom Panel,Yes 500 Envelopes 6.5X6.5
Majestic,Silk,6 x 12,Horizontal,Rectangle,16PT C2S,Spot UV,Silk,Spot UV Back,4/1,500,Score in Half,Moon Slits Right Panel,Yes 500 Envelopes 6.5X6.5
Majestic,Silk,6 x 12,Vertical,Rectangle,16PT C2S,Spot UV,Silk,Spot UV Back,4/1,500,Score in Half,Moon Slits Right Panel,Yes 500 Envelopes 6.5X6.5
Majestic,Silk,6 x 12,Vertical,Rectangle,16PT C2S,Spot UV,Silk,Spot UV Both Sides,4/1,500,Score in Half,Moon Slits Right Panel,Yes 500 Envelopes 6.5X6.5
Majestic,Silk,6 x 12,Horizontal,Rectangle,16PT C2S,Spot UV,Silk,Spot UV Front,4/4 (4 color both sides),500,Score in Half,Moon Slits Right Panel,Yes 500 Envelopes 6.5X6.5
Majestic,Silk,6 x 12,Vertical,Rectangle,16PT C2S,Spot UV,Silk,Spot UV Front,4/4 (4 color both sides),500,Score in Half,Moon Slits Right Panel,Yes 500 Envelopes 6.5X6.5
Majestic,Silk,6 x 12,Vertical,Rectangle,16PT C2S,Spot UV,Silk,Spot UV Back,4/4 (4 color both sides),500,Score in Half,Moon Slits Right Panel,Yes 500 Envelopes 6.5X6.5
Majestic,Silk,6 x 12,Horizontal,Rectangle,16PT C2S,Spot UV,Silk,Spot UV Back,4/4 (4 color both sides),500,Score in Half,Moon Slits Right Panel,Yes 500 Envelopes 6.5X6.5
Majestic,Silk,6 x 12,Horizontal,Rectangle,16PT C2S,Spot UV,Silk,Spot UV Both Sides,4/4 (4 color both sides),500,Score in Half,Moon Slits Right Panel,Yes 500 Envelopes 6.5X6.5
Majestic,Silk,6 x 12,Horizontal,Rectangle,16PT C2S,Spot UV,Silk,Spot UV Front,4/1,1000,Score in Half,Moon Slits Right Panel,Yes 500 Envelopes 6.5X6.5
Majestic,Silk,6 x 12,Vertical,Rectangle,16PT C2S,Spot UV,Silk,Spot UV Both Sides,4/4 (4 color both sides),500,Score in Half,Moon Slits Right Panel,Yes 500 Envelopes 6.5X6.5
Majestic,Silk,6 x 12,Vertical,Rectangle,16PT C2S,Spot UV,Silk,Spot UV Front,4/1,1000,Score in Half,Moon Slits Right Panel,Yes 500 Envelopes 6.5X6.5
Majestic,Silk,6 x 12,Vertical,Rectangle,16PT C2S,Spot UV,Silk,Spot UV Back,4/1,1000,Score in Half,Moon Slits Right Panel,Yes 500 Envelopes 6.5X6.5
Majestic,Silk,6 x 12,Horizontal,Rectangle,16PT C2S,Spot UV,Silk,Spot UV Back,4/1,1000,Score in Half,Moon Slits Right Panel,Yes 500 Envelopes 6.5X6.5
Majestic,Silk,6 x 12,Horizontal,Rectangle,16PT C2S,Spot UV,Silk,Spot UV Front,4/4 (4 color both sides),1000,Score in Half,Moon Slits Right Panel,Yes 500 Envelopes 6.5X6.5
Majestic,Silk,6 x 12,Vertical,Rectangle,16PT C2S,Spot UV,Silk,Spot UV Front,4/4 (4 color both sides),1000,Score in Half,Moon Slits Right Panel,Yes 500 Envelopes 6.5X6.5
Majestic,Silk,6 x 12,Vertical,Rectangle,16PT C2S,Spot UV,Silk,Spot UV Both Sides,4/1,1000,Score in Half,Moon Slits Right Panel,Yes 500 Envelopes 6.5X6.5
Majestic,Silk,6 x 12,Horizontal,Rectangle,16PT C2S,Spot UV,Silk,Spot UV Both Sides,4/1,1000,Score in Half,Moon Slits Right Panel,Yes 500 Envelopes 6.5X6.5
Majestic,Silk,6 x 12,Horizontal,Rectangle,16PT C2S,Spot UV,Silk,Spot UV Back,4/4 (4 color both sides),1000,Score in Half,Moon Slits Right Panel,Yes 500 Envelopes 6.5X6.5
Majestic,Silk,6 x 12,Vertical,Rectangle,16PT C2S,Spot UV,Silk,Spot UV Back,4/4 (4 color both sides),1000,Score in Half,Moon Slits Right Panel,Yes 500 Envelopes 6.5X6.5
Majestic,Silk,6 x 12,Horizontal,Rectangle,16PT C2S,Spot UV,Silk,Spot UV Both Sides,4/4 (4 color both sides),1000,Score in Half,Moon Slits Right Panel,Yes 500 Envelopes 6.5X6.5
Majestic,Silk,6 x 12,Vertical,Rectangle,16PT C2S,Spot UV,Silk,Spot UV Both Sides,4/4 (4 color both sides),1000,Score in Half,Moon Slits Right Panel,Yes 500 Envelopes 6.5X6.5
Majestic,Silk,6 x 12,Horizontal,Rectangle,16PT C2S,Spot UV,Silk,Spot UV Front,4/1,2500,Score in Half,Moon Slits Right Panel,Yes 500 Envelopes 6.5X6.5
Majestic,Silk,6 x 12,Vertical,Rectangle,16PT C2S,Spot UV,Silk,Spot UV Front,4/1,2500,Score in Half,Moon Slits Right Panel,Yes 500 Envelopes 6.5X6.5
Majestic,Silk,6 x 12,Horizontal,Rectangle,16PT C2S,Spot UV,Silk,Spot UV Back,4/1,2500,Score in Half,Moon Slits Right Panel,Yes 500 Envelopes 6.5X6.5
Majestic,Silk,6 x 12,Horizontal,Rectangle,16PT C2S,Spot UV,Silk,Spot UV Both Sides,4/1,2500,Score in Half,Moon Slits Right Panel,Yes 500 Envelopes 6.5X6.5
Majestic,Silk,6 x 12,Vertical,Rectangle,16PT C2S,Spot UV,Silk,Spot UV Back,4/1,2500,Score in Half,Moon Slits Right Panel,Yes 500 Envelopes 6.5X6.5
Majestic,Silk,6 x 12,Vertical,Rectangle,16PT C2S,Spot UV,Silk,Spot UV Both Sides,4/1,2500,Score in Half,Moon Slits Right Panel,Yes 500 Envelopes 6.5X6.5
Majestic,Silk,6 x 12,Horizontal,Rectangle,16PT C2S,Spot UV,Silk,Spot UV Front,4/4 (4 color both sides),2500,Score in Half,Moon Slits Right Panel,Yes 500 Envelopes 6.5X6.5
Majestic,Silk,6 x 12,Vertical,Rectangle,16PT C2S,Spot UV,Silk,Spot UV Front,4/4 (4 color both sides),2500,Score in Half,Moon Slits Right Panel,Yes 500 Envelopes 6.5X6.5
Majestic,Silk,6 x 12,Horizontal,Rectangle,16PT C2S,Spot UV,Silk,Spot UV Back,4/4 (4 color both sides),2500,Score in Half,Moon Slits Right Panel,Yes 500 Envelopes 6.5X6.5
Majestic,Silk,6 x 12,Vertical,Rectangle,16PT C2S,Spot UV,Silk,Spot UV Back,4/4 (4 color both sides),2500,Score in Half,Moon Slits Right Panel,Yes 500 Envelopes 6.5X6.5
Majestic,Silk,6 x 12,Horizontal,Rectangle,16PT C2S,Spot UV,Silk,Spot UV Both Sides,4/4 (4 color both sides),2500,Score in Half,Moon Slits Right Panel,Yes 500 Envelopes 6.5X6.5
Majestic,Silk,6 x 12,Vertical,Rectangle,16PT C2S,Spot UV,Silk,Spot UV Both Sides,4/4 (4 color both sides),2500,Score in Half,Moon Slits Right Panel,Yes 500 Envelopes 6.5X6.5
Majestic,Silk,6 x 12,Horizontal,Rectangle,16PT C2S,Spot UV,Silk,Spot UV Front,4/1,5000,Score in Half,Moon Slits Right Panel,Yes 500 Envelopes 6.5X6.5
Majestic,Silk,6 x 12,Vertical,Rectangle,16PT C2S,Spot UV,Silk,Spot UV Front,4/1,5000,Score in Half,Moon Slits Right Panel,Yes 500 Envelopes 6.5X6.5
Majestic,Silk,6 x 12,Horizontal,Rectangle,16PT C2S,Spot UV,Silk,Spot UV Back,4/1,5000,Score in Half,Moon Slits Right Panel,Yes 500 Envelopes 6.5X6.5
Majestic,Silk,6 x 12,Vertical,Rectangle,16PT C2S,Spot UV,Silk,Spot UV Back,4/1,5000,Score in Half,Moon Slits Right Panel,Yes 500 Envelopes 6.5X6.5
Majestic,Silk,6 x 12,Horizontal,Rectangle,16PT C2S,Spot UV,Silk,Spot UV Both Sides,4/1,5000,Score in Half,Moon Slits Right Panel,Yes 500 Envelopes 6.5X6.5
Majestic,Silk,6 x 12,Vertical,Rectangle,16PT C2S,Spot UV,Silk,Spot UV Both Sides,4/1,5000,Score in Half,Moon Slits Right Panel,Yes 500 Envelopes 6.5X6.5
Majestic,Silk,6 x 12,Horizontal,Rectangle,16PT C2S,Spot UV,Silk,Spot UV Front,4/4 (4 color both sides),5000,Score in Half,Moon Slits Right Panel,Yes 500 Envelopes 6.5X6.5
Majestic,Silk,6 x 12,Vertical,Rectangle,16PT C2S,Spot UV,Silk,Spot UV Front,4/4 (4 color both sides),5000,Score in Half,Moon Slits Right Panel,Yes 500 Envelopes 6.5X6.5
Majestic,Silk,6 x 12,Horizontal,Rectangle,16PT C2S,Spot UV,Silk,Spot UV Back,4/4 (4 color both sides),5000,Score in Half,Moon Slits Right Panel,Yes 500 Envelopes 6.5X6.5
Majestic,Silk,6 x 12,Vertical,Rectangle,16PT C2S,Spot UV,Silk,Spot UV Back,4/4 (4 color both sides),5000,Score in Half,Moon Slits Right Panel,Yes 500 Envelopes 6.5X6.5
Majestic,Silk,6 x 12,Horizontal,Rectangle,16PT C2S,Spot UV,Silk,Spot UV Both Sides,4/4 (4 color both sides),5000,Score in Half,Moon Slits Right Panel,Yes 500 Envelopes 6.5X6.5
Majestic,Silk,6 x 12,Vertical,Rectangle,16PT C2S,Spot UV,Silk,Spot UV Both Sides,4/4 (4 color both sides),5000,Score in Half,Moon Slits Right Panel,Yes 500 Envelopes 6.5X6.5
Majestic,Silk,6 x 12,Vertical,Rectangle,16PT C2S,Spot UV,Silk,Spot UV Front,4/1,10000,Score in Half,Moon Slits Right Panel,Yes 500 Envelopes 6.5X6.5
Majestic,Silk,6 x 12,Horizontal,Rectangle,16PT C2S,Spot UV,Silk,Spot UV Front,4/1,10000,Score in Half,Moon Slits Right Panel,Yes 500 Envelopes 6.5X6.5
Majestic,Silk,6 x 12,Horizontal,Rectangle,16PT C2S,Spot UV,Silk,Spot UV Back,4/1,10000,Score in Half,Moon Slits Right Panel,Yes 500 Envelopes 6.5X6.5
Majestic,Silk,6 x 12,Vertical,Rectangle,16PT C2S,Spot UV,Silk,Spot UV Back,4/1,10000,Score in Half,Moon Slits Right Panel,Yes 500 Envelopes 6.5X6.5
Majestic,Silk,6 x 12,Horizontal,Rectangle,16PT C2S,Spot UV,Silk,Spot UV Both Sides,4/1,10000,Score in Half,Moon Slits Right Panel,Yes 500 Envelopes 6.5X6.5
Majestic,Silk,6 x 12,Vertical,Rectangle,16PT C2S,Spot UV,Silk,Spot UV Both Sides,4/1,10000,Score in Half,Moon Slits Right Panel,Yes 500 Envelopes 6.5X6.5
Majestic,Silk,6 x 12,Horizontal,Rectangle,16PT C2S,Spot UV,Silk,Spot UV Front,4/4 (4 color both sides),10000,Score in Half,Moon Slits Right Panel,Yes 500 Envelopes 6.5X6.5
Majestic,Silk,6 x 12,Vertical,Rectangle,16PT C2S,Spot UV,Silk,Spot UV Front,4/4 (4 color both sides),10000,Score in Half,Moon Slits Right Panel,Yes 500 Envelopes 6.5X6.5
Majestic,Silk,6 x 12,Horizontal,Rectangle,16PT C2S,Spot UV,Silk,Spot UV Back,4/4 (4 color both sides),10000,Score in Half,Moon Slits Right Panel,Yes 500 Envelopes 6.5X6.5
Majestic,Silk,6 x 12,Vertical,Rectangle,16PT C2S,Spot UV,Silk,Spot UV Back,4/4 (4 color both sides),10000,Score in Half,Moon Slits Right Panel,Yes 500 Envelopes 6.5X6.5
Majestic,Silk,6 x 12,Horizontal,Rectangle,16PT C2S,Spot UV,Silk,Spot UV Both Sides,4/4 (4 color both sides),10000,Score in Half,Moon Slits Right Panel,Yes 500 Envelopes 6.5X6.5
Majestic,Silk,6 x 12,Vertical,Rectangle,16PT C2S,Spot UV,Silk,Spot UV Both Sides,4/4 (4 color both sides),10000,Score in Half,Moon Slits Right Panel,Yes 500 Envelopes 6.5X6.5
Majestic,Silk,6 x 12,Horizontal,Rectangle,16PT C2S,Spot UV,Silk,Spot UV Front,4/1,500,Score in Half,No Gift Cards Slits,Yes 500 Envelopes 6.5X6.5
Majestic,Silk,6 x 12,Vertical,Rectangle,16PT C2S,Spot UV,Silk,Spot UV Front,4/1,500,Score in Half,No Gift Cards Slits,Yes 500 Envelopes 6.5X6.5
Majestic,Silk,6 x 12,Horizontal,Rectangle,16PT C2S,Spot UV,Silk,Spot UV Back,4/1,500,Score in Half,No Gift Cards Slits,Yes 500 Envelopes 6.5X6.5
Majestic,Silk,6 x 12,Vertical,Rectangle,16PT C2S,Spot UV,Silk,Spot UV Back,4/1,500,Score in Half,No Gift Cards Slits,Yes 500 Envelopes 6.5X6.5
Majestic,Silk,6 x 12,Horizontal,Rectangle,16PT C2S,Spot UV,Silk,Spot UV Both Sides,4/1,500,Score in Half,No Gift Cards Slits,Yes 500 Envelopes 6.5X6.5
Majestic,Silk,6 x 12,Vertical,Rectangle,16PT C2S,Spot UV,Silk,Spot UV Front,4/4 (4 color both sides),500,Score in Half,No Gift Cards Slits,Yes 500 Envelopes 6.5X6.5
Majestic,Silk,6 x 12,Vertical,Rectangle,16PT C2S,Spot UV,Silk,Spot UV Both Sides,4/1,500,Score in Half,No Gift Cards Slits,Yes 500 Envelopes 6.5X6.5
Majestic,Silk,6 x 12,Horizontal,Rectangle,16PT C2S,Spot UV,Silk,Spot UV Front,4/4 (4 color both sides),500,Score in Half,No Gift Cards Slits,Yes 500 Envelopes 6.5X6.5
Majestic,Silk,6 x 12,Horizontal,Rectangle,16PT C2S,Spot UV,Silk,Spot UV Back,4/4 (4 color both sides),500,Score in Half,No Gift Cards Slits,Yes 500 Envelopes 6.5X6.5
Majestic,Silk,6 x 12,Horizontal,Rectangle,16PT C2S,Spot UV,Silk,Spot UV Front,4/1,500,Score in Half,Moon Slits Right Panel,Yes 500 Envelopes 6.5X6.5
Majestic,Silk,6 x 9,Horizontal,Rectangle,16PT C2S,Spot UV,Silk,Spot UV Front,4/0 (4 color front),1000,Score in Half,No Gift Cards Slits,Yes 500 Envelopes A6
Majestic,Silk,6 x 12,Vertical,Rectangle,16PT C2S,Spot UV,Silk,Spot UV Both Sides,4/4 (4 color both sides),500,Score in Half,No Gift Cards Slits,Yes 500 Envelopes 6.5X6.5
Majestic,Silk,6 x 12,Horizontal,Rectangle,16PT C2S,Spot UV,Silk,Spot UV Front,4/1,1000,Score in Half,No Gift Cards Slits,Yes 500 Envelopes 6.5X6.5
Majestic,Silk,6 x 12,Vertical,Rectangle,16PT C2S,Spot UV,Silk,Spot UV Front,4/1,1000,Score in Half,No Gift Cards Slits,Yes 500 Envelopes 6.5X6.5
Majestic,Silk,6 x 12,Horizontal,Rectangle,16PT C2S,Spot UV,Silk,Spot UV Back,4/1,1000,Score in Half,No Gift Cards Slits,Yes 500 Envelopes 6.5X6.5
Majestic,Silk,6 x 12,Vertical,Rectangle,16PT C2S,Spot UV,Silk,Spot UV Back,4/1,1000,Score in Half,No Gift Cards Slits,Yes 500 Envelopes 6.5X6.5
Majestic,Silk,6 x 12,Horizontal,Rectangle,16PT C2S,Spot UV,Silk,Spot UV Both Sides,4/1,1000,Score in Half,No Gift Cards Slits,Yes 500 Envelopes 6.5X6.5
Majestic,Silk,6 x 12,Horizontal,Rectangle,16PT C2S,Spot UV,Silk,Spot UV Both Sides,4/1,500,Score in Half,Moon Slits Right Panel,Yes 500 Envelopes 6.5X6.5
Majestic,Silk,6 x 12,Vertical,Rectangle,16PT C2S,Spot UV,Silk,Spot UV Back,4/4 (4 color both sides),500,Score in Half,No Gift Cards Slits,Yes 500 Envelopes 6.5X6.5
Majestic,Silk,6 x 12,Vertical,Rectangle,16PT C2S,Spot UV,Silk,Spot UV Front,4/4 (4 color both sides),1000,Score in Half,No Gift Cards Slits,Yes 500 Envelopes 6.5X6.5
Majestic,Silk,6 x 12,Horizontal,Rectangle,16PT C2S,Spot UV,Silk,Spot UV Back,4/4 (4 color both sides),1000,Score in Half,No Gift Cards Slits,Yes 500 Envelopes 6.5X6.5
Majestic,Silk,6 x 12,Vertical,Rectangle,16PT C2S,Spot UV,Silk,Spot UV Back,4/4 (4 color both sides),1000,Score in Half,No Gift Cards Slits,Yes 500 Envelopes 6.5X6.5
Majestic,Silk,6 x 12,Horizontal,Rectangle,16PT C2S,Spot UV,Silk,Spot UV Both Sides,4/4 (4 color both sides),1000,Score in Half,No Gift Cards Slits,Yes 500 Envelopes 6.5X6.5
Majestic,Silk,6 x 12,Vertical,Rectangle,16PT C2S,Spot UV,Silk,Spot UV Both Sides,4/4 (4 color both sides),1000,Score in Half,No Gift Cards Slits,Yes 500 Envelopes 6.5X6.5
Majestic,Silk,6 x 12,Horizontal,Rectangle,16PT C2S,Spot UV,Silk,Spot UV Front,4/1,2500,Score in Half,No Gift Cards Slits,Yes 500 Envelopes 6.5X6.5
Majestic,Silk,6 x 12,Horizontal,Rectangle,16PT C2S,Spot UV,Silk,Spot UV Both Sides,4/4 (4 color both sides),500,Score in Half,No Gift Cards Slits,Yes 500 Envelopes 6.5X6.5
Majestic,Silk,6 x 12,Horizontal,Rectangle,16PT C2S,Spot UV,Silk,Spot UV Front,4/4 (4 color both sides),1000,Score in Half,No Gift Cards Slits,Yes 500 Envelopes 6.5X6.5
Majestic,Silk,6 x 12,Vertical,Rectangle,16PT C2S,Spot UV,Silk,Spot UV Back,4/1,2500,Score in Half,No Gift Cards Slits,Yes 500 Envelopes 6.5X6.5
Majestic,Silk,6 x 12,Vertical,Rectangle,16PT C2S,Spot UV,Silk,Spot UV Both Sides,4/1,1000,Score in Half,No Gift Cards Slits,Yes 500 Envelopes 6.5X6.5
Majestic,Silk,6 x 12,Vertical,Rectangle,16PT C2S,Spot UV,Silk,Spot UV Both Sides,4/1,2500,Score in Half,No Gift Cards Slits,Yes 500 Envelopes 6.5X6.5
Majestic,Silk,6 x 12,Horizontal,Rectangle,16PT C2S,Spot UV,Silk,Spot UV Front,4/4 (4 color both sides),2500,Score in Half,No Gift Cards Slits,Yes 500 Envelopes 6.5X6.5
Majestic,Silk,6 x 12,Vertical,Rectangle,16PT C2S,Spot UV,Silk,Spot UV Front,4/4 (4 color both sides),2500,Score in Half,No Gift Cards Slits,Yes 500 Envelopes 6.5X6.5
Majestic,Silk,6 x 12,Horizontal,Rectangle,16PT C2S,Spot UV,Silk,Spot UV Back,4/4 (4 color both sides),2500,Score in Half,No Gift Cards Slits,Yes 500 Envelopes 6.5X6.5
Majestic,Silk,6 x 12,Horizontal,Rectangle,16PT C2S,Spot UV,Silk,Spot UV Both Sides,4/4 (4 color both sides),2500,Score in Half,No Gift Cards Slits,Yes 500 Envelopes 6.5X6.5
Majestic,Silk,6 x 12,Vertical,Rectangle,16PT C2S,Spot UV,Silk,Spot UV Back,4/4 (4 color both sides),2500,Score in Half,No Gift Cards Slits,Yes 500 Envelopes 6.5X6.5
Majestic,Silk,6 x 12,Vertical,Rectangle,16PT C2S,Spot UV,Silk,Spot UV Both Sides,4/4 (4 color both sides),2500,Score in Half,No Gift Cards Slits,Yes 500 Envelopes 6.5X6.5
Majestic,Silk,6 x 12,Horizontal,Rectangle,16PT C2S,Spot UV,Silk,Spot UV Front,4/1,5000,Score in Half,No Gift Cards Slits,Yes 500 Envelopes 6.5X6.5
Majestic,Silk,6 x 12,Vertical,Rectangle,16PT C2S,Spot UV,Silk,Spot UV Front,4/1,5000,Score in Half,No Gift Cards Slits,Yes 500 Envelopes 6.5X6.5
Majestic,Silk,6 x 12,Vertical,Rectangle,16PT C2S,Spot UV,Silk,Spot UV Back,4/1,5000,Score in Half,No Gift Cards Slits,Yes 500 Envelopes 6.5X6.5
Majestic,Silk,6 x 12,Horizontal,Rectangle,16PT C2S,Spot UV,Silk,Spot UV Both Sides,4/1,5000,Score in Half,No Gift Cards Slits,Yes 500 Envelopes 6.5X6.5
Majestic,Silk,6 x 12,Horizontal,Rectangle,16PT C2S,Spot UV,Silk,Spot UV Back,4/1,5000,Score in Half,No Gift Cards Slits,Yes 500 Envelopes 6.5X6.5
Majestic,Silk,6 x 12,Vertical,Rectangle,16PT C2S,Spot UV,Silk,Spot UV Both Sides,4/1,5000,Score in Half,No Gift Cards Slits,Yes 500 Envelopes 6.5X6.5
Majestic,Silk,6 x 12,Horizontal,Rectangle,16PT C2S,Spot UV,Silk,Spot UV Front,4/4 (4 color both sides),5000,Score in Half,No Gift Cards Slits,Yes 500 Envelopes 6.5X6.5
Majestic,Silk,6 x 12,Horizontal,Rectangle,16PT C2S,Spot UV,Silk,Spot UV Back,4/4 (4 color both sides),5000,Score in Half,No Gift Cards Slits,Yes 500 Envelopes 6.5X6.5
Majestic,Silk,6 x 12,Vertical,Rectangle,16PT C2S,Spot UV,Silk,Spot UV Front,4/4 (4 color both sides),5000,Score in Half,No Gift Cards Slits,Yes 500 Envelopes 6.5X6.5
Majestic,Silk,6 x 12,Vertical,Rectangle,16PT C2S,Spot UV,Silk,Spot UV Back,4/4 (4 color both sides),5000,Score in Half,No Gift Cards Slits,Yes 500 Envelopes 6.5X6.5
Majestic,Silk,6 x 12,Horizontal,Rectangle,16PT C2S,Spot UV,Silk,Spot UV Both Sides,4/4 (4 color both sides),5000,Score in Half,No Gift Cards Slits,Yes 500 Envelopes 6.5X6.5
Majestic,Silk,6 x 12,Vertical,Rectangle,16PT C2S,Spot UV,Silk,Spot UV Both Sides,4/4 (4 color both sides),5000,Score in Half,No Gift Cards Slits,Yes 500 Envelopes 6.5X6.5
Majestic,Silk,6 x 12,Horizontal,Rectangle,16PT C2S,Spot UV,Silk,Spot UV Front,4/1,10000,Score in Half,No Gift Cards Slits,Yes 500 Envelopes 6.5X6.5
Majestic,Silk,6 x 12,Horizontal,Rectangle,16PT C2S,Spot UV,Silk,Spot UV Both Sides,4/1,2500,Score in Half,No Gift Cards Slits,Yes 500 Envelopes 6.5X6.5
Majestic,Silk,6 x 12,Horizontal,Rectangle,16PT C2S,Spot UV,Silk,Spot UV Back,4/1,2500,Score in Half,No Gift Cards Slits,Yes 500 Envelopes 6.5X6.5
Majestic,Silk,6 x 12,Vertical,Rectangle,16PT C2S,Spot UV,Silk,Spot UV Back,4/1,10000,Score in Half,No Gift Cards Slits,Yes 500 Envelopes 6.5X6.5
Majestic,Silk,6 x 12,Horizontal,Rectangle,16PT C2S,Spot UV,Silk,Spot UV Both Sides,4/1,10000,Score in Half,No Gift Cards Slits,Yes 500 Envelopes 6.5X6.5
Majestic,Silk,6 x 12,Vertical,Rectangle,16PT C2S,Spot UV,Silk,Spot UV Front,4/1,2500,Score in Half,No Gift Cards Slits,Yes 500 Envelopes 6.5X6.5
Majestic,Silk,6 x 12,Vertical,Rectangle,16PT C2S,Spot UV,Silk,Spot UV Both Sides,4/1,10000,Score in Half,No Gift Cards Slits,Yes 500 Envelopes 6.5X6.5
Majestic,Silk,6 x 12,Vertical,Rectangle,16PT C2S,Spot UV,Silk,Spot UV Front,4/4 (4 color both sides),10000,Score in Half,No Gift Cards Slits,Yes 500 Envelopes 6.5X6.5
Majestic,Silk,6 x 12,Horizontal,Rectangle,16PT C2S,Spot UV,Silk,Spot UV Back,4/4 (4 color both sides),10000,Score in Half,No Gift Cards Slits,Yes 500 Envelopes 6.5X6.5
Majestic,Silk,6 x 12,Vertical,Rectangle,16PT C2S,Spot UV,Silk,Spot UV Back,4/4 (4 color both sides),10000,Score in Half,No Gift Cards Slits,Yes 500 Envelopes 6.5X6.5
Majestic,Silk,6 x 12,Horizontal,Rectangle,16PT C2S,Spot UV,Silk,Spot UV Both Sides,4/4 (4 color both sides),10000,Score in Half,No Gift Cards Slits,Yes 500 Envelopes 6.5X6.5
Majestic,Silk,6 x 12,Vertical,Rectangle,16PT C2S,Spot UV,Silk,Spot UV Both Sides,4/4 (4 color both sides),10000,Score in Half,No Gift Cards Slits,Yes 500 Envelopes 6.5X6.5
Majestic,Silk,6 x 12,Horizontal,Rectangle,16PT C2S,Spot UV,Silk,Spot UV Front,4/1,500,Score in Half,Slide Slits Bottom Panel,Yes 500 Envelopes 6.5X6.5
Majestic,Silk,6 x 12,Vertical,Rectangle,16PT C2S,Spot UV,Silk,Spot UV Front,4/1,500,Score in Half,Slide Slits Bottom Panel,Yes 500 Envelopes 6.5X6.5
Majestic,Silk,6 x 12,Horizontal,Rectangle,16PT C2S,Spot UV,Silk,Spot UV Back,4/1,500,Score in Half,Slide Slits Bottom Panel,Yes 500 Envelopes 6.5X6.5
Majestic,Silk,6 x 12,Vertical,Rectangle,16PT C2S,Spot UV,Silk,Spot UV Back,4/1,500,Score in Half,Slide Slits Bottom Panel,Yes 500 Envelopes 6.5X6.5
Majestic,Silk,6 x 12,Horizontal,Rectangle,16PT C2S,Spot UV,Silk,Spot UV Both Sides,4/1,500,Score in Half,Slide Slits Bottom Panel,Yes 500 Envelopes 6.5X6.5
Majestic,Silk,6 x 12,Vertical,Rectangle,16PT C2S,Spot UV,Silk,Spot UV Both Sides,4/1,500,Score in Half,Slide Slits Bottom Panel,Yes 500 Envelopes 6.5X6.5
Majestic,Silk,6 x 12,Horizontal,Rectangle,16PT C2S,Spot UV,Silk,Spot UV Front,4/4 (4 color both sides),500,Score in Half,Slide Slits Bottom Panel,Yes 500 Envelopes 6.5X6.5
Majestic,Silk,6 x 12,Vertical,Rectangle,16PT C2S,Spot UV,Silk,Spot UV Front,4/4 (4 color both sides),500,Score in Half,Slide Slits Bottom Panel,Yes 500 Envelopes 6.5X6.5
Majestic,Silk,6 x 12,Horizontal,Rectangle,16PT C2S,Spot UV,Silk,Spot UV Back,4/4 (4 color both sides),500,Score in Half,Slide Slits Bottom Panel,Yes 500 Envelopes 6.5X6.5
Majestic,Silk,6 x 12,Vertical,Rectangle,16PT C2S,Spot UV,Silk,Spot UV Back,4/4 (4 color both sides),500,Score in Half,Slide Slits Bottom Panel,Yes 500 Envelopes 6.5X6.5
Majestic,Silk,6 x 12,Horizontal,Rectangle,16PT C2S,Spot UV,Silk,Spot UV Back,4/1,10000,Score in Half,No Gift Cards Slits,Yes 500 Envelopes 6.5X6.5
Majestic,Silk,6 x 12,Vertical,Rectangle,16PT C2S,Spot UV,Silk,Spot UV Both Sides,4/4 (4 color both sides),500,Score in Half,Slide Slits Bottom Panel,Yes 500 Envelopes 6.5X6.5
Majestic,Silk,6 x 12,Horizontal,Rectangle,16PT C2S,Spot UV,Silk,Spot UV Front,4/1,1000,Score in Half,Slide Slits Bottom Panel,Yes 500 Envelopes 6.5X6.5
Majestic,Silk,6 x 12,Vertical,Rectangle,16PT C2S,Spot UV,Silk,Spot UV Front,4/1,1000,Score in Half,Slide Slits Bottom Panel,Yes 500 Envelopes 6.5X6.5
Majestic,Silk,6 x 12,Vertical,Rectangle,16PT C2S,Spot UV,Silk,Spot UV Back,4/1,1000,Score in Half,Slide Slits Bottom Panel,Yes 500 Envelopes 6.5X6.5
Majestic,Silk,6 x 12,Horizontal,Rectangle,16PT C2S,Spot UV,Silk,Spot UV Back,4/1,1000,Score in Half,Slide Slits Bottom Panel,Yes 500 Envelopes 6.5X6.5
Majestic,Silk,6 x 12,Horizontal,Rectangle,16PT C2S,Spot UV,Silk,Spot UV Both Sides,4/1,1000,Score in Half,Slide Slits Bottom Panel,Yes 500 Envelopes 6.5X6.5
Majestic,Silk,6 x 12,Vertical,Rectangle,16PT C2S,Spot UV,Silk,Spot UV Both Sides,4/1,1000,Score in Half,Slide Slits Bottom Panel,Yes 500 Envelopes 6.5X6.5
Majestic,Silk,6 x 12,Horizontal,Rectangle,16PT C2S,Spot UV,Silk,Spot UV Front,4/4 (4 color both sides),1000,Score in Half,Slide Slits Bottom Panel,Yes 500 Envelopes 6.5X6.5
Majestic,Silk,6 x 12,Vertical,Rectangle,16PT C2S,Spot UV,Silk,Spot UV Front,4/4 (4 color both sides),1000,Score in Half,Slide Slits Bottom Panel,Yes 500 Envelopes 6.5X6.5
Majestic,Silk,6 x 12,Horizontal,Rectangle,16PT C2S,Spot UV,Silk,Spot UV Back,4/4 (4 color both sides),1000,Score in Half,Slide Slits Bottom Panel,Yes 500 Envelopes 6.5X6.5
Majestic,Silk,6 x 12,Vertical,Rectangle,16PT C2S,Spot UV,Silk,Spot UV Back,4/4 (4 color both sides),1000,Score in Half,Slide Slits Bottom Panel,Yes 500 Envelopes 6.5X6.5
Majestic,Silk,6 x 12,Vertical,Rectangle,16PT C2S,Spot UV,Silk,Spot UV Both Sides,4/4 (4 color both sides),1000,Score in Half,Slide Slits Bottom Panel,Yes 500 Envelopes 6.5X6.5
Majestic,Silk,6 x 12,Horizontal,Rectangle,16PT C2S,Spot UV,Silk,Spot UV Both Sides,4/4 (4 color both sides),1000,Score in Half,Slide Slits Bottom Panel,Yes 500 Envelopes 6.5X6.5
Majestic,Silk,6 x 12,Horizontal,Rectangle,16PT C2S,Spot UV,Silk,Spot UV Front,4/1,2500,Score in Half,Slide Slits Bottom Panel,Yes 500 Envelopes 6.5X6.5
Majestic,Silk,6 x 12,Vertical,Rectangle,16PT C2S,Spot UV,Silk,Spot UV Front,4/1,2500,Score in Half,Slide Slits Bottom Panel,Yes 500 Envelopes 6.5X6.5
Majestic,Silk,6 x 12,Horizontal,Rectangle,16PT C2S,Spot UV,Silk,Spot UV Back,4/1,2500,Score in Half,Slide Slits Bottom Panel,Yes 500 Envelopes 6.5X6.5
Majestic,Silk,6 x 12,Vertical,Rectangle,16PT C2S,Spot UV,Silk,Spot UV Back,4/1,2500,Score in Half,Slide Slits Bottom Panel,Yes 500 Envelopes 6.5X6.5
Majestic,Silk,6 x 12,Horizontal,Rectangle,16PT C2S,Spot UV,Silk,Spot UV Both Sides,4/1,2500,Score in Half,Slide Slits Bottom Panel,Yes 500 Envelopes 6.5X6.5
Majestic,Silk,6 x 12,Vertical,Rectangle,16PT C2S,Spot UV,Silk,Spot UV Both Sides,4/1,2500,Score in Half,Slide Slits Bottom Panel,Yes 500 Envelopes 6.5X6.5
Majestic,Silk,6 x 12,Horizontal,Rectangle,16PT C2S,Spot UV,Silk,Spot UV Front,4/4 (4 color both sides),2500,Score in Half,Slide Slits Bottom Panel,Yes 500 Envelopes 6.5X6.5
Majestic,Silk,6 x 12,Vertical,Rectangle,16PT C2S,Spot UV,Silk,Spot UV Front,4/4 (4 color both sides),2500,Score in Half,Slide Slits Bottom Panel,Yes 500 Envelopes 6.5X6.5
Majestic,Silk,6 x 12,Horizontal,Rectangle,16PT C2S,Spot UV,Silk,Spot UV Back,4/4 (4 color both sides),2500,Score in Half,Slide Slits Bottom Panel,Yes 500 Envelopes 6.5X6.5
Majestic,Silk,6 x 12,Vertical,Rectangle,16PT C2S,Spot UV,Silk,Spot UV Front,4/1,10000,Score in Half,No Gift Cards Slits,Yes 500 Envelopes 6.5X6.5
Majestic,Silk,6 x 12,Vertical,Rectangle,16PT C2S,Spot UV,Silk,Spot UV Back,4/4 (4 color both sides),2500,Score in Half,Slide Slits Bottom Panel,Yes 500 Envelopes 6.5X6.5
Majestic,Silk,6 x 12,Vertical,Rectangle,16PT C2S,Spot UV,Silk,Spot UV Both Sides,4/4 (4 color both sides),2500,Score in Half,Slide Slits Bottom Panel,Yes 500 Envelopes 6.5X6.5
Majestic,Silk,6 x 12,Horizontal,Rectangle,16PT C2S,Spot UV,Silk,Spot UV Front,4/1,5000,Score in Half,Slide Slits Bottom Panel,Yes 500 Envelopes 6.5X6.5
Majestic,Silk,6 x 12,Vertical,Rectangle,16PT C2S,Spot UV,Silk,Spot UV Front,4/1,5000,Score in Half,Slide Slits Bottom Panel,Yes 500 Envelopes 6.5X6.5
Majestic,Silk,6 x 12,Vertical,Rectangle,16PT C2S,Spot UV,Silk,Spot UV Back,4/1,5000,Score in Half,Slide Slits Bottom Panel,Yes 500 Envelopes 6.5X6.5
Majestic,Silk,6 x 12,Horizontal,Rectangle,16PT C2S,Spot UV,Silk,Spot UV Back,4/1,5000,Score in Half,Slide Slits Bottom Panel,Yes 500 Envelopes 6.5X6.5
Majestic,Silk,6 x 12,Horizontal,Rectangle,16PT C2S,Spot UV,Silk,Spot UV Both Sides,4/1,5000,Score in Half,Slide Slits Bottom Panel,Yes 500 Envelopes 6.5X6.5
Majestic,Silk,6 x 12,Vertical,Rectangle,16PT C2S,Spot UV,Silk,Spot UV Both Sides,4/1,5000,Score in Half,Slide Slits Bottom Panel,Yes 500 Envelopes 6.5X6.5
Majestic,Silk,6 x 12,Horizontal,Rectangle,16PT C2S,Spot UV,Silk,Spot UV Front,4/4 (4 color both sides),10000,Score in Half,No Gift Cards Slits,Yes 500 Envelopes 6.5X6.5
Majestic,Silk,6 x 12,Vertical,Rectangle,16PT C2S,Spot UV,Silk,Spot UV Front,4/4 (4 color both sides),5000,Score in Half,Slide Slits Bottom Panel,Yes 500 Envelopes 6.5X6.5
Majestic,Silk,6 x 12,Horizontal,Rectangle,16PT C2S,Spot UV,Silk,Spot UV Back,4/4 (4 color both sides),5000,Score in Half,Slide Slits Bottom Panel,Yes 500 Envelopes 6.5X6.5
Majestic,Silk,6 x 12,Vertical,Rectangle,16PT C2S,Spot UV,Silk,Spot UV Back,4/4 (4 color both sides),5000,Score in Half,Slide Slits Bottom Panel,Yes 500 Envelopes 6.5X6.5
Majestic,Silk,6 x 12,Horizontal,Rectangle,16PT C2S,Spot UV,Silk,Spot UV Both Sides,4/4 (4 color both sides),5000,Score in Half,Slide Slits Bottom Panel,Yes 500 Envelopes 6.5X6.5
Majestic,Silk,6 x 12,Vertical,Rectangle,16PT C2S,Spot UV,Silk,Spot UV Both Sides,4/4 (4 color both sides),5000,Score in Half,Slide Slits Bottom Panel,Yes 500 Envelopes 6.5X6.5
Majestic,Silk,6 x 12,Horizontal,Rectangle,16PT C2S,Spot UV,Silk,Spot UV Front,4/4 (4 color both sides),5000,Score in Half,Slide Slits Bottom Panel,Yes 500 Envelopes 6.5X6.5
Majestic,Silk,6 x 12,Vertical,Rectangle,16PT C2S,Spot UV,Silk,Spot UV Front,4/1,10000,Score in Half,Slide Slits Bottom Panel,Yes 500 Envelopes 6.5X6.5
Majestic,Silk,6 x 12,Horizontal,Rectangle,16PT C2S,Spot UV,Silk,Spot UV Back,4/1,10000,Score in Half,Slide Slits Bottom Panel,Yes 500 Envelopes 6.5X6.5
Majestic,Silk,6 x 12,Vertical,Rectangle,16PT C2S,Spot UV,Silk,Spot UV Back,4/1,10000,Score in Half,Slide Slits Bottom Panel,Yes 500 Envelopes 6.5X6.5
Majestic,Silk,6 x 12,Horizontal,Rectangle,16PT C2S,Spot UV,Silk,Spot UV Both Sides,4/1,10000,Score in Half,Slide Slits Bottom Panel,Yes 500 Envelopes 6.5X6.5
Majestic,Silk,6 x 12,Vertical,Rectangle,16PT C2S,Spot UV,Silk,Spot UV Both Sides,4/1,10000,Score in Half,Slide Slits Bottom Panel,Yes 500 Envelopes 6.5X6.5
Majestic,Silk,6 x 12,Horizontal,Rectangle,16PT C2S,Spot UV,Silk,Spot UV Front,4/4 (4 color both sides),10000,Score in Half,Slide Slits Bottom Panel,Yes 500 Envelopes 6.5X6.5
Majestic,Silk,6 x 12,Vertical,Rectangle,16PT C2S,Spot UV,Silk,Spot UV Front,4/4 (4 color both sides),10000,Score in Half,Slide Slits Bottom Panel,Yes 500 Envelopes 6.5X6.5
Majestic,Silk,6 x 12,Horizontal,Rectangle,16PT C2S,Spot UV,Silk,Spot UV Back,4/4 (4 color both sides),10000,Score in Half,Slide Slits Bottom Panel,Yes 500 Envelopes 6.5X6.5
Majestic,Silk,6 x 12,Vertical,Rectangle,16PT C2S,Spot UV,Silk,Spot UV Back,4/4 (4 color both sides),10000,Score in Half,Slide Slits Bottom Panel,Yes 500 Envelopes 6.5X6.5
Majestic,Silk,6 x 12,Horizontal,Rectangle,16PT C2S,Spot UV,Silk,Spot UV Both Sides,4/4 (4 color both sides),10000,Score in Half,Slide Slits Bottom Panel,Yes 500 Envelopes 6.5X6.5
Majestic,Silk,6 x 12,Vertical,Rectangle,16PT C2S,Spot UV,Silk,Spot UV Both Sides,4/4 (4 color both sides),10000,Score in Half,Slide Slits Bottom Panel,Yes 500 Envelopes 6.5X6.5
Majestic,Silk,6 x 12,Horizontal,Rectangle,16PT C2S,Spot UV,Silk,Spot UV Front,4/1,500,Score in Half,Slide Slits Right Panel,Yes 500 Envelopes 6.5X6.5
Majestic,Silk,6 x 12,Vertical,Rectangle,16PT C2S,Spot UV,Silk,Spot UV Front,4/1,500,Score in Half,Slide Slits Right Panel,Yes 500 Envelopes 6.5X6.5
Majestic,Silk,6 x 12,Horizontal,Rectangle,16PT C2S,Spot UV,Silk,Spot UV Back,4/1,500,Score in Half,Slide Slits Right Panel,Yes 500 Envelopes 6.5X6.5
Majestic,Silk,6 x 12,Vertical,Rectangle,16PT C2S,Spot UV,Silk,Spot UV Back,4/1,500,Score in Half,Slide Slits Right Panel,Yes 500 Envelopes 6.5X6.5
Majestic,Silk,6 x 12,Horizontal,Rectangle,16PT C2S,Spot UV,Silk,Spot UV Both Sides,4/1,500,Score in Half,Slide Slits Right Panel,Yes 500 Envelopes 6.5X6.5
Majestic,Silk,6 x 12,Vertical,Rectangle,16PT C2S,Spot UV,Silk,Spot UV Both Sides,4/1,500,Score in Half,Slide Slits Right Panel,Yes 500 Envelopes 6.5X6.5
Majestic,Silk,6 x 12,Horizontal,Rectangle,16PT C2S,Spot UV,Silk,Spot UV Front,4/4 (4 color both sides),500,Score in Half,Slide Slits Right Panel,Yes 500 Envelopes 6.5X6.5
Majestic,Silk,6 x 12,Vertical,Rectangle,16PT C2S,Spot UV,Silk,Spot UV Front,4/4 (4 color both sides),500,Score in Half,Slide Slits Right Panel,Yes 500 Envelopes 6.5X6.5
Majestic,Silk,6 x 12,Horizontal,Rectangle,16PT C2S,Spot UV,Silk,Spot UV Back,4/4 (4 color both sides),500,Score in Half,Slide Slits Right Panel,Yes 500 Envelopes 6.5X6.5
Majestic,Silk,6 x 12,Vertical,Rectangle,16PT C2S,Spot UV,Silk,Spot UV Back,4/4 (4 color both sides),500,Score in Half,Slide Slits Right Panel,Yes 500 Envelopes 6.5X6.5
Majestic,Silk,6 x 12,Horizontal,Rectangle,16PT C2S,Spot UV,Silk,Spot UV Both Sides,4/4 (4 color both sides),500,Score in Half,Slide Slits Right Panel,Yes 500 Envelopes 6.5X6.5
Majestic,Silk,6 x 12,Vertical,Rectangle,16PT C2S,Spot UV,Silk,Spot UV Both Sides,4/4 (4 color both sides),500,Score in Half,Slide Slits Right Panel,Yes 500 Envelopes 6.5X6.5
Majestic,Silk,6 x 12,Horizontal,Rectangle,16PT C2S,Spot UV,Silk,Spot UV Front,4/1,1000,Score in Half,Slide Slits Right Panel,Yes 500 Envelopes 6.5X6.5
Majestic,Silk,6 x 12,Vertical,Rectangle,16PT C2S,Spot UV,Silk,Spot UV Front,4/1,1000,Score in Half,Slide Slits Right Panel,Yes 500 Envelopes 6.5X6.5
Majestic,Silk,6 x 12,Vertical,Rectangle,16PT C2S,Spot UV,Silk,Spot UV Back,4/1,1000,Score in Half,Slide Slits Right Panel,Yes 500 Envelopes 6.5X6.5
Majestic,Silk,6 x 12,Horizontal,Rectangle,16PT C2S,Spot UV,Silk,Spot UV Back,4/1,1000,Score in Half,Slide Slits Right Panel,Yes 500 Envelopes 6.5X6.5
Majestic,Silk,6 x 12,Horizontal,Rectangle,16PT C2S,Spot UV,Silk,Spot UV Both Sides,4/1,1000,Score in Half,Slide Slits Right Panel,Yes 500 Envelopes 6.5X6.5
Majestic,Silk,6 x 12,Vertical,Rectangle,16PT C2S,Spot UV,Silk,Spot UV Both Sides,4/1,1000,Score in Half,Slide Slits Right Panel,Yes 500 Envelopes 6.5X6.5
Majestic,Silk,6 x 12,Horizontal,Rectangle,16PT C2S,Spot UV,Silk,Spot UV Front,4/4 (4 color both sides),1000,Score in Half,Slide Slits Right Panel,Yes 500 Envelopes 6.5X6.5
Majestic,Silk,6 x 12,Vertical,Rectangle,16PT C2S,Spot UV,Silk,Spot UV Front,4/4 (4 color both sides),1000,Score in Half,Slide Slits Right Panel,Yes 500 Envelopes 6.5X6.5
Majestic,Silk,6 x 12,Horizontal,Rectangle,16PT C2S,Spot UV,Silk,Spot UV Back,4/4 (4 color both sides),1000,Score in Half,Slide Slits Right Panel,Yes 500 Envelopes 6.5X6.5
Majestic,Silk,6 x 12,Vertical,Rectangle,16PT C2S,Spot UV,Silk,Spot UV Back,4/4 (4 color both sides),1000,Score in Half,Slide Slits Right Panel,Yes 500 Envelopes 6.5X6.5
Majestic,Silk,6 x 12,Horizontal,Rectangle,16PT C2S,Spot UV,Silk,Spot UV Both Sides,4/4 (4 color both sides),1000,Score in Half,Slide Slits Right Panel,Yes 500 Envelopes 6.5X6.5
Majestic,Silk,6 x 12,Vertical,Rectangle,16PT C2S,Spot UV,Silk,Spot UV Both Sides,4/4 (4 color both sides),1000,Score in Half,Slide Slits Right Panel,Yes 500 Envelopes 6.5X6.5
Majestic,Silk,6 x 12,Horizontal,Rectangle,16PT C2S,Spot UV,Silk,Spot UV Front,4/1,2500,Score in Half,Slide Slits Right Panel,Yes 500 Envelopes 6.5X6.5
Majestic,Silk,6 x 12,Vertical,Rectangle,16PT C2S,Spot UV,Silk,Spot UV Front,4/1,2500,Score in Half,Slide Slits Right Panel,Yes 500 Envelopes 6.5X6.5
Majestic,Silk,6 x 12,Horizontal,Rectangle,16PT C2S,Spot UV,Silk,Spot UV Back,4/1,2500,Score in Half,Slide Slits Right Panel,Yes 500 Envelopes 6.5X6.5
Majestic,Silk,6 x 12,Vertical,Rectangle,16PT C2S,Spot UV,Silk,Spot UV Back,4/1,2500,Score in Half,Slide Slits Right Panel,Yes 500 Envelopes 6.5X6.5
Majestic,Silk,6 x 12,Horizontal,Rectangle,16PT C2S,Spot UV,Silk,Spot UV Both Sides,4/1,2500,Score in Half,Slide Slits Right Panel,Yes 500 Envelopes 6.5X6.5
Majestic,Silk,6 x 12,Vertical,Rectangle,16PT C2S,Spot UV,Silk,Spot UV Both Sides,4/1,2500,Score in Half,Slide Slits Right Panel,Yes 500 Envelopes 6.5X6.5
Majestic,Silk,6 x 12,Horizontal,Rectangle,16PT C2S,Spot UV,Silk,Spot UV Front,4/4 (4 color both sides),2500,Score in Half,Slide Slits Right Panel,Yes 500 Envelopes 6.5X6.5
Majestic,Silk,6 x 12,Vertical,Rectangle,16PT C2S,Spot UV,Silk,Spot UV Front,4/4 (4 color both sides),2500,Score in Half,Slide Slits Right Panel,Yes 500 Envelopes 6.5X6.5
Majestic,Silk,6 x 12,Horizontal,Rectangle,16PT C2S,Spot UV,Silk,Spot UV Back,4/4 (4 color both sides),2500,Score in Half,Slide Slits Right Panel,Yes 500 Envelopes 6.5X6.5
Majestic,Silk,6 x 12,Vertical,Rectangle,16PT C2S,Spot UV,Silk,Spot UV Back,4/4 (4 color both sides),2500,Score in Half,Slide Slits Right Panel,Yes 500 Envelopes 6.5X6.5
Majestic,Silk,6 x 12,Horizontal,Rectangle,16PT C2S,Spot UV,Silk,Spot UV Both Sides,4/4 (4 color both sides),2500,Score in Half,Slide Slits Right Panel,Yes 500 Envelopes 6.5X6.5
Majestic,Silk,6 x 12,Vertical,Rectangle,16PT C2S,Spot UV,Silk,Spot UV Both Sides,4/4 (4 color both sides),2500,Score in Half,Slide Slits Right Panel,Yes 500 Envelopes 6.5X6.5
Majestic,Silk,6 x 12,Horizontal,Rectangle,16PT C2S,Spot UV,Silk,Spot UV Front,4/1,5000,Score in Half,Slide Slits Right Panel,Yes 500 Envelopes 6.5X6.5
Majestic,Silk,6 x 12,Vertical,Rectangle,16PT C2S,Spot UV,Silk,Spot UV Front,4/1,5000,Score in Half,Slide Slits Right Panel,Yes 500 Envelopes 6.5X6.5
Majestic,Silk,6 x 12,Horizontal,Rectangle,16PT C2S,Spot UV,Silk,Spot UV Back,4/1,5000,Score in Half,Slide Slits Right Panel,Yes 500 Envelopes 6.5X6.5
Majestic,Silk,6 x 12,Horizontal,Rectangle,16PT C2S,Spot UV,Silk,Spot UV Both Sides,4/4 (4 color both sides),2500,Score in Half,Slide Slits Bottom Panel,Yes 500 Envelopes 6.5X6.5
Majestic,Silk,6 x 12,Horizontal,Rectangle,16PT C2S,Spot UV,Silk,Spot UV Both Sides,4/1,5000,Score in Half,Slide Slits Right Panel,Yes 500 Envelopes 6.5X6.5
Majestic,Silk,6 x 12,Vertical,Rectangle,16PT C2S,Spot UV,Silk,Spot UV Both Sides,4/1,5000,Score in Half,Slide Slits Right Panel,Yes 500 Envelopes 6.5X6.5
Majestic,Silk,6 x 12,Horizontal,Rectangle,16PT C2S,Spot UV,Silk,Spot UV Front,4/4 (4 color both sides),5000,Score in Half,Slide Slits Right Panel,Yes 500 Envelopes 6.5X6.5
Majestic,Silk,6 x 12,Vertical,Rectangle,16PT C2S,Spot UV,Silk,Spot UV Front,4/4 (4 color both sides),5000,Score in Half,Slide Slits Right Panel,Yes 500 Envelopes 6.5X6.5
Majestic,Silk,6 x 12,Horizontal,Rectangle,16PT C2S,Spot UV,Silk,Spot UV Back,4/4 (4 color both sides),5000,Score in Half,Slide Slits Right Panel,Yes 500 Envelopes 6.5X6.5
Majestic,Silk,6 x 12,Vertical,Rectangle,16PT C2S,Spot UV,Silk,Spot UV Back,4/4 (4 color both sides),5000,Score in Half,Slide Slits Right Panel,Yes 500 Envelopes 6.5X6.5
Majestic,Silk,6 x 12,Horizontal,Rectangle,16PT C2S,Spot UV,Silk,Spot UV Both Sides,4/4 (4 color both sides),5000,Score in Half,Slide Slits Right Panel,Yes 500 Envelopes 6.5X6.5
Majestic,Silk,6 x 12,Vertical,Rectangle,16PT C2S,Spot UV,Silk,Spot UV Both Sides,4/4 (4 color both sides),5000,Score in Half,Slide Slits Right Panel,Yes 500 Envelopes 6.5X6.5
Majestic,Silk,6 x 12,Vertical,Rectangle,16PT C2S,Spot UV,Silk,Spot UV Back,4/1,5000,Score in Half,Slide Slits Right Panel,Yes 500 Envelopes 6.5X6.5
Majestic,Silk,6 x 12,Vertical,Rectangle,16PT C2S,Spot UV,Silk,Spot UV Front,4/1,10000,Score in Half,Slide Slits Right Panel,Yes 500 Envelopes 6.5X6.5
Majestic,Silk,6 x 12,Horizontal,Rectangle,16PT C2S,Spot UV,Silk,Spot UV Back,4/1,10000,Score in Half,Slide Slits Right Panel,Yes 500 Envelopes 6.5X6.5
Majestic,Silk,6 x 12,Vertical,Rectangle,16PT C2S,Spot UV,Silk,Spot UV Back,4/1,10000,Score in Half,Slide Slits Right Panel,Yes 500 Envelopes 6.5X6.5
Majestic,Silk,6 x 12,Horizontal,Rectangle,16PT C2S,Spot UV,Silk,Spot UV Both Sides,4/1,10000,Score in Half,Slide Slits Right Panel,Yes 500 Envelopes 6.5X6.5
Majestic,Silk,6 x 12,Vertical,Rectangle,16PT C2S,Spot UV,Silk,Spot UV Both Sides,4/1,10000,Score in Half,Slide Slits Right Panel,Yes 500 Envelopes 6.5X6.5
Majestic,Silk,6 x 12,Horizontal,Rectangle,16PT C2S,Spot UV,Silk,Spot UV Front,4/4 (4 color both sides),10000,Score in Half,Slide Slits Right Panel,Yes 500 Envelopes 6.5X6.5
Majestic,Silk,6 x 12,Vertical,Rectangle,16PT C2S,Spot UV,Silk,Spot UV Front,4/4 (4 color both sides),10000,Score in Half,Slide Slits Right Panel,Yes 500 Envelopes 6.5X6.5
Majestic,Silk,6 x 12,Horizontal,Rectangle,16PT C2S,Spot UV,Silk,Spot UV Back,4/4 (4 color both sides),10000,Score in Half,Slide Slits Right Panel,Yes 500 Envelopes 6.5X6.5
Majestic,Silk,6 x 12,Vertical,Rectangle,16PT C2S,Spot UV,Silk,Spot UV Back,4/4 (4 color both sides),10000,Score in Half,Slide Slits Right Panel,Yes 500 Envelopes 6.5X6.5
Majestic,Silk,6 x 12,Horizontal,Rectangle,16PT C2S,Spot UV,Silk,Spot UV Both Sides,4/4 (4 color both sides),10000,Score in Half,Slide Slits Right Panel,Yes 500 Envelopes 6.5X6.5
Majestic,Silk,6 x 12,Vertical,Rectangle,16PT C2S,Spot UV,Silk,Spot UV Both Sides,4/4 (4 color both sides),10000,Score in Half,Slide Slits Right Panel,Yes 500 Envelopes 6.5X6.5
Majestic,Silk,6 x 12,Horizontal,Rectangle,16PT C2S,Spot UV,Silk,Spot UV Front,4/1,500,Score in Half,Moon Slits Bottom Panel,Yes 1000 Envelopes 6.5X6.5
Majestic,Silk,6 x 12,Vertical,Rectangle,16PT C2S,Spot UV,Silk,Spot UV Front,4/1,500,Score in Half,Moon Slits Bottom Panel,Yes 1000 Envelopes 6.5X6.5
Majestic,Silk,6 x 12,Horizontal,Rectangle,16PT C2S,Spot UV,Silk,Spot UV Back,4/1,500,Score in Half,Moon Slits Bottom Panel,Yes 1000 Envelopes 6.5X6.5
Majestic,Silk,6 x 12,Vertical,Rectangle,16PT C2S,Spot UV,Silk,Spot UV Back,4/1,500,Score in Half,Moon Slits Bottom Panel,Yes 1000 Envelopes 6.5X6.5
Majestic,Silk,6 x 12,Horizontal,Rectangle,16PT C2S,Spot UV,Silk,Spot UV Both Sides,4/1,500,Score in Half,Moon Slits Bottom Panel,Yes 1000 Envelopes 6.5X6.5
Majestic,Silk,6 x 12,Vertical,Rectangle,16PT C2S,Spot UV,Silk,Spot UV Both Sides,4/1,500,Score in Half,Moon Slits Bottom Panel,Yes 1000 Envelopes 6.5X6.5
Majestic,Silk,6 x 12,Horizontal,Rectangle,16PT C2S,Spot UV,Silk,Spot UV Front,4/4 (4 color both sides),500,Score in Half,Moon Slits Bottom Panel,Yes 1000 Envelopes 6.5X6.5
Majestic,Silk,6 x 12,Vertical,Rectangle,16PT C2S,Spot UV,Silk,Spot UV Front,4/4 (4 color both sides),500,Score in Half,Moon Slits Bottom Panel,Yes 1000 Envelopes 6.5X6.5
Majestic,Silk,6 x 12,Horizontal,Rectangle,16PT C2S,Spot UV,Silk,Spot UV Both Sides,4/4 (4 color both sides),500,Score in Half,Slide Slits Bottom Panel,Yes 500 Envelopes 6.5X6.5
Majestic,Silk,6 x 12,Vertical,Rectangle,16PT C2S,Spot UV,Silk,Spot UV Back,4/4 (4 color both sides),500,Score in Half,Moon Slits Bottom Panel,Yes 1000 Envelopes 6.5X6.5
Majestic,Silk,6 x 12,Horizontal,Rectangle,16PT C2S,Spot UV,Silk,Spot UV Back,4/4 (4 color both sides),500,Score in Half,Moon Slits Bottom Panel,Yes 1000 Envelopes 6.5X6.5
Majestic,Silk,6 x 12,Horizontal,Rectangle,16PT C2S,Spot UV,Silk,Spot UV Front,4/1,10000,Score in Half,Slide Slits Bottom Panel,Yes 500 Envelopes 6.5X6.5
Majestic,Silk,6 x 12,Horizontal,Rectangle,16PT C2S,Spot UV,Silk,Spot UV Front,4/1,1000,Score in Half,Moon Slits Bottom Panel,Yes 1000 Envelopes 6.5X6.5
Majestic,Silk,6 x 12,Vertical,Rectangle,16PT C2S,Spot UV,Silk,Spot UV Front,4/1,1000,Score in Half,Moon Slits Bottom Panel,Yes 1000 Envelopes 6.5X6.5
Majestic,Silk,6 x 12,Horizontal,Rectangle,16PT C2S,Spot UV,Silk,Spot UV Back,4/1,1000,Score in Half,Moon Slits Bottom Panel,Yes 1000 Envelopes 6.5X6.5
Majestic,Silk,6 x 12,Vertical,Rectangle,16PT C2S,Spot UV,Silk,Spot UV Back,4/1,1000,Score in Half,Moon Slits Bottom Panel,Yes 1000 Envelopes 6.5X6.5
Majestic,Silk,6 x 12,Horizontal,Rectangle,16PT C2S,Spot UV,Silk,Spot UV Both Sides,4/1,1000,Score in Half,Moon Slits Bottom Panel,Yes 1000 Envelopes 6.5X6.5
Majestic,Silk,6 x 12,Vertical,Rectangle,16PT C2S,Spot UV,Silk,Spot UV Both Sides,4/1,1000,Score in Half,Moon Slits Bottom Panel,Yes 1000 Envelopes 6.5X6.5
Majestic,Silk,6 x 12,Horizontal,Rectangle,16PT C2S,Spot UV,Silk,Spot UV Front,4/4 (4 color both sides),1000,Score in Half,Moon Slits Bottom Panel,Yes 1000 Envelopes 6.5X6.5
Majestic,Silk,6 x 12,Vertical,Rectangle,16PT C2S,Spot UV,Silk,Spot UV Front,4/4 (4 color both sides),1000,Score in Half,Moon Slits Bottom Panel,Yes 1000 Envelopes 6.5X6.5
Majestic,Silk,6 x 12,Vertical,Rectangle,16PT C2S,Spot UV,Silk,Spot UV Both Sides,4/4 (4 color both sides),500,Score in Half,Moon Slits Bottom Panel,Yes 1000 Envelopes 6.5X6.5
Majestic,Silk,6 x 12,Horizontal,Rectangle,16PT C2S,Spot UV,Silk,Spot UV Back,4/4 (4 color both sides),1000,Score in Half,Moon Slits Bottom Panel,Yes 1000 Envelopes 6.5X6.5
Majestic,Silk,6 x 12,Horizontal,Rectangle,16PT C2S,Spot UV,Silk,Spot UV Front,4/1,2500,Score in Half,Moon Slits Bottom Panel,Yes 1000 Envelopes 6.5X6.5
Majestic,Silk,6 x 12,Horizontal,Rectangle,16PT C2S,Spot UV,Silk,Spot UV Both Sides,4/4 (4 color both sides),1000,Score in Half,Moon Slits Bottom Panel,Yes 1000 Envelopes 6.5X6.5
Majestic,Silk,6 x 12,Vertical,Rectangle,16PT C2S,Spot UV,Silk,Spot UV Back,4/4 (4 color both sides),1000,Score in Half,Moon Slits Bottom Panel,Yes 1000 Envelopes 6.5X6.5
Majestic,Silk,6 x 12,Vertical,Rectangle,16PT C2S,Spot UV,Silk,Spot UV Front,4/1,2500,Score in Half,Moon Slits Bottom Panel,Yes 1000 Envelopes 6.5X6.5
Majestic,Silk,6 x 12,Horizontal,Rectangle,16PT C2S,Spot UV,Silk,Spot UV Back,4/1,2500,Score in Half,Moon Slits Bottom Panel,Yes 1000 Envelopes 6.5X6.5
Majestic,Silk,6 x 12,Horizontal,Rectangle,16PT C2S,Spot UV,Silk,Spot UV Both Sides,4/1,2500,Score in Half,Moon Slits Bottom Panel,Yes 1000 Envelopes 6.5X6.5
Majestic,Silk,6 x 12,Vertical,Rectangle,16PT C2S,Spot UV,Silk,Spot UV Back,4/1,2500,Score in Half,Moon Slits Bottom Panel,Yes 1000 Envelopes 6.5X6.5
Majestic,Silk,6 x 12,Horizontal,Rectangle,16PT C2S,Spot UV,Silk,Spot UV Front,4/4 (4 color both sides),2500,Score in Half,Moon Slits Bottom Panel,Yes 1000 Envelopes 6.5X6.5
Majestic,Silk,6 x 12,Vertical,Rectangle,16PT C2S,Spot UV,Silk,Spot UV Both Sides,4/1,2500,Score in Half,Moon Slits Bottom Panel,Yes 1000 Envelopes 6.5X6.5
Majestic,Silk,6 x 12,Vertical,Rectangle,16PT C2S,Spot UV,Silk,Spot UV Front,4/4 (4 color both sides),2500,Score in Half,Moon Slits Bottom Panel,Yes 1000 Envelopes 6.5X6.5
Majestic,Silk,6 x 12,Horizontal,Rectangle,16PT C2S,Spot UV,Silk,Spot UV Back,4/4 (4 color both sides),2500,Score in Half,Moon Slits Bottom Panel,Yes 1000 Envelopes 6.5X6.5
Majestic,Silk,6 x 12,Vertical,Rectangle,16PT C2S,Spot UV,Silk,Spot UV Back,4/4 (4 color both sides),2500,Score in Half,Moon Slits Bottom Panel,Yes 1000 Envelopes 6.5X6.5
Majestic,Silk,6 x 12,Horizontal,Rectangle,16PT C2S,Spot UV,Silk,Spot UV Both Sides,4/4 (4 color both sides),2500,Score in Half,Moon Slits Bottom Panel,Yes 1000 Envelopes 6.5X6.5
Majestic,Silk,6 x 12,Vertical,Rectangle,16PT C2S,Spot UV,Silk,Spot UV Both Sides,4/4 (4 color both sides),2500,Score in Half,Moon Slits Bottom Panel,Yes 1000 Envelopes 6.5X6.5
Majestic,Silk,6 x 12,Horizontal,Rectangle,16PT C2S,Spot UV,Silk,Spot UV Front,4/1,5000,Score in Half,Moon Slits Bottom Panel,Yes 1000 Envelopes 6.5X6.5
Majestic,Silk,6 x 12,Vertical,Rectangle,16PT C2S,Spot UV,Silk,Spot UV Front,4/1,5000,Score in Half,Moon Slits Bottom Panel,Yes 1000 Envelopes 6.5X6.5
Majestic,Silk,6 x 12,Horizontal,Rectangle,16PT C2S,Spot UV,Silk,Spot UV Back,4/1,5000,Score in Half,Moon Slits Bottom Panel,Yes 1000 Envelopes 6.5X6.5
Majestic,Silk,6 x 12,Vertical,Rectangle,16PT C2S,Spot UV,Silk,Spot UV Back,4/1,5000,Score in Half,Moon Slits Bottom Panel,Yes 1000 Envelopes 6.5X6.5
Majestic,Silk,6 x 12,Horizontal,Rectangle,16PT C2S,Spot UV,Silk,Spot UV Both Sides,4/1,5000,Score in Half,Moon Slits Bottom Panel,Yes 1000 Envelopes 6.5X6.5
Majestic,Silk,6 x 12,Vertical,Rectangle,16PT C2S,Spot UV,Silk,Spot UV Both Sides,4/1,5000,Score in Half,Moon Slits Bottom Panel,Yes 1000 Envelopes 6.5X6.5
Majestic,Silk,6 x 12,Horizontal,Rectangle,16PT C2S,Spot UV,Silk,Spot UV Front,4/4 (4 color both sides),5000,Score in Half,Moon Slits Bottom Panel,Yes 1000 Envelopes 6.5X6.5
Majestic,Silk,6 x 12,Horizontal,Rectangle,16PT C2S,Spot UV,Silk,Spot UV Back,4/4 (4 color both sides),5000,Score in Half,Moon Slits Bottom Panel,Yes 1000 Envelopes 6.5X6.5
Majestic,Silk,6 x 12,Vertical,Rectangle,16PT C2S,Spot UV,Silk,Spot UV Front,4/4 (4 color both sides),5000,Score in Half,Moon Slits Bottom Panel,Yes 1000 Envelopes 6.5X6.5
Majestic,Silk,6 x 12,Vertical,Rectangle,16PT C2S,Spot UV,Silk,Spot UV Back,4/4 (4 color both sides),5000,Score in Half,Moon Slits Bottom Panel,Yes 1000 Envelopes 6.5X6.5
Majestic,Silk,6 x 12,Horizontal,Rectangle,16PT C2S,Spot UV,Silk,Spot UV Both Sides,4/4 (4 color both sides),5000,Score in Half,Moon Slits Bottom Panel,Yes 1000 Envelopes 6.5X6.5
Majestic,Silk,6 x 12,Vertical,Rectangle,16PT C2S,Spot UV,Silk,Spot UV Both Sides,4/4 (4 color both sides),5000,Score in Half,Moon Slits Bottom Panel,Yes 1000 Envelopes 6.5X6.5
Majestic,Silk,6 x 12,Horizontal,Rectangle,16PT C2S,Spot UV,Silk,Spot UV Front,4/1,10000,Score in Half,Moon Slits Bottom Panel,Yes 1000 Envelopes 6.5X6.5
Majestic,Silk,6 x 12,Vertical,Rectangle,16PT C2S,Spot UV,Silk,Spot UV Front,4/1,10000,Score in Half,Moon Slits Bottom Panel,Yes 1000 Envelopes 6.5X6.5
Majestic,Silk,6 x 12,Horizontal,Rectangle,16PT C2S,Spot UV,Silk,Spot UV Back,4/1,10000,Score in Half,Moon Slits Bottom Panel,Yes 1000 Envelopes 6.5X6.5
Majestic,Silk,6 x 12,Vertical,Rectangle,16PT C2S,Spot UV,Silk,Spot UV Back,4/1,10000,Score in Half,Moon Slits Bottom Panel,Yes 1000 Envelopes 6.5X6.5
Majestic,Silk,6 x 12,Horizontal,Rectangle,16PT C2S,Spot UV,Silk,Spot UV Both Sides,4/1,10000,Score in Half,Moon Slits Bottom Panel,Yes 1000 Envelopes 6.5X6.5
Majestic,Silk,6 x 12,Vertical,Rectangle,16PT C2S,Spot UV,Silk,Spot UV Both Sides,4/1,10000,Score in Half,Moon Slits Bottom Panel,Yes 1000 Envelopes 6.5X6.5
Majestic,Silk,6 x 12,Vertical,Rectangle,16PT C2S,Spot UV,Silk,Spot UV Both Sides,4/4 (4 color both sides),1000,Score in Half,Moon Slits Bottom Panel,Yes 1000 Envelopes 6.5X6.5
Majestic,Silk,6 x 12,Horizontal,Rectangle,16PT C2S,Spot UV,Silk,Spot UV Front,4/1,10000,Score in Half,Slide Slits Right Panel,Yes 500 Envelopes 6.5X6.5
Majestic,Silk,6 x 12,Horizontal,Rectangle,16PT C2S,Spot UV,Silk,Spot UV Back,4/4 (4 color both sides),10000,Score in Half,Moon Slits Bottom Panel,Yes 1000 Envelopes 6.5X6.5
Majestic,Silk,6 x 12,Vertical,Rectangle,16PT C2S,Spot UV,Silk,Spot UV Back,4/4 (4 color both sides),10000,Score in Half,Moon Slits Bottom Panel,Yes 1000 Envelopes 6.5X6.5
Majestic,Silk,6 x 12,Horizontal,Rectangle,16PT C2S,Spot UV,Silk,Spot UV Both Sides,4/4 (4 color both sides),10000,Score in Half,Moon Slits Bottom Panel,Yes 1000 Envelopes 6.5X6.5
Majestic,Silk,6 x 12,Vertical,Rectangle,16PT C2S,Spot UV,Silk,Spot UV Both Sides,4/4 (4 color both sides),10000,Score in Half,Moon Slits Bottom Panel,Yes 1000 Envelopes 6.5X6.5
Majestic,Silk,6 x 12,Horizontal,Rectangle,16PT C2S,Spot UV,Silk,Spot UV Front,4/1,500,Score in Half,Moon Slits Right Panel,Yes 1000 Envelopes 6.5X6.5
Majestic,Silk,6 x 12,Horizontal,Rectangle,16PT C2S,Spot UV,Silk,Spot UV Both Sides,4/4 (4 color both sides),500,Score in Half,Moon Slits Bottom Panel,Yes 1000 Envelopes 6.5X6.5
Majestic,Silk,6 x 12,Horizontal,Rectangle,16PT C2S,Spot UV,Silk,Spot UV Back,4/1,500,Score in Half,Moon Slits Right Panel,Yes 1000 Envelopes 6.5X6.5
Majestic,Silk,6 x 12,Vertical,Rectangle,16PT C2S,Spot UV,Silk,Spot UV Back,4/1,500,Score in Half,Moon Slits Right Panel,Yes 1000 Envelopes 6.5X6.5
Majestic,Silk,6 x 12,Horizontal,Rectangle,16PT C2S,Spot UV,Silk,Spot UV Both Sides,4/1,500,Score in Half,Moon Slits Right Panel,Yes 1000 Envelopes 6.5X6.5
Majestic,Silk,6 x 12,Vertical,Rectangle,16PT C2S,Spot UV,Silk,Spot UV Both Sides,4/1,500,Score in Half,Moon Slits Right Panel,Yes 1000 Envelopes 6.5X6.5
Majestic,Silk,6 x 12,Horizontal,Rectangle,16PT C2S,Spot UV,Silk,Spot UV Front,4/4 (4 color both sides),500,Score in Half,Moon Slits Right Panel,Yes 1000 Envelopes 6.5X6.5
Majestic,Silk,6 x 12,Vertical,Rectangle,16PT C2S,Spot UV,Silk,Spot UV Front,4/4 (4 color both sides),500,Score in Half,Moon Slits Right Panel,Yes 1000 Envelopes 6.5X6.5
Majestic,Silk,6 x 12,Horizontal,Rectangle,16PT C2S,Spot UV,Silk,Spot UV Back,4/4 (4 color both sides),500,Score in Half,Moon Slits Right Panel,Yes 1000 Envelopes 6.5X6.5
Majestic,Silk,6 x 12,Vertical,Rectangle,16PT C2S,Spot UV,Silk,Spot UV Back,4/4 (4 color both sides),500,Score in Half,Moon Slits Right Panel,Yes 1000 Envelopes 6.5X6.5
Majestic,Silk,6 x 12,Horizontal,Rectangle,16PT C2S,Spot UV,Silk,Spot UV Both Sides,4/4 (4 color both sides),500,Score in Half,Moon Slits Right Panel,Yes 1000 Envelopes 6.5X6.5
Majestic,Silk,6 x 12,Vertical,Rectangle,16PT C2S,Spot UV,Silk,Spot UV Both Sides,4/4 (4 color both sides),500,Score in Half,Moon Slits Right Panel,Yes 1000 Envelopes 6.5X6.5
Majestic,Silk,6 x 12,Horizontal,Rectangle,16PT C2S,Spot UV,Silk,Spot UV Front,4/1,1000,Score in Half,Moon Slits Right Panel,Yes 1000 Envelopes 6.5X6.5
Majestic,Silk,6 x 12,Vertical,Rectangle,16PT C2S,Spot UV,Silk,Spot UV Front,4/1,1000,Score in Half,Moon Slits Right Panel,Yes 1000 Envelopes 6.5X6.5
Majestic,Silk,6 x 12,Horizontal,Rectangle,16PT C2S,Spot UV,Silk,Spot UV Back,4/1,1000,Score in Half,Moon Slits Right Panel,Yes 1000 Envelopes 6.5X6.5
Majestic,Silk,6 x 12,Vertical,Rectangle,16PT C2S,Spot UV,Silk,Spot UV Front,4/1,500,Score in Half,Moon Slits Right Panel,Yes 1000 Envelopes 6.5X6.5
Majestic,Silk,6 x 12,Horizontal,Rectangle,16PT C2S,Spot UV,Silk,Spot UV Both Sides,4/1,1000,Score in Half,Moon Slits Right Panel,Yes 1000 Envelopes 6.5X6.5
Majestic,Silk,6 x 12,Vertical,Rectangle,16PT C2S,Spot UV,Silk,Spot UV Both Sides,4/1,1000,Score in Half,Moon Slits Right Panel,Yes 1000 Envelopes 6.5X6.5
Majestic,Silk,6 x 12,Horizontal,Rectangle,16PT C2S,Spot UV,Silk,Spot UV Front,4/4 (4 color both sides),1000,Score in Half,Moon Slits Right Panel,Yes 1000 Envelopes 6.5X6.5
Majestic,Silk,6 x 12,Vertical,Rectangle,16PT C2S,Spot UV,Silk,Spot UV Front,4/4 (4 color both sides),1000,Score in Half,Moon Slits Right Panel,Yes 1000 Envelopes 6.5X6.5
Majestic,Silk,6 x 12,Horizontal,Rectangle,16PT C2S,Spot UV,Silk,Spot UV Back,4/4 (4 color both sides),1000,Score in Half,Moon Slits Right Panel,Yes 1000 Envelopes 6.5X6.5
Majestic,Silk,6 x 12,Vertical,Rectangle,16PT C2S,Spot UV,Silk,Spot UV Back,4/4 (4 color both sides),1000,Score in Half,Moon Slits Right Panel,Yes 1000 Envelopes 6.5X6.5
Majestic,Silk,6 x 12,Horizontal,Rectangle,16PT C2S,Spot UV,Silk,Spot UV Both Sides,4/4 (4 color both sides),1000,Score in Half,Moon Slits Right Panel,Yes 1000 Envelopes 6.5X6.5
Majestic,Silk,6 x 12,Vertical,Rectangle,16PT C2S,Spot UV,Silk,Spot UV Both Sides,4/4 (4 color both sides),1000,Score in Half,Moon Slits Right Panel,Yes 1000 Envelopes 6.5X6.5
Majestic,Silk,6 x 12,Horizontal,Rectangle,16PT C2S,Spot UV,Silk,Spot UV Front,4/1,2500,Score in Half,Moon Slits Right Panel,Yes 1000 Envelopes 6.5X6.5
Majestic,Silk,6 x 12,Vertical,Rectangle,16PT C2S,Spot UV,Silk,Spot UV Front,4/1,2500,Score in Half,Moon Slits Right Panel,Yes 1000 Envelopes 6.5X6.5
Majestic,Silk,6 x 12,Horizontal,Rectangle,16PT C2S,Spot UV,Silk,Spot UV Back,4/1,2500,Score in Half,Moon Slits Right Panel,Yes 1000 Envelopes 6.5X6.5
Majestic,Silk,6 x 12,Vertical,Rectangle,16PT C2S,Spot UV,Silk,Spot UV Back,4/1,2500,Score in Half,Moon Slits Right Panel,Yes 1000 Envelopes 6.5X6.5
Majestic,Silk,6 x 12,Horizontal,Rectangle,16PT C2S,Spot UV,Silk,Spot UV Both Sides,4/1,2500,Score in Half,Moon Slits Right Panel,Yes 1000 Envelopes 6.5X6.5
Majestic,Silk,6 x 12,Vertical,Rectangle,16PT C2S,Spot UV,Silk,Spot UV Both Sides,4/1,2500,Score in Half,Moon Slits Right Panel,Yes 1000 Envelopes 6.5X6.5
Majestic,Silk,6 x 12,Horizontal,Rectangle,16PT C2S,Spot UV,Silk,Spot UV Front,4/4 (4 color both sides),2500,Score in Half,Moon Slits Right Panel,Yes 1000 Envelopes 6.5X6.5
Majestic,Silk,6 x 12,Vertical,Rectangle,16PT C2S,Spot UV,Silk,Spot UV Front,4/4 (4 color both sides),2500,Score in Half,Moon Slits Right Panel,Yes 1000 Envelopes 6.5X6.5
Majestic,Silk,6 x 12,Horizontal,Rectangle,16PT C2S,Spot UV,Silk,Spot UV Front,4/4 (4 color both sides),10000,Score in Half,Moon Slits Bottom Panel,Yes 1000 Envelopes 6.5X6.5
Majestic,Silk,6 x 12,Vertical,Rectangle,16PT C2S,Spot UV,Silk,Spot UV Back,4/4 (4 color both sides),2500,Score in Half,Moon Slits Right Panel,Yes 1000 Envelopes 6.5X6.5
Majestic,Silk,6 x 12,Horizontal,Rectangle,16PT C2S,Spot UV,Silk,Spot UV Both Sides,4/4 (4 color both sides),2500,Score in Half,Moon Slits Right Panel,Yes 1000 Envelopes 6.5X6.5
Majestic,Silk,6 x 12,Vertical,Rectangle,16PT C2S,Spot UV,Silk,Spot UV Both Sides,4/4 (4 color both sides),2500,Score in Half,Moon Slits Right Panel,Yes 1000 Envelopes 6.5X6.5
Majestic,Silk,6 x 12,Horizontal,Rectangle,16PT C2S,Spot UV,Silk,Spot UV Front,4/1,5000,Score in Half,Moon Slits Right Panel,Yes 1000 Envelopes 6.5X6.5
Majestic,Silk,6 x 12,Vertical,Rectangle,16PT C2S,Spot UV,Silk,Spot UV Front,4/1,5000,Score in Half,Moon Slits Right Panel,Yes 1000 Envelopes 6.5X6.5
Majestic,Silk,6 x 12,Horizontal,Rectangle,16PT C2S,Spot UV,Silk,Spot UV Back,4/1,5000,Score in Half,Moon Slits Right Panel,Yes 1000 Envelopes 6.5X6.5
Majestic,Silk,6 x 12,Vertical,Rectangle,16PT C2S,Spot UV,Silk,Spot UV Back,4/1,5000,Score in Half,Moon Slits Right Panel,Yes 1000 Envelopes 6.5X6.5
Majestic,Silk,6 x 12,Horizontal,Rectangle,16PT C2S,Spot UV,Silk,Spot UV Both Sides,4/1,5000,Score in Half,Moon Slits Right Panel,Yes 1000 Envelopes 6.5X6.5
Majestic,Silk,6 x 12,Vertical,Rectangle,16PT C2S,Spot UV,Silk,Spot UV Both Sides,4/1,5000,Score in Half,Moon Slits Right Panel,Yes 1000 Envelopes 6.5X6.5
Majestic,Silk,6 x 12,Horizontal,Rectangle,16PT C2S,Spot UV,Silk,Spot UV Front,4/4 (4 color both sides),5000,Score in Half,Moon Slits Right Panel,Yes 1000 Envelopes 6.5X6.5
Majestic,Silk,6 x 12,Vertical,Rectangle,16PT C2S,Spot UV,Silk,Spot UV Front,4/4 (4 color both sides),5000,Score in Half,Moon Slits Right Panel,Yes 1000 Envelopes 6.5X6.5
Majestic,Silk,6 x 12,Horizontal,Rectangle,16PT C2S,Spot UV,Silk,Spot UV Back,4/4 (4 color both sides),5000,Score in Half,Moon Slits Right Panel,Yes 1000 Envelopes 6.5X6.5
Majestic,Silk,6 x 12,Horizontal,Rectangle,16PT C2S,Spot UV,Silk,Spot UV Back,4/4 (4 color both sides),2500,Score in Half,Moon Slits Right Panel,Yes 1000 Envelopes 6.5X6.5
Majestic,Silk,6 x 12,Horizontal,Rectangle,16PT C2S,Spot UV,Silk,Spot UV Both Sides,4/4 (4 color both sides),5000,Score in Half,Moon Slits Right Panel,Yes 1000 Envelopes 6.5X6.5
Majestic,Silk,6 x 12,Vertical,Rectangle,16PT C2S,Spot UV,Silk,Spot UV Both Sides,4/4 (4 color both sides),5000,Score in Half,Moon Slits Right Panel,Yes 1000 Envelopes 6.5X6.5
Majestic,Silk,6 x 12,Horizontal,Rectangle,16PT C2S,Spot UV,Silk,Spot UV Front,4/1,10000,Score in Half,Moon Slits Right Panel,Yes 1000 Envelopes 6.5X6.5
Majestic,Silk,6 x 12,Vertical,Rectangle,16PT C2S,Spot UV,Silk,Spot UV Front,4/1,10000,Score in Half,Moon Slits Right Panel,Yes 1000 Envelopes 6.5X6.5
Majestic,Silk,6 x 12,Horizontal,Rectangle,16PT C2S,Spot UV,Silk,Spot UV Back,4/1,10000,Score in Half,Moon Slits Right Panel,Yes 1000 Envelopes 6.5X6.5
Majestic,Silk,6 x 12,Vertical,Rectangle,16PT C2S,Spot UV,Silk,Spot UV Back,4/1,10000,Score in Half,Moon Slits Right Panel,Yes 1000 Envelopes 6.5X6.5
Majestic,Silk,6 x 12,Horizontal,Rectangle,16PT C2S,Spot UV,Silk,Spot UV Both Sides,4/1,10000,Score in Half,Moon Slits Right Panel,Yes 1000 Envelopes 6.5X6.5
Majestic,Silk,6 x 12,Horizontal,Rectangle,16PT C2S,Spot UV,Silk,Spot UV Front,4/4 (4 color both sides),10000,Score in Half,Moon Slits Right Panel,Yes 1000 Envelopes 6.5X6.5
Majestic,Silk,6 x 12,Vertical,Rectangle,16PT C2S,Spot UV,Silk,Spot UV Both Sides,4/1,10000,Score in Half,Moon Slits Right Panel,Yes 1000 Envelopes 6.5X6.5
Majestic,Silk,6 x 12,Vertical,Rectangle,16PT C2S,Spot UV,Silk,Spot UV Front,4/4 (4 color both sides),10000,Score in Half,Moon Slits Right Panel,Yes 1000 Envelopes 6.5X6.5
Majestic,Silk,6 x 12,Horizontal,Rectangle,16PT C2S,Spot UV,Silk,Spot UV Back,4/4 (4 color both sides),10000,Score in Half,Moon Slits Right Panel,Yes 1000 Envelopes 6.5X6.5
Majestic,Silk,6 x 12,Vertical,Rectangle,16PT C2S,Spot UV,Silk,Spot UV Back,4/4 (4 color both sides),10000,Score in Half,Moon Slits Right Panel,Yes 1000 Envelopes 6.5X6.5
Majestic,Silk,6 x 12,Vertical,Rectangle,16PT C2S,Spot UV,Silk,Spot UV Front,4/4 (4 color both sides),10000,Score in Half,Moon Slits Bottom Panel,Yes 1000 Envelopes 6.5X6.5
Majestic,Silk,6 x 12,Horizontal,Rectangle,16PT C2S,Spot UV,Silk,Spot UV Both Sides,4/4 (4 color both sides),10000,Score in Half,Moon Slits Right Panel,Yes 1000 Envelopes 6.5X6.5
Majestic,Silk,6 x 12,Horizontal,Rectangle,16PT C2S,Spot UV,Silk,Spot UV Front,4/1,500,Score in Half,No Gift Cards Slits,Yes 1000 Envelopes 6.5X6.5
Majestic,Silk,6 x 12,Vertical,Rectangle,16PT C2S,Spot UV,Silk,Spot UV Back,4/4 (4 color both sides),5000,Score in Half,Moon Slits Right Panel,Yes 1000 Envelopes 6.5X6.5
Majestic,Silk,6 x 12,Vertical,Rectangle,16PT C2S,Spot UV,Silk,Spot UV Front,4/1,500,Score in Half,No Gift Cards Slits,Yes 1000 Envelopes 6.5X6.5
Majestic,Silk,6 x 12,Vertical,Rectangle,16PT C2S,Spot UV,Silk,Spot UV Back,4/1,500,Score in Half,No Gift Cards Slits,Yes 1000 Envelopes 6.5X6.5
Majestic,Silk,6 x 12,Horizontal,Rectangle,16PT C2S,Spot UV,Silk,Spot UV Both Sides,4/1,500,Score in Half,No Gift Cards Slits,Yes 1000 Envelopes 6.5X6.5
Majestic,Silk,6 x 12,Vertical,Rectangle,16PT C2S,Spot UV,Silk,Spot UV Both Sides,4/1,500,Score in Half,No Gift Cards Slits,Yes 1000 Envelopes 6.5X6.5
Majestic,Silk,6 x 12,Horizontal,Rectangle,16PT C2S,Spot UV,Silk,Spot UV Front,4/4 (4 color both sides),500,Score in Half,No Gift Cards Slits,Yes 1000 Envelopes 6.5X6.5
Majestic,Silk,6 x 12,Vertical,Rectangle,16PT C2S,Spot UV,Silk,Spot UV Front,4/4 (4 color both sides),500,Score in Half,No Gift Cards Slits,Yes 1000 Envelopes 6.5X6.5
Majestic,Silk,6 x 12,Horizontal,Rectangle,16PT C2S,Spot UV,Silk,Spot UV Back,4/4 (4 color both sides),500,Score in Half,No Gift Cards Slits,Yes 1000 Envelopes 6.5X6.5
Majestic,Silk,6 x 12,Vertical,Rectangle,16PT C2S,Spot UV,Silk,Spot UV Back,4/4 (4 color both sides),500,Score in Half,No Gift Cards Slits,Yes 1000 Envelopes 6.5X6.5
Majestic,Silk,6 x 12,Horizontal,Rectangle,16PT C2S,Spot UV,Silk,Spot UV Both Sides,4/4 (4 color both sides),500,Score in Half,No Gift Cards Slits,Yes 1000 Envelopes 6.5X6.5
Majestic,Silk,6 x 12,Vertical,Rectangle,16PT C2S,Spot UV,Silk,Spot UV Both Sides,4/4 (4 color both sides),10000,Score in Half,Moon Slits Right Panel,Yes 1000 Envelopes 6.5X6.5
Majestic,Silk,6 x 12,Horizontal,Rectangle,16PT C2S,Spot UV,Silk,Spot UV Front,4/1,1000,Score in Half,No Gift Cards Slits,Yes 1000 Envelopes 6.5X6.5
Majestic,Silk,6 x 12,Horizontal,Rectangle,16PT C2S,Spot UV,Silk,Spot UV Back,4/1,1000,Score in Half,No Gift Cards Slits,Yes 1000 Envelopes 6.5X6.5
Majestic,Silk,6 x 12,Vertical,Rectangle,16PT C2S,Spot UV,Silk,Spot UV Back,4/1,1000,Score in Half,No Gift Cards Slits,Yes 1000 Envelopes 6.5X6.5
Majestic,Silk,6 x 12,Horizontal,Rectangle,16PT C2S,Spot UV,Silk,Spot UV Both Sides,4/1,1000,Score in Half,No Gift Cards Slits,Yes 1000 Envelopes 6.5X6.5
Majestic,Silk,6 x 12,Vertical,Rectangle,16PT C2S,Spot UV,Silk,Spot UV Front,4/1,1000,Score in Half,No Gift Cards Slits,Yes 1000 Envelopes 6.5X6.5
Majestic,Silk,6 x 12,Vertical,Rectangle,16PT C2S,Spot UV,Silk,Spot UV Both Sides,4/1,1000,Score in Half,No Gift Cards Slits,Yes 1000 Envelopes 6.5X6.5
Majestic,Silk,6 x 12,Vertical,Rectangle,16PT C2S,Spot UV,Silk,Spot UV Front,4/4 (4 color both sides),1000,Score in Half,No Gift Cards Slits,Yes 1000 Envelopes 6.5X6.5
Majestic,Silk,6 x 12,Horizontal,Rectangle,16PT C2S,Spot UV,Silk,Spot UV Back,4/4 (4 color both sides),1000,Score in Half,No Gift Cards Slits,Yes 1000 Envelopes 6.5X6.5
Majestic,Silk,6 x 12,Vertical,Rectangle,16PT C2S,Spot UV,Silk,Spot UV Back,4/4 (4 color both sides),1000,Score in Half,No Gift Cards Slits,Yes 1000 Envelopes 6.5X6.5
Majestic,Silk,6 x 12,Horizontal,Rectangle,16PT C2S,Spot UV,Silk,Spot UV Both Sides,4/4 (4 color both sides),1000,Score in Half,No Gift Cards Slits,Yes 1000 Envelopes 6.5X6.5
Majestic,Silk,6 x 12,Horizontal,Rectangle,16PT C2S,Spot UV,Silk,Spot UV Front,4/4 (4 color both sides),1000,Score in Half,No Gift Cards Slits,Yes 1000 Envelopes 6.5X6.5
Majestic,Silk,6 x 12,Horizontal,Rectangle,16PT C2S,Spot UV,Silk,Spot UV Front,4/1,2500,Score in Half,No Gift Cards Slits,Yes 1000 Envelopes 6.5X6.5
Majestic,Silk,6 x 12,Vertical,Rectangle,16PT C2S,Spot UV,Silk,Spot UV Both Sides,4/4 (4 color both sides),1000,Score in Half,No Gift Cards Slits,Yes 1000 Envelopes 6.5X6.5
Majestic,Silk,6 x 12,Vertical,Rectangle,16PT C2S,Spot UV,Silk,Spot UV Front,4/1,2500,Score in Half,No Gift Cards Slits,Yes 1000 Envelopes 6.5X6.5
Majestic,Silk,6 x 12,Horizontal,Rectangle,16PT C2S,Spot UV,Silk,Spot UV Back,4/1,2500,Score in Half,No Gift Cards Slits,Yes 1000 Envelopes 6.5X6.5
Majestic,Silk,6 x 12,Vertical,Rectangle,16PT C2S,Spot UV,Silk,Spot UV Back,4/1,2500,Score in Half,No Gift Cards Slits,Yes 1000 Envelopes 6.5X6.5
Majestic,Silk,6 x 12,Vertical,Rectangle,16PT C2S,Spot UV,Silk,Spot UV Both Sides,4/4 (4 color both sides),500,Score in Half,No Gift Cards Slits,Yes 1000 Envelopes 6.5X6.5
Majestic,Silk,6 x 12,Vertical,Rectangle,16PT C2S,Spot UV,Silk,Spot UV Both Sides,4/1,2500,Score in Half,No Gift Cards Slits,Yes 1000 Envelopes 6.5X6.5
Majestic,Silk,6 x 12,Horizontal,Rectangle,16PT C2S,Spot UV,Silk,Spot UV Front,4/4 (4 color both sides),2500,Score in Half,No Gift Cards Slits,Yes 1000 Envelopes 6.5X6.5
Majestic,Silk,6 x 12,Vertical,Rectangle,16PT C2S,Spot UV,Silk,Spot UV Front,4/4 (4 color both sides),2500,Score in Half,No Gift Cards Slits,Yes 1000 Envelopes 6.5X6.5
Majestic,Silk,6 x 12,Horizontal,Rectangle,16PT C2S,Spot UV,Silk,Spot UV Back,4/4 (4 color both sides),2500,Score in Half,No Gift Cards Slits,Yes 1000 Envelopes 6.5X6.5
Majestic,Silk,6 x 12,Vertical,Rectangle,16PT C2S,Spot UV,Silk,Spot UV Back,4/4 (4 color both sides),2500,Score in Half,No Gift Cards Slits,Yes 1000 Envelopes 6.5X6.5
Majestic,Silk,6 x 12,Horizontal,Rectangle,16PT C2S,Spot UV,Silk,Spot UV Both Sides,4/4 (4 color both sides),2500,Score in Half,No Gift Cards Slits,Yes 1000 Envelopes 6.5X6.5
Majestic,Silk,6 x 12,Vertical,Rectangle,16PT C2S,Spot UV,Silk,Spot UV Both Sides,4/4 (4 color both sides),2500,Score in Half,No Gift Cards Slits,Yes 1000 Envelopes 6.5X6.5
Majestic,Silk,6 x 12,Horizontal,Rectangle,16PT C2S,Spot UV,Silk,Spot UV Front,4/1,5000,Score in Half,No Gift Cards Slits,Yes 1000 Envelopes 6.5X6.5
Majestic,Silk,6 x 12,Horizontal,Rectangle,16PT C2S,Spot UV,Silk,Spot UV Back,4/1,5000,Score in Half,No Gift Cards Slits,Yes 1000 Envelopes 6.5X6.5
Majestic,Silk,6 x 12,Vertical,Rectangle,16PT C2S,Spot UV,Silk,Spot UV Front,4/1,5000,Score in Half,No Gift Cards Slits,Yes 1000 Envelopes 6.5X6.5
Majestic,Silk,6 x 12,Vertical,Rectangle,16PT C2S,Spot UV,Silk,Spot UV Back,4/1,5000,Score in Half,No Gift Cards Slits,Yes 1000 Envelopes 6.5X6.5
Majestic,Silk,6 x 12,Horizontal,Rectangle,16PT C2S,Spot UV,Silk,Spot UV Both Sides,4/1,5000,Score in Half,No Gift Cards Slits,Yes 1000 Envelopes 6.5X6.5
Majestic,Silk,6 x 12,Vertical,Rectangle,16PT C2S,Spot UV,Silk,Spot UV Both Sides,4/1,5000,Score in Half,No Gift Cards Slits,Yes 1000 Envelopes 6.5X6.5
Majestic,Silk,6 x 12,Horizontal,Rectangle,16PT C2S,Spot UV,Silk,Spot UV Front,4/4 (4 color both sides),5000,Score in Half,No Gift Cards Slits,Yes 1000 Envelopes 6.5X6.5
Majestic,Silk,6 x 12,Vertical,Rectangle,16PT C2S,Spot UV,Silk,Spot UV Front,4/4 (4 color both sides),5000,Score in Half,No Gift Cards Slits,Yes 1000 Envelopes 6.5X6.5
Majestic,Silk,6 x 12,Horizontal,Rectangle,16PT C2S,Spot UV,Silk,Spot UV Back,4/4 (4 color both sides),5000,Score in Half,No Gift Cards Slits,Yes 1000 Envelopes 6.5X6.5
Majestic,Silk,6 x 12,Vertical,Rectangle,16PT C2S,Spot UV,Silk,Spot UV Back,4/4 (4 color both sides),5000,Score in Half,No Gift Cards Slits,Yes 1000 Envelopes 6.5X6.5
Majestic,Silk,6 x 12,Horizontal,Rectangle,16PT C2S,Spot UV,Silk,Spot UV Both Sides,4/4 (4 color both sides),5000,Score in Half,No Gift Cards Slits,Yes 1000 Envelopes 6.5X6.5
Majestic,Silk,6 x 12,Vertical,Rectangle,16PT C2S,Spot UV,Silk,Spot UV Both Sides,4/4 (4 color both sides),5000,Score in Half,No Gift Cards Slits,Yes 1000 Envelopes 6.5X6.5
Majestic,Silk,6 x 12,Horizontal,Rectangle,16PT C2S,Spot UV,Silk,Spot UV Front,4/1,10000,Score in Half,No Gift Cards Slits,Yes 1000 Envelopes 6.5X6.5
Majestic,Silk,6 x 12,Vertical,Rectangle,16PT C2S,Spot UV,Silk,Spot UV Front,4/1,10000,Score in Half,No Gift Cards Slits,Yes 1000 Envelopes 6.5X6.5
Majestic,Silk,6 x 12,Horizontal,Rectangle,16PT C2S,Spot UV,Silk,Spot UV Back,4/1,10000,Score in Half,No Gift Cards Slits,Yes 1000 Envelopes 6.5X6.5
Majestic,Silk,6 x 12,Horizontal,Rectangle,16PT C2S,Spot UV,Silk,Spot UV Both Sides,4/1,10000,Score in Half,No Gift Cards Slits,Yes 1000 Envelopes 6.5X6.5
Majestic,Silk,6 x 12,Vertical,Rectangle,16PT C2S,Spot UV,Silk,Spot UV Both Sides,4/1,10000,Score in Half,No Gift Cards Slits,Yes 1000 Envelopes 6.5X6.5
Majestic,Silk,6 x 12,Horizontal,Rectangle,16PT C2S,Spot UV,Silk,Spot UV Front,4/4 (4 color both sides),10000,Score in Half,No Gift Cards Slits,Yes 1000 Envelopes 6.5X6.5
Majestic,Silk,6 x 12,Vertical,Rectangle,16PT C2S,Spot UV,Silk,Spot UV Back,4/1,10000,Score in Half,No Gift Cards Slits,Yes 1000 Envelopes 6.5X6.5
Majestic,Silk,6 x 12,Vertical,Rectangle,16PT C2S,Spot UV,Silk,Spot UV Front,4/4 (4 color both sides),10000,Score in Half,No Gift Cards Slits,Yes 1000 Envelopes 6.5X6.5
Majestic,Silk,6 x 12,Horizontal,Rectangle,16PT C2S,Spot UV,Silk,Spot UV Back,4/4 (4 color both sides),10000,Score in Half,No Gift Cards Slits,Yes 1000 Envelopes 6.5X6.5
Majestic,Silk,6 x 12,Horizontal,Rectangle,16PT C2S,Spot UV,Silk,Spot UV Both Sides,4/4 (4 color both sides),10000,Score in Half,No Gift Cards Slits,Yes 1000 Envelopes 6.5X6.5
Majestic,Silk,6 x 12,Vertical,Rectangle,16PT C2S,Spot UV,Silk,Spot UV Back,4/4 (4 color both sides),10000,Score in Half,No Gift Cards Slits,Yes 1000 Envelopes 6.5X6.5
Majestic,Silk,6 x 12,Vertical,Rectangle,16PT C2S,Spot UV,Silk,Spot UV Both Sides,4/4 (4 color both sides),10000,Score in Half,No Gift Cards Slits,Yes 1000 Envelopes 6.5X6.5
Majestic,Silk,6 x 12,Horizontal,Rectangle,16PT C2S,Spot UV,Silk,Spot UV Front,4/1,500,Score in Half,Slide Slits Bottom Panel,Yes 1000 Envelopes 6.5X6.5
Majestic,Silk,6 x 12,Vertical,Rectangle,16PT C2S,Spot UV,Silk,Spot UV Front,4/1,500,Score in Half,Slide Slits Bottom Panel,Yes 1000 Envelopes 6.5X6.5
Majestic,Silk,6 x 12,Horizontal,Rectangle,16PT C2S,Spot UV,Silk,Spot UV Back,4/1,500,Score in Half,Slide Slits Bottom Panel,Yes 1000 Envelopes 6.5X6.5
Majestic,Silk,6 x 12,Vertical,Rectangle,16PT C2S,Spot UV,Silk,Spot UV Back,4/1,500,Score in Half,Slide Slits Bottom Panel,Yes 1000 Envelopes 6.5X6.5
Majestic,Silk,6 x 12,Horizontal,Rectangle,16PT C2S,Spot UV,Silk,Spot UV Both Sides,4/1,500,Score in Half,Slide Slits Bottom Panel,Yes 1000 Envelopes 6.5X6.5
Majestic,Silk,6 x 12,Vertical,Rectangle,16PT C2S,Spot UV,Silk,Spot UV Both Sides,4/1,500,Score in Half,Slide Slits Bottom Panel,Yes 1000 Envelopes 6.5X6.5
Majestic,Silk,6 x 12,Horizontal,Rectangle,16PT C2S,Spot UV,Silk,Spot UV Front,4/4 (4 color both sides),500,Score in Half,Slide Slits Bottom Panel,Yes 1000 Envelopes 6.5X6.5
Majestic,Silk,6 x 12,Horizontal,Rectangle,16PT C2S,Spot UV,Silk,Spot UV Back,4/1,500,Score in Half,No Gift Cards Slits,Yes 1000 Envelopes 6.5X6.5
Majestic,Silk,6 x 12,Horizontal,Rectangle,16PT C2S,Spot UV,Silk,Spot UV Back,4/4 (4 color both sides),500,Score in Half,Slide Slits Bottom Panel,Yes 1000 Envelopes 6.5X6.5
Majestic,Silk,6 x 12,Horizontal,Rectangle,16PT C2S,Spot UV,Silk,Spot UV Both Sides,4/4 (4 color both sides),500,Score in Half,Slide Slits Bottom Panel,Yes 1000 Envelopes 6.5X6.5
Majestic,Silk,6 x 12,Vertical,Rectangle,16PT C2S,Spot UV,Silk,Spot UV Both Sides,4/4 (4 color both sides),500,Score in Half,Slide Slits Bottom Panel,Yes 1000 Envelopes 6.5X6.5
Majestic,Silk,6 x 12,Horizontal,Rectangle,16PT C2S,Spot UV,Silk,Spot UV Front,4/1,1000,Score in Half,Slide Slits Bottom Panel,Yes 1000 Envelopes 6.5X6.5
Majestic,Silk,6 x 12,Vertical,Rectangle,16PT C2S,Spot UV,Silk,Spot UV Back,4/4 (4 color both sides),500,Score in Half,Slide Slits Bottom Panel,Yes 1000 Envelopes 6.5X6.5
Majestic,Silk,6 x 12,Horizontal,Rectangle,16PT C2S,Spot UV,Silk,Spot UV Back,4/1,1000,Score in Half,Slide Slits Bottom Panel,Yes 1000 Envelopes 6.5X6.5
Majestic,Silk,6 x 12,Vertical,Rectangle,16PT C2S,Spot UV,Silk,Spot UV Back,4/1,1000,Score in Half,Slide Slits Bottom Panel,Yes 1000 Envelopes 6.5X6.5
Majestic,Silk,6 x 12,Horizontal,Rectangle,16PT C2S,Spot UV,Silk,Spot UV Both Sides,4/1,1000,Score in Half,Slide Slits Bottom Panel,Yes 1000 Envelopes 6.5X6.5
Majestic,Silk,6 x 12,Vertical,Rectangle,16PT C2S,Spot UV,Silk,Spot UV Front,4/1,1000,Score in Half,Slide Slits Bottom Panel,Yes 1000 Envelopes 6.5X6.5
Majestic,Silk,6 x 12,Horizontal,Rectangle,16PT C2S,Spot UV,Silk,Spot UV Front,4/4 (4 color both sides),1000,Score in Half,Slide Slits Bottom Panel,Yes 1000 Envelopes 6.5X6.5
Majestic,Silk,6 x 12,Vertical,Rectangle,16PT C2S,Spot UV,Silk,Spot UV Both Sides,4/1,1000,Score in Half,Slide Slits Bottom Panel,Yes 1000 Envelopes 6.5X6.5
Majestic,Silk,6 x 12,Vertical,Rectangle,16PT C2S,Spot UV,Silk,Spot UV Front,4/4 (4 color both sides),1000,Score in Half,Slide Slits Bottom Panel,Yes 1000 Envelopes 6.5X6.5
Majestic,Silk,6 x 12,Horizontal,Rectangle,16PT C2S,Spot UV,Silk,Spot UV Back,4/4 (4 color both sides),1000,Score in Half,Slide Slits Bottom Panel,Yes 1000 Envelopes 6.5X6.5
Majestic,Silk,6 x 12,Vertical,Rectangle,16PT C2S,Spot UV,Silk,Spot UV Back,4/4 (4 color both sides),1000,Score in Half,Slide Slits Bottom Panel,Yes 1000 Envelopes 6.5X6.5
Majestic,Silk,6 x 12,Horizontal,Rectangle,16PT C2S,Spot UV,Silk,Spot UV Both Sides,4/4 (4 color both sides),1000,Score in Half,Slide Slits Bottom Panel,Yes 1000 Envelopes 6.5X6.5
Majestic,Silk,6 x 12,Vertical,Rectangle,16PT C2S,Spot UV,Silk,Spot UV Both Sides,4/4 (4 color both sides),1000,Score in Half,Slide Slits Bottom Panel,Yes 1000 Envelopes 6.5X6.5
Majestic,Silk,6 x 12,Horizontal,Rectangle,16PT C2S,Spot UV,Silk,Spot UV Front,4/1,2500,Score in Half,Slide Slits Bottom Panel,Yes 1000 Envelopes 6.5X6.5
Majestic,Silk,6 x 12,Vertical,Rectangle,16PT C2S,Spot UV,Silk,Spot UV Front,4/1,2500,Score in Half,Slide Slits Bottom Panel,Yes 1000 Envelopes 6.5X6.5
Majestic,Silk,6 x 12,Horizontal,Rectangle,16PT C2S,Spot UV,Silk,Spot UV Back,4/1,2500,Score in Half,Slide Slits Bottom Panel,Yes 1000 Envelopes 6.5X6.5
Majestic,Silk,6 x 12,Vertical,Rectangle,16PT C2S,Spot UV,Silk,Spot UV Back,4/1,2500,Score in Half,Slide Slits Bottom Panel,Yes 1000 Envelopes 6.5X6.5
Majestic,Silk,6 x 12,Horizontal,Rectangle,16PT C2S,Spot UV,Silk,Spot UV Both Sides,4/1,2500,Score in Half,Slide Slits Bottom Panel,Yes 1000 Envelopes 6.5X6.5
Majestic,Silk,6 x 12,Horizontal,Rectangle,16PT C2S,Spot UV,Silk,Spot UV Front,4/4 (4 color both sides),2500,Score in Half,Slide Slits Bottom Panel,Yes 1000 Envelopes 6.5X6.5
Majestic,Silk,6 x 12,Vertical,Rectangle,16PT C2S,Spot UV,Silk,Spot UV Both Sides,4/1,2500,Score in Half,Slide Slits Bottom Panel,Yes 1000 Envelopes 6.5X6.5
Majestic,Silk,6 x 12,Vertical,Rectangle,16PT C2S,Spot UV,Silk,Spot UV Front,4/4 (4 color both sides),2500,Score in Half,Slide Slits Bottom Panel,Yes 1000 Envelopes 6.5X6.5
Majestic,Silk,6 x 12,Horizontal,Rectangle,16PT C2S,Spot UV,Silk,Spot UV Back,4/4 (4 color both sides),2500,Score in Half,Slide Slits Bottom Panel,Yes 1000 Envelopes 6.5X6.5
Majestic,Silk,6 x 12,Vertical,Rectangle,16PT C2S,Spot UV,Silk,Spot UV Back,4/4 (4 color both sides),2500,Score in Half,Slide Slits Bottom Panel,Yes 1000 Envelopes 6.5X6.5
Majestic,Silk,6 x 12,Horizontal,Rectangle,16PT C2S,Spot UV,Silk,Spot UV Both Sides,4/4 (4 color both sides),2500,Score in Half,Slide Slits Bottom Panel,Yes 1000 Envelopes 6.5X6.5
Majestic,Silk,6 x 12,Vertical,Rectangle,16PT C2S,Spot UV,Silk,Spot UV Both Sides,4/4 (4 color both sides),2500,Score in Half,Slide Slits Bottom Panel,Yes 1000 Envelopes 6.5X6.5
Majestic,Silk,6 x 12,Horizontal,Rectangle,16PT C2S,Spot UV,Silk,Spot UV Front,4/1,5000,Score in Half,Slide Slits Bottom Panel,Yes 1000 Envelopes 6.5X6.5
Majestic,Silk,6 x 12,Vertical,Rectangle,16PT C2S,Spot UV,Silk,Spot UV Front,4/1,5000,Score in Half,Slide Slits Bottom Panel,Yes 1000 Envelopes 6.5X6.5
Majestic,Silk,6 x 12,Horizontal,Rectangle,16PT C2S,Spot UV,Silk,Spot UV Back,4/1,5000,Score in Half,Slide Slits Bottom Panel,Yes 1000 Envelopes 6.5X6.5
Majestic,Silk,6 x 12,Vertical,Rectangle,16PT C2S,Spot UV,Silk,Spot UV Back,4/1,5000,Score in Half,Slide Slits Bottom Panel,Yes 1000 Envelopes 6.5X6.5
Majestic,Silk,6 x 12,Horizontal,Rectangle,16PT C2S,Spot UV,Silk,Spot UV Both Sides,4/1,5000,Score in Half,Slide Slits Bottom Panel,Yes 1000 Envelopes 6.5X6.5
Majestic,Silk,6 x 12,Vertical,Rectangle,16PT C2S,Spot UV,Silk,Spot UV Both Sides,4/1,5000,Score in Half,Slide Slits Bottom Panel,Yes 1000 Envelopes 6.5X6.5
Majestic,Silk,6 x 12,Horizontal,Rectangle,16PT C2S,Spot UV,Silk,Spot UV Front,4/4 (4 color both sides),5000,Score in Half,Slide Slits Bottom Panel,Yes 1000 Envelopes 6.5X6.5
Majestic,Silk,6 x 12,Vertical,Rectangle,16PT C2S,Spot UV,Silk,Spot UV Front,4/4 (4 color both sides),5000,Score in Half,Slide Slits Bottom Panel,Yes 1000 Envelopes 6.5X6.5
Majestic,Silk,6 x 12,Horizontal,Rectangle,16PT C2S,Spot UV,Silk,Spot UV Back,4/4 (4 color both sides),5000,Score in Half,Slide Slits Bottom Panel,Yes 1000 Envelopes 6.5X6.5
Majestic,Silk,6 x 12,Vertical,Rectangle,16PT C2S,Spot UV,Silk,Spot UV Back,4/4 (4 color both sides),5000,Score in Half,Slide Slits Bottom Panel,Yes 1000 Envelopes 6.5X6.5
Majestic,Silk,6 x 12,Horizontal,Rectangle,16PT C2S,Spot UV,Silk,Spot UV Both Sides,4/4 (4 color both sides),5000,Score in Half,Slide Slits Bottom Panel,Yes 1000 Envelopes 6.5X6.5
Majestic,Silk,6 x 12,Vertical,Rectangle,16PT C2S,Spot UV,Silk,Spot UV Both Sides,4/4 (4 color both sides),5000,Score in Half,Slide Slits Bottom Panel,Yes 1000 Envelopes 6.5X6.5
Majestic,Silk,6 x 12,Vertical,Rectangle,16PT C2S,Spot UV,Silk,Spot UV Back,4/1,1000,Score in Half,Moon Slits Right Panel,Yes 1000 Envelopes 6.5X6.5
Majestic,Silk,6 x 12,Vertical,Rectangle,16PT C2S,Spot UV,Silk,Spot UV Front,4/1,10000,Score in Half,Slide Slits Bottom Panel,Yes 1000 Envelopes 6.5X6.5
Majestic,Silk,6 x 12,Horizontal,Rectangle,16PT C2S,Spot UV,Silk,Spot UV Back,4/1,10000,Score in Half,Slide Slits Bottom Panel,Yes 1000 Envelopes 6.5X6.5
Majestic,Silk,6 x 12,Vertical,Rectangle,16PT C2S,Spot UV,Silk,Spot UV Back,4/1,10000,Score in Half,Slide Slits Bottom Panel,Yes 1000 Envelopes 6.5X6.5
Majestic,Silk,6 x 12,Horizontal,Rectangle,16PT C2S,Spot UV,Silk,Spot UV Both Sides,4/1,10000,Score in Half,Slide Slits Bottom Panel,Yes 1000 Envelopes 6.5X6.5
Majestic,Silk,6 x 12,Vertical,Rectangle,16PT C2S,Spot UV,Silk,Spot UV Both Sides,4/1,10000,Score in Half,Slide Slits Bottom Panel,Yes 1000 Envelopes 6.5X6.5
Majestic,Silk,6 x 12,Vertical,Rectangle,16PT C2S,Spot UV,Silk,Spot UV Front,4/4 (4 color both sides),500,Score in Half,Slide Slits Bottom Panel,Yes 1000 Envelopes 6.5X6.5
Majestic,Silk,6 x 12,Vertical,Rectangle,16PT C2S,Spot UV,Silk,Spot UV Front,4/4 (4 color both sides),10000,Score in Half,Slide Slits Bottom Panel,Yes 1000 Envelopes 6.5X6.5
Majestic,Silk,6 x 12,Horizontal,Rectangle,16PT C2S,Spot UV,Silk,Spot UV Back,4/4 (4 color both sides),10000,Score in Half,Slide Slits Bottom Panel,Yes 1000 Envelopes 6.5X6.5
Majestic,Silk,6 x 12,Horizontal,Rectangle,16PT C2S,Spot UV,Silk,Spot UV Both Sides,4/4 (4 color both sides),10000,Score in Half,Slide Slits Bottom Panel,Yes 1000 Envelopes 6.5X6.5
Majestic,Silk,6 x 12,Vertical,Rectangle,16PT C2S,Spot UV,Silk,Spot UV Back,4/4 (4 color both sides),10000,Score in Half,Slide Slits Bottom Panel,Yes 1000 Envelopes 6.5X6.5
Majestic,Silk,6 x 12,Vertical,Rectangle,16PT C2S,Spot UV,Silk,Spot UV Both Sides,4/4 (4 color both sides),10000,Score in Half,Slide Slits Bottom Panel,Yes 1000 Envelopes 6.5X6.5
Majestic,Silk,6 x 12,Horizontal,Rectangle,16PT C2S,Spot UV,Silk,Spot UV Front,4/1,500,Score in Half,Slide Slits Right Panel,Yes 1000 Envelopes 6.5X6.5
Majestic,Silk,6 x 12,Vertical,Rectangle,16PT C2S,Spot UV,Silk,Spot UV Front,4/1,500,Score in Half,Slide Slits Right Panel,Yes 1000 Envelopes 6.5X6.5
Majestic,Silk,6 x 12,Horizontal,Rectangle,16PT C2S,Spot UV,Silk,Spot UV Back,4/1,500,Score in Half,Slide Slits Right Panel,Yes 1000 Envelopes 6.5X6.5
Majestic,Silk,6 x 12,Vertical,Rectangle,16PT C2S,Spot UV,Silk,Spot UV Back,4/1,500,Score in Half,Slide Slits Right Panel,Yes 1000 Envelopes 6.5X6.5
Majestic,Silk,6 x 12,Horizontal,Rectangle,16PT C2S,Spot UV,Silk,Spot UV Both Sides,4/1,500,Score in Half,Slide Slits Right Panel,Yes 1000 Envelopes 6.5X6.5
Majestic,Silk,6 x 12,Vertical,Rectangle,16PT C2S,Spot UV,Silk,Spot UV Both Sides,4/1,500,Score in Half,Slide Slits Right Panel,Yes 1000 Envelopes 6.5X6.5
Majestic,Silk,6 x 12,Horizontal,Rectangle,16PT C2S,Spot UV,Silk,Spot UV Front,4/4 (4 color both sides),500,Score in Half,Slide Slits Right Panel,Yes 1000 Envelopes 6.5X6.5
Majestic,Silk,6 x 12,Vertical,Rectangle,16PT C2S,Spot UV,Silk,Spot UV Front,4/4 (4 color both sides),500,Score in Half,Slide Slits Right Panel,Yes 1000 Envelopes 6.5X6.5
Majestic,Silk,6 x 12,Horizontal,Rectangle,16PT C2S,Spot UV,Silk,Spot UV Back,4/4 (4 color both sides),500,Score in Half,Slide Slits Right Panel,Yes 1000 Envelopes 6.5X6.5
Majestic,Silk,6 x 12,Vertical,Rectangle,16PT C2S,Spot UV,Silk,Spot UV Back,4/4 (4 color both sides),500,Score in Half,Slide Slits Right Panel,Yes 1000 Envelopes 6.5X6.5
Majestic,Silk,6 x 12,Horizontal,Rectangle,16PT C2S,Spot UV,Silk,Spot UV Both Sides,4/4 (4 color both sides),500,Score in Half,Slide Slits Right Panel,Yes 1000 Envelopes 6.5X6.5
Majestic,Silk,6 x 12,Vertical,Rectangle,16PT C2S,Spot UV,Silk,Spot UV Both Sides,4/4 (4 color both sides),500,Score in Half,Slide Slits Right Panel,Yes 1000 Envelopes 6.5X6.5
Majestic,Silk,6 x 12,Horizontal,Rectangle,16PT C2S,Spot UV,Silk,Spot UV Front,4/1,1000,Score in Half,Slide Slits Right Panel,Yes 1000 Envelopes 6.5X6.5
Majestic,Silk,6 x 12,Vertical,Rectangle,16PT C2S,Spot UV,Silk,Spot UV Front,4/1,1000,Score in Half,Slide Slits Right Panel,Yes 1000 Envelopes 6.5X6.5
Majestic,Silk,6 x 12,Horizontal,Rectangle,16PT C2S,Spot UV,Silk,Spot UV Back,4/1,1000,Score in Half,Slide Slits Right Panel,Yes 1000 Envelopes 6.5X6.5
Majestic,Silk,6 x 12,Vertical,Rectangle,16PT C2S,Spot UV,Silk,Spot UV Back,4/1,1000,Score in Half,Slide Slits Right Panel,Yes 1000 Envelopes 6.5X6.5
Majestic,Silk,6 x 12,Horizontal,Rectangle,16PT C2S,Spot UV,Silk,Spot UV Both Sides,4/1,1000,Score in Half,Slide Slits Right Panel,Yes 1000 Envelopes 6.5X6.5
Majestic,Silk,6 x 12,Vertical,Rectangle,16PT C2S,Spot UV,Silk,Spot UV Both Sides,4/1,1000,Score in Half,Slide Slits Right Panel,Yes 1000 Envelopes 6.5X6.5
Majestic,Silk,6 x 12,Horizontal,Rectangle,16PT C2S,Spot UV,Silk,Spot UV Front,4/4 (4 color both sides),1000,Score in Half,Slide Slits Right Panel,Yes 1000 Envelopes 6.5X6.5
Majestic,Silk,6 x 12,Vertical,Rectangle,16PT C2S,Spot UV,Silk,Spot UV Front,4/4 (4 color both sides),1000,Score in Half,Slide Slits Right Panel,Yes 1000 Envelopes 6.5X6.5
Majestic,Silk,6 x 12,Horizontal,Rectangle,16PT C2S,Spot UV,Silk,Spot UV Back,4/4 (4 color both sides),1000,Score in Half,Slide Slits Right Panel,Yes 1000 Envelopes 6.5X6.5
Majestic,Silk,6 x 12,Vertical,Rectangle,16PT C2S,Spot UV,Silk,Spot UV Back,4/4 (4 color both sides),1000,Score in Half,Slide Slits Right Panel,Yes 1000 Envelopes 6.5X6.5
Majestic,Silk,6 x 12,Horizontal,Rectangle,16PT C2S,Spot UV,Silk,Spot UV Both Sides,4/4 (4 color both sides),1000,Score in Half,Slide Slits Right Panel,Yes 1000 Envelopes 6.5X6.5
Majestic,Silk,6 x 12,Vertical,Rectangle,16PT C2S,Spot UV,Silk,Spot UV Both Sides,4/4 (4 color both sides),1000,Score in Half,Slide Slits Right Panel,Yes 1000 Envelopes 6.5X6.5
Majestic,Silk,6 x 12,Horizontal,Rectangle,16PT C2S,Spot UV,Silk,Spot UV Front,4/1,2500,Score in Half,Slide Slits Right Panel,Yes 1000 Envelopes 6.5X6.5
Majestic,Silk,6 x 12,Vertical,Rectangle,16PT C2S,Spot UV,Silk,Spot UV Front,4/1,2500,Score in Half,Slide Slits Right Panel,Yes 1000 Envelopes 6.5X6.5
Majestic,Silk,6 x 12,Horizontal,Rectangle,16PT C2S,Spot UV,Silk,Spot UV Back,4/1,2500,Score in Half,Slide Slits Right Panel,Yes 1000 Envelopes 6.5X6.5
Majestic,Silk,6 x 12,Vertical,Rectangle,16PT C2S,Spot UV,Silk,Spot UV Back,4/1,2500,Score in Half,Slide Slits Right Panel,Yes 1000 Envelopes 6.5X6.5
Majestic,Silk,6 x 12,Horizontal,Rectangle,16PT C2S,Spot UV,Silk,Spot UV Front,4/4 (4 color both sides),10000,Score in Half,Slide Slits Bottom Panel,Yes 1000 Envelopes 6.5X6.5
Majestic,Silk,6 x 12,Vertical,Rectangle,16PT C2S,Spot UV,Silk,Spot UV Both Sides,4/1,2500,Score in Half,Slide Slits Right Panel,Yes 1000 Envelopes 6.5X6.5
Majestic,Silk,6 x 12,Horizontal,Rectangle,16PT C2S,Spot UV,Silk,Spot UV Front,4/4 (4 color both sides),2500,Score in Half,Slide Slits Right Panel,Yes 1000 Envelopes 6.5X6.5
Majestic,Silk,6 x 12,Vertical,Rectangle,16PT C2S,Spot UV,Silk,Spot UV Front,4/4 (4 color both sides),2500,Score in Half,Slide Slits Right Panel,Yes 1000 Envelopes 6.5X6.5
Majestic,Silk,6 x 12,Horizontal,Rectangle,16PT C2S,Spot UV,Silk,Spot UV Back,4/4 (4 color both sides),2500,Score in Half,Slide Slits Right Panel,Yes 1000 Envelopes 6.5X6.5
Majestic,Silk,6 x 12,Vertical,Rectangle,16PT C2S,Spot UV,Silk,Spot UV Back,4/4 (4 color both sides),2500,Score in Half,Slide Slits Right Panel,Yes 1000 Envelopes 6.5X6.5
Majestic,Silk,6 x 12,Horizontal,Rectangle,16PT C2S,Spot UV,Silk,Spot UV Both Sides,4/4 (4 color both sides),2500,Score in Half,Slide Slits Right Panel,Yes 1000 Envelopes 6.5X6.5
Majestic,Silk,6 x 12,Vertical,Rectangle,16PT C2S,Spot UV,Silk,Spot UV Both Sides,4/4 (4 color both sides),2500,Score in Half,Slide Slits Right Panel,Yes 1000 Envelopes 6.5X6.5
Majestic,Silk,6 x 12,Horizontal,Rectangle,16PT C2S,Spot UV,Silk,Spot UV Front,4/1,5000,Score in Half,Slide Slits Right Panel,Yes 1000 Envelopes 6.5X6.5
Majestic,Silk,6 x 12,Vertical,Rectangle,16PT C2S,Spot UV,Silk,Spot UV Front,4/1,5000,Score in Half,Slide Slits Right Panel,Yes 1000 Envelopes 6.5X6.5
Majestic,Silk,6 x 12,Horizontal,Rectangle,16PT C2S,Spot UV,Silk,Spot UV Back,4/1,5000,Score in Half,Slide Slits Right Panel,Yes 1000 Envelopes 6.5X6.5
Majestic,Silk,6 x 12,Vertical,Rectangle,16PT C2S,Spot UV,Silk,Spot UV Back,4/1,5000,Score in Half,Slide Slits Right Panel,Yes 1000 Envelopes 6.5X6.5
Majestic,Silk,6 x 12,Horizontal,Rectangle,16PT C2S,Spot UV,Silk,Spot UV Both Sides,4/1,5000,Score in Half,Slide Slits Right Panel,Yes 1000 Envelopes 6.5X6.5
Majestic,Silk,6 x 12,Vertical,Rectangle,16PT C2S,Spot UV,Silk,Spot UV Both Sides,4/1,5000,Score in Half,Slide Slits Right Panel,Yes 1000 Envelopes 6.5X6.5
Majestic,Silk,6 x 12,Horizontal,Rectangle,16PT C2S,Spot UV,Silk,Spot UV Front,4/4 (4 color both sides),5000,Score in Half,Slide Slits Right Panel,Yes 1000 Envelopes 6.5X6.5
Majestic,Silk,6 x 12,Vertical,Rectangle,16PT C2S,Spot UV,Silk,Spot UV Front,4/4 (4 color both sides),5000,Score in Half,Slide Slits Right Panel,Yes 1000 Envelopes 6.5X6.5
Majestic,Silk,6 x 12,Horizontal,Rectangle,16PT C2S,Spot UV,Silk,Spot UV Back,4/4 (4 color both sides),5000,Score in Half,Slide Slits Right Panel,Yes 1000 Envelopes 6.5X6.5
Majestic,Silk,6 x 12,Vertical,Rectangle,16PT C2S,Spot UV,Silk,Spot UV Back,4/4 (4 color both sides),5000,Score in Half,Slide Slits Right Panel,Yes 1000 Envelopes 6.5X6.5
Majestic,Silk,6 x 12,Horizontal,Rectangle,16PT C2S,Spot UV,Silk,Spot UV Both Sides,4/4 (4 color both sides),5000,Score in Half,Slide Slits Right Panel,Yes 1000 Envelopes 6.5X6.5
Majestic,Silk,6 x 12,Vertical,Rectangle,16PT C2S,Spot UV,Silk,Spot UV Both Sides,4/4 (4 color both sides),5000,Score in Half,Slide Slits Right Panel,Yes 1000 Envelopes 6.5X6.5
Majestic,Silk,6 x 12,Horizontal,Rectangle,16PT C2S,Spot UV,Silk,Spot UV Front,4/1,10000,Score in Half,Slide Slits Right Panel,Yes 1000 Envelopes 6.5X6.5
Majestic,Silk,6 x 12,Vertical,Rectangle,16PT C2S,Spot UV,Silk,Spot UV Front,4/1,10000,Score in Half,Slide Slits Right Panel,Yes 1000 Envelopes 6.5X6.5
Majestic,Silk,6 x 12,Horizontal,Rectangle,16PT C2S,Spot UV,Silk,Spot UV Back,4/1,10000,Score in Half,Slide Slits Right Panel,Yes 1000 Envelopes 6.5X6.5
Majestic,Silk,6 x 12,Vertical,Rectangle,16PT C2S,Spot UV,Silk,Spot UV Back,4/1,10000,Score in Half,Slide Slits Right Panel,Yes 1000 Envelopes 6.5X6.5
Majestic,Silk,6 x 12,Horizontal,Rectangle,16PT C2S,Spot UV,Silk,Spot UV Both Sides,4/1,10000,Score in Half,Slide Slits Right Panel,Yes 1000 Envelopes 6.5X6.5
Majestic,Silk,6 x 12,Vertical,Rectangle,16PT C2S,Spot UV,Silk,Spot UV Both Sides,4/1,10000,Score in Half,Slide Slits Right Panel,Yes 1000 Envelopes 6.5X6.5
Majestic,Silk,6 x 12,Horizontal,Rectangle,16PT C2S,Spot UV,Silk,Spot UV Front,4/4 (4 color both sides),10000,Score in Half,Slide Slits Right Panel,Yes 1000 Envelopes 6.5X6.5
Majestic,Silk,6 x 12,Vertical,Rectangle,16PT C2S,Spot UV,Silk,Spot UV Front,4/4 (4 color both sides),10000,Score in Half,Slide Slits Right Panel,Yes 1000 Envelopes 6.5X6.5
Majestic,Silk,6 x 12,Horizontal,Rectangle,16PT C2S,Spot UV,Silk,Spot UV Back,4/4 (4 color both sides),10000,Score in Half,Slide Slits Right Panel,Yes 1000 Envelopes 6.5X6.5
Majestic,Silk,6 x 12,Vertical,Rectangle,16PT C2S,Spot UV,Silk,Spot UV Back,4/4 (4 color both sides),10000,Score in Half,Slide Slits Right Panel,Yes 1000 Envelopes 6.5X6.5
Majestic,Silk,6 x 12,Horizontal,Rectangle,16PT C2S,Spot UV,Silk,Spot UV Both Sides,4/4 (4 color both sides),10000,Score in Half,Slide Slits Right Panel,Yes 1000 Envelopes 6.5X6.5
Majestic,Silk,6 x 12,Vertical,Rectangle,16PT C2S,Spot UV,Silk,Spot UV Both Sides,4/4 (4 color both sides),10000,Score in Half,Slide Slits Right Panel,Yes 1000 Envelopes 6.5X6.5
Majestic,Silk,6 x 12,Horizontal,Rectangle,16PT C2S,Spot UV,Silk,Spot UV Front,4/1,500,Score in Half,Moon Slits Bottom Panel,Yes 2500 Envelopes 6.5X6.5
Majestic,Silk,6 x 12,Vertical,Rectangle,16PT C2S,Spot UV,Silk,Spot UV Front,4/1,500,Score in Half,Moon Slits Bottom Panel,Yes 2500 Envelopes 6.5X6.5
Majestic,Silk,6 x 12,Horizontal,Rectangle,16PT C2S,Spot UV,Silk,Spot UV Back,4/1,500,Score in Half,Moon Slits Bottom Panel,Yes 2500 Envelopes 6.5X6.5
Majestic,Silk,6 x 12,Vertical,Rectangle,16PT C2S,Spot UV,Silk,Spot UV Back,4/1,500,Score in Half,Moon Slits Bottom Panel,Yes 2500 Envelopes 6.5X6.5
Majestic,Silk,6 x 12,Horizontal,Rectangle,16PT C2S,Spot UV,Silk,Spot UV Both Sides,4/1,500,Score in Half,Moon Slits Bottom Panel,Yes 2500 Envelopes 6.5X6.5
Majestic,Silk,6 x 12,Vertical,Rectangle,16PT C2S,Spot UV,Silk,Spot UV Both Sides,4/1,500,Score in Half,Moon Slits Bottom Panel,Yes 2500 Envelopes 6.5X6.5
Majestic,Silk,6 x 12,Horizontal,Rectangle,16PT C2S,Spot UV,Silk,Spot UV Front,4/4 (4 color both sides),500,Score in Half,Moon Slits Bottom Panel,Yes 2500 Envelopes 6.5X6.5
Majestic,Silk,6 x 12,Vertical,Rectangle,16PT C2S,Spot UV,Silk,Spot UV Front,4/4 (4 color both sides),500,Score in Half,Moon Slits Bottom Panel,Yes 2500 Envelopes 6.5X6.5
Majestic,Silk,6 x 12,Horizontal,Rectangle,16PT C2S,Spot UV,Silk,Spot UV Back,4/4 (4 color both sides),500,Score in Half,Moon Slits Bottom Panel,Yes 2500 Envelopes 6.5X6.5
Majestic,Silk,6 x 12,Vertical,Rectangle,16PT C2S,Spot UV,Silk,Spot UV Back,4/4 (4 color both sides),500,Score in Half,Moon Slits Bottom Panel,Yes 2500 Envelopes 6.5X6.5
Majestic,Silk,6 x 12,Vertical,Rectangle,16PT C2S,Spot UV,Silk,Spot UV Both Sides,4/4 (4 color both sides),500,Score in Half,Moon Slits Bottom Panel,Yes 2500 Envelopes 6.5X6.5
Majestic,Silk,6 x 12,Horizontal,Rectangle,16PT C2S,Spot UV,Silk,Spot UV Both Sides,4/4 (4 color both sides),500,Score in Half,Moon Slits Bottom Panel,Yes 2500 Envelopes 6.5X6.5
Majestic,Silk,6 x 12,Horizontal,Rectangle,16PT C2S,Spot UV,Silk,Spot UV Both Sides,4/1,2500,Score in Half,Slide Slits Right Panel,Yes 1000 Envelopes 6.5X6.5
Majestic,Silk,6 x 12,Vertical,Rectangle,16PT C2S,Spot UV,Silk,Spot UV Front,4/1,1000,Score in Half,Moon Slits Bottom Panel,Yes 2500 Envelopes 6.5X6.5
Majestic,Silk,6 x 12,Horizontal,Rectangle,16PT C2S,Spot UV,Silk,Spot UV Back,4/1,1000,Score in Half,Moon Slits Bottom Panel,Yes 2500 Envelopes 6.5X6.5
Majestic,Silk,6 x 12,Vertical,Rectangle,16PT C2S,Spot UV,Silk,Spot UV Back,4/1,1000,Score in Half,Moon Slits Bottom Panel,Yes 2500 Envelopes 6.5X6.5
Majestic,Silk,6 x 12,Horizontal,Rectangle,16PT C2S,Spot UV,Silk,Spot UV Both Sides,4/1,1000,Score in Half,Moon Slits Bottom Panel,Yes 2500 Envelopes 6.5X6.5
Majestic,Silk,6 x 12,Vertical,Rectangle,16PT C2S,Spot UV,Silk,Spot UV Both Sides,4/1,1000,Score in Half,Moon Slits Bottom Panel,Yes 2500 Envelopes 6.5X6.5
Majestic,Silk,6 x 12,Horizontal,Rectangle,16PT C2S,Spot UV,Silk,Spot UV Front,4/4 (4 color both sides),1000,Score in Half,Moon Slits Bottom Panel,Yes 2500 Envelopes 6.5X6.5
Majestic,Silk,6 x 12,Vertical,Rectangle,16PT C2S,Spot UV,Silk,Spot UV Front,4/4 (4 color both sides),1000,Score in Half,Moon Slits Bottom Panel,Yes 2500 Envelopes 6.5X6.5
Majestic,Silk,6 x 12,Horizontal,Rectangle,16PT C2S,Spot UV,Silk,Spot UV Back,4/4 (4 color both sides),1000,Score in Half,Moon Slits Bottom Panel,Yes 2500 Envelopes 6.5X6.5
Majestic,Silk,6 x 12,Vertical,Rectangle,16PT C2S,Spot UV,Silk,Spot UV Back,4/4 (4 color both sides),1000,Score in Half,Moon Slits Bottom Panel,Yes 2500 Envelopes 6.5X6.5
Majestic,Silk,6 x 12,Horizontal,Rectangle,16PT C2S,Spot UV,Silk,Spot UV Both Sides,4/4 (4 color both sides),1000,Score in Half,Moon Slits Bottom Panel,Yes 2500 Envelopes 6.5X6.5
Majestic,Silk,6 x 12,Vertical,Rectangle,16PT C2S,Spot UV,Silk,Spot UV Both Sides,4/4 (4 color both sides),1000,Score in Half,Moon Slits Bottom Panel,Yes 2500 Envelopes 6.5X6.5
Majestic,Silk,6 x 12,Horizontal,Rectangle,16PT C2S,Spot UV,Silk,Spot UV Front,4/1,2500,Score in Half,Moon Slits Bottom Panel,Yes 2500 Envelopes 6.5X6.5
Majestic,Silk,6 x 12,Horizontal,Rectangle,16PT C2S,Spot UV,Silk,Spot UV Both Sides,4/1,2500,Score in Half,No Gift Cards Slits,Yes 1000 Envelopes 6.5X6.5
Majestic,Silk,6 x 12,Horizontal,Rectangle,16PT C2S,Spot UV,Silk,Spot UV Back,4/1,2500,Score in Half,Moon Slits Bottom Panel,Yes 2500 Envelopes 6.5X6.5
Majestic,Silk,6 x 12,Vertical,Rectangle,16PT C2S,Spot UV,Silk,Spot UV Back,4/1,2500,Score in Half,Moon Slits Bottom Panel,Yes 2500 Envelopes 6.5X6.5
Majestic,Silk,6 x 12,Horizontal,Rectangle,16PT C2S,Spot UV,Silk,Spot UV Both Sides,4/1,2500,Score in Half,Moon Slits Bottom Panel,Yes 2500 Envelopes 6.5X6.5
Majestic,Silk,6 x 12,Vertical,Rectangle,16PT C2S,Spot UV,Silk,Spot UV Both Sides,4/1,2500,Score in Half,Moon Slits Bottom Panel,Yes 2500 Envelopes 6.5X6.5
Majestic,Silk,6 x 12,Horizontal,Rectangle,16PT C2S,Spot UV,Silk,Spot UV Front,4/4 (4 color both sides),2500,Score in Half,Moon Slits Bottom Panel,Yes 2500 Envelopes 6.5X6.5
Majestic,Silk,6 x 12,Vertical,Rectangle,16PT C2S,Spot UV,Silk,Spot UV Front,4/4 (4 color both sides),2500,Score in Half,Moon Slits Bottom Panel,Yes 2500 Envelopes 6.5X6.5
Majestic,Silk,6 x 12,Vertical,Rectangle,16PT C2S,Spot UV,Silk,Spot UV Back,4/4 (4 color both sides),2500,Score in Half,Moon Slits Bottom Panel,Yes 2500 Envelopes 6.5X6.5
Majestic,Silk,6 x 12,Horizontal,Rectangle,16PT C2S,Spot UV,Silk,Spot UV Back,4/4 (4 color both sides),2500,Score in Half,Moon Slits Bottom Panel,Yes 2500 Envelopes 6.5X6.5
Majestic,Silk,6 x 12,Horizontal,Rectangle,16PT C2S,Spot UV,Silk,Spot UV Both Sides,4/4 (4 color both sides),2500,Score in Half,Moon Slits Bottom Panel,Yes 2500 Envelopes 6.5X6.5
Majestic,Silk,6 x 12,Vertical,Rectangle,16PT C2S,Spot UV,Silk,Spot UV Both Sides,4/4 (4 color both sides),2500,Score in Half,Moon Slits Bottom Panel,Yes 2500 Envelopes 6.5X6.5
Majestic,Silk,6 x 12,Horizontal,Rectangle,16PT C2S,Spot UV,Silk,Spot UV Front,4/1,5000,Score in Half,Moon Slits Bottom Panel,Yes 2500 Envelopes 6.5X6.5
Majestic,Silk,6 x 12,Vertical,Rectangle,16PT C2S,Spot UV,Silk,Spot UV Front,4/1,5000,Score in Half,Moon Slits Bottom Panel,Yes 2500 Envelopes 6.5X6.5
Majestic,Silk,6 x 12,Horizontal,Rectangle,16PT C2S,Spot UV,Silk,Spot UV Back,4/1,5000,Score in Half,Moon Slits Bottom Panel,Yes 2500 Envelopes 6.5X6.5
Majestic,Silk,6 x 12,Vertical,Rectangle,16PT C2S,Spot UV,Silk,Spot UV Back,4/1,5000,Score in Half,Moon Slits Bottom Panel,Yes 2500 Envelopes 6.5X6.5
Majestic,Silk,6 x 12,Horizontal,Rectangle,16PT C2S,Spot UV,Silk,Spot UV Both Sides,4/1,5000,Score in Half,Moon Slits Bottom Panel,Yes 2500 Envelopes 6.5X6.5
Majestic,Silk,6 x 12,Vertical,Rectangle,16PT C2S,Spot UV,Silk,Spot UV Both Sides,4/1,5000,Score in Half,Moon Slits Bottom Panel,Yes 2500 Envelopes 6.5X6.5
Majestic,Silk,6 x 12,Horizontal,Rectangle,16PT C2S,Spot UV,Silk,Spot UV Front,4/4 (4 color both sides),5000,Score in Half,Moon Slits Bottom Panel,Yes 2500 Envelopes 6.5X6.5
Majestic,Silk,6 x 12,Vertical,Rectangle,16PT C2S,Spot UV,Silk,Spot UV Front,4/4 (4 color both sides),5000,Score in Half,Moon Slits Bottom Panel,Yes 2500 Envelopes 6.5X6.5
Majestic,Silk,6 x 12,Horizontal,Rectangle,16PT C2S,Spot UV,Silk,Spot UV Back,4/4 (4 color both sides),5000,Score in Half,Moon Slits Bottom Panel,Yes 2500 Envelopes 6.5X6.5
Majestic,Silk,6 x 12,Vertical,Rectangle,16PT C2S,Spot UV,Silk,Spot UV Back,4/4 (4 color both sides),5000,Score in Half,Moon Slits Bottom Panel,Yes 2500 Envelopes 6.5X6.5
Majestic,Silk,6 x 12,Horizontal,Rectangle,16PT C2S,Spot UV,Silk,Spot UV Both Sides,4/4 (4 color both sides),5000,Score in Half,Moon Slits Bottom Panel,Yes 2500 Envelopes 6.5X6.5
Majestic,Silk,6 x 12,Vertical,Rectangle,16PT C2S,Spot UV,Silk,Spot UV Both Sides,4/4 (4 color both sides),5000,Score in Half,Moon Slits Bottom Panel,Yes 2500 Envelopes 6.5X6.5
Majestic,Silk,6 x 12,Horizontal,Rectangle,16PT C2S,Spot UV,Silk,Spot UV Front,4/1,10000,Score in Half,Moon Slits Bottom Panel,Yes 2500 Envelopes 6.5X6.5
Majestic,Silk,6 x 12,Vertical,Rectangle,16PT C2S,Spot UV,Silk,Spot UV Front,4/1,10000,Score in Half,Moon Slits Bottom Panel,Yes 2500 Envelopes 6.5X6.5
Majestic,Silk,6 x 12,Horizontal,Rectangle,16PT C2S,Spot UV,Silk,Spot UV Back,4/1,10000,Score in Half,Moon Slits Bottom Panel,Yes 2500 Envelopes 6.5X6.5
Majestic,Silk,6 x 12,Vertical,Rectangle,16PT C2S,Spot UV,Silk,Spot UV Back,4/1,10000,Score in Half,Moon Slits Bottom Panel,Yes 2500 Envelopes 6.5X6.5
Majestic,Silk,6 x 12,Horizontal,Rectangle,16PT C2S,Spot UV,Silk,Spot UV Both Sides,4/1,10000,Score in Half,Moon Slits Bottom Panel,Yes 2500 Envelopes 6.5X6.5
Majestic,Silk,6 x 12,Horizontal,Rectangle,16PT C2S,Spot UV,Silk,Spot UV Front,4/1,10000,Score in Half,Slide Slits Bottom Panel,Yes 1000 Envelopes 6.5X6.5
Majestic,Silk,6 x 12,Horizontal,Rectangle,16PT C2S,Spot UV,Silk,Spot UV Front,4/4 (4 color both sides),10000,Score in Half,Moon Slits Bottom Panel,Yes 2500 Envelopes 6.5X6.5
Majestic,Silk,6 x 12,Horizontal,Rectangle,16PT C2S,Spot UV,Silk,Spot UV Back,4/4 (4 color both sides),10000,Score in Half,Moon Slits Bottom Panel,Yes 2500 Envelopes 6.5X6.5
Majestic,Silk,6 x 12,Vertical,Rectangle,16PT C2S,Spot UV,Silk,Spot UV Back,4/4 (4 color both sides),10000,Score in Half,Moon Slits Bottom Panel,Yes 2500 Envelopes 6.5X6.5
Majestic,Silk,6 x 12,Horizontal,Rectangle,16PT C2S,Spot UV,Silk,Spot UV Both Sides,4/4 (4 color both sides),10000,Score in Half,Moon Slits Bottom Panel,Yes 2500 Envelopes 6.5X6.5
Majestic,Silk,6 x 12,Vertical,Rectangle,16PT C2S,Spot UV,Silk,Spot UV Both Sides,4/4 (4 color both sides),10000,Score in Half,Moon Slits Bottom Panel,Yes 2500 Envelopes 6.5X6.5
Majestic,Silk,6 x 12,Horizontal,Rectangle,16PT C2S,Spot UV,Silk,Spot UV Front,4/1,500,Score in Half,Moon Slits Right Panel,Yes 2500 Envelopes 6.5X6.5
Majestic,Silk,6 x 12,Vertical,Rectangle,16PT C2S,Spot UV,Silk,Spot UV Front,4/4 (4 color both sides),10000,Score in Half,Moon Slits Bottom Panel,Yes 2500 Envelopes 6.5X6.5
Majestic,Silk,6 x 12,Vertical,Rectangle,16PT C2S,Spot UV,Silk,Spot UV Front,4/1,500,Score in Half,Moon Slits Right Panel,Yes 2500 Envelopes 6.5X6.5
Majestic,Silk,6 x 12,Horizontal,Rectangle,16PT C2S,Spot UV,Silk,Spot UV Back,4/1,500,Score in Half,Moon Slits Right Panel,Yes 2500 Envelopes 6.5X6.5
Majestic,Silk,6 x 12,Vertical,Rectangle,16PT C2S,Spot UV,Silk,Spot UV Back,4/1,500,Score in Half,Moon Slits Right Panel,Yes 2500 Envelopes 6.5X6.5
Majestic,Silk,6 x 12,Vertical,Rectangle,16PT C2S,Spot UV,Silk,Spot UV Both Sides,4/1,500,Score in Half,Moon Slits Right Panel,Yes 2500 Envelopes 6.5X6.5
Majestic,Silk,6 x 12,Horizontal,Rectangle,16PT C2S,Spot UV,Silk,Spot UV Front,4/4 (4 color both sides),500,Score in Half,Moon Slits Right Panel,Yes 2500 Envelopes 6.5X6.5
Majestic,Silk,6 x 12,Vertical,Rectangle,16PT C2S,Spot UV,Silk,Spot UV Front,4/4 (4 color both sides),500,Score in Half,Moon Slits Right Panel,Yes 2500 Envelopes 6.5X6.5
Majestic,Silk,6 x 12,Horizontal,Rectangle,16PT C2S,Spot UV,Silk,Spot UV Both Sides,4/1,500,Score in Half,Moon Slits Right Panel,Yes 2500 Envelopes 6.5X6.5
Majestic,Silk,6 x 12,Horizontal,Rectangle,16PT C2S,Spot UV,Silk,Spot UV Back,4/4 (4 color both sides),500,Score in Half,Moon Slits Right Panel,Yes 2500 Envelopes 6.5X6.5
Majestic,Silk,6 x 12,Vertical,Rectangle,16PT C2S,Spot UV,Silk,Spot UV Back,4/4 (4 color both sides),500,Score in Half,Moon Slits Right Panel,Yes 2500 Envelopes 6.5X6.5
Majestic,Silk,6 x 12,Horizontal,Rectangle,16PT C2S,Spot UV,Silk,Spot UV Both Sides,4/4 (4 color both sides),500,Score in Half,Moon Slits Right Panel,Yes 2500 Envelopes 6.5X6.5
Majestic,Silk,6 x 12,Horizontal,Rectangle,16PT C2S,Spot UV,Silk,Spot UV Front,4/1,1000,Score in Half,Moon Slits Right Panel,Yes 2500 Envelopes 6.5X6.5
Majestic,Silk,6 x 12,Vertical,Rectangle,16PT C2S,Spot UV,Silk,Spot UV Both Sides,4/4 (4 color both sides),500,Score in Half,Moon Slits Right Panel,Yes 2500 Envelopes 6.5X6.5
Majestic,Silk,6 x 12,Vertical,Rectangle,16PT C2S,Spot UV,Silk,Spot UV Front,4/1,1000,Score in Half,Moon Slits Right Panel,Yes 2500 Envelopes 6.5X6.5
Majestic,Silk,6 x 12,Horizontal,Rectangle,16PT C2S,Spot UV,Silk,Spot UV Back,4/1,1000,Score in Half,Moon Slits Right Panel,Yes 2500 Envelopes 6.5X6.5
Majestic,Silk,6 x 12,Vertical,Rectangle,16PT C2S,Spot UV,Silk,Spot UV Back,4/1,1000,Score in Half,Moon Slits Right Panel,Yes 2500 Envelopes 6.5X6.5
Majestic,Silk,6 x 12,Horizontal,Rectangle,16PT C2S,Spot UV,Silk,Spot UV Both Sides,4/1,1000,Score in Half,Moon Slits Right Panel,Yes 2500 Envelopes 6.5X6.5
Majestic,Silk,6 x 12,Vertical,Rectangle,16PT C2S,Spot UV,Silk,Spot UV Both Sides,4/1,1000,Score in Half,Moon Slits Right Panel,Yes 2500 Envelopes 6.5X6.5
Majestic,Silk,6 x 12,Horizontal,Rectangle,16PT C2S,Spot UV,Silk,Spot UV Front,4/4 (4 color both sides),1000,Score in Half,Moon Slits Right Panel,Yes 2500 Envelopes 6.5X6.5
Majestic,Silk,6 x 12,Vertical,Rectangle,16PT C2S,Spot UV,Silk,Spot UV Front,4/4 (4 color both sides),1000,Score in Half,Moon Slits Right Panel,Yes 2500 Envelopes 6.5X6.5
Majestic,Silk,6 x 12,Horizontal,Rectangle,16PT C2S,Spot UV,Silk,Spot UV Back,4/4 (4 color both sides),1000,Score in Half,Moon Slits Right Panel,Yes 2500 Envelopes 6.5X6.5
Majestic,Silk,6 x 12,Horizontal,Rectangle,16PT C2S,Spot UV,Silk,Spot UV Both Sides,4/4 (4 color both sides),1000,Score in Half,Moon Slits Right Panel,Yes 2500 Envelopes 6.5X6.5
Majestic,Silk,6 x 12,Vertical,Rectangle,16PT C2S,Spot UV,Silk,Spot UV Both Sides,4/4 (4 color both sides),1000,Score in Half,Moon Slits Right Panel,Yes 2500 Envelopes 6.5X6.5
Majestic,Silk,6 x 12,Horizontal,Rectangle,16PT C2S,Spot UV,Silk,Spot UV Front,4/1,2500,Score in Half,Moon Slits Right Panel,Yes 2500 Envelopes 6.5X6.5
Majestic,Silk,6 x 12,Horizontal,Rectangle,16PT C2S,Spot UV,Silk,Spot UV Back,4/1,2500,Score in Half,Moon Slits Right Panel,Yes 2500 Envelopes 6.5X6.5
Majestic,Silk,6 x 12,Vertical,Rectangle,16PT C2S,Spot UV,Silk,Spot UV Front,4/1,2500,Score in Half,Moon Slits Right Panel,Yes 2500 Envelopes 6.5X6.5
Majestic,Silk,6 x 12,Vertical,Rectangle,16PT C2S,Spot UV,Silk,Spot UV Back,4/4 (4 color both sides),1000,Score in Half,Moon Slits Right Panel,Yes 2500 Envelopes 6.5X6.5
Majestic,Silk,6 x 12,Horizontal,Rectangle,16PT C2S,Spot UV,Silk,Spot UV Front,4/1,1000,Score in Half,Moon Slits Bottom Panel,Yes 2500 Envelopes 6.5X6.5
Majestic,Silk,6 x 12,Horizontal,Rectangle,16PT C2S,Spot UV,Silk,Spot UV Both Sides,4/1,2500,Score in Half,Moon Slits Right Panel,Yes 2500 Envelopes 6.5X6.5
Majestic,Silk,6 x 12,Vertical,Rectangle,16PT C2S,Spot UV,Silk,Spot UV Both Sides,4/1,2500,Score in Half,Moon Slits Right Panel,Yes 2500 Envelopes 6.5X6.5
Majestic,Silk,6 x 12,Vertical,Rectangle,16PT C2S,Spot UV,Silk,Spot UV Front,4/4 (4 color both sides),2500,Score in Half,Moon Slits Right Panel,Yes 2500 Envelopes 6.5X6.5
Majestic,Silk,6 x 12,Horizontal,Rectangle,16PT C2S,Spot UV,Silk,Spot UV Back,4/4 (4 color both sides),2500,Score in Half,Moon Slits Right Panel,Yes 2500 Envelopes 6.5X6.5
Majestic,Silk,6 x 12,Vertical,Rectangle,16PT C2S,Spot UV,Silk,Spot UV Back,4/4 (4 color both sides),2500,Score in Half,Moon Slits Right Panel,Yes 2500 Envelopes 6.5X6.5
Majestic,Silk,6 x 12,Horizontal,Rectangle,16PT C2S,Spot UV,Silk,Spot UV Both Sides,4/4 (4 color both sides),2500,Score in Half,Moon Slits Right Panel,Yes 2500 Envelopes 6.5X6.5
Majestic,Silk,6 x 12,Horizontal,Rectangle,16PT C2S,Spot UV,Silk,Spot UV Front,4/4 (4 color both sides),2500,Score in Half,Moon Slits Right Panel,Yes 2500 Envelopes 6.5X6.5
Majestic,Silk,6 x 12,Vertical,Rectangle,16PT C2S,Spot UV,Silk,Spot UV Both Sides,4/4 (4 color both sides),2500,Score in Half,Moon Slits Right Panel,Yes 2500 Envelopes 6.5X6.5
Majestic,Silk,6 x 12,Horizontal,Rectangle,16PT C2S,Spot UV,Silk,Spot UV Front,4/1,5000,Score in Half,Moon Slits Right Panel,Yes 2500 Envelopes 6.5X6.5
Majestic,Silk,6 x 12,Vertical,Rectangle,16PT C2S,Spot UV,Silk,Spot UV Front,4/1,5000,Score in Half,Moon Slits Right Panel,Yes 2500 Envelopes 6.5X6.5
Majestic,Silk,6 x 12,Vertical,Rectangle,16PT C2S,Spot UV,Silk,Spot UV Back,4/1,5000,Score in Half,Moon Slits Right Panel,Yes 2500 Envelopes 6.5X6.5
Majestic,Silk,6 x 12,Horizontal,Rectangle,16PT C2S,Spot UV,Silk,Spot UV Both Sides,4/1,5000,Score in Half,Moon Slits Right Panel,Yes 2500 Envelopes 6.5X6.5
Majestic,Silk,6 x 12,Vertical,Rectangle,16PT C2S,Spot UV,Silk,Spot UV Both Sides,4/1,5000,Score in Half,Moon Slits Right Panel,Yes 2500 Envelopes 6.5X6.5
Majestic,Silk,6 x 12,Horizontal,Rectangle,16PT C2S,Spot UV,Silk,Spot UV Back,4/1,5000,Score in Half,Moon Slits Right Panel,Yes 2500 Envelopes 6.5X6.5
Majestic,Silk,6 x 12,Horizontal,Rectangle,16PT C2S,Spot UV,Silk,Spot UV Front,4/4 (4 color both sides),5000,Score in Half,Moon Slits Right Panel,Yes 2500 Envelopes 6.5X6.5
Majestic,Silk,6 x 12,Vertical,Rectangle,16PT C2S,Spot UV,Silk,Spot UV Front,4/4 (4 color both sides),5000,Score in Half,Moon Slits Right Panel,Yes 2500 Envelopes 6.5X6.5
Majestic,Silk,6 x 12,Horizontal,Rectangle,16PT C2S,Spot UV,Silk,Spot UV Back,4/4 (4 color both sides),5000,Score in Half,Moon Slits Right Panel,Yes 2500 Envelopes 6.5X6.5
Majestic,Silk,6 x 12,Vertical,Rectangle,16PT C2S,Spot UV,Silk,Spot UV Back,4/4 (4 color both sides),5000,Score in Half,Moon Slits Right Panel,Yes 2500 Envelopes 6.5X6.5
Majestic,Silk,6 x 12,Horizontal,Rectangle,16PT C2S,Spot UV,Silk,Spot UV Both Sides,4/4 (4 color both sides),5000,Score in Half,Moon Slits Right Panel,Yes 2500 Envelopes 6.5X6.5
Majestic,Silk,6 x 12,Horizontal,Rectangle,16PT C2S,Spot UV,Silk,Spot UV Front,4/1,10000,Score in Half,Moon Slits Right Panel,Yes 2500 Envelopes 6.5X6.5
Majestic,Silk,6 x 12,Vertical,Rectangle,16PT C2S,Spot UV,Silk,Spot UV Both Sides,4/4 (4 color both sides),5000,Score in Half,Moon Slits Right Panel,Yes 2500 Envelopes 6.5X6.5
Majestic,Silk,6 x 12,Horizontal,Rectangle,16PT C2S,Spot UV,Silk,Spot UV Back,4/1,10000,Score in Half,Moon Slits Right Panel,Yes 2500 Envelopes 6.5X6.5
Majestic,Silk,6 x 12,Horizontal,Rectangle,16PT C2S,Spot UV,Silk,Spot UV Both Sides,4/1,10000,Score in Half,Moon Slits Right Panel,Yes 2500 Envelopes 6.5X6.5
Majestic,Silk,6 x 12,Vertical,Rectangle,16PT C2S,Spot UV,Silk,Spot UV Front,4/1,10000,Score in Half,Moon Slits Right Panel,Yes 2500 Envelopes 6.5X6.5
Majestic,Silk,6 x 12,Vertical,Rectangle,16PT C2S,Spot UV,Silk,Spot UV Back,4/1,10000,Score in Half,Moon Slits Right Panel,Yes 2500 Envelopes 6.5X6.5
Majestic,Silk,6 x 12,Vertical,Rectangle,16PT C2S,Spot UV,Silk,Spot UV Both Sides,4/1,10000,Score in Half,Moon Slits Right Panel,Yes 2500 Envelopes 6.5X6.5
Majestic,Silk,6 x 12,Horizontal,Rectangle,16PT C2S,Spot UV,Silk,Spot UV Front,4/4 (4 color both sides),10000,Score in Half,Moon Slits Right Panel,Yes 2500 Envelopes 6.5X6.5
Majestic,Silk,6 x 12,Vertical,Rectangle,16PT C2S,Spot UV,Silk,Spot UV Back,4/4 (4 color both sides),10000,Score in Half,Moon Slits Right Panel,Yes 2500 Envelopes 6.5X6.5
Majestic,Silk,6 x 12,Horizontal,Rectangle,16PT C2S,Spot UV,Silk,Spot UV Back,4/4 (4 color both sides),10000,Score in Half,Moon Slits Right Panel,Yes 2500 Envelopes 6.5X6.5
Majestic,Silk,6 x 12,Horizontal,Rectangle,16PT C2S,Spot UV,Silk,Spot UV Both Sides,4/4 (4 color both sides),10000,Score in Half,Moon Slits Right Panel,Yes 2500 Envelopes 6.5X6.5
Majestic,Silk,6 x 12,Vertical,Rectangle,16PT C2S,Spot UV,Silk,Spot UV Both Sides,4/4 (4 color both sides),10000,Score in Half,Moon Slits Right Panel,Yes 2500 Envelopes 6.5X6.5
Majestic,Silk,6 x 12,Vertical,Rectangle,16PT C2S,Spot UV,Silk,Spot UV Front,4/1,500,Score in Half,No Gift Cards Slits,Yes 2500 Envelopes 6.5X6.5
Majestic,Silk,6 x 12,Horizontal,Rectangle,16PT C2S,Spot UV,Silk,Spot UV Front,4/1,500,Score in Half,No Gift Cards Slits,Yes 2500 Envelopes 6.5X6.5
Majestic,Silk,6 x 12,Horizontal,Rectangle,16PT C2S,Spot UV,Silk,Spot UV Back,4/1,500,Score in Half,No Gift Cards Slits,Yes 2500 Envelopes 6.5X6.5
Majestic,Silk,6 x 12,Vertical,Rectangle,16PT C2S,Spot UV,Silk,Spot UV Back,4/1,500,Score in Half,No Gift Cards Slits,Yes 2500 Envelopes 6.5X6.5
Majestic,Silk,6 x 12,Vertical,Rectangle,16PT C2S,Spot UV,Silk,Spot UV Both Sides,4/1,10000,Score in Half,Moon Slits Bottom Panel,Yes 2500 Envelopes 6.5X6.5
Majestic,Silk,6 x 12,Vertical,Rectangle,16PT C2S,Spot UV,Silk,Spot UV Both Sides,4/1,500,Score in Half,No Gift Cards Slits,Yes 2500 Envelopes 6.5X6.5
Majestic,Silk,6 x 12,Horizontal,Rectangle,16PT C2S,Spot UV,Silk,Spot UV Front,4/4 (4 color both sides),500,Score in Half,No Gift Cards Slits,Yes 2500 Envelopes 6.5X6.5
Majestic,Silk,6 x 12,Horizontal,Rectangle,16PT C2S,Spot UV,Silk,Spot UV Both Sides,4/1,500,Score in Half,No Gift Cards Slits,Yes 2500 Envelopes 6.5X6.5
Majestic,Silk,6 x 12,Horizontal,Rectangle,16PT C2S,Spot UV,Silk,Spot UV Back,4/4 (4 color both sides),500,Score in Half,No Gift Cards Slits,Yes 2500 Envelopes 6.5X6.5
Majestic,Silk,6 x 12,Vertical,Rectangle,16PT C2S,Spot UV,Silk,Spot UV Back,4/4 (4 color both sides),500,Score in Half,No Gift Cards Slits,Yes 2500 Envelopes 6.5X6.5
Majestic,Silk,6 x 12,Vertical,Rectangle,16PT C2S,Spot UV,Silk,Spot UV Front,4/4 (4 color both sides),500,Score in Half,No Gift Cards Slits,Yes 2500 Envelopes 6.5X6.5
Majestic,Silk,6 x 12,Horizontal,Rectangle,16PT C2S,Spot UV,Silk,Spot UV Both Sides,4/4 (4 color both sides),500,Score in Half,No Gift Cards Slits,Yes 2500 Envelopes 6.5X6.5
Majestic,Silk,6 x 12,Vertical,Rectangle,16PT C2S,Spot UV,Silk,Spot UV Both Sides,4/4 (4 color both sides),500,Score in Half,No Gift Cards Slits,Yes 2500 Envelopes 6.5X6.5
Majestic,Silk,6 x 12,Horizontal,Rectangle,16PT C2S,Spot UV,Silk,Spot UV Front,4/1,1000,Score in Half,No Gift Cards Slits,Yes 2500 Envelopes 6.5X6.5
Majestic,Silk,6 x 12,Vertical,Rectangle,16PT C2S,Spot UV,Silk,Spot UV Front,4/1,1000,Score in Half,No Gift Cards Slits,Yes 2500 Envelopes 6.5X6.5
Majestic,Silk,6 x 12,Horizontal,Rectangle,16PT C2S,Spot UV,Silk,Spot UV Back,4/1,1000,Score in Half,No Gift Cards Slits,Yes 2500 Envelopes 6.5X6.5
Majestic,Silk,6 x 12,Vertical,Rectangle,16PT C2S,Spot UV,Silk,Spot UV Back,4/1,1000,Score in Half,No Gift Cards Slits,Yes 2500 Envelopes 6.5X6.5
Majestic,Silk,6 x 12,Horizontal,Rectangle,16PT C2S,Spot UV,Silk,Spot UV Both Sides,4/1,1000,Score in Half,No Gift Cards Slits,Yes 2500 Envelopes 6.5X6.5
Majestic,Silk,6 x 12,Horizontal,Rectangle,16PT C2S,Spot UV,Silk,Spot UV Front,4/4 (4 color both sides),1000,Score in Half,No Gift Cards Slits,Yes 2500 Envelopes 6.5X6.5
Majestic,Silk,6 x 12,Vertical,Rectangle,16PT C2S,Spot UV,Silk,Spot UV Both Sides,4/1,1000,Score in Half,No Gift Cards Slits,Yes 2500 Envelopes 6.5X6.5
Majestic,Silk,6 x 12,Vertical,Rectangle,16PT C2S,Spot UV,Silk,Spot UV Front,4/4 (4 color both sides),1000,Score in Half,No Gift Cards Slits,Yes 2500 Envelopes 6.5X6.5
Majestic,Silk,6 x 12,Horizontal,Rectangle,16PT C2S,Spot UV,Silk,Spot UV Back,4/4 (4 color both sides),1000,Score in Half,No Gift Cards Slits,Yes 2500 Envelopes 6.5X6.5
Majestic,Silk,6 x 12,Horizontal,Rectangle,16PT C2S,Spot UV,Silk,Spot UV Both Sides,4/4 (4 color both sides),1000,Score in Half,No Gift Cards Slits,Yes 2500 Envelopes 6.5X6.5
Majestic,Silk,6 x 12,Vertical,Rectangle,16PT C2S,Spot UV,Silk,Spot UV Back,4/4 (4 color both sides),1000,Score in Half,No Gift Cards Slits,Yes 2500 Envelopes 6.5X6.5
Majestic,Silk,6 x 12,Vertical,Rectangle,16PT C2S,Spot UV,Silk,Spot UV Both Sides,4/4 (4 color both sides),1000,Score in Half,No Gift Cards Slits,Yes 2500 Envelopes 6.5X6.5
Majestic,Silk,6 x 12,Horizontal,Rectangle,16PT C2S,Spot UV,Silk,Spot UV Front,4/1,2500,Score in Half,No Gift Cards Slits,Yes 2500 Envelopes 6.5X6.5
Majestic,Silk,6 x 12,Vertical,Rectangle,16PT C2S,Spot UV,Silk,Spot UV Front,4/1,2500,Score in Half,No Gift Cards Slits,Yes 2500 Envelopes 6.5X6.5
Majestic,Silk,6 x 12,Horizontal,Rectangle,16PT C2S,Spot UV,Silk,Spot UV Back,4/1,2500,Score in Half,No Gift Cards Slits,Yes 2500 Envelopes 6.5X6.5
Majestic,Silk,6 x 12,Horizontal,Rectangle,16PT C2S,Spot UV,Silk,Spot UV Both Sides,4/1,2500,Score in Half,No Gift Cards Slits,Yes 2500 Envelopes 6.5X6.5
Majestic,Silk,6 x 12,Vertical,Rectangle,16PT C2S,Spot UV,Silk,Spot UV Back,4/1,2500,Score in Half,No Gift Cards Slits,Yes 2500 Envelopes 6.5X6.5
Majestic,Silk,6 x 12,Vertical,Rectangle,16PT C2S,Spot UV,Silk,Spot UV Both Sides,4/1,2500,Score in Half,No Gift Cards Slits,Yes 2500 Envelopes 6.5X6.5
Majestic,Silk,6 x 12,Horizontal,Rectangle,16PT C2S,Spot UV,Silk,Spot UV Front,4/4 (4 color both sides),2500,Score in Half,No Gift Cards Slits,Yes 2500 Envelopes 6.5X6.5
Majestic,Silk,6 x 12,Vertical,Rectangle,16PT C2S,Spot UV,Silk,Spot UV Front,4/4 (4 color both sides),2500,Score in Half,No Gift Cards Slits,Yes 2500 Envelopes 6.5X6.5
Majestic,Silk,6 x 12,Horizontal,Rectangle,16PT C2S,Spot UV,Silk,Spot UV Back,4/4 (4 color both sides),2500,Score in Half,No Gift Cards Slits,Yes 2500 Envelopes 6.5X6.5
Majestic,Silk,6 x 12,Vertical,Rectangle,16PT C2S,Spot UV,Silk,Spot UV Back,4/4 (4 color both sides),2500,Score in Half,No Gift Cards Slits,Yes 2500 Envelopes 6.5X6.5
Majestic,Silk,6 x 12,Horizontal,Rectangle,16PT C2S,Spot UV,Silk,Spot UV Both Sides,4/4 (4 color both sides),2500,Score in Half,No Gift Cards Slits,Yes 2500 Envelopes 6.5X6.5
Majestic,Silk,6 x 12,Vertical,Rectangle,16PT C2S,Spot UV,Silk,Spot UV Both Sides,4/4 (4 color both sides),2500,Score in Half,No Gift Cards Slits,Yes 2500 Envelopes 6.5X6.5
Majestic,Silk,6 x 12,Horizontal,Rectangle,16PT C2S,Spot UV,Silk,Spot UV Front,4/1,5000,Score in Half,No Gift Cards Slits,Yes 2500 Envelopes 6.5X6.5
Majestic,Silk,6 x 12,Vertical,Rectangle,16PT C2S,Spot UV,Silk,Spot UV Front,4/1,5000,Score in Half,No Gift Cards Slits,Yes 2500 Envelopes 6.5X6.5
Majestic,Silk,6 x 12,Horizontal,Rectangle,16PT C2S,Spot UV,Silk,Spot UV Back,4/1,5000,Score in Half,No Gift Cards Slits,Yes 2500 Envelopes 6.5X6.5
Majestic,Silk,6 x 12,Vertical,Rectangle,16PT C2S,Spot UV,Silk,Spot UV Back,4/1,5000,Score in Half,No Gift Cards Slits,Yes 2500 Envelopes 6.5X6.5
Majestic,Silk,6 x 12,Horizontal,Rectangle,16PT C2S,Spot UV,Silk,Spot UV Both Sides,4/1,5000,Score in Half,No Gift Cards Slits,Yes 2500 Envelopes 6.5X6.5
Majestic,Silk,6 x 12,Vertical,Rectangle,16PT C2S,Spot UV,Silk,Spot UV Both Sides,4/1,5000,Score in Half,No Gift Cards Slits,Yes 2500 Envelopes 6.5X6.5
Majestic,Silk,6 x 12,Horizontal,Rectangle,16PT C2S,Spot UV,Silk,Spot UV Front,4/4 (4 color both sides),5000,Score in Half,No Gift Cards Slits,Yes 2500 Envelopes 6.5X6.5
Majestic,Silk,6 x 12,Vertical,Rectangle,16PT C2S,Spot UV,Silk,Spot UV Front,4/4 (4 color both sides),5000,Score in Half,No Gift Cards Slits,Yes 2500 Envelopes 6.5X6.5
Majestic,Silk,6 x 12,Horizontal,Rectangle,16PT C2S,Spot UV,Silk,Spot UV Back,4/4 (4 color both sides),5000,Score in Half,No Gift Cards Slits,Yes 2500 Envelopes 6.5X6.5
Majestic,Silk,6 x 12,Vertical,Rectangle,16PT C2S,Spot UV,Silk,Spot UV Back,4/4 (4 color both sides),5000,Score in Half,No Gift Cards Slits,Yes 2500 Envelopes 6.5X6.5
Majestic,Silk,6 x 12,Vertical,Rectangle,16PT C2S,Spot UV,Silk,Spot UV Both Sides,4/4 (4 color both sides),5000,Score in Half,No Gift Cards Slits,Yes 2500 Envelopes 6.5X6.5
Majestic,Silk,6 x 12,Horizontal,Rectangle,16PT C2S,Spot UV,Silk,Spot UV Front,4/1,10000,Score in Half,No Gift Cards Slits,Yes 2500 Envelopes 6.5X6.5
Majestic,Silk,6 x 12,Vertical,Rectangle,16PT C2S,Spot UV,Silk,Spot UV Front,4/1,10000,Score in Half,No Gift Cards Slits,Yes 2500 Envelopes 6.5X6.5
Majestic,Silk,6 x 12,Vertical,Rectangle,16PT C2S,Spot UV,Silk,Spot UV Back,4/1,10000,Score in Half,No Gift Cards Slits,Yes 2500 Envelopes 6.5X6.5
Majestic,Silk,6 x 12,Horizontal,Rectangle,16PT C2S,Spot UV,Silk,Spot UV Back,4/1,10000,Score in Half,No Gift Cards Slits,Yes 2500 Envelopes 6.5X6.5
Majestic,Silk,6 x 12,Horizontal,Rectangle,16PT C2S,Spot UV,Silk,Spot UV Both Sides,4/4 (4 color both sides),5000,Score in Half,No Gift Cards Slits,Yes 2500 Envelopes 6.5X6.5
Majestic,Silk,6 x 12,Horizontal,Rectangle,16PT C2S,Spot UV,Silk,Spot UV Both Sides,4/1,10000,Score in Half,No Gift Cards Slits,Yes 2500 Envelopes 6.5X6.5
Majestic,Silk,6 x 12,Vertical,Rectangle,16PT C2S,Spot UV,Silk,Spot UV Both Sides,4/1,10000,Score in Half,No Gift Cards Slits,Yes 2500 Envelopes 6.5X6.5
Majestic,Silk,6 x 12,Horizontal,Rectangle,16PT C2S,Spot UV,Silk,Spot UV Front,4/4 (4 color both sides),10000,Score in Half,No Gift Cards Slits,Yes 2500 Envelopes 6.5X6.5
Majestic,Silk,6 x 12,Horizontal,Rectangle,16PT C2S,Spot UV,Silk,Spot UV Back,4/4 (4 color both sides),10000,Score in Half,No Gift Cards Slits,Yes 2500 Envelopes 6.5X6.5
Majestic,Silk,6 x 12,Vertical,Rectangle,16PT C2S,Spot UV,Silk,Spot UV Back,4/4 (4 color both sides),10000,Score in Half,No Gift Cards Slits,Yes 2500 Envelopes 6.5X6.5
Majestic,Silk,6 x 12,Horizontal,Rectangle,16PT C2S,Spot UV,Silk,Spot UV Both Sides,4/4 (4 color both sides),10000,Score in Half,No Gift Cards Slits,Yes 2500 Envelopes 6.5X6.5
Majestic,Silk,6 x 12,Vertical,Rectangle,16PT C2S,Spot UV,Silk,Spot UV Both Sides,4/4 (4 color both sides),10000,Score in Half,No Gift Cards Slits,Yes 2500 Envelopes 6.5X6.5
Majestic,Silk,6 x 12,Vertical,Rectangle,16PT C2S,Spot UV,Silk,Spot UV Front,4/4 (4 color both sides),10000,Score in Half,No Gift Cards Slits,Yes 2500 Envelopes 6.5X6.5
Majestic,Silk,6 x 12,Horizontal,Rectangle,16PT C2S,Spot UV,Silk,Spot UV Front,4/1,500,Score in Half,Slide Slits Bottom Panel,Yes 2500 Envelopes 6.5X6.5
Majestic,Silk,6 x 12,Vertical,Rectangle,16PT C2S,Spot UV,Silk,Spot UV Front,4/1,500,Score in Half,Slide Slits Bottom Panel,Yes 2500 Envelopes 6.5X6.5
Majestic,Silk,6 x 12,Horizontal,Rectangle,16PT C2S,Spot UV,Silk,Spot UV Back,4/1,500,Score in Half,Slide Slits Bottom Panel,Yes 2500 Envelopes 6.5X6.5
Majestic,Silk,6 x 12,Vertical,Rectangle,16PT C2S,Spot UV,Silk,Spot UV Back,4/1,500,Score in Half,Slide Slits Bottom Panel,Yes 2500 Envelopes 6.5X6.5
Majestic,Silk,6 x 12,Horizontal,Rectangle,16PT C2S,Spot UV,Silk,Spot UV Both Sides,4/1,500,Score in Half,Slide Slits Bottom Panel,Yes 2500 Envelopes 6.5X6.5
Majestic,Silk,6 x 12,Vertical,Rectangle,16PT C2S,Spot UV,Silk,Spot UV Both Sides,4/1,500,Score in Half,Slide Slits Bottom Panel,Yes 2500 Envelopes 6.5X6.5
Majestic,Silk,6 x 12,Horizontal,Rectangle,16PT C2S,Spot UV,Silk,Spot UV Front,4/4 (4 color both sides),500,Score in Half,Slide Slits Bottom Panel,Yes 2500 Envelopes 6.5X6.5
Majestic,Silk,6 x 12,Vertical,Rectangle,16PT C2S,Spot UV,Silk,Spot UV Front,4/4 (4 color both sides),500,Score in Half,Slide Slits Bottom Panel,Yes 2500 Envelopes 6.5X6.5
Majestic,Silk,6 x 12,Vertical,Rectangle,16PT C2S,Spot UV,Silk,Spot UV Back,4/4 (4 color both sides),500,Score in Half,Slide Slits Bottom Panel,Yes 2500 Envelopes 6.5X6.5
Majestic,Silk,6 x 12,Horizontal,Rectangle,16PT C2S,Spot UV,Silk,Spot UV Back,4/4 (4 color both sides),500,Score in Half,Slide Slits Bottom Panel,Yes 2500 Envelopes 6.5X6.5
Majestic,Silk,6 x 12,Horizontal,Rectangle,16PT C2S,Spot UV,Silk,Spot UV Both Sides,4/4 (4 color both sides),500,Score in Half,Slide Slits Bottom Panel,Yes 2500 Envelopes 6.5X6.5
Majestic,Silk,6 x 12,Vertical,Rectangle,16PT C2S,Spot UV,Silk,Spot UV Both Sides,4/4 (4 color both sides),500,Score in Half,Slide Slits Bottom Panel,Yes 2500 Envelopes 6.5X6.5
Majestic,Silk,6 x 12,Horizontal,Rectangle,16PT C2S,Spot UV,Silk,Spot UV Front,4/1,1000,Score in Half,Slide Slits Bottom Panel,Yes 2500 Envelopes 6.5X6.5
Majestic,Silk,6 x 12,Vertical,Rectangle,16PT C2S,Spot UV,Silk,Spot UV Front,4/1,1000,Score in Half,Slide Slits Bottom Panel,Yes 2500 Envelopes 6.5X6.5
Majestic,Silk,6 x 12,Horizontal,Rectangle,16PT C2S,Spot UV,Silk,Spot UV Back,4/1,1000,Score in Half,Slide Slits Bottom Panel,Yes 2500 Envelopes 6.5X6.5
Majestic,Silk,6 x 12,Vertical,Rectangle,16PT C2S,Spot UV,Silk,Spot UV Back,4/1,1000,Score in Half,Slide Slits Bottom Panel,Yes 2500 Envelopes 6.5X6.5
Majestic,Silk,6 x 12,Horizontal,Rectangle,16PT C2S,Spot UV,Silk,Spot UV Both Sides,4/1,1000,Score in Half,Slide Slits Bottom Panel,Yes 2500 Envelopes 6.5X6.5
Majestic,Silk,6 x 12,Vertical,Rectangle,16PT C2S,Spot UV,Silk,Spot UV Both Sides,4/1,1000,Score in Half,Slide Slits Bottom Panel,Yes 2500 Envelopes 6.5X6.5
Majestic,Silk,6 x 12,Horizontal,Rectangle,16PT C2S,Spot UV,Silk,Spot UV Front,4/4 (4 color both sides),1000,Score in Half,Slide Slits Bottom Panel,Yes 2500 Envelopes 6.5X6.5
Majestic,Silk,6 x 12,Vertical,Rectangle,16PT C2S,Spot UV,Silk,Spot UV Front,4/4 (4 color both sides),1000,Score in Half,Slide Slits Bottom Panel,Yes 2500 Envelopes 6.5X6.5
Majestic,Silk,6 x 12,Horizontal,Rectangle,16PT C2S,Spot UV,Silk,Spot UV Back,4/4 (4 color both sides),1000,Score in Half,Slide Slits Bottom Panel,Yes 2500 Envelopes 6.5X6.5
Majestic,Silk,6 x 12,Vertical,Rectangle,16PT C2S,Spot UV,Silk,Spot UV Back,4/4 (4 color both sides),1000,Score in Half,Slide Slits Bottom Panel,Yes 2500 Envelopes 6.5X6.5
Majestic,Silk,6 x 12,Horizontal,Rectangle,16PT C2S,Spot UV,Silk,Spot UV Both Sides,4/4 (4 color both sides),1000,Score in Half,Slide Slits Bottom Panel,Yes 2500 Envelopes 6.5X6.5
Majestic,Silk,6 x 12,Vertical,Rectangle,16PT C2S,Spot UV,Silk,Spot UV Both Sides,4/4 (4 color both sides),1000,Score in Half,Slide Slits Bottom Panel,Yes 2500 Envelopes 6.5X6.5
Majestic,Silk,6 x 12,Horizontal,Rectangle,16PT C2S,Spot UV,Silk,Spot UV Front,4/1,2500,Score in Half,Slide Slits Bottom Panel,Yes 2500 Envelopes 6.5X6.5
Majestic,Silk,6 x 12,Vertical,Rectangle,16PT C2S,Spot UV,Silk,Spot UV Front,4/1,2500,Score in Half,Slide Slits Bottom Panel,Yes 2500 Envelopes 6.5X6.5
Majestic,Silk,6 x 12,Horizontal,Rectangle,16PT C2S,Spot UV,Silk,Spot UV Back,4/1,2500,Score in Half,Slide Slits Bottom Panel,Yes 2500 Envelopes 6.5X6.5
Majestic,Silk,6 x 12,Vertical,Rectangle,16PT C2S,Spot UV,Silk,Spot UV Back,4/1,2500,Score in Half,Slide Slits Bottom Panel,Yes 2500 Envelopes 6.5X6.5
Majestic,Silk,6 x 12,Horizontal,Rectangle,16PT C2S,Spot UV,Silk,Spot UV Both Sides,4/1,2500,Score in Half,Slide Slits Bottom Panel,Yes 2500 Envelopes 6.5X6.5
Majestic,Silk,6 x 12,Vertical,Rectangle,16PT C2S,Spot UV,Silk,Spot UV Both Sides,4/1,2500,Score in Half,Slide Slits Bottom Panel,Yes 2500 Envelopes 6.5X6.5
Majestic,Silk,6 x 12,Horizontal,Rectangle,16PT C2S,Spot UV,Silk,Spot UV Front,4/4 (4 color both sides),2500,Score in Half,Slide Slits Bottom Panel,Yes 2500 Envelopes 6.5X6.5
Majestic,Silk,6 x 12,Vertical,Rectangle,16PT C2S,Spot UV,Silk,Spot UV Front,4/4 (4 color both sides),2500,Score in Half,Slide Slits Bottom Panel,Yes 2500 Envelopes 6.5X6.5
Majestic,Silk,6 x 12,Horizontal,Rectangle,16PT C2S,Spot UV,Silk,Spot UV Back,4/4 (4 color both sides),2500,Score in Half,Slide Slits Bottom Panel,Yes 2500 Envelopes 6.5X6.5
Majestic,Silk,6 x 12,Vertical,Rectangle,16PT C2S,Spot UV,Silk,Spot UV Back,4/4 (4 color both sides),2500,Score in Half,Slide Slits Bottom Panel,Yes 2500 Envelopes 6.5X6.5
Majestic,Silk,6 x 12,Horizontal,Rectangle,16PT C2S,Spot UV,Silk,Spot UV Both Sides,4/4 (4 color both sides),2500,Score in Half,Slide Slits Bottom Panel,Yes 2500 Envelopes 6.5X6.5
Majestic,Silk,6 x 12,Vertical,Rectangle,16PT C2S,Spot UV,Silk,Spot UV Both Sides,4/4 (4 color both sides),2500,Score in Half,Slide Slits Bottom Panel,Yes 2500 Envelopes 6.5X6.5
Majestic,Silk,6 x 12,Vertical,Rectangle,16PT C2S,Spot UV,Silk,Spot UV Front,4/1,5000,Score in Half,Slide Slits Bottom Panel,Yes 2500 Envelopes 6.5X6.5
Majestic,Silk,6 x 12,Horizontal,Rectangle,16PT C2S,Spot UV,Silk,Spot UV Back,4/1,5000,Score in Half,Slide Slits Bottom Panel,Yes 2500 Envelopes 6.5X6.5
Majestic,Silk,6 x 12,Horizontal,Rectangle,16PT C2S,Spot UV,Silk,Spot UV Front,4/1,5000,Score in Half,Slide Slits Bottom Panel,Yes 2500 Envelopes 6.5X6.5
Majestic,Silk,6 x 12,Vertical,Rectangle,16PT C2S,Spot UV,Silk,Spot UV Back,4/1,5000,Score in Half,Slide Slits Bottom Panel,Yes 2500 Envelopes 6.5X6.5
Majestic,Silk,6 x 12,Horizontal,Rectangle,16PT C2S,Spot UV,Silk,Spot UV Both Sides,4/1,5000,Score in Half,Slide Slits Bottom Panel,Yes 2500 Envelopes 6.5X6.5
Majestic,Silk,6 x 12,Vertical,Rectangle,16PT C2S,Spot UV,Silk,Spot UV Both Sides,4/1,5000,Score in Half,Slide Slits Bottom Panel,Yes 2500 Envelopes 6.5X6.5
Majestic,Silk,6 x 12,Horizontal,Rectangle,16PT C2S,Spot UV,Silk,Spot UV Front,4/4 (4 color both sides),5000,Score in Half,Slide Slits Bottom Panel,Yes 2500 Envelopes 6.5X6.5
Majestic,Silk,6 x 12,Vertical,Rectangle,16PT C2S,Spot UV,Silk,Spot UV Front,4/4 (4 color both sides),5000,Score in Half,Slide Slits Bottom Panel,Yes 2500 Envelopes 6.5X6.5
Majestic,Silk,6 x 12,Horizontal,Rectangle,16PT C2S,Spot UV,Silk,Spot UV Back,4/4 (4 color both sides),5000,Score in Half,Slide Slits Bottom Panel,Yes 2500 Envelopes 6.5X6.5
Majestic,Silk,6 x 12,Vertical,Rectangle,16PT C2S,Spot UV,Silk,Spot UV Back,4/4 (4 color both sides),5000,Score in Half,Slide Slits Bottom Panel,Yes 2500 Envelopes 6.5X6.5
Majestic,Silk,6 x 12,Horizontal,Rectangle,16PT C2S,Spot UV,Silk,Spot UV Both Sides,4/4 (4 color both sides),5000,Score in Half,Slide Slits Bottom Panel,Yes 2500 Envelopes 6.5X6.5
Majestic,Silk,6 x 12,Vertical,Rectangle,16PT C2S,Spot UV,Silk,Spot UV Both Sides,4/4 (4 color both sides),5000,Score in Half,Slide Slits Bottom Panel,Yes 2500 Envelopes 6.5X6.5
Majestic,Silk,6 x 12,Horizontal,Rectangle,16PT C2S,Spot UV,Silk,Spot UV Front,4/1,10000,Score in Half,Slide Slits Bottom Panel,Yes 2500 Envelopes 6.5X6.5
Majestic,Silk,6 x 12,Vertical,Rectangle,16PT C2S,Spot UV,Silk,Spot UV Front,4/1,10000,Score in Half,Slide Slits Bottom Panel,Yes 2500 Envelopes 6.5X6.5
Majestic,Silk,6 x 12,Horizontal,Rectangle,16PT C2S,Spot UV,Silk,Spot UV Back,4/1,10000,Score in Half,Slide Slits Bottom Panel,Yes 2500 Envelopes 6.5X6.5
Majestic,Silk,6 x 12,Vertical,Rectangle,16PT C2S,Spot UV,Silk,Spot UV Back,4/1,10000,Score in Half,Slide Slits Bottom Panel,Yes 2500 Envelopes 6.5X6.5
Majestic,Silk,6 x 12,Horizontal,Rectangle,16PT C2S,Spot UV,Silk,Spot UV Both Sides,4/1,10000,Score in Half,Slide Slits Bottom Panel,Yes 2500 Envelopes 6.5X6.5
Majestic,Silk,6 x 12,Vertical,Rectangle,16PT C2S,Spot UV,Silk,Spot UV Both Sides,4/1,10000,Score in Half,Slide Slits Bottom Panel,Yes 2500 Envelopes 6.5X6.5
Majestic,Silk,6 x 12,Horizontal,Rectangle,16PT C2S,Spot UV,Silk,Spot UV Front,4/4 (4 color both sides),10000,Score in Half,Slide Slits Bottom Panel,Yes 2500 Envelopes 6.5X6.5
Majestic,Silk,6 x 12,Vertical,Rectangle,16PT C2S,Spot UV,Silk,Spot UV Front,4/4 (4 color both sides),10000,Score in Half,Slide Slits Bottom Panel,Yes 2500 Envelopes 6.5X6.5
Majestic,Silk,6 x 12,Horizontal,Rectangle,16PT C2S,Spot UV,Silk,Spot UV Back,4/4 (4 color both sides),10000,Score in Half,Slide Slits Bottom Panel,Yes 2500 Envelopes 6.5X6.5
Majestic,Silk,6 x 12,Horizontal,Rectangle,16PT C2S,Spot UV,Silk,Spot UV Both Sides,4/4 (4 color both sides),10000,Score in Half,Slide Slits Bottom Panel,Yes 2500 Envelopes 6.5X6.5
Majestic,Silk,6 x 12,Vertical,Rectangle,16PT C2S,Spot UV,Silk,Spot UV Back,4/4 (4 color both sides),10000,Score in Half,Slide Slits Bottom Panel,Yes 2500 Envelopes 6.5X6.5
Majestic,Silk,6 x 12,Vertical,Rectangle,16PT C2S,Spot UV,Silk,Spot UV Both Sides,4/4 (4 color both sides),10000,Score in Half,Slide Slits Bottom Panel,Yes 2500 Envelopes 6.5X6.5
Majestic,Silk,6 x 12,Horizontal,Rectangle,16PT C2S,Spot UV,Silk,Spot UV Front,4/1,500,Score in Half,Slide Slits Right Panel,Yes 2500 Envelopes 6.5X6.5
Majestic,Silk,6 x 12,Vertical,Rectangle,16PT C2S,Spot UV,Silk,Spot UV Front,4/1,500,Score in Half,Slide Slits Right Panel,Yes 2500 Envelopes 6.5X6.5
Majestic,Silk,6 x 12,Vertical,Rectangle,16PT C2S,Spot UV,Silk,Spot UV Back,4/1,500,Score in Half,Slide Slits Right Panel,Yes 2500 Envelopes 6.5X6.5
Majestic,Silk,6 x 12,Vertical,Rectangle,16PT C2S,Spot UV,Silk,Spot UV Both Sides,4/1,500,Score in Half,Slide Slits Right Panel,Yes 2500 Envelopes 6.5X6.5
Majestic,Silk,6 x 12,Horizontal,Rectangle,16PT C2S,Spot UV,Silk,Spot UV Back,4/1,500,Score in Half,Slide Slits Right Panel,Yes 2500 Envelopes 6.5X6.5
Majestic,Silk,6 x 12,Horizontal,Rectangle,16PT C2S,Spot UV,Silk,Spot UV Both Sides,4/1,500,Score in Half,Slide Slits Right Panel,Yes 2500 Envelopes 6.5X6.5
Majestic,Silk,6 x 12,Vertical,Rectangle,16PT C2S,Spot UV,Silk,Spot UV Front,4/4 (4 color both sides),500,Score in Half,Slide Slits Right Panel,Yes 2500 Envelopes 6.5X6.5
Majestic,Silk,6 x 12,Horizontal,Rectangle,16PT C2S,Spot UV,Silk,Spot UV Back,4/4 (4 color both sides),500,Score in Half,Slide Slits Right Panel,Yes 2500 Envelopes 6.5X6.5
Majestic,Silk,6 x 12,Horizontal,Rectangle,16PT C2S,Spot UV,Silk,Spot UV Front,4/4 (4 color both sides),500,Score in Half,Slide Slits Right Panel,Yes 2500 Envelopes 6.5X6.5
Majestic,Silk,6 x 12,Vertical,Rectangle,16PT C2S,Spot UV,Silk,Spot UV Back,4/4 (4 color both sides),500,Score in Half,Slide Slits Right Panel,Yes 2500 Envelopes 6.5X6.5
Majestic,Silk,6 x 12,Horizontal,Rectangle,16PT C2S,Spot UV,Silk,Spot UV Both Sides,4/4 (4 color both sides),500,Score in Half,Slide Slits Right Panel,Yes 2500 Envelopes 6.5X6.5
Majestic,Silk,6 x 12,Horizontal,Rectangle,16PT C2S,Spot UV,Silk,Spot UV Front,4/1,1000,Score in Half,Slide Slits Right Panel,Yes 2500 Envelopes 6.5X6.5
Majestic,Silk,6 x 12,Vertical,Rectangle,16PT C2S,Spot UV,Silk,Spot UV Front,4/1,1000,Score in Half,Slide Slits Right Panel,Yes 2500 Envelopes 6.5X6.5
Majestic,Silk,6 x 12,Horizontal,Rectangle,16PT C2S,Spot UV,Silk,Spot UV Back,4/1,1000,Score in Half,Slide Slits Right Panel,Yes 2500 Envelopes 6.5X6.5
Majestic,Silk,6 x 12,Vertical,Rectangle,16PT C2S,Spot UV,Silk,Spot UV Both Sides,4/4 (4 color both sides),500,Score in Half,Slide Slits Right Panel,Yes 2500 Envelopes 6.5X6.5
Majestic,Silk,6 x 12,Vertical,Rectangle,16PT C2S,Spot UV,Silk,Spot UV Back,4/1,1000,Score in Half,Slide Slits Right Panel,Yes 2500 Envelopes 6.5X6.5
Majestic,Silk,6 x 12,Horizontal,Rectangle,16PT C2S,Spot UV,Silk,Spot UV Both Sides,4/1,1000,Score in Half,Slide Slits Right Panel,Yes 2500 Envelopes 6.5X6.5
Majestic,Silk,6 x 12,Vertical,Rectangle,16PT C2S,Spot UV,Silk,Spot UV Both Sides,4/1,1000,Score in Half,Slide Slits Right Panel,Yes 2500 Envelopes 6.5X6.5
Majestic,Silk,6 x 12,Vertical,Rectangle,16PT C2S,Spot UV,Silk,Spot UV Front,4/4 (4 color both sides),1000,Score in Half,Slide Slits Right Panel,Yes 2500 Envelopes 6.5X6.5
Majestic,Silk,6 x 12,Horizontal,Rectangle,16PT C2S,Spot UV,Silk,Spot UV Front,4/4 (4 color both sides),1000,Score in Half,Slide Slits Right Panel,Yes 2500 Envelopes 6.5X6.5
Majestic,Silk,6 x 12,Horizontal,Rectangle,16PT C2S,Spot UV,Silk,Spot UV Back,4/4 (4 color both sides),1000,Score in Half,Slide Slits Right Panel,Yes 2500 Envelopes 6.5X6.5
Majestic,Silk,6 x 12,Vertical,Rectangle,16PT C2S,Spot UV,Silk,Spot UV Back,4/4 (4 color both sides),1000,Score in Half,Slide Slits Right Panel,Yes 2500 Envelopes 6.5X6.5
Majestic,Silk,6 x 12,Horizontal,Rectangle,16PT C2S,Spot UV,Silk,Spot UV Both Sides,4/4 (4 color both sides),1000,Score in Half,Slide Slits Right Panel,Yes 2500 Envelopes 6.5X6.5
Majestic,Silk,6 x 12,Vertical,Rectangle,16PT C2S,Spot UV,Silk,Spot UV Front,4/1,2500,Score in Half,Moon Slits Bottom Panel,Yes 2500 Envelopes 6.5X6.5
Majestic,Silk,6 x 12,Vertical,Rectangle,16PT C2S,Spot UV,Silk,Spot UV Front,4/1,2500,Score in Half,Slide Slits Right Panel,Yes 2500 Envelopes 6.5X6.5
Majestic,Silk,6 x 12,Vertical,Rectangle,16PT C2S,Spot UV,Silk,Spot UV Both Sides,4/4 (4 color both sides),1000,Score in Half,Slide Slits Right Panel,Yes 2500 Envelopes 6.5X6.5
Majestic,Silk,6 x 12,Horizontal,Rectangle,16PT C2S,Spot UV,Silk,Spot UV Back,4/1,2500,Score in Half,Slide Slits Right Panel,Yes 2500 Envelopes 6.5X6.5
Majestic,Silk,6 x 12,Vertical,Rectangle,16PT C2S,Spot UV,Silk,Spot UV Back,4/1,2500,Score in Half,Slide Slits Right Panel,Yes 2500 Envelopes 6.5X6.5
Majestic,Silk,6 x 12,Horizontal,Rectangle,16PT C2S,Spot UV,Silk,Spot UV Both Sides,4/1,2500,Score in Half,Slide Slits Right Panel,Yes 2500 Envelopes 6.5X6.5
Majestic,Silk,6 x 12,Vertical,Rectangle,16PT C2S,Spot UV,Silk,Spot UV Both Sides,4/1,2500,Score in Half,Slide Slits Right Panel,Yes 2500 Envelopes 6.5X6.5
Majestic,Silk,6 x 12,Horizontal,Rectangle,16PT C2S,Spot UV,Silk,Spot UV Front,4/4 (4 color both sides),2500,Score in Half,Slide Slits Right Panel,Yes 2500 Envelopes 6.5X6.5
Majestic,Silk,6 x 12,Vertical,Rectangle,16PT C2S,Spot UV,Silk,Spot UV Front,4/4 (4 color both sides),2500,Score in Half,Slide Slits Right Panel,Yes 2500 Envelopes 6.5X6.5
Majestic,Silk,6 x 12,Horizontal,Rectangle,16PT C2S,Spot UV,Silk,Spot UV Back,4/4 (4 color both sides),2500,Score in Half,Slide Slits Right Panel,Yes 2500 Envelopes 6.5X6.5
Majestic,Silk,6 x 12,Vertical,Rectangle,16PT C2S,Spot UV,Silk,Spot UV Back,4/4 (4 color both sides),2500,Score in Half,Slide Slits Right Panel,Yes 2500 Envelopes 6.5X6.5
Majestic,Silk,6 x 12,Horizontal,Rectangle,16PT C2S,Spot UV,Silk,Spot UV Both Sides,4/4 (4 color both sides),2500,Score in Half,Slide Slits Right Panel,Yes 2500 Envelopes 6.5X6.5
Majestic,Silk,6 x 12,Vertical,Rectangle,16PT C2S,Spot UV,Silk,Spot UV Both Sides,4/4 (4 color both sides),2500,Score in Half,Slide Slits Right Panel,Yes 2500 Envelopes 6.5X6.5
Majestic,Silk,6 x 12,Horizontal,Rectangle,16PT C2S,Spot UV,Silk,Spot UV Front,4/1,5000,Score in Half,Slide Slits Right Panel,Yes 2500 Envelopes 6.5X6.5
Majestic,Silk,6 x 12,Vertical,Rectangle,16PT C2S,Spot UV,Silk,Spot UV Front,4/1,5000,Score in Half,Slide Slits Right Panel,Yes 2500 Envelopes 6.5X6.5
Majestic,Silk,6 x 12,Horizontal,Rectangle,16PT C2S,Spot UV,Silk,Spot UV Front,4/1,2500,Score in Half,Slide Slits Right Panel,Yes 2500 Envelopes 6.5X6.5
Majestic,Silk,6 x 12,Vertical,Rectangle,16PT C2S,Spot UV,Silk,Spot UV Back,4/1,5000,Score in Half,Slide Slits Right Panel,Yes 2500 Envelopes 6.5X6.5
Majestic,Silk,6 x 12,Horizontal,Rectangle,16PT C2S,Spot UV,Silk,Spot UV Both Sides,4/1,5000,Score in Half,Slide Slits Right Panel,Yes 2500 Envelopes 6.5X6.5
Majestic,Silk,6 x 12,Vertical,Rectangle,16PT C2S,Spot UV,Silk,Spot UV Both Sides,4/1,5000,Score in Half,Slide Slits Right Panel,Yes 2500 Envelopes 6.5X6.5
Majestic,Silk,6 x 12,Horizontal,Rectangle,16PT C2S,Spot UV,Silk,Spot UV Front,4/4 (4 color both sides),5000,Score in Half,Slide Slits Right Panel,Yes 2500 Envelopes 6.5X6.5
Majestic,Silk,6 x 12,Vertical,Rectangle,16PT C2S,Spot UV,Silk,Spot UV Front,4/4 (4 color both sides),5000,Score in Half,Slide Slits Right Panel,Yes 2500 Envelopes 6.5X6.5
Majestic,Silk,6 x 12,Horizontal,Rectangle,16PT C2S,Spot UV,Silk,Spot UV Back,4/4 (4 color both sides),5000,Score in Half,Slide Slits Right Panel,Yes 2500 Envelopes 6.5X6.5
Majestic,Silk,6 x 12,Vertical,Rectangle,16PT C2S,Spot UV,Silk,Spot UV Back,4/4 (4 color both sides),5000,Score in Half,Slide Slits Right Panel,Yes 2500 Envelopes 6.5X6.5
Majestic,Silk,6 x 12,Horizontal,Rectangle,16PT C2S,Spot UV,Silk,Spot UV Both Sides,4/4 (4 color both sides),5000,Score in Half,Slide Slits Right Panel,Yes 2500 Envelopes 6.5X6.5
Majestic,Silk,6 x 12,Vertical,Rectangle,16PT C2S,Spot UV,Silk,Spot UV Both Sides,4/4 (4 color both sides),5000,Score in Half,Slide Slits Right Panel,Yes 2500 Envelopes 6.5X6.5
Majestic,Silk,6 x 12,Vertical,Rectangle,16PT C2S,Spot UV,Silk,Spot UV Back,4/1,2500,Score in Half,Moon Slits Right Panel,Yes 2500 Envelopes 6.5X6.5
Majestic,Silk,6 x 12,Vertical,Rectangle,16PT C2S,Spot UV,Silk,Spot UV Front,4/1,10000,Score in Half,Slide Slits Right Panel,Yes 2500 Envelopes 6.5X6.5
Majestic,Silk,6 x 12,Horizontal,Rectangle,16PT C2S,Spot UV,Silk,Spot UV Back,4/1,10000,Score in Half,Slide Slits Right Panel,Yes 2500 Envelopes 6.5X6.5
Majestic,Silk,6 x 12,Vertical,Rectangle,16PT C2S,Spot UV,Silk,Spot UV Back,4/1,10000,Score in Half,Slide Slits Right Panel,Yes 2500 Envelopes 6.5X6.5
Majestic,Silk,6 x 12,Horizontal,Rectangle,16PT C2S,Spot UV,Silk,Spot UV Both Sides,4/1,10000,Score in Half,Slide Slits Right Panel,Yes 2500 Envelopes 6.5X6.5
Majestic,Silk,6 x 12,Vertical,Rectangle,16PT C2S,Spot UV,Silk,Spot UV Both Sides,4/1,10000,Score in Half,Slide Slits Right Panel,Yes 2500 Envelopes 6.5X6.5
Majestic,Silk,6 x 12,Horizontal,Rectangle,16PT C2S,Spot UV,Silk,Spot UV Front,4/4 (4 color both sides),10000,Score in Half,Slide Slits Right Panel,Yes 2500 Envelopes 6.5X6.5
Majestic,Silk,6 x 12,Vertical,Rectangle,16PT C2S,Spot UV,Silk,Spot UV Front,4/4 (4 color both sides),10000,Score in Half,Slide Slits Right Panel,Yes 2500 Envelopes 6.5X6.5
Majestic,Silk,6 x 12,Horizontal,Rectangle,16PT C2S,Spot UV,Silk,Spot UV Back,4/4 (4 color both sides),10000,Score in Half,Slide Slits Right Panel,Yes 2500 Envelopes 6.5X6.5
Majestic,Silk,6 x 12,Vertical,Rectangle,16PT C2S,Spot UV,Silk,Spot UV Back,4/4 (4 color both sides),10000,Score in Half,Slide Slits Right Panel,Yes 2500 Envelopes 6.5X6.5
Majestic,Silk,6 x 12,Horizontal,Rectangle,16PT C2S,Spot UV,Silk,Spot UV Both Sides,4/4 (4 color both sides),10000,Score in Half,Slide Slits Right Panel,Yes 2500 Envelopes 6.5X6.5
Majestic,Silk,6 x 12,Vertical,Rectangle,16PT C2S,Spot UV,Silk,Spot UV Front,4/1,500,Score in Half,Moon Slits Bottom Panel,Yes 5000 Envelopes 6.5X6.5
Majestic,Silk,6 x 12,Horizontal,Rectangle,16PT C2S,Spot UV,Silk,Spot UV Back,4/1,500,Score in Half,Moon Slits Bottom Panel,Yes 5000 Envelopes 6.5X6.5
Majestic,Silk,6 x 12,Vertical,Rectangle,16PT C2S,Spot UV,Silk,Spot UV Both Sides,4/4 (4 color both sides),10000,Score in Half,Slide Slits Right Panel,Yes 2500 Envelopes 6.5X6.5
Majestic,Silk,6 x 12,Horizontal,Rectangle,16PT C2S,Spot UV,Silk,Spot UV Front,4/1,500,Score in Half,Moon Slits Bottom Panel,Yes 5000 Envelopes 6.5X6.5
Majestic,Silk,6 x 12,Vertical,Rectangle,16PT C2S,Spot UV,Silk,Spot UV Back,4/1,500,Score in Half,Moon Slits Bottom Panel,Yes 5000 Envelopes 6.5X6.5
Majestic,Silk,6 x 12,Horizontal,Rectangle,16PT C2S,Spot UV,Silk,Spot UV Both Sides,4/1,500,Score in Half,Moon Slits Bottom Panel,Yes 5000 Envelopes 6.5X6.5
Majestic,Silk,6 x 12,Vertical,Rectangle,16PT C2S,Spot UV,Silk,Spot UV Both Sides,4/1,500,Score in Half,Moon Slits Bottom Panel,Yes 5000 Envelopes 6.5X6.5
Majestic,Silk,6 x 12,Vertical,Rectangle,16PT C2S,Spot UV,Silk,Spot UV Front,4/4 (4 color both sides),500,Score in Half,Moon Slits Bottom Panel,Yes 5000 Envelopes 6.5X6.5
Majestic,Silk,6 x 12,Horizontal,Rectangle,16PT C2S,Spot UV,Silk,Spot UV Back,4/4 (4 color both sides),500,Score in Half,Moon Slits Bottom Panel,Yes 5000 Envelopes 6.5X6.5
Majestic,Silk,6 x 12,Horizontal,Rectangle,16PT C2S,Spot UV,Silk,Spot UV Front,4/4 (4 color both sides),500,Score in Half,Moon Slits Bottom Panel,Yes 5000 Envelopes 6.5X6.5
Majestic,Silk,6 x 12,Horizontal,Rectangle,16PT C2S,Spot UV,Silk,Spot UV Both Sides,4/4 (4 color both sides),500,Score in Half,Moon Slits Bottom Panel,Yes 5000 Envelopes 6.5X6.5
Majestic,Silk,6 x 12,Vertical,Rectangle,16PT C2S,Spot UV,Silk,Spot UV Both Sides,4/4 (4 color both sides),500,Score in Half,Moon Slits Bottom Panel,Yes 5000 Envelopes 6.5X6.5
Majestic,Silk,6 x 12,Vertical,Rectangle,16PT C2S,Spot UV,Silk,Spot UV Back,4/4 (4 color both sides),500,Score in Half,Moon Slits Bottom Panel,Yes 5000 Envelopes 6.5X6.5
Majestic,Silk,6 x 12,Horizontal,Rectangle,16PT C2S,Spot UV,Silk,Spot UV Front,4/1,1000,Score in Half,Moon Slits Bottom Panel,Yes 5000 Envelopes 6.5X6.5
Majestic,Silk,6 x 12,Vertical,Rectangle,16PT C2S,Spot UV,Silk,Spot UV Front,4/1,1000,Score in Half,Moon Slits Bottom Panel,Yes 5000 Envelopes 6.5X6.5
Majestic,Silk,6 x 12,Horizontal,Rectangle,16PT C2S,Spot UV,Silk,Spot UV Back,4/1,1000,Score in Half,Moon Slits Bottom Panel,Yes 5000 Envelopes 6.5X6.5
Majestic,Silk,6 x 12,Vertical,Rectangle,16PT C2S,Spot UV,Silk,Spot UV Back,4/1,1000,Score in Half,Moon Slits Bottom Panel,Yes 5000 Envelopes 6.5X6.5
Majestic,Silk,6 x 12,Horizontal,Rectangle,16PT C2S,Spot UV,Silk,Spot UV Both Sides,4/1,1000,Score in Half,Moon Slits Bottom Panel,Yes 5000 Envelopes 6.5X6.5
Majestic,Silk,6 x 12,Vertical,Rectangle,16PT C2S,Spot UV,Silk,Spot UV Both Sides,4/1,1000,Score in Half,Moon Slits Bottom Panel,Yes 5000 Envelopes 6.5X6.5
Majestic,Silk,6 x 12,Horizontal,Rectangle,16PT C2S,Spot UV,Silk,Spot UV Front,4/4 (4 color both sides),1000,Score in Half,Moon Slits Bottom Panel,Yes 5000 Envelopes 6.5X6.5
Majestic,Silk,6 x 12,Horizontal,Rectangle,16PT C2S,Spot UV,Silk,Spot UV Back,4/4 (4 color both sides),1000,Score in Half,Moon Slits Bottom Panel,Yes 5000 Envelopes 6.5X6.5
Majestic,Silk,6 x 12,Vertical,Rectangle,16PT C2S,Spot UV,Silk,Spot UV Front,4/4 (4 color both sides),1000,Score in Half,Moon Slits Bottom Panel,Yes 5000 Envelopes 6.5X6.5
Majestic,Silk,6 x 12,Vertical,Rectangle,16PT C2S,Spot UV,Silk,Spot UV Back,4/4 (4 color both sides),1000,Score in Half,Moon Slits Bottom Panel,Yes 5000 Envelopes 6.5X6.5
Majestic,Silk,6 x 12,Horizontal,Rectangle,16PT C2S,Spot UV,Silk,Spot UV Both Sides,4/4 (4 color both sides),1000,Score in Half,Moon Slits Bottom Panel,Yes 5000 Envelopes 6.5X6.5
Majestic,Silk,6 x 12,Vertical,Rectangle,16PT C2S,Spot UV,Silk,Spot UV Both Sides,4/4 (4 color both sides),1000,Score in Half,Moon Slits Bottom Panel,Yes 5000 Envelopes 6.5X6.5
Majestic,Silk,6 x 12,Horizontal,Rectangle,16PT C2S,Spot UV,Silk,Spot UV Front,4/1,2500,Score in Half,Moon Slits Bottom Panel,Yes 5000 Envelopes 6.5X6.5
Majestic,Silk,6 x 12,Vertical,Rectangle,16PT C2S,Spot UV,Silk,Spot UV Front,4/1,2500,Score in Half,Moon Slits Bottom Panel,Yes 5000 Envelopes 6.5X6.5
Majestic,Silk,6 x 12,Horizontal,Rectangle,16PT C2S,Spot UV,Silk,Spot UV Back,4/1,2500,Score in Half,Moon Slits Bottom Panel,Yes 5000 Envelopes 6.5X6.5
Majestic,Silk,6 x 12,Vertical,Rectangle,16PT C2S,Spot UV,Silk,Spot UV Back,4/1,2500,Score in Half,Moon Slits Bottom Panel,Yes 5000 Envelopes 6.5X6.5
Majestic,Silk,6 x 12,Horizontal,Rectangle,16PT C2S,Spot UV,Silk,Spot UV Both Sides,4/1,2500,Score in Half,Moon Slits Bottom Panel,Yes 5000 Envelopes 6.5X6.5
Majestic,Silk,6 x 12,Vertical,Rectangle,16PT C2S,Spot UV,Silk,Spot UV Both Sides,4/1,2500,Score in Half,Moon Slits Bottom Panel,Yes 5000 Envelopes 6.5X6.5
Majestic,Silk,6 x 12,Horizontal,Rectangle,16PT C2S,Spot UV,Silk,Spot UV Front,4/4 (4 color both sides),2500,Score in Half,Moon Slits Bottom Panel,Yes 5000 Envelopes 6.5X6.5
Majestic,Silk,6 x 12,Vertical,Rectangle,16PT C2S,Spot UV,Silk,Spot UV Front,4/4 (4 color both sides),2500,Score in Half,Moon Slits Bottom Panel,Yes 5000 Envelopes 6.5X6.5
Majestic,Silk,6 x 12,Horizontal,Rectangle,16PT C2S,Spot UV,Silk,Spot UV Back,4/4 (4 color both sides),2500,Score in Half,Moon Slits Bottom Panel,Yes 5000 Envelopes 6.5X6.5
Majestic,Silk,6 x 12,Horizontal,Rectangle,16PT C2S,Spot UV,Silk,Spot UV Both Sides,4/4 (4 color both sides),2500,Score in Half,Moon Slits Bottom Panel,Yes 5000 Envelopes 6.5X6.5
Majestic,Silk,6 x 12,Vertical,Rectangle,16PT C2S,Spot UV,Silk,Spot UV Back,4/4 (4 color both sides),2500,Score in Half,Moon Slits Bottom Panel,Yes 5000 Envelopes 6.5X6.5
Majestic,Silk,6 x 12,Vertical,Rectangle,16PT C2S,Spot UV,Silk,Spot UV Both Sides,4/4 (4 color both sides),2500,Score in Half,Moon Slits Bottom Panel,Yes 5000 Envelopes 6.5X6.5
Majestic,Silk,6 x 12,Horizontal,Rectangle,16PT C2S,Spot UV,Silk,Spot UV Front,4/1,5000,Score in Half,Moon Slits Bottom Panel,Yes 5000 Envelopes 6.5X6.5
Majestic,Silk,6 x 12,Vertical,Rectangle,16PT C2S,Spot UV,Silk,Spot UV Front,4/1,5000,Score in Half,Moon Slits Bottom Panel,Yes 5000 Envelopes 6.5X6.5
Majestic,Silk,6 x 12,Vertical,Rectangle,16PT C2S,Spot UV,Silk,Spot UV Back,4/1,5000,Score in Half,Moon Slits Bottom Panel,Yes 5000 Envelopes 6.5X6.5
Majestic,Silk,6 x 12,Horizontal,Rectangle,16PT C2S,Spot UV,Silk,Spot UV Back,4/1,5000,Score in Half,Moon Slits Bottom Panel,Yes 5000 Envelopes 6.5X6.5
Majestic,Silk,6 x 12,Horizontal,Rectangle,16PT C2S,Spot UV,Silk,Spot UV Both Sides,4/1,5000,Score in Half,Moon Slits Bottom Panel,Yes 5000 Envelopes 6.5X6.5
Majestic,Silk,6 x 12,Vertical,Rectangle,16PT C2S,Spot UV,Silk,Spot UV Both Sides,4/1,5000,Score in Half,Moon Slits Bottom Panel,Yes 5000 Envelopes 6.5X6.5
Majestic,Silk,6 x 12,Vertical,Rectangle,16PT C2S,Spot UV,Silk,Spot UV Front,4/4 (4 color both sides),5000,Score in Half,Moon Slits Bottom Panel,Yes 5000 Envelopes 6.5X6.5
Majestic,Silk,6 x 12,Horizontal,Rectangle,16PT C2S,Spot UV,Silk,Spot UV Front,4/4 (4 color both sides),5000,Score in Half,Moon Slits Bottom Panel,Yes 5000 Envelopes 6.5X6.5
Majestic,Silk,6 x 12,Horizontal,Rectangle,16PT C2S,Spot UV,Silk,Spot UV Back,4/4 (4 color both sides),5000,Score in Half,Moon Slits Bottom Panel,Yes 5000 Envelopes 6.5X6.5
Majestic,Silk,6 x 12,Vertical,Rectangle,16PT C2S,Spot UV,Silk,Spot UV Back,4/4 (4 color both sides),5000,Score in Half,Moon Slits Bottom Panel,Yes 5000 Envelopes 6.5X6.5
Majestic,Silk,6 x 12,Horizontal,Rectangle,16PT C2S,Spot UV,Silk,Spot UV Both Sides,4/4 (4 color both sides),5000,Score in Half,Moon Slits Bottom Panel,Yes 5000 Envelopes 6.5X6.5
Majestic,Silk,6 x 12,Horizontal,Rectangle,16PT C2S,Spot UV,Silk,Spot UV Front,4/1,10000,Score in Half,Moon Slits Bottom Panel,Yes 5000 Envelopes 6.5X6.5
Majestic,Silk,6 x 12,Vertical,Rectangle,16PT C2S,Spot UV,Silk,Spot UV Both Sides,4/4 (4 color both sides),5000,Score in Half,Moon Slits Bottom Panel,Yes 5000 Envelopes 6.5X6.5
Majestic,Silk,6 x 12,Vertical,Rectangle,16PT C2S,Spot UV,Silk,Spot UV Front,4/1,10000,Score in Half,Moon Slits Bottom Panel,Yes 5000 Envelopes 6.5X6.5
Majestic,Silk,6 x 12,Horizontal,Rectangle,16PT C2S,Spot UV,Silk,Spot UV Back,4/1,10000,Score in Half,Moon Slits Bottom Panel,Yes 5000 Envelopes 6.5X6.5
Majestic,Silk,6 x 12,Horizontal,Rectangle,16PT C2S,Spot UV,Silk,Spot UV Both Sides,4/1,10000,Score in Half,Moon Slits Bottom Panel,Yes 5000 Envelopes 6.5X6.5
Majestic,Silk,6 x 12,Vertical,Rectangle,16PT C2S,Spot UV,Silk,Spot UV Back,4/1,10000,Score in Half,Moon Slits Bottom Panel,Yes 5000 Envelopes 6.5X6.5
Majestic,Silk,6 x 12,Vertical,Rectangle,16PT C2S,Spot UV,Silk,Spot UV Both Sides,4/1,10000,Score in Half,Moon Slits Bottom Panel,Yes 5000 Envelopes 6.5X6.5
Majestic,Silk,6 x 12,Horizontal,Rectangle,16PT C2S,Spot UV,Silk,Spot UV Front,4/4 (4 color both sides),10000,Score in Half,Moon Slits Bottom Panel,Yes 5000 Envelopes 6.5X6.5
Majestic,Silk,6 x 12,Vertical,Rectangle,16PT C2S,Spot UV,Silk,Spot UV Front,4/4 (4 color both sides),10000,Score in Half,Moon Slits Bottom Panel,Yes 5000 Envelopes 6.5X6.5
Majestic,Silk,6 x 12,Horizontal,Rectangle,16PT C2S,Spot UV,Silk,Spot UV Back,4/4 (4 color both sides),10000,Score in Half,Moon Slits Bottom Panel,Yes 5000 Envelopes 6.5X6.5
Majestic,Silk,6 x 12,Vertical,Rectangle,16PT C2S,Spot UV,Silk,Spot UV Back,4/4 (4 color both sides),10000,Score in Half,Moon Slits Bottom Panel,Yes 5000 Envelopes 6.5X6.5
Majestic,Silk,6 x 12,Horizontal,Rectangle,16PT C2S,Spot UV,Silk,Spot UV Both Sides,4/4 (4 color both sides),10000,Score in Half,Moon Slits Bottom Panel,Yes 5000 Envelopes 6.5X6.5
Majestic,Silk,6 x 12,Horizontal,Rectangle,16PT C2S,Spot UV,Silk,Spot UV Front,4/1,500,Score in Half,Moon Slits Right Panel,Yes 5000 Envelopes 6.5X6.5
Majestic,Silk,6 x 12,Vertical,Rectangle,16PT C2S,Spot UV,Silk,Spot UV Both Sides,4/4 (4 color both sides),10000,Score in Half,Moon Slits Bottom Panel,Yes 5000 Envelopes 6.5X6.5
Majestic,Silk,6 x 12,Vertical,Rectangle,16PT C2S,Spot UV,Silk,Spot UV Front,4/1,500,Score in Half,Moon Slits Right Panel,Yes 5000 Envelopes 6.5X6.5
Majestic,Silk,6 x 12,Horizontal,Rectangle,16PT C2S,Spot UV,Silk,Spot UV Back,4/1,500,Score in Half,Moon Slits Right Panel,Yes 5000 Envelopes 6.5X6.5
Majestic,Silk,6 x 12,Vertical,Rectangle,16PT C2S,Spot UV,Silk,Spot UV Back,4/1,500,Score in Half,Moon Slits Right Panel,Yes 5000 Envelopes 6.5X6.5
Majestic,Silk,6 x 12,Horizontal,Rectangle,16PT C2S,Spot UV,Silk,Spot UV Both Sides,4/1,500,Score in Half,Moon Slits Right Panel,Yes 5000 Envelopes 6.5X6.5
Majestic,Silk,6 x 12,Horizontal,Rectangle,16PT C2S,Spot UV,Silk,Spot UV Front,4/4 (4 color both sides),500,Score in Half,Moon Slits Right Panel,Yes 5000 Envelopes 6.5X6.5
Majestic,Silk,6 x 12,Vertical,Rectangle,16PT C2S,Spot UV,Silk,Spot UV Both Sides,4/1,500,Score in Half,Moon Slits Right Panel,Yes 5000 Envelopes 6.5X6.5
Majestic,Silk,6 x 12,Vertical,Rectangle,16PT C2S,Spot UV,Silk,Spot UV Front,4/4 (4 color both sides),500,Score in Half,Moon Slits Right Panel,Yes 5000 Envelopes 6.5X6.5
Majestic,Silk,6 x 12,Horizontal,Rectangle,16PT C2S,Spot UV,Silk,Spot UV Back,4/4 (4 color both sides),500,Score in Half,Moon Slits Right Panel,Yes 5000 Envelopes 6.5X6.5
Majestic,Silk,6 x 12,Vertical,Rectangle,16PT C2S,Spot UV,Silk,Spot UV Back,4/4 (4 color both sides),500,Score in Half,Moon Slits Right Panel,Yes 5000 Envelopes 6.5X6.5
Majestic,Silk,6 x 12,Horizontal,Rectangle,16PT C2S,Spot UV,Silk,Spot UV Both Sides,4/4 (4 color both sides),500,Score in Half,Moon Slits Right Panel,Yes 5000 Envelopes 6.5X6.5
Majestic,Silk,6 x 12,Vertical,Rectangle,16PT C2S,Spot UV,Silk,Spot UV Both Sides,4/4 (4 color both sides),500,Score in Half,Moon Slits Right Panel,Yes 5000 Envelopes 6.5X6.5
Majestic,Silk,6 x 12,Horizontal,Rectangle,16PT C2S,Spot UV,Silk,Spot UV Front,4/1,1000,Score in Half,Moon Slits Right Panel,Yes 5000 Envelopes 6.5X6.5
Majestic,Silk,6 x 12,Horizontal,Rectangle,16PT C2S,Spot UV,Silk,Spot UV Back,4/1,1000,Score in Half,Moon Slits Right Panel,Yes 5000 Envelopes 6.5X6.5
Majestic,Silk,6 x 12,Vertical,Rectangle,16PT C2S,Spot UV,Silk,Spot UV Front,4/1,1000,Score in Half,Moon Slits Right Panel,Yes 5000 Envelopes 6.5X6.5
Majestic,Silk,6 x 12,Horizontal,Rectangle,16PT C2S,Spot UV,Silk,Spot UV Both Sides,4/1,1000,Score in Half,Moon Slits Right Panel,Yes 5000 Envelopes 6.5X6.5
Majestic,Silk,6 x 12,Vertical,Rectangle,16PT C2S,Spot UV,Silk,Spot UV Back,4/1,1000,Score in Half,Moon Slits Right Panel,Yes 5000 Envelopes 6.5X6.5
Majestic,Silk,6 x 12,Vertical,Rectangle,16PT C2S,Spot UV,Silk,Spot UV Both Sides,4/1,1000,Score in Half,Moon Slits Right Panel,Yes 5000 Envelopes 6.5X6.5
Majestic,Silk,6 x 12,Horizontal,Rectangle,16PT C2S,Spot UV,Silk,Spot UV Front,4/4 (4 color both sides),1000,Score in Half,Moon Slits Right Panel,Yes 5000 Envelopes 6.5X6.5
Majestic,Silk,6 x 12,Vertical,Rectangle,16PT C2S,Spot UV,Silk,Spot UV Front,4/4 (4 color both sides),1000,Score in Half,Moon Slits Right Panel,Yes 5000 Envelopes 6.5X6.5
Majestic,Silk,6 x 12,Horizontal,Rectangle,16PT C2S,Spot UV,Silk,Spot UV Back,4/4 (4 color both sides),1000,Score in Half,Moon Slits Right Panel,Yes 5000 Envelopes 6.5X6.5
Majestic,Silk,6 x 12,Horizontal,Rectangle,16PT C2S,Spot UV,Silk,Spot UV Both Sides,4/4 (4 color both sides),1000,Score in Half,Moon Slits Right Panel,Yes 5000 Envelopes 6.5X6.5
Majestic,Silk,6 x 12,Vertical,Rectangle,16PT C2S,Spot UV,Silk,Spot UV Back,4/4 (4 color both sides),1000,Score in Half,Moon Slits Right Panel,Yes 5000 Envelopes 6.5X6.5
Majestic,Silk,6 x 12,Vertical,Rectangle,16PT C2S,Spot UV,Silk,Spot UV Both Sides,4/4 (4 color both sides),1000,Score in Half,Moon Slits Right Panel,Yes 5000 Envelopes 6.5X6.5
Majestic,Silk,6 x 12,Horizontal,Rectangle,16PT C2S,Spot UV,Silk,Spot UV Front,4/1,2500,Score in Half,Moon Slits Right Panel,Yes 5000 Envelopes 6.5X6.5
Majestic,Silk,6 x 12,Vertical,Rectangle,16PT C2S,Spot UV,Silk,Spot UV Front,4/1,2500,Score in Half,Moon Slits Right Panel,Yes 5000 Envelopes 6.5X6.5
Majestic,Silk,6 x 12,Horizontal,Rectangle,16PT C2S,Spot UV,Silk,Spot UV Back,4/1,2500,Score in Half,Moon Slits Right Panel,Yes 5000 Envelopes 6.5X6.5
Majestic,Silk,6 x 12,Vertical,Rectangle,16PT C2S,Spot UV,Silk,Spot UV Back,4/1,2500,Score in Half,Moon Slits Right Panel,Yes 5000 Envelopes 6.5X6.5
Majestic,Silk,6 x 12,Horizontal,Rectangle,16PT C2S,Spot UV,Silk,Spot UV Both Sides,4/1,2500,Score in Half,Moon Slits Right Panel,Yes 5000 Envelopes 6.5X6.5
Majestic,Silk,6 x 12,Horizontal,Rectangle,16PT C2S,Spot UV,Silk,Spot UV Front,4/4 (4 color both sides),2500,Score in Half,Moon Slits Right Panel,Yes 5000 Envelopes 6.5X6.5
Majestic,Silk,6 x 12,Vertical,Rectangle,16PT C2S,Spot UV,Silk,Spot UV Front,4/4 (4 color both sides),2500,Score in Half,Moon Slits Right Panel,Yes 5000 Envelopes 6.5X6.5
Majestic,Silk,6 x 12,Vertical,Rectangle,16PT C2S,Spot UV,Silk,Spot UV Both Sides,4/1,2500,Score in Half,Moon Slits Right Panel,Yes 5000 Envelopes 6.5X6.5
Majestic,Silk,6 x 12,Horizontal,Rectangle,16PT C2S,Spot UV,Silk,Spot UV Back,4/4 (4 color both sides),2500,Score in Half,Moon Slits Right Panel,Yes 5000 Envelopes 6.5X6.5
Majestic,Silk,6 x 12,Vertical,Rectangle,16PT C2S,Spot UV,Silk,Spot UV Back,4/4 (4 color both sides),2500,Score in Half,Moon Slits Right Panel,Yes 5000 Envelopes 6.5X6.5
Majestic,Silk,6 x 12,Horizontal,Rectangle,16PT C2S,Spot UV,Silk,Spot UV Both Sides,4/4 (4 color both sides),2500,Score in Half,Moon Slits Right Panel,Yes 5000 Envelopes 6.5X6.5
Majestic,Silk,6 x 12,Vertical,Rectangle,16PT C2S,Spot UV,Silk,Spot UV Both Sides,4/4 (4 color both sides),2500,Score in Half,Moon Slits Right Panel,Yes 5000 Envelopes 6.5X6.5
Majestic,Silk,6 x 12,Horizontal,Rectangle,16PT C2S,Spot UV,Silk,Spot UV Front,4/1,5000,Score in Half,Moon Slits Right Panel,Yes 5000 Envelopes 6.5X6.5
Majestic,Silk,6 x 12,Vertical,Rectangle,16PT C2S,Spot UV,Silk,Spot UV Front,4/1,5000,Score in Half,Moon Slits Right Panel,Yes 5000 Envelopes 6.5X6.5
Majestic,Silk,6 x 12,Horizontal,Rectangle,16PT C2S,Spot UV,Silk,Spot UV Back,4/1,5000,Score in Half,Moon Slits Right Panel,Yes 5000 Envelopes 6.5X6.5
Majestic,Silk,6 x 12,Vertical,Rectangle,16PT C2S,Spot UV,Silk,Spot UV Back,4/1,5000,Score in Half,Moon Slits Right Panel,Yes 5000 Envelopes 6.5X6.5
Majestic,Silk,6 x 12,Horizontal,Rectangle,16PT C2S,Spot UV,Silk,Spot UV Both Sides,4/1,5000,Score in Half,Moon Slits Right Panel,Yes 5000 Envelopes 6.5X6.5
Majestic,Silk,6 x 12,Vertical,Rectangle,16PT C2S,Spot UV,Silk,Spot UV Both Sides,4/1,5000,Score in Half,Moon Slits Right Panel,Yes 5000 Envelopes 6.5X6.5
Majestic,Silk,6 x 12,Horizontal,Rectangle,16PT C2S,Spot UV,Silk,Spot UV Front,4/4 (4 color both sides),5000,Score in Half,Moon Slits Right Panel,Yes 5000 Envelopes 6.5X6.5
Majestic,Silk,6 x 12,Horizontal,Rectangle,16PT C2S,Spot UV,Silk,Spot UV Back,4/1,5000,Score in Half,Slide Slits Right Panel,Yes 2500 Envelopes 6.5X6.5
Majestic,Silk,6 x 12,Horizontal,Rectangle,16PT C2S,Spot UV,Silk,Spot UV Back,4/4 (4 color both sides),5000,Score in Half,Moon Slits Right Panel,Yes 5000 Envelopes 6.5X6.5
Majestic,Silk,6 x 12,Vertical,Rectangle,16PT C2S,Spot UV,Silk,Spot UV Back,4/4 (4 color both sides),5000,Score in Half,Moon Slits Right Panel,Yes 5000 Envelopes 6.5X6.5
Majestic,Silk,6 x 12,Horizontal,Rectangle,16PT C2S,Spot UV,Silk,Spot UV Front,4/1,10000,Score in Half,Slide Slits Right Panel,Yes 2500 Envelopes 6.5X6.5
Majestic,Silk,6 x 12,Vertical,Rectangle,16PT C2S,Spot UV,Silk,Spot UV Front,4/4 (4 color both sides),10000,Score in Half,Moon Slits Right Panel,Yes 2500 Envelopes 6.5X6.5
Majestic,Silk,6 x 12,Horizontal,Rectangle,16PT C2S,Spot UV,Silk,Spot UV Front,4/1,10000,Score in Half,Moon Slits Right Panel,Yes 5000 Envelopes 6.5X6.5
Majestic,Silk,6 x 12,Vertical,Rectangle,16PT C2S,Spot UV,Silk,Spot UV Front,4/1,10000,Score in Half,Moon Slits Right Panel,Yes 5000 Envelopes 6.5X6.5
Majestic,Silk,6 x 12,Horizontal,Rectangle,16PT C2S,Spot UV,Silk,Spot UV Back,4/1,10000,Score in Half,Moon Slits Right Panel,Yes 5000 Envelopes 6.5X6.5
Majestic,Silk,6 x 12,Vertical,Rectangle,16PT C2S,Spot UV,Silk,Spot UV Back,4/1,10000,Score in Half,Moon Slits Right Panel,Yes 5000 Envelopes 6.5X6.5
Majestic,Silk,6 x 12,Horizontal,Rectangle,16PT C2S,Spot UV,Silk,Spot UV Both Sides,4/1,10000,Score in Half,Moon Slits Right Panel,Yes 5000 Envelopes 6.5X6.5
Majestic,Silk,6 x 12,Vertical,Rectangle,16PT C2S,Spot UV,Silk,Spot UV Both Sides,4/1,10000,Score in Half,Moon Slits Right Panel,Yes 5000 Envelopes 6.5X6.5
Majestic,Silk,6 x 12,Horizontal,Rectangle,16PT C2S,Spot UV,Silk,Spot UV Front,4/4 (4 color both sides),10000,Score in Half,Moon Slits Right Panel,Yes 5000 Envelopes 6.5X6.5
Majestic,Silk,6 x 12,Vertical,Rectangle,16PT C2S,Spot UV,Silk,Spot UV Front,4/4 (4 color both sides),10000,Score in Half,Moon Slits Right Panel,Yes 5000 Envelopes 6.5X6.5
Majestic,Silk,6 x 12,Horizontal,Rectangle,16PT C2S,Spot UV,Silk,Spot UV Back,4/4 (4 color both sides),10000,Score in Half,Moon Slits Right Panel,Yes 5000 Envelopes 6.5X6.5
Majestic,Silk,6 x 12,Vertical,Rectangle,16PT C2S,Spot UV,Silk,Spot UV Back,4/4 (4 color both sides),10000,Score in Half,Moon Slits Right Panel,Yes 5000 Envelopes 6.5X6.5
Majestic,Silk,6 x 12,Horizontal,Rectangle,16PT C2S,Spot UV,Silk,Spot UV Both Sides,4/4 (4 color both sides),10000,Score in Half,Moon Slits Right Panel,Yes 5000 Envelopes 6.5X6.5
Majestic,Silk,6 x 12,Vertical,Rectangle,16PT C2S,Spot UV,Silk,Spot UV Both Sides,4/4 (4 color both sides),10000,Score in Half,Moon Slits Right Panel,Yes 5000 Envelopes 6.5X6.5
Majestic,Silk,6 x 12,Horizontal,Rectangle,16PT C2S,Spot UV,Silk,Spot UV Front,4/1,500,Score in Half,No Gift Cards Slits,Yes 5000 Envelopes 6.5X6.5
Majestic,Silk,6 x 12,Vertical,Rectangle,16PT C2S,Spot UV,Silk,Spot UV Front,4/1,500,Score in Half,No Gift Cards Slits,Yes 5000 Envelopes 6.5X6.5
Majestic,Silk,6 x 12,Horizontal,Rectangle,16PT C2S,Spot UV,Silk,Spot UV Back,4/1,500,Score in Half,No Gift Cards Slits,Yes 5000 Envelopes 6.5X6.5
Majestic,Silk,6 x 12,Vertical,Rectangle,16PT C2S,Spot UV,Silk,Spot UV Back,4/1,500,Score in Half,No Gift Cards Slits,Yes 5000 Envelopes 6.5X6.5
Majestic,Silk,6 x 12,Horizontal,Rectangle,16PT C2S,Spot UV,Silk,Spot UV Both Sides,4/1,500,Score in Half,No Gift Cards Slits,Yes 5000 Envelopes 6.5X6.5
Majestic,Silk,6 x 12,Vertical,Rectangle,16PT C2S,Spot UV,Silk,Spot UV Both Sides,4/1,500,Score in Half,No Gift Cards Slits,Yes 5000 Envelopes 6.5X6.5
Majestic,Silk,6 x 12,Horizontal,Rectangle,16PT C2S,Spot UV,Silk,Spot UV Front,4/4 (4 color both sides),500,Score in Half,No Gift Cards Slits,Yes 5000 Envelopes 6.5X6.5
Majestic,Silk,6 x 12,Vertical,Rectangle,16PT C2S,Spot UV,Silk,Spot UV Front,4/4 (4 color both sides),500,Score in Half,No Gift Cards Slits,Yes 5000 Envelopes 6.5X6.5
Majestic,Silk,6 x 12,Horizontal,Rectangle,16PT C2S,Spot UV,Silk,Spot UV Back,4/4 (4 color both sides),500,Score in Half,No Gift Cards Slits,Yes 5000 Envelopes 6.5X6.5
Majestic,Silk,6 x 12,Vertical,Rectangle,16PT C2S,Spot UV,Silk,Spot UV Back,4/4 (4 color both sides),500,Score in Half,No Gift Cards Slits,Yes 5000 Envelopes 6.5X6.5
Majestic,Silk,6 x 12,Horizontal,Rectangle,16PT C2S,Spot UV,Silk,Spot UV Both Sides,4/4 (4 color both sides),500,Score in Half,No Gift Cards Slits,Yes 5000 Envelopes 6.5X6.5
Majestic,Silk,6 x 12,Vertical,Rectangle,16PT C2S,Spot UV,Silk,Spot UV Both Sides,4/4 (4 color both sides),500,Score in Half,No Gift Cards Slits,Yes 5000 Envelopes 6.5X6.5
Majestic,Silk,6 x 12,Horizontal,Rectangle,16PT C2S,Spot UV,Silk,Spot UV Front,4/1,1000,Score in Half,No Gift Cards Slits,Yes 5000 Envelopes 6.5X6.5
Majestic,Silk,6 x 12,Vertical,Rectangle,16PT C2S,Spot UV,Silk,Spot UV Front,4/1,1000,Score in Half,No Gift Cards Slits,Yes 5000 Envelopes 6.5X6.5
Majestic,Silk,6 x 12,Horizontal,Rectangle,16PT C2S,Spot UV,Silk,Spot UV Back,4/1,1000,Score in Half,No Gift Cards Slits,Yes 5000 Envelopes 6.5X6.5
Majestic,Silk,6 x 12,Horizontal,Rectangle,16PT C2S,Spot UV,Silk,Spot UV Both Sides,4/4 (4 color both sides),5000,Score in Half,Moon Slits Right Panel,Yes 5000 Envelopes 6.5X6.5
Majestic,Silk,6 x 12,Horizontal,Rectangle,16PT C2S,Spot UV,Silk,Spot UV Both Sides,4/1,1000,Score in Half,No Gift Cards Slits,Yes 5000 Envelopes 6.5X6.5
Majestic,Silk,6 x 12,Vertical,Rectangle,16PT C2S,Spot UV,Silk,Spot UV Both Sides,4/1,1000,Score in Half,No Gift Cards Slits,Yes 5000 Envelopes 6.5X6.5
Majestic,Silk,6 x 12,Horizontal,Rectangle,16PT C2S,Spot UV,Silk,Spot UV Front,4/4 (4 color both sides),1000,Score in Half,No Gift Cards Slits,Yes 5000 Envelopes 6.5X6.5
Majestic,Silk,6 x 12,Vertical,Rectangle,16PT C2S,Spot UV,Silk,Spot UV Front,4/4 (4 color both sides),1000,Score in Half,No Gift Cards Slits,Yes 5000 Envelopes 6.5X6.5
Majestic,Silk,6 x 12,Horizontal,Rectangle,16PT C2S,Spot UV,Silk,Spot UV Back,4/4 (4 color both sides),1000,Score in Half,No Gift Cards Slits,Yes 5000 Envelopes 6.5X6.5
Majestic,Silk,6 x 12,Vertical,Rectangle,16PT C2S,Spot UV,Silk,Spot UV Back,4/4 (4 color both sides),1000,Score in Half,No Gift Cards Slits,Yes 5000 Envelopes 6.5X6.5
Majestic,Silk,6 x 12,Horizontal,Rectangle,16PT C2S,Spot UV,Silk,Spot UV Both Sides,4/4 (4 color both sides),1000,Score in Half,No Gift Cards Slits,Yes 5000 Envelopes 6.5X6.5
Majestic,Silk,6 x 12,Vertical,Rectangle,16PT C2S,Spot UV,Silk,Spot UV Both Sides,4/4 (4 color both sides),1000,Score in Half,No Gift Cards Slits,Yes 5000 Envelopes 6.5X6.5
Majestic,Silk,6 x 12,Horizontal,Rectangle,16PT C2S,Spot UV,Silk,Spot UV Front,4/1,2500,Score in Half,No Gift Cards Slits,Yes 5000 Envelopes 6.5X6.5
Majestic,Silk,6 x 12,Vertical,Rectangle,16PT C2S,Spot UV,Silk,Spot UV Front,4/1,2500,Score in Half,No Gift Cards Slits,Yes 5000 Envelopes 6.5X6.5
Majestic,Silk,6 x 12,Horizontal,Rectangle,16PT C2S,Spot UV,Silk,Spot UV Back,4/1,2500,Score in Half,No Gift Cards Slits,Yes 5000 Envelopes 6.5X6.5
Majestic,Silk,6 x 12,Vertical,Rectangle,16PT C2S,Spot UV,Silk,Spot UV Back,4/1,2500,Score in Half,No Gift Cards Slits,Yes 5000 Envelopes 6.5X6.5
Majestic,Silk,6 x 12,Horizontal,Rectangle,16PT C2S,Spot UV,Silk,Spot UV Both Sides,4/1,2500,Score in Half,No Gift Cards Slits,Yes 5000 Envelopes 6.5X6.5
Majestic,Silk,6 x 12,Vertical,Rectangle,16PT C2S,Spot UV,Silk,Spot UV Both Sides,4/1,2500,Score in Half,No Gift Cards Slits,Yes 5000 Envelopes 6.5X6.5
Majestic,Silk,6 x 12,Horizontal,Rectangle,16PT C2S,Spot UV,Silk,Spot UV Front,4/4 (4 color both sides),2500,Score in Half,No Gift Cards Slits,Yes 5000 Envelopes 6.5X6.5
Majestic,Silk,6 x 12,Vertical,Rectangle,16PT C2S,Spot UV,Silk,Spot UV Front,4/4 (4 color both sides),2500,Score in Half,No Gift Cards Slits,Yes 5000 Envelopes 6.5X6.5
Majestic,Silk,6 x 12,Horizontal,Rectangle,16PT C2S,Spot UV,Silk,Spot UV Back,4/4 (4 color both sides),2500,Score in Half,No Gift Cards Slits,Yes 5000 Envelopes 6.5X6.5
Majestic,Silk,6 x 12,Vertical,Rectangle,16PT C2S,Spot UV,Silk,Spot UV Back,4/4 (4 color both sides),2500,Score in Half,No Gift Cards Slits,Yes 5000 Envelopes 6.5X6.5
Majestic,Silk,6 x 12,Horizontal,Rectangle,16PT C2S,Spot UV,Silk,Spot UV Both Sides,4/4 (4 color both sides),2500,Score in Half,No Gift Cards Slits,Yes 5000 Envelopes 6.5X6.5
Majestic,Silk,6 x 12,Vertical,Rectangle,16PT C2S,Spot UV,Silk,Spot UV Both Sides,4/4 (4 color both sides),2500,Score in Half,No Gift Cards Slits,Yes 5000 Envelopes 6.5X6.5
Majestic,Silk,6 x 12,Horizontal,Rectangle,16PT C2S,Spot UV,Silk,Spot UV Front,4/1,5000,Score in Half,No Gift Cards Slits,Yes 5000 Envelopes 6.5X6.5
Majestic,Silk,6 x 12,Vertical,Rectangle,16PT C2S,Spot UV,Silk,Spot UV Front,4/1,5000,Score in Half,No Gift Cards Slits,Yes 5000 Envelopes 6.5X6.5
Majestic,Silk,6 x 12,Horizontal,Rectangle,16PT C2S,Spot UV,Silk,Spot UV Back,4/1,5000,Score in Half,No Gift Cards Slits,Yes 5000 Envelopes 6.5X6.5
Majestic,Silk,6 x 12,Vertical,Rectangle,16PT C2S,Spot UV,Silk,Spot UV Back,4/1,5000,Score in Half,No Gift Cards Slits,Yes 5000 Envelopes 6.5X6.5
Majestic,Silk,6 x 12,Vertical,Rectangle,16PT C2S,Spot UV,Silk,Spot UV Both Sides,4/1,5000,Score in Half,No Gift Cards Slits,Yes 5000 Envelopes 6.5X6.5
Majestic,Silk,6 x 12,Horizontal,Rectangle,16PT C2S,Spot UV,Silk,Spot UV Both Sides,4/1,5000,Score in Half,No Gift Cards Slits,Yes 5000 Envelopes 6.5X6.5
Majestic,Silk,6 x 12,Horizontal,Rectangle,16PT C2S,Spot UV,Silk,Spot UV Front,4/4 (4 color both sides),5000,Score in Half,No Gift Cards Slits,Yes 5000 Envelopes 6.5X6.5
Majestic,Silk,6 x 12,Vertical,Rectangle,16PT C2S,Spot UV,Silk,Spot UV Front,4/4 (4 color both sides),5000,Score in Half,No Gift Cards Slits,Yes 5000 Envelopes 6.5X6.5
Majestic,Silk,6 x 12,Horizontal,Rectangle,16PT C2S,Spot UV,Silk,Spot UV Both Sides,4/4 (4 color both sides),5000,Score in Half,No Gift Cards Slits,Yes 5000 Envelopes 6.5X6.5
Majestic,Silk,6 x 12,Vertical,Rectangle,16PT C2S,Spot UV,Silk,Spot UV Both Sides,4/4 (4 color both sides),5000,Score in Half,No Gift Cards Slits,Yes 5000 Envelopes 6.5X6.5
Majestic,Silk,6 x 12,Vertical,Rectangle,16PT C2S,Spot UV,Silk,Spot UV Back,4/4 (4 color both sides),5000,Score in Half,No Gift Cards Slits,Yes 5000 Envelopes 6.5X6.5
Majestic,Silk,6 x 12,Vertical,Rectangle,16PT C2S,Spot UV,Silk,Spot UV Both Sides,4/4 (4 color both sides),5000,Score in Half,Moon Slits Right Panel,Yes 5000 Envelopes 6.5X6.5
Majestic,Silk,6 x 12,Horizontal,Rectangle,16PT C2S,Spot UV,Silk,Spot UV Front,4/1,10000,Score in Half,No Gift Cards Slits,Yes 5000 Envelopes 6.5X6.5
Majestic,Silk,6 x 12,Vertical,Rectangle,16PT C2S,Spot UV,Silk,Spot UV Front,4/1,10000,Score in Half,No Gift Cards Slits,Yes 5000 Envelopes 6.5X6.5
Majestic,Silk,6 x 12,Horizontal,Rectangle,16PT C2S,Spot UV,Silk,Spot UV Both Sides,4/1,10000,Score in Half,No Gift Cards Slits,Yes 5000 Envelopes 6.5X6.5
Majestic,Silk,6 x 12,Vertical,Rectangle,16PT C2S,Spot UV,Silk,Spot UV Back,4/1,10000,Score in Half,No Gift Cards Slits,Yes 5000 Envelopes 6.5X6.5
Majestic,Silk,6 x 12,Horizontal,Rectangle,16PT C2S,Spot UV,Silk,Spot UV Back,4/1,10000,Score in Half,No Gift Cards Slits,Yes 5000 Envelopes 6.5X6.5
Majestic,Silk,6 x 12,Vertical,Rectangle,16PT C2S,Spot UV,Silk,Spot UV Both Sides,4/1,10000,Score in Half,No Gift Cards Slits,Yes 5000 Envelopes 6.5X6.5
Majestic,Silk,6 x 12,Horizontal,Rectangle,16PT C2S,Spot UV,Silk,Spot UV Front,4/4 (4 color both sides),10000,Score in Half,No Gift Cards Slits,Yes 5000 Envelopes 6.5X6.5
Majestic,Silk,6 x 12,Vertical,Rectangle,16PT C2S,Spot UV,Silk,Spot UV Front,4/4 (4 color both sides),10000,Score in Half,No Gift Cards Slits,Yes 5000 Envelopes 6.5X6.5
Majestic,Silk,6 x 12,Horizontal,Rectangle,16PT C2S,Spot UV,Silk,Spot UV Back,4/4 (4 color both sides),10000,Score in Half,No Gift Cards Slits,Yes 5000 Envelopes 6.5X6.5
Majestic,Silk,6 x 12,Vertical,Rectangle,16PT C2S,Spot UV,Silk,Spot UV Back,4/4 (4 color both sides),10000,Score in Half,No Gift Cards Slits,Yes 5000 Envelopes 6.5X6.5
Majestic,Silk,6 x 12,Vertical,Rectangle,16PT C2S,Spot UV,Silk,Spot UV Front,4/4 (4 color both sides),5000,Score in Half,Moon Slits Right Panel,Yes 5000 Envelopes 6.5X6.5
Majestic,Silk,6 x 12,Horizontal,Rectangle,16PT C2S,Spot UV,Silk,Spot UV Front,4/1,500,Score in Half,Slide Slits Bottom Panel,Yes 5000 Envelopes 6.5X6.5
Majestic,Silk,6 x 12,Vertical,Rectangle,16PT C2S,Spot UV,Silk,Spot UV Both Sides,4/4 (4 color both sides),10000,Score in Half,No Gift Cards Slits,Yes 5000 Envelopes 6.5X6.5
Majestic,Silk,6 x 12,Vertical,Rectangle,16PT C2S,Spot UV,Silk,Spot UV Front,4/1,500,Score in Half,Slide Slits Bottom Panel,Yes 5000 Envelopes 6.5X6.5
Majestic,Silk,6 x 12,Horizontal,Rectangle,16PT C2S,Spot UV,Silk,Spot UV Back,4/1,500,Score in Half,Slide Slits Bottom Panel,Yes 5000 Envelopes 6.5X6.5
Majestic,Silk,6 x 12,Vertical,Rectangle,16PT C2S,Spot UV,Silk,Spot UV Back,4/1,500,Score in Half,Slide Slits Bottom Panel,Yes 5000 Envelopes 6.5X6.5
Majestic,Silk,6 x 12,Horizontal,Rectangle,16PT C2S,Spot UV,Silk,Spot UV Both Sides,4/1,500,Score in Half,Slide Slits Bottom Panel,Yes 5000 Envelopes 6.5X6.5
Majestic,Silk,6 x 12,Horizontal,Rectangle,16PT C2S,Spot UV,Silk,Spot UV Back,4/4 (4 color both sides),5000,Score in Half,No Gift Cards Slits,Yes 5000 Envelopes 6.5X6.5
Majestic,Silk,6 x 12,Horizontal,Rectangle,16PT C2S,Spot UV,Silk,Spot UV Front,4/4 (4 color both sides),500,Score in Half,Slide Slits Bottom Panel,Yes 5000 Envelopes 6.5X6.5
Majestic,Silk,6 x 12,Vertical,Rectangle,16PT C2S,Spot UV,Silk,Spot UV Front,4/4 (4 color both sides),500,Score in Half,Slide Slits Bottom Panel,Yes 5000 Envelopes 6.5X6.5
Majestic,Silk,6 x 12,Horizontal,Rectangle,16PT C2S,Spot UV,Silk,Spot UV Back,4/4 (4 color both sides),500,Score in Half,Slide Slits Bottom Panel,Yes 5000 Envelopes 6.5X6.5
Majestic,Silk,6 x 12,Vertical,Rectangle,16PT C2S,Spot UV,Silk,Spot UV Back,4/4 (4 color both sides),500,Score in Half,Slide Slits Bottom Panel,Yes 5000 Envelopes 6.5X6.5
Majestic,Silk,6 x 12,Horizontal,Rectangle,16PT C2S,Spot UV,Silk,Spot UV Both Sides,4/4 (4 color both sides),500,Score in Half,Slide Slits Bottom Panel,Yes 5000 Envelopes 6.5X6.5
Majestic,Silk,6 x 12,Vertical,Rectangle,16PT C2S,Spot UV,Silk,Spot UV Both Sides,4/4 (4 color both sides),500,Score in Half,Slide Slits Bottom Panel,Yes 5000 Envelopes 6.5X6.5
Majestic,Silk,6 x 12,Horizontal,Rectangle,16PT C2S,Spot UV,Silk,Spot UV Front,4/1,1000,Score in Half,Slide Slits Bottom Panel,Yes 5000 Envelopes 6.5X6.5
Majestic,Silk,6 x 12,Vertical,Rectangle,16PT C2S,Spot UV,Silk,Spot UV Front,4/1,1000,Score in Half,Slide Slits Bottom Panel,Yes 5000 Envelopes 6.5X6.5
Majestic,Silk,6 x 12,Vertical,Rectangle,16PT C2S,Spot UV,Silk,Spot UV Back,4/1,1000,Score in Half,Slide Slits Bottom Panel,Yes 5000 Envelopes 6.5X6.5
Majestic,Silk,6 x 12,Horizontal,Rectangle,16PT C2S,Spot UV,Silk,Spot UV Both Sides,4/1,1000,Score in Half,Slide Slits Bottom Panel,Yes 5000 Envelopes 6.5X6.5
Majestic,Silk,6 x 12,Horizontal,Rectangle,16PT C2S,Spot UV,Silk,Spot UV Back,4/1,1000,Score in Half,Slide Slits Bottom Panel,Yes 5000 Envelopes 6.5X6.5
Majestic,Silk,6 x 12,Horizontal,Rectangle,16PT C2S,Spot UV,Silk,Spot UV Front,4/4 (4 color both sides),1000,Score in Half,Slide Slits Bottom Panel,Yes 5000 Envelopes 6.5X6.5
Majestic,Silk,6 x 12,Vertical,Rectangle,16PT C2S,Spot UV,Silk,Spot UV Both Sides,4/1,1000,Score in Half,Slide Slits Bottom Panel,Yes 5000 Envelopes 6.5X6.5
Majestic,Silk,6 x 12,Vertical,Rectangle,16PT C2S,Spot UV,Silk,Spot UV Front,4/4 (4 color both sides),1000,Score in Half,Slide Slits Bottom Panel,Yes 5000 Envelopes 6.5X6.5
Majestic,Silk,6 x 12,Horizontal,Rectangle,16PT C2S,Spot UV,Silk,Spot UV Back,4/4 (4 color both sides),1000,Score in Half,Slide Slits Bottom Panel,Yes 5000 Envelopes 6.5X6.5
Majestic,Silk,6 x 12,Vertical,Rectangle,16PT C2S,Spot UV,Silk,Spot UV Back,4/4 (4 color both sides),1000,Score in Half,Slide Slits Bottom Panel,Yes 5000 Envelopes 6.5X6.5
Majestic,Silk,6 x 12,Horizontal,Rectangle,16PT C2S,Spot UV,Silk,Spot UV Both Sides,4/4 (4 color both sides),1000,Score in Half,Slide Slits Bottom Panel,Yes 5000 Envelopes 6.5X6.5
Majestic,Silk,6 x 12,Vertical,Rectangle,16PT C2S,Spot UV,Silk,Spot UV Both Sides,4/4 (4 color both sides),1000,Score in Half,Slide Slits Bottom Panel,Yes 5000 Envelopes 6.5X6.5
Majestic,Silk,6 x 12,Horizontal,Rectangle,16PT C2S,Spot UV,Silk,Spot UV Front,4/1,2500,Score in Half,Slide Slits Bottom Panel,Yes 5000 Envelopes 6.5X6.5
Majestic,Silk,6 x 12,Vertical,Rectangle,16PT C2S,Spot UV,Silk,Spot UV Front,4/1,2500,Score in Half,Slide Slits Bottom Panel,Yes 5000 Envelopes 6.5X6.5
Majestic,Silk,6 x 12,Vertical,Rectangle,16PT C2S,Spot UV,Silk,Spot UV Back,4/1,2500,Score in Half,Slide Slits Bottom Panel,Yes 5000 Envelopes 6.5X6.5
Majestic,Silk,6 x 12,Horizontal,Rectangle,16PT C2S,Spot UV,Silk,Spot UV Both Sides,4/1,2500,Score in Half,Slide Slits Bottom Panel,Yes 5000 Envelopes 6.5X6.5
Majestic,Silk,6 x 12,Horizontal,Rectangle,16PT C2S,Spot UV,Silk,Spot UV Back,4/1,2500,Score in Half,Slide Slits Bottom Panel,Yes 5000 Envelopes 6.5X6.5
Majestic,Silk,6 x 12,Horizontal,Rectangle,16PT C2S,Spot UV,Silk,Spot UV Front,4/4 (4 color both sides),2500,Score in Half,Slide Slits Bottom Panel,Yes 5000 Envelopes 6.5X6.5
Majestic,Silk,6 x 12,Vertical,Rectangle,16PT C2S,Spot UV,Silk,Spot UV Front,4/4 (4 color both sides),2500,Score in Half,Slide Slits Bottom Panel,Yes 5000 Envelopes 6.5X6.5
Majestic,Silk,6 x 12,Vertical,Rectangle,16PT C2S,Spot UV,Silk,Spot UV Both Sides,4/1,2500,Score in Half,Slide Slits Bottom Panel,Yes 5000 Envelopes 6.5X6.5
Majestic,Silk,6 x 12,Horizontal,Rectangle,16PT C2S,Spot UV,Silk,Spot UV Back,4/4 (4 color both sides),2500,Score in Half,Slide Slits Bottom Panel,Yes 5000 Envelopes 6.5X6.5
Majestic,Silk,6 x 12,Vertical,Rectangle,16PT C2S,Spot UV,Silk,Spot UV Back,4/4 (4 color both sides),2500,Score in Half,Slide Slits Bottom Panel,Yes 5000 Envelopes 6.5X6.5
Majestic,Silk,6 x 12,Horizontal,Rectangle,16PT C2S,Spot UV,Silk,Spot UV Both Sides,4/4 (4 color both sides),2500,Score in Half,Slide Slits Bottom Panel,Yes 5000 Envelopes 6.5X6.5
Majestic,Silk,6 x 12,Vertical,Rectangle,16PT C2S,Spot UV,Silk,Spot UV Both Sides,4/4 (4 color both sides),2500,Score in Half,Slide Slits Bottom Panel,Yes 5000 Envelopes 6.5X6.5
Majestic,Silk,6 x 12,Horizontal,Rectangle,16PT C2S,Spot UV,Silk,Spot UV Front,4/1,5000,Score in Half,Slide Slits Bottom Panel,Yes 5000 Envelopes 6.5X6.5
Majestic,Silk,6 x 12,Vertical,Rectangle,16PT C2S,Spot UV,Silk,Spot UV Front,4/1,5000,Score in Half,Slide Slits Bottom Panel,Yes 5000 Envelopes 6.5X6.5
Majestic,Silk,6 x 12,Vertical,Rectangle,16PT C2S,Spot UV,Silk,Spot UV Back,4/1,5000,Score in Half,Slide Slits Bottom Panel,Yes 5000 Envelopes 6.5X6.5
Majestic,Silk,6 x 12,Horizontal,Rectangle,16PT C2S,Spot UV,Silk,Spot UV Back,4/1,5000,Score in Half,Slide Slits Bottom Panel,Yes 5000 Envelopes 6.5X6.5
Majestic,Silk,6 x 12,Horizontal,Rectangle,16PT C2S,Spot UV,Silk,Spot UV Both Sides,4/1,5000,Score in Half,Slide Slits Bottom Panel,Yes 5000 Envelopes 6.5X6.5
Majestic,Silk,6 x 12,Vertical,Rectangle,16PT C2S,Spot UV,Silk,Spot UV Both Sides,4/1,5000,Score in Half,Slide Slits Bottom Panel,Yes 5000 Envelopes 6.5X6.5
Majestic,Silk,6 x 12,Horizontal,Rectangle,16PT C2S,Spot UV,Silk,Spot UV Front,4/4 (4 color both sides),5000,Score in Half,Slide Slits Bottom Panel,Yes 5000 Envelopes 6.5X6.5
Majestic,Silk,6 x 12,Vertical,Rectangle,16PT C2S,Spot UV,Silk,Spot UV Front,4/4 (4 color both sides),5000,Score in Half,Slide Slits Bottom Panel,Yes 5000 Envelopes 6.5X6.5
Majestic,Silk,6 x 12,Horizontal,Rectangle,16PT C2S,Spot UV,Silk,Spot UV Back,4/4 (4 color both sides),5000,Score in Half,Slide Slits Bottom Panel,Yes 5000 Envelopes 6.5X6.5
Majestic,Silk,6 x 12,Vertical,Rectangle,16PT C2S,Spot UV,Silk,Spot UV Back,4/4 (4 color both sides),5000,Score in Half,Slide Slits Bottom Panel,Yes 5000 Envelopes 6.5X6.5
Majestic,Silk,6 x 12,Horizontal,Rectangle,16PT C2S,Spot UV,Silk,Spot UV Both Sides,4/4 (4 color both sides),5000,Score in Half,Slide Slits Bottom Panel,Yes 5000 Envelopes 6.5X6.5
Majestic,Silk,6 x 12,Horizontal,Rectangle,16PT C2S,Spot UV,Silk,Spot UV Front,4/1,10000,Score in Half,Slide Slits Bottom Panel,Yes 5000 Envelopes 6.5X6.5
Majestic,Silk,6 x 12,Horizontal,Rectangle,16PT C2S,Spot UV,Silk,Spot UV Back,4/1,10000,Score in Half,Slide Slits Bottom Panel,Yes 5000 Envelopes 6.5X6.5
Majestic,Silk,6 x 12,Vertical,Rectangle,16PT C2S,Spot UV,Silk,Spot UV Front,4/1,10000,Score in Half,Slide Slits Bottom Panel,Yes 5000 Envelopes 6.5X6.5
Majestic,Silk,6 x 12,Vertical,Rectangle,16PT C2S,Spot UV,Silk,Spot UV Back,4/1,10000,Score in Half,Slide Slits Bottom Panel,Yes 5000 Envelopes 6.5X6.5
Majestic,Silk,6 x 12,Vertical,Rectangle,16PT C2S,Spot UV,Silk,Spot UV Both Sides,4/4 (4 color both sides),5000,Score in Half,Slide Slits Bottom Panel,Yes 5000 Envelopes 6.5X6.5
Majestic,Silk,6 x 12,Horizontal,Rectangle,16PT C2S,Spot UV,Silk,Spot UV Both Sides,4/1,10000,Score in Half,Slide Slits Bottom Panel,Yes 5000 Envelopes 6.5X6.5
Majestic,Silk,6 x 12,Horizontal,Rectangle,16PT C2S,Spot UV,Silk,Spot UV Back,4/4 (4 color both sides),10000,Score in Half,Slide Slits Bottom Panel,Yes 5000 Envelopes 6.5X6.5
Majestic,Silk,6 x 12,Horizontal,Rectangle,16PT C2S,Spot UV,Silk,Spot UV Front,4/4 (4 color both sides),10000,Score in Half,Slide Slits Bottom Panel,Yes 5000 Envelopes 6.5X6.5
Majestic,Silk,6 x 12,Vertical,Rectangle,16PT C2S,Spot UV,Silk,Spot UV Front,4/4 (4 color both sides),10000,Score in Half,Slide Slits Bottom Panel,Yes 5000 Envelopes 6.5X6.5
Majestic,Silk,6 x 12,Vertical,Rectangle,16PT C2S,Spot UV,Silk,Spot UV Back,4/4 (4 color both sides),10000,Score in Half,Slide Slits Bottom Panel,Yes 5000 Envelopes 6.5X6.5
Majestic,Silk,6 x 12,Horizontal,Rectangle,16PT C2S,Spot UV,Silk,Spot UV Both Sides,4/4 (4 color both sides),10000,Score in Half,Slide Slits Bottom Panel,Yes 5000 Envelopes 6.5X6.5
Majestic,Silk,6 x 12,Vertical,Rectangle,16PT C2S,Spot UV,Silk,Spot UV Both Sides,4/1,10000,Score in Half,Slide Slits Bottom Panel,Yes 5000 Envelopes 6.5X6.5
Majestic,Silk,6 x 12,Horizontal,Rectangle,16PT C2S,Spot UV,Silk,Spot UV Front,4/1,500,Score in Half,Slide Slits Right Panel,Yes 5000 Envelopes 6.5X6.5
Majestic,Silk,6 x 12,Vertical,Rectangle,16PT C2S,Spot UV,Silk,Spot UV Both Sides,4/4 (4 color both sides),10000,Score in Half,Slide Slits Bottom Panel,Yes 5000 Envelopes 6.5X6.5
Majestic,Silk,6 x 12,Vertical,Rectangle,16PT C2S,Spot UV,Silk,Spot UV Front,4/1,500,Score in Half,Slide Slits Right Panel,Yes 5000 Envelopes 6.5X6.5
Majestic,Silk,6 x 12,Vertical,Rectangle,16PT C2S,Spot UV,Silk,Spot UV Back,4/1,500,Score in Half,Slide Slits Right Panel,Yes 5000 Envelopes 6.5X6.5
Majestic,Silk,6 x 12,Horizontal,Rectangle,16PT C2S,Spot UV,Silk,Spot UV Both Sides,4/1,500,Score in Half,Slide Slits Right Panel,Yes 5000 Envelopes 6.5X6.5
Majestic,Silk,6 x 12,Horizontal,Rectangle,16PT C2S,Spot UV,Silk,Spot UV Back,4/1,500,Score in Half,Slide Slits Right Panel,Yes 5000 Envelopes 6.5X6.5
Majestic,Silk,6 x 12,Vertical,Rectangle,16PT C2S,Spot UV,Silk,Spot UV Both Sides,4/1,500,Score in Half,Slide Slits Right Panel,Yes 5000 Envelopes 6.5X6.5
Majestic,Silk,6 x 12,Horizontal,Rectangle,16PT C2S,Spot UV,Silk,Spot UV Front,4/4 (4 color both sides),500,Score in Half,Slide Slits Right Panel,Yes 5000 Envelopes 6.5X6.5
Majestic,Silk,6 x 12,Horizontal,Rectangle,16PT C2S,Spot UV,Silk,Spot UV Back,4/4 (4 color both sides),500,Score in Half,Slide Slits Right Panel,Yes 5000 Envelopes 6.5X6.5
Majestic,Silk,6 x 12,Vertical,Rectangle,16PT C2S,Spot UV,Silk,Spot UV Front,4/4 (4 color both sides),500,Score in Half,Slide Slits Right Panel,Yes 5000 Envelopes 6.5X6.5
Majestic,Silk,6 x 12,Horizontal,Rectangle,16PT C2S,Spot UV,Silk,Spot UV Both Sides,4/4 (4 color both sides),500,Score in Half,Slide Slits Right Panel,Yes 5000 Envelopes 6.5X6.5
Majestic,Silk,6 x 12,Vertical,Rectangle,16PT C2S,Spot UV,Silk,Spot UV Back,4/4 (4 color both sides),500,Score in Half,Slide Slits Right Panel,Yes 5000 Envelopes 6.5X6.5
Majestic,Silk,6 x 12,Vertical,Rectangle,16PT C2S,Spot UV,Silk,Spot UV Both Sides,4/4 (4 color both sides),500,Score in Half,Slide Slits Right Panel,Yes 5000 Envelopes 6.5X6.5
Majestic,Silk,6 x 12,Horizontal,Rectangle,16PT C2S,Spot UV,Silk,Spot UV Front,4/1,1000,Score in Half,Slide Slits Right Panel,Yes 5000 Envelopes 6.5X6.5
Majestic,Silk,6 x 12,Vertical,Rectangle,16PT C2S,Spot UV,Silk,Spot UV Front,4/1,1000,Score in Half,Slide Slits Right Panel,Yes 5000 Envelopes 6.5X6.5
Majestic,Silk,6 x 12,Horizontal,Rectangle,16PT C2S,Spot UV,Silk,Spot UV Both Sides,4/1,1000,Score in Half,Slide Slits Right Panel,Yes 5000 Envelopes 6.5X6.5
Majestic,Silk,6 x 12,Horizontal,Rectangle,16PT C2S,Spot UV,Silk,Spot UV Front,4/4 (4 color both sides),1000,Score in Half,Slide Slits Right Panel,Yes 5000 Envelopes 6.5X6.5
Majestic,Silk,6 x 12,Horizontal,Rectangle,16PT C2S,Spot UV,Silk,Spot UV Back,4/1,1000,Score in Half,Slide Slits Right Panel,Yes 5000 Envelopes 6.5X6.5
Majestic,Silk,6 x 12,Vertical,Rectangle,16PT C2S,Spot UV,Silk,Spot UV Back,4/1,1000,Score in Half,Slide Slits Right Panel,Yes 5000 Envelopes 6.5X6.5
Majestic,Silk,6 x 12,Vertical,Rectangle,16PT C2S,Spot UV,Silk,Spot UV Both Sides,4/1,1000,Score in Half,Slide Slits Right Panel,Yes 5000 Envelopes 6.5X6.5
Majestic,Silk,6 x 12,Vertical,Rectangle,16PT C2S,Spot UV,Silk,Spot UV Front,4/4 (4 color both sides),1000,Score in Half,Slide Slits Right Panel,Yes 5000 Envelopes 6.5X6.5
Majestic,Silk,6 x 12,Horizontal,Rectangle,16PT C2S,Spot UV,Silk,Spot UV Back,4/4 (4 color both sides),1000,Score in Half,Slide Slits Right Panel,Yes 5000 Envelopes 6.5X6.5
Majestic,Silk,6 x 12,Vertical,Rectangle,16PT C2S,Spot UV,Silk,Spot UV Back,4/4 (4 color both sides),1000,Score in Half,Slide Slits Right Panel,Yes 5000 Envelopes 6.5X6.5
Majestic,Silk,6 x 12,Horizontal,Rectangle,16PT C2S,Spot UV,Silk,Spot UV Both Sides,4/4 (4 color both sides),1000,Score in Half,Slide Slits Right Panel,Yes 5000 Envelopes 6.5X6.5
Majestic,Silk,6 x 12,Vertical,Rectangle,16PT C2S,Spot UV,Silk,Spot UV Both Sides,4/4 (4 color both sides),1000,Score in Half,Slide Slits Right Panel,Yes 5000 Envelopes 6.5X6.5
Majestic,Silk,6 x 12,Horizontal,Rectangle,16PT C2S,Spot UV,Silk,Spot UV Front,4/1,2500,Score in Half,Slide Slits Right Panel,Yes 5000 Envelopes 6.5X6.5
Majestic,Silk,6 x 12,Vertical,Rectangle,16PT C2S,Spot UV,Silk,Spot UV Front,4/1,2500,Score in Half,Slide Slits Right Panel,Yes 5000 Envelopes 6.5X6.5
Majestic,Silk,6 x 12,Horizontal,Rectangle,16PT C2S,Spot UV,Silk,Spot UV Back,4/1,2500,Score in Half,Slide Slits Right Panel,Yes 5000 Envelopes 6.5X6.5
Majestic,Silk,6 x 12,Vertical,Rectangle,16PT C2S,Spot UV,Silk,Spot UV Back,4/1,2500,Score in Half,Slide Slits Right Panel,Yes 5000 Envelopes 6.5X6.5
Majestic,Silk,6 x 12,Horizontal,Rectangle,16PT C2S,Spot UV,Silk,Spot UV Both Sides,4/1,2500,Score in Half,Slide Slits Right Panel,Yes 5000 Envelopes 6.5X6.5
Majestic,Silk,6 x 12,Vertical,Rectangle,16PT C2S,Spot UV,Silk,Spot UV Both Sides,4/1,2500,Score in Half,Slide Slits Right Panel,Yes 5000 Envelopes 6.5X6.5
Majestic,Silk,6 x 12,Vertical,Rectangle,16PT C2S,Spot UV,Silk,Spot UV Back,4/1,1000,Score in Half,No Gift Cards Slits,Yes 5000 Envelopes 6.5X6.5
Majestic,Silk,6 x 12,Vertical,Rectangle,16PT C2S,Spot UV,Silk,Spot UV Front,4/4 (4 color both sides),2500,Score in Half,Slide Slits Right Panel,Yes 5000 Envelopes 6.5X6.5
Majestic,Silk,6 x 12,Horizontal,Rectangle,16PT C2S,Spot UV,Silk,Spot UV Back,4/4 (4 color both sides),2500,Score in Half,Slide Slits Right Panel,Yes 5000 Envelopes 6.5X6.5
Majestic,Silk,6 x 12,Vertical,Rectangle,16PT C2S,Spot UV,Silk,Spot UV Back,4/4 (4 color both sides),2500,Score in Half,Slide Slits Right Panel,Yes 5000 Envelopes 6.5X6.5
Majestic,Silk,6 x 12,Horizontal,Rectangle,16PT C2S,Spot UV,Silk,Spot UV Both Sides,4/4 (4 color both sides),2500,Score in Half,Slide Slits Right Panel,Yes 5000 Envelopes 6.5X6.5
Majestic,Silk,6 x 12,Vertical,Rectangle,16PT C2S,Spot UV,Silk,Spot UV Both Sides,4/4 (4 color both sides),2500,Score in Half,Slide Slits Right Panel,Yes 5000 Envelopes 6.5X6.5
Majestic,Silk,6 x 12,Horizontal,Rectangle,16PT C2S,Spot UV,Silk,Spot UV Front,4/1,5000,Score in Half,Slide Slits Right Panel,Yes 5000 Envelopes 6.5X6.5
Majestic,Silk,6 x 12,Vertical,Rectangle,16PT C2S,Spot UV,Silk,Spot UV Front,4/1,5000,Score in Half,Slide Slits Right Panel,Yes 5000 Envelopes 6.5X6.5
Majestic,Silk,6 x 12,Horizontal,Rectangle,16PT C2S,Spot UV,Silk,Spot UV Back,4/1,5000,Score in Half,Slide Slits Right Panel,Yes 5000 Envelopes 6.5X6.5
Majestic,Silk,6 x 12,Vertical,Rectangle,16PT C2S,Spot UV,Silk,Spot UV Back,4/1,5000,Score in Half,Slide Slits Right Panel,Yes 5000 Envelopes 6.5X6.5
Majestic,Silk,6 x 12,Horizontal,Rectangle,16PT C2S,Spot UV,Silk,Spot UV Both Sides,4/1,5000,Score in Half,Slide Slits Right Panel,Yes 5000 Envelopes 6.5X6.5
Majestic,Silk,6 x 12,Vertical,Rectangle,16PT C2S,Spot UV,Silk,Spot UV Both Sides,4/1,5000,Score in Half,Slide Slits Right Panel,Yes 5000 Envelopes 6.5X6.5
Majestic,Silk,6 x 12,Vertical,Rectangle,16PT C2S,Spot UV,Silk,Spot UV Front,4/4 (4 color both sides),5000,Score in Half,Slide Slits Right Panel,Yes 5000 Envelopes 6.5X6.5
Majestic,Silk,6 x 12,Horizontal,Rectangle,16PT C2S,Spot UV,Silk,Spot UV Front,4/4 (4 color both sides),5000,Score in Half,Slide Slits Right Panel,Yes 5000 Envelopes 6.5X6.5
Majestic,Silk,6 x 12,Horizontal,Rectangle,16PT C2S,Spot UV,Silk,Spot UV Back,4/4 (4 color both sides),5000,Score in Half,Slide Slits Right Panel,Yes 5000 Envelopes 6.5X6.5
Majestic,Silk,6 x 12,Vertical,Rectangle,16PT C2S,Spot UV,Silk,Spot UV Back,4/4 (4 color both sides),5000,Score in Half,Slide Slits Right Panel,Yes 5000 Envelopes 6.5X6.5
Majestic,Silk,6 x 12,Horizontal,Rectangle,16PT C2S,Spot UV,Silk,Spot UV Both Sides,4/4 (4 color both sides),5000,Score in Half,Slide Slits Right Panel,Yes 5000 Envelopes 6.5X6.5
Majestic,Silk,6 x 12,Vertical,Rectangle,16PT C2S,Spot UV,Silk,Spot UV Both Sides,4/4 (4 color both sides),5000,Score in Half,Slide Slits Right Panel,Yes 5000 Envelopes 6.5X6.5
Majestic,Silk,6 x 12,Horizontal,Rectangle,16PT C2S,Spot UV,Silk,Spot UV Front,4/1,10000,Score in Half,Slide Slits Right Panel,Yes 5000 Envelopes 6.5X6.5
Majestic,Silk,6 x 12,Vertical,Rectangle,16PT C2S,Spot UV,Silk,Spot UV Front,4/1,10000,Score in Half,Slide Slits Right Panel,Yes 5000 Envelopes 6.5X6.5
Majestic,Silk,6 x 12,Horizontal,Rectangle,16PT C2S,Spot UV,Silk,Spot UV Back,4/1,10000,Score in Half,Slide Slits Right Panel,Yes 5000 Envelopes 6.5X6.5
Majestic,Silk,6 x 12,Horizontal,Rectangle,16PT C2S,Spot UV,Silk,Spot UV Both Sides,4/1,10000,Score in Half,Slide Slits Right Panel,Yes 5000 Envelopes 6.5X6.5
Majestic,Silk,6 x 12,Vertical,Rectangle,16PT C2S,Spot UV,Silk,Spot UV Back,4/1,10000,Score in Half,Slide Slits Right Panel,Yes 5000 Envelopes 6.5X6.5
Majestic,Silk,6 x 12,Vertical,Rectangle,16PT C2S,Spot UV,Silk,Spot UV Both Sides,4/1,10000,Score in Half,Slide Slits Right Panel,Yes 5000 Envelopes 6.5X6.5
Majestic,Silk,6 x 12,Horizontal,Rectangle,16PT C2S,Spot UV,Silk,Spot UV Front,4/4 (4 color both sides),10000,Score in Half,Slide Slits Right Panel,Yes 5000 Envelopes 6.5X6.5
Majestic,Silk,6 x 12,Vertical,Rectangle,16PT C2S,Spot UV,Silk,Spot UV Front,4/4 (4 color both sides),10000,Score in Half,Slide Slits Right Panel,Yes 5000 Envelopes 6.5X6.5
Majestic,Silk,6 x 12,Horizontal,Rectangle,16PT C2S,Spot UV,Silk,Spot UV Back,4/4 (4 color both sides),10000,Score in Half,Slide Slits Right Panel,Yes 5000 Envelopes 6.5X6.5
Majestic,Silk,6 x 12,Vertical,Rectangle,16PT C2S,Spot UV,Silk,Spot UV Back,4/4 (4 color both sides),10000,Score in Half,Slide Slits Right Panel,Yes 5000 Envelopes 6.5X6.5
Majestic,Silk,6 x 12,Horizontal,Rectangle,16PT C2S,Spot UV,Silk,Spot UV Both Sides,4/4 (4 color both sides),10000,Score in Half,Slide Slits Right Panel,Yes 5000 Envelopes 6.5X6.5
Majestic,Silk,6 x 12,Vertical,Rectangle,16PT C2S,Spot UV,Silk,Spot UV Both Sides,4/4 (4 color both sides),10000,Score in Half,Slide Slits Right Panel,Yes 5000 Envelopes 6.5X6.5
Majestic,Silk,6 x 12,Horizontal,Rectangle,16PT C2S,Spot UV,Silk,Spot UV Front,4/1,500,Score in Half,Moon Slits Bottom Panel,Yes 10000 Envelopes 6.5X6.5
Majestic,Silk,6 x 12,Vertical,Rectangle,16PT C2S,Spot UV,Silk,Spot UV Front,4/1,500,Score in Half,Moon Slits Bottom Panel,Yes 10000 Envelopes 6.5X6.5
Majestic,Silk,6 x 12,Horizontal,Rectangle,16PT C2S,Spot UV,Silk,Spot UV Back,4/1,500,Score in Half,Moon Slits Bottom Panel,Yes 10000 Envelopes 6.5X6.5
Majestic,Silk,6 x 12,Vertical,Rectangle,16PT C2S,Spot UV,Silk,Spot UV Back,4/1,500,Score in Half,Moon Slits Bottom Panel,Yes 10000 Envelopes 6.5X6.5
Majestic,Silk,6 x 12,Horizontal,Rectangle,16PT C2S,Spot UV,Silk,Spot UV Both Sides,4/1,500,Score in Half,Moon Slits Bottom Panel,Yes 10000 Envelopes 6.5X6.5
Majestic,Silk,6 x 12,Vertical,Rectangle,16PT C2S,Spot UV,Silk,Spot UV Both Sides,4/1,500,Score in Half,Moon Slits Bottom Panel,Yes 10000 Envelopes 6.5X6.5
Majestic,Silk,6 x 12,Horizontal,Rectangle,16PT C2S,Spot UV,Silk,Spot UV Front,4/4 (4 color both sides),500,Score in Half,Moon Slits Bottom Panel,Yes 10000 Envelopes 6.5X6.5
Majestic,Silk,6 x 12,Vertical,Rectangle,16PT C2S,Spot UV,Silk,Spot UV Front,4/4 (4 color both sides),500,Score in Half,Moon Slits Bottom Panel,Yes 10000 Envelopes 6.5X6.5
Majestic,Silk,6 x 12,Horizontal,Rectangle,16PT C2S,Spot UV,Silk,Spot UV Back,4/4 (4 color both sides),500,Score in Half,Moon Slits Bottom Panel,Yes 10000 Envelopes 6.5X6.5
Majestic,Silk,6 x 12,Vertical,Rectangle,16PT C2S,Spot UV,Silk,Spot UV Back,4/4 (4 color both sides),500,Score in Half,Moon Slits Bottom Panel,Yes 10000 Envelopes 6.5X6.5
Majestic,Silk,6 x 12,Horizontal,Rectangle,16PT C2S,Spot UV,Silk,Spot UV Both Sides,4/4 (4 color both sides),500,Score in Half,Moon Slits Bottom Panel,Yes 10000 Envelopes 6.5X6.5
Majestic,Silk,6 x 12,Vertical,Rectangle,16PT C2S,Spot UV,Silk,Spot UV Both Sides,4/4 (4 color both sides),500,Score in Half,Moon Slits Bottom Panel,Yes 10000 Envelopes 6.5X6.5
Majestic,Silk,6 x 12,Horizontal,Rectangle,16PT C2S,Spot UV,Silk,Spot UV Front,4/1,1000,Score in Half,Moon Slits Bottom Panel,Yes 10000 Envelopes 6.5X6.5
Majestic,Silk,6 x 12,Vertical,Rectangle,16PT C2S,Spot UV,Silk,Spot UV Front,4/1,1000,Score in Half,Moon Slits Bottom Panel,Yes 10000 Envelopes 6.5X6.5
Majestic,Silk,6 x 12,Horizontal,Rectangle,16PT C2S,Spot UV,Silk,Spot UV Back,4/1,1000,Score in Half,Moon Slits Bottom Panel,Yes 10000 Envelopes 6.5X6.5
Majestic,Silk,6 x 12,Vertical,Rectangle,16PT C2S,Spot UV,Silk,Spot UV Back,4/1,1000,Score in Half,Moon Slits Bottom Panel,Yes 10000 Envelopes 6.5X6.5
Majestic,Silk,6 x 12,Horizontal,Rectangle,16PT C2S,Spot UV,Silk,Spot UV Both Sides,4/1,1000,Score in Half,Moon Slits Bottom Panel,Yes 10000 Envelopes 6.5X6.5
Majestic,Silk,6 x 12,Vertical,Rectangle,16PT C2S,Spot UV,Silk,Spot UV Both Sides,4/1,1000,Score in Half,Moon Slits Bottom Panel,Yes 10000 Envelopes 6.5X6.5
Majestic,Silk,6 x 12,Horizontal,Rectangle,16PT C2S,Spot UV,Silk,Spot UV Front,4/4 (4 color both sides),1000,Score in Half,Moon Slits Bottom Panel,Yes 10000 Envelopes 6.5X6.5
Majestic,Silk,6 x 12,Vertical,Rectangle,16PT C2S,Spot UV,Silk,Spot UV Front,4/4 (4 color both sides),1000,Score in Half,Moon Slits Bottom Panel,Yes 10000 Envelopes 6.5X6.5
Majestic,Silk,6 x 12,Vertical,Rectangle,16PT C2S,Spot UV,Silk,Spot UV Both Sides,4/1,500,Score in Half,Slide Slits Bottom Panel,Yes 5000 Envelopes 6.5X6.5
Majestic,Silk,6 x 12,Vertical,Rectangle,16PT C2S,Spot UV,Silk,Spot UV Back,4/4 (4 color both sides),1000,Score in Half,Moon Slits Bottom Panel,Yes 10000 Envelopes 6.5X6.5
Majestic,Silk,6 x 12,Horizontal,Rectangle,16PT C2S,Spot UV,Silk,Spot UV Both Sides,4/4 (4 color both sides),1000,Score in Half,Moon Slits Bottom Panel,Yes 10000 Envelopes 6.5X6.5
Majestic,Silk,6 x 12,Vertical,Rectangle,16PT C2S,Spot UV,Silk,Spot UV Both Sides,4/4 (4 color both sides),1000,Score in Half,Moon Slits Bottom Panel,Yes 10000 Envelopes 6.5X6.5
Majestic,Silk,6 x 12,Horizontal,Rectangle,16PT C2S,Spot UV,Silk,Spot UV Front,4/1,2500,Score in Half,Moon Slits Bottom Panel,Yes 10000 Envelopes 6.5X6.5
Majestic,Silk,6 x 12,Vertical,Rectangle,16PT C2S,Spot UV,Silk,Spot UV Front,4/1,2500,Score in Half,Moon Slits Bottom Panel,Yes 10000 Envelopes 6.5X6.5
Majestic,Silk,6 x 12,Horizontal,Rectangle,16PT C2S,Spot UV,Silk,Spot UV Back,4/1,2500,Score in Half,Moon Slits Bottom Panel,Yes 10000 Envelopes 6.5X6.5
Majestic,Silk,6 x 12,Vertical,Rectangle,16PT C2S,Spot UV,Silk,Spot UV Back,4/1,2500,Score in Half,Moon Slits Bottom Panel,Yes 10000 Envelopes 6.5X6.5
Majestic,Silk,6 x 12,Horizontal,Rectangle,16PT C2S,Spot UV,Silk,Spot UV Both Sides,4/1,2500,Score in Half,Moon Slits Bottom Panel,Yes 10000 Envelopes 6.5X6.5
Majestic,Silk,6 x 12,Vertical,Rectangle,16PT C2S,Spot UV,Silk,Spot UV Both Sides,4/1,2500,Score in Half,Moon Slits Bottom Panel,Yes 10000 Envelopes 6.5X6.5
Majestic,Silk,6 x 12,Horizontal,Rectangle,16PT C2S,Spot UV,Silk,Spot UV Front,4/4 (4 color both sides),2500,Score in Half,Slide Slits Right Panel,Yes 5000 Envelopes 6.5X6.5
Majestic,Silk,6 x 12,Vertical,Rectangle,16PT C2S,Spot UV,Silk,Spot UV Front,4/4 (4 color both sides),2500,Score in Half,Moon Slits Bottom Panel,Yes 10000 Envelopes 6.5X6.5
Majestic,Silk,6 x 12,Horizontal,Rectangle,16PT C2S,Spot UV,Silk,Spot UV Back,4/4 (4 color both sides),2500,Score in Half,Moon Slits Bottom Panel,Yes 10000 Envelopes 6.5X6.5
Majestic,Silk,6 x 12,Vertical,Rectangle,16PT C2S,Spot UV,Silk,Spot UV Back,4/4 (4 color both sides),2500,Score in Half,Moon Slits Bottom Panel,Yes 10000 Envelopes 6.5X6.5
Majestic,Silk,6 x 12,Horizontal,Rectangle,16PT C2S,Spot UV,Silk,Spot UV Both Sides,4/4 (4 color both sides),2500,Score in Half,Moon Slits Bottom Panel,Yes 10000 Envelopes 6.5X6.5
Majestic,Silk,6 x 12,Vertical,Rectangle,16PT C2S,Spot UV,Silk,Spot UV Both Sides,4/4 (4 color both sides),2500,Score in Half,Moon Slits Bottom Panel,Yes 10000 Envelopes 6.5X6.5
Majestic,Silk,6 x 12,Vertical,Rectangle,16PT C2S,Spot UV,Silk,Spot UV Front,4/1,5000,Score in Half,Moon Slits Bottom Panel,Yes 10000 Envelopes 6.5X6.5
Majestic,Silk,6 x 12,Horizontal,Rectangle,16PT C2S,Spot UV,Silk,Spot UV Front,4/1,5000,Score in Half,Moon Slits Bottom Panel,Yes 10000 Envelopes 6.5X6.5
Majestic,Silk,6 x 12,Horizontal,Rectangle,16PT C2S,Spot UV,Silk,Spot UV Back,4/1,5000,Score in Half,Moon Slits Bottom Panel,Yes 10000 Envelopes 6.5X6.5
Majestic,Silk,6 x 12,Vertical,Rectangle,16PT C2S,Spot UV,Silk,Spot UV Back,4/1,5000,Score in Half,Moon Slits Bottom Panel,Yes 10000 Envelopes 6.5X6.5
Majestic,Silk,6 x 12,Horizontal,Rectangle,16PT C2S,Spot UV,Silk,Spot UV Both Sides,4/1,5000,Score in Half,Moon Slits Bottom Panel,Yes 10000 Envelopes 6.5X6.5
Majestic,Silk,6 x 12,Vertical,Rectangle,16PT C2S,Spot UV,Silk,Spot UV Both Sides,4/1,5000,Score in Half,Moon Slits Bottom Panel,Yes 10000 Envelopes 6.5X6.5
Majestic,Silk,6 x 12,Horizontal,Rectangle,16PT C2S,Spot UV,Silk,Spot UV Front,4/4 (4 color both sides),2500,Score in Half,Moon Slits Bottom Panel,Yes 10000 Envelopes 6.5X6.5
Majestic,Silk,6 x 12,Vertical,Rectangle,16PT C2S,Spot UV,Silk,Spot UV Front,4/4 (4 color both sides),5000,Score in Half,Moon Slits Bottom Panel,Yes 10000 Envelopes 6.5X6.5
Majestic,Silk,6 x 12,Vertical,Rectangle,16PT C2S,Spot UV,Silk,Spot UV Back,4/4 (4 color both sides),5000,Score in Half,Moon Slits Bottom Panel,Yes 10000 Envelopes 6.5X6.5
Majestic,Silk,6 x 12,Horizontal,Rectangle,16PT C2S,Spot UV,Silk,Spot UV Both Sides,4/4 (4 color both sides),5000,Score in Half,Moon Slits Bottom Panel,Yes 10000 Envelopes 6.5X6.5
Majestic,Silk,6 x 12,Vertical,Rectangle,16PT C2S,Spot UV,Silk,Spot UV Both Sides,4/4 (4 color both sides),5000,Score in Half,Moon Slits Bottom Panel,Yes 10000 Envelopes 6.5X6.5
Majestic,Silk,6 x 12,Horizontal,Rectangle,16PT C2S,Spot UV,Silk,Spot UV Front,4/4 (4 color both sides),5000,Score in Half,Moon Slits Bottom Panel,Yes 10000 Envelopes 6.5X6.5
Majestic,Silk,6 x 12,Horizontal,Rectangle,16PT C2S,Spot UV,Silk,Spot UV Front,4/1,10000,Score in Half,Moon Slits Bottom Panel,Yes 10000 Envelopes 6.5X6.5
Majestic,Silk,6 x 12,Vertical,Rectangle,16PT C2S,Spot UV,Silk,Spot UV Front,4/1,10000,Score in Half,Moon Slits Bottom Panel,Yes 10000 Envelopes 6.5X6.5
Majestic,Silk,6 x 12,Horizontal,Rectangle,16PT C2S,Spot UV,Silk,Spot UV Back,4/1,10000,Score in Half,Moon Slits Bottom Panel,Yes 10000 Envelopes 6.5X6.5
Majestic,Silk,6 x 12,Vertical,Rectangle,16PT C2S,Spot UV,Silk,Spot UV Back,4/1,10000,Score in Half,Moon Slits Bottom Panel,Yes 10000 Envelopes 6.5X6.5
Majestic,Silk,6 x 12,Horizontal,Rectangle,16PT C2S,Spot UV,Silk,Spot UV Both Sides,4/4 (4 color both sides),10000,Score in Half,No Gift Cards Slits,Yes 5000 Envelopes 6.5X6.5
Majestic,Silk,6 x 12,Horizontal,Rectangle,16PT C2S,Spot UV,Silk,Spot UV Front,4/4 (4 color both sides),10000,Score in Half,Moon Slits Bottom Panel,Yes 10000 Envelopes 6.5X6.5
Majestic,Silk,6 x 12,Vertical,Rectangle,16PT C2S,Spot UV,Silk,Spot UV Front,4/4 (4 color both sides),10000,Score in Half,Moon Slits Bottom Panel,Yes 10000 Envelopes 6.5X6.5
Majestic,Silk,6 x 12,Horizontal,Rectangle,16PT C2S,Spot UV,Silk,Spot UV Back,4/4 (4 color both sides),10000,Score in Half,Moon Slits Bottom Panel,Yes 10000 Envelopes 6.5X6.5
Majestic,Silk,6 x 12,Horizontal,Rectangle,16PT C2S,Spot UV,Silk,Spot UV Both Sides,4/1,10000,Score in Half,Moon Slits Bottom Panel,Yes 10000 Envelopes 6.5X6.5
Majestic,Silk,6 x 12,Horizontal,Rectangle,16PT C2S,Spot UV,Silk,Spot UV Both Sides,4/4 (4 color both sides),10000,Score in Half,Moon Slits Bottom Panel,Yes 10000 Envelopes 6.5X6.5
Majestic,Silk,6 x 12,Vertical,Rectangle,16PT C2S,Spot UV,Silk,Spot UV Back,4/4 (4 color both sides),10000,Score in Half,Moon Slits Bottom Panel,Yes 10000 Envelopes 6.5X6.5
Majestic,Silk,6 x 12,Vertical,Rectangle,16PT C2S,Spot UV,Silk,Spot UV Both Sides,4/4 (4 color both sides),10000,Score in Half,Moon Slits Bottom Panel,Yes 10000 Envelopes 6.5X6.5
Majestic,Silk,6 x 12,Horizontal,Rectangle,16PT C2S,Spot UV,Silk,Spot UV Front,4/1,500,Score in Half,Moon Slits Right Panel,Yes 10000 Envelopes 6.5X6.5
Majestic,Silk,6 x 12,Vertical,Rectangle,16PT C2S,Spot UV,Silk,Spot UV Front,4/1,500,Score in Half,Moon Slits Right Panel,Yes 10000 Envelopes 6.5X6.5
Majestic,Silk,6 x 12,Horizontal,Rectangle,16PT C2S,Spot UV,Silk,Spot UV Back,4/1,500,Score in Half,Moon Slits Right Panel,Yes 10000 Envelopes 6.5X6.5
Majestic,Silk,6 x 12,Vertical,Rectangle,16PT C2S,Spot UV,Silk,Spot UV Back,4/1,500,Score in Half,Moon Slits Right Panel,Yes 10000 Envelopes 6.5X6.5
Majestic,Silk,6 x 12,Horizontal,Rectangle,16PT C2S,Spot UV,Silk,Spot UV Both Sides,4/1,500,Score in Half,Moon Slits Right Panel,Yes 10000 Envelopes 6.5X6.5
Majestic,Silk,6 x 12,Vertical,Rectangle,16PT C2S,Spot UV,Silk,Spot UV Both Sides,4/1,500,Score in Half,Moon Slits Right Panel,Yes 10000 Envelopes 6.5X6.5
Majestic,Silk,6 x 12,Horizontal,Rectangle,16PT C2S,Spot UV,Silk,Spot UV Front,4/4 (4 color both sides),500,Score in Half,Moon Slits Right Panel,Yes 10000 Envelopes 6.5X6.5
Majestic,Silk,6 x 12,Vertical,Rectangle,16PT C2S,Spot UV,Silk,Spot UV Front,4/4 (4 color both sides),500,Score in Half,Moon Slits Right Panel,Yes 10000 Envelopes 6.5X6.5
Majestic,Silk,6 x 12,Horizontal,Rectangle,16PT C2S,Spot UV,Silk,Spot UV Back,4/4 (4 color both sides),500,Score in Half,Moon Slits Right Panel,Yes 10000 Envelopes 6.5X6.5
Majestic,Silk,6 x 12,Vertical,Rectangle,16PT C2S,Spot UV,Silk,Spot UV Back,4/4 (4 color both sides),500,Score in Half,Moon Slits Right Panel,Yes 10000 Envelopes 6.5X6.5
Majestic,Silk,6 x 12,Horizontal,Rectangle,16PT C2S,Spot UV,Silk,Spot UV Both Sides,4/4 (4 color both sides),500,Score in Half,Moon Slits Right Panel,Yes 10000 Envelopes 6.5X6.5
Majestic,Silk,6 x 12,Vertical,Rectangle,16PT C2S,Spot UV,Silk,Spot UV Both Sides,4/4 (4 color both sides),500,Score in Half,Moon Slits Right Panel,Yes 10000 Envelopes 6.5X6.5
Majestic,Silk,6 x 12,Horizontal,Rectangle,16PT C2S,Spot UV,Silk,Spot UV Front,4/1,1000,Score in Half,Moon Slits Right Panel,Yes 10000 Envelopes 6.5X6.5
Majestic,Silk,6 x 12,Vertical,Rectangle,16PT C2S,Spot UV,Silk,Spot UV Front,4/1,1000,Score in Half,Moon Slits Right Panel,Yes 10000 Envelopes 6.5X6.5
Majestic,Silk,6 x 12,Horizontal,Rectangle,16PT C2S,Spot UV,Silk,Spot UV Back,4/1,1000,Score in Half,Moon Slits Right Panel,Yes 10000 Envelopes 6.5X6.5
Majestic,Silk,6 x 12,Vertical,Rectangle,16PT C2S,Spot UV,Silk,Spot UV Back,4/1,1000,Score in Half,Moon Slits Right Panel,Yes 10000 Envelopes 6.5X6.5
Majestic,Silk,6 x 12,Horizontal,Rectangle,16PT C2S,Spot UV,Silk,Spot UV Both Sides,4/1,1000,Score in Half,Moon Slits Right Panel,Yes 10000 Envelopes 6.5X6.5
Majestic,Silk,6 x 12,Vertical,Rectangle,16PT C2S,Spot UV,Silk,Spot UV Both Sides,4/1,1000,Score in Half,Moon Slits Right Panel,Yes 10000 Envelopes 6.5X6.5
Majestic,Silk,6 x 12,Vertical,Rectangle,16PT C2S,Spot UV,Silk,Spot UV Front,4/4 (4 color both sides),1000,Score in Half,Moon Slits Right Panel,Yes 10000 Envelopes 6.5X6.5
Majestic,Silk,6 x 12,Horizontal,Rectangle,16PT C2S,Spot UV,Silk,Spot UV Front,4/4 (4 color both sides),1000,Score in Half,Moon Slits Right Panel,Yes 10000 Envelopes 6.5X6.5
Majestic,Silk,6 x 12,Vertical,Rectangle,16PT C2S,Spot UV,Silk,Spot UV Back,4/4 (4 color both sides),1000,Score in Half,Moon Slits Right Panel,Yes 10000 Envelopes 6.5X6.5
Majestic,Silk,6 x 12,Horizontal,Rectangle,16PT C2S,Spot UV,Silk,Spot UV Back,4/4 (4 color both sides),1000,Score in Half,Moon Slits Right Panel,Yes 10000 Envelopes 6.5X6.5
Majestic,Silk,6 x 12,Horizontal,Rectangle,16PT C2S,Spot UV,Silk,Spot UV Both Sides,4/4 (4 color both sides),1000,Score in Half,Moon Slits Right Panel,Yes 10000 Envelopes 6.5X6.5
Majestic,Silk,6 x 12,Vertical,Rectangle,16PT C2S,Spot UV,Silk,Spot UV Both Sides,4/4 (4 color both sides),1000,Score in Half,Moon Slits Right Panel,Yes 10000 Envelopes 6.5X6.5
Majestic,Silk,6 x 12,Horizontal,Rectangle,16PT C2S,Spot UV,Silk,Spot UV Front,4/1,2500,Score in Half,Moon Slits Right Panel,Yes 10000 Envelopes 6.5X6.5
Majestic,Silk,6 x 12,Vertical,Rectangle,16PT C2S,Spot UV,Silk,Spot UV Front,4/1,2500,Score in Half,Moon Slits Right Panel,Yes 10000 Envelopes 6.5X6.5
Majestic,Silk,6 x 12,Horizontal,Rectangle,16PT C2S,Spot UV,Silk,Spot UV Back,4/1,2500,Score in Half,Moon Slits Right Panel,Yes 10000 Envelopes 6.5X6.5
Majestic,Silk,6 x 12,Vertical,Rectangle,16PT C2S,Spot UV,Silk,Spot UV Back,4/1,2500,Score in Half,Moon Slits Right Panel,Yes 10000 Envelopes 6.5X6.5
Majestic,Silk,6 x 12,Horizontal,Rectangle,16PT C2S,Spot UV,Silk,Spot UV Both Sides,4/1,2500,Score in Half,Moon Slits Right Panel,Yes 10000 Envelopes 6.5X6.5
Majestic,Silk,6 x 12,Vertical,Rectangle,16PT C2S,Spot UV,Silk,Spot UV Both Sides,4/1,2500,Score in Half,Moon Slits Right Panel,Yes 10000 Envelopes 6.5X6.5
Majestic,Silk,6 x 12,Vertical,Rectangle,16PT C2S,Spot UV,Silk,Spot UV Front,4/4 (4 color both sides),2500,Score in Half,Moon Slits Right Panel,Yes 10000 Envelopes 6.5X6.5
Majestic,Silk,6 x 12,Horizontal,Rectangle,16PT C2S,Spot UV,Silk,Spot UV Back,4/4 (4 color both sides),2500,Score in Half,Moon Slits Right Panel,Yes 10000 Envelopes 6.5X6.5
Majestic,Silk,6 x 12,Horizontal,Rectangle,16PT C2S,Spot UV,Silk,Spot UV Front,4/4 (4 color both sides),2500,Score in Half,Moon Slits Right Panel,Yes 10000 Envelopes 6.5X6.5
Majestic,Silk,6 x 12,Vertical,Rectangle,16PT C2S,Spot UV,Silk,Spot UV Back,4/4 (4 color both sides),2500,Score in Half,Moon Slits Right Panel,Yes 10000 Envelopes 6.5X6.5
Majestic,Silk,6 x 12,Horizontal,Rectangle,16PT C2S,Spot UV,Silk,Spot UV Both Sides,4/4 (4 color both sides),2500,Score in Half,Moon Slits Right Panel,Yes 10000 Envelopes 6.5X6.5
Majestic,Silk,6 x 12,Vertical,Rectangle,16PT C2S,Spot UV,Silk,Spot UV Both Sides,4/4 (4 color both sides),2500,Score in Half,Moon Slits Right Panel,Yes 10000 Envelopes 6.5X6.5
Majestic,Silk,6 x 12,Vertical,Rectangle,16PT C2S,Spot UV,Silk,Spot UV Front,4/1,5000,Score in Half,Moon Slits Right Panel,Yes 10000 Envelopes 6.5X6.5
Majestic,Silk,6 x 12,Horizontal,Rectangle,16PT C2S,Spot UV,Silk,Spot UV Front,4/1,5000,Score in Half,Moon Slits Right Panel,Yes 10000 Envelopes 6.5X6.5
Majestic,Silk,6 x 12,Horizontal,Rectangle,16PT C2S,Spot UV,Silk,Spot UV Back,4/1,5000,Score in Half,Moon Slits Right Panel,Yes 10000 Envelopes 6.5X6.5
Majestic,Silk,6 x 12,Vertical,Rectangle,16PT C2S,Spot UV,Silk,Spot UV Back,4/1,5000,Score in Half,Moon Slits Right Panel,Yes 10000 Envelopes 6.5X6.5
Majestic,Silk,6 x 12,Horizontal,Rectangle,16PT C2S,Spot UV,Silk,Spot UV Both Sides,4/1,5000,Score in Half,Moon Slits Right Panel,Yes 10000 Envelopes 6.5X6.5
Majestic,Silk,6 x 12,Vertical,Rectangle,16PT C2S,Spot UV,Silk,Spot UV Both Sides,4/1,5000,Score in Half,Moon Slits Right Panel,Yes 10000 Envelopes 6.5X6.5
Majestic,Silk,6 x 12,Horizontal,Rectangle,16PT C2S,Spot UV,Silk,Spot UV Front,4/4 (4 color both sides),5000,Score in Half,Moon Slits Right Panel,Yes 10000 Envelopes 6.5X6.5
Majestic,Silk,6 x 12,Vertical,Rectangle,16PT C2S,Spot UV,Silk,Spot UV Front,4/4 (4 color both sides),5000,Score in Half,Moon Slits Right Panel,Yes 10000 Envelopes 6.5X6.5
Majestic,Silk,6 x 12,Horizontal,Rectangle,16PT C2S,Spot UV,Silk,Spot UV Back,4/4 (4 color both sides),5000,Score in Half,Moon Slits Right Panel,Yes 10000 Envelopes 6.5X6.5
Majestic,Silk,6 x 12,Vertical,Rectangle,16PT C2S,Spot UV,Silk,Spot UV Back,4/4 (4 color both sides),5000,Score in Half,Moon Slits Right Panel,Yes 10000 Envelopes 6.5X6.5
Majestic,Silk,6 x 12,Horizontal,Rectangle,16PT C2S,Spot UV,Silk,Spot UV Both Sides,4/4 (4 color both sides),5000,Score in Half,Moon Slits Right Panel,Yes 10000 Envelopes 6.5X6.5
Majestic,Silk,6 x 12,Vertical,Rectangle,16PT C2S,Spot UV,Silk,Spot UV Both Sides,4/4 (4 color both sides),5000,Score in Half,Moon Slits Right Panel,Yes 10000 Envelopes 6.5X6.5
Majestic,Silk,6 x 12,Horizontal,Rectangle,16PT C2S,Spot UV,Silk,Spot UV Front,4/1,10000,Score in Half,Moon Slits Right Panel,Yes 10000 Envelopes 6.5X6.5
Majestic,Silk,6 x 12,Vertical,Rectangle,16PT C2S,Spot UV,Silk,Spot UV Front,4/1,10000,Score in Half,Moon Slits Right Panel,Yes 10000 Envelopes 6.5X6.5
Majestic,Silk,6 x 12,Horizontal,Rectangle,16PT C2S,Spot UV,Silk,Spot UV Back,4/1,10000,Score in Half,Moon Slits Right Panel,Yes 10000 Envelopes 6.5X6.5
Majestic,Silk,6 x 12,Horizontal,Rectangle,16PT C2S,Spot UV,Silk,Spot UV Both Sides,4/1,10000,Score in Half,Moon Slits Right Panel,Yes 10000 Envelopes 6.5X6.5
Majestic,Silk,6 x 12,Vertical,Rectangle,16PT C2S,Spot UV,Silk,Spot UV Front,4/4 (4 color both sides),10000,Score in Half,Moon Slits Right Panel,Yes 10000 Envelopes 6.5X6.5
Majestic,Silk,6 x 12,Horizontal,Rectangle,16PT C2S,Spot UV,Silk,Spot UV Back,4/4 (4 color both sides),1000,Score in Half,Moon Slits Bottom Panel,Yes 10000 Envelopes 6.5X6.5
Majestic,Silk,6 x 12,Horizontal,Rectangle,16PT C2S,Spot UV,Silk,Spot UV Front,4/4 (4 color both sides),10000,Score in Half,Moon Slits Right Panel,Yes 10000 Envelopes 6.5X6.5
Majestic,Silk,6 x 12,Vertical,Rectangle,16PT C2S,Spot UV,Silk,Spot UV Both Sides,4/1,10000,Score in Half,Moon Slits Right Panel,Yes 10000 Envelopes 6.5X6.5
Majestic,Silk,6 x 12,Horizontal,Rectangle,16PT C2S,Spot UV,Silk,Spot UV Back,4/4 (4 color both sides),10000,Score in Half,Moon Slits Right Panel,Yes 10000 Envelopes 6.5X6.5
Majestic,Silk,6 x 12,Vertical,Rectangle,16PT C2S,Spot UV,Silk,Spot UV Back,4/4 (4 color both sides),10000,Score in Half,Moon Slits Right Panel,Yes 10000 Envelopes 6.5X6.5
Majestic,Silk,6 x 12,Horizontal,Rectangle,16PT C2S,Spot UV,Silk,Spot UV Both Sides,4/4 (4 color both sides),10000,Score in Half,Moon Slits Right Panel,Yes 10000 Envelopes 6.5X6.5
Majestic,Silk,6 x 12,Vertical,Rectangle,16PT C2S,Spot UV,Silk,Spot UV Both Sides,4/4 (4 color both sides),10000,Score in Half,Moon Slits Right Panel,Yes 10000 Envelopes 6.5X6.5
Majestic,Silk,6 x 12,Horizontal,Rectangle,16PT C2S,Spot UV,Silk,Spot UV Front,4/1,500,Score in Half,No Gift Cards Slits,Yes 10000 Envelopes 6.5X6.5
Majestic,Silk,6 x 12,Vertical,Rectangle,16PT C2S,Spot UV,Silk,Spot UV Front,4/1,500,Score in Half,No Gift Cards Slits,Yes 10000 Envelopes 6.5X6.5
Majestic,Silk,6 x 12,Horizontal,Rectangle,16PT C2S,Spot UV,Silk,Spot UV Back,4/1,500,Score in Half,No Gift Cards Slits,Yes 10000 Envelopes 6.5X6.5
Majestic,Silk,6 x 12,Vertical,Rectangle,16PT C2S,Spot UV,Silk,Spot UV Back,4/1,500,Score in Half,No Gift Cards Slits,Yes 10000 Envelopes 6.5X6.5
Majestic,Silk,6 x 12,Horizontal,Rectangle,16PT C2S,Spot UV,Silk,Spot UV Both Sides,4/1,500,Score in Half,No Gift Cards Slits,Yes 10000 Envelopes 6.5X6.5
Majestic,Silk,6 x 12,Vertical,Rectangle,16PT C2S,Spot UV,Silk,Spot UV Both Sides,4/1,500,Score in Half,No Gift Cards Slits,Yes 10000 Envelopes 6.5X6.5
Majestic,Silk,6 x 12,Horizontal,Rectangle,16PT C2S,Spot UV,Silk,Spot UV Front,4/4 (4 color both sides),500,Score in Half,No Gift Cards Slits,Yes 10000 Envelopes 6.5X6.5
Majestic,Silk,6 x 12,Vertical,Rectangle,16PT C2S,Spot UV,Silk,Spot UV Both Sides,4/1,10000,Score in Half,Moon Slits Bottom Panel,Yes 10000 Envelopes 6.5X6.5
Majestic,Silk,6 x 12,Horizontal,Rectangle,16PT C2S,Spot UV,Silk,Spot UV Back,4/4 (4 color both sides),500,Score in Half,No Gift Cards Slits,Yes 10000 Envelopes 6.5X6.5
Majestic,Silk,6 x 12,Vertical,Rectangle,16PT C2S,Spot UV,Silk,Spot UV Back,4/4 (4 color both sides),500,Score in Half,No Gift Cards Slits,Yes 10000 Envelopes 6.5X6.5
Majestic,Silk,6 x 12,Horizontal,Rectangle,16PT C2S,Spot UV,Silk,Spot UV Both Sides,4/4 (4 color both sides),500,Score in Half,No Gift Cards Slits,Yes 10000 Envelopes 6.5X6.5
Majestic,Silk,6 x 12,Vertical,Rectangle,16PT C2S,Spot UV,Silk,Spot UV Both Sides,4/4 (4 color both sides),500,Score in Half,No Gift Cards Slits,Yes 10000 Envelopes 6.5X6.5
Majestic,Silk,6 x 12,Horizontal,Rectangle,16PT C2S,Spot UV,Silk,Spot UV Front,4/1,1000,Score in Half,No Gift Cards Slits,Yes 10000 Envelopes 6.5X6.5
Majestic,Silk,6 x 12,Vertical,Rectangle,16PT C2S,Spot UV,Silk,Spot UV Front,4/1,1000,Score in Half,No Gift Cards Slits,Yes 10000 Envelopes 6.5X6.5
Majestic,Silk,6 x 12,Vertical,Rectangle,16PT C2S,Spot UV,Silk,Spot UV Back,4/1,1000,Score in Half,No Gift Cards Slits,Yes 10000 Envelopes 6.5X6.5
Majestic,Silk,6 x 12,Horizontal,Rectangle,16PT C2S,Spot UV,Silk,Spot UV Back,4/1,1000,Score in Half,No Gift Cards Slits,Yes 10000 Envelopes 6.5X6.5
Majestic,Silk,6 x 12,Horizontal,Rectangle,16PT C2S,Spot UV,Silk,Spot UV Both Sides,4/1,1000,Score in Half,No Gift Cards Slits,Yes 10000 Envelopes 6.5X6.5
Majestic,Silk,6 x 12,Vertical,Rectangle,16PT C2S,Spot UV,Silk,Spot UV Both Sides,4/1,1000,Score in Half,No Gift Cards Slits,Yes 10000 Envelopes 6.5X6.5
Majestic,Silk,6 x 12,Horizontal,Rectangle,16PT C2S,Spot UV,Silk,Spot UV Front,4/4 (4 color both sides),1000,Score in Half,No Gift Cards Slits,Yes 10000 Envelopes 6.5X6.5
Majestic,Silk,6 x 12,Horizontal,Rectangle,16PT C2S,Spot UV,Silk,Spot UV Back,4/4 (4 color both sides),1000,Score in Half,No Gift Cards Slits,Yes 10000 Envelopes 6.5X6.5
Majestic,Silk,6 x 12,Vertical,Rectangle,16PT C2S,Spot UV,Silk,Spot UV Front,4/4 (4 color both sides),1000,Score in Half,No Gift Cards Slits,Yes 10000 Envelopes 6.5X6.5
Majestic,Silk,6 x 12,Vertical,Rectangle,16PT C2S,Spot UV,Silk,Spot UV Back,4/4 (4 color both sides),1000,Score in Half,No Gift Cards Slits,Yes 10000 Envelopes 6.5X6.5
Majestic,Silk,6 x 12,Horizontal,Rectangle,16PT C2S,Spot UV,Silk,Spot UV Both Sides,4/4 (4 color both sides),1000,Score in Half,No Gift Cards Slits,Yes 10000 Envelopes 6.5X6.5
Majestic,Silk,6 x 12,Vertical,Rectangle,16PT C2S,Spot UV,Silk,Spot UV Both Sides,4/4 (4 color both sides),1000,Score in Half,No Gift Cards Slits,Yes 10000 Envelopes 6.5X6.5
Majestic,Silk,6 x 12,Vertical,Rectangle,16PT C2S,Spot UV,Silk,Spot UV Front,4/1,2500,Score in Half,No Gift Cards Slits,Yes 10000 Envelopes 6.5X6.5
Majestic,Silk,6 x 12,Horizontal,Rectangle,16PT C2S,Spot UV,Silk,Spot UV Front,4/1,2500,Score in Half,No Gift Cards Slits,Yes 10000 Envelopes 6.5X6.5
Majestic,Silk,6 x 12,Horizontal,Rectangle,16PT C2S,Spot UV,Silk,Spot UV Back,4/1,2500,Score in Half,No Gift Cards Slits,Yes 10000 Envelopes 6.5X6.5
Majestic,Silk,6 x 12,Vertical,Rectangle,16PT C2S,Spot UV,Silk,Spot UV Back,4/1,2500,Score in Half,No Gift Cards Slits,Yes 10000 Envelopes 6.5X6.5
Majestic,Silk,6 x 12,Horizontal,Rectangle,16PT C2S,Spot UV,Silk,Spot UV Both Sides,4/1,2500,Score in Half,No Gift Cards Slits,Yes 10000 Envelopes 6.5X6.5
Majestic,Silk,6 x 12,Vertical,Rectangle,16PT C2S,Spot UV,Silk,Spot UV Both Sides,4/1,2500,Score in Half,No Gift Cards Slits,Yes 10000 Envelopes 6.5X6.5
Majestic,Silk,6 x 12,Horizontal,Rectangle,16PT C2S,Spot UV,Silk,Spot UV Front,4/4 (4 color both sides),2500,Score in Half,No Gift Cards Slits,Yes 10000 Envelopes 6.5X6.5
Majestic,Silk,6 x 12,Vertical,Rectangle,16PT C2S,Spot UV,Silk,Spot UV Front,4/4 (4 color both sides),2500,Score in Half,No Gift Cards Slits,Yes 10000 Envelopes 6.5X6.5
Majestic,Silk,6 x 12,Horizontal,Rectangle,16PT C2S,Spot UV,Silk,Spot UV Back,4/4 (4 color both sides),2500,Score in Half,No Gift Cards Slits,Yes 10000 Envelopes 6.5X6.5
Majestic,Silk,6 x 12,Vertical,Rectangle,16PT C2S,Spot UV,Silk,Spot UV Back,4/4 (4 color both sides),2500,Score in Half,No Gift Cards Slits,Yes 10000 Envelopes 6.5X6.5
Majestic,Silk,6 x 12,Horizontal,Rectangle,16PT C2S,Spot UV,Silk,Spot UV Both Sides,4/4 (4 color both sides),2500,Score in Half,No Gift Cards Slits,Yes 10000 Envelopes 6.5X6.5
Majestic,Silk,6 x 12,Vertical,Rectangle,16PT C2S,Spot UV,Silk,Spot UV Both Sides,4/4 (4 color both sides),2500,Score in Half,No Gift Cards Slits,Yes 10000 Envelopes 6.5X6.5
Majestic,Silk,6 x 12,Horizontal,Rectangle,16PT C2S,Spot UV,Silk,Spot UV Front,4/1,5000,Score in Half,No Gift Cards Slits,Yes 10000 Envelopes 6.5X6.5
Majestic,Silk,6 x 12,Vertical,Rectangle,16PT C2S,Spot UV,Silk,Spot UV Front,4/1,5000,Score in Half,No Gift Cards Slits,Yes 10000 Envelopes 6.5X6.5
Majestic,Silk,6 x 12,Horizontal,Rectangle,16PT C2S,Spot UV,Silk,Spot UV Back,4/1,5000,Score in Half,No Gift Cards Slits,Yes 10000 Envelopes 6.5X6.5
Majestic,Silk,6 x 12,Horizontal,Rectangle,16PT C2S,Spot UV,Silk,Spot UV Back,4/4 (4 color both sides),5000,Score in Half,Moon Slits Bottom Panel,Yes 10000 Envelopes 6.5X6.5
Majestic,Silk,6 x 12,Horizontal,Rectangle,16PT C2S,Spot UV,Silk,Spot UV Both Sides,4/1,5000,Score in Half,No Gift Cards Slits,Yes 10000 Envelopes 6.5X6.5
Majestic,Silk,6 x 12,Vertical,Rectangle,16PT C2S,Spot UV,Silk,Spot UV Both Sides,4/1,5000,Score in Half,No Gift Cards Slits,Yes 10000 Envelopes 6.5X6.5
Majestic,Silk,6 x 12,Horizontal,Rectangle,16PT C2S,Spot UV,Silk,Spot UV Front,4/4 (4 color both sides),5000,Score in Half,No Gift Cards Slits,Yes 10000 Envelopes 6.5X6.5
Majestic,Silk,6 x 12,Vertical,Rectangle,16PT C2S,Spot UV,Silk,Spot UV Front,4/4 (4 color both sides),5000,Score in Half,No Gift Cards Slits,Yes 10000 Envelopes 6.5X6.5
Majestic,Silk,6 x 12,Horizontal,Rectangle,16PT C2S,Spot UV,Silk,Spot UV Back,4/4 (4 color both sides),5000,Score in Half,No Gift Cards Slits,Yes 10000 Envelopes 6.5X6.5
Majestic,Silk,6 x 12,Vertical,Rectangle,16PT C2S,Spot UV,Silk,Spot UV Back,4/4 (4 color both sides),5000,Score in Half,No Gift Cards Slits,Yes 10000 Envelopes 6.5X6.5
Majestic,Silk,6 x 12,Vertical,Rectangle,16PT C2S,Spot UV,Silk,Spot UV Back,4/1,10000,Score in Half,Moon Slits Right Panel,Yes 10000 Envelopes 6.5X6.5
Majestic,Silk,6 x 12,Vertical,Rectangle,16PT C2S,Spot UV,Silk,Spot UV Front,4/4 (4 color both sides),500,Score in Half,No Gift Cards Slits,Yes 10000 Envelopes 6.5X6.5
Majestic,Silk,6 x 12,Horizontal,Rectangle,16PT C2S,Spot UV,Silk,Spot UV Front,4/1,10000,Score in Half,No Gift Cards Slits,Yes 10000 Envelopes 6.5X6.5
Majestic,Silk,6 x 12,Vertical,Rectangle,16PT C2S,Spot UV,Silk,Spot UV Front,4/1,10000,Score in Half,No Gift Cards Slits,Yes 10000 Envelopes 6.5X6.5
Majestic,Silk,6 x 12,Horizontal,Rectangle,16PT C2S,Spot UV,Silk,Spot UV Back,4/1,10000,Score in Half,No Gift Cards Slits,Yes 10000 Envelopes 6.5X6.5
Majestic,Silk,6 x 12,Horizontal,Rectangle,16PT C2S,Spot UV,Silk,Spot UV Both Sides,4/1,10000,Score in Half,No Gift Cards Slits,Yes 10000 Envelopes 6.5X6.5
Majestic,Silk,6 x 12,Vertical,Rectangle,16PT C2S,Spot UV,Silk,Spot UV Back,4/1,10000,Score in Half,No Gift Cards Slits,Yes 10000 Envelopes 6.5X6.5
Majestic,Silk,6 x 12,Vertical,Rectangle,16PT C2S,Spot UV,Silk,Spot UV Both Sides,4/1,10000,Score in Half,No Gift Cards Slits,Yes 10000 Envelopes 6.5X6.5
Majestic,Silk,6 x 12,Horizontal,Rectangle,16PT C2S,Spot UV,Silk,Spot UV Front,4/4 (4 color both sides),10000,Score in Half,No Gift Cards Slits,Yes 10000 Envelopes 6.5X6.5
Majestic,Silk,6 x 12,Vertical,Rectangle,16PT C2S,Spot UV,Silk,Spot UV Front,4/4 (4 color both sides),10000,Score in Half,No Gift Cards Slits,Yes 10000 Envelopes 6.5X6.5
Majestic,Silk,6 x 12,Horizontal,Rectangle,16PT C2S,Spot UV,Silk,Spot UV Back,4/4 (4 color both sides),10000,Score in Half,No Gift Cards Slits,Yes 10000 Envelopes 6.5X6.5
Majestic,Silk,6 x 12,Vertical,Rectangle,16PT C2S,Spot UV,Silk,Spot UV Back,4/4 (4 color both sides),10000,Score in Half,No Gift Cards Slits,Yes 10000 Envelopes 6.5X6.5
Majestic,Silk,6 x 12,Horizontal,Rectangle,16PT C2S,Spot UV,Silk,Spot UV Both Sides,4/4 (4 color both sides),10000,Score in Half,No Gift Cards Slits,Yes 10000 Envelopes 6.5X6.5
Majestic,Silk,6 x 12,Vertical,Rectangle,16PT C2S,Spot UV,Silk,Spot UV Both Sides,4/4 (4 color both sides),10000,Score in Half,No Gift Cards Slits,Yes 10000 Envelopes 6.5X6.5
Majestic,Silk,6 x 12,Horizontal,Rectangle,16PT C2S,Spot UV,Silk,Spot UV Front,4/1,500,Score in Half,Slide Slits Bottom Panel,Yes 10000 Envelopes 6.5X6.5
Majestic,Silk,6 x 12,Vertical,Rectangle,16PT C2S,Spot UV,Silk,Spot UV Front,4/1,500,Score in Half,Slide Slits Bottom Panel,Yes 10000 Envelopes 6.5X6.5
Majestic,Silk,6 x 12,Vertical,Rectangle,16PT C2S,Spot UV,Silk,Spot UV Both Sides,4/4 (4 color both sides),5000,Score in Half,No Gift Cards Slits,Yes 10000 Envelopes 6.5X6.5
Majestic,Silk,6 x 12,Vertical,Rectangle,16PT C2S,Spot UV,Silk,Spot UV Back,4/1,500,Score in Half,Slide Slits Bottom Panel,Yes 10000 Envelopes 6.5X6.5
Majestic,Silk,6 x 12,Horizontal,Rectangle,16PT C2S,Spot UV,Silk,Spot UV Both Sides,4/1,500,Score in Half,Slide Slits Bottom Panel,Yes 10000 Envelopes 6.5X6.5
Majestic,Silk,6 x 12,Vertical,Rectangle,16PT C2S,Spot UV,Silk,Spot UV Both Sides,4/1,500,Score in Half,Slide Slits Bottom Panel,Yes 10000 Envelopes 6.5X6.5
Majestic,Silk,6 x 12,Horizontal,Rectangle,16PT C2S,Spot UV,Silk,Spot UV Front,4/4 (4 color both sides),500,Score in Half,Slide Slits Bottom Panel,Yes 10000 Envelopes 6.5X6.5
Majestic,Silk,6 x 12,Vertical,Rectangle,16PT C2S,Spot UV,Silk,Spot UV Front,4/4 (4 color both sides),500,Score in Half,Slide Slits Bottom Panel,Yes 10000 Envelopes 6.5X6.5
Majestic,Silk,6 x 12,Horizontal,Rectangle,16PT C2S,Spot UV,Silk,Spot UV Back,4/4 (4 color both sides),500,Score in Half,Slide Slits Bottom Panel,Yes 10000 Envelopes 6.5X6.5
Majestic,Silk,6 x 12,Vertical,Rectangle,16PT C2S,Spot UV,Silk,Spot UV Back,4/4 (4 color both sides),500,Score in Half,Slide Slits Bottom Panel,Yes 10000 Envelopes 6.5X6.5
Majestic,Silk,6 x 12,Horizontal,Rectangle,16PT C2S,Spot UV,Silk,Spot UV Both Sides,4/4 (4 color both sides),500,Score in Half,Slide Slits Bottom Panel,Yes 10000 Envelopes 6.5X6.5
Majestic,Silk,6 x 12,Vertical,Rectangle,16PT C2S,Spot UV,Silk,Spot UV Both Sides,4/4 (4 color both sides),500,Score in Half,Slide Slits Bottom Panel,Yes 10000 Envelopes 6.5X6.5
Majestic,Silk,6 x 12,Horizontal,Rectangle,16PT C2S,Spot UV,Silk,Spot UV Front,4/1,1000,Score in Half,Slide Slits Bottom Panel,Yes 10000 Envelopes 6.5X6.5
Majestic,Silk,6 x 12,Horizontal,Rectangle,16PT C2S,Spot UV,Silk,Spot UV Both Sides,4/4 (4 color both sides),5000,Score in Half,No Gift Cards Slits,Yes 10000 Envelopes 6.5X6.5
Majestic,Silk,6 x 12,Horizontal,Rectangle,16PT C2S,Spot UV,Silk,Spot UV Back,4/1,1000,Score in Half,Slide Slits Bottom Panel,Yes 10000 Envelopes 6.5X6.5
Majestic,Silk,6 x 12,Vertical,Rectangle,16PT C2S,Spot UV,Silk,Spot UV Back,4/1,1000,Score in Half,Slide Slits Bottom Panel,Yes 10000 Envelopes 6.5X6.5
Majestic,Silk,6 x 12,Horizontal,Rectangle,16PT C2S,Spot UV,Silk,Spot UV Both Sides,4/1,1000,Score in Half,Slide Slits Bottom Panel,Yes 10000 Envelopes 6.5X6.5
Majestic,Silk,6 x 12,Vertical,Rectangle,16PT C2S,Spot UV,Silk,Spot UV Both Sides,4/1,1000,Score in Half,Slide Slits Bottom Panel,Yes 10000 Envelopes 6.5X6.5
Majestic,Silk,6 x 12,Vertical,Rectangle,16PT C2S,Spot UV,Silk,Spot UV Front,4/4 (4 color both sides),1000,Score in Half,Slide Slits Bottom Panel,Yes 10000 Envelopes 6.5X6.5
Majestic,Silk,6 x 12,Vertical,Rectangle,16PT C2S,Spot UV,Silk,Spot UV Back,4/1,5000,Score in Half,No Gift Cards Slits,Yes 10000 Envelopes 6.5X6.5
Majestic,Silk,6 x 12,Horizontal,Rectangle,16PT C2S,Spot UV,Silk,Spot UV Back,4/4 (4 color both sides),1000,Score in Half,Slide Slits Bottom Panel,Yes 10000 Envelopes 6.5X6.5
Majestic,Silk,6 x 12,Horizontal,Rectangle,16PT C2S,Spot UV,Silk,Spot UV Front,4/4 (4 color both sides),1000,Score in Half,Slide Slits Bottom Panel,Yes 10000 Envelopes 6.5X6.5
Majestic,Silk,6 x 12,Vertical,Rectangle,16PT C2S,Spot UV,Silk,Spot UV Both Sides,4/4 (4 color both sides),1000,Score in Half,Slide Slits Bottom Panel,Yes 10000 Envelopes 6.5X6.5
Majestic,Silk,6 x 12,Horizontal,Rectangle,16PT C2S,Spot UV,Silk,Spot UV Front,4/1,2500,Score in Half,Slide Slits Bottom Panel,Yes 10000 Envelopes 6.5X6.5
Majestic,Silk,6 x 12,Vertical,Rectangle,16PT C2S,Spot UV,Silk,Spot UV Front,4/1,2500,Score in Half,Slide Slits Bottom Panel,Yes 10000 Envelopes 6.5X6.5
Majestic,Silk,6 x 12,Horizontal,Rectangle,16PT C2S,Spot UV,Silk,Spot UV Both Sides,4/4 (4 color both sides),1000,Score in Half,Slide Slits Bottom Panel,Yes 10000 Envelopes 6.5X6.5
Majestic,Silk,6 x 12,Vertical,Rectangle,16PT C2S,Spot UV,Silk,Spot UV Back,4/1,2500,Score in Half,Slide Slits Bottom Panel,Yes 10000 Envelopes 6.5X6.5
Majestic,Silk,6 x 12,Horizontal,Rectangle,16PT C2S,Spot UV,Silk,Spot UV Back,4/1,2500,Score in Half,Slide Slits Bottom Panel,Yes 10000 Envelopes 6.5X6.5
Majestic,Silk,6 x 12,Vertical,Rectangle,16PT C2S,Spot UV,Silk,Spot UV Both Sides,4/1,2500,Score in Half,Slide Slits Bottom Panel,Yes 10000 Envelopes 6.5X6.5
Majestic,Silk,6 x 12,Horizontal,Rectangle,16PT C2S,Spot UV,Silk,Spot UV Front,4/4 (4 color both sides),2500,Score in Half,Slide Slits Bottom Panel,Yes 10000 Envelopes 6.5X6.5
Majestic,Silk,6 x 12,Horizontal,Rectangle,16PT C2S,Spot UV,Silk,Spot UV Both Sides,4/1,2500,Score in Half,Slide Slits Bottom Panel,Yes 10000 Envelopes 6.5X6.5
Majestic,Silk,6 x 12,Horizontal,Rectangle,16PT C2S,Spot UV,Silk,Spot UV Back,4/4 (4 color both sides),2500,Score in Half,Slide Slits Bottom Panel,Yes 10000 Envelopes 6.5X6.5
Majestic,Silk,6 x 12,Vertical,Rectangle,16PT C2S,Spot UV,Silk,Spot UV Front,4/4 (4 color both sides),2500,Score in Half,Slide Slits Bottom Panel,Yes 10000 Envelopes 6.5X6.5
Majestic,Silk,6 x 12,Vertical,Rectangle,16PT C2S,Spot UV,Silk,Spot UV Back,4/4 (4 color both sides),2500,Score in Half,Slide Slits Bottom Panel,Yes 10000 Envelopes 6.5X6.5
Majestic,Silk,6 x 12,Horizontal,Rectangle,16PT C2S,Spot UV,Silk,Spot UV Both Sides,4/4 (4 color both sides),2500,Score in Half,Slide Slits Bottom Panel,Yes 10000 Envelopes 6.5X6.5
Majestic,Silk,6 x 12,Vertical,Rectangle,16PT C2S,Spot UV,Silk,Spot UV Both Sides,4/4 (4 color both sides),2500,Score in Half,Slide Slits Bottom Panel,Yes 10000 Envelopes 6.5X6.5
Majestic,Silk,6 x 12,Horizontal,Rectangle,16PT C2S,Spot UV,Silk,Spot UV Front,4/1,5000,Score in Half,Slide Slits Bottom Panel,Yes 10000 Envelopes 6.5X6.5
Majestic,Silk,6 x 12,Vertical,Rectangle,16PT C2S,Spot UV,Silk,Spot UV Front,4/1,5000,Score in Half,Slide Slits Bottom Panel,Yes 10000 Envelopes 6.5X6.5
Majestic,Silk,6 x 12,Horizontal,Rectangle,16PT C2S,Spot UV,Silk,Spot UV Back,4/1,5000,Score in Half,Slide Slits Bottom Panel,Yes 10000 Envelopes 6.5X6.5
Majestic,Silk,6 x 12,Vertical,Rectangle,16PT C2S,Spot UV,Silk,Spot UV Back,4/1,5000,Score in Half,Slide Slits Bottom Panel,Yes 10000 Envelopes 6.5X6.5
Majestic,Silk,6 x 12,Horizontal,Rectangle,16PT C2S,Spot UV,Silk,Spot UV Both Sides,4/1,5000,Score in Half,Slide Slits Bottom Panel,Yes 10000 Envelopes 6.5X6.5
Majestic,Silk,6 x 12,Vertical,Rectangle,16PT C2S,Spot UV,Silk,Spot UV Both Sides,4/1,5000,Score in Half,Slide Slits Bottom Panel,Yes 10000 Envelopes 6.5X6.5
Majestic,Silk,6 x 12,Horizontal,Rectangle,16PT C2S,Spot UV,Silk,Spot UV Front,4/4 (4 color both sides),5000,Score in Half,Slide Slits Bottom Panel,Yes 10000 Envelopes 6.5X6.5
Majestic,Silk,6 x 12,Horizontal,Rectangle,16PT C2S,Spot UV,Silk,Spot UV Back,4/4 (4 color both sides),5000,Score in Half,Slide Slits Bottom Panel,Yes 10000 Envelopes 6.5X6.5
Majestic,Silk,6 x 12,Vertical,Rectangle,16PT C2S,Spot UV,Silk,Spot UV Back,4/4 (4 color both sides),5000,Score in Half,Slide Slits Bottom Panel,Yes 10000 Envelopes 6.5X6.5
Majestic,Silk,6 x 12,Horizontal,Rectangle,16PT C2S,Spot UV,Silk,Spot UV Both Sides,4/4 (4 color both sides),5000,Score in Half,Slide Slits Bottom Panel,Yes 10000 Envelopes 6.5X6.5
Majestic,Silk,6 x 12,Vertical,Rectangle,16PT C2S,Spot UV,Silk,Spot UV Front,4/4 (4 color both sides),5000,Score in Half,Slide Slits Bottom Panel,Yes 10000 Envelopes 6.5X6.5
Majestic,Silk,6 x 12,Horizontal,Rectangle,16PT C2S,Spot UV,Silk,Spot UV Front,4/1,10000,Score in Half,Slide Slits Bottom Panel,Yes 10000 Envelopes 6.5X6.5
Majestic,Silk,6 x 12,Vertical,Rectangle,16PT C2S,Spot UV,Silk,Spot UV Front,4/1,10000,Score in Half,Slide Slits Bottom Panel,Yes 10000 Envelopes 6.5X6.5
Majestic,Silk,6 x 12,Horizontal,Rectangle,16PT C2S,Spot UV,Silk,Spot UV Back,4/1,10000,Score in Half,Slide Slits Bottom Panel,Yes 10000 Envelopes 6.5X6.5
Majestic,Silk,6 x 12,Vertical,Rectangle,16PT C2S,Spot UV,Silk,Spot UV Both Sides,4/4 (4 color both sides),5000,Score in Half,Slide Slits Bottom Panel,Yes 10000 Envelopes 6.5X6.5
Majestic,Silk,6 x 12,Horizontal,Rectangle,16PT C2S,Spot UV,Silk,Spot UV Both Sides,4/1,10000,Score in Half,Slide Slits Bottom Panel,Yes 10000 Envelopes 6.5X6.5
Majestic,Silk,6 x 12,Vertical,Rectangle,16PT C2S,Spot UV,Silk,Spot UV Front,4/4 (4 color both sides),10000,Score in Half,Slide Slits Bottom Panel,Yes 10000 Envelopes 6.5X6.5
Majestic,Silk,6 x 12,Horizontal,Rectangle,16PT C2S,Spot UV,Silk,Spot UV Front,4/4 (4 color both sides),10000,Score in Half,Slide Slits Bottom Panel,Yes 10000 Envelopes 6.5X6.5
Majestic,Silk,6 x 12,Vertical,Rectangle,16PT C2S,Spot UV,Silk,Spot UV Back,4/1,10000,Score in Half,Slide Slits Bottom Panel,Yes 10000 Envelopes 6.5X6.5
Majestic,Silk,6 x 12,Vertical,Rectangle,16PT C2S,Spot UV,Silk,Spot UV Both Sides,4/1,10000,Score in Half,Slide Slits Bottom Panel,Yes 10000 Envelopes 6.5X6.5
Majestic,Silk,6 x 12,Horizontal,Rectangle,16PT C2S,Spot UV,Silk,Spot UV Back,4/4 (4 color both sides),10000,Score in Half,Slide Slits Bottom Panel,Yes 10000 Envelopes 6.5X6.5
Majestic,Silk,6 x 12,Vertical,Rectangle,16PT C2S,Spot UV,Silk,Spot UV Back,4/4 (4 color both sides),10000,Score in Half,Slide Slits Bottom Panel,Yes 10000 Envelopes 6.5X6.5
Majestic,Silk,6 x 12,Horizontal,Rectangle,16PT C2S,Spot UV,Silk,Spot UV Both Sides,4/4 (4 color both sides),10000,Score in Half,Slide Slits Bottom Panel,Yes 10000 Envelopes 6.5X6.5
Majestic,Silk,6 x 12,Vertical,Rectangle,16PT C2S,Spot UV,Silk,Spot UV Both Sides,4/4 (4 color both sides),10000,Score in Half,Slide Slits Bottom Panel,Yes 10000 Envelopes 6.5X6.5
Majestic,Silk,6 x 12,Horizontal,Rectangle,16PT C2S,Spot UV,Silk,Spot UV Front,4/1,500,Score in Half,Slide Slits Right Panel,Yes 10000 Envelopes 6.5X6.5
Majestic,Silk,6 x 12,Horizontal,Rectangle,16PT C2S,Spot UV,Silk,Spot UV Back,4/1,500,Score in Half,Slide Slits Right Panel,Yes 10000 Envelopes 6.5X6.5
Majestic,Silk,6 x 12,Vertical,Rectangle,16PT C2S,Spot UV,Silk,Spot UV Front,4/1,500,Score in Half,Slide Slits Right Panel,Yes 10000 Envelopes 6.5X6.5
Majestic,Silk,6 x 12,Vertical,Rectangle,16PT C2S,Spot UV,Silk,Spot UV Back,4/1,500,Score in Half,Slide Slits Right Panel,Yes 10000 Envelopes 6.5X6.5
Majestic,Silk,6 x 12,Horizontal,Rectangle,16PT C2S,Spot UV,Silk,Spot UV Both Sides,4/1,500,Score in Half,Slide Slits Right Panel,Yes 10000 Envelopes 6.5X6.5
Majestic,Silk,6 x 12,Horizontal,Rectangle,16PT C2S,Spot UV,Silk,Spot UV Front,4/4 (4 color both sides),500,Score in Half,Slide Slits Right Panel,Yes 10000 Envelopes 6.5X6.5
Majestic,Silk,6 x 12,Vertical,Rectangle,16PT C2S,Spot UV,Silk,Spot UV Front,4/4 (4 color both sides),500,Score in Half,Slide Slits Right Panel,Yes 10000 Envelopes 6.5X6.5
Majestic,Silk,6 x 12,Vertical,Rectangle,16PT C2S,Spot UV,Silk,Spot UV Both Sides,4/1,500,Score in Half,Slide Slits Right Panel,Yes 10000 Envelopes 6.5X6.5
Majestic,Silk,6 x 12,Horizontal,Rectangle,16PT C2S,Spot UV,Silk,Spot UV Back,4/4 (4 color both sides),500,Score in Half,Slide Slits Right Panel,Yes 10000 Envelopes 6.5X6.5
Majestic,Silk,6 x 12,Horizontal,Rectangle,16PT C2S,Spot UV,Silk,Spot UV Both Sides,4/4 (4 color both sides),500,Score in Half,Slide Slits Right Panel,Yes 10000 Envelopes 6.5X6.5
Majestic,Silk,6 x 12,Vertical,Rectangle,16PT C2S,Spot UV,Silk,Spot UV Both Sides,4/4 (4 color both sides),500,Score in Half,Slide Slits Right Panel,Yes 10000 Envelopes 6.5X6.5
Majestic,Silk,6 x 12,Horizontal,Rectangle,16PT C2S,Spot UV,Silk,Spot UV Front,4/1,1000,Score in Half,Slide Slits Right Panel,Yes 10000 Envelopes 6.5X6.5
Majestic,Silk,6 x 12,Vertical,Rectangle,16PT C2S,Spot UV,Silk,Spot UV Back,4/4 (4 color both sides),500,Score in Half,Slide Slits Right Panel,Yes 10000 Envelopes 6.5X6.5
Majestic,Silk,6 x 12,Vertical,Rectangle,16PT C2S,Spot UV,Silk,Spot UV Front,4/1,1000,Score in Half,Slide Slits Right Panel,Yes 10000 Envelopes 6.5X6.5
Majestic,Silk,6 x 12,Vertical,Rectangle,16PT C2S,Spot UV,Silk,Spot UV Back,4/1,1000,Score in Half,Slide Slits Right Panel,Yes 10000 Envelopes 6.5X6.5
Majestic,Silk,6 x 12,Horizontal,Rectangle,16PT C2S,Spot UV,Silk,Spot UV Back,4/1,1000,Score in Half,Slide Slits Right Panel,Yes 10000 Envelopes 6.5X6.5
Majestic,Silk,6 x 12,Vertical,Rectangle,16PT C2S,Spot UV,Silk,Spot UV Both Sides,4/1,1000,Score in Half,Slide Slits Right Panel,Yes 10000 Envelopes 6.5X6.5
Majestic,Silk,6 x 12,Horizontal,Rectangle,16PT C2S,Spot UV,Silk,Spot UV Both Sides,4/1,1000,Score in Half,Slide Slits Right Panel,Yes 10000 Envelopes 6.5X6.5
Majestic,Silk,6 x 12,Horizontal,Rectangle,16PT C2S,Spot UV,Silk,Spot UV Front,4/4 (4 color both sides),1000,Score in Half,Slide Slits Right Panel,Yes 10000 Envelopes 6.5X6.5
Majestic,Silk,6 x 12,Vertical,Rectangle,16PT C2S,Spot UV,Silk,Spot UV Front,4/4 (4 color both sides),1000,Score in Half,Slide Slits Right Panel,Yes 10000 Envelopes 6.5X6.5
Majestic,Silk,6 x 12,Horizontal,Rectangle,16PT C2S,Spot UV,Silk,Spot UV Back,4/4 (4 color both sides),1000,Score in Half,Slide Slits Right Panel,Yes 10000 Envelopes 6.5X6.5
Majestic,Silk,6 x 12,Vertical,Rectangle,16PT C2S,Spot UV,Silk,Spot UV Back,4/4 (4 color both sides),1000,Score in Half,Slide Slits Right Panel,Yes 10000 Envelopes 6.5X6.5
Majestic,Silk,6 x 12,Vertical,Rectangle,16PT C2S,Spot UV,Silk,Spot UV Both Sides,4/4 (4 color both sides),1000,Score in Half,Slide Slits Right Panel,Yes 10000 Envelopes 6.5X6.5
Majestic,Silk,6 x 12,Horizontal,Rectangle,16PT C2S,Spot UV,Silk,Spot UV Both Sides,4/4 (4 color both sides),1000,Score in Half,Slide Slits Right Panel,Yes 10000 Envelopes 6.5X6.5
Majestic,Silk,6 x 12,Horizontal,Rectangle,16PT C2S,Spot UV,Silk,Spot UV Front,4/1,2500,Score in Half,Slide Slits Right Panel,Yes 10000 Envelopes 6.5X6.5
Majestic,Silk,6 x 12,Horizontal,Rectangle,16PT C2S,Spot UV,Silk,Spot UV Back,4/1,2500,Score in Half,Slide Slits Right Panel,Yes 10000 Envelopes 6.5X6.5
Majestic,Silk,6 x 12,Vertical,Rectangle,16PT C2S,Spot UV,Silk,Spot UV Back,4/1,2500,Score in Half,Slide Slits Right Panel,Yes 10000 Envelopes 6.5X6.5
Majestic,Silk,6 x 12,Vertical,Rectangle,16PT C2S,Spot UV,Silk,Spot UV Front,4/1,2500,Score in Half,Slide Slits Right Panel,Yes 10000 Envelopes 6.5X6.5
Majestic,Silk,6 x 12,Horizontal,Rectangle,16PT C2S,Spot UV,Silk,Spot UV Back,4/1,500,Score in Half,Slide Slits Bottom Panel,Yes 10000 Envelopes 6.5X6.5
Majestic,Silk,6 x 12,Vertical,Rectangle,16PT C2S,Spot UV,Silk,Spot UV Front,4/4 (4 color both sides),2500,Score in Half,Slide Slits Right Panel,Yes 10000 Envelopes 6.5X6.5
Majestic,Silk,6 x 12,Horizontal,Rectangle,16PT C2S,Spot UV,Silk,Spot UV Both Sides,4/1,2500,Score in Half,Slide Slits Right Panel,Yes 10000 Envelopes 6.5X6.5
Majestic,Silk,6 x 12,Vertical,Rectangle,16PT C2S,Spot UV,Silk,Spot UV Back,4/4 (4 color both sides),2500,Score in Half,Slide Slits Right Panel,Yes 10000 Envelopes 6.5X6.5
Majestic,Silk,6 x 12,Horizontal,Rectangle,16PT C2S,Spot UV,Silk,Spot UV Back,4/4 (4 color both sides),2500,Score in Half,Slide Slits Right Panel,Yes 10000 Envelopes 6.5X6.5
Majestic,Silk,6 x 12,Horizontal,Rectangle,16PT C2S,Spot UV,Silk,Spot UV Both Sides,4/4 (4 color both sides),2500,Score in Half,Slide Slits Right Panel,Yes 10000 Envelopes 6.5X6.5
Majestic,Silk,6 x 12,Vertical,Rectangle,16PT C2S,Spot UV,Silk,Spot UV Both Sides,4/4 (4 color both sides),2500,Score in Half,Slide Slits Right Panel,Yes 10000 Envelopes 6.5X6.5
Majestic,Silk,6 x 12,Horizontal,Rectangle,16PT C2S,Spot UV,Silk,Spot UV Front,4/1,5000,Score in Half,Slide Slits Right Panel,Yes 10000 Envelopes 6.5X6.5
Majestic,Silk,6 x 12,Vertical,Rectangle,16PT C2S,Spot UV,Silk,Spot UV Front,4/1,5000,Score in Half,Slide Slits Right Panel,Yes 10000 Envelopes 6.5X6.5
Majestic,Silk,6 x 12,Horizontal,Rectangle,16PT C2S,Spot UV,Silk,Spot UV Back,4/1,5000,Score in Half,Slide Slits Right Panel,Yes 10000 Envelopes 6.5X6.5
Majestic,Silk,6 x 12,Vertical,Rectangle,16PT C2S,Spot UV,Silk,Spot UV Back,4/1,5000,Score in Half,Slide Slits Right Panel,Yes 10000 Envelopes 6.5X6.5
Majestic,Silk,6 x 12,Horizontal,Rectangle,16PT C2S,Spot UV,Silk,Spot UV Both Sides,4/1,5000,Score in Half,Slide Slits Right Panel,Yes 10000 Envelopes 6.5X6.5
Majestic,Silk,6 x 12,Vertical,Rectangle,16PT C2S,Spot UV,Silk,Spot UV Both Sides,4/1,5000,Score in Half,Slide Slits Right Panel,Yes 10000 Envelopes 6.5X6.5
Majestic,Silk,6 x 12,Horizontal,Rectangle,16PT C2S,Spot UV,Silk,Spot UV Front,4/4 (4 color both sides),5000,Score in Half,Slide Slits Right Panel,Yes 10000 Envelopes 6.5X6.5
Majestic,Silk,6 x 12,Vertical,Rectangle,16PT C2S,Spot UV,Silk,Spot UV Front,4/4 (4 color both sides),5000,Score in Half,Slide Slits Right Panel,Yes 10000 Envelopes 6.5X6.5
Majestic,Silk,6 x 12,Horizontal,Rectangle,16PT C2S,Spot UV,Silk,Spot UV Back,4/4 (4 color both sides),5000,Score in Half,Slide Slits Right Panel,Yes 10000 Envelopes 6.5X6.5
Majestic,Silk,6 x 12,Vertical,Rectangle,16PT C2S,Spot UV,Silk,Spot UV Both Sides,4/1,2500,Score in Half,Slide Slits Right Panel,Yes 10000 Envelopes 6.5X6.5
Majestic,Silk,6 x 12,Vertical,Rectangle,16PT C2S,Spot UV,Silk,Spot UV Back,4/4 (4 color both sides),5000,Score in Half,Slide Slits Right Panel,Yes 10000 Envelopes 6.5X6.5
Majestic,Silk,6 x 12,Horizontal,Rectangle,16PT C2S,Spot UV,Silk,Spot UV Front,4/4 (4 color both sides),2500,Score in Half,Slide Slits Right Panel,Yes 10000 Envelopes 6.5X6.5
Majestic,Silk,6 x 12,Vertical,Rectangle,16PT C2S,Spot UV,Silk,Spot UV Both Sides,4/4 (4 color both sides),5000,Score in Half,Slide Slits Right Panel,Yes 10000 Envelopes 6.5X6.5
Majestic,Silk,6 x 12,Vertical,Rectangle,16PT C2S,Spot UV,Silk,Spot UV Front,4/1,10000,Score in Half,Slide Slits Right Panel,Yes 10000 Envelopes 6.5X6.5
Majestic,Silk,6 x 12,Horizontal,Rectangle,16PT C2S,Spot UV,Silk,Spot UV Back,4/1,10000,Score in Half,Slide Slits Right Panel,Yes 10000 Envelopes 6.5X6.5
Majestic,Silk,6 x 12,Vertical,Rectangle,16PT C2S,Spot UV,Silk,Spot UV Back,4/1,10000,Score in Half,Slide Slits Right Panel,Yes 10000 Envelopes 6.5X6.5
Majestic,Silk,6 x 12,Horizontal,Rectangle,16PT C2S,Spot UV,Silk,Spot UV Front,4/1,10000,Score in Half,Slide Slits Right Panel,Yes 10000 Envelopes 6.5X6.5
Majestic,Silk,6 x 12,Horizontal,Rectangle,16PT C2S,Spot UV,Silk,Spot UV Both Sides,4/1,10000,Score in Half,Slide Slits Right Panel,Yes 10000 Envelopes 6.5X6.5
Majestic,Silk,6 x 12,Vertical,Rectangle,16PT C2S,Spot UV,Silk,Spot UV Both Sides,4/1,10000,Score in Half,Slide Slits Right Panel,Yes 10000 Envelopes 6.5X6.5
Majestic,Silk,6 x 12,Horizontal,Rectangle,16PT C2S,Spot UV,Silk,Spot UV Front,4/4 (4 color both sides),10000,Score in Half,Slide Slits Right Panel,Yes 10000 Envelopes 6.5X6.5
Majestic,Silk,6 x 12,Vertical,Rectangle,16PT C2S,Spot UV,Silk,Spot UV Front,4/4 (4 color both sides),10000,Score in Half,Slide Slits Right Panel,Yes 10000 Envelopes 6.5X6.5
Majestic,Silk,6 x 12,Horizontal,Rectangle,16PT C2S,Spot UV,Silk,Spot UV Back,4/4 (4 color both sides),10000,Score in Half,Slide Slits Right Panel,Yes 10000 Envelopes 6.5X6.5
Majestic,Silk,6 x 12,Vertical,Rectangle,16PT C2S,Spot UV,Silk,Spot UV Back,4/4 (4 color both sides),10000,Score in Half,Slide Slits Right Panel,Yes 10000 Envelopes 6.5X6.5
Majestic,Silk,6 x 12,Horizontal,Rectangle,16PT C2S,Spot UV,Silk,Spot UV Both Sides,4/4 (4 color both sides),10000,Score in Half,Slide Slits Right Panel,Yes 10000 Envelopes 6.5X6.5
Majestic,Silk,6 x 12,Horizontal,Rectangle,16PT C2S,Spot UV,Silk,Spot UV Both Sides,4/4 (4 color both sides),5000,Score in Half,Slide Slits Right Panel,Yes 10000 Envelopes 6.5X6.5
Majestic,Silk,6 x 12,Horizontal,Rectangle,16PT C2S,Spot UV,Silk,Spot UV Front,4/0 (4 color front),500,Score in Half,Moon Slits Bottom Panel,Yes 500 Envelopes 6.5X6.5
Majestic,Silk,6 x 12,Horizontal,Rectangle,16PT C2S,Spot UV,Silk,Spot UV Front,4/0 (4 color front),2500,Score in Half,Moon Slits Bottom Panel,Yes 500 Envelopes 6.5X6.5
Majestic,Silk,6 x 12,Horizontal,Rectangle,16PT C2S,Spot UV,Silk,Spot UV Front,4/0 (4 color front),1000,Score in Half,Moon Slits Bottom Panel,Yes 500 Envelopes 6.5X6.5
Majestic,Silk,6 x 12,Vertical,Rectangle,16PT C2S,Spot UV,Silk,Spot UV Front,4/0 (4 color front),500,Score in Half,Moon Slits Bottom Panel,Yes 500 Envelopes 6.5X6.5
Majestic,Silk,6 x 12,Vertical,Rectangle,16PT C2S,Spot UV,Silk,Spot UV Both Sides,4/4 (4 color both sides),10000,Score in Half,Slide Slits Right Panel,Yes 10000 Envelopes 6.5X6.5
Majestic,Silk,6 x 12,Vertical,Rectangle,16PT C2S,Spot UV,Silk,Spot UV Front,4/0 (4 color front),2500,Score in Half,Moon Slits Bottom Panel,Yes 500 Envelopes 6.5X6.5
Majestic,Silk,6 x 12,Horizontal,Rectangle,16PT C2S,Spot UV,Silk,Spot UV Front,4/0 (4 color front),5000,Score in Half,Moon Slits Bottom Panel,Yes 500 Envelopes 6.5X6.5
Majestic,Silk,6 x 12,Vertical,Rectangle,16PT C2S,Spot UV,Silk,Spot UV Front,4/1,1000,Score in Half,Slide Slits Bottom Panel,Yes 10000 Envelopes 6.5X6.5
Majestic,Silk,6 x 12,Horizontal,Rectangle,16PT C2S,Spot UV,Silk,Spot UV Front,4/0 (4 color front),500,Score in Half,Moon Slits Right Panel,Yes 500 Envelopes 6.5X6.5
Majestic,Silk,6 x 12,Horizontal,Rectangle,16PT C2S,Spot UV,Silk,Spot UV Front,4/0 (4 color front),10000,Score in Half,Moon Slits Bottom Panel,Yes 500 Envelopes 6.5X6.5
Majestic,Silk,6 x 12,Vertical,Rectangle,16PT C2S,Spot UV,Silk,Spot UV Front,4/0 (4 color front),500,Score in Half,Moon Slits Right Panel,Yes 500 Envelopes 6.5X6.5
Majestic,Silk,6 x 12,Vertical,Rectangle,16PT C2S,Spot UV,Silk,Spot UV Front,4/0 (4 color front),10000,Score in Half,Moon Slits Bottom Panel,Yes 500 Envelopes 6.5X6.5
Majestic,Silk,6 x 12,Horizontal,Rectangle,16PT C2S,Spot UV,Silk,Spot UV Front,4/0 (4 color front),1000,Score in Half,Moon Slits Right Panel,Yes 500 Envelopes 6.5X6.5
Majestic,Silk,6 x 12,Horizontal,Rectangle,16PT C2S,Spot UV,Silk,Spot UV Front,4/0 (4 color front),2500,Score in Half,Moon Slits Right Panel,Yes 500 Envelopes 6.5X6.5
Majestic,Silk,6 x 12,Vertical,Rectangle,16PT C2S,Spot UV,Silk,Spot UV Front,4/0 (4 color front),1000,Score in Half,Moon Slits Right Panel,Yes 500 Envelopes 6.5X6.5
Majestic,Silk,6 x 12,Vertical,Rectangle,16PT C2S,Spot UV,Silk,Spot UV Front,4/0 (4 color front),2500,Score in Half,Moon Slits Right Panel,Yes 500 Envelopes 6.5X6.5
Majestic,Silk,6 x 12,Horizontal,Rectangle,16PT C2S,Spot UV,Silk,Spot UV Front,4/0 (4 color front),5000,Score in Half,Moon Slits Right Panel,Yes 500 Envelopes 6.5X6.5
Majestic,Silk,6 x 12,Vertical,Rectangle,16PT C2S,Spot UV,Silk,Spot UV Front,4/0 (4 color front),5000,Score in Half,Moon Slits Right Panel,Yes 500 Envelopes 6.5X6.5
Majestic,Silk,6 x 12,Horizontal,Rectangle,16PT C2S,Spot UV,Silk,Spot UV Front,4/0 (4 color front),10000,Score in Half,Moon Slits Right Panel,Yes 500 Envelopes 6.5X6.5
Majestic,Silk,6 x 12,Vertical,Rectangle,16PT C2S,Spot UV,Silk,Spot UV Front,4/0 (4 color front),10000,Score in Half,Moon Slits Right Panel,Yes 500 Envelopes 6.5X6.5
Majestic,Silk,6 x 12,Horizontal,Rectangle,16PT C2S,Spot UV,Silk,Spot UV Front,4/0 (4 color front),500,Score in Half,No Gift Cards Slits,Yes 500 Envelopes 6.5X6.5
Majestic,Silk,6 x 12,Vertical,Rectangle,16PT C2S,Spot UV,Silk,Spot UV Front,4/0 (4 color front),500,Score in Half,No Gift Cards Slits,Yes 500 Envelopes 6.5X6.5
Majestic,Silk,6 x 12,Horizontal,Rectangle,16PT C2S,Spot UV,Silk,Spot UV Front,4/0 (4 color front),1000,Score in Half,No Gift Cards Slits,Yes 500 Envelopes 6.5X6.5
Majestic,Silk,6 x 12,Vertical,Rectangle,16PT C2S,Spot UV,Silk,Spot UV Front,4/0 (4 color front),1000,Score in Half,No Gift Cards Slits,Yes 500 Envelopes 6.5X6.5
Majestic,Silk,6 x 12,Horizontal,Rectangle,16PT C2S,Spot UV,Silk,Spot UV Front,4/0 (4 color front),2500,Score in Half,No Gift Cards Slits,Yes 500 Envelopes 6.5X6.5
Majestic,Silk,6 x 12,Vertical,Rectangle,16PT C2S,Spot UV,Silk,Spot UV Front,4/0 (4 color front),2500,Score in Half,No Gift Cards Slits,Yes 500 Envelopes 6.5X6.5
Majestic,Silk,6 x 12,Horizontal,Rectangle,16PT C2S,Spot UV,Silk,Spot UV Front,4/0 (4 color front),5000,Score in Half,No Gift Cards Slits,Yes 500 Envelopes 6.5X6.5
Majestic,Silk,6 x 12,Vertical,Rectangle,16PT C2S,Spot UV,Silk,Spot UV Front,4/0 (4 color front),5000,Score in Half,No Gift Cards Slits,Yes 500 Envelopes 6.5X6.5
Majestic,Silk,6 x 12,Vertical,Rectangle,16PT C2S,Spot UV,Silk,Spot UV Front,4/0 (4 color front),5000,Score in Half,Moon Slits Bottom Panel,Yes 500 Envelopes 6.5X6.5
Majestic,Silk,6 x 12,Horizontal,Rectangle,16PT C2S,Spot UV,Silk,Spot UV Front,4/0 (4 color front),10000,Score in Half,No Gift Cards Slits,Yes 500 Envelopes 6.5X6.5
Majestic,Silk,6 x 12,Horizontal,Rectangle,16PT C2S,Spot UV,Silk,Spot UV Front,4/0 (4 color front),500,Score in Half,Slide Slits Bottom Panel,Yes 500 Envelopes 6.5X6.5
Majestic,Silk,6 x 12,Vertical,Rectangle,16PT C2S,Spot UV,Silk,Spot UV Front,4/0 (4 color front),500,Score in Half,Slide Slits Bottom Panel,Yes 500 Envelopes 6.5X6.5
Majestic,Silk,6 x 12,Horizontal,Rectangle,16PT C2S,Spot UV,Silk,Spot UV Front,4/0 (4 color front),1000,Score in Half,Slide Slits Bottom Panel,Yes 500 Envelopes 6.5X6.5
Majestic,Silk,6 x 12,Vertical,Rectangle,16PT C2S,Spot UV,Silk,Spot UV Front,4/0 (4 color front),1000,Score in Half,Slide Slits Bottom Panel,Yes 500 Envelopes 6.5X6.5
Majestic,Silk,6 x 12,Vertical,Rectangle,16PT C2S,Spot UV,Silk,Spot UV Front,4/0 (4 color front),10000,Score in Half,No Gift Cards Slits,Yes 500 Envelopes 6.5X6.5
Majestic,Silk,6 x 12,Vertical,Rectangle,16PT C2S,Spot UV,Silk,Spot UV Front,4/0 (4 color front),2500,Score in Half,Slide Slits Bottom Panel,Yes 500 Envelopes 6.5X6.5
Majestic,Silk,6 x 12,Horizontal,Rectangle,16PT C2S,Spot UV,Silk,Spot UV Front,4/0 (4 color front),5000,Score in Half,Slide Slits Bottom Panel,Yes 500 Envelopes 6.5X6.5
Majestic,Silk,6 x 12,Vertical,Rectangle,16PT C2S,Spot UV,Silk,Spot UV Front,4/0 (4 color front),5000,Score in Half,Slide Slits Bottom Panel,Yes 500 Envelopes 6.5X6.5
Majestic,Silk,6 x 12,Horizontal,Rectangle,16PT C2S,Spot UV,Silk,Spot UV Front,4/0 (4 color front),10000,Score in Half,Slide Slits Bottom Panel,Yes 500 Envelopes 6.5X6.5
Majestic,Silk,6 x 12,Vertical,Rectangle,16PT C2S,Spot UV,Silk,Spot UV Front,4/0 (4 color front),10000,Score in Half,Slide Slits Bottom Panel,Yes 500 Envelopes 6.5X6.5
Majestic,Silk,6 x 12,Horizontal,Rectangle,16PT C2S,Spot UV,Silk,Spot UV Front,4/0 (4 color front),500,Score in Half,Slide Slits Right Panel,Yes 500 Envelopes 6.5X6.5
Majestic,Silk,6 x 12,Vertical,Rectangle,16PT C2S,Spot UV,Silk,Spot UV Front,4/0 (4 color front),500,Score in Half,Slide Slits Right Panel,Yes 500 Envelopes 6.5X6.5
Majestic,Silk,6 x 12,Horizontal,Rectangle,16PT C2S,Spot UV,Silk,Spot UV Front,4/0 (4 color front),1000,Score in Half,Slide Slits Right Panel,Yes 500 Envelopes 6.5X6.5
Majestic,Silk,6 x 12,Vertical,Rectangle,16PT C2S,Spot UV,Silk,Spot UV Front,4/0 (4 color front),1000,Score in Half,Slide Slits Right Panel,Yes 500 Envelopes 6.5X6.5
Majestic,Silk,6 x 12,Horizontal,Rectangle,16PT C2S,Spot UV,Silk,Spot UV Front,4/0 (4 color front),2500,Score in Half,Slide Slits Right Panel,Yes 500 Envelopes 6.5X6.5
Majestic,Silk,6 x 12,Vertical,Rectangle,16PT C2S,Spot UV,Silk,Spot UV Front,4/0 (4 color front),2500,Score in Half,Slide Slits Right Panel,Yes 500 Envelopes 6.5X6.5
Majestic,Silk,6 x 12,Horizontal,Rectangle,16PT C2S,Spot UV,Silk,Spot UV Front,4/0 (4 color front),5000,Score in Half,Slide Slits Right Panel,Yes 500 Envelopes 6.5X6.5
Majestic,Silk,6 x 12,Vertical,Rectangle,16PT C2S,Spot UV,Silk,Spot UV Front,4/0 (4 color front),5000,Score in Half,Slide Slits Right Panel,Yes 500 Envelopes 6.5X6.5
Majestic,Silk,6 x 12,Vertical,Rectangle,16PT C2S,Spot UV,Silk,Spot UV Front,4/0 (4 color front),1000,Score in Half,Moon Slits Bottom Panel,Yes 500 Envelopes 6.5X6.5
Majestic,Silk,6 x 12,Vertical,Rectangle,16PT C2S,Spot UV,Silk,Spot UV Front,4/0 (4 color front),10000,Score in Half,Slide Slits Right Panel,Yes 500 Envelopes 6.5X6.5
Majestic,Silk,6 x 12,Horizontal,Rectangle,16PT C2S,Spot UV,Silk,Spot UV Front,4/0 (4 color front),500,Score in Half,Moon Slits Bottom Panel,Yes 1000 Envelopes 6.5X6.5
Majestic,Silk,6 x 12,Vertical,Rectangle,16PT C2S,Spot UV,Silk,Spot UV Front,4/0 (4 color front),500,Score in Half,Moon Slits Bottom Panel,Yes 1000 Envelopes 6.5X6.5
Majestic,Silk,6 x 12,Horizontal,Rectangle,16PT C2S,Spot UV,Silk,Spot UV Front,4/0 (4 color front),2500,Score in Half,Slide Slits Bottom Panel,Yes 500 Envelopes 6.5X6.5
Majestic,Silk,6 x 12,Vertical,Rectangle,16PT C2S,Spot UV,Silk,Spot UV Front,4/0 (4 color front),1000,Score in Half,Moon Slits Bottom Panel,Yes 1000 Envelopes 6.5X6.5
Majestic,Silk,6 x 12,Horizontal,Rectangle,16PT C2S,Spot UV,Silk,Spot UV Front,4/0 (4 color front),2500,Score in Half,Moon Slits Bottom Panel,Yes 1000 Envelopes 6.5X6.5
Majestic,Silk,6 x 12,Vertical,Rectangle,16PT C2S,Spot UV,Silk,Spot UV Front,4/0 (4 color front),2500,Score in Half,Moon Slits Bottom Panel,Yes 1000 Envelopes 6.5X6.5
Majestic,Silk,6 x 12,Vertical,Rectangle,16PT C2S,Spot UV,Silk,Spot UV Front,4/0 (4 color front),5000,Score in Half,Moon Slits Bottom Panel,Yes 1000 Envelopes 6.5X6.5
Majestic,Silk,6 x 12,Horizontal,Rectangle,16PT C2S,Spot UV,Silk,Spot UV Front,4/0 (4 color front),5000,Score in Half,Moon Slits Bottom Panel,Yes 1000 Envelopes 6.5X6.5
Majestic,Silk,6 x 12,Horizontal,Rectangle,16PT C2S,Spot UV,Silk,Spot UV Front,4/0 (4 color front),10000,Score in Half,Moon Slits Bottom Panel,Yes 1000 Envelopes 6.5X6.5
Majestic,Silk,6 x 12,Vertical,Rectangle,16PT C2S,Spot UV,Silk,Spot UV Front,4/0 (4 color front),10000,Score in Half,Moon Slits Bottom Panel,Yes 1000 Envelopes 6.5X6.5
Majestic,Silk,6 x 12,Horizontal,Rectangle,16PT C2S,Spot UV,Silk,Spot UV Front,4/0 (4 color front),500,Score in Half,Moon Slits Right Panel,Yes 1000 Envelopes 6.5X6.5
Majestic,Silk,6 x 12,Vertical,Rectangle,16PT C2S,Spot UV,Silk,Spot UV Front,4/0 (4 color front),500,Score in Half,Moon Slits Right Panel,Yes 1000 Envelopes 6.5X6.5
Majestic,Silk,6 x 12,Horizontal,Rectangle,16PT C2S,Spot UV,Silk,Spot UV Front,4/0 (4 color front),1000,Score in Half,Moon Slits Right Panel,Yes 1000 Envelopes 6.5X6.5
Majestic,Silk,6 x 12,Vertical,Rectangle,16PT C2S,Spot UV,Silk,Spot UV Front,4/0 (4 color front),1000,Score in Half,Moon Slits Right Panel,Yes 1000 Envelopes 6.5X6.5
Majestic,Silk,6 x 12,Horizontal,Rectangle,16PT C2S,Spot UV,Silk,Spot UV Front,4/0 (4 color front),2500,Score in Half,Moon Slits Right Panel,Yes 1000 Envelopes 6.5X6.5
Majestic,Silk,6 x 12,Vertical,Rectangle,16PT C2S,Spot UV,Silk,Spot UV Front,4/0 (4 color front),2500,Score in Half,Moon Slits Right Panel,Yes 1000 Envelopes 6.5X6.5
Majestic,Silk,6 x 12,Horizontal,Rectangle,16PT C2S,Spot UV,Silk,Spot UV Front,4/0 (4 color front),5000,Score in Half,Moon Slits Right Panel,Yes 1000 Envelopes 6.5X6.5
Majestic,Silk,6 x 12,Horizontal,Rectangle,16PT C2S,Spot UV,Silk,Spot UV Front,4/0 (4 color front),1000,Score in Half,Moon Slits Bottom Panel,Yes 1000 Envelopes 6.5X6.5
Majestic,Silk,6 x 12,Vertical,Rectangle,16PT C2S,Spot UV,Silk,Spot UV Back,4/4 (4 color both sides),1000,Score in Half,Slide Slits Bottom Panel,Yes 10000 Envelopes 6.5X6.5
Majestic,Silk,6 x 12,Horizontal,Rectangle,16PT C2S,Spot UV,Silk,Spot UV Front,4/0 (4 color front),500,Score in Half,No Gift Cards Slits,Yes 1000 Envelopes 6.5X6.5
Majestic,Silk,6 x 12,Vertical,Rectangle,16PT C2S,Spot UV,Silk,Spot UV Front,4/0 (4 color front),10000,Score in Half,Moon Slits Right Panel,Yes 1000 Envelopes 6.5X6.5
Majestic,Silk,6 x 12,Horizontal,Rectangle,16PT C2S,Spot UV,Silk,Spot UV Front,4/0 (4 color front),10000,Score in Half,Moon Slits Right Panel,Yes 1000 Envelopes 6.5X6.5
Majestic,Silk,6 x 12,Horizontal,Rectangle,16PT C2S,Spot UV,Silk,Spot UV Front,4/0 (4 color front),10000,Score in Half,Slide Slits Right Panel,Yes 500 Envelopes 6.5X6.5
Majestic,Silk,6 x 12,Vertical,Rectangle,16PT C2S,Spot UV,Silk,Spot UV Front,4/0 (4 color front),1000,Score in Half,No Gift Cards Slits,Yes 1000 Envelopes 6.5X6.5
Majestic,Silk,6 x 12,Vertical,Rectangle,16PT C2S,Spot UV,Silk,Spot UV Front,4/0 (4 color front),5000,Score in Half,Moon Slits Right Panel,Yes 1000 Envelopes 6.5X6.5
Majestic,Silk,6 x 12,Horizontal,Rectangle,16PT C2S,Spot UV,Silk,Spot UV Front,4/0 (4 color front),5000,Score in Half,No Gift Cards Slits,Yes 1000 Envelopes 6.5X6.5
Majestic,Silk,6 x 12,Vertical,Rectangle,16PT C2S,Spot UV,Silk,Spot UV Front,4/0 (4 color front),5000,Score in Half,No Gift Cards Slits,Yes 1000 Envelopes 6.5X6.5
Majestic,Silk,6 x 12,Horizontal,Rectangle,16PT C2S,Spot UV,Silk,Spot UV Front,4/0 (4 color front),10000,Score in Half,No Gift Cards Slits,Yes 1000 Envelopes 6.5X6.5
Majestic,Silk,6 x 12,Vertical,Rectangle,16PT C2S,Spot UV,Silk,Spot UV Front,4/0 (4 color front),2500,Score in Half,No Gift Cards Slits,Yes 1000 Envelopes 6.5X6.5
Majestic,Silk,6 x 12,Vertical,Rectangle,16PT C2S,Spot UV,Silk,Spot UV Front,4/0 (4 color front),10000,Score in Half,No Gift Cards Slits,Yes 1000 Envelopes 6.5X6.5
Majestic,Silk,6 x 12,Horizontal,Rectangle,16PT C2S,Spot UV,Silk,Spot UV Front,4/0 (4 color front),2500,Score in Half,No Gift Cards Slits,Yes 1000 Envelopes 6.5X6.5
Majestic,Silk,6 x 12,Vertical,Rectangle,16PT C2S,Spot UV,Silk,Spot UV Front,4/0 (4 color front),500,Score in Half,Slide Slits Bottom Panel,Yes 1000 Envelopes 6.5X6.5
Majestic,Silk,6 x 12,Vertical,Rectangle,16PT C2S,Spot UV,Silk,Spot UV Front,4/0 (4 color front),1000,Score in Half,Slide Slits Bottom Panel,Yes 1000 Envelopes 6.5X6.5
Majestic,Silk,6 x 12,Horizontal,Rectangle,16PT C2S,Spot UV,Silk,Spot UV Front,4/0 (4 color front),2500,Score in Half,Slide Slits Bottom Panel,Yes 1000 Envelopes 6.5X6.5
Majestic,Silk,6 x 12,Vertical,Rectangle,16PT C2S,Spot UV,Silk,Spot UV Front,4/0 (4 color front),2500,Score in Half,Slide Slits Bottom Panel,Yes 1000 Envelopes 6.5X6.5
Majestic,Silk,6 x 12,Horizontal,Rectangle,16PT C2S,Spot UV,Silk,Spot UV Front,4/0 (4 color front),1000,Score in Half,Slide Slits Bottom Panel,Yes 1000 Envelopes 6.5X6.5
Majestic,Silk,6 x 12,Horizontal,Rectangle,16PT C2S,Spot UV,Silk,Spot UV Front,4/0 (4 color front),5000,Score in Half,Slide Slits Bottom Panel,Yes 1000 Envelopes 6.5X6.5
Majestic,Silk,6 x 12,Vertical,Rectangle,16PT C2S,Spot UV,Silk,Spot UV Front,4/0 (4 color front),5000,Score in Half,Slide Slits Bottom Panel,Yes 1000 Envelopes 6.5X6.5
Majestic,Silk,6 x 12,Horizontal,Rectangle,16PT C2S,Spot UV,Silk,Spot UV Front,4/0 (4 color front),10000,Score in Half,Slide Slits Bottom Panel,Yes 1000 Envelopes 6.5X6.5
Majestic,Silk,6 x 12,Vertical,Rectangle,16PT C2S,Spot UV,Silk,Spot UV Front,4/0 (4 color front),10000,Score in Half,Slide Slits Bottom Panel,Yes 1000 Envelopes 6.5X6.5
Majestic,Silk,6 x 12,Horizontal,Rectangle,16PT C2S,Spot UV,Silk,Spot UV Front,4/0 (4 color front),500,Score in Half,Slide Slits Right Panel,Yes 1000 Envelopes 6.5X6.5
Majestic,Silk,6 x 12,Vertical,Rectangle,16PT C2S,Spot UV,Silk,Spot UV Front,4/0 (4 color front),500,Score in Half,Slide Slits Right Panel,Yes 1000 Envelopes 6.5X6.5
Majestic,Silk,6 x 12,Horizontal,Rectangle,16PT C2S,Spot UV,Silk,Spot UV Front,4/0 (4 color front),1000,Score in Half,Slide Slits Right Panel,Yes 1000 Envelopes 6.5X6.5
Majestic,Silk,6 x 12,Horizontal,Rectangle,16PT C2S,Spot UV,Silk,Spot UV Front,4/0 (4 color front),2500,Score in Half,Slide Slits Right Panel,Yes 1000 Envelopes 6.5X6.5
Majestic,Silk,6 x 12,Vertical,Rectangle,16PT C2S,Spot UV,Silk,Spot UV Front,4/0 (4 color front),1000,Score in Half,Slide Slits Right Panel,Yes 1000 Envelopes 6.5X6.5
Majestic,Silk,6 x 12,Vertical,Rectangle,16PT C2S,Spot UV,Silk,Spot UV Front,4/0 (4 color front),2500,Score in Half,Slide Slits Right Panel,Yes 1000 Envelopes 6.5X6.5
Majestic,Silk,6 x 12,Horizontal,Rectangle,16PT C2S,Spot UV,Silk,Spot UV Front,4/0 (4 color front),10000,Score in Half,Slide Slits Right Panel,Yes 1000 Envelopes 6.5X6.5
Majestic,Silk,6 x 12,Vertical,Rectangle,16PT C2S,Spot UV,Silk,Spot UV Front,4/0 (4 color front),500,Score in Half,No Gift Cards Slits,Yes 1000 Envelopes 6.5X6.5
Majestic,Silk,6 x 12,Vertical,Rectangle,16PT C2S,Spot UV,Silk,Spot UV Front,4/0 (4 color front),5000,Score in Half,Slide Slits Right Panel,Yes 1000 Envelopes 6.5X6.5
Majestic,Silk,6 x 12,Vertical,Rectangle,16PT C2S,Spot UV,Silk,Spot UV Front,4/0 (4 color front),10000,Score in Half,Slide Slits Right Panel,Yes 1000 Envelopes 6.5X6.5
Majestic,Silk,6 x 12,Horizontal,Rectangle,16PT C2S,Spot UV,Silk,Spot UV Front,4/0 (4 color front),500,Score in Half,Moon Slits Bottom Panel,Yes 2500 Envelopes 6.5X6.5
Majestic,Silk,6 x 12,Vertical,Rectangle,16PT C2S,Spot UV,Silk,Spot UV Front,4/0 (4 color front),500,Score in Half,Moon Slits Bottom Panel,Yes 2500 Envelopes 6.5X6.5
Majestic,Silk,6 x 12,Horizontal,Rectangle,16PT C2S,Spot UV,Silk,Spot UV Front,4/0 (4 color front),1000,Score in Half,Moon Slits Bottom Panel,Yes 2500 Envelopes 6.5X6.5
Majestic,Silk,6 x 12,Horizontal,Rectangle,16PT C2S,Spot UV,Silk,Spot UV Front,4/0 (4 color front),5000,Score in Half,Slide Slits Right Panel,Yes 1000 Envelopes 6.5X6.5
Majestic,Silk,6 x 12,Horizontal,Rectangle,16PT C2S,Spot UV,Silk,Spot UV Front,4/0 (4 color front),2500,Score in Half,Moon Slits Bottom Panel,Yes 2500 Envelopes 6.5X6.5
Majestic,Silk,6 x 12,Vertical,Rectangle,16PT C2S,Spot UV,Silk,Spot UV Front,4/0 (4 color front),2500,Score in Half,Moon Slits Bottom Panel,Yes 2500 Envelopes 6.5X6.5
Majestic,Silk,6 x 12,Horizontal,Rectangle,16PT C2S,Spot UV,Silk,Spot UV Front,4/0 (4 color front),5000,Score in Half,Moon Slits Bottom Panel,Yes 2500 Envelopes 6.5X6.5
Majestic,Silk,6 x 12,Vertical,Rectangle,16PT C2S,Spot UV,Silk,Spot UV Front,4/0 (4 color front),5000,Score in Half,Moon Slits Bottom Panel,Yes 2500 Envelopes 6.5X6.5
Majestic,Silk,6 x 12,Horizontal,Rectangle,16PT C2S,Spot UV,Silk,Spot UV Front,4/0 (4 color front),10000,Score in Half,Moon Slits Bottom Panel,Yes 2500 Envelopes 6.5X6.5
Majestic,Silk,6 x 12,Vertical,Rectangle,16PT C2S,Spot UV,Silk,Spot UV Front,4/0 (4 color front),10000,Score in Half,Moon Slits Bottom Panel,Yes 2500 Envelopes 6.5X6.5
Majestic,Silk,6 x 12,Horizontal,Rectangle,16PT C2S,Spot UV,Silk,Spot UV Front,4/0 (4 color front),1000,Score in Half,Moon Slits Right Panel,Yes 2500 Envelopes 6.5X6.5
Majestic,Silk,6 x 12,Vertical,Rectangle,16PT C2S,Spot UV,Silk,Spot UV Front,4/0 (4 color front),500,Score in Half,Moon Slits Right Panel,Yes 2500 Envelopes 6.5X6.5
Majestic,Silk,6 x 12,Horizontal,Rectangle,16PT C2S,Spot UV,Silk,Spot UV Front,4/0 (4 color front),500,Score in Half,Moon Slits Right Panel,Yes 2500 Envelopes 6.5X6.5
Majestic,Silk,6 x 12,Vertical,Rectangle,16PT C2S,Spot UV,Silk,Spot UV Front,4/0 (4 color front),2500,Score in Half,Moon Slits Right Panel,Yes 2500 Envelopes 6.5X6.5
Majestic,Silk,6 x 12,Horizontal,Rectangle,16PT C2S,Spot UV,Silk,Spot UV Front,4/0 (4 color front),2500,Score in Half,Moon Slits Right Panel,Yes 2500 Envelopes 6.5X6.5
Majestic,Silk,6 x 12,Horizontal,Rectangle,16PT C2S,Spot UV,Silk,Spot UV Front,4/0 (4 color front),5000,Score in Half,Moon Slits Right Panel,Yes 2500 Envelopes 6.5X6.5
Majestic,Silk,6 x 12,Vertical,Rectangle,16PT C2S,Spot UV,Silk,Spot UV Front,4/0 (4 color front),1000,Score in Half,Moon Slits Right Panel,Yes 2500 Envelopes 6.5X6.5
Majestic,Silk,6 x 12,Vertical,Rectangle,16PT C2S,Spot UV,Silk,Spot UV Front,4/0 (4 color front),5000,Score in Half,Moon Slits Right Panel,Yes 2500 Envelopes 6.5X6.5
Majestic,Silk,6 x 12,Vertical,Rectangle,16PT C2S,Spot UV,Silk,Spot UV Front,4/0 (4 color front),10000,Score in Half,Moon Slits Right Panel,Yes 2500 Envelopes 6.5X6.5
Majestic,Silk,6 x 12,Horizontal,Rectangle,16PT C2S,Spot UV,Silk,Spot UV Front,4/0 (4 color front),10000,Score in Half,Moon Slits Right Panel,Yes 2500 Envelopes 6.5X6.5
Majestic,Silk,6 x 12,Vertical,Rectangle,16PT C2S,Spot UV,Silk,Spot UV Front,4/0 (4 color front),500,Score in Half,No Gift Cards Slits,Yes 2500 Envelopes 6.5X6.5
Majestic,Silk,6 x 12,Horizontal,Rectangle,16PT C2S,Spot UV,Silk,Spot UV Front,4/0 (4 color front),500,Score in Half,No Gift Cards Slits,Yes 2500 Envelopes 6.5X6.5
Majestic,Silk,6 x 12,Horizontal,Rectangle,16PT C2S,Spot UV,Silk,Spot UV Front,4/0 (4 color front),1000,Score in Half,No Gift Cards Slits,Yes 2500 Envelopes 6.5X6.5
Majestic,Silk,6 x 12,Horizontal,Rectangle,16PT C2S,Spot UV,Silk,Spot UV Front,4/0 (4 color front),2500,Score in Half,No Gift Cards Slits,Yes 2500 Envelopes 6.5X6.5
Majestic,Silk,6 x 12,Vertical,Rectangle,16PT C2S,Spot UV,Silk,Spot UV Front,4/0 (4 color front),1000,Score in Half,No Gift Cards Slits,Yes 2500 Envelopes 6.5X6.5
Majestic,Silk,6 x 12,Vertical,Rectangle,16PT C2S,Spot UV,Silk,Spot UV Front,4/0 (4 color front),5000,Score in Half,No Gift Cards Slits,Yes 2500 Envelopes 6.5X6.5
Majestic,Silk,6 x 12,Horizontal,Rectangle,16PT C2S,Spot UV,Silk,Spot UV Front,4/0 (4 color front),5000,Score in Half,No Gift Cards Slits,Yes 2500 Envelopes 6.5X6.5
Majestic,Silk,6 x 12,Horizontal,Rectangle,16PT C2S,Spot UV,Silk,Spot UV Front,4/0 (4 color front),10000,Score in Half,No Gift Cards Slits,Yes 2500 Envelopes 6.5X6.5
Majestic,Silk,6 x 12,Vertical,Rectangle,16PT C2S,Spot UV,Silk,Spot UV Front,4/0 (4 color front),10000,Score in Half,No Gift Cards Slits,Yes 2500 Envelopes 6.5X6.5
Majestic,Silk,6 x 12,Horizontal,Rectangle,16PT C2S,Spot UV,Silk,Spot UV Front,4/0 (4 color front),500,Score in Half,Slide Slits Bottom Panel,Yes 2500 Envelopes 6.5X6.5
Majestic,Silk,6 x 12,Vertical,Rectangle,16PT C2S,Spot UV,Silk,Spot UV Front,4/0 (4 color front),500,Score in Half,Slide Slits Bottom Panel,Yes 2500 Envelopes 6.5X6.5
Majestic,Silk,6 x 12,Horizontal,Rectangle,16PT C2S,Spot UV,Silk,Spot UV Front,4/0 (4 color front),1000,Score in Half,Slide Slits Bottom Panel,Yes 2500 Envelopes 6.5X6.5
Majestic,Silk,6 x 12,Vertical,Rectangle,16PT C2S,Spot UV,Silk,Spot UV Front,4/0 (4 color front),1000,Score in Half,Slide Slits Bottom Panel,Yes 2500 Envelopes 6.5X6.5
Majestic,Silk,6 x 12,Horizontal,Rectangle,16PT C2S,Spot UV,Silk,Spot UV Front,4/0 (4 color front),2500,Score in Half,Slide Slits Bottom Panel,Yes 2500 Envelopes 6.5X6.5
Majestic,Silk,6 x 12,Vertical,Rectangle,16PT C2S,Spot UV,Silk,Spot UV Front,4/0 (4 color front),2500,Score in Half,Slide Slits Bottom Panel,Yes 2500 Envelopes 6.5X6.5
Majestic,Silk,6 x 12,Horizontal,Rectangle,16PT C2S,Spot UV,Silk,Spot UV Front,4/0 (4 color front),5000,Score in Half,Slide Slits Bottom Panel,Yes 2500 Envelopes 6.5X6.5
Majestic,Silk,6 x 12,Vertical,Rectangle,16PT C2S,Spot UV,Silk,Spot UV Front,4/0 (4 color front),5000,Score in Half,Slide Slits Bottom Panel,Yes 2500 Envelopes 6.5X6.5
Majestic,Silk,6 x 12,Horizontal,Rectangle,16PT C2S,Spot UV,Silk,Spot UV Front,4/0 (4 color front),10000,Score in Half,Slide Slits Bottom Panel,Yes 2500 Envelopes 6.5X6.5
Majestic,Silk,6 x 12,Horizontal,Rectangle,16PT C2S,Spot UV,Silk,Spot UV Front,4/0 (4 color front),500,Score in Half,Slide Slits Right Panel,Yes 2500 Envelopes 6.5X6.5
Majestic,Silk,6 x 12,Vertical,Rectangle,16PT C2S,Spot UV,Silk,Spot UV Front,4/0 (4 color front),500,Score in Half,Slide Slits Right Panel,Yes 2500 Envelopes 6.5X6.5
Majestic,Silk,6 x 12,Vertical,Rectangle,16PT C2S,Spot UV,Silk,Spot UV Front,4/0 (4 color front),2500,Score in Half,No Gift Cards Slits,Yes 2500 Envelopes 6.5X6.5
Majestic,Silk,6 x 12,Vertical,Rectangle,16PT C2S,Spot UV,Silk,Spot UV Front,4/0 (4 color front),10000,Score in Half,Slide Slits Bottom Panel,Yes 2500 Envelopes 6.5X6.5
Majestic,Silk,6 x 12,Horizontal,Rectangle,16PT C2S,Spot UV,Silk,Spot UV Front,4/0 (4 color front),1000,Score in Half,Slide Slits Right Panel,Yes 2500 Envelopes 6.5X6.5
Majestic,Silk,6 x 12,Vertical,Rectangle,16PT C2S,Spot UV,Silk,Spot UV Front,4/0 (4 color front),1000,Score in Half,Slide Slits Right Panel,Yes 2500 Envelopes 6.5X6.5
Majestic,Silk,6 x 12,Vertical,Rectangle,16PT C2S,Spot UV,Silk,Spot UV Front,4/0 (4 color front),5000,Score in Half,Slide Slits Right Panel,Yes 2500 Envelopes 6.5X6.5
Majestic,Silk,6 x 12,Horizontal,Rectangle,16PT C2S,Spot UV,Silk,Spot UV Front,4/0 (4 color front),2500,Score in Half,Slide Slits Right Panel,Yes 2500 Envelopes 6.5X6.5
Majestic,Silk,6 x 12,Horizontal,Rectangle,16PT C2S,Spot UV,Silk,Spot UV Front,4/0 (4 color front),5000,Score in Half,Slide Slits Right Panel,Yes 2500 Envelopes 6.5X6.5
Majestic,Silk,6 x 12,Vertical,Rectangle,16PT C2S,Spot UV,Silk,Spot UV Front,4/0 (4 color front),2500,Score in Half,Slide Slits Right Panel,Yes 2500 Envelopes 6.5X6.5
Majestic,Silk,6 x 12,Vertical,Rectangle,16PT C2S,Spot UV,Silk,Spot UV Front,4/0 (4 color front),1000,Score in Half,Moon Slits Bottom Panel,Yes 2500 Envelopes 6.5X6.5
Majestic,Silk,6 x 12,Horizontal,Rectangle,16PT C2S,Spot UV,Silk,Spot UV Front,4/0 (4 color front),500,Score in Half,Slide Slits Bottom Panel,Yes 1000 Envelopes 6.5X6.5
Majestic,Silk,6 x 12,Horizontal,Rectangle,16PT C2S,Spot UV,Silk,Spot UV Front,4/0 (4 color front),500,Score in Half,Moon Slits Bottom Panel,Yes 5000 Envelopes 6.5X6.5
Majestic,Silk,6 x 12,Horizontal,Rectangle,16PT C2S,Spot UV,Silk,Spot UV Front,4/0 (4 color front),1000,Score in Half,Moon Slits Bottom Panel,Yes 5000 Envelopes 6.5X6.5
Majestic,Silk,6 x 12,Vertical,Rectangle,16PT C2S,Spot UV,Silk,Spot UV Front,4/0 (4 color front),500,Score in Half,Moon Slits Bottom Panel,Yes 5000 Envelopes 6.5X6.5
Majestic,Silk,6 x 12,Vertical,Rectangle,16PT C2S,Spot UV,Silk,Spot UV Front,4/0 (4 color front),2500,Score in Half,Moon Slits Bottom Panel,Yes 5000 Envelopes 6.5X6.5
Majestic,Silk,6 x 12,Vertical,Rectangle,16PT C2S,Spot UV,Silk,Spot UV Front,4/0 (4 color front),1000,Score in Half,Moon Slits Bottom Panel,Yes 5000 Envelopes 6.5X6.5
Majestic,Silk,6 x 12,Horizontal,Rectangle,16PT C2S,Spot UV,Silk,Spot UV Front,4/0 (4 color front),2500,Score in Half,Moon Slits Bottom Panel,Yes 5000 Envelopes 6.5X6.5
Majestic,Silk,6 x 12,Vertical,Rectangle,16PT C2S,Spot UV,Silk,Spot UV Front,4/0 (4 color front),5000,Score in Half,Moon Slits Bottom Panel,Yes 5000 Envelopes 6.5X6.5
Majestic,Silk,6 x 12,Horizontal,Rectangle,16PT C2S,Spot UV,Silk,Spot UV Front,4/0 (4 color front),5000,Score in Half,Moon Slits Bottom Panel,Yes 5000 Envelopes 6.5X6.5
Majestic,Silk,6 x 12,Horizontal,Rectangle,16PT C2S,Spot UV,Silk,Spot UV Front,4/0 (4 color front),10000,Score in Half,Moon Slits Bottom Panel,Yes 5000 Envelopes 6.5X6.5
Majestic,Silk,6 x 12,Horizontal,Rectangle,16PT C2S,Spot UV,Silk,Spot UV Front,4/0 (4 color front),500,Score in Half,Moon Slits Right Panel,Yes 5000 Envelopes 6.5X6.5
Majestic,Silk,6 x 12,Vertical,Rectangle,16PT C2S,Spot UV,Silk,Spot UV Front,4/0 (4 color front),500,Score in Half,Moon Slits Right Panel,Yes 5000 Envelopes 6.5X6.5
Majestic,Silk,6 x 12,Horizontal,Rectangle,16PT C2S,Spot UV,Silk,Spot UV Front,4/0 (4 color front),1000,Score in Half,Moon Slits Right Panel,Yes 5000 Envelopes 6.5X6.5
Majestic,Silk,6 x 12,Vertical,Rectangle,16PT C2S,Spot UV,Silk,Spot UV Front,4/0 (4 color front),1000,Score in Half,Moon Slits Right Panel,Yes 5000 Envelopes 6.5X6.5
Majestic,Silk,6 x 12,Horizontal,Rectangle,16PT C2S,Spot UV,Silk,Spot UV Front,4/0 (4 color front),5000,Score in Half,Moon Slits Right Panel,Yes 5000 Envelopes 6.5X6.5
Majestic,Silk,6 x 12,Vertical,Rectangle,16PT C2S,Spot UV,Silk,Spot UV Front,4/0 (4 color front),10000,Score in Half,Slide Slits Right Panel,Yes 2500 Envelopes 6.5X6.5
Majestic,Silk,6 x 12,Horizontal,Rectangle,16PT C2S,Spot UV,Silk,Spot UV Front,4/0 (4 color front),1000,Score in Half,No Gift Cards Slits,Yes 1000 Envelopes 6.5X6.5
Majestic,Silk,6 x 12,Horizontal,Rectangle,16PT C2S,Spot UV,Silk,Spot UV Front,4/0 (4 color front),10000,Score in Half,Slide Slits Right Panel,Yes 2500 Envelopes 6.5X6.5
Majestic,Silk,6 x 12,Horizontal,Rectangle,16PT C2S,Spot UV,Silk,Spot UV Front,4/0 (4 color front),10000,Score in Half,Moon Slits Right Panel,Yes 5000 Envelopes 6.5X6.5
Majestic,Silk,6 x 12,Horizontal,Rectangle,16PT C2S,Spot UV,Silk,Spot UV Front,4/0 (4 color front),500,Score in Half,No Gift Cards Slits,Yes 5000 Envelopes 6.5X6.5
Majestic,Silk,6 x 12,Vertical,Rectangle,16PT C2S,Spot UV,Silk,Spot UV Front,4/0 (4 color front),10000,Score in Half,Moon Slits Right Panel,Yes 5000 Envelopes 6.5X6.5
Majestic,Silk,6 x 12,Vertical,Rectangle,16PT C2S,Spot UV,Silk,Spot UV Front,4/0 (4 color front),500,Score in Half,No Gift Cards Slits,Yes 5000 Envelopes 6.5X6.5
Majestic,Silk,6 x 12,Vertical,Rectangle,16PT C2S,Spot UV,Silk,Spot UV Front,4/0 (4 color front),10000,Score in Half,Moon Slits Bottom Panel,Yes 5000 Envelopes 6.5X6.5
Majestic,Silk,6 x 12,Horizontal,Rectangle,16PT C2S,Spot UV,Silk,Spot UV Front,4/0 (4 color front),1000,Score in Half,No Gift Cards Slits,Yes 5000 Envelopes 6.5X6.5
Majestic,Silk,6 x 12,Horizontal,Rectangle,16PT C2S,Spot UV,Silk,Spot UV Front,4/0 (4 color front),2500,Score in Half,No Gift Cards Slits,Yes 5000 Envelopes 6.5X6.5
Majestic,Silk,6 x 12,Vertical,Rectangle,16PT C2S,Spot UV,Silk,Spot UV Front,4/0 (4 color front),1000,Score in Half,No Gift Cards Slits,Yes 5000 Envelopes 6.5X6.5
Majestic,Silk,6 x 12,Horizontal,Rectangle,16PT C2S,Spot UV,Silk,Spot UV Front,4/0 (4 color front),5000,Score in Half,No Gift Cards Slits,Yes 5000 Envelopes 6.5X6.5
Majestic,Silk,6 x 12,Vertical,Rectangle,16PT C2S,Spot UV,Silk,Spot UV Front,4/0 (4 color front),2500,Score in Half,No Gift Cards Slits,Yes 5000 Envelopes 6.5X6.5
Majestic,Silk,6 x 12,Vertical,Rectangle,16PT C2S,Spot UV,Silk,Spot UV Front,4/0 (4 color front),10000,Score in Half,No Gift Cards Slits,Yes 5000 Envelopes 6.5X6.5
Majestic,Silk,6 x 12,Vertical,Rectangle,16PT C2S,Spot UV,Silk,Spot UV Front,4/0 (4 color front),5000,Score in Half,No Gift Cards Slits,Yes 5000 Envelopes 6.5X6.5
Majestic,Silk,6 x 12,Horizontal,Rectangle,16PT C2S,Spot UV,Silk,Spot UV Front,4/0 (4 color front),2500,Score in Half,Moon Slits Right Panel,Yes 5000 Envelopes 6.5X6.5
Majestic,Silk,6 x 12,Horizontal,Rectangle,16PT C2S,Spot UV,Silk,Spot UV Front,4/0 (4 color front),500,Score in Half,Slide Slits Bottom Panel,Yes 5000 Envelopes 6.5X6.5
Majestic,Silk,6 x 12,Vertical,Rectangle,16PT C2S,Spot UV,Silk,Spot UV Front,4/0 (4 color front),500,Score in Half,Slide Slits Bottom Panel,Yes 5000 Envelopes 6.5X6.5
Majestic,Silk,6 x 12,Vertical,Rectangle,16PT C2S,Spot UV,Silk,Spot UV Front,4/0 (4 color front),1000,Score in Half,Slide Slits Bottom Panel,Yes 5000 Envelopes 6.5X6.5
Majestic,Silk,6 x 12,Horizontal,Rectangle,16PT C2S,Spot UV,Silk,Spot UV Front,4/0 (4 color front),2500,Score in Half,Slide Slits Bottom Panel,Yes 5000 Envelopes 6.5X6.5
Majestic,Silk,6 x 12,Horizontal,Rectangle,16PT C2S,Spot UV,Silk,Spot UV Front,4/0 (4 color front),1000,Score in Half,Slide Slits Bottom Panel,Yes 5000 Envelopes 6.5X6.5
Majestic,Silk,6 x 12,Horizontal,Rectangle,16PT C2S,Spot UV,Silk,Spot UV Front,4/0 (4 color front),10000,Score in Half,No Gift Cards Slits,Yes 5000 Envelopes 6.5X6.5
Majestic,Silk,6 x 12,Vertical,Rectangle,16PT C2S,Spot UV,Silk,Spot UV Front,4/0 (4 color front),5000,Score in Half,Slide Slits Bottom Panel,Yes 5000 Envelopes 6.5X6.5
Majestic,Silk,6 x 12,Vertical,Rectangle,16PT C2S,Spot UV,Silk,Spot UV Front,4/0 (4 color front),2500,Score in Half,Slide Slits Bottom Panel,Yes 5000 Envelopes 6.5X6.5
Majestic,Silk,6 x 12,Horizontal,Rectangle,16PT C2S,Spot UV,Silk,Spot UV Front,4/0 (4 color front),10000,Score in Half,Slide Slits Bottom Panel,Yes 5000 Envelopes 6.5X6.5
Majestic,Silk,6 x 12,Vertical,Rectangle,16PT C2S,Spot UV,Silk,Spot UV Front,4/0 (4 color front),10000,Score in Half,Slide Slits Bottom Panel,Yes 5000 Envelopes 6.5X6.5
Majestic,Silk,6 x 12,Vertical,Rectangle,16PT C2S,Spot UV,Silk,Spot UV Front,4/0 (4 color front),2500,Score in Half,Moon Slits Right Panel,Yes 5000 Envelopes 6.5X6.5
Majestic,Silk,6 x 12,Horizontal,Rectangle,16PT C2S,Spot UV,Silk,Spot UV Front,4/0 (4 color front),5000,Score in Half,Slide Slits Bottom Panel,Yes 5000 Envelopes 6.5X6.5
Majestic,Silk,6 x 12,Horizontal,Rectangle,16PT C2S,Spot UV,Silk,Spot UV Front,4/0 (4 color front),500,Score in Half,Slide Slits Right Panel,Yes 5000 Envelopes 6.5X6.5
Majestic,Silk,6 x 12,Horizontal,Rectangle,16PT C2S,Spot UV,Silk,Spot UV Front,4/0 (4 color front),2500,Score in Half,Slide Slits Right Panel,Yes 5000 Envelopes 6.5X6.5
Majestic,Silk,6 x 12,Vertical,Rectangle,16PT C2S,Spot UV,Silk,Spot UV Front,4/0 (4 color front),1000,Score in Half,Slide Slits Right Panel,Yes 5000 Envelopes 6.5X6.5
Majestic,Silk,6 x 12,Vertical,Rectangle,16PT C2S,Spot UV,Silk,Spot UV Front,4/0 (4 color front),2500,Score in Half,Slide Slits Right Panel,Yes 5000 Envelopes 6.5X6.5
Majestic,Silk,6 x 12,Vertical,Rectangle,16PT C2S,Spot UV,Silk,Spot UV Front,4/0 (4 color front),5000,Score in Half,Slide Slits Right Panel,Yes 5000 Envelopes 6.5X6.5
Majestic,Silk,6 x 12,Horizontal,Rectangle,16PT C2S,Spot UV,Silk,Spot UV Front,4/0 (4 color front),5000,Score in Half,Slide Slits Right Panel,Yes 5000 Envelopes 6.5X6.5
Majestic,Silk,6 x 12,Horizontal,Rectangle,16PT C2S,Spot UV,Silk,Spot UV Front,4/0 (4 color front),10000,Score in Half,Slide Slits Right Panel,Yes 5000 Envelopes 6.5X6.5
Majestic,Silk,6 x 12,Vertical,Rectangle,16PT C2S,Spot UV,Silk,Spot UV Front,4/0 (4 color front),10000,Score in Half,Slide Slits Right Panel,Yes 5000 Envelopes 6.5X6.5
Majestic,Silk,6 x 12,Horizontal,Rectangle,16PT C2S,Spot UV,Silk,Spot UV Front,4/0 (4 color front),500,Score in Half,Moon Slits Bottom Panel,Yes 10000 Envelopes 6.5X6.5
Majestic,Silk,6 x 12,Vertical,Rectangle,16PT C2S,Spot UV,Silk,Spot UV Front,4/0 (4 color front),500,Score in Half,Moon Slits Bottom Panel,Yes 10000 Envelopes 6.5X6.5
Majestic,Silk,6 x 12,Horizontal,Rectangle,16PT C2S,Spot UV,Silk,Spot UV Front,4/0 (4 color front),1000,Score in Half,Moon Slits Bottom Panel,Yes 10000 Envelopes 6.5X6.5
Majestic,Silk,6 x 12,Vertical,Rectangle,16PT C2S,Spot UV,Silk,Spot UV Front,4/0 (4 color front),1000,Score in Half,Moon Slits Bottom Panel,Yes 10000 Envelopes 6.5X6.5
Majestic,Silk,6 x 12,Horizontal,Rectangle,16PT C2S,Spot UV,Silk,Spot UV Front,4/0 (4 color front),1000,Score in Half,Slide Slits Right Panel,Yes 5000 Envelopes 6.5X6.5
Majestic,Silk,6 x 12,Vertical,Rectangle,16PT C2S,Spot UV,Silk,Spot UV Front,4/0 (4 color front),5000,Score in Half,Moon Slits Bottom Panel,Yes 10000 Envelopes 6.5X6.5
Majestic,Silk,6 x 12,Horizontal,Rectangle,16PT C2S,Spot UV,Silk,Spot UV Front,4/0 (4 color front),10000,Score in Half,Moon Slits Bottom Panel,Yes 10000 Envelopes 6.5X6.5
Majestic,Silk,6 x 12,Vertical,Rectangle,16PT C2S,Spot UV,Silk,Spot UV Front,4/0 (4 color front),2500,Score in Half,Moon Slits Bottom Panel,Yes 10000 Envelopes 6.5X6.5
Majestic,Silk,6 x 12,Horizontal,Rectangle,16PT C2S,Spot UV,Silk,Spot UV Front,4/0 (4 color front),5000,Score in Half,Moon Slits Bottom Panel,Yes 10000 Envelopes 6.5X6.5
Majestic,Silk,6 x 12,Horizontal,Rectangle,16PT C2S,Spot UV,Silk,Spot UV Front,4/0 (4 color front),500,Score in Half,Moon Slits Right Panel,Yes 10000 Envelopes 6.5X6.5
Majestic,Silk,6 x 12,Vertical,Rectangle,16PT C2S,Spot UV,Silk,Spot UV Front,4/0 (4 color front),10000,Score in Half,Moon Slits Bottom Panel,Yes 10000 Envelopes 6.5X6.5
Majestic,Silk,6 x 12,Horizontal,Rectangle,16PT C2S,Spot UV,Silk,Spot UV Front,4/0 (4 color front),1000,Score in Half,Moon Slits Right Panel,Yes 10000 Envelopes 6.5X6.5
Majestic,Silk,6 x 12,Vertical,Rectangle,16PT C2S,Spot UV,Silk,Spot UV Front,4/0 (4 color front),500,Score in Half,Moon Slits Right Panel,Yes 10000 Envelopes 6.5X6.5
Majestic,Silk,6 x 12,Vertical,Rectangle,16PT C2S,Spot UV,Silk,Spot UV Front,4/0 (4 color front),1000,Score in Half,Moon Slits Right Panel,Yes 10000 Envelopes 6.5X6.5
Majestic,Silk,6 x 12,Horizontal,Rectangle,16PT C2S,Spot UV,Silk,Spot UV Front,4/0 (4 color front),2500,Score in Half,Moon Slits Right Panel,Yes 10000 Envelopes 6.5X6.5
Majestic,Silk,6 x 12,Vertical,Rectangle,16PT C2S,Spot UV,Silk,Spot UV Front,4/0 (4 color front),2500,Score in Half,Moon Slits Right Panel,Yes 10000 Envelopes 6.5X6.5
Majestic,Silk,6 x 12,Horizontal,Rectangle,16PT C2S,Spot UV,Silk,Spot UV Front,4/0 (4 color front),5000,Score in Half,Moon Slits Right Panel,Yes 10000 Envelopes 6.5X6.5
Majestic,Silk,6 x 12,Vertical,Rectangle,16PT C2S,Spot UV,Silk,Spot UV Front,4/0 (4 color front),5000,Score in Half,Moon Slits Right Panel,Yes 10000 Envelopes 6.5X6.5
Majestic,Silk,6 x 12,Vertical,Rectangle,16PT C2S,Spot UV,Silk,Spot UV Front,4/0 (4 color front),10000,Score in Half,Moon Slits Right Panel,Yes 10000 Envelopes 6.5X6.5
Majestic,Silk,6 x 12,Horizontal,Rectangle,16PT C2S,Spot UV,Silk,Spot UV Front,4/0 (4 color front),10000,Score in Half,Moon Slits Right Panel,Yes 10000 Envelopes 6.5X6.5
Majestic,Silk,6 x 12,Vertical,Rectangle,16PT C2S,Spot UV,Silk,Spot UV Front,4/0 (4 color front),500,Score in Half,No Gift Cards Slits,Yes 10000 Envelopes 6.5X6.5
Majestic,Silk,6 x 12,Horizontal,Rectangle,16PT C2S,Spot UV,Silk,Spot UV Front,4/0 (4 color front),1000,Score in Half,No Gift Cards Slits,Yes 10000 Envelopes 6.5X6.5
Majestic,Silk,6 x 12,Vertical,Rectangle,16PT C2S,Spot UV,Silk,Spot UV Front,4/0 (4 color front),1000,Score in Half,No Gift Cards Slits,Yes 10000 Envelopes 6.5X6.5
Majestic,Silk,6 x 12,Horizontal,Rectangle,16PT C2S,Spot UV,Silk,Spot UV Front,4/0 (4 color front),500,Score in Half,No Gift Cards Slits,Yes 10000 Envelopes 6.5X6.5
Majestic,Silk,6 x 12,Horizontal,Rectangle,16PT C2S,Spot UV,Silk,Spot UV Front,4/0 (4 color front),2500,Score in Half,No Gift Cards Slits,Yes 10000 Envelopes 6.5X6.5
Majestic,Silk,6 x 12,Vertical,Rectangle,16PT C2S,Spot UV,Silk,Spot UV Front,4/0 (4 color front),2500,Score in Half,No Gift Cards Slits,Yes 10000 Envelopes 6.5X6.5
Majestic,Silk,6 x 12,Horizontal,Rectangle,16PT C2S,Spot UV,Silk,Spot UV Front,4/0 (4 color front),5000,Score in Half,No Gift Cards Slits,Yes 10000 Envelopes 6.5X6.5
Majestic,Silk,6 x 12,Horizontal,Rectangle,16PT C2S,Spot UV,Silk,Spot UV Front,4/0 (4 color front),10000,Score in Half,No Gift Cards Slits,Yes 10000 Envelopes 6.5X6.5
Majestic,Silk,6 x 12,Vertical,Rectangle,16PT C2S,Spot UV,Silk,Spot UV Front,4/0 (4 color front),5000,Score in Half,No Gift Cards Slits,Yes 10000 Envelopes 6.5X6.5
Majestic,Silk,6 x 12,Vertical,Rectangle,16PT C2S,Spot UV,Silk,Spot UV Front,4/0 (4 color front),10000,Score in Half,No Gift Cards Slits,Yes 10000 Envelopes 6.5X6.5
Majestic,Silk,6 x 12,Vertical,Rectangle,16PT C2S,Spot UV,Silk,Spot UV Front,4/0 (4 color front),500,Score in Half,Slide Slits Right Panel,Yes 5000 Envelopes 6.5X6.5
Majestic,Silk,6 x 12,Vertical,Rectangle,16PT C2S,Spot UV,Silk,Spot UV Front,4/0 (4 color front),500,Score in Half,Slide Slits Bottom Panel,Yes 10000 Envelopes 6.5X6.5
Majestic,Silk,6 x 12,Vertical,Rectangle,16PT C2S,Spot UV,Silk,Spot UV Front,4/0 (4 color front),1000,Score in Half,Slide Slits Bottom Panel,Yes 10000 Envelopes 6.5X6.5
Majestic,Silk,6 x 12,Horizontal,Rectangle,16PT C2S,Spot UV,Silk,Spot UV Front,4/0 (4 color front),500,Score in Half,Slide Slits Bottom Panel,Yes 10000 Envelopes 6.5X6.5
Majestic,Silk,6 x 12,Horizontal,Rectangle,16PT C2S,Spot UV,Silk,Spot UV Front,4/0 (4 color front),2500,Score in Half,Moon Slits Bottom Panel,Yes 10000 Envelopes 6.5X6.5
Majestic,Silk,6 x 12,Vertical,Rectangle,16PT C2S,Spot UV,Silk,Spot UV Front,4/0 (4 color front),5000,Score in Half,Moon Slits Right Panel,Yes 5000 Envelopes 6.5X6.5
Majestic,Silk,6 x 12,Horizontal,Rectangle,16PT C2S,Spot UV,Silk,Spot UV Front,4/0 (4 color front),5000,Score in Half,Slide Slits Bottom Panel,Yes 10000 Envelopes 6.5X6.5
Majestic,Silk,6 x 12,Vertical,Rectangle,16PT C2S,Spot UV,Silk,Spot UV Front,4/0 (4 color front),5000,Score in Half,Slide Slits Bottom Panel,Yes 10000 Envelopes 6.5X6.5
Majestic,Silk,6 x 12,Horizontal,Rectangle,16PT C2S,Spot UV,Silk,Spot UV Front,4/0 (4 color front),1000,Score in Half,Slide Slits Bottom Panel,Yes 10000 Envelopes 6.5X6.5
Majestic,Silk,6 x 12,Horizontal,Rectangle,16PT C2S,Spot UV,Silk,Spot UV Front,4/0 (4 color front),500,Score in Half,Slide Slits Right Panel,Yes 10000 Envelopes 6.5X6.5
Majestic,Silk,6 x 12,Vertical,Rectangle,16PT C2S,Spot UV,Silk,Spot UV Front,4/0 (4 color front),10000,Score in Half,Slide Slits Bottom Panel,Yes 10000 Envelopes 6.5X6.5
Majestic,Silk,6 x 12,Horizontal,Rectangle,16PT C2S,Spot UV,Silk,Spot UV Front,4/0 (4 color front),10000,Score in Half,Slide Slits Bottom Panel,Yes 10000 Envelopes 6.5X6.5
Majestic,Silk,6 x 12,Horizontal,Rectangle,16PT C2S,Spot UV,Silk,Spot UV Front,4/0 (4 color front),1000,Score in Half,Slide Slits Right Panel,Yes 10000 Envelopes 6.5X6.5
Majestic,Silk,6 x 12,Vertical,Rectangle,16PT C2S,Spot UV,Silk,Spot UV Front,4/0 (4 color front),1000,Score in Half,Slide Slits Right Panel,Yes 10000 Envelopes 6.5X6.5
Majestic,Silk,6 x 12,Vertical,Rectangle,16PT C2S,Spot UV,Silk,Spot UV Front,4/0 (4 color front),2500,Score in Half,Slide Slits Right Panel,Yes 10000 Envelopes 6.5X6.5
Majestic,Silk,6 x 12,Horizontal,Rectangle,16PT C2S,Spot UV,Silk,Spot UV Front,4/0 (4 color front),5000,Score in Half,Slide Slits Right Panel,Yes 10000 Envelopes 6.5X6.5
Majestic,Silk,6 x 12,Horizontal,Rectangle,16PT C2S,Spot UV,Silk,Spot UV Front,4/0 (4 color front),2500,Score in Half,Slide Slits Right Panel,Yes 10000 Envelopes 6.5X6.5
Majestic,Silk,6 x 12,Vertical,Rectangle,16PT C2S,Spot UV,Silk,Spot UV Front,4/0 (4 color front),5000,Score in Half,Slide Slits Right Panel,Yes 10000 Envelopes 6.5X6.5
Majestic,Silk,6 x 12,Horizontal,Rectangle,16PT C2S,Spot UV,Silk,Spot UV Front,4/0 (4 color front),10000,Score in Half,Slide Slits Right Panel,Yes 10000 Envelopes 6.5X6.5
Majestic,Silk,6 x 12,Vertical,Rectangle,16PT C2S,Spot UV,Silk,Spot UV Front,4/0 (4 color front),10000,Score in Half,Slide Slits Right Panel,Yes 10000 Envelopes 6.5X6.5
Majestic,Silk,7 x 10,Horizontal,Rectangle,16PT C2S,Spot UV,Silk,Spot UV Front,4/1,500,Score in Half,Moon Slits Bottom Panel,Yes 500 Envelopes A7
Majestic,Silk,7 x 10,Vertical,Rectangle,16PT C2S,Spot UV,Silk,Spot UV Front,4/1,500,Score in Half,Moon Slits Bottom Panel,Yes 500 Envelopes A7
Majestic,Silk,7 x 10,Horizontal,Rectangle,16PT C2S,Spot UV,Silk,Spot UV Back,4/1,500,Score in Half,Moon Slits Bottom Panel,Yes 500 Envelopes A7
Majestic,Silk,7 x 10,Vertical,Rectangle,16PT C2S,Spot UV,Silk,Spot UV Both Sides,4/1,500,Score in Half,Moon Slits Bottom Panel,Yes 500 Envelopes A7
Majestic,Silk,7 x 10,Horizontal,Rectangle,16PT C2S,Spot UV,Silk,Spot UV Both Sides,4/1,500,Score in Half,Moon Slits Bottom Panel,Yes 500 Envelopes A7
Majestic,Silk,7 x 10,Vertical,Rectangle,16PT C2S,Spot UV,Silk,Spot UV Back,4/1,500,Score in Half,Moon Slits Bottom Panel,Yes 500 Envelopes A7
Majestic,Silk,7 x 10,Vertical,Rectangle,16PT C2S,Spot UV,Silk,Spot UV Front,4/4 (4 color both sides),500,Score in Half,Moon Slits Bottom Panel,Yes 500 Envelopes A7
Majestic,Silk,7 x 10,Horizontal,Rectangle,16PT C2S,Spot UV,Silk,Spot UV Back,4/4 (4 color both sides),500,Score in Half,Moon Slits Bottom Panel,Yes 500 Envelopes A7
Majestic,Silk,7 x 10,Horizontal,Rectangle,16PT C2S,Spot UV,Silk,Spot UV Front,4/4 (4 color both sides),500,Score in Half,Moon Slits Bottom Panel,Yes 500 Envelopes A7
Majestic,Silk,7 x 10,Vertical,Rectangle,16PT C2S,Spot UV,Silk,Spot UV Back,4/4 (4 color both sides),500,Score in Half,Moon Slits Bottom Panel,Yes 500 Envelopes A7
Majestic,Silk,6 x 12,Vertical,Rectangle,16PT C2S,Spot UV,Silk,Spot UV Front,4/0 (4 color front),500,Score in Half,Slide Slits Right Panel,Yes 10000 Envelopes 6.5X6.5
Majestic,Silk,6 x 12,Vertical,Rectangle,16PT C2S,Spot UV,Silk,Spot UV Front,4/0 (4 color front),2500,Score in Half,Slide Slits Bottom Panel,Yes 10000 Envelopes 6.5X6.5
Majestic,Silk,7 x 10,Horizontal,Rectangle,16PT C2S,Spot UV,Silk,Spot UV Front,4/1,1000,Score in Half,Moon Slits Bottom Panel,Yes 500 Envelopes A7
Majestic,Silk,7 x 10,Vertical,Rectangle,16PT C2S,Spot UV,Silk,Spot UV Front,4/1,1000,Score in Half,Moon Slits Bottom Panel,Yes 500 Envelopes A7
Majestic,Silk,7 x 10,Vertical,Rectangle,16PT C2S,Spot UV,Silk,Spot UV Both Sides,4/4 (4 color both sides),500,Score in Half,Moon Slits Bottom Panel,Yes 500 Envelopes A7
Majestic,Silk,7 x 10,Horizontal,Rectangle,16PT C2S,Spot UV,Silk,Spot UV Both Sides,4/4 (4 color both sides),500,Score in Half,Moon Slits Bottom Panel,Yes 500 Envelopes A7
Majestic,Silk,6 x 12,Horizontal,Rectangle,16PT C2S,Spot UV,Silk,Spot UV Front,4/0 (4 color front),2500,Score in Half,Slide Slits Bottom Panel,Yes 10000 Envelopes 6.5X6.5
Majestic,Silk,7 x 10,Vertical,Rectangle,16PT C2S,Spot UV,Silk,Spot UV Both Sides,4/1,1000,Score in Half,Moon Slits Bottom Panel,Yes 500 Envelopes A7
Majestic,Silk,7 x 10,Horizontal,Rectangle,16PT C2S,Spot UV,Silk,Spot UV Front,4/4 (4 color both sides),1000,Score in Half,Moon Slits Bottom Panel,Yes 500 Envelopes A7
Majestic,Silk,7 x 10,Vertical,Rectangle,16PT C2S,Spot UV,Silk,Spot UV Front,4/4 (4 color both sides),1000,Score in Half,Moon Slits Bottom Panel,Yes 500 Envelopes A7
Majestic,Silk,7 x 10,Horizontal,Rectangle,16PT C2S,Spot UV,Silk,Spot UV Back,4/4 (4 color both sides),1000,Score in Half,Moon Slits Bottom Panel,Yes 500 Envelopes A7
Majestic,Silk,7 x 10,Vertical,Rectangle,16PT C2S,Spot UV,Silk,Spot UV Back,4/4 (4 color both sides),1000,Score in Half,Moon Slits Bottom Panel,Yes 500 Envelopes A7
Majestic,Silk,7 x 10,Horizontal,Rectangle,16PT C2S,Spot UV,Silk,Spot UV Both Sides,4/4 (4 color both sides),1000,Score in Half,Moon Slits Bottom Panel,Yes 500 Envelopes A7
Majestic,Silk,7 x 10,Horizontal,Rectangle,16PT C2S,Spot UV,Silk,Spot UV Back,4/1,1000,Score in Half,Moon Slits Bottom Panel,Yes 500 Envelopes A7
Majestic,Silk,7 x 10,Horizontal,Rectangle,16PT C2S,Spot UV,Silk,Spot UV Front,4/1,2500,Score in Half,Moon Slits Bottom Panel,Yes 500 Envelopes A7
Majestic,Silk,7 x 10,Vertical,Rectangle,16PT C2S,Spot UV,Silk,Spot UV Front,4/1,2500,Score in Half,Moon Slits Bottom Panel,Yes 500 Envelopes A7
Majestic,Silk,7 x 10,Horizontal,Rectangle,16PT C2S,Spot UV,Silk,Spot UV Back,4/1,2500,Score in Half,Moon Slits Bottom Panel,Yes 500 Envelopes A7
Majestic,Silk,7 x 10,Vertical,Rectangle,16PT C2S,Spot UV,Silk,Spot UV Back,4/1,1000,Score in Half,Moon Slits Bottom Panel,Yes 500 Envelopes A7
Majestic,Silk,7 x 10,Horizontal,Rectangle,16PT C2S,Spot UV,Silk,Spot UV Both Sides,4/1,2500,Score in Half,Moon Slits Bottom Panel,Yes 500 Envelopes A7
Majestic,Silk,7 x 10,Vertical,Rectangle,16PT C2S,Spot UV,Silk,Spot UV Both Sides,4/4 (4 color both sides),1000,Score in Half,Moon Slits Bottom Panel,Yes 500 Envelopes A7
Majestic,Silk,7 x 10,Horizontal,Rectangle,16PT C2S,Spot UV,Silk,Spot UV Front,4/4 (4 color both sides),2500,Score in Half,Moon Slits Bottom Panel,Yes 500 Envelopes A7
Majestic,Silk,7 x 10,Vertical,Rectangle,16PT C2S,Spot UV,Silk,Spot UV Front,4/4 (4 color both sides),2500,Score in Half,Moon Slits Bottom Panel,Yes 500 Envelopes A7
Majestic,Silk,7 x 10,Vertical,Rectangle,16PT C2S,Spot UV,Silk,Spot UV Both Sides,4/1,2500,Score in Half,Moon Slits Bottom Panel,Yes 500 Envelopes A7
Majestic,Silk,7 x 10,Horizontal,Rectangle,16PT C2S,Spot UV,Silk,Spot UV Back,4/4 (4 color both sides),2500,Score in Half,Moon Slits Bottom Panel,Yes 500 Envelopes A7
Majestic,Silk,7 x 10,Vertical,Rectangle,16PT C2S,Spot UV,Silk,Spot UV Back,4/4 (4 color both sides),2500,Score in Half,Moon Slits Bottom Panel,Yes 500 Envelopes A7
Majestic,Silk,7 x 10,Horizontal,Rectangle,16PT C2S,Spot UV,Silk,Spot UV Both Sides,4/4 (4 color both sides),2500,Score in Half,Moon Slits Bottom Panel,Yes 500 Envelopes A7
Majestic,Silk,7 x 10,Horizontal,Rectangle,16PT C2S,Spot UV,Silk,Spot UV Front,4/1,5000,Score in Half,Moon Slits Bottom Panel,Yes 500 Envelopes A7
Majestic,Silk,7 x 10,Vertical,Rectangle,16PT C2S,Spot UV,Silk,Spot UV Front,4/1,5000,Score in Half,Moon Slits Bottom Panel,Yes 500 Envelopes A7
Majestic,Silk,7 x 10,Horizontal,Rectangle,16PT C2S,Spot UV,Silk,Spot UV Back,4/1,5000,Score in Half,Moon Slits Bottom Panel,Yes 500 Envelopes A7
Majestic,Silk,7 x 10,Horizontal,Rectangle,16PT C2S,Spot UV,Silk,Spot UV Both Sides,4/1,1000,Score in Half,Moon Slits Bottom Panel,Yes 500 Envelopes A7
Majestic,Silk,7 x 10,Horizontal,Rectangle,16PT C2S,Spot UV,Silk,Spot UV Both Sides,4/1,5000,Score in Half,Moon Slits Bottom Panel,Yes 500 Envelopes A7
Majestic,Silk,7 x 10,Vertical,Rectangle,16PT C2S,Spot UV,Silk,Spot UV Both Sides,4/1,5000,Score in Half,Moon Slits Bottom Panel,Yes 500 Envelopes A7
Majestic,Silk,7 x 10,Horizontal,Rectangle,16PT C2S,Spot UV,Silk,Spot UV Front,4/4 (4 color both sides),5000,Score in Half,Moon Slits Bottom Panel,Yes 500 Envelopes A7
Majestic,Silk,7 x 10,Vertical,Rectangle,16PT C2S,Spot UV,Silk,Spot UV Front,4/4 (4 color both sides),5000,Score in Half,Moon Slits Bottom Panel,Yes 500 Envelopes A7
Majestic,Silk,7 x 10,Vertical,Rectangle,16PT C2S,Spot UV,Silk,Spot UV Back,4/4 (4 color both sides),5000,Score in Half,Moon Slits Bottom Panel,Yes 500 Envelopes A7
Majestic,Silk,7 x 10,Horizontal,Rectangle,16PT C2S,Spot UV,Silk,Spot UV Both Sides,4/4 (4 color both sides),5000,Score in Half,Moon Slits Bottom Panel,Yes 500 Envelopes A7
Majestic,Silk,7 x 10,Vertical,Rectangle,16PT C2S,Spot UV,Silk,Spot UV Both Sides,4/4 (4 color both sides),5000,Score in Half,Moon Slits Bottom Panel,Yes 500 Envelopes A7
Majestic,Silk,7 x 10,Horizontal,Rectangle,16PT C2S,Spot UV,Silk,Spot UV Back,4/4 (4 color both sides),5000,Score in Half,Moon Slits Bottom Panel,Yes 500 Envelopes A7
Majestic,Silk,7 x 10,Vertical,Rectangle,16PT C2S,Spot UV,Silk,Spot UV Front,4/1,10000,Score in Half,Moon Slits Bottom Panel,Yes 500 Envelopes A7
Majestic,Silk,7 x 10,Horizontal,Rectangle,16PT C2S,Spot UV,Silk,Spot UV Back,4/1,10000,Score in Half,Moon Slits Bottom Panel,Yes 500 Envelopes A7
Majestic,Silk,7 x 10,Vertical,Rectangle,16PT C2S,Spot UV,Silk,Spot UV Back,4/1,10000,Score in Half,Moon Slits Bottom Panel,Yes 500 Envelopes A7
Majestic,Silk,7 x 10,Horizontal,Rectangle,16PT C2S,Spot UV,Silk,Spot UV Front,4/1,10000,Score in Half,Moon Slits Bottom Panel,Yes 500 Envelopes A7
Majestic,Silk,7 x 10,Vertical,Rectangle,16PT C2S,Spot UV,Silk,Spot UV Both Sides,4/4 (4 color both sides),2500,Score in Half,Moon Slits Bottom Panel,Yes 500 Envelopes A7
Majestic,Silk,7 x 10,Vertical,Rectangle,16PT C2S,Spot UV,Silk,Spot UV Both Sides,4/1,10000,Score in Half,Moon Slits Bottom Panel,Yes 500 Envelopes A7
Majestic,Silk,7 x 10,Horizontal,Rectangle,16PT C2S,Spot UV,Silk,Spot UV Front,4/4 (4 color both sides),10000,Score in Half,Moon Slits Bottom Panel,Yes 500 Envelopes A7
Majestic,Silk,7 x 10,Horizontal,Rectangle,16PT C2S,Spot UV,Silk,Spot UV Back,4/4 (4 color both sides),10000,Score in Half,Moon Slits Bottom Panel,Yes 500 Envelopes A7
Majestic,Silk,7 x 10,Vertical,Rectangle,16PT C2S,Spot UV,Silk,Spot UV Front,4/4 (4 color both sides),10000,Score in Half,Moon Slits Bottom Panel,Yes 500 Envelopes A7
Majestic,Silk,7 x 10,Vertical,Rectangle,16PT C2S,Spot UV,Silk,Spot UV Back,4/4 (4 color both sides),10000,Score in Half,Moon Slits Bottom Panel,Yes 500 Envelopes A7
Majestic,Silk,7 x 10,Horizontal,Rectangle,16PT C2S,Spot UV,Silk,Spot UV Both Sides,4/4 (4 color both sides),10000,Score in Half,Moon Slits Bottom Panel,Yes 500 Envelopes A7
Majestic,Silk,7 x 10,Vertical,Rectangle,16PT C2S,Spot UV,Silk,Spot UV Both Sides,4/4 (4 color both sides),10000,Score in Half,Moon Slits Bottom Panel,Yes 500 Envelopes A7
Majestic,Silk,7 x 10,Horizontal,Rectangle,16PT C2S,Spot UV,Silk,Spot UV Front,4/1,500,Score in Half,Moon Slits Right Panel,Yes 500 Envelopes A7
Majestic,Silk,7 x 10,Vertical,Rectangle,16PT C2S,Spot UV,Silk,Spot UV Front,4/1,500,Score in Half,Moon Slits Right Panel,Yes 500 Envelopes A7
Majestic,Silk,7 x 10,Horizontal,Rectangle,16PT C2S,Spot UV,Silk,Spot UV Back,4/1,500,Score in Half,Moon Slits Right Panel,Yes 500 Envelopes A7
Majestic,Silk,7 x 10,Vertical,Rectangle,16PT C2S,Spot UV,Silk,Spot UV Back,4/1,500,Score in Half,Moon Slits Right Panel,Yes 500 Envelopes A7
Majestic,Silk,7 x 10,Horizontal,Rectangle,16PT C2S,Spot UV,Silk,Spot UV Both Sides,4/1,10000,Score in Half,Moon Slits Bottom Panel,Yes 500 Envelopes A7
Majestic,Silk,7 x 10,Vertical,Rectangle,16PT C2S,Spot UV,Silk,Spot UV Back,4/1,2500,Score in Half,Moon Slits Bottom Panel,Yes 500 Envelopes A7
Majestic,Silk,7 x 10,Horizontal,Rectangle,16PT C2S,Spot UV,Silk,Spot UV Front,4/4 (4 color both sides),500,Score in Half,Moon Slits Right Panel,Yes 500 Envelopes A7
Majestic,Silk,7 x 10,Vertical,Rectangle,16PT C2S,Spot UV,Silk,Spot UV Front,4/4 (4 color both sides),500,Score in Half,Moon Slits Right Panel,Yes 500 Envelopes A7
Majestic,Silk,7 x 10,Horizontal,Rectangle,16PT C2S,Spot UV,Silk,Spot UV Back,4/4 (4 color both sides),500,Score in Half,Moon Slits Right Panel,Yes 500 Envelopes A7
Majestic,Silk,7 x 10,Vertical,Rectangle,16PT C2S,Spot UV,Silk,Spot UV Back,4/4 (4 color both sides),500,Score in Half,Moon Slits Right Panel,Yes 500 Envelopes A7
Majestic,Silk,7 x 10,Horizontal,Rectangle,16PT C2S,Spot UV,Silk,Spot UV Both Sides,4/4 (4 color both sides),500,Score in Half,Moon Slits Right Panel,Yes 500 Envelopes A7
Majestic,Silk,7 x 10,Vertical,Rectangle,16PT C2S,Spot UV,Silk,Spot UV Both Sides,4/4 (4 color both sides),500,Score in Half,Moon Slits Right Panel,Yes 500 Envelopes A7
Majestic,Silk,7 x 10,Horizontal,Rectangle,16PT C2S,Spot UV,Silk,Spot UV Front,4/1,1000,Score in Half,Moon Slits Right Panel,Yes 500 Envelopes A7
Majestic,Silk,7 x 10,Horizontal,Rectangle,16PT C2S,Spot UV,Silk,Spot UV Both Sides,4/1,500,Score in Half,Moon Slits Right Panel,Yes 500 Envelopes A7
Majestic,Silk,7 x 10,Vertical,Rectangle,16PT C2S,Spot UV,Silk,Spot UV Front,4/1,1000,Score in Half,Moon Slits Right Panel,Yes 500 Envelopes A7
Majestic,Silk,7 x 10,Vertical,Rectangle,16PT C2S,Spot UV,Silk,Spot UV Back,4/1,1000,Score in Half,Moon Slits Right Panel,Yes 500 Envelopes A7
Majestic,Silk,7 x 10,Horizontal,Rectangle,16PT C2S,Spot UV,Silk,Spot UV Both Sides,4/1,1000,Score in Half,Moon Slits Right Panel,Yes 500 Envelopes A7
Majestic,Silk,7 x 10,Vertical,Rectangle,16PT C2S,Spot UV,Silk,Spot UV Both Sides,4/1,1000,Score in Half,Moon Slits Right Panel,Yes 500 Envelopes A7
Majestic,Silk,7 x 10,Vertical,Rectangle,16PT C2S,Spot UV,Silk,Spot UV Back,4/1,5000,Score in Half,Moon Slits Bottom Panel,Yes 500 Envelopes A7
Majestic,Silk,7 x 10,Horizontal,Rectangle,16PT C2S,Spot UV,Silk,Spot UV Back,4/1,1000,Score in Half,Moon Slits Right Panel,Yes 500 Envelopes A7
Majestic,Silk,7 x 10,Horizontal,Rectangle,16PT C2S,Spot UV,Silk,Spot UV Back,4/4 (4 color both sides),1000,Score in Half,Moon Slits Right Panel,Yes 500 Envelopes A7
Majestic,Silk,7 x 10,Vertical,Rectangle,16PT C2S,Spot UV,Silk,Spot UV Back,4/4 (4 color both sides),1000,Score in Half,Moon Slits Right Panel,Yes 500 Envelopes A7
Majestic,Silk,7 x 10,Vertical,Rectangle,16PT C2S,Spot UV,Silk,Spot UV Both Sides,4/4 (4 color both sides),1000,Score in Half,Moon Slits Right Panel,Yes 500 Envelopes A7
Majestic,Silk,7 x 10,Vertical,Rectangle,16PT C2S,Spot UV,Silk,Spot UV Both Sides,4/1,500,Score in Half,Moon Slits Right Panel,Yes 500 Envelopes A7
Majestic,Silk,7 x 10,Horizontal,Rectangle,16PT C2S,Spot UV,Silk,Spot UV Front,4/1,2500,Score in Half,Moon Slits Right Panel,Yes 500 Envelopes A7
Majestic,Silk,7 x 10,Horizontal,Rectangle,16PT C2S,Spot UV,Silk,Spot UV Back,4/1,2500,Score in Half,Moon Slits Right Panel,Yes 500 Envelopes A7
Majestic,Silk,7 x 10,Vertical,Rectangle,16PT C2S,Spot UV,Silk,Spot UV Front,4/1,2500,Score in Half,Moon Slits Right Panel,Yes 500 Envelopes A7
Majestic,Silk,7 x 10,Vertical,Rectangle,16PT C2S,Spot UV,Silk,Spot UV Back,4/1,2500,Score in Half,Moon Slits Right Panel,Yes 500 Envelopes A7
Majestic,Silk,7 x 10,Horizontal,Rectangle,16PT C2S,Spot UV,Silk,Spot UV Both Sides,4/1,2500,Score in Half,Moon Slits Right Panel,Yes 500 Envelopes A7
Majestic,Silk,7 x 10,Horizontal,Rectangle,16PT C2S,Spot UV,Silk,Spot UV Both Sides,4/4 (4 color both sides),1000,Score in Half,Moon Slits Right Panel,Yes 500 Envelopes A7
Majestic,Silk,7 x 10,Horizontal,Rectangle,16PT C2S,Spot UV,Silk,Spot UV Front,4/4 (4 color both sides),1000,Score in Half,Moon Slits Right Panel,Yes 500 Envelopes A7
Majestic,Silk,7 x 10,Horizontal,Rectangle,16PT C2S,Spot UV,Silk,Spot UV Back,4/4 (4 color both sides),2500,Score in Half,Moon Slits Right Panel,Yes 500 Envelopes A7
Majestic,Silk,7 x 10,Vertical,Rectangle,16PT C2S,Spot UV,Silk,Spot UV Front,4/4 (4 color both sides),2500,Score in Half,Moon Slits Right Panel,Yes 500 Envelopes A7
Majestic,Silk,7 x 10,Vertical,Rectangle,16PT C2S,Spot UV,Silk,Spot UV Back,4/4 (4 color both sides),2500,Score in Half,Moon Slits Right Panel,Yes 500 Envelopes A7
Majestic,Silk,7 x 10,Vertical,Rectangle,16PT C2S,Spot UV,Silk,Spot UV Both Sides,4/4 (4 color both sides),2500,Score in Half,Moon Slits Right Panel,Yes 500 Envelopes A7
Majestic,Silk,7 x 10,Horizontal,Rectangle,16PT C2S,Spot UV,Silk,Spot UV Front,4/1,5000,Score in Half,Moon Slits Right Panel,Yes 500 Envelopes A7
Majestic,Silk,7 x 10,Horizontal,Rectangle,16PT C2S,Spot UV,Silk,Spot UV Back,4/1,5000,Score in Half,Moon Slits Right Panel,Yes 500 Envelopes A7
Majestic,Silk,7 x 10,Vertical,Rectangle,16PT C2S,Spot UV,Silk,Spot UV Back,4/1,5000,Score in Half,Moon Slits Right Panel,Yes 500 Envelopes A7
Majestic,Silk,7 x 10,Horizontal,Rectangle,16PT C2S,Spot UV,Silk,Spot UV Both Sides,4/1,5000,Score in Half,Moon Slits Right Panel,Yes 500 Envelopes A7
Majestic,Silk,7 x 10,Vertical,Rectangle,16PT C2S,Spot UV,Silk,Spot UV Front,4/1,5000,Score in Half,Moon Slits Right Panel,Yes 500 Envelopes A7
Majestic,Silk,7 x 10,Vertical,Rectangle,16PT C2S,Spot UV,Silk,Spot UV Both Sides,4/1,5000,Score in Half,Moon Slits Right Panel,Yes 500 Envelopes A7
Majestic,Silk,7 x 10,Horizontal,Rectangle,16PT C2S,Spot UV,Silk,Spot UV Front,4/4 (4 color both sides),5000,Score in Half,Moon Slits Right Panel,Yes 500 Envelopes A7
Majestic,Silk,7 x 10,Vertical,Rectangle,16PT C2S,Spot UV,Silk,Spot UV Front,4/4 (4 color both sides),5000,Score in Half,Moon Slits Right Panel,Yes 500 Envelopes A7
Majestic,Silk,7 x 10,Horizontal,Rectangle,16PT C2S,Spot UV,Silk,Spot UV Back,4/4 (4 color both sides),5000,Score in Half,Moon Slits Right Panel,Yes 500 Envelopes A7
Majestic,Silk,7 x 10,Vertical,Rectangle,16PT C2S,Spot UV,Silk,Spot UV Back,4/4 (4 color both sides),5000,Score in Half,Moon Slits Right Panel,Yes 500 Envelopes A7
Majestic,Silk,7 x 10,Horizontal,Rectangle,16PT C2S,Spot UV,Silk,Spot UV Both Sides,4/4 (4 color both sides),5000,Score in Half,Moon Slits Right Panel,Yes 500 Envelopes A7
Majestic,Silk,7 x 10,Vertical,Rectangle,16PT C2S,Spot UV,Silk,Spot UV Both Sides,4/4 (4 color both sides),5000,Score in Half,Moon Slits Right Panel,Yes 500 Envelopes A7
Majestic,Silk,7 x 10,Horizontal,Rectangle,16PT C2S,Spot UV,Silk,Spot UV Both Sides,4/4 (4 color both sides),2500,Score in Half,Moon Slits Right Panel,Yes 500 Envelopes A7
Majestic,Silk,7 x 10,Horizontal,Rectangle,16PT C2S,Spot UV,Silk,Spot UV Front,4/1,10000,Score in Half,Moon Slits Right Panel,Yes 500 Envelopes A7
Majestic,Silk,7 x 10,Horizontal,Rectangle,16PT C2S,Spot UV,Silk,Spot UV Back,4/1,10000,Score in Half,Moon Slits Right Panel,Yes 500 Envelopes A7
Majestic,Silk,7 x 10,Horizontal,Rectangle,16PT C2S,Spot UV,Silk,Spot UV Both Sides,4/1,10000,Score in Half,Moon Slits Right Panel,Yes 500 Envelopes A7
Majestic,Silk,7 x 10,Vertical,Rectangle,16PT C2S,Spot UV,Silk,Spot UV Front,4/1,10000,Score in Half,Moon Slits Right Panel,Yes 500 Envelopes A7
Majestic,Silk,7 x 10,Vertical,Rectangle,16PT C2S,Spot UV,Silk,Spot UV Back,4/1,10000,Score in Half,Moon Slits Right Panel,Yes 500 Envelopes A7
Majestic,Silk,7 x 10,Vertical,Rectangle,16PT C2S,Spot UV,Silk,Spot UV Both Sides,4/1,10000,Score in Half,Moon Slits Right Panel,Yes 500 Envelopes A7
Majestic,Silk,7 x 10,Horizontal,Rectangle,16PT C2S,Spot UV,Silk,Spot UV Front,4/4 (4 color both sides),2500,Score in Half,Moon Slits Right Panel,Yes 500 Envelopes A7
Majestic,Silk,7 x 10,Vertical,Rectangle,16PT C2S,Spot UV,Silk,Spot UV Front,4/4 (4 color both sides),1000,Score in Half,Moon Slits Right Panel,Yes 500 Envelopes A7
Majestic,Silk,7 x 10,Horizontal,Rectangle,16PT C2S,Spot UV,Silk,Spot UV Back,4/4 (4 color both sides),10000,Score in Half,Moon Slits Right Panel,Yes 500 Envelopes A7
Majestic,Silk,7 x 10,Vertical,Rectangle,16PT C2S,Spot UV,Silk,Spot UV Back,4/4 (4 color both sides),10000,Score in Half,Moon Slits Right Panel,Yes 500 Envelopes A7
Majestic,Silk,7 x 10,Vertical,Rectangle,16PT C2S,Spot UV,Silk,Spot UV Both Sides,4/4 (4 color both sides),10000,Score in Half,Moon Slits Right Panel,Yes 500 Envelopes A7
Majestic,Silk,7 x 10,Horizontal,Rectangle,16PT C2S,Spot UV,Silk,Spot UV Both Sides,4/4 (4 color both sides),10000,Score in Half,Moon Slits Right Panel,Yes 500 Envelopes A7
Majestic,Silk,7 x 10,Vertical,Rectangle,16PT C2S,Spot UV,Silk,Spot UV Front,4/4 (4 color both sides),10000,Score in Half,Moon Slits Right Panel,Yes 500 Envelopes A7
Majestic,Silk,7 x 10,Horizontal,Rectangle,16PT C2S,Spot UV,Silk,Spot UV Front,4/4 (4 color both sides),10000,Score in Half,Moon Slits Right Panel,Yes 500 Envelopes A7
Majestic,Silk,7 x 10,Vertical,Rectangle,16PT C2S,Spot UV,Silk,Spot UV Front,4/1,500,Score in Half,No Gift Cards Slits,Yes 500 Envelopes A7
Majestic,Silk,7 x 10,Horizontal,Rectangle,16PT C2S,Spot UV,Silk,Spot UV Front,4/1,500,Score in Half,No Gift Cards Slits,Yes 500 Envelopes A7
Majestic,Silk,7 x 10,Horizontal,Rectangle,16PT C2S,Spot UV,Silk,Spot UV Both Sides,4/1,500,Score in Half,No Gift Cards Slits,Yes 500 Envelopes A7
Majestic,Silk,7 x 10,Horizontal,Rectangle,16PT C2S,Spot UV,Silk,Spot UV Front,4/4 (4 color both sides),500,Score in Half,No Gift Cards Slits,Yes 500 Envelopes A7
Majestic,Silk,7 x 10,Vertical,Rectangle,16PT C2S,Spot UV,Silk,Spot UV Both Sides,4/1,500,Score in Half,No Gift Cards Slits,Yes 500 Envelopes A7
Majestic,Silk,7 x 10,Vertical,Rectangle,16PT C2S,Spot UV,Silk,Spot UV Front,4/4 (4 color both sides),500,Score in Half,No Gift Cards Slits,Yes 500 Envelopes A7
Majestic,Silk,7 x 10,Horizontal,Rectangle,16PT C2S,Spot UV,Silk,Spot UV Back,4/4 (4 color both sides),500,Score in Half,No Gift Cards Slits,Yes 500 Envelopes A7
Majestic,Silk,7 x 10,Horizontal,Rectangle,16PT C2S,Spot UV,Silk,Spot UV Both Sides,4/4 (4 color both sides),500,Score in Half,No Gift Cards Slits,Yes 500 Envelopes A7
Majestic,Silk,7 x 10,Vertical,Rectangle,16PT C2S,Spot UV,Silk,Spot UV Back,4/4 (4 color both sides),500,Score in Half,No Gift Cards Slits,Yes 500 Envelopes A7
Majestic,Silk,7 x 10,Vertical,Rectangle,16PT C2S,Spot UV,Silk,Spot UV Both Sides,4/4 (4 color both sides),500,Score in Half,No Gift Cards Slits,Yes 500 Envelopes A7
Majestic,Silk,7 x 10,Horizontal,Rectangle,16PT C2S,Spot UV,Silk,Spot UV Front,4/1,1000,Score in Half,No Gift Cards Slits,Yes 500 Envelopes A7
Majestic,Silk,7 x 10,Vertical,Rectangle,16PT C2S,Spot UV,Silk,Spot UV Front,4/1,1000,Score in Half,No Gift Cards Slits,Yes 500 Envelopes A7
Majestic,Silk,7 x 10,Horizontal,Rectangle,16PT C2S,Spot UV,Silk,Spot UV Back,4/1,1000,Score in Half,No Gift Cards Slits,Yes 500 Envelopes A7
Majestic,Silk,7 x 10,Vertical,Rectangle,16PT C2S,Spot UV,Silk,Spot UV Back,4/1,500,Score in Half,No Gift Cards Slits,Yes 500 Envelopes A7
Majestic,Silk,7 x 10,Horizontal,Rectangle,16PT C2S,Spot UV,Silk,Spot UV Both Sides,4/1,1000,Score in Half,No Gift Cards Slits,Yes 500 Envelopes A7
Majestic,Silk,7 x 10,Vertical,Rectangle,16PT C2S,Spot UV,Silk,Spot UV Both Sides,4/1,1000,Score in Half,No Gift Cards Slits,Yes 500 Envelopes A7
Majestic,Silk,7 x 10,Horizontal,Rectangle,16PT C2S,Spot UV,Silk,Spot UV Front,4/4 (4 color both sides),1000,Score in Half,No Gift Cards Slits,Yes 500 Envelopes A7
Majestic,Silk,7 x 10,Horizontal,Rectangle,16PT C2S,Spot UV,Silk,Spot UV Back,4/1,500,Score in Half,No Gift Cards Slits,Yes 500 Envelopes A7
Majestic,Silk,7 x 10,Horizontal,Rectangle,16PT C2S,Spot UV,Silk,Spot UV Back,4/4 (4 color both sides),1000,Score in Half,No Gift Cards Slits,Yes 500 Envelopes A7
Majestic,Silk,7 x 10,Vertical,Rectangle,16PT C2S,Spot UV,Silk,Spot UV Back,4/4 (4 color both sides),1000,Score in Half,No Gift Cards Slits,Yes 500 Envelopes A7
Majestic,Silk,7 x 10,Horizontal,Rectangle,16PT C2S,Spot UV,Silk,Spot UV Both Sides,4/4 (4 color both sides),1000,Score in Half,No Gift Cards Slits,Yes 500 Envelopes A7
Majestic,Silk,7 x 10,Horizontal,Rectangle,16PT C2S,Spot UV,Silk,Spot UV Front,4/1,2500,Score in Half,No Gift Cards Slits,Yes 500 Envelopes A7
Majestic,Silk,7 x 10,Vertical,Rectangle,16PT C2S,Spot UV,Silk,Spot UV Front,4/1,2500,Score in Half,No Gift Cards Slits,Yes 500 Envelopes A7
Majestic,Silk,7 x 10,Vertical,Rectangle,16PT C2S,Spot UV,Silk,Spot UV Both Sides,4/4 (4 color both sides),1000,Score in Half,No Gift Cards Slits,Yes 500 Envelopes A7
Majestic,Silk,7 x 10,Horizontal,Rectangle,16PT C2S,Spot UV,Silk,Spot UV Back,4/1,2500,Score in Half,No Gift Cards Slits,Yes 500 Envelopes A7
Majestic,Silk,7 x 10,Vertical,Rectangle,16PT C2S,Spot UV,Silk,Spot UV Back,4/1,2500,Score in Half,No Gift Cards Slits,Yes 500 Envelopes A7
Majestic,Silk,7 x 10,Horizontal,Rectangle,16PT C2S,Spot UV,Silk,Spot UV Both Sides,4/1,2500,Score in Half,No Gift Cards Slits,Yes 500 Envelopes A7
Majestic,Silk,7 x 10,Horizontal,Rectangle,16PT C2S,Spot UV,Silk,Spot UV Front,4/4 (4 color both sides),2500,Score in Half,No Gift Cards Slits,Yes 500 Envelopes A7
Majestic,Silk,7 x 10,Vertical,Rectangle,16PT C2S,Spot UV,Silk,Spot UV Front,4/4 (4 color both sides),2500,Score in Half,No Gift Cards Slits,Yes 500 Envelopes A7
Majestic,Silk,7 x 10,Vertical,Rectangle,16PT C2S,Spot UV,Silk,Spot UV Both Sides,4/1,2500,Score in Half,No Gift Cards Slits,Yes 500 Envelopes A7
Majestic,Silk,7 x 10,Horizontal,Rectangle,16PT C2S,Spot UV,Silk,Spot UV Back,4/4 (4 color both sides),2500,Score in Half,No Gift Cards Slits,Yes 500 Envelopes A7
Majestic,Silk,7 x 10,Vertical,Rectangle,16PT C2S,Spot UV,Silk,Spot UV Back,4/4 (4 color both sides),2500,Score in Half,No Gift Cards Slits,Yes 500 Envelopes A7
Majestic,Silk,7 x 10,Horizontal,Rectangle,16PT C2S,Spot UV,Silk,Spot UV Both Sides,4/4 (4 color both sides),2500,Score in Half,No Gift Cards Slits,Yes 500 Envelopes A7
Majestic,Silk,7 x 10,Horizontal,Rectangle,16PT C2S,Spot UV,Silk,Spot UV Front,4/1,5000,Score in Half,No Gift Cards Slits,Yes 500 Envelopes A7
Majestic,Silk,7 x 10,Vertical,Rectangle,16PT C2S,Spot UV,Silk,Spot UV Both Sides,4/4 (4 color both sides),2500,Score in Half,No Gift Cards Slits,Yes 500 Envelopes A7
Majestic,Silk,7 x 10,Vertical,Rectangle,16PT C2S,Spot UV,Silk,Spot UV Front,4/1,5000,Score in Half,No Gift Cards Slits,Yes 500 Envelopes A7
Majestic,Silk,7 x 10,Horizontal,Rectangle,16PT C2S,Spot UV,Silk,Spot UV Back,4/1,5000,Score in Half,No Gift Cards Slits,Yes 500 Envelopes A7
Majestic,Silk,7 x 10,Vertical,Rectangle,16PT C2S,Spot UV,Silk,Spot UV Back,4/1,5000,Score in Half,No Gift Cards Slits,Yes 500 Envelopes A7
Majestic,Silk,7 x 10,Vertical,Rectangle,16PT C2S,Spot UV,Silk,Spot UV Both Sides,4/1,5000,Score in Half,No Gift Cards Slits,Yes 500 Envelopes A7
Majestic,Silk,7 x 10,Horizontal,Rectangle,16PT C2S,Spot UV,Silk,Spot UV Front,4/4 (4 color both sides),5000,Score in Half,No Gift Cards Slits,Yes 500 Envelopes A7
Majestic,Silk,7 x 10,Vertical,Rectangle,16PT C2S,Spot UV,Silk,Spot UV Front,4/4 (4 color both sides),5000,Score in Half,No Gift Cards Slits,Yes 500 Envelopes A7
Majestic,Silk,7 x 10,Horizontal,Rectangle,16PT C2S,Spot UV,Silk,Spot UV Both Sides,4/1,5000,Score in Half,No Gift Cards Slits,Yes 500 Envelopes A7
Majestic,Silk,7 x 10,Vertical,Rectangle,16PT C2S,Spot UV,Silk,Spot UV Back,4/4 (4 color both sides),5000,Score in Half,No Gift Cards Slits,Yes 500 Envelopes A7
Majestic,Silk,7 x 10,Horizontal,Rectangle,16PT C2S,Spot UV,Silk,Spot UV Back,4/4 (4 color both sides),5000,Score in Half,No Gift Cards Slits,Yes 500 Envelopes A7
Majestic,Silk,7 x 10,Horizontal,Rectangle,16PT C2S,Spot UV,Silk,Spot UV Both Sides,4/4 (4 color both sides),5000,Score in Half,No Gift Cards Slits,Yes 500 Envelopes A7
Majestic,Silk,7 x 10,Horizontal,Rectangle,16PT C2S,Spot UV,Silk,Spot UV Front,4/1,10000,Score in Half,No Gift Cards Slits,Yes 500 Envelopes A7
Majestic,Silk,7 x 10,Vertical,Rectangle,16PT C2S,Spot UV,Silk,Spot UV Front,4/1,10000,Score in Half,No Gift Cards Slits,Yes 500 Envelopes A7
Majestic,Silk,7 x 10,Horizontal,Rectangle,16PT C2S,Spot UV,Silk,Spot UV Back,4/1,10000,Score in Half,No Gift Cards Slits,Yes 500 Envelopes A7
Majestic,Silk,7 x 10,Vertical,Rectangle,16PT C2S,Spot UV,Silk,Spot UV Both Sides,4/4 (4 color both sides),5000,Score in Half,No Gift Cards Slits,Yes 500 Envelopes A7
Majestic,Silk,7 x 10,Vertical,Rectangle,16PT C2S,Spot UV,Silk,Spot UV Back,4/1,10000,Score in Half,No Gift Cards Slits,Yes 500 Envelopes A7
Majestic,Silk,7 x 10,Vertical,Rectangle,16PT C2S,Spot UV,Silk,Spot UV Both Sides,4/1,10000,Score in Half,No Gift Cards Slits,Yes 500 Envelopes A7
Majestic,Silk,7 x 10,Horizontal,Rectangle,16PT C2S,Spot UV,Silk,Spot UV Both Sides,4/1,10000,Score in Half,No Gift Cards Slits,Yes 500 Envelopes A7
Majestic,Silk,7 x 10,Vertical,Rectangle,16PT C2S,Spot UV,Silk,Spot UV Front,4/4 (4 color both sides),10000,Score in Half,No Gift Cards Slits,Yes 500 Envelopes A7
Majestic,Silk,7 x 10,Vertical,Rectangle,16PT C2S,Spot UV,Silk,Spot UV Back,4/4 (4 color both sides),10000,Score in Half,No Gift Cards Slits,Yes 500 Envelopes A7
Majestic,Silk,7 x 10,Horizontal,Rectangle,16PT C2S,Spot UV,Silk,Spot UV Front,4/4 (4 color both sides),10000,Score in Half,No Gift Cards Slits,Yes 500 Envelopes A7
Majestic,Silk,7 x 10,Horizontal,Rectangle,16PT C2S,Spot UV,Silk,Spot UV Back,4/4 (4 color both sides),10000,Score in Half,No Gift Cards Slits,Yes 500 Envelopes A7
Majestic,Silk,7 x 10,Horizontal,Rectangle,16PT C2S,Spot UV,Silk,Spot UV Both Sides,4/4 (4 color both sides),10000,Score in Half,No Gift Cards Slits,Yes 500 Envelopes A7
Majestic,Silk,7 x 10,Horizontal,Rectangle,16PT C2S,Spot UV,Silk,Spot UV Back,4/1,500,Score in Half,Slide Slits Bottom Panel,Yes 500 Envelopes A7
Majestic,Silk,7 x 10,Vertical,Rectangle,16PT C2S,Spot UV,Silk,Spot UV Both Sides,4/4 (4 color both sides),10000,Score in Half,No Gift Cards Slits,Yes 500 Envelopes A7
Majestic,Silk,7 x 10,Vertical,Rectangle,16PT C2S,Spot UV,Silk,Spot UV Front,4/1,500,Score in Half,Slide Slits Bottom Panel,Yes 500 Envelopes A7
Majestic,Silk,7 x 10,Vertical,Rectangle,16PT C2S,Spot UV,Silk,Spot UV Back,4/1,500,Score in Half,Slide Slits Bottom Panel,Yes 500 Envelopes A7
Majestic,Silk,7 x 10,Horizontal,Rectangle,16PT C2S,Spot UV,Silk,Spot UV Both Sides,4/1,500,Score in Half,Slide Slits Bottom Panel,Yes 500 Envelopes A7
Majestic,Silk,7 x 10,Vertical,Rectangle,16PT C2S,Spot UV,Silk,Spot UV Both Sides,4/1,500,Score in Half,Slide Slits Bottom Panel,Yes 500 Envelopes A7
Majestic,Silk,7 x 10,Horizontal,Rectangle,16PT C2S,Spot UV,Silk,Spot UV Front,4/4 (4 color both sides),500,Score in Half,Slide Slits Bottom Panel,Yes 500 Envelopes A7
Majestic,Silk,7 x 10,Vertical,Rectangle,16PT C2S,Spot UV,Silk,Spot UV Front,4/4 (4 color both sides),500,Score in Half,Slide Slits Bottom Panel,Yes 500 Envelopes A7
Majestic,Silk,7 x 10,Horizontal,Rectangle,16PT C2S,Spot UV,Silk,Spot UV Back,4/4 (4 color both sides),500,Score in Half,Slide Slits Bottom Panel,Yes 500 Envelopes A7
Majestic,Silk,7 x 10,Vertical,Rectangle,16PT C2S,Spot UV,Silk,Spot UV Back,4/4 (4 color both sides),500,Score in Half,Slide Slits Bottom Panel,Yes 500 Envelopes A7
Majestic,Silk,7 x 10,Horizontal,Rectangle,16PT C2S,Spot UV,Silk,Spot UV Both Sides,4/4 (4 color both sides),500,Score in Half,Slide Slits Bottom Panel,Yes 500 Envelopes A7
Majestic,Silk,7 x 10,Vertical,Rectangle,16PT C2S,Spot UV,Silk,Spot UV Both Sides,4/4 (4 color both sides),500,Score in Half,Slide Slits Bottom Panel,Yes 500 Envelopes A7
Majestic,Silk,7 x 10,Horizontal,Rectangle,16PT C2S,Spot UV,Silk,Spot UV Front,4/1,1000,Score in Half,Slide Slits Bottom Panel,Yes 500 Envelopes A7
Majestic,Silk,7 x 10,Vertical,Rectangle,16PT C2S,Spot UV,Silk,Spot UV Front,4/1,1000,Score in Half,Slide Slits Bottom Panel,Yes 500 Envelopes A7
Majestic,Silk,7 x 10,Horizontal,Rectangle,16PT C2S,Spot UV,Silk,Spot UV Back,4/1,1000,Score in Half,Slide Slits Bottom Panel,Yes 500 Envelopes A7
Majestic,Silk,7 x 10,Vertical,Rectangle,16PT C2S,Spot UV,Silk,Spot UV Both Sides,4/1,2500,Score in Half,Moon Slits Right Panel,Yes 500 Envelopes A7
Majestic,Silk,7 x 10,Vertical,Rectangle,16PT C2S,Spot UV,Silk,Spot UV Back,4/1,1000,Score in Half,No Gift Cards Slits,Yes 500 Envelopes A7
Majestic,Silk,7 x 10,Vertical,Rectangle,16PT C2S,Spot UV,Silk,Spot UV Both Sides,4/1,1000,Score in Half,Slide Slits Bottom Panel,Yes 500 Envelopes A7
Majestic,Silk,7 x 10,Horizontal,Rectangle,16PT C2S,Spot UV,Silk,Spot UV Front,4/1,500,Score in Half,Slide Slits Bottom Panel,Yes 500 Envelopes A7
Majestic,Silk,7 x 10,Horizontal,Rectangle,16PT C2S,Spot UV,Silk,Spot UV Front,4/4 (4 color both sides),1000,Score in Half,Slide Slits Bottom Panel,Yes 500 Envelopes A7
Majestic,Silk,7 x 10,Vertical,Rectangle,16PT C2S,Spot UV,Silk,Spot UV Front,4/4 (4 color both sides),1000,Score in Half,Slide Slits Bottom Panel,Yes 500 Envelopes A7
Majestic,Silk,7 x 10,Vertical,Rectangle,16PT C2S,Spot UV,Silk,Spot UV Back,4/1,1000,Score in Half,Slide Slits Bottom Panel,Yes 500 Envelopes A7
Majestic,Silk,7 x 10,Vertical,Rectangle,16PT C2S,Spot UV,Silk,Spot UV Back,4/4 (4 color both sides),1000,Score in Half,Slide Slits Bottom Panel,Yes 500 Envelopes A7
Majestic,Silk,7 x 10,Horizontal,Rectangle,16PT C2S,Spot UV,Silk,Spot UV Both Sides,4/4 (4 color both sides),1000,Score in Half,Slide Slits Bottom Panel,Yes 500 Envelopes A7
Majestic,Silk,7 x 10,Horizontal,Rectangle,16PT C2S,Spot UV,Silk,Spot UV Back,4/1,2500,Score in Half,Slide Slits Bottom Panel,Yes 500 Envelopes A7
Majestic,Silk,7 x 10,Horizontal,Rectangle,16PT C2S,Spot UV,Silk,Spot UV Front,4/1,2500,Score in Half,Slide Slits Bottom Panel,Yes 500 Envelopes A7
Majestic,Silk,7 x 10,Vertical,Rectangle,16PT C2S,Spot UV,Silk,Spot UV Both Sides,4/4 (4 color both sides),1000,Score in Half,Slide Slits Bottom Panel,Yes 500 Envelopes A7
Majestic,Silk,7 x 10,Vertical,Rectangle,16PT C2S,Spot UV,Silk,Spot UV Back,4/1,2500,Score in Half,Slide Slits Bottom Panel,Yes 500 Envelopes A7
Majestic,Silk,7 x 10,Vertical,Rectangle,16PT C2S,Spot UV,Silk,Spot UV Front,4/1,2500,Score in Half,Slide Slits Bottom Panel,Yes 500 Envelopes A7
Majestic,Silk,7 x 10,Horizontal,Rectangle,16PT C2S,Spot UV,Silk,Spot UV Both Sides,4/1,2500,Score in Half,Slide Slits Bottom Panel,Yes 500 Envelopes A7
Majestic,Silk,7 x 10,Vertical,Rectangle,16PT C2S,Spot UV,Silk,Spot UV Both Sides,4/1,2500,Score in Half,Slide Slits Bottom Panel,Yes 500 Envelopes A7
Majestic,Silk,7 x 10,Horizontal,Rectangle,16PT C2S,Spot UV,Silk,Spot UV Front,4/4 (4 color both sides),2500,Score in Half,Slide Slits Bottom Panel,Yes 500 Envelopes A7
Majestic,Silk,7 x 10,Vertical,Rectangle,16PT C2S,Spot UV,Silk,Spot UV Front,4/4 (4 color both sides),2500,Score in Half,Slide Slits Bottom Panel,Yes 500 Envelopes A7
Majestic,Silk,7 x 10,Horizontal,Rectangle,16PT C2S,Spot UV,Silk,Spot UV Back,4/4 (4 color both sides),2500,Score in Half,Slide Slits Bottom Panel,Yes 500 Envelopes A7
Majestic,Silk,7 x 10,Vertical,Rectangle,16PT C2S,Spot UV,Silk,Spot UV Back,4/4 (4 color both sides),2500,Score in Half,Slide Slits Bottom Panel,Yes 500 Envelopes A7
Majestic,Silk,7 x 10,Horizontal,Rectangle,16PT C2S,Spot UV,Silk,Spot UV Both Sides,4/4 (4 color both sides),2500,Score in Half,Slide Slits Bottom Panel,Yes 500 Envelopes A7
Majestic,Silk,7 x 10,Vertical,Rectangle,16PT C2S,Spot UV,Silk,Spot UV Both Sides,4/4 (4 color both sides),2500,Score in Half,Slide Slits Bottom Panel,Yes 500 Envelopes A7
Majestic,Silk,7 x 10,Horizontal,Rectangle,16PT C2S,Spot UV,Silk,Spot UV Front,4/1,5000,Score in Half,Slide Slits Bottom Panel,Yes 500 Envelopes A7
Majestic,Silk,7 x 10,Vertical,Rectangle,16PT C2S,Spot UV,Silk,Spot UV Front,4/1,5000,Score in Half,Slide Slits Bottom Panel,Yes 500 Envelopes A7
Majestic,Silk,7 x 10,Horizontal,Rectangle,16PT C2S,Spot UV,Silk,Spot UV Back,4/1,5000,Score in Half,Slide Slits Bottom Panel,Yes 500 Envelopes A7
Majestic,Silk,7 x 10,Vertical,Rectangle,16PT C2S,Spot UV,Silk,Spot UV Back,4/1,5000,Score in Half,Slide Slits Bottom Panel,Yes 500 Envelopes A7
Majestic,Silk,7 x 10,Vertical,Rectangle,16PT C2S,Spot UV,Silk,Spot UV Front,4/4 (4 color both sides),1000,Score in Half,No Gift Cards Slits,Yes 500 Envelopes A7
Majestic,Silk,7 x 10,Vertical,Rectangle,16PT C2S,Spot UV,Silk,Spot UV Both Sides,4/1,5000,Score in Half,Slide Slits Bottom Panel,Yes 500 Envelopes A7
Majestic,Silk,7 x 10,Horizontal,Rectangle,16PT C2S,Spot UV,Silk,Spot UV Front,4/4 (4 color both sides),5000,Score in Half,Slide Slits Bottom Panel,Yes 500 Envelopes A7
Majestic,Silk,7 x 10,Horizontal,Rectangle,16PT C2S,Spot UV,Silk,Spot UV Back,4/4 (4 color both sides),5000,Score in Half,Slide Slits Bottom Panel,Yes 500 Envelopes A7
Majestic,Silk,7 x 10,Vertical,Rectangle,16PT C2S,Spot UV,Silk,Spot UV Front,4/4 (4 color both sides),5000,Score in Half,Slide Slits Bottom Panel,Yes 500 Envelopes A7
Majestic,Silk,7 x 10,Vertical,Rectangle,16PT C2S,Spot UV,Silk,Spot UV Back,4/4 (4 color both sides),5000,Score in Half,Slide Slits Bottom Panel,Yes 500 Envelopes A7
Majestic,Silk,7 x 10,Horizontal,Rectangle,16PT C2S,Spot UV,Silk,Spot UV Both Sides,4/4 (4 color both sides),5000,Score in Half,Slide Slits Bottom Panel,Yes 500 Envelopes A7
Majestic,Silk,7 x 10,Vertical,Rectangle,16PT C2S,Spot UV,Silk,Spot UV Both Sides,4/4 (4 color both sides),5000,Score in Half,Slide Slits Bottom Panel,Yes 500 Envelopes A7
Majestic,Silk,7 x 10,Horizontal,Rectangle,16PT C2S,Spot UV,Silk,Spot UV Front,4/1,10000,Score in Half,Slide Slits Bottom Panel,Yes 500 Envelopes A7
Majestic,Silk,7 x 10,Vertical,Rectangle,16PT C2S,Spot UV,Silk,Spot UV Front,4/1,10000,Score in Half,Slide Slits Bottom Panel,Yes 500 Envelopes A7
Majestic,Silk,7 x 10,Horizontal,Rectangle,16PT C2S,Spot UV,Silk,Spot UV Back,4/1,10000,Score in Half,Slide Slits Bottom Panel,Yes 500 Envelopes A7
Majestic,Silk,7 x 10,Horizontal,Rectangle,16PT C2S,Spot UV,Silk,Spot UV Both Sides,4/1,1000,Score in Half,Slide Slits Bottom Panel,Yes 500 Envelopes A7
Majestic,Silk,7 x 10,Vertical,Rectangle,16PT C2S,Spot UV,Silk,Spot UV Both Sides,4/1,10000,Score in Half,Slide Slits Bottom Panel,Yes 500 Envelopes A7
Majestic,Silk,7 x 10,Horizontal,Rectangle,16PT C2S,Spot UV,Silk,Spot UV Front,4/4 (4 color both sides),10000,Score in Half,Slide Slits Bottom Panel,Yes 500 Envelopes A7
Majestic,Silk,7 x 10,Vertical,Rectangle,16PT C2S,Spot UV,Silk,Spot UV Front,4/4 (4 color both sides),10000,Score in Half,Slide Slits Bottom Panel,Yes 500 Envelopes A7
Majestic,Silk,7 x 10,Horizontal,Rectangle,16PT C2S,Spot UV,Silk,Spot UV Both Sides,4/1,5000,Score in Half,Slide Slits Bottom Panel,Yes 500 Envelopes A7
Majestic,Silk,7 x 10,Vertical,Rectangle,16PT C2S,Spot UV,Silk,Spot UV Back,4/1,10000,Score in Half,Slide Slits Bottom Panel,Yes 500 Envelopes A7
Majestic,Silk,7 x 10,Horizontal,Rectangle,16PT C2S,Spot UV,Silk,Spot UV Both Sides,4/1,10000,Score in Half,Slide Slits Bottom Panel,Yes 500 Envelopes A7
Majestic,Silk,7 x 10,Horizontal,Rectangle,16PT C2S,Spot UV,Silk,Spot UV Both Sides,4/4 (4 color both sides),10000,Score in Half,Slide Slits Bottom Panel,Yes 500 Envelopes A7
Majestic,Silk,7 x 10,Vertical,Rectangle,16PT C2S,Spot UV,Silk,Spot UV Both Sides,4/4 (4 color both sides),10000,Score in Half,Slide Slits Bottom Panel,Yes 500 Envelopes A7
Majestic,Silk,7 x 10,Vertical,Rectangle,16PT C2S,Spot UV,Silk,Spot UV Front,4/1,500,Score in Half,Slide Slits Right Panel,Yes 500 Envelopes A7
Majestic,Silk,7 x 10,Horizontal,Rectangle,16PT C2S,Spot UV,Silk,Spot UV Back,4/1,500,Score in Half,Slide Slits Right Panel,Yes 500 Envelopes A7
Majestic,Silk,7 x 10,Vertical,Rectangle,16PT C2S,Spot UV,Silk,Spot UV Back,4/1,500,Score in Half,Slide Slits Right Panel,Yes 500 Envelopes A7
Majestic,Silk,7 x 10,Horizontal,Rectangle,16PT C2S,Spot UV,Silk,Spot UV Both Sides,4/1,500,Score in Half,Slide Slits Right Panel,Yes 500 Envelopes A7
Majestic,Silk,7 x 10,Vertical,Rectangle,16PT C2S,Spot UV,Silk,Spot UV Both Sides,4/1,500,Score in Half,Slide Slits Right Panel,Yes 500 Envelopes A7
Majestic,Silk,7 x 10,Horizontal,Rectangle,16PT C2S,Spot UV,Silk,Spot UV Front,4/4 (4 color both sides),500,Score in Half,Slide Slits Right Panel,Yes 500 Envelopes A7
Majestic,Silk,7 x 10,Horizontal,Rectangle,16PT C2S,Spot UV,Silk,Spot UV Front,4/1,500,Score in Half,Slide Slits Right Panel,Yes 500 Envelopes A7
Majestic,Silk,7 x 10,Horizontal,Rectangle,16PT C2S,Spot UV,Silk,Spot UV Back,4/4 (4 color both sides),10000,Score in Half,Slide Slits Bottom Panel,Yes 500 Envelopes A7
Majestic,Silk,7 x 10,Horizontal,Rectangle,16PT C2S,Spot UV,Silk,Spot UV Back,4/4 (4 color both sides),1000,Score in Half,Slide Slits Bottom Panel,Yes 500 Envelopes A7
Majestic,Silk,7 x 10,Vertical,Rectangle,16PT C2S,Spot UV,Silk,Spot UV Back,4/4 (4 color both sides),500,Score in Half,Slide Slits Right Panel,Yes 500 Envelopes A7
Majestic,Silk,7 x 10,Vertical,Rectangle,16PT C2S,Spot UV,Silk,Spot UV Both Sides,4/4 (4 color both sides),500,Score in Half,Slide Slits Right Panel,Yes 500 Envelopes A7
Majestic,Silk,7 x 10,Horizontal,Rectangle,16PT C2S,Spot UV,Silk,Spot UV Both Sides,4/4 (4 color both sides),500,Score in Half,Slide Slits Right Panel,Yes 500 Envelopes A7
Majestic,Silk,7 x 10,Horizontal,Rectangle,16PT C2S,Spot UV,Silk,Spot UV Front,4/1,1000,Score in Half,Slide Slits Right Panel,Yes 500 Envelopes A7
Majestic,Silk,7 x 10,Vertical,Rectangle,16PT C2S,Spot UV,Silk,Spot UV Front,4/1,1000,Score in Half,Slide Slits Right Panel,Yes 500 Envelopes A7
Majestic,Silk,7 x 10,Horizontal,Rectangle,16PT C2S,Spot UV,Silk,Spot UV Back,4/1,1000,Score in Half,Slide Slits Right Panel,Yes 500 Envelopes A7
Majestic,Silk,7 x 10,Horizontal,Rectangle,16PT C2S,Spot UV,Silk,Spot UV Both Sides,4/1,1000,Score in Half,Slide Slits Right Panel,Yes 500 Envelopes A7
Majestic,Silk,7 x 10,Vertical,Rectangle,16PT C2S,Spot UV,Silk,Spot UV Both Sides,4/1,1000,Score in Half,Slide Slits Right Panel,Yes 500 Envelopes A7
Majestic,Silk,7 x 10,Horizontal,Rectangle,16PT C2S,Spot UV,Silk,Spot UV Front,4/4 (4 color both sides),1000,Score in Half,Slide Slits Right Panel,Yes 500 Envelopes A7
Majestic,Silk,7 x 10,Vertical,Rectangle,16PT C2S,Spot UV,Silk,Spot UV Front,4/4 (4 color both sides),1000,Score in Half,Slide Slits Right Panel,Yes 500 Envelopes A7
Majestic,Silk,7 x 10,Vertical,Rectangle,16PT C2S,Spot UV,Silk,Spot UV Back,4/1,1000,Score in Half,Slide Slits Right Panel,Yes 500 Envelopes A7
Majestic,Silk,7 x 10,Horizontal,Rectangle,16PT C2S,Spot UV,Silk,Spot UV Back,4/4 (4 color both sides),1000,Score in Half,Slide Slits Right Panel,Yes 500 Envelopes A7
Majestic,Silk,7 x 10,Vertical,Rectangle,16PT C2S,Spot UV,Silk,Spot UV Back,4/4 (4 color both sides),1000,Score in Half,Slide Slits Right Panel,Yes 500 Envelopes A7
Majestic,Silk,7 x 10,Horizontal,Rectangle,16PT C2S,Spot UV,Silk,Spot UV Both Sides,4/4 (4 color both sides),1000,Score in Half,Slide Slits Right Panel,Yes 500 Envelopes A7
Majestic,Silk,7 x 10,Horizontal,Rectangle,16PT C2S,Spot UV,Silk,Spot UV Front,4/1,2500,Score in Half,Slide Slits Right Panel,Yes 500 Envelopes A7
Majestic,Silk,7 x 10,Vertical,Rectangle,16PT C2S,Spot UV,Silk,Spot UV Front,4/1,2500,Score in Half,Slide Slits Right Panel,Yes 500 Envelopes A7
Majestic,Silk,7 x 10,Horizontal,Rectangle,16PT C2S,Spot UV,Silk,Spot UV Back,4/1,2500,Score in Half,Slide Slits Right Panel,Yes 500 Envelopes A7
Majestic,Silk,7 x 10,Vertical,Rectangle,16PT C2S,Spot UV,Silk,Spot UV Back,4/1,2500,Score in Half,Slide Slits Right Panel,Yes 500 Envelopes A7
Majestic,Silk,7 x 10,Horizontal,Rectangle,16PT C2S,Spot UV,Silk,Spot UV Both Sides,4/1,2500,Score in Half,Slide Slits Right Panel,Yes 500 Envelopes A7
Majestic,Silk,7 x 10,Vertical,Rectangle,16PT C2S,Spot UV,Silk,Spot UV Both Sides,4/1,2500,Score in Half,Slide Slits Right Panel,Yes 500 Envelopes A7
Majestic,Silk,7 x 10,Vertical,Rectangle,16PT C2S,Spot UV,Silk,Spot UV Both Sides,4/4 (4 color both sides),1000,Score in Half,Slide Slits Right Panel,Yes 500 Envelopes A7
Majestic,Silk,7 x 10,Horizontal,Rectangle,16PT C2S,Spot UV,Silk,Spot UV Front,4/4 (4 color both sides),2500,Score in Half,Slide Slits Right Panel,Yes 500 Envelopes A7
Majestic,Silk,7 x 10,Vertical,Rectangle,16PT C2S,Spot UV,Silk,Spot UV Front,4/4 (4 color both sides),2500,Score in Half,Slide Slits Right Panel,Yes 500 Envelopes A7
Majestic,Silk,7 x 10,Horizontal,Rectangle,16PT C2S,Spot UV,Silk,Spot UV Back,4/4 (4 color both sides),2500,Score in Half,Slide Slits Right Panel,Yes 500 Envelopes A7
Majestic,Silk,7 x 10,Horizontal,Rectangle,16PT C2S,Spot UV,Silk,Spot UV Both Sides,4/4 (4 color both sides),2500,Score in Half,Slide Slits Right Panel,Yes 500 Envelopes A7
Majestic,Silk,7 x 10,Vertical,Rectangle,16PT C2S,Spot UV,Silk,Spot UV Both Sides,4/4 (4 color both sides),2500,Score in Half,Slide Slits Right Panel,Yes 500 Envelopes A7
Majestic,Silk,7 x 10,Vertical,Rectangle,16PT C2S,Spot UV,Silk,Spot UV Back,4/4 (4 color both sides),2500,Score in Half,Slide Slits Right Panel,Yes 500 Envelopes A7
Majestic,Silk,7 x 10,Horizontal,Rectangle,16PT C2S,Spot UV,Silk,Spot UV Front,4/1,5000,Score in Half,Slide Slits Right Panel,Yes 500 Envelopes A7
Majestic,Silk,7 x 10,Vertical,Rectangle,16PT C2S,Spot UV,Silk,Spot UV Front,4/1,5000,Score in Half,Slide Slits Right Panel,Yes 500 Envelopes A7
Majestic,Silk,7 x 10,Vertical,Rectangle,16PT C2S,Spot UV,Silk,Spot UV Back,4/1,5000,Score in Half,Slide Slits Right Panel,Yes 500 Envelopes A7
Majestic,Silk,7 x 10,Horizontal,Rectangle,16PT C2S,Spot UV,Silk,Spot UV Back,4/1,5000,Score in Half,Slide Slits Right Panel,Yes 500 Envelopes A7
Majestic,Silk,7 x 10,Horizontal,Rectangle,16PT C2S,Spot UV,Silk,Spot UV Both Sides,4/1,5000,Score in Half,Slide Slits Right Panel,Yes 500 Envelopes A7
Majestic,Silk,7 x 10,Vertical,Rectangle,16PT C2S,Spot UV,Silk,Spot UV Both Sides,4/1,5000,Score in Half,Slide Slits Right Panel,Yes 500 Envelopes A7
Majestic,Silk,7 x 10,Horizontal,Rectangle,16PT C2S,Spot UV,Silk,Spot UV Back,4/4 (4 color both sides),5000,Score in Half,Slide Slits Right Panel,Yes 500 Envelopes A7
Majestic,Silk,7 x 10,Vertical,Rectangle,16PT C2S,Spot UV,Silk,Spot UV Back,4/4 (4 color both sides),5000,Score in Half,Slide Slits Right Panel,Yes 500 Envelopes A7
Majestic,Silk,7 x 10,Horizontal,Rectangle,16PT C2S,Spot UV,Silk,Spot UV Front,4/4 (4 color both sides),5000,Score in Half,Slide Slits Right Panel,Yes 500 Envelopes A7
Majestic,Silk,7 x 10,Vertical,Rectangle,16PT C2S,Spot UV,Silk,Spot UV Front,4/4 (4 color both sides),5000,Score in Half,Slide Slits Right Panel,Yes 500 Envelopes A7
Majestic,Silk,7 x 10,Vertical,Rectangle,16PT C2S,Spot UV,Silk,Spot UV Front,4/4 (4 color both sides),500,Score in Half,Slide Slits Right Panel,Yes 500 Envelopes A7
Majestic,Silk,7 x 10,Horizontal,Rectangle,16PT C2S,Spot UV,Silk,Spot UV Front,4/1,10000,Score in Half,Slide Slits Right Panel,Yes 500 Envelopes A7
Majestic,Silk,7 x 10,Vertical,Rectangle,16PT C2S,Spot UV,Silk,Spot UV Both Sides,4/4 (4 color both sides),5000,Score in Half,Slide Slits Right Panel,Yes 500 Envelopes A7
Majestic,Silk,7 x 10,Vertical,Rectangle,16PT C2S,Spot UV,Silk,Spot UV Back,4/1,10000,Score in Half,Slide Slits Right Panel,Yes 500 Envelopes A7
Majestic,Silk,7 x 10,Horizontal,Rectangle,16PT C2S,Spot UV,Silk,Spot UV Back,4/1,10000,Score in Half,Slide Slits Right Panel,Yes 500 Envelopes A7
Majestic,Silk,7 x 10,Horizontal,Rectangle,16PT C2S,Spot UV,Silk,Spot UV Both Sides,4/1,10000,Score in Half,Slide Slits Right Panel,Yes 500 Envelopes A7
Majestic,Silk,7 x 10,Vertical,Rectangle,16PT C2S,Spot UV,Silk,Spot UV Both Sides,4/1,10000,Score in Half,Slide Slits Right Panel,Yes 500 Envelopes A7
Majestic,Silk,7 x 10,Vertical,Rectangle,16PT C2S,Spot UV,Silk,Spot UV Front,4/4 (4 color both sides),10000,Score in Half,Slide Slits Right Panel,Yes 500 Envelopes A7
Majestic,Silk,7 x 10,Vertical,Rectangle,16PT C2S,Spot UV,Silk,Spot UV Front,4/1,10000,Score in Half,Slide Slits Right Panel,Yes 500 Envelopes A7
Majestic,Silk,7 x 10,Horizontal,Rectangle,16PT C2S,Spot UV,Silk,Spot UV Front,4/4 (4 color both sides),10000,Score in Half,Slide Slits Right Panel,Yes 500 Envelopes A7
Majestic,Silk,7 x 10,Horizontal,Rectangle,16PT C2S,Spot UV,Silk,Spot UV Back,4/4 (4 color both sides),10000,Score in Half,Slide Slits Right Panel,Yes 500 Envelopes A7
Majestic,Silk,7 x 10,Vertical,Rectangle,16PT C2S,Spot UV,Silk,Spot UV Back,4/4 (4 color both sides),10000,Score in Half,Slide Slits Bottom Panel,Yes 500 Envelopes A7
Majestic,Silk,7 x 10,Horizontal,Rectangle,16PT C2S,Spot UV,Silk,Spot UV Front,4/1,500,Score in Half,Moon Slits Bottom Panel,Yes 1000 Envelopes A7
Majestic,Silk,7 x 10,Vertical,Rectangle,16PT C2S,Spot UV,Silk,Spot UV Front,4/1,500,Score in Half,Moon Slits Bottom Panel,Yes 1000 Envelopes A7
Majestic,Silk,7 x 10,Vertical,Rectangle,16PT C2S,Spot UV,Silk,Spot UV Back,4/4 (4 color both sides),10000,Score in Half,Slide Slits Right Panel,Yes 500 Envelopes A7
Majestic,Silk,7 x 10,Horizontal,Rectangle,16PT C2S,Spot UV,Silk,Spot UV Back,4/1,500,Score in Half,Moon Slits Bottom Panel,Yes 1000 Envelopes A7
Majestic,Silk,7 x 10,Horizontal,Rectangle,16PT C2S,Spot UV,Silk,Spot UV Both Sides,4/4 (4 color both sides),10000,Score in Half,Slide Slits Right Panel,Yes 500 Envelopes A7
Majestic,Silk,7 x 10,Vertical,Rectangle,16PT C2S,Spot UV,Silk,Spot UV Back,4/1,500,Score in Half,Moon Slits Bottom Panel,Yes 1000 Envelopes A7
Majestic,Silk,7 x 10,Horizontal,Rectangle,16PT C2S,Spot UV,Silk,Spot UV Both Sides,4/1,500,Score in Half,Moon Slits Bottom Panel,Yes 1000 Envelopes A7
Majestic,Silk,7 x 10,Horizontal,Rectangle,16PT C2S,Spot UV,Silk,Spot UV Front,4/4 (4 color both sides),500,Score in Half,Moon Slits Bottom Panel,Yes 1000 Envelopes A7
Majestic,Silk,7 x 10,Vertical,Rectangle,16PT C2S,Spot UV,Silk,Spot UV Both Sides,4/1,500,Score in Half,Moon Slits Bottom Panel,Yes 1000 Envelopes A7
Majestic,Silk,7 x 10,Horizontal,Rectangle,16PT C2S,Spot UV,Silk,Spot UV Back,4/4 (4 color both sides),500,Score in Half,Moon Slits Bottom Panel,Yes 1000 Envelopes A7
Majestic,Silk,7 x 10,Horizontal,Rectangle,16PT C2S,Spot UV,Silk,Spot UV Both Sides,4/4 (4 color both sides),500,Score in Half,Moon Slits Bottom Panel,Yes 1000 Envelopes A7
Majestic,Silk,7 x 10,Vertical,Rectangle,16PT C2S,Spot UV,Silk,Spot UV Back,4/4 (4 color both sides),500,Score in Half,Moon Slits Bottom Panel,Yes 1000 Envelopes A7
Majestic,Silk,7 x 10,Vertical,Rectangle,16PT C2S,Spot UV,Silk,Spot UV Front,4/4 (4 color both sides),500,Score in Half,Moon Slits Bottom Panel,Yes 1000 Envelopes A7
Majestic,Silk,7 x 10,Vertical,Rectangle,16PT C2S,Spot UV,Silk,Spot UV Both Sides,4/4 (4 color both sides),500,Score in Half,Moon Slits Bottom Panel,Yes 1000 Envelopes A7
Majestic,Silk,7 x 10,Horizontal,Rectangle,16PT C2S,Spot UV,Silk,Spot UV Front,4/1,1000,Score in Half,Moon Slits Bottom Panel,Yes 1000 Envelopes A7
Majestic,Silk,7 x 10,Vertical,Rectangle,16PT C2S,Spot UV,Silk,Spot UV Front,4/1,1000,Score in Half,Moon Slits Bottom Panel,Yes 1000 Envelopes A7
Majestic,Silk,7 x 10,Horizontal,Rectangle,16PT C2S,Spot UV,Silk,Spot UV Back,4/1,1000,Score in Half,Moon Slits Bottom Panel,Yes 1000 Envelopes A7
Majestic,Silk,7 x 10,Vertical,Rectangle,16PT C2S,Spot UV,Silk,Spot UV Back,4/1,1000,Score in Half,Moon Slits Bottom Panel,Yes 1000 Envelopes A7
Majestic,Silk,7 x 10,Horizontal,Rectangle,16PT C2S,Spot UV,Silk,Spot UV Both Sides,4/1,1000,Score in Half,Moon Slits Bottom Panel,Yes 1000 Envelopes A7
Majestic,Silk,7 x 10,Horizontal,Rectangle,16PT C2S,Spot UV,Silk,Spot UV Back,4/4 (4 color both sides),500,Score in Half,Slide Slits Right Panel,Yes 500 Envelopes A7
Majestic,Silk,7 x 10,Horizontal,Rectangle,16PT C2S,Spot UV,Silk,Spot UV Front,4/4 (4 color both sides),1000,Score in Half,Moon Slits Bottom Panel,Yes 1000 Envelopes A7
Majestic,Silk,7 x 10,Vertical,Rectangle,16PT C2S,Spot UV,Silk,Spot UV Front,4/4 (4 color both sides),1000,Score in Half,Moon Slits Bottom Panel,Yes 1000 Envelopes A7
Majestic,Silk,7 x 10,Horizontal,Rectangle,16PT C2S,Spot UV,Silk,Spot UV Back,4/4 (4 color both sides),1000,Score in Half,Moon Slits Bottom Panel,Yes 1000 Envelopes A7
Majestic,Silk,7 x 10,Vertical,Rectangle,16PT C2S,Spot UV,Silk,Spot UV Both Sides,4/4 (4 color both sides),10000,Score in Half,Slide Slits Right Panel,Yes 500 Envelopes A7
Majestic,Silk,7 x 10,Horizontal,Rectangle,16PT C2S,Spot UV,Silk,Spot UV Both Sides,4/4 (4 color both sides),1000,Score in Half,Moon Slits Bottom Panel,Yes 1000 Envelopes A7
Majestic,Silk,7 x 10,Vertical,Rectangle,16PT C2S,Spot UV,Silk,Spot UV Both Sides,4/4 (4 color both sides),1000,Score in Half,Moon Slits Bottom Panel,Yes 1000 Envelopes A7
Majestic,Silk,7 x 10,Horizontal,Rectangle,16PT C2S,Spot UV,Silk,Spot UV Front,4/1,2500,Score in Half,Moon Slits Bottom Panel,Yes 1000 Envelopes A7
Majestic,Silk,7 x 10,Vertical,Rectangle,16PT C2S,Spot UV,Silk,Spot UV Front,4/1,2500,Score in Half,Moon Slits Bottom Panel,Yes 1000 Envelopes A7
Majestic,Silk,7 x 10,Horizontal,Rectangle,16PT C2S,Spot UV,Silk,Spot UV Back,4/1,2500,Score in Half,Moon Slits Bottom Panel,Yes 1000 Envelopes A7
Majestic,Silk,7 x 10,Vertical,Rectangle,16PT C2S,Spot UV,Silk,Spot UV Back,4/1,2500,Score in Half,Moon Slits Bottom Panel,Yes 1000 Envelopes A7
Majestic,Silk,7 x 10,Horizontal,Rectangle,16PT C2S,Spot UV,Silk,Spot UV Both Sides,4/1,2500,Score in Half,Moon Slits Bottom Panel,Yes 1000 Envelopes A7
Majestic,Silk,7 x 10,Vertical,Rectangle,16PT C2S,Spot UV,Silk,Spot UV Both Sides,4/1,2500,Score in Half,Moon Slits Bottom Panel,Yes 1000 Envelopes A7
Majestic,Silk,7 x 10,Horizontal,Rectangle,16PT C2S,Spot UV,Silk,Spot UV Front,4/4 (4 color both sides),2500,Score in Half,Moon Slits Bottom Panel,Yes 1000 Envelopes A7
Majestic,Silk,7 x 10,Vertical,Rectangle,16PT C2S,Spot UV,Silk,Spot UV Front,4/4 (4 color both sides),2500,Score in Half,Moon Slits Bottom Panel,Yes 1000 Envelopes A7
Majestic,Silk,7 x 10,Vertical,Rectangle,16PT C2S,Spot UV,Silk,Spot UV Both Sides,4/1,1000,Score in Half,Moon Slits Bottom Panel,Yes 1000 Envelopes A7
Majestic,Silk,7 x 10,Vertical,Rectangle,16PT C2S,Spot UV,Silk,Spot UV Back,4/4 (4 color both sides),2500,Score in Half,Moon Slits Bottom Panel,Yes 1000 Envelopes A7
Majestic,Silk,7 x 10,Horizontal,Rectangle,16PT C2S,Spot UV,Silk,Spot UV Both Sides,4/4 (4 color both sides),2500,Score in Half,Moon Slits Bottom Panel,Yes 1000 Envelopes A7
Majestic,Silk,7 x 10,Vertical,Rectangle,16PT C2S,Spot UV,Silk,Spot UV Both Sides,4/4 (4 color both sides),2500,Score in Half,Moon Slits Bottom Panel,Yes 1000 Envelopes A7
Majestic,Silk,7 x 10,Horizontal,Rectangle,16PT C2S,Spot UV,Silk,Spot UV Front,4/1,5000,Score in Half,Moon Slits Bottom Panel,Yes 1000 Envelopes A7
Majestic,Silk,7 x 10,Vertical,Rectangle,16PT C2S,Spot UV,Silk,Spot UV Front,4/1,5000,Score in Half,Moon Slits Bottom Panel,Yes 1000 Envelopes A7
Majestic,Silk,7 x 10,Horizontal,Rectangle,16PT C2S,Spot UV,Silk,Spot UV Back,4/1,5000,Score in Half,Moon Slits Bottom Panel,Yes 1000 Envelopes A7
Majestic,Silk,7 x 10,Vertical,Rectangle,16PT C2S,Spot UV,Silk,Spot UV Back,4/4 (4 color both sides),1000,Score in Half,Moon Slits Bottom Panel,Yes 1000 Envelopes A7
Majestic,Silk,7 x 10,Horizontal,Rectangle,16PT C2S,Spot UV,Silk,Spot UV Both Sides,4/4 (4 color both sides),5000,Score in Half,Slide Slits Right Panel,Yes 500 Envelopes A7
Majestic,Silk,7 x 10,Horizontal,Rectangle,16PT C2S,Spot UV,Silk,Spot UV Back,4/4 (4 color both sides),2500,Score in Half,Moon Slits Bottom Panel,Yes 1000 Envelopes A7
Majestic,Silk,7 x 10,Horizontal,Rectangle,16PT C2S,Spot UV,Silk,Spot UV Front,4/4 (4 color both sides),5000,Score in Half,Moon Slits Bottom Panel,Yes 1000 Envelopes A7
Majestic,Silk,7 x 10,Horizontal,Rectangle,16PT C2S,Spot UV,Silk,Spot UV Back,4/4 (4 color both sides),5000,Score in Half,Moon Slits Bottom Panel,Yes 1000 Envelopes A7
Majestic,Silk,7 x 10,Vertical,Rectangle,16PT C2S,Spot UV,Silk,Spot UV Front,4/4 (4 color both sides),5000,Score in Half,Moon Slits Bottom Panel,Yes 1000 Envelopes A7
Majestic,Silk,7 x 10,Vertical,Rectangle,16PT C2S,Spot UV,Silk,Spot UV Back,4/4 (4 color both sides),5000,Score in Half,Moon Slits Bottom Panel,Yes 1000 Envelopes A7
Majestic,Silk,7 x 10,Horizontal,Rectangle,16PT C2S,Spot UV,Silk,Spot UV Both Sides,4/4 (4 color both sides),5000,Score in Half,Moon Slits Bottom Panel,Yes 1000 Envelopes A7
Majestic,Silk,7 x 10,Vertical,Rectangle,16PT C2S,Spot UV,Silk,Spot UV Both Sides,4/4 (4 color both sides),5000,Score in Half,Moon Slits Bottom Panel,Yes 1000 Envelopes A7
Majestic,Silk,7 x 10,Horizontal,Rectangle,16PT C2S,Spot UV,Silk,Spot UV Front,4/1,10000,Score in Half,Moon Slits Bottom Panel,Yes 1000 Envelopes A7
Majestic,Silk,7 x 10,Vertical,Rectangle,16PT C2S,Spot UV,Silk,Spot UV Front,4/1,10000,Score in Half,Moon Slits Bottom Panel,Yes 1000 Envelopes A7
Majestic,Silk,7 x 10,Horizontal,Rectangle,16PT C2S,Spot UV,Silk,Spot UV Back,4/1,10000,Score in Half,Moon Slits Bottom Panel,Yes 1000 Envelopes A7
Majestic,Silk,7 x 10,Vertical,Rectangle,16PT C2S,Spot UV,Silk,Spot UV Back,4/1,10000,Score in Half,Moon Slits Bottom Panel,Yes 1000 Envelopes A7
Majestic,Silk,7 x 10,Horizontal,Rectangle,16PT C2S,Spot UV,Silk,Spot UV Both Sides,4/1,10000,Score in Half,Moon Slits Bottom Panel,Yes 1000 Envelopes A7
Majestic,Silk,7 x 10,Vertical,Rectangle,16PT C2S,Spot UV,Silk,Spot UV Both Sides,4/1,5000,Score in Half,Moon Slits Bottom Panel,Yes 1000 Envelopes A7
Majestic,Silk,7 x 10,Horizontal,Rectangle,16PT C2S,Spot UV,Silk,Spot UV Front,4/4 (4 color both sides),10000,Score in Half,Moon Slits Bottom Panel,Yes 1000 Envelopes A7
Majestic,Silk,7 x 10,Vertical,Rectangle,16PT C2S,Spot UV,Silk,Spot UV Front,4/4 (4 color both sides),10000,Score in Half,Moon Slits Bottom Panel,Yes 1000 Envelopes A7
Majestic,Silk,7 x 10,Horizontal,Rectangle,16PT C2S,Spot UV,Silk,Spot UV Back,4/4 (4 color both sides),10000,Score in Half,Moon Slits Bottom Panel,Yes 1000 Envelopes A7
Majestic,Silk,7 x 10,Vertical,Rectangle,16PT C2S,Spot UV,Silk,Spot UV Back,4/4 (4 color both sides),10000,Score in Half,Moon Slits Bottom Panel,Yes 1000 Envelopes A7
Majestic,Silk,7 x 10,Horizontal,Rectangle,16PT C2S,Spot UV,Silk,Spot UV Both Sides,4/4 (4 color both sides),10000,Score in Half,Moon Slits Bottom Panel,Yes 1000 Envelopes A7
Majestic,Silk,7 x 10,Vertical,Rectangle,16PT C2S,Spot UV,Silk,Spot UV Both Sides,4/1,10000,Score in Half,Moon Slits Bottom Panel,Yes 1000 Envelopes A7
Majestic,Silk,7 x 10,Horizontal,Rectangle,16PT C2S,Spot UV,Silk,Spot UV Front,4/1,500,Score in Half,Moon Slits Right Panel,Yes 1000 Envelopes A7
Majestic,Silk,7 x 10,Vertical,Rectangle,16PT C2S,Spot UV,Silk,Spot UV Front,4/1,500,Score in Half,Moon Slits Right Panel,Yes 1000 Envelopes A7
Majestic,Silk,7 x 10,Horizontal,Rectangle,16PT C2S,Spot UV,Silk,Spot UV Back,4/1,500,Score in Half,Moon Slits Right Panel,Yes 1000 Envelopes A7
Majestic,Silk,7 x 10,Vertical,Rectangle,16PT C2S,Spot UV,Silk,Spot UV Back,4/1,500,Score in Half,Moon Slits Right Panel,Yes 1000 Envelopes A7
Majestic,Silk,7 x 10,Horizontal,Rectangle,16PT C2S,Spot UV,Silk,Spot UV Both Sides,4/1,500,Score in Half,Moon Slits Right Panel,Yes 1000 Envelopes A7
Majestic,Silk,7 x 10,Vertical,Rectangle,16PT C2S,Spot UV,Silk,Spot UV Both Sides,4/4 (4 color both sides),10000,Score in Half,Moon Slits Bottom Panel,Yes 1000 Envelopes A7
Majestic,Silk,7 x 10,Horizontal,Rectangle,16PT C2S,Spot UV,Silk,Spot UV Front,4/4 (4 color both sides),500,Score in Half,Moon Slits Right Panel,Yes 1000 Envelopes A7
Majestic,Silk,7 x 10,Vertical,Rectangle,16PT C2S,Spot UV,Silk,Spot UV Front,4/4 (4 color both sides),500,Score in Half,Moon Slits Right Panel,Yes 1000 Envelopes A7
Majestic,Silk,7 x 10,Horizontal,Rectangle,16PT C2S,Spot UV,Silk,Spot UV Back,4/4 (4 color both sides),500,Score in Half,Moon Slits Right Panel,Yes 1000 Envelopes A7
Majestic,Silk,7 x 10,Vertical,Rectangle,16PT C2S,Spot UV,Silk,Spot UV Back,4/4 (4 color both sides),500,Score in Half,Moon Slits Right Panel,Yes 1000 Envelopes A7
Majestic,Silk,7 x 10,Horizontal,Rectangle,16PT C2S,Spot UV,Silk,Spot UV Both Sides,4/4 (4 color both sides),500,Score in Half,Moon Slits Right Panel,Yes 1000 Envelopes A7
Majestic,Silk,7 x 10,Vertical,Rectangle,16PT C2S,Spot UV,Silk,Spot UV Both Sides,4/4 (4 color both sides),500,Score in Half,Moon Slits Right Panel,Yes 1000 Envelopes A7
Majestic,Silk,7 x 10,Horizontal,Rectangle,16PT C2S,Spot UV,Silk,Spot UV Front,4/1,1000,Score in Half,Moon Slits Right Panel,Yes 1000 Envelopes A7
Majestic,Silk,7 x 10,Vertical,Rectangle,16PT C2S,Spot UV,Silk,Spot UV Front,4/1,1000,Score in Half,Moon Slits Right Panel,Yes 1000 Envelopes A7
Majestic,Silk,7 x 10,Horizontal,Rectangle,16PT C2S,Spot UV,Silk,Spot UV Back,4/1,1000,Score in Half,Moon Slits Right Panel,Yes 1000 Envelopes A7
Majestic,Silk,7 x 10,Vertical,Rectangle,16PT C2S,Spot UV,Silk,Spot UV Back,4/1,1000,Score in Half,Moon Slits Right Panel,Yes 1000 Envelopes A7
Majestic,Silk,7 x 10,Horizontal,Rectangle,16PT C2S,Spot UV,Silk,Spot UV Both Sides,4/1,1000,Score in Half,Moon Slits Right Panel,Yes 1000 Envelopes A7
Majestic,Silk,7 x 10,Vertical,Rectangle,16PT C2S,Spot UV,Silk,Spot UV Both Sides,4/1,1000,Score in Half,Moon Slits Right Panel,Yes 1000 Envelopes A7
Majestic,Silk,7 x 10,Horizontal,Rectangle,16PT C2S,Spot UV,Silk,Spot UV Front,4/4 (4 color both sides),1000,Score in Half,Moon Slits Right Panel,Yes 1000 Envelopes A7
Majestic,Silk,7 x 10,Vertical,Rectangle,16PT C2S,Spot UV,Silk,Spot UV Front,4/4 (4 color both sides),1000,Score in Half,Moon Slits Right Panel,Yes 1000 Envelopes A7
Majestic,Silk,7 x 10,Horizontal,Rectangle,16PT C2S,Spot UV,Silk,Spot UV Back,4/4 (4 color both sides),1000,Score in Half,Moon Slits Right Panel,Yes 1000 Envelopes A7
Majestic,Silk,7 x 10,Vertical,Rectangle,16PT C2S,Spot UV,Silk,Spot UV Back,4/4 (4 color both sides),1000,Score in Half,Moon Slits Right Panel,Yes 1000 Envelopes A7
Majestic,Silk,7 x 10,Horizontal,Rectangle,16PT C2S,Spot UV,Silk,Spot UV Both Sides,4/4 (4 color both sides),1000,Score in Half,Moon Slits Right Panel,Yes 1000 Envelopes A7
Majestic,Silk,7 x 10,Vertical,Rectangle,16PT C2S,Spot UV,Silk,Spot UV Both Sides,4/4 (4 color both sides),1000,Score in Half,Moon Slits Right Panel,Yes 1000 Envelopes A7
Majestic,Silk,7 x 10,Horizontal,Rectangle,16PT C2S,Spot UV,Silk,Spot UV Front,4/1,2500,Score in Half,Moon Slits Right Panel,Yes 1000 Envelopes A7
Majestic,Silk,7 x 10,Vertical,Rectangle,16PT C2S,Spot UV,Silk,Spot UV Front,4/1,2500,Score in Half,Moon Slits Right Panel,Yes 1000 Envelopes A7
Majestic,Silk,7 x 10,Horizontal,Rectangle,16PT C2S,Spot UV,Silk,Spot UV Back,4/1,2500,Score in Half,Moon Slits Right Panel,Yes 1000 Envelopes A7
Majestic,Silk,7 x 10,Vertical,Rectangle,16PT C2S,Spot UV,Silk,Spot UV Back,4/1,2500,Score in Half,Moon Slits Right Panel,Yes 1000 Envelopes A7
Majestic,Silk,7 x 10,Horizontal,Rectangle,16PT C2S,Spot UV,Silk,Spot UV Both Sides,4/1,2500,Score in Half,Moon Slits Right Panel,Yes 1000 Envelopes A7
Majestic,Silk,7 x 10,Vertical,Rectangle,16PT C2S,Spot UV,Silk,Spot UV Both Sides,4/1,2500,Score in Half,Moon Slits Right Panel,Yes 1000 Envelopes A7
Majestic,Silk,7 x 10,Horizontal,Rectangle,16PT C2S,Spot UV,Silk,Spot UV Front,4/4 (4 color both sides),2500,Score in Half,Moon Slits Right Panel,Yes 1000 Envelopes A7
Majestic,Silk,7 x 10,Horizontal,Rectangle,16PT C2S,Spot UV,Silk,Spot UV Both Sides,4/1,5000,Score in Half,Moon Slits Bottom Panel,Yes 1000 Envelopes A7
Majestic,Silk,7 x 10,Vertical,Rectangle,16PT C2S,Spot UV,Silk,Spot UV Front,4/4 (4 color both sides),2500,Score in Half,Moon Slits Right Panel,Yes 1000 Envelopes A7
Majestic,Silk,7 x 10,Vertical,Rectangle,16PT C2S,Spot UV,Silk,Spot UV Back,4/4 (4 color both sides),2500,Score in Half,Moon Slits Right Panel,Yes 1000 Envelopes A7
Majestic,Silk,7 x 10,Horizontal,Rectangle,16PT C2S,Spot UV,Silk,Spot UV Both Sides,4/4 (4 color both sides),2500,Score in Half,Moon Slits Right Panel,Yes 1000 Envelopes A7
Majestic,Silk,7 x 10,Vertical,Rectangle,16PT C2S,Spot UV,Silk,Spot UV Both Sides,4/4 (4 color both sides),2500,Score in Half,Moon Slits Right Panel,Yes 1000 Envelopes A7
Majestic,Silk,7 x 10,Horizontal,Rectangle,16PT C2S,Spot UV,Silk,Spot UV Front,4/1,5000,Score in Half,Moon Slits Right Panel,Yes 1000 Envelopes A7
Majestic,Silk,7 x 10,Vertical,Rectangle,16PT C2S,Spot UV,Silk,Spot UV Front,4/1,5000,Score in Half,Moon Slits Right Panel,Yes 1000 Envelopes A7
Majestic,Silk,7 x 10,Horizontal,Rectangle,16PT C2S,Spot UV,Silk,Spot UV Back,4/1,5000,Score in Half,Moon Slits Right Panel,Yes 1000 Envelopes A7
Majestic,Silk,7 x 10,Vertical,Rectangle,16PT C2S,Spot UV,Silk,Spot UV Back,4/1,5000,Score in Half,Moon Slits Right Panel,Yes 1000 Envelopes A7
Majestic,Silk,7 x 10,Horizontal,Rectangle,16PT C2S,Spot UV,Silk,Spot UV Back,4/4 (4 color both sides),2500,Score in Half,Moon Slits Right Panel,Yes 1000 Envelopes A7
Majestic,Silk,7 x 10,Vertical,Rectangle,16PT C2S,Spot UV,Silk,Spot UV Both Sides,4/1,500,Score in Half,Moon Slits Right Panel,Yes 1000 Envelopes A7
Majestic,Silk,7 x 10,Vertical,Rectangle,16PT C2S,Spot UV,Silk,Spot UV Front,4/4 (4 color both sides),5000,Score in Half,Moon Slits Right Panel,Yes 1000 Envelopes A7
Majestic,Silk,7 x 10,Horizontal,Rectangle,16PT C2S,Spot UV,Silk,Spot UV Front,4/4 (4 color both sides),5000,Score in Half,Moon Slits Right Panel,Yes 1000 Envelopes A7
Majestic,Silk,7 x 10,Horizontal,Rectangle,16PT C2S,Spot UV,Silk,Spot UV Back,4/4 (4 color both sides),5000,Score in Half,Moon Slits Right Panel,Yes 1000 Envelopes A7
Majestic,Silk,7 x 10,Horizontal,Rectangle,16PT C2S,Spot UV,Silk,Spot UV Both Sides,4/4 (4 color both sides),5000,Score in Half,Moon Slits Right Panel,Yes 1000 Envelopes A7
Majestic,Silk,7 x 10,Vertical,Rectangle,16PT C2S,Spot UV,Silk,Spot UV Both Sides,4/4 (4 color both sides),5000,Score in Half,Moon Slits Right Panel,Yes 1000 Envelopes A7
Majestic,Silk,7 x 10,Vertical,Rectangle,16PT C2S,Spot UV,Silk,Spot UV Back,4/4 (4 color both sides),5000,Score in Half,Moon Slits Right Panel,Yes 1000 Envelopes A7
Majestic,Silk,7 x 10,Horizontal,Rectangle,16PT C2S,Spot UV,Silk,Spot UV Front,4/1,10000,Score in Half,Moon Slits Right Panel,Yes 1000 Envelopes A7
Majestic,Silk,7 x 10,Vertical,Rectangle,16PT C2S,Spot UV,Silk,Spot UV Front,4/1,10000,Score in Half,Moon Slits Right Panel,Yes 1000 Envelopes A7
Majestic,Silk,7 x 10,Horizontal,Rectangle,16PT C2S,Spot UV,Silk,Spot UV Back,4/1,10000,Score in Half,Moon Slits Right Panel,Yes 1000 Envelopes A7
Majestic,Silk,7 x 10,Vertical,Rectangle,16PT C2S,Spot UV,Silk,Spot UV Back,4/1,5000,Score in Half,Moon Slits Bottom Panel,Yes 1000 Envelopes A7
Majestic,Silk,7 x 10,Vertical,Rectangle,16PT C2S,Spot UV,Silk,Spot UV Both Sides,4/1,5000,Score in Half,Moon Slits Right Panel,Yes 1000 Envelopes A7
Majestic,Silk,7 x 10,Vertical,Rectangle,16PT C2S,Spot UV,Silk,Spot UV Both Sides,4/1,10000,Score in Half,Moon Slits Right Panel,Yes 1000 Envelopes A7
Majestic,Silk,7 x 10,Horizontal,Rectangle,16PT C2S,Spot UV,Silk,Spot UV Front,4/4 (4 color both sides),10000,Score in Half,Moon Slits Right Panel,Yes 1000 Envelopes A7
Majestic,Silk,7 x 10,Vertical,Rectangle,16PT C2S,Spot UV,Silk,Spot UV Front,4/4 (4 color both sides),10000,Score in Half,Moon Slits Right Panel,Yes 1000 Envelopes A7
Majestic,Silk,7 x 10,Horizontal,Rectangle,16PT C2S,Spot UV,Silk,Spot UV Back,4/4 (4 color both sides),10000,Score in Half,Moon Slits Right Panel,Yes 1000 Envelopes A7
Majestic,Silk,7 x 10,Vertical,Rectangle,16PT C2S,Spot UV,Silk,Spot UV Back,4/1,10000,Score in Half,Moon Slits Right Panel,Yes 1000 Envelopes A7
Majestic,Silk,7 x 10,Horizontal,Rectangle,16PT C2S,Spot UV,Silk,Spot UV Both Sides,4/4 (4 color both sides),10000,Score in Half,Moon Slits Right Panel,Yes 1000 Envelopes A7
Majestic,Silk,7 x 10,Horizontal,Rectangle,16PT C2S,Spot UV,Silk,Spot UV Front,4/1,500,Score in Half,No Gift Cards Slits,Yes 1000 Envelopes A7
Majestic,Silk,7 x 10,Vertical,Rectangle,16PT C2S,Spot UV,Silk,Spot UV Front,4/1,500,Score in Half,No Gift Cards Slits,Yes 1000 Envelopes A7
Majestic,Silk,7 x 10,Horizontal,Rectangle,16PT C2S,Spot UV,Silk,Spot UV Back,4/1,500,Score in Half,No Gift Cards Slits,Yes 1000 Envelopes A7
Majestic,Silk,7 x 10,Vertical,Rectangle,16PT C2S,Spot UV,Silk,Spot UV Back,4/1,500,Score in Half,No Gift Cards Slits,Yes 1000 Envelopes A7
Majestic,Silk,7 x 10,Vertical,Rectangle,16PT C2S,Spot UV,Silk,Spot UV Both Sides,4/4 (4 color both sides),10000,Score in Half,Moon Slits Right Panel,Yes 1000 Envelopes A7
Majestic,Silk,7 x 10,Horizontal,Rectangle,16PT C2S,Spot UV,Silk,Spot UV Both Sides,4/1,500,Score in Half,No Gift Cards Slits,Yes 1000 Envelopes A7
Majestic,Silk,7 x 10,Horizontal,Rectangle,16PT C2S,Spot UV,Silk,Spot UV Both Sides,4/1,5000,Score in Half,Moon Slits Right Panel,Yes 1000 Envelopes A7
Majestic,Silk,7 x 10,Horizontal,Rectangle,16PT C2S,Spot UV,Silk,Spot UV Front,4/4 (4 color both sides),500,Score in Half,No Gift Cards Slits,Yes 1000 Envelopes A7
Majestic,Silk,7 x 10,Horizontal,Rectangle,16PT C2S,Spot UV,Silk,Spot UV Back,4/4 (4 color both sides),500,Score in Half,No Gift Cards Slits,Yes 1000 Envelopes A7
Majestic,Silk,7 x 10,Vertical,Rectangle,16PT C2S,Spot UV,Silk,Spot UV Back,4/4 (4 color both sides),500,Score in Half,No Gift Cards Slits,Yes 1000 Envelopes A7
Majestic,Silk,7 x 10,Vertical,Rectangle,16PT C2S,Spot UV,Silk,Spot UV Front,4/4 (4 color both sides),500,Score in Half,No Gift Cards Slits,Yes 1000 Envelopes A7
Majestic,Silk,7 x 10,Horizontal,Rectangle,16PT C2S,Spot UV,Silk,Spot UV Both Sides,4/4 (4 color both sides),500,Score in Half,No Gift Cards Slits,Yes 1000 Envelopes A7
Majestic,Silk,7 x 10,Vertical,Rectangle,16PT C2S,Spot UV,Silk,Spot UV Both Sides,4/4 (4 color both sides),500,Score in Half,No Gift Cards Slits,Yes 1000 Envelopes A7
Majestic,Silk,7 x 10,Horizontal,Rectangle,16PT C2S,Spot UV,Silk,Spot UV Front,4/1,1000,Score in Half,No Gift Cards Slits,Yes 1000 Envelopes A7
Majestic,Silk,7 x 10,Horizontal,Rectangle,16PT C2S,Spot UV,Silk,Spot UV Both Sides,4/1,1000,Score in Half,No Gift Cards Slits,Yes 1000 Envelopes A7
Majestic,Silk,7 x 10,Horizontal,Rectangle,16PT C2S,Spot UV,Silk,Spot UV Back,4/1,1000,Score in Half,No Gift Cards Slits,Yes 1000 Envelopes A7
Majestic,Silk,7 x 10,Vertical,Rectangle,16PT C2S,Spot UV,Silk,Spot UV Back,4/1,1000,Score in Half,No Gift Cards Slits,Yes 1000 Envelopes A7
Majestic,Silk,7 x 10,Vertical,Rectangle,16PT C2S,Spot UV,Silk,Spot UV Front,4/1,1000,Score in Half,No Gift Cards Slits,Yes 1000 Envelopes A7
Majestic,Silk,7 x 10,Vertical,Rectangle,16PT C2S,Spot UV,Silk,Spot UV Both Sides,4/1,1000,Score in Half,No Gift Cards Slits,Yes 1000 Envelopes A7
Majestic,Silk,7 x 10,Horizontal,Rectangle,16PT C2S,Spot UV,Silk,Spot UV Front,4/4 (4 color both sides),1000,Score in Half,No Gift Cards Slits,Yes 1000 Envelopes A7
Majestic,Silk,7 x 10,Vertical,Rectangle,16PT C2S,Spot UV,Silk,Spot UV Back,4/4 (4 color both sides),1000,Score in Half,No Gift Cards Slits,Yes 1000 Envelopes A7
Majestic,Silk,7 x 10,Horizontal,Rectangle,16PT C2S,Spot UV,Silk,Spot UV Both Sides,4/4 (4 color both sides),1000,Score in Half,No Gift Cards Slits,Yes 1000 Envelopes A7
Majestic,Silk,7 x 10,Vertical,Rectangle,16PT C2S,Spot UV,Silk,Spot UV Front,4/4 (4 color both sides),1000,Score in Half,No Gift Cards Slits,Yes 1000 Envelopes A7
Majestic,Silk,7 x 10,Horizontal,Rectangle,16PT C2S,Spot UV,Silk,Spot UV Back,4/4 (4 color both sides),1000,Score in Half,No Gift Cards Slits,Yes 1000 Envelopes A7
Majestic,Silk,7 x 10,Vertical,Rectangle,16PT C2S,Spot UV,Silk,Spot UV Both Sides,4/4 (4 color both sides),1000,Score in Half,No Gift Cards Slits,Yes 1000 Envelopes A7
Majestic,Silk,7 x 10,Horizontal,Rectangle,16PT C2S,Spot UV,Silk,Spot UV Front,4/1,2500,Score in Half,No Gift Cards Slits,Yes 1000 Envelopes A7
Majestic,Silk,7 x 10,Vertical,Rectangle,16PT C2S,Spot UV,Silk,Spot UV Back,4/1,2500,Score in Half,No Gift Cards Slits,Yes 1000 Envelopes A7
Majestic,Silk,7 x 10,Horizontal,Rectangle,16PT C2S,Spot UV,Silk,Spot UV Back,4/1,2500,Score in Half,No Gift Cards Slits,Yes 1000 Envelopes A7
Majestic,Silk,7 x 10,Horizontal,Rectangle,16PT C2S,Spot UV,Silk,Spot UV Both Sides,4/1,2500,Score in Half,No Gift Cards Slits,Yes 1000 Envelopes A7
Majestic,Silk,7 x 10,Vertical,Rectangle,16PT C2S,Spot UV,Silk,Spot UV Front,4/1,2500,Score in Half,No Gift Cards Slits,Yes 1000 Envelopes A7
Majestic,Silk,7 x 10,Vertical,Rectangle,16PT C2S,Spot UV,Silk,Spot UV Both Sides,4/1,2500,Score in Half,No Gift Cards Slits,Yes 1000 Envelopes A7
Majestic,Silk,7 x 10,Horizontal,Rectangle,16PT C2S,Spot UV,Silk,Spot UV Front,4/4 (4 color both sides),2500,Score in Half,No Gift Cards Slits,Yes 1000 Envelopes A7
Majestic,Silk,7 x 10,Vertical,Rectangle,16PT C2S,Spot UV,Silk,Spot UV Front,4/4 (4 color both sides),2500,Score in Half,No Gift Cards Slits,Yes 1000 Envelopes A7
Majestic,Silk,7 x 10,Vertical,Rectangle,16PT C2S,Spot UV,Silk,Spot UV Back,4/4 (4 color both sides),2500,Score in Half,No Gift Cards Slits,Yes 1000 Envelopes A7
Majestic,Silk,7 x 10,Vertical,Rectangle,16PT C2S,Spot UV,Silk,Spot UV Both Sides,4/4 (4 color both sides),2500,Score in Half,No Gift Cards Slits,Yes 1000 Envelopes A7
Majestic,Silk,7 x 10,Horizontal,Rectangle,16PT C2S,Spot UV,Silk,Spot UV Front,4/1,5000,Score in Half,No Gift Cards Slits,Yes 1000 Envelopes A7
Majestic,Silk,7 x 10,Horizontal,Rectangle,16PT C2S,Spot UV,Silk,Spot UV Both Sides,4/4 (4 color both sides),2500,Score in Half,No Gift Cards Slits,Yes 1000 Envelopes A7
Majestic,Silk,7 x 10,Vertical,Rectangle,16PT C2S,Spot UV,Silk,Spot UV Front,4/1,5000,Score in Half,No Gift Cards Slits,Yes 1000 Envelopes A7
Majestic,Silk,7 x 10,Horizontal,Rectangle,16PT C2S,Spot UV,Silk,Spot UV Back,4/1,5000,Score in Half,No Gift Cards Slits,Yes 1000 Envelopes A7
Majestic,Silk,7 x 10,Vertical,Rectangle,16PT C2S,Spot UV,Silk,Spot UV Back,4/1,5000,Score in Half,No Gift Cards Slits,Yes 1000 Envelopes A7
Majestic,Silk,7 x 10,Horizontal,Rectangle,16PT C2S,Spot UV,Silk,Spot UV Both Sides,4/1,5000,Score in Half,No Gift Cards Slits,Yes 1000 Envelopes A7
Majestic,Silk,7 x 10,Vertical,Rectangle,16PT C2S,Spot UV,Silk,Spot UV Both Sides,4/1,5000,Score in Half,No Gift Cards Slits,Yes 1000 Envelopes A7
Majestic,Silk,7 x 10,Horizontal,Rectangle,16PT C2S,Spot UV,Silk,Spot UV Front,4/4 (4 color both sides),5000,Score in Half,No Gift Cards Slits,Yes 1000 Envelopes A7
Majestic,Silk,7 x 10,Vertical,Rectangle,16PT C2S,Spot UV,Silk,Spot UV Front,4/4 (4 color both sides),5000,Score in Half,No Gift Cards Slits,Yes 1000 Envelopes A7
Majestic,Silk,7 x 10,Horizontal,Rectangle,16PT C2S,Spot UV,Silk,Spot UV Back,4/4 (4 color both sides),5000,Score in Half,No Gift Cards Slits,Yes 1000 Envelopes A7
Majestic,Silk,7 x 10,Horizontal,Rectangle,16PT C2S,Spot UV,Silk,Spot UV Back,4/4 (4 color both sides),2500,Score in Half,No Gift Cards Slits,Yes 1000 Envelopes A7
Majestic,Silk,7 x 10,Vertical,Rectangle,16PT C2S,Spot UV,Silk,Spot UV Back,4/4 (4 color both sides),5000,Score in Half,No Gift Cards Slits,Yes 1000 Envelopes A7
Majestic,Silk,7 x 10,Horizontal,Rectangle,16PT C2S,Spot UV,Silk,Spot UV Both Sides,4/4 (4 color both sides),5000,Score in Half,No Gift Cards Slits,Yes 1000 Envelopes A7
Majestic,Silk,7 x 10,Vertical,Rectangle,16PT C2S,Spot UV,Silk,Spot UV Both Sides,4/4 (4 color both sides),5000,Score in Half,No Gift Cards Slits,Yes 1000 Envelopes A7
Majestic,Silk,7 x 10,Vertical,Rectangle,16PT C2S,Spot UV,Silk,Spot UV Front,4/1,10000,Score in Half,No Gift Cards Slits,Yes 1000 Envelopes A7
Majestic,Silk,7 x 10,Horizontal,Rectangle,16PT C2S,Spot UV,Silk,Spot UV Back,4/1,10000,Score in Half,No Gift Cards Slits,Yes 1000 Envelopes A7
Majestic,Silk,7 x 10,Vertical,Rectangle,16PT C2S,Spot UV,Silk,Spot UV Back,4/1,10000,Score in Half,No Gift Cards Slits,Yes 1000 Envelopes A7
Majestic,Silk,7 x 10,Horizontal,Rectangle,16PT C2S,Spot UV,Silk,Spot UV Front,4/1,10000,Score in Half,No Gift Cards Slits,Yes 1000 Envelopes A7
Majestic,Silk,7 x 10,Vertical,Rectangle,16PT C2S,Spot UV,Silk,Spot UV Both Sides,4/1,10000,Score in Half,No Gift Cards Slits,Yes 1000 Envelopes A7
Majestic,Silk,7 x 10,Horizontal,Rectangle,16PT C2S,Spot UV,Silk,Spot UV Both Sides,4/1,10000,Score in Half,No Gift Cards Slits,Yes 1000 Envelopes A7
Majestic,Silk,7 x 10,Horizontal,Rectangle,16PT C2S,Spot UV,Silk,Spot UV Front,4/4 (4 color both sides),10000,Score in Half,No Gift Cards Slits,Yes 1000 Envelopes A7
Majestic,Silk,7 x 10,Horizontal,Rectangle,16PT C2S,Spot UV,Silk,Spot UV Back,4/4 (4 color both sides),10000,Score in Half,No Gift Cards Slits,Yes 1000 Envelopes A7
Majestic,Silk,7 x 10,Vertical,Rectangle,16PT C2S,Spot UV,Silk,Spot UV Back,4/4 (4 color both sides),10000,Score in Half,No Gift Cards Slits,Yes 1000 Envelopes A7
Majestic,Silk,7 x 10,Vertical,Rectangle,16PT C2S,Spot UV,Silk,Spot UV Front,4/4 (4 color both sides),10000,Score in Half,No Gift Cards Slits,Yes 1000 Envelopes A7
Majestic,Silk,7 x 10,Horizontal,Rectangle,16PT C2S,Spot UV,Silk,Spot UV Both Sides,4/4 (4 color both sides),10000,Score in Half,No Gift Cards Slits,Yes 1000 Envelopes A7
Majestic,Silk,7 x 10,Vertical,Rectangle,16PT C2S,Spot UV,Silk,Spot UV Both Sides,4/4 (4 color both sides),10000,Score in Half,No Gift Cards Slits,Yes 1000 Envelopes A7
Majestic,Silk,7 x 10,Horizontal,Rectangle,16PT C2S,Spot UV,Silk,Spot UV Front,4/1,500,Score in Half,Slide Slits Bottom Panel,Yes 1000 Envelopes A7
Majestic,Silk,7 x 10,Vertical,Rectangle,16PT C2S,Spot UV,Silk,Spot UV Front,4/1,500,Score in Half,Slide Slits Bottom Panel,Yes 1000 Envelopes A7
Majestic,Silk,7 x 10,Horizontal,Rectangle,16PT C2S,Spot UV,Silk,Spot UV Back,4/1,500,Score in Half,Slide Slits Bottom Panel,Yes 1000 Envelopes A7
Majestic,Silk,7 x 10,Vertical,Rectangle,16PT C2S,Spot UV,Silk,Spot UV Back,4/1,500,Score in Half,Slide Slits Bottom Panel,Yes 1000 Envelopes A7
Majestic,Silk,7 x 10,Horizontal,Rectangle,16PT C2S,Spot UV,Silk,Spot UV Both Sides,4/1,500,Score in Half,Slide Slits Bottom Panel,Yes 1000 Envelopes A7
Majestic,Silk,7 x 10,Vertical,Rectangle,16PT C2S,Spot UV,Silk,Spot UV Both Sides,4/1,500,Score in Half,Slide Slits Bottom Panel,Yes 1000 Envelopes A7
Majestic,Silk,7 x 10,Horizontal,Rectangle,16PT C2S,Spot UV,Silk,Spot UV Front,4/4 (4 color both sides),500,Score in Half,Slide Slits Bottom Panel,Yes 1000 Envelopes A7
Majestic,Silk,7 x 10,Vertical,Rectangle,16PT C2S,Spot UV,Silk,Spot UV Front,4/4 (4 color both sides),500,Score in Half,Slide Slits Bottom Panel,Yes 1000 Envelopes A7
Majestic,Silk,7 x 10,Horizontal,Rectangle,16PT C2S,Spot UV,Silk,Spot UV Back,4/4 (4 color both sides),500,Score in Half,Slide Slits Bottom Panel,Yes 1000 Envelopes A7
Majestic,Silk,7 x 10,Vertical,Rectangle,16PT C2S,Spot UV,Silk,Spot UV Back,4/4 (4 color both sides),500,Score in Half,Slide Slits Bottom Panel,Yes 1000 Envelopes A7
Majestic,Silk,7 x 10,Horizontal,Rectangle,16PT C2S,Spot UV,Silk,Spot UV Both Sides,4/4 (4 color both sides),500,Score in Half,Slide Slits Bottom Panel,Yes 1000 Envelopes A7
Majestic,Silk,7 x 10,Vertical,Rectangle,16PT C2S,Spot UV,Silk,Spot UV Both Sides,4/4 (4 color both sides),500,Score in Half,Slide Slits Bottom Panel,Yes 1000 Envelopes A7
Majestic,Silk,7 x 10,Horizontal,Rectangle,16PT C2S,Spot UV,Silk,Spot UV Front,4/1,1000,Score in Half,Slide Slits Bottom Panel,Yes 1000 Envelopes A7
Majestic,Silk,7 x 10,Vertical,Rectangle,16PT C2S,Spot UV,Silk,Spot UV Front,4/1,1000,Score in Half,Slide Slits Bottom Panel,Yes 1000 Envelopes A7
Majestic,Silk,7 x 10,Horizontal,Rectangle,16PT C2S,Spot UV,Silk,Spot UV Back,4/1,1000,Score in Half,Slide Slits Bottom Panel,Yes 1000 Envelopes A7
Majestic,Silk,7 x 10,Vertical,Rectangle,16PT C2S,Spot UV,Silk,Spot UV Back,4/4 (4 color both sides),10000,Score in Half,Moon Slits Right Panel,Yes 1000 Envelopes A7
Majestic,Silk,7 x 10,Horizontal,Rectangle,16PT C2S,Spot UV,Silk,Spot UV Both Sides,4/1,1000,Score in Half,Slide Slits Bottom Panel,Yes 1000 Envelopes A7
Majestic,Silk,7 x 10,Horizontal,Rectangle,16PT C2S,Spot UV,Silk,Spot UV Front,4/4 (4 color both sides),1000,Score in Half,Slide Slits Bottom Panel,Yes 1000 Envelopes A7
Majestic,Silk,7 x 10,Vertical,Rectangle,16PT C2S,Spot UV,Silk,Spot UV Both Sides,4/1,1000,Score in Half,Slide Slits Bottom Panel,Yes 1000 Envelopes A7
Majestic,Silk,7 x 10,Vertical,Rectangle,16PT C2S,Spot UV,Silk,Spot UV Front,4/4 (4 color both sides),1000,Score in Half,Slide Slits Bottom Panel,Yes 1000 Envelopes A7
Majestic,Silk,7 x 10,Horizontal,Rectangle,16PT C2S,Spot UV,Silk,Spot UV Back,4/4 (4 color both sides),1000,Score in Half,Slide Slits Bottom Panel,Yes 1000 Envelopes A7
Majestic,Silk,7 x 10,Vertical,Rectangle,16PT C2S,Spot UV,Silk,Spot UV Back,4/4 (4 color both sides),1000,Score in Half,Slide Slits Bottom Panel,Yes 1000 Envelopes A7
Majestic,Silk,7 x 10,Vertical,Rectangle,16PT C2S,Spot UV,Silk,Spot UV Both Sides,4/4 (4 color both sides),1000,Score in Half,Slide Slits Bottom Panel,Yes 1000 Envelopes A7
Majestic,Silk,7 x 10,Horizontal,Rectangle,16PT C2S,Spot UV,Silk,Spot UV Front,4/1,2500,Score in Half,Slide Slits Bottom Panel,Yes 1000 Envelopes A7
Majestic,Silk,7 x 10,Horizontal,Rectangle,16PT C2S,Spot UV,Silk,Spot UV Both Sides,4/4 (4 color both sides),1000,Score in Half,Slide Slits Bottom Panel,Yes 1000 Envelopes A7
Majestic,Silk,7 x 10,Horizontal,Rectangle,16PT C2S,Spot UV,Silk,Spot UV Back,4/1,2500,Score in Half,Slide Slits Bottom Panel,Yes 1000 Envelopes A7
Majestic,Silk,7 x 10,Vertical,Rectangle,16PT C2S,Spot UV,Silk,Spot UV Front,4/1,2500,Score in Half,Slide Slits Bottom Panel,Yes 1000 Envelopes A7
Majestic,Silk,7 x 10,Vertical,Rectangle,16PT C2S,Spot UV,Silk,Spot UV Back,4/1,2500,Score in Half,Slide Slits Bottom Panel,Yes 1000 Envelopes A7
Majestic,Silk,7 x 10,Horizontal,Rectangle,16PT C2S,Spot UV,Silk,Spot UV Both Sides,4/1,2500,Score in Half,Slide Slits Bottom Panel,Yes 1000 Envelopes A7
Majestic,Silk,7 x 10,Horizontal,Rectangle,16PT C2S,Spot UV,Silk,Spot UV Front,4/4 (4 color both sides),2500,Score in Half,Slide Slits Bottom Panel,Yes 1000 Envelopes A7
Majestic,Silk,7 x 10,Vertical,Rectangle,16PT C2S,Spot UV,Silk,Spot UV Front,4/4 (4 color both sides),2500,Score in Half,Slide Slits Bottom Panel,Yes 1000 Envelopes A7
Majestic,Silk,7 x 10,Vertical,Rectangle,16PT C2S,Spot UV,Silk,Spot UV Both Sides,4/1,2500,Score in Half,Slide Slits Bottom Panel,Yes 1000 Envelopes A7
Majestic,Silk,7 x 10,Vertical,Rectangle,16PT C2S,Spot UV,Silk,Spot UV Back,4/4 (4 color both sides),2500,Score in Half,Slide Slits Bottom Panel,Yes 1000 Envelopes A7
Majestic,Silk,7 x 10,Horizontal,Rectangle,16PT C2S,Spot UV,Silk,Spot UV Both Sides,4/4 (4 color both sides),2500,Score in Half,Slide Slits Bottom Panel,Yes 1000 Envelopes A7
Majestic,Silk,7 x 10,Vertical,Rectangle,16PT C2S,Spot UV,Silk,Spot UV Both Sides,4/4 (4 color both sides),2500,Score in Half,Slide Slits Bottom Panel,Yes 1000 Envelopes A7
Majestic,Silk,7 x 10,Horizontal,Rectangle,16PT C2S,Spot UV,Silk,Spot UV Back,4/4 (4 color both sides),2500,Score in Half,Slide Slits Bottom Panel,Yes 1000 Envelopes A7
Majestic,Silk,7 x 10,Vertical,Rectangle,16PT C2S,Spot UV,Silk,Spot UV Front,4/1,5000,Score in Half,Slide Slits Bottom Panel,Yes 1000 Envelopes A7
Majestic,Silk,7 x 10,Horizontal,Rectangle,16PT C2S,Spot UV,Silk,Spot UV Back,4/1,5000,Score in Half,Slide Slits Bottom Panel,Yes 1000 Envelopes A7
Majestic,Silk,7 x 10,Horizontal,Rectangle,16PT C2S,Spot UV,Silk,Spot UV Front,4/1,5000,Score in Half,Slide Slits Bottom Panel,Yes 1000 Envelopes A7
Majestic,Silk,7 x 10,Horizontal,Rectangle,16PT C2S,Spot UV,Silk,Spot UV Both Sides,4/1,5000,Score in Half,Slide Slits Bottom Panel,Yes 1000 Envelopes A7
Majestic,Silk,7 x 10,Vertical,Rectangle,16PT C2S,Spot UV,Silk,Spot UV Both Sides,4/1,5000,Score in Half,Slide Slits Bottom Panel,Yes 1000 Envelopes A7
Majestic,Silk,7 x 10,Vertical,Rectangle,16PT C2S,Spot UV,Silk,Spot UV Front,4/4 (4 color both sides),5000,Score in Half,Slide Slits Bottom Panel,Yes 1000 Envelopes A7
Majestic,Silk,7 x 10,Horizontal,Rectangle,16PT C2S,Spot UV,Silk,Spot UV Back,4/4 (4 color both sides),5000,Score in Half,Slide Slits Bottom Panel,Yes 1000 Envelopes A7
Majestic,Silk,7 x 10,Horizontal,Rectangle,16PT C2S,Spot UV,Silk,Spot UV Front,4/4 (4 color both sides),5000,Score in Half,Slide Slits Bottom Panel,Yes 1000 Envelopes A7
Majestic,Silk,7 x 10,Vertical,Rectangle,16PT C2S,Spot UV,Silk,Spot UV Back,4/4 (4 color both sides),5000,Score in Half,Slide Slits Bottom Panel,Yes 1000 Envelopes A7
Majestic,Silk,7 x 10,Horizontal,Rectangle,16PT C2S,Spot UV,Silk,Spot UV Both Sides,4/4 (4 color both sides),5000,Score in Half,Slide Slits Bottom Panel,Yes 1000 Envelopes A7
Majestic,Silk,7 x 10,Vertical,Rectangle,16PT C2S,Spot UV,Silk,Spot UV Back,4/1,5000,Score in Half,Slide Slits Bottom Panel,Yes 1000 Envelopes A7
Majestic,Silk,7 x 10,Vertical,Rectangle,16PT C2S,Spot UV,Silk,Spot UV Both Sides,4/4 (4 color both sides),5000,Score in Half,Slide Slits Bottom Panel,Yes 1000 Envelopes A7
Majestic,Silk,7 x 10,Horizontal,Rectangle,16PT C2S,Spot UV,Silk,Spot UV Front,4/1,10000,Score in Half,Slide Slits Bottom Panel,Yes 1000 Envelopes A7
Majestic,Silk,7 x 10,Vertical,Rectangle,16PT C2S,Spot UV,Silk,Spot UV Front,4/1,10000,Score in Half,Slide Slits Bottom Panel,Yes 1000 Envelopes A7
Majestic,Silk,7 x 10,Horizontal,Rectangle,16PT C2S,Spot UV,Silk,Spot UV Back,4/1,10000,Score in Half,Slide Slits Bottom Panel,Yes 1000 Envelopes A7
Majestic,Silk,7 x 10,Vertical,Rectangle,16PT C2S,Spot UV,Silk,Spot UV Back,4/1,10000,Score in Half,Slide Slits Bottom Panel,Yes 1000 Envelopes A7
Majestic,Silk,7 x 10,Horizontal,Rectangle,16PT C2S,Spot UV,Silk,Spot UV Both Sides,4/1,10000,Score in Half,Slide Slits Bottom Panel,Yes 1000 Envelopes A7
Majestic,Silk,7 x 10,Vertical,Rectangle,16PT C2S,Spot UV,Silk,Spot UV Both Sides,4/1,500,Score in Half,No Gift Cards Slits,Yes 1000 Envelopes A7
Majestic,Silk,7 x 10,Horizontal,Rectangle,16PT C2S,Spot UV,Silk,Spot UV Front,4/4 (4 color both sides),10000,Score in Half,Slide Slits Bottom Panel,Yes 1000 Envelopes A7
Majestic,Silk,7 x 10,Vertical,Rectangle,16PT C2S,Spot UV,Silk,Spot UV Front,4/4 (4 color both sides),10000,Score in Half,Slide Slits Bottom Panel,Yes 1000 Envelopes A7
Majestic,Silk,7 x 10,Horizontal,Rectangle,16PT C2S,Spot UV,Silk,Spot UV Back,4/4 (4 color both sides),10000,Score in Half,Slide Slits Bottom Panel,Yes 1000 Envelopes A7
Majestic,Silk,7 x 10,Vertical,Rectangle,16PT C2S,Spot UV,Silk,Spot UV Back,4/1,1000,Score in Half,Slide Slits Bottom Panel,Yes 1000 Envelopes A7
Majestic,Silk,7 x 10,Vertical,Rectangle,16PT C2S,Spot UV,Silk,Spot UV Both Sides,4/4 (4 color both sides),10000,Score in Half,Slide Slits Bottom Panel,Yes 1000 Envelopes A7
Majestic,Silk,7 x 10,Horizontal,Rectangle,16PT C2S,Spot UV,Silk,Spot UV Front,4/1,500,Score in Half,Slide Slits Right Panel,Yes 1000 Envelopes A7
Majestic,Silk,7 x 10,Vertical,Rectangle,16PT C2S,Spot UV,Silk,Spot UV Front,4/1,500,Score in Half,Slide Slits Right Panel,Yes 1000 Envelopes A7
Majestic,Silk,7 x 10,Horizontal,Rectangle,16PT C2S,Spot UV,Silk,Spot UV Back,4/1,500,Score in Half,Slide Slits Right Panel,Yes 1000 Envelopes A7
Majestic,Silk,7 x 10,Horizontal,Rectangle,16PT C2S,Spot UV,Silk,Spot UV Both Sides,4/4 (4 color both sides),10000,Score in Half,Slide Slits Bottom Panel,Yes 1000 Envelopes A7
Majestic,Silk,7 x 10,Vertical,Rectangle,16PT C2S,Spot UV,Silk,Spot UV Back,4/1,500,Score in Half,Slide Slits Right Panel,Yes 1000 Envelopes A7
Majestic,Silk,7 x 10,Horizontal,Rectangle,16PT C2S,Spot UV,Silk,Spot UV Both Sides,4/1,500,Score in Half,Slide Slits Right Panel,Yes 1000 Envelopes A7
Majestic,Silk,7 x 10,Vertical,Rectangle,16PT C2S,Spot UV,Silk,Spot UV Both Sides,4/1,500,Score in Half,Slide Slits Right Panel,Yes 1000 Envelopes A7
Majestic,Silk,7 x 10,Vertical,Rectangle,16PT C2S,Spot UV,Silk,Spot UV Front,4/4 (4 color both sides),500,Score in Half,Slide Slits Right Panel,Yes 1000 Envelopes A7
Majestic,Silk,7 x 10,Horizontal,Rectangle,16PT C2S,Spot UV,Silk,Spot UV Back,4/4 (4 color both sides),500,Score in Half,Slide Slits Right Panel,Yes 1000 Envelopes A7
Majestic,Silk,7 x 10,Vertical,Rectangle,16PT C2S,Spot UV,Silk,Spot UV Back,4/4 (4 color both sides),500,Score in Half,Slide Slits Right Panel,Yes 1000 Envelopes A7
Majestic,Silk,7 x 10,Horizontal,Rectangle,16PT C2S,Spot UV,Silk,Spot UV Front,4/4 (4 color both sides),500,Score in Half,Slide Slits Right Panel,Yes 1000 Envelopes A7
Majestic,Silk,7 x 10,Horizontal,Rectangle,16PT C2S,Spot UV,Silk,Spot UV Both Sides,4/4 (4 color both sides),500,Score in Half,Slide Slits Right Panel,Yes 1000 Envelopes A7
Majestic,Silk,7 x 10,Vertical,Rectangle,16PT C2S,Spot UV,Silk,Spot UV Both Sides,4/4 (4 color both sides),500,Score in Half,Slide Slits Right Panel,Yes 1000 Envelopes A7
Majestic,Silk,7 x 10,Horizontal,Rectangle,16PT C2S,Spot UV,Silk,Spot UV Front,4/1,1000,Score in Half,Slide Slits Right Panel,Yes 1000 Envelopes A7
Majestic,Silk,7 x 10,Vertical,Rectangle,16PT C2S,Spot UV,Silk,Spot UV Front,4/1,1000,Score in Half,Slide Slits Right Panel,Yes 1000 Envelopes A7
Majestic,Silk,7 x 10,Vertical,Rectangle,16PT C2S,Spot UV,Silk,Spot UV Both Sides,4/1,10000,Score in Half,Slide Slits Bottom Panel,Yes 1000 Envelopes A7
Majestic,Silk,7 x 10,Vertical,Rectangle,16PT C2S,Spot UV,Silk,Spot UV Back,4/1,1000,Score in Half,Slide Slits Right Panel,Yes 1000 Envelopes A7
Majestic,Silk,7 x 10,Horizontal,Rectangle,16PT C2S,Spot UV,Silk,Spot UV Both Sides,4/1,1000,Score in Half,Slide Slits Right Panel,Yes 1000 Envelopes A7
Majestic,Silk,7 x 10,Vertical,Rectangle,16PT C2S,Spot UV,Silk,Spot UV Both Sides,4/1,1000,Score in Half,Slide Slits Right Panel,Yes 1000 Envelopes A7
Majestic,Silk,7 x 10,Horizontal,Rectangle,16PT C2S,Spot UV,Silk,Spot UV Front,4/4 (4 color both sides),1000,Score in Half,Slide Slits Right Panel,Yes 1000 Envelopes A7
Majestic,Silk,7 x 10,Vertical,Rectangle,16PT C2S,Spot UV,Silk,Spot UV Front,4/4 (4 color both sides),1000,Score in Half,Slide Slits Right Panel,Yes 1000 Envelopes A7
Majestic,Silk,7 x 10,Horizontal,Rectangle,16PT C2S,Spot UV,Silk,Spot UV Back,4/1,1000,Score in Half,Slide Slits Right Panel,Yes 1000 Envelopes A7
Majestic,Silk,7 x 10,Vertical,Rectangle,16PT C2S,Spot UV,Silk,Spot UV Back,4/4 (4 color both sides),1000,Score in Half,Slide Slits Right Panel,Yes 1000 Envelopes A7
Majestic,Silk,7 x 10,Horizontal,Rectangle,16PT C2S,Spot UV,Silk,Spot UV Both Sides,4/4 (4 color both sides),1000,Score in Half,Slide Slits Right Panel,Yes 1000 Envelopes A7
Majestic,Silk,7 x 10,Vertical,Rectangle,16PT C2S,Spot UV,Silk,Spot UV Both Sides,4/4 (4 color both sides),1000,Score in Half,Slide Slits Right Panel,Yes 1000 Envelopes A7
Majestic,Silk,7 x 10,Horizontal,Rectangle,16PT C2S,Spot UV,Silk,Spot UV Front,4/1,2500,Score in Half,Slide Slits Right Panel,Yes 1000 Envelopes A7
Majestic,Silk,7 x 10,Vertical,Rectangle,16PT C2S,Spot UV,Silk,Spot UV Front,4/1,2500,Score in Half,Slide Slits Right Panel,Yes 1000 Envelopes A7
Majestic,Silk,7 x 10,Horizontal,Rectangle,16PT C2S,Spot UV,Silk,Spot UV Back,4/1,2500,Score in Half,Slide Slits Right Panel,Yes 1000 Envelopes A7
Majestic,Silk,7 x 10,Vertical,Rectangle,16PT C2S,Spot UV,Silk,Spot UV Back,4/1,2500,Score in Half,Slide Slits Right Panel,Yes 1000 Envelopes A7
Majestic,Silk,7 x 10,Horizontal,Rectangle,16PT C2S,Spot UV,Silk,Spot UV Both Sides,4/1,2500,Score in Half,Slide Slits Right Panel,Yes 1000 Envelopes A7
Majestic,Silk,7 x 10,Vertical,Rectangle,16PT C2S,Spot UV,Silk,Spot UV Both Sides,4/1,2500,Score in Half,Slide Slits Right Panel,Yes 1000 Envelopes A7
Majestic,Silk,7 x 10,Vertical,Rectangle,16PT C2S,Spot UV,Silk,Spot UV Back,4/4 (4 color both sides),10000,Score in Half,Slide Slits Bottom Panel,Yes 1000 Envelopes A7
Majestic,Silk,7 x 10,Vertical,Rectangle,16PT C2S,Spot UV,Silk,Spot UV Front,4/4 (4 color both sides),2500,Score in Half,Slide Slits Right Panel,Yes 1000 Envelopes A7
Majestic,Silk,7 x 10,Horizontal,Rectangle,16PT C2S,Spot UV,Silk,Spot UV Back,4/4 (4 color both sides),2500,Score in Half,Slide Slits Right Panel,Yes 1000 Envelopes A7
Majestic,Silk,7 x 10,Horizontal,Rectangle,16PT C2S,Spot UV,Silk,Spot UV Front,4/4 (4 color both sides),2500,Score in Half,Slide Slits Right Panel,Yes 1000 Envelopes A7
Majestic,Silk,7 x 10,Horizontal,Rectangle,16PT C2S,Spot UV,Silk,Spot UV Both Sides,4/4 (4 color both sides),2500,Score in Half,Slide Slits Right Panel,Yes 1000 Envelopes A7
Majestic,Silk,7 x 10,Vertical,Rectangle,16PT C2S,Spot UV,Silk,Spot UV Both Sides,4/4 (4 color both sides),2500,Score in Half,Slide Slits Right Panel,Yes 1000 Envelopes A7
Majestic,Silk,7 x 10,Horizontal,Rectangle,16PT C2S,Spot UV,Silk,Spot UV Front,4/1,5000,Score in Half,Slide Slits Right Panel,Yes 1000 Envelopes A7
Majestic,Silk,7 x 10,Horizontal,Rectangle,16PT C2S,Spot UV,Silk,Spot UV Both Sides,4/1,10000,Score in Half,Moon Slits Right Panel,Yes 1000 Envelopes A7
Majestic,Silk,7 x 10,Horizontal,Rectangle,16PT C2S,Spot UV,Silk,Spot UV Back,4/1,5000,Score in Half,Slide Slits Right Panel,Yes 1000 Envelopes A7
Majestic,Silk,7 x 10,Vertical,Rectangle,16PT C2S,Spot UV,Silk,Spot UV Back,4/1,5000,Score in Half,Slide Slits Right Panel,Yes 1000 Envelopes A7
Majestic,Silk,7 x 10,Horizontal,Rectangle,16PT C2S,Spot UV,Silk,Spot UV Both Sides,4/1,5000,Score in Half,Slide Slits Right Panel,Yes 1000 Envelopes A7
Majestic,Silk,7 x 10,Vertical,Rectangle,16PT C2S,Spot UV,Silk,Spot UV Both Sides,4/1,5000,Score in Half,Slide Slits Right Panel,Yes 1000 Envelopes A7
Majestic,Silk,7 x 10,Horizontal,Rectangle,16PT C2S,Spot UV,Silk,Spot UV Front,4/4 (4 color both sides),5000,Score in Half,Slide Slits Right Panel,Yes 1000 Envelopes A7
Majestic,Silk,7 x 10,Vertical,Rectangle,16PT C2S,Spot UV,Silk,Spot UV Front,4/4 (4 color both sides),5000,Score in Half,Slide Slits Right Panel,Yes 1000 Envelopes A7
Majestic,Silk,7 x 10,Horizontal,Rectangle,16PT C2S,Spot UV,Silk,Spot UV Back,4/4 (4 color both sides),5000,Score in Half,Slide Slits Right Panel,Yes 1000 Envelopes A7
Majestic,Silk,7 x 10,Vertical,Rectangle,16PT C2S,Spot UV,Silk,Spot UV Back,4/4 (4 color both sides),5000,Score in Half,Slide Slits Right Panel,Yes 1000 Envelopes A7
Majestic,Silk,7 x 10,Horizontal,Rectangle,16PT C2S,Spot UV,Silk,Spot UV Both Sides,4/4 (4 color both sides),5000,Score in Half,Slide Slits Right Panel,Yes 1000 Envelopes A7
Majestic,Silk,7 x 10,Vertical,Rectangle,16PT C2S,Spot UV,Silk,Spot UV Both Sides,4/4 (4 color both sides),5000,Score in Half,Slide Slits Right Panel,Yes 1000 Envelopes A7
Majestic,Silk,7 x 10,Horizontal,Rectangle,16PT C2S,Spot UV,Silk,Spot UV Front,4/1,10000,Score in Half,Slide Slits Right Panel,Yes 1000 Envelopes A7
Majestic,Silk,7 x 10,Vertical,Rectangle,16PT C2S,Spot UV,Silk,Spot UV Front,4/1,10000,Score in Half,Slide Slits Right Panel,Yes 1000 Envelopes A7
Majestic,Silk,7 x 10,Horizontal,Rectangle,16PT C2S,Spot UV,Silk,Spot UV Back,4/4 (4 color both sides),1000,Score in Half,Slide Slits Right Panel,Yes 1000 Envelopes A7
Majestic,Silk,7 x 10,Vertical,Rectangle,16PT C2S,Spot UV,Silk,Spot UV Back,4/4 (4 color both sides),2500,Score in Half,Slide Slits Right Panel,Yes 1000 Envelopes A7
Majestic,Silk,7 x 10,Horizontal,Rectangle,16PT C2S,Spot UV,Silk,Spot UV Both Sides,4/1,10000,Score in Half,Slide Slits Right Panel,Yes 1000 Envelopes A7
Majestic,Silk,7 x 10,Horizontal,Rectangle,16PT C2S,Spot UV,Silk,Spot UV Back,4/1,10000,Score in Half,Slide Slits Right Panel,Yes 1000 Envelopes A7
Majestic,Silk,7 x 10,Horizontal,Rectangle,16PT C2S,Spot UV,Silk,Spot UV Front,4/4 (4 color both sides),10000,Score in Half,Slide Slits Right Panel,Yes 1000 Envelopes A7
Majestic,Silk,7 x 10,Horizontal,Rectangle,16PT C2S,Spot UV,Silk,Spot UV Back,4/4 (4 color both sides),10000,Score in Half,Slide Slits Right Panel,Yes 1000 Envelopes A7
Majestic,Silk,7 x 10,Vertical,Rectangle,16PT C2S,Spot UV,Silk,Spot UV Back,4/4 (4 color both sides),10000,Score in Half,Slide Slits Right Panel,Yes 1000 Envelopes A7
Majestic,Silk,7 x 10,Vertical,Rectangle,16PT C2S,Spot UV,Silk,Spot UV Front,4/4 (4 color both sides),10000,Score in Half,Slide Slits Right Panel,Yes 1000 Envelopes A7
Majestic,Silk,7 x 10,Horizontal,Rectangle,16PT C2S,Spot UV,Silk,Spot UV Both Sides,4/4 (4 color both sides),10000,Score in Half,Slide Slits Right Panel,Yes 1000 Envelopes A7
Majestic,Silk,7 x 10,Vertical,Rectangle,16PT C2S,Spot UV,Silk,Spot UV Both Sides,4/4 (4 color both sides),10000,Score in Half,Slide Slits Right Panel,Yes 1000 Envelopes A7
Majestic,Silk,7 x 10,Horizontal,Rectangle,16PT C2S,Spot UV,Silk,Spot UV Front,4/1,500,Score in Half,Moon Slits Bottom Panel,Yes 2500 Envelopes A7
Majestic,Silk,7 x 10,Horizontal,Rectangle,16PT C2S,Spot UV,Silk,Spot UV Back,4/1,500,Score in Half,Moon Slits Bottom Panel,Yes 2500 Envelopes A7
Majestic,Silk,7 x 10,Vertical,Rectangle,16PT C2S,Spot UV,Silk,Spot UV Front,4/1,500,Score in Half,Moon Slits Bottom Panel,Yes 2500 Envelopes A7
Majestic,Silk,7 x 10,Vertical,Rectangle,16PT C2S,Spot UV,Silk,Spot UV Back,4/1,500,Score in Half,Moon Slits Bottom Panel,Yes 2500 Envelopes A7
Majestic,Silk,7 x 10,Horizontal,Rectangle,16PT C2S,Spot UV,Silk,Spot UV Both Sides,4/1,500,Score in Half,Moon Slits Bottom Panel,Yes 2500 Envelopes A7
Majestic,Silk,7 x 10,Vertical,Rectangle,16PT C2S,Spot UV,Silk,Spot UV Both Sides,4/1,500,Score in Half,Moon Slits Bottom Panel,Yes 2500 Envelopes A7
Majestic,Silk,7 x 10,Vertical,Rectangle,16PT C2S,Spot UV,Silk,Spot UV Front,4/4 (4 color both sides),500,Score in Half,Moon Slits Bottom Panel,Yes 2500 Envelopes A7
Majestic,Silk,7 x 10,Horizontal,Rectangle,16PT C2S,Spot UV,Silk,Spot UV Back,4/4 (4 color both sides),500,Score in Half,Moon Slits Bottom Panel,Yes 2500 Envelopes A7
Majestic,Silk,7 x 10,Horizontal,Rectangle,16PT C2S,Spot UV,Silk,Spot UV Front,4/4 (4 color both sides),500,Score in Half,Moon Slits Bottom Panel,Yes 2500 Envelopes A7
Majestic,Silk,7 x 10,Vertical,Rectangle,16PT C2S,Spot UV,Silk,Spot UV Back,4/4 (4 color both sides),500,Score in Half,Moon Slits Bottom Panel,Yes 2500 Envelopes A7
Majestic,Silk,7 x 10,Horizontal,Rectangle,16PT C2S,Spot UV,Silk,Spot UV Both Sides,4/4 (4 color both sides),500,Score in Half,Moon Slits Bottom Panel,Yes 2500 Envelopes A7
Majestic,Silk,7 x 10,Vertical,Rectangle,16PT C2S,Spot UV,Silk,Spot UV Both Sides,4/4 (4 color both sides),500,Score in Half,Moon Slits Bottom Panel,Yes 2500 Envelopes A7
Majestic,Silk,7 x 10,Horizontal,Rectangle,16PT C2S,Spot UV,Silk,Spot UV Front,4/1,1000,Score in Half,Moon Slits Bottom Panel,Yes 2500 Envelopes A7
Majestic,Silk,7 x 10,Vertical,Rectangle,16PT C2S,Spot UV,Silk,Spot UV Front,4/1,1000,Score in Half,Moon Slits Bottom Panel,Yes 2500 Envelopes A7
Majestic,Silk,7 x 10,Horizontal,Rectangle,16PT C2S,Spot UV,Silk,Spot UV Back,4/1,1000,Score in Half,Moon Slits Bottom Panel,Yes 2500 Envelopes A7
Majestic,Silk,7 x 10,Vertical,Rectangle,16PT C2S,Spot UV,Silk,Spot UV Back,4/1,1000,Score in Half,Moon Slits Bottom Panel,Yes 2500 Envelopes A7
Majestic,Silk,7 x 10,Horizontal,Rectangle,16PT C2S,Spot UV,Silk,Spot UV Both Sides,4/1,1000,Score in Half,Moon Slits Bottom Panel,Yes 2500 Envelopes A7
Majestic,Silk,7 x 10,Vertical,Rectangle,16PT C2S,Spot UV,Silk,Spot UV Both Sides,4/1,10000,Score in Half,Slide Slits Right Panel,Yes 1000 Envelopes A7
Majestic,Silk,7 x 10,Horizontal,Rectangle,16PT C2S,Spot UV,Silk,Spot UV Front,4/4 (4 color both sides),1000,Score in Half,Moon Slits Bottom Panel,Yes 2500 Envelopes A7
Majestic,Silk,7 x 10,Horizontal,Rectangle,16PT C2S,Spot UV,Silk,Spot UV Back,4/4 (4 color both sides),1000,Score in Half,Moon Slits Bottom Panel,Yes 2500 Envelopes A7
Majestic,Silk,7 x 10,Vertical,Rectangle,16PT C2S,Spot UV,Silk,Spot UV Both Sides,4/1,1000,Score in Half,Moon Slits Bottom Panel,Yes 2500 Envelopes A7
Majestic,Silk,7 x 10,Horizontal,Rectangle,16PT C2S,Spot UV,Silk,Spot UV Both Sides,4/4 (4 color both sides),1000,Score in Half,Moon Slits Bottom Panel,Yes 2500 Envelopes A7
Majestic,Silk,7 x 10,Vertical,Rectangle,16PT C2S,Spot UV,Silk,Spot UV Both Sides,4/4 (4 color both sides),1000,Score in Half,Moon Slits Bottom Panel,Yes 2500 Envelopes A7
Majestic,Silk,7 x 10,Horizontal,Rectangle,16PT C2S,Spot UV,Silk,Spot UV Front,4/1,2500,Score in Half,Moon Slits Bottom Panel,Yes 2500 Envelopes A7
Majestic,Silk,7 x 10,Vertical,Rectangle,16PT C2S,Spot UV,Silk,Spot UV Front,4/4 (4 color both sides),1000,Score in Half,Moon Slits Bottom Panel,Yes 2500 Envelopes A7
Majestic,Silk,7 x 10,Horizontal,Rectangle,16PT C2S,Spot UV,Silk,Spot UV Back,4/1,2500,Score in Half,Moon Slits Bottom Panel,Yes 2500 Envelopes A7
Majestic,Silk,7 x 10,Vertical,Rectangle,16PT C2S,Spot UV,Silk,Spot UV Front,4/1,2500,Score in Half,Moon Slits Bottom Panel,Yes 2500 Envelopes A7
Majestic,Silk,7 x 10,Vertical,Rectangle,16PT C2S,Spot UV,Silk,Spot UV Back,4/1,2500,Score in Half,Moon Slits Bottom Panel,Yes 2500 Envelopes A7
Majestic,Silk,7 x 10,Vertical,Rectangle,16PT C2S,Spot UV,Silk,Spot UV Front,4/1,5000,Score in Half,Slide Slits Right Panel,Yes 1000 Envelopes A7
Majestic,Silk,7 x 10,Vertical,Rectangle,16PT C2S,Spot UV,Silk,Spot UV Both Sides,4/1,2500,Score in Half,Moon Slits Bottom Panel,Yes 2500 Envelopes A7
Majestic,Silk,7 x 10,Vertical,Rectangle,16PT C2S,Spot UV,Silk,Spot UV Front,4/4 (4 color both sides),2500,Score in Half,Moon Slits Bottom Panel,Yes 2500 Envelopes A7
Majestic,Silk,7 x 10,Horizontal,Rectangle,16PT C2S,Spot UV,Silk,Spot UV Front,4/4 (4 color both sides),2500,Score in Half,Moon Slits Bottom Panel,Yes 2500 Envelopes A7
Majestic,Silk,7 x 10,Horizontal,Rectangle,16PT C2S,Spot UV,Silk,Spot UV Back,4/4 (4 color both sides),2500,Score in Half,Moon Slits Bottom Panel,Yes 2500 Envelopes A7
Majestic,Silk,7 x 10,Vertical,Rectangle,16PT C2S,Spot UV,Silk,Spot UV Back,4/4 (4 color both sides),2500,Score in Half,Moon Slits Bottom Panel,Yes 2500 Envelopes A7
Majestic,Silk,7 x 10,Vertical,Rectangle,16PT C2S,Spot UV,Silk,Spot UV Both Sides,4/4 (4 color both sides),2500,Score in Half,Moon Slits Bottom Panel,Yes 2500 Envelopes A7
Majestic,Silk,7 x 10,Horizontal,Rectangle,16PT C2S,Spot UV,Silk,Spot UV Both Sides,4/4 (4 color both sides),2500,Score in Half,Moon Slits Bottom Panel,Yes 2500 Envelopes A7
Majestic,Silk,7 x 10,Vertical,Rectangle,16PT C2S,Spot UV,Silk,Spot UV Back,4/1,10000,Score in Half,Slide Slits Right Panel,Yes 1000 Envelopes A7
Majestic,Silk,7 x 10,Vertical,Rectangle,16PT C2S,Spot UV,Silk,Spot UV Front,4/1,5000,Score in Half,Moon Slits Bottom Panel,Yes 2500 Envelopes A7
Majestic,Silk,7 x 10,Horizontal,Rectangle,16PT C2S,Spot UV,Silk,Spot UV Back,4/1,5000,Score in Half,Moon Slits Bottom Panel,Yes 2500 Envelopes A7
Majestic,Silk,7 x 10,Vertical,Rectangle,16PT C2S,Spot UV,Silk,Spot UV Back,4/1,5000,Score in Half,Moon Slits Bottom Panel,Yes 2500 Envelopes A7
Majestic,Silk,7 x 10,Horizontal,Rectangle,16PT C2S,Spot UV,Silk,Spot UV Both Sides,4/1,5000,Score in Half,Moon Slits Bottom Panel,Yes 2500 Envelopes A7
Majestic,Silk,7 x 10,Vertical,Rectangle,16PT C2S,Spot UV,Silk,Spot UV Both Sides,4/1,5000,Score in Half,Moon Slits Bottom Panel,Yes 2500 Envelopes A7
Majestic,Silk,7 x 10,Vertical,Rectangle,16PT C2S,Spot UV,Silk,Spot UV Front,4/4 (4 color both sides),5000,Score in Half,Moon Slits Bottom Panel,Yes 2500 Envelopes A7
Majestic,Silk,7 x 10,Horizontal,Rectangle,16PT C2S,Spot UV,Silk,Spot UV Front,4/4 (4 color both sides),5000,Score in Half,Moon Slits Bottom Panel,Yes 2500 Envelopes A7
Majestic,Silk,7 x 10,Vertical,Rectangle,16PT C2S,Spot UV,Silk,Spot UV Back,4/4 (4 color both sides),5000,Score in Half,Moon Slits Bottom Panel,Yes 2500 Envelopes A7
Majestic,Silk,7 x 10,Horizontal,Rectangle,16PT C2S,Spot UV,Silk,Spot UV Both Sides,4/4 (4 color both sides),5000,Score in Half,Moon Slits Bottom Panel,Yes 2500 Envelopes A7
Majestic,Silk,7 x 10,Horizontal,Rectangle,16PT C2S,Spot UV,Silk,Spot UV Front,4/1,10000,Score in Half,Moon Slits Bottom Panel,Yes 2500 Envelopes A7
Majestic,Silk,7 x 10,Vertical,Rectangle,16PT C2S,Spot UV,Silk,Spot UV Both Sides,4/4 (4 color both sides),5000,Score in Half,Moon Slits Bottom Panel,Yes 2500 Envelopes A7
Majestic,Silk,7 x 10,Horizontal,Rectangle,16PT C2S,Spot UV,Silk,Spot UV Back,4/4 (4 color both sides),5000,Score in Half,Moon Slits Bottom Panel,Yes 2500 Envelopes A7
Majestic,Silk,7 x 10,Vertical,Rectangle,16PT C2S,Spot UV,Silk,Spot UV Front,4/1,10000,Score in Half,Moon Slits Bottom Panel,Yes 2500 Envelopes A7
Majestic,Silk,7 x 10,Vertical,Rectangle,16PT C2S,Spot UV,Silk,Spot UV Back,4/1,10000,Score in Half,Moon Slits Bottom Panel,Yes 2500 Envelopes A7
Majestic,Silk,7 x 10,Horizontal,Rectangle,16PT C2S,Spot UV,Silk,Spot UV Back,4/1,10000,Score in Half,Moon Slits Bottom Panel,Yes 2500 Envelopes A7
Majestic,Silk,7 x 10,Horizontal,Rectangle,16PT C2S,Spot UV,Silk,Spot UV Both Sides,4/1,10000,Score in Half,Moon Slits Bottom Panel,Yes 2500 Envelopes A7
Majestic,Silk,7 x 10,Vertical,Rectangle,16PT C2S,Spot UV,Silk,Spot UV Both Sides,4/1,10000,Score in Half,Moon Slits Bottom Panel,Yes 2500 Envelopes A7
Majestic,Silk,7 x 10,Vertical,Rectangle,16PT C2S,Spot UV,Silk,Spot UV Front,4/4 (4 color both sides),10000,Score in Half,Moon Slits Bottom Panel,Yes 2500 Envelopes A7
Majestic,Silk,7 x 10,Horizontal,Rectangle,16PT C2S,Spot UV,Silk,Spot UV Front,4/4 (4 color both sides),10000,Score in Half,Moon Slits Bottom Panel,Yes 2500 Envelopes A7
Majestic,Silk,7 x 10,Horizontal,Rectangle,16PT C2S,Spot UV,Silk,Spot UV Back,4/4 (4 color both sides),10000,Score in Half,Moon Slits Bottom Panel,Yes 2500 Envelopes A7
Majestic,Silk,7 x 10,Vertical,Rectangle,16PT C2S,Spot UV,Silk,Spot UV Back,4/4 (4 color both sides),10000,Score in Half,Moon Slits Bottom Panel,Yes 2500 Envelopes A7
Majestic,Silk,7 x 10,Vertical,Rectangle,16PT C2S,Spot UV,Silk,Spot UV Both Sides,4/4 (4 color both sides),10000,Score in Half,Moon Slits Bottom Panel,Yes 2500 Envelopes A7
Majestic,Silk,7 x 10,Horizontal,Rectangle,16PT C2S,Spot UV,Silk,Spot UV Both Sides,4/4 (4 color both sides),10000,Score in Half,Moon Slits Bottom Panel,Yes 2500 Envelopes A7
Majestic,Silk,7 x 10,Horizontal,Rectangle,16PT C2S,Spot UV,Silk,Spot UV Front,4/1,500,Score in Half,Moon Slits Right Panel,Yes 2500 Envelopes A7
Majestic,Silk,7 x 10,Vertical,Rectangle,16PT C2S,Spot UV,Silk,Spot UV Front,4/1,500,Score in Half,Moon Slits Right Panel,Yes 2500 Envelopes A7
Majestic,Silk,7 x 10,Vertical,Rectangle,16PT C2S,Spot UV,Silk,Spot UV Back,4/4 (4 color both sides),1000,Score in Half,Moon Slits Bottom Panel,Yes 2500 Envelopes A7
Majestic,Silk,7 x 10,Horizontal,Rectangle,16PT C2S,Spot UV,Silk,Spot UV Both Sides,4/1,500,Score in Half,Moon Slits Right Panel,Yes 2500 Envelopes A7
Majestic,Silk,7 x 10,Vertical,Rectangle,16PT C2S,Spot UV,Silk,Spot UV Back,4/1,500,Score in Half,Moon Slits Right Panel,Yes 2500 Envelopes A7
Majestic,Silk,7 x 10,Horizontal,Rectangle,16PT C2S,Spot UV,Silk,Spot UV Front,4/4 (4 color both sides),500,Score in Half,Moon Slits Right Panel,Yes 2500 Envelopes A7
Majestic,Silk,7 x 10,Vertical,Rectangle,16PT C2S,Spot UV,Silk,Spot UV Front,4/4 (4 color both sides),500,Score in Half,Moon Slits Right Panel,Yes 2500 Envelopes A7
Majestic,Silk,7 x 10,Vertical,Rectangle,16PT C2S,Spot UV,Silk,Spot UV Both Sides,4/1,500,Score in Half,Moon Slits Right Panel,Yes 2500 Envelopes A7
Majestic,Silk,7 x 10,Vertical,Rectangle,16PT C2S,Spot UV,Silk,Spot UV Back,4/4 (4 color both sides),500,Score in Half,Moon Slits Right Panel,Yes 2500 Envelopes A7
Majestic,Silk,7 x 10,Horizontal,Rectangle,16PT C2S,Spot UV,Silk,Spot UV Both Sides,4/4 (4 color both sides),500,Score in Half,Moon Slits Right Panel,Yes 2500 Envelopes A7
Majestic,Silk,7 x 10,Horizontal,Rectangle,16PT C2S,Spot UV,Silk,Spot UV Both Sides,4/1,2500,Score in Half,Moon Slits Bottom Panel,Yes 2500 Envelopes A7
Majestic,Silk,7 x 10,Horizontal,Rectangle,16PT C2S,Spot UV,Silk,Spot UV Back,4/1,500,Score in Half,Moon Slits Right Panel,Yes 2500 Envelopes A7
Majestic,Silk,7 x 10,Horizontal,Rectangle,16PT C2S,Spot UV,Silk,Spot UV Front,4/1,1000,Score in Half,Moon Slits Right Panel,Yes 2500 Envelopes A7
Majestic,Silk,7 x 10,Vertical,Rectangle,16PT C2S,Spot UV,Silk,Spot UV Front,4/1,1000,Score in Half,Moon Slits Right Panel,Yes 2500 Envelopes A7
Majestic,Silk,7 x 10,Horizontal,Rectangle,16PT C2S,Spot UV,Silk,Spot UV Back,4/1,1000,Score in Half,Moon Slits Right Panel,Yes 2500 Envelopes A7
Majestic,Silk,7 x 10,Horizontal,Rectangle,16PT C2S,Spot UV,Silk,Spot UV Both Sides,4/1,1000,Score in Half,Moon Slits Right Panel,Yes 2500 Envelopes A7
Majestic,Silk,7 x 10,Vertical,Rectangle,16PT C2S,Spot UV,Silk,Spot UV Both Sides,4/1,1000,Score in Half,Moon Slits Right Panel,Yes 2500 Envelopes A7
Majestic,Silk,7 x 10,Vertical,Rectangle,16PT C2S,Spot UV,Silk,Spot UV Back,4/1,1000,Score in Half,Moon Slits Right Panel,Yes 2500 Envelopes A7
Majestic,Silk,7 x 10,Vertical,Rectangle,16PT C2S,Spot UV,Silk,Spot UV Front,4/4 (4 color both sides),1000,Score in Half,Moon Slits Right Panel,Yes 2500 Envelopes A7
Majestic,Silk,7 x 10,Horizontal,Rectangle,16PT C2S,Spot UV,Silk,Spot UV Back,4/4 (4 color both sides),1000,Score in Half,Moon Slits Right Panel,Yes 2500 Envelopes A7
Majestic,Silk,7 x 10,Horizontal,Rectangle,16PT C2S,Spot UV,Silk,Spot UV Front,4/4 (4 color both sides),1000,Score in Half,Moon Slits Right Panel,Yes 2500 Envelopes A7
Majestic,Silk,7 x 10,Vertical,Rectangle,16PT C2S,Spot UV,Silk,Spot UV Back,4/4 (4 color both sides),1000,Score in Half,Moon Slits Right Panel,Yes 2500 Envelopes A7
Majestic,Silk,7 x 10,Horizontal,Rectangle,16PT C2S,Spot UV,Silk,Spot UV Both Sides,4/4 (4 color both sides),1000,Score in Half,Moon Slits Right Panel,Yes 2500 Envelopes A7
Majestic,Silk,7 x 10,Vertical,Rectangle,16PT C2S,Spot UV,Silk,Spot UV Both Sides,4/4 (4 color both sides),1000,Score in Half,Moon Slits Right Panel,Yes 2500 Envelopes A7
Majestic,Silk,7 x 10,Horizontal,Rectangle,16PT C2S,Spot UV,Silk,Spot UV Front,4/1,2500,Score in Half,Moon Slits Right Panel,Yes 2500 Envelopes A7
Majestic,Silk,7 x 10,Vertical,Rectangle,16PT C2S,Spot UV,Silk,Spot UV Back,4/1,2500,Score in Half,Moon Slits Right Panel,Yes 2500 Envelopes A7
Majestic,Silk,7 x 10,Horizontal,Rectangle,16PT C2S,Spot UV,Silk,Spot UV Back,4/1,2500,Score in Half,Moon Slits Right Panel,Yes 2500 Envelopes A7
Majestic,Silk,7 x 10,Vertical,Rectangle,16PT C2S,Spot UV,Silk,Spot UV Front,4/1,2500,Score in Half,Moon Slits Right Panel,Yes 2500 Envelopes A7
Majestic,Silk,7 x 10,Horizontal,Rectangle,16PT C2S,Spot UV,Silk,Spot UV Both Sides,4/1,2500,Score in Half,Moon Slits Right Panel,Yes 2500 Envelopes A7
Majestic,Silk,7 x 10,Vertical,Rectangle,16PT C2S,Spot UV,Silk,Spot UV Both Sides,4/1,2500,Score in Half,Moon Slits Right Panel,Yes 2500 Envelopes A7
Majestic,Silk,7 x 10,Horizontal,Rectangle,16PT C2S,Spot UV,Silk,Spot UV Front,4/4 (4 color both sides),2500,Score in Half,Moon Slits Right Panel,Yes 2500 Envelopes A7
Majestic,Silk,7 x 10,Vertical,Rectangle,16PT C2S,Spot UV,Silk,Spot UV Back,4/4 (4 color both sides),2500,Score in Half,Moon Slits Right Panel,Yes 2500 Envelopes A7
Majestic,Silk,7 x 10,Vertical,Rectangle,16PT C2S,Spot UV,Silk,Spot UV Both Sides,4/4 (4 color both sides),500,Score in Half,Moon Slits Right Panel,Yes 2500 Envelopes A7
Majestic,Silk,7 x 10,Horizontal,Rectangle,16PT C2S,Spot UV,Silk,Spot UV Both Sides,4/4 (4 color both sides),2500,Score in Half,Moon Slits Right Panel,Yes 2500 Envelopes A7
Majestic,Silk,7 x 10,Vertical,Rectangle,16PT C2S,Spot UV,Silk,Spot UV Both Sides,4/4 (4 color both sides),2500,Score in Half,Moon Slits Right Panel,Yes 2500 Envelopes A7
Majestic,Silk,7 x 10,Vertical,Rectangle,16PT C2S,Spot UV,Silk,Spot UV Front,4/4 (4 color both sides),2500,Score in Half,Moon Slits Right Panel,Yes 2500 Envelopes A7
Majestic,Silk,7 x 10,Horizontal,Rectangle,16PT C2S,Spot UV,Silk,Spot UV Front,4/1,5000,Score in Half,Moon Slits Right Panel,Yes 2500 Envelopes A7
Majestic,Silk,7 x 10,Vertical,Rectangle,16PT C2S,Spot UV,Silk,Spot UV Front,4/1,5000,Score in Half,Moon Slits Right Panel,Yes 2500 Envelopes A7
Majestic,Silk,7 x 10,Horizontal,Rectangle,16PT C2S,Spot UV,Silk,Spot UV Back,4/1,5000,Score in Half,Moon Slits Right Panel,Yes 2500 Envelopes A7
Majestic,Silk,7 x 10,Vertical,Rectangle,16PT C2S,Spot UV,Silk,Spot UV Back,4/1,5000,Score in Half,Moon Slits Right Panel,Yes 2500 Envelopes A7
Majestic,Silk,7 x 10,Vertical,Rectangle,16PT C2S,Spot UV,Silk,Spot UV Both Sides,4/1,5000,Score in Half,Moon Slits Right Panel,Yes 2500 Envelopes A7
Majestic,Silk,7 x 10,Horizontal,Rectangle,16PT C2S,Spot UV,Silk,Spot UV Both Sides,4/1,5000,Score in Half,Moon Slits Right Panel,Yes 2500 Envelopes A7
Majestic,Silk,7 x 10,Horizontal,Rectangle,16PT C2S,Spot UV,Silk,Spot UV Front,4/1,5000,Score in Half,Moon Slits Bottom Panel,Yes 2500 Envelopes A7
Majestic,Silk,7 x 10,Horizontal,Rectangle,16PT C2S,Spot UV,Silk,Spot UV Back,4/4 (4 color both sides),5000,Score in Half,Moon Slits Right Panel,Yes 2500 Envelopes A7
Majestic,Silk,7 x 10,Vertical,Rectangle,16PT C2S,Spot UV,Silk,Spot UV Front,4/4 (4 color both sides),5000,Score in Half,Moon Slits Right Panel,Yes 2500 Envelopes A7
Majestic,Silk,7 x 10,Vertical,Rectangle,16PT C2S,Spot UV,Silk,Spot UV Back,4/4 (4 color both sides),5000,Score in Half,Moon Slits Right Panel,Yes 2500 Envelopes A7
Majestic,Silk,7 x 10,Horizontal,Rectangle,16PT C2S,Spot UV,Silk,Spot UV Back,4/4 (4 color both sides),500,Score in Half,Moon Slits Right Panel,Yes 2500 Envelopes A7
Majestic,Silk,7 x 10,Horizontal,Rectangle,16PT C2S,Spot UV,Silk,Spot UV Back,4/4 (4 color both sides),2500,Score in Half,Moon Slits Right Panel,Yes 2500 Envelopes A7
Majestic,Silk,7 x 10,Horizontal,Rectangle,16PT C2S,Spot UV,Silk,Spot UV Front,4/4 (4 color both sides),5000,Score in Half,Moon Slits Right Panel,Yes 2500 Envelopes A7
Majestic,Silk,7 x 10,Vertical,Rectangle,16PT C2S,Spot UV,Silk,Spot UV Both Sides,4/4 (4 color both sides),5000,Score in Half,Moon Slits Right Panel,Yes 2500 Envelopes A7
Majestic,Silk,7 x 10,Horizontal,Rectangle,16PT C2S,Spot UV,Silk,Spot UV Both Sides,4/4 (4 color both sides),5000,Score in Half,Moon Slits Right Panel,Yes 2500 Envelopes A7
Majestic,Silk,7 x 10,Vertical,Rectangle,16PT C2S,Spot UV,Silk,Spot UV Front,4/1,10000,Score in Half,Moon Slits Right Panel,Yes 2500 Envelopes A7
Majestic,Silk,7 x 10,Horizontal,Rectangle,16PT C2S,Spot UV,Silk,Spot UV Front,4/1,10000,Score in Half,Moon Slits Right Panel,Yes 2500 Envelopes A7
Majestic,Silk,7 x 10,Horizontal,Rectangle,16PT C2S,Spot UV,Silk,Spot UV Both Sides,4/1,10000,Score in Half,Moon Slits Right Panel,Yes 2500 Envelopes A7
Majestic,Silk,7 x 10,Horizontal,Rectangle,16PT C2S,Spot UV,Silk,Spot UV Front,4/4 (4 color both sides),10000,Score in Half,Moon Slits Right Panel,Yes 2500 Envelopes A7
Majestic,Silk,7 x 10,Vertical,Rectangle,16PT C2S,Spot UV,Silk,Spot UV Front,4/4 (4 color both sides),10000,Score in Half,Moon Slits Right Panel,Yes 2500 Envelopes A7
Majestic,Silk,7 x 10,Vertical,Rectangle,16PT C2S,Spot UV,Silk,Spot UV Back,4/4 (4 color both sides),10000,Score in Half,Moon Slits Right Panel,Yes 2500 Envelopes A7
Majestic,Silk,7 x 10,Horizontal,Rectangle,16PT C2S,Spot UV,Silk,Spot UV Both Sides,4/4 (4 color both sides),10000,Score in Half,Moon Slits Right Panel,Yes 2500 Envelopes A7
Majestic,Silk,7 x 10,Vertical,Rectangle,16PT C2S,Spot UV,Silk,Spot UV Both Sides,4/4 (4 color both sides),10000,Score in Half,Moon Slits Right Panel,Yes 2500 Envelopes A7
Majestic,Silk,7 x 10,Vertical,Rectangle,16PT C2S,Spot UV,Silk,Spot UV Back,4/1,10000,Score in Half,Moon Slits Right Panel,Yes 2500 Envelopes A7
Majestic,Silk,7 x 10,Horizontal,Rectangle,16PT C2S,Spot UV,Silk,Spot UV Front,4/1,500,Score in Half,No Gift Cards Slits,Yes 2500 Envelopes A7
Majestic,Silk,7 x 10,Horizontal,Rectangle,16PT C2S,Spot UV,Silk,Spot UV Back,4/1,500,Score in Half,No Gift Cards Slits,Yes 2500 Envelopes A7
Majestic,Silk,7 x 10,Vertical,Rectangle,16PT C2S,Spot UV,Silk,Spot UV Back,4/1,500,Score in Half,No Gift Cards Slits,Yes 2500 Envelopes A7
Majestic,Silk,7 x 10,Vertical,Rectangle,16PT C2S,Spot UV,Silk,Spot UV Both Sides,4/1,10000,Score in Half,Moon Slits Right Panel,Yes 2500 Envelopes A7
Majestic,Silk,7 x 10,Vertical,Rectangle,16PT C2S,Spot UV,Silk,Spot UV Both Sides,4/1,500,Score in Half,No Gift Cards Slits,Yes 2500 Envelopes A7
Majestic,Silk,7 x 10,Horizontal,Rectangle,16PT C2S,Spot UV,Silk,Spot UV Front,4/4 (4 color both sides),500,Score in Half,No Gift Cards Slits,Yes 2500 Envelopes A7
Majestic,Silk,7 x 10,Vertical,Rectangle,16PT C2S,Spot UV,Silk,Spot UV Front,4/4 (4 color both sides),500,Score in Half,No Gift Cards Slits,Yes 2500 Envelopes A7
Majestic,Silk,7 x 10,Horizontal,Rectangle,16PT C2S,Spot UV,Silk,Spot UV Back,4/4 (4 color both sides),500,Score in Half,No Gift Cards Slits,Yes 2500 Envelopes A7
Majestic,Silk,7 x 10,Vertical,Rectangle,16PT C2S,Spot UV,Silk,Spot UV Back,4/4 (4 color both sides),500,Score in Half,No Gift Cards Slits,Yes 2500 Envelopes A7
Majestic,Silk,7 x 10,Horizontal,Rectangle,16PT C2S,Spot UV,Silk,Spot UV Both Sides,4/4 (4 color both sides),500,Score in Half,No Gift Cards Slits,Yes 2500 Envelopes A7
Majestic,Silk,7 x 10,Vertical,Rectangle,16PT C2S,Spot UV,Silk,Spot UV Both Sides,4/4 (4 color both sides),500,Score in Half,No Gift Cards Slits,Yes 2500 Envelopes A7
Majestic,Silk,7 x 10,Horizontal,Rectangle,16PT C2S,Spot UV,Silk,Spot UV Back,4/4 (4 color both sides),10000,Score in Half,Moon Slits Right Panel,Yes 2500 Envelopes A7
Majestic,Silk,7 x 10,Horizontal,Rectangle,16PT C2S,Spot UV,Silk,Spot UV Both Sides,4/1,500,Score in Half,No Gift Cards Slits,Yes 2500 Envelopes A7
Majestic,Silk,7 x 10,Horizontal,Rectangle,16PT C2S,Spot UV,Silk,Spot UV Back,4/1,1000,Score in Half,No Gift Cards Slits,Yes 2500 Envelopes A7
Majestic,Silk,7 x 10,Vertical,Rectangle,16PT C2S,Spot UV,Silk,Spot UV Front,4/1,500,Score in Half,No Gift Cards Slits,Yes 2500 Envelopes A7
Majestic,Silk,7 x 10,Horizontal,Rectangle,16PT C2S,Spot UV,Silk,Spot UV Both Sides,4/1,1000,Score in Half,No Gift Cards Slits,Yes 2500 Envelopes A7
Majestic,Silk,7 x 10,Vertical,Rectangle,16PT C2S,Spot UV,Silk,Spot UV Both Sides,4/1,1000,Score in Half,No Gift Cards Slits,Yes 2500 Envelopes A7
Majestic,Silk,7 x 10,Horizontal,Rectangle,16PT C2S,Spot UV,Silk,Spot UV Front,4/4 (4 color both sides),1000,Score in Half,No Gift Cards Slits,Yes 2500 Envelopes A7
Majestic,Silk,7 x 10,Vertical,Rectangle,16PT C2S,Spot UV,Silk,Spot UV Front,4/4 (4 color both sides),1000,Score in Half,No Gift Cards Slits,Yes 2500 Envelopes A7
Majestic,Silk,7 x 10,Vertical,Rectangle,16PT C2S,Spot UV,Silk,Spot UV Back,4/1,1000,Score in Half,No Gift Cards Slits,Yes 2500 Envelopes A7
Majestic,Silk,7 x 10,Horizontal,Rectangle,16PT C2S,Spot UV,Silk,Spot UV Back,4/4 (4 color both sides),1000,Score in Half,No Gift Cards Slits,Yes 2500 Envelopes A7
Majestic,Silk,7 x 10,Vertical,Rectangle,16PT C2S,Spot UV,Silk,Spot UV Back,4/4 (4 color both sides),1000,Score in Half,No Gift Cards Slits,Yes 2500 Envelopes A7
Majestic,Silk,7 x 10,Horizontal,Rectangle,16PT C2S,Spot UV,Silk,Spot UV Both Sides,4/4 (4 color both sides),1000,Score in Half,No Gift Cards Slits,Yes 2500 Envelopes A7
Majestic,Silk,7 x 10,Vertical,Rectangle,16PT C2S,Spot UV,Silk,Spot UV Both Sides,4/4 (4 color both sides),1000,Score in Half,No Gift Cards Slits,Yes 2500 Envelopes A7
Majestic,Silk,7 x 10,Vertical,Rectangle,16PT C2S,Spot UV,Silk,Spot UV Front,4/1,2500,Score in Half,No Gift Cards Slits,Yes 2500 Envelopes A7
Majestic,Silk,7 x 10,Horizontal,Rectangle,16PT C2S,Spot UV,Silk,Spot UV Front,4/1,2500,Score in Half,No Gift Cards Slits,Yes 2500 Envelopes A7
Majestic,Silk,7 x 10,Horizontal,Rectangle,16PT C2S,Spot UV,Silk,Spot UV Back,4/1,2500,Score in Half,No Gift Cards Slits,Yes 2500 Envelopes A7
Majestic,Silk,7 x 10,Vertical,Rectangle,16PT C2S,Spot UV,Silk,Spot UV Back,4/1,2500,Score in Half,No Gift Cards Slits,Yes 2500 Envelopes A7
Majestic,Silk,7 x 10,Horizontal,Rectangle,16PT C2S,Spot UV,Silk,Spot UV Both Sides,4/1,2500,Score in Half,No Gift Cards Slits,Yes 2500 Envelopes A7
Majestic,Silk,7 x 10,Vertical,Rectangle,16PT C2S,Spot UV,Silk,Spot UV Both Sides,4/1,2500,Score in Half,No Gift Cards Slits,Yes 2500 Envelopes A7
Majestic,Silk,7 x 10,Horizontal,Rectangle,16PT C2S,Spot UV,Silk,Spot UV Front,4/4 (4 color both sides),2500,Score in Half,No Gift Cards Slits,Yes 2500 Envelopes A7
Majestic,Silk,7 x 10,Vertical,Rectangle,16PT C2S,Spot UV,Silk,Spot UV Front,4/4 (4 color both sides),2500,Score in Half,No Gift Cards Slits,Yes 2500 Envelopes A7
Majestic,Silk,7 x 10,Vertical,Rectangle,16PT C2S,Spot UV,Silk,Spot UV Front,4/1,1000,Score in Half,No Gift Cards Slits,Yes 2500 Envelopes A7
Majestic,Silk,7 x 10,Vertical,Rectangle,16PT C2S,Spot UV,Silk,Spot UV Back,4/4 (4 color both sides),2500,Score in Half,No Gift Cards Slits,Yes 2500 Envelopes A7
Majestic,Silk,7 x 10,Vertical,Rectangle,16PT C2S,Spot UV,Silk,Spot UV Both Sides,4/4 (4 color both sides),2500,Score in Half,No Gift Cards Slits,Yes 2500 Envelopes A7
Majestic,Silk,7 x 10,Horizontal,Rectangle,16PT C2S,Spot UV,Silk,Spot UV Both Sides,4/4 (4 color both sides),2500,Score in Half,No Gift Cards Slits,Yes 2500 Envelopes A7
Majestic,Silk,7 x 10,Horizontal,Rectangle,16PT C2S,Spot UV,Silk,Spot UV Front,4/1,5000,Score in Half,No Gift Cards Slits,Yes 2500 Envelopes A7
Majestic,Silk,7 x 10,Vertical,Rectangle,16PT C2S,Spot UV,Silk,Spot UV Front,4/1,5000,Score in Half,No Gift Cards Slits,Yes 2500 Envelopes A7
Majestic,Silk,7 x 10,Horizontal,Rectangle,16PT C2S,Spot UV,Silk,Spot UV Back,4/1,5000,Score in Half,No Gift Cards Slits,Yes 2500 Envelopes A7
Majestic,Silk,7 x 10,Horizontal,Rectangle,16PT C2S,Spot UV,Silk,Spot UV Front,4/1,1000,Score in Half,No Gift Cards Slits,Yes 2500 Envelopes A7
Majestic,Silk,7 x 10,Horizontal,Rectangle,16PT C2S,Spot UV,Silk,Spot UV Both Sides,4/1,5000,Score in Half,No Gift Cards Slits,Yes 2500 Envelopes A7
Majestic,Silk,7 x 10,Vertical,Rectangle,16PT C2S,Spot UV,Silk,Spot UV Both Sides,4/1,5000,Score in Half,No Gift Cards Slits,Yes 2500 Envelopes A7
Majestic,Silk,7 x 10,Vertical,Rectangle,16PT C2S,Spot UV,Silk,Spot UV Front,4/4 (4 color both sides),5000,Score in Half,No Gift Cards Slits,Yes 2500 Envelopes A7
Majestic,Silk,7 x 10,Horizontal,Rectangle,16PT C2S,Spot UV,Silk,Spot UV Front,4/4 (4 color both sides),5000,Score in Half,No Gift Cards Slits,Yes 2500 Envelopes A7
Majestic,Silk,7 x 10,Horizontal,Rectangle,16PT C2S,Spot UV,Silk,Spot UV Back,4/4 (4 color both sides),2500,Score in Half,No Gift Cards Slits,Yes 2500 Envelopes A7
Majestic,Silk,7 x 10,Vertical,Rectangle,16PT C2S,Spot UV,Silk,Spot UV Back,4/4 (4 color both sides),5000,Score in Half,No Gift Cards Slits,Yes 2500 Envelopes A7
Majestic,Silk,7 x 10,Horizontal,Rectangle,16PT C2S,Spot UV,Silk,Spot UV Both Sides,4/4 (4 color both sides),5000,Score in Half,No Gift Cards Slits,Yes 2500 Envelopes A7
Majestic,Silk,7 x 10,Horizontal,Rectangle,16PT C2S,Spot UV,Silk,Spot UV Back,4/4 (4 color both sides),5000,Score in Half,No Gift Cards Slits,Yes 2500 Envelopes A7
Majestic,Silk,7 x 10,Horizontal,Rectangle,16PT C2S,Spot UV,Silk,Spot UV Front,4/1,10000,Score in Half,No Gift Cards Slits,Yes 2500 Envelopes A7
Majestic,Silk,7 x 10,Horizontal,Rectangle,16PT C2S,Spot UV,Silk,Spot UV Back,4/1,10000,Score in Half,Moon Slits Right Panel,Yes 2500 Envelopes A7
Majestic,Silk,7 x 10,Horizontal,Rectangle,16PT C2S,Spot UV,Silk,Spot UV Back,4/1,10000,Score in Half,No Gift Cards Slits,Yes 2500 Envelopes A7
Majestic,Silk,7 x 10,Vertical,Rectangle,16PT C2S,Spot UV,Silk,Spot UV Back,4/1,10000,Score in Half,No Gift Cards Slits,Yes 2500 Envelopes A7
Majestic,Silk,7 x 10,Horizontal,Rectangle,16PT C2S,Spot UV,Silk,Spot UV Both Sides,4/1,10000,Score in Half,No Gift Cards Slits,Yes 2500 Envelopes A7
Majestic,Silk,7 x 10,Horizontal,Rectangle,16PT C2S,Spot UV,Silk,Spot UV Front,4/4 (4 color both sides),10000,Score in Half,No Gift Cards Slits,Yes 2500 Envelopes A7
Majestic,Silk,7 x 10,Vertical,Rectangle,16PT C2S,Spot UV,Silk,Spot UV Both Sides,4/1,10000,Score in Half,No Gift Cards Slits,Yes 2500 Envelopes A7
Majestic,Silk,7 x 10,Vertical,Rectangle,16PT C2S,Spot UV,Silk,Spot UV Front,4/4 (4 color both sides),10000,Score in Half,No Gift Cards Slits,Yes 2500 Envelopes A7
Majestic,Silk,7 x 10,Horizontal,Rectangle,16PT C2S,Spot UV,Silk,Spot UV Back,4/4 (4 color both sides),10000,Score in Half,No Gift Cards Slits,Yes 2500 Envelopes A7
Majestic,Silk,7 x 10,Vertical,Rectangle,16PT C2S,Spot UV,Silk,Spot UV Back,4/1,5000,Score in Half,No Gift Cards Slits,Yes 2500 Envelopes A7
Majestic,Silk,7 x 10,Horizontal,Rectangle,16PT C2S,Spot UV,Silk,Spot UV Both Sides,4/4 (4 color both sides),10000,Score in Half,No Gift Cards Slits,Yes 2500 Envelopes A7
Majestic,Silk,7 x 10,Vertical,Rectangle,16PT C2S,Spot UV,Silk,Spot UV Both Sides,4/4 (4 color both sides),10000,Score in Half,No Gift Cards Slits,Yes 2500 Envelopes A7
Majestic,Silk,7 x 10,Horizontal,Rectangle,16PT C2S,Spot UV,Silk,Spot UV Front,4/1,500,Score in Half,Slide Slits Bottom Panel,Yes 2500 Envelopes A7
Majestic,Silk,7 x 10,Vertical,Rectangle,16PT C2S,Spot UV,Silk,Spot UV Front,4/1,500,Score in Half,Slide Slits Bottom Panel,Yes 2500 Envelopes A7
Majestic,Silk,7 x 10,Vertical,Rectangle,16PT C2S,Spot UV,Silk,Spot UV Front,4/1,10000,Score in Half,No Gift Cards Slits,Yes 2500 Envelopes A7
Majestic,Silk,7 x 10,Vertical,Rectangle,16PT C2S,Spot UV,Silk,Spot UV Back,4/1,500,Score in Half,Slide Slits Bottom Panel,Yes 2500 Envelopes A7
Majestic,Silk,7 x 10,Horizontal,Rectangle,16PT C2S,Spot UV,Silk,Spot UV Both Sides,4/1,500,Score in Half,Slide Slits Bottom Panel,Yes 2500 Envelopes A7
Majestic,Silk,7 x 10,Vertical,Rectangle,16PT C2S,Spot UV,Silk,Spot UV Both Sides,4/1,500,Score in Half,Slide Slits Bottom Panel,Yes 2500 Envelopes A7
Majestic,Silk,7 x 10,Horizontal,Rectangle,16PT C2S,Spot UV,Silk,Spot UV Front,4/4 (4 color both sides),500,Score in Half,Slide Slits Bottom Panel,Yes 2500 Envelopes A7
Majestic,Silk,7 x 10,Vertical,Rectangle,16PT C2S,Spot UV,Silk,Spot UV Front,4/4 (4 color both sides),500,Score in Half,Slide Slits Bottom Panel,Yes 2500 Envelopes A7
Majestic,Silk,7 x 10,Horizontal,Rectangle,16PT C2S,Spot UV,Silk,Spot UV Back,4/4 (4 color both sides),500,Score in Half,Slide Slits Bottom Panel,Yes 2500 Envelopes A7
Majestic,Silk,7 x 10,Vertical,Rectangle,16PT C2S,Spot UV,Silk,Spot UV Back,4/4 (4 color both sides),500,Score in Half,Slide Slits Bottom Panel,Yes 2500 Envelopes A7
Majestic,Silk,7 x 10,Horizontal,Rectangle,16PT C2S,Spot UV,Silk,Spot UV Both Sides,4/4 (4 color both sides),500,Score in Half,Slide Slits Bottom Panel,Yes 2500 Envelopes A7
Majestic,Silk,7 x 10,Vertical,Rectangle,16PT C2S,Spot UV,Silk,Spot UV Both Sides,4/4 (4 color both sides),500,Score in Half,Slide Slits Bottom Panel,Yes 2500 Envelopes A7
Majestic,Silk,7 x 10,Horizontal,Rectangle,16PT C2S,Spot UV,Silk,Spot UV Front,4/1,1000,Score in Half,Slide Slits Bottom Panel,Yes 2500 Envelopes A7
Majestic,Silk,7 x 10,Vertical,Rectangle,16PT C2S,Spot UV,Silk,Spot UV Front,4/1,1000,Score in Half,Slide Slits Bottom Panel,Yes 2500 Envelopes A7
Majestic,Silk,7 x 10,Horizontal,Rectangle,16PT C2S,Spot UV,Silk,Spot UV Back,4/1,1000,Score in Half,Slide Slits Bottom Panel,Yes 2500 Envelopes A7
Majestic,Silk,7 x 10,Vertical,Rectangle,16PT C2S,Spot UV,Silk,Spot UV Back,4/1,1000,Score in Half,Slide Slits Bottom Panel,Yes 2500 Envelopes A7
Majestic,Silk,7 x 10,Horizontal,Rectangle,16PT C2S,Spot UV,Silk,Spot UV Both Sides,4/1,1000,Score in Half,Slide Slits Bottom Panel,Yes 2500 Envelopes A7
Majestic,Silk,7 x 10,Vertical,Rectangle,16PT C2S,Spot UV,Silk,Spot UV Both Sides,4/1,1000,Score in Half,Slide Slits Bottom Panel,Yes 2500 Envelopes A7
Majestic,Silk,7 x 10,Horizontal,Rectangle,16PT C2S,Spot UV,Silk,Spot UV Front,4/4 (4 color both sides),1000,Score in Half,Slide Slits Bottom Panel,Yes 2500 Envelopes A7
Majestic,Silk,7 x 10,Vertical,Rectangle,16PT C2S,Spot UV,Silk,Spot UV Front,4/4 (4 color both sides),1000,Score in Half,Slide Slits Bottom Panel,Yes 2500 Envelopes A7
Majestic,Silk,7 x 10,Horizontal,Rectangle,16PT C2S,Spot UV,Silk,Spot UV Back,4/4 (4 color both sides),1000,Score in Half,Slide Slits Bottom Panel,Yes 2500 Envelopes A7
Majestic,Silk,7 x 10,Vertical,Rectangle,16PT C2S,Spot UV,Silk,Spot UV Back,4/4 (4 color both sides),1000,Score in Half,Slide Slits Bottom Panel,Yes 2500 Envelopes A7
Majestic,Silk,7 x 10,Horizontal,Rectangle,16PT C2S,Spot UV,Silk,Spot UV Both Sides,4/4 (4 color both sides),1000,Score in Half,Slide Slits Bottom Panel,Yes 2500 Envelopes A7
Majestic,Silk,7 x 10,Vertical,Rectangle,16PT C2S,Spot UV,Silk,Spot UV Both Sides,4/4 (4 color both sides),1000,Score in Half,Slide Slits Bottom Panel,Yes 2500 Envelopes A7
Majestic,Silk,7 x 10,Horizontal,Rectangle,16PT C2S,Spot UV,Silk,Spot UV Front,4/1,2500,Score in Half,Slide Slits Bottom Panel,Yes 2500 Envelopes A7
Majestic,Silk,7 x 10,Horizontal,Rectangle,16PT C2S,Spot UV,Silk,Spot UV Back,4/1,500,Score in Half,Slide Slits Bottom Panel,Yes 2500 Envelopes A7
Majestic,Silk,7 x 10,Vertical,Rectangle,16PT C2S,Spot UV,Silk,Spot UV Both Sides,4/4 (4 color both sides),5000,Score in Half,No Gift Cards Slits,Yes 2500 Envelopes A7
Majestic,Silk,7 x 10,Vertical,Rectangle,16PT C2S,Spot UV,Silk,Spot UV Back,4/1,2500,Score in Half,Slide Slits Bottom Panel,Yes 2500 Envelopes A7
Majestic,Silk,7 x 10,Horizontal,Rectangle,16PT C2S,Spot UV,Silk,Spot UV Both Sides,4/1,2500,Score in Half,Slide Slits Bottom Panel,Yes 2500 Envelopes A7
Majestic,Silk,7 x 10,Vertical,Rectangle,16PT C2S,Spot UV,Silk,Spot UV Both Sides,4/1,2500,Score in Half,Slide Slits Bottom Panel,Yes 2500 Envelopes A7
Majestic,Silk,7 x 10,Horizontal,Rectangle,16PT C2S,Spot UV,Silk,Spot UV Front,4/4 (4 color both sides),2500,Score in Half,Slide Slits Bottom Panel,Yes 2500 Envelopes A7
Majestic,Silk,7 x 10,Vertical,Rectangle,16PT C2S,Spot UV,Silk,Spot UV Front,4/4 (4 color both sides),2500,Score in Half,Slide Slits Bottom Panel,Yes 2500 Envelopes A7
Majestic,Silk,7 x 10,Horizontal,Rectangle,16PT C2S,Spot UV,Silk,Spot UV Back,4/4 (4 color both sides),2500,Score in Half,Slide Slits Bottom Panel,Yes 2500 Envelopes A7
Majestic,Silk,7 x 10,Vertical,Rectangle,16PT C2S,Spot UV,Silk,Spot UV Back,4/4 (4 color both sides),10000,Score in Half,No Gift Cards Slits,Yes 2500 Envelopes A7
Majestic,Silk,7 x 10,Horizontal,Rectangle,16PT C2S,Spot UV,Silk,Spot UV Both Sides,4/4 (4 color both sides),2500,Score in Half,Slide Slits Bottom Panel,Yes 2500 Envelopes A7
Majestic,Silk,7 x 10,Vertical,Rectangle,16PT C2S,Spot UV,Silk,Spot UV Both Sides,4/4 (4 color both sides),2500,Score in Half,Slide Slits Bottom Panel,Yes 2500 Envelopes A7
Majestic,Silk,7 x 10,Horizontal,Rectangle,16PT C2S,Spot UV,Silk,Spot UV Front,4/1,5000,Score in Half,Slide Slits Bottom Panel,Yes 2500 Envelopes A7
Majestic,Silk,7 x 10,Vertical,Rectangle,16PT C2S,Spot UV,Silk,Spot UV Front,4/1,5000,Score in Half,Slide Slits Bottom Panel,Yes 2500 Envelopes A7
Majestic,Silk,7 x 10,Horizontal,Rectangle,16PT C2S,Spot UV,Silk,Spot UV Back,4/1,5000,Score in Half,Slide Slits Bottom Panel,Yes 2500 Envelopes A7
Majestic,Silk,7 x 10,Vertical,Rectangle,16PT C2S,Spot UV,Silk,Spot UV Back,4/1,5000,Score in Half,Slide Slits Bottom Panel,Yes 2500 Envelopes A7
Majestic,Silk,7 x 10,Horizontal,Rectangle,16PT C2S,Spot UV,Silk,Spot UV Both Sides,4/1,5000,Score in Half,Slide Slits Bottom Panel,Yes 2500 Envelopes A7
Majestic,Silk,7 x 10,Vertical,Rectangle,16PT C2S,Spot UV,Silk,Spot UV Both Sides,4/1,5000,Score in Half,Slide Slits Bottom Panel,Yes 2500 Envelopes A7
Majestic,Silk,7 x 10,Horizontal,Rectangle,16PT C2S,Spot UV,Silk,Spot UV Front,4/4 (4 color both sides),5000,Score in Half,Slide Slits Bottom Panel,Yes 2500 Envelopes A7
Majestic,Silk,7 x 10,Vertical,Rectangle,16PT C2S,Spot UV,Silk,Spot UV Front,4/4 (4 color both sides),5000,Score in Half,Slide Slits Bottom Panel,Yes 2500 Envelopes A7
Majestic,Silk,7 x 10,Horizontal,Rectangle,16PT C2S,Spot UV,Silk,Spot UV Back,4/4 (4 color both sides),5000,Score in Half,Slide Slits Bottom Panel,Yes 2500 Envelopes A7
Majestic,Silk,7 x 10,Vertical,Rectangle,16PT C2S,Spot UV,Silk,Spot UV Back,4/4 (4 color both sides),5000,Score in Half,Slide Slits Bottom Panel,Yes 2500 Envelopes A7
Majestic,Silk,7 x 10,Horizontal,Rectangle,16PT C2S,Spot UV,Silk,Spot UV Both Sides,4/4 (4 color both sides),5000,Score in Half,Slide Slits Bottom Panel,Yes 2500 Envelopes A7
Majestic,Silk,7 x 10,Horizontal,Rectangle,16PT C2S,Spot UV,Silk,Spot UV Back,4/1,2500,Score in Half,Slide Slits Bottom Panel,Yes 2500 Envelopes A7
Majestic,Silk,7 x 10,Horizontal,Rectangle,16PT C2S,Spot UV,Silk,Spot UV Front,4/1,10000,Score in Half,Slide Slits Bottom Panel,Yes 2500 Envelopes A7
Majestic,Silk,7 x 10,Vertical,Rectangle,16PT C2S,Spot UV,Silk,Spot UV Front,4/1,10000,Score in Half,Slide Slits Bottom Panel,Yes 2500 Envelopes A7
Majestic,Silk,7 x 10,Horizontal,Rectangle,16PT C2S,Spot UV,Silk,Spot UV Back,4/1,10000,Score in Half,Slide Slits Bottom Panel,Yes 2500 Envelopes A7
Majestic,Silk,7 x 10,Vertical,Rectangle,16PT C2S,Spot UV,Silk,Spot UV Back,4/1,10000,Score in Half,Slide Slits Bottom Panel,Yes 2500 Envelopes A7
Majestic,Silk,7 x 10,Horizontal,Rectangle,16PT C2S,Spot UV,Silk,Spot UV Both Sides,4/1,10000,Score in Half,Slide Slits Bottom Panel,Yes 2500 Envelopes A7
Majestic,Silk,7 x 10,Vertical,Rectangle,16PT C2S,Spot UV,Silk,Spot UV Both Sides,4/1,10000,Score in Half,Slide Slits Bottom Panel,Yes 2500 Envelopes A7
Majestic,Silk,7 x 10,Horizontal,Rectangle,16PT C2S,Spot UV,Silk,Spot UV Front,4/4 (4 color both sides),10000,Score in Half,Slide Slits Bottom Panel,Yes 2500 Envelopes A7
Majestic,Silk,7 x 10,Vertical,Rectangle,16PT C2S,Spot UV,Silk,Spot UV Front,4/4 (4 color both sides),10000,Score in Half,Slide Slits Bottom Panel,Yes 2500 Envelopes A7
Majestic,Silk,7 x 10,Horizontal,Rectangle,16PT C2S,Spot UV,Silk,Spot UV Back,4/4 (4 color both sides),10000,Score in Half,Slide Slits Bottom Panel,Yes 2500 Envelopes A7
Majestic,Silk,7 x 10,Vertical,Rectangle,16PT C2S,Spot UV,Silk,Spot UV Back,4/4 (4 color both sides),10000,Score in Half,Slide Slits Bottom Panel,Yes 2500 Envelopes A7
Majestic,Silk,7 x 10,Horizontal,Rectangle,16PT C2S,Spot UV,Silk,Spot UV Both Sides,4/4 (4 color both sides),10000,Score in Half,Slide Slits Bottom Panel,Yes 2500 Envelopes A7
Majestic,Silk,7 x 10,Vertical,Rectangle,16PT C2S,Spot UV,Silk,Spot UV Both Sides,4/4 (4 color both sides),5000,Score in Half,Slide Slits Bottom Panel,Yes 2500 Envelopes A7
Majestic,Silk,7 x 10,Horizontal,Rectangle,16PT C2S,Spot UV,Silk,Spot UV Front,4/1,500,Score in Half,Slide Slits Right Panel,Yes 2500 Envelopes A7
Majestic,Silk,7 x 10,Vertical,Rectangle,16PT C2S,Spot UV,Silk,Spot UV Front,4/1,500,Score in Half,Slide Slits Right Panel,Yes 2500 Envelopes A7
Majestic,Silk,7 x 10,Horizontal,Rectangle,16PT C2S,Spot UV,Silk,Spot UV Back,4/1,500,Score in Half,Slide Slits Right Panel,Yes 2500 Envelopes A7
Majestic,Silk,7 x 10,Vertical,Rectangle,16PT C2S,Spot UV,Silk,Spot UV Back,4/1,500,Score in Half,Slide Slits Right Panel,Yes 2500 Envelopes A7
Majestic,Silk,7 x 10,Horizontal,Rectangle,16PT C2S,Spot UV,Silk,Spot UV Both Sides,4/1,500,Score in Half,Slide Slits Right Panel,Yes 2500 Envelopes A7
Majestic,Silk,7 x 10,Vertical,Rectangle,16PT C2S,Spot UV,Silk,Spot UV Both Sides,4/1,500,Score in Half,Slide Slits Right Panel,Yes 2500 Envelopes A7
Majestic,Silk,7 x 10,Horizontal,Rectangle,16PT C2S,Spot UV,Silk,Spot UV Front,4/4 (4 color both sides),500,Score in Half,Slide Slits Right Panel,Yes 2500 Envelopes A7
Majestic,Silk,7 x 10,Vertical,Rectangle,16PT C2S,Spot UV,Silk,Spot UV Front,4/4 (4 color both sides),500,Score in Half,Slide Slits Right Panel,Yes 2500 Envelopes A7
Majestic,Silk,7 x 10,Horizontal,Rectangle,16PT C2S,Spot UV,Silk,Spot UV Back,4/4 (4 color both sides),500,Score in Half,Slide Slits Right Panel,Yes 2500 Envelopes A7
Majestic,Silk,7 x 10,Vertical,Rectangle,16PT C2S,Spot UV,Silk,Spot UV Back,4/4 (4 color both sides),500,Score in Half,Slide Slits Right Panel,Yes 2500 Envelopes A7
Majestic,Silk,7 x 10,Vertical,Rectangle,16PT C2S,Spot UV,Silk,Spot UV Front,4/1,2500,Score in Half,Slide Slits Bottom Panel,Yes 2500 Envelopes A7
Majestic,Silk,7 x 10,Vertical,Rectangle,16PT C2S,Spot UV,Silk,Spot UV Both Sides,4/4 (4 color both sides),500,Score in Half,Slide Slits Right Panel,Yes 2500 Envelopes A7
Majestic,Silk,7 x 10,Horizontal,Rectangle,16PT C2S,Spot UV,Silk,Spot UV Front,4/1,1000,Score in Half,Slide Slits Right Panel,Yes 2500 Envelopes A7
Majestic,Silk,7 x 10,Vertical,Rectangle,16PT C2S,Spot UV,Silk,Spot UV Front,4/1,1000,Score in Half,Slide Slits Right Panel,Yes 2500 Envelopes A7
Majestic,Silk,7 x 10,Horizontal,Rectangle,16PT C2S,Spot UV,Silk,Spot UV Back,4/1,1000,Score in Half,Slide Slits Right Panel,Yes 2500 Envelopes A7
Majestic,Silk,7 x 10,Vertical,Rectangle,16PT C2S,Spot UV,Silk,Spot UV Back,4/4 (4 color both sides),2500,Score in Half,Slide Slits Bottom Panel,Yes 2500 Envelopes A7
Majestic,Silk,7 x 10,Horizontal,Rectangle,16PT C2S,Spot UV,Silk,Spot UV Both Sides,4/1,1000,Score in Half,Slide Slits Right Panel,Yes 2500 Envelopes A7
Majestic,Silk,7 x 10,Vertical,Rectangle,16PT C2S,Spot UV,Silk,Spot UV Both Sides,4/1,1000,Score in Half,Slide Slits Right Panel,Yes 2500 Envelopes A7
Majestic,Silk,7 x 10,Horizontal,Rectangle,16PT C2S,Spot UV,Silk,Spot UV Front,4/4 (4 color both sides),1000,Score in Half,Slide Slits Right Panel,Yes 2500 Envelopes A7
Majestic,Silk,7 x 10,Vertical,Rectangle,16PT C2S,Spot UV,Silk,Spot UV Front,4/4 (4 color both sides),1000,Score in Half,Slide Slits Right Panel,Yes 2500 Envelopes A7
Majestic,Silk,7 x 10,Horizontal,Rectangle,16PT C2S,Spot UV,Silk,Spot UV Back,4/4 (4 color both sides),1000,Score in Half,Slide Slits Right Panel,Yes 2500 Envelopes A7
Majestic,Silk,7 x 10,Vertical,Rectangle,16PT C2S,Spot UV,Silk,Spot UV Back,4/4 (4 color both sides),1000,Score in Half,Slide Slits Right Panel,Yes 2500 Envelopes A7
Majestic,Silk,7 x 10,Horizontal,Rectangle,16PT C2S,Spot UV,Silk,Spot UV Both Sides,4/4 (4 color both sides),500,Score in Half,Slide Slits Right Panel,Yes 2500 Envelopes A7
Majestic,Silk,7 x 10,Vertical,Rectangle,16PT C2S,Spot UV,Silk,Spot UV Both Sides,4/4 (4 color both sides),1000,Score in Half,Slide Slits Right Panel,Yes 2500 Envelopes A7
Majestic,Silk,7 x 10,Horizontal,Rectangle,16PT C2S,Spot UV,Silk,Spot UV Front,4/1,2500,Score in Half,Slide Slits Right Panel,Yes 2500 Envelopes A7
Majestic,Silk,7 x 10,Vertical,Rectangle,16PT C2S,Spot UV,Silk,Spot UV Front,4/1,2500,Score in Half,Slide Slits Right Panel,Yes 2500 Envelopes A7
Majestic,Silk,7 x 10,Horizontal,Rectangle,16PT C2S,Spot UV,Silk,Spot UV Back,4/1,2500,Score in Half,Slide Slits Right Panel,Yes 2500 Envelopes A7
Majestic,Silk,7 x 10,Vertical,Rectangle,16PT C2S,Spot UV,Silk,Spot UV Back,4/1,2500,Score in Half,Slide Slits Right Panel,Yes 2500 Envelopes A7
Majestic,Silk,7 x 10,Horizontal,Rectangle,16PT C2S,Spot UV,Silk,Spot UV Both Sides,4/1,2500,Score in Half,Slide Slits Right Panel,Yes 2500 Envelopes A7
Majestic,Silk,7 x 10,Vertical,Rectangle,16PT C2S,Spot UV,Silk,Spot UV Both Sides,4/4 (4 color both sides),10000,Score in Half,Slide Slits Bottom Panel,Yes 2500 Envelopes A7
Majestic,Silk,7 x 10,Vertical,Rectangle,16PT C2S,Spot UV,Silk,Spot UV Both Sides,4/1,2500,Score in Half,Slide Slits Right Panel,Yes 2500 Envelopes A7
Majestic,Silk,7 x 10,Vertical,Rectangle,16PT C2S,Spot UV,Silk,Spot UV Front,4/4 (4 color both sides),2500,Score in Half,Slide Slits Right Panel,Yes 2500 Envelopes A7
Majestic,Silk,7 x 10,Horizontal,Rectangle,16PT C2S,Spot UV,Silk,Spot UV Front,4/4 (4 color both sides),2500,Score in Half,Slide Slits Right Panel,Yes 2500 Envelopes A7
Majestic,Silk,7 x 10,Vertical,Rectangle,16PT C2S,Spot UV,Silk,Spot UV Back,4/1,1000,Score in Half,Slide Slits Right Panel,Yes 2500 Envelopes A7
Majestic,Silk,7 x 10,Horizontal,Rectangle,16PT C2S,Spot UV,Silk,Spot UV Back,4/4 (4 color both sides),2500,Score in Half,Slide Slits Right Panel,Yes 2500 Envelopes A7
Majestic,Silk,7 x 10,Horizontal,Rectangle,16PT C2S,Spot UV,Silk,Spot UV Front,4/1,5000,Score in Half,Slide Slits Right Panel,Yes 2500 Envelopes A7
Majestic,Silk,7 x 10,Vertical,Rectangle,16PT C2S,Spot UV,Silk,Spot UV Front,4/1,5000,Score in Half,Slide Slits Right Panel,Yes 2500 Envelopes A7
Majestic,Silk,7 x 10,Horizontal,Rectangle,16PT C2S,Spot UV,Silk,Spot UV Back,4/1,5000,Score in Half,Slide Slits Right Panel,Yes 2500 Envelopes A7
Majestic,Silk,7 x 10,Horizontal,Rectangle,16PT C2S,Spot UV,Silk,Spot UV Both Sides,4/4 (4 color both sides),2500,Score in Half,Slide Slits Right Panel,Yes 2500 Envelopes A7
Majestic,Silk,7 x 10,Vertical,Rectangle,16PT C2S,Spot UV,Silk,Spot UV Back,4/1,5000,Score in Half,Slide Slits Right Panel,Yes 2500 Envelopes A7
Majestic,Silk,7 x 10,Horizontal,Rectangle,16PT C2S,Spot UV,Silk,Spot UV Both Sides,4/1,5000,Score in Half,Slide Slits Right Panel,Yes 2500 Envelopes A7
Majestic,Silk,7 x 10,Vertical,Rectangle,16PT C2S,Spot UV,Silk,Spot UV Both Sides,4/1,5000,Score in Half,Slide Slits Right Panel,Yes 2500 Envelopes A7
Majestic,Silk,7 x 10,Vertical,Rectangle,16PT C2S,Spot UV,Silk,Spot UV Front,4/4 (4 color both sides),5000,Score in Half,Slide Slits Right Panel,Yes 2500 Envelopes A7
Majestic,Silk,7 x 10,Horizontal,Rectangle,16PT C2S,Spot UV,Silk,Spot UV Back,4/4 (4 color both sides),5000,Score in Half,Slide Slits Right Panel,Yes 2500 Envelopes A7
Majestic,Silk,7 x 10,Horizontal,Rectangle,16PT C2S,Spot UV,Silk,Spot UV Front,4/4 (4 color both sides),5000,Score in Half,Slide Slits Right Panel,Yes 2500 Envelopes A7
Majestic,Silk,7 x 10,Vertical,Rectangle,16PT C2S,Spot UV,Silk,Spot UV Back,4/4 (4 color both sides),5000,Score in Half,Slide Slits Right Panel,Yes 2500 Envelopes A7
Majestic,Silk,7 x 10,Horizontal,Rectangle,16PT C2S,Spot UV,Silk,Spot UV Both Sides,4/4 (4 color both sides),5000,Score in Half,Slide Slits Right Panel,Yes 2500 Envelopes A7
Majestic,Silk,7 x 10,Vertical,Rectangle,16PT C2S,Spot UV,Silk,Spot UV Both Sides,4/4 (4 color both sides),5000,Score in Half,Slide Slits Right Panel,Yes 2500 Envelopes A7
Majestic,Silk,7 x 10,Vertical,Rectangle,16PT C2S,Spot UV,Silk,Spot UV Front,4/1,10000,Score in Half,Slide Slits Right Panel,Yes 2500 Envelopes A7
Majestic,Silk,7 x 10,Horizontal,Rectangle,16PT C2S,Spot UV,Silk,Spot UV Back,4/1,10000,Score in Half,Slide Slits Right Panel,Yes 2500 Envelopes A7
Majestic,Silk,7 x 10,Horizontal,Rectangle,16PT C2S,Spot UV,Silk,Spot UV Front,4/1,10000,Score in Half,Slide Slits Right Panel,Yes 2500 Envelopes A7
Majestic,Silk,7 x 10,Vertical,Rectangle,16PT C2S,Spot UV,Silk,Spot UV Back,4/1,10000,Score in Half,Slide Slits Right Panel,Yes 2500 Envelopes A7
Majestic,Silk,7 x 10,Vertical,Rectangle,16PT C2S,Spot UV,Silk,Spot UV Both Sides,4/1,10000,Score in Half,Slide Slits Right Panel,Yes 2500 Envelopes A7
Majestic,Silk,7 x 10,Horizontal,Rectangle,16PT C2S,Spot UV,Silk,Spot UV Front,4/4 (4 color both sides),10000,Score in Half,Slide Slits Right Panel,Yes 2500 Envelopes A7
Majestic,Silk,7 x 10,Vertical,Rectangle,16PT C2S,Spot UV,Silk,Spot UV Front,4/4 (4 color both sides),10000,Score in Half,Slide Slits Right Panel,Yes 2500 Envelopes A7
Majestic,Silk,7 x 10,Horizontal,Rectangle,16PT C2S,Spot UV,Silk,Spot UV Back,4/4 (4 color both sides),10000,Score in Half,Slide Slits Right Panel,Yes 2500 Envelopes A7
Majestic,Silk,7 x 10,Vertical,Rectangle,16PT C2S,Spot UV,Silk,Spot UV Back,4/4 (4 color both sides),10000,Score in Half,Slide Slits Right Panel,Yes 2500 Envelopes A7
Majestic,Silk,7 x 10,Horizontal,Rectangle,16PT C2S,Spot UV,Silk,Spot UV Both Sides,4/4 (4 color both sides),10000,Score in Half,Slide Slits Right Panel,Yes 2500 Envelopes A7
Majestic,Silk,7 x 10,Vertical,Rectangle,16PT C2S,Spot UV,Silk,Spot UV Both Sides,4/4 (4 color both sides),10000,Score in Half,Slide Slits Right Panel,Yes 2500 Envelopes A7
Majestic,Silk,7 x 10,Horizontal,Rectangle,16PT C2S,Spot UV,Silk,Spot UV Front,4/1,500,Score in Half,Moon Slits Bottom Panel,Yes 5000 Envelopes A7
Majestic,Silk,7 x 10,Vertical,Rectangle,16PT C2S,Spot UV,Silk,Spot UV Front,4/1,500,Score in Half,Moon Slits Bottom Panel,Yes 5000 Envelopes A7
Majestic,Silk,7 x 10,Horizontal,Rectangle,16PT C2S,Spot UV,Silk,Spot UV Back,4/1,500,Score in Half,Moon Slits Bottom Panel,Yes 5000 Envelopes A7
Majestic,Silk,7 x 10,Horizontal,Rectangle,16PT C2S,Spot UV,Silk,Spot UV Both Sides,4/1,10000,Score in Half,Slide Slits Right Panel,Yes 2500 Envelopes A7
Majestic,Silk,7 x 10,Vertical,Rectangle,16PT C2S,Spot UV,Silk,Spot UV Back,4/1,500,Score in Half,Moon Slits Bottom Panel,Yes 5000 Envelopes A7
Majestic,Silk,7 x 10,Horizontal,Rectangle,16PT C2S,Spot UV,Silk,Spot UV Both Sides,4/1,500,Score in Half,Moon Slits Bottom Panel,Yes 5000 Envelopes A7
Majestic,Silk,7 x 10,Vertical,Rectangle,16PT C2S,Spot UV,Silk,Spot UV Both Sides,4/1,500,Score in Half,Moon Slits Bottom Panel,Yes 5000 Envelopes A7
Majestic,Silk,7 x 10,Vertical,Rectangle,16PT C2S,Spot UV,Silk,Spot UV Back,4/4 (4 color both sides),2500,Score in Half,Slide Slits Right Panel,Yes 2500 Envelopes A7
Majestic,Silk,7 x 10,Horizontal,Rectangle,16PT C2S,Spot UV,Silk,Spot UV Back,4/4 (4 color both sides),500,Score in Half,Moon Slits Bottom Panel,Yes 5000 Envelopes A7
Majestic,Silk,7 x 10,Vertical,Rectangle,16PT C2S,Spot UV,Silk,Spot UV Front,4/4 (4 color both sides),500,Score in Half,Moon Slits Bottom Panel,Yes 5000 Envelopes A7
Majestic,Silk,7 x 10,Vertical,Rectangle,16PT C2S,Spot UV,Silk,Spot UV Back,4/4 (4 color both sides),500,Score in Half,Moon Slits Bottom Panel,Yes 5000 Envelopes A7
Majestic,Silk,7 x 10,Horizontal,Rectangle,16PT C2S,Spot UV,Silk,Spot UV Both Sides,4/4 (4 color both sides),500,Score in Half,Moon Slits Bottom Panel,Yes 5000 Envelopes A7
Majestic,Silk,7 x 10,Vertical,Rectangle,16PT C2S,Spot UV,Silk,Spot UV Both Sides,4/4 (4 color both sides),500,Score in Half,Moon Slits Bottom Panel,Yes 5000 Envelopes A7
Majestic,Silk,7 x 10,Horizontal,Rectangle,16PT C2S,Spot UV,Silk,Spot UV Front,4/1,1000,Score in Half,Moon Slits Bottom Panel,Yes 5000 Envelopes A7
Majestic,Silk,7 x 10,Vertical,Rectangle,16PT C2S,Spot UV,Silk,Spot UV Front,4/1,1000,Score in Half,Moon Slits Bottom Panel,Yes 5000 Envelopes A7
Majestic,Silk,7 x 10,Horizontal,Rectangle,16PT C2S,Spot UV,Silk,Spot UV Back,4/1,1000,Score in Half,Moon Slits Bottom Panel,Yes 5000 Envelopes A7
Majestic,Silk,7 x 10,Vertical,Rectangle,16PT C2S,Spot UV,Silk,Spot UV Back,4/1,1000,Score in Half,Moon Slits Bottom Panel,Yes 5000 Envelopes A7
Majestic,Silk,7 x 10,Vertical,Rectangle,16PT C2S,Spot UV,Silk,Spot UV Both Sides,4/1,1000,Score in Half,Moon Slits Bottom Panel,Yes 5000 Envelopes A7
Majestic,Silk,7 x 10,Horizontal,Rectangle,16PT C2S,Spot UV,Silk,Spot UV Both Sides,4/1,1000,Score in Half,Moon Slits Bottom Panel,Yes 5000 Envelopes A7
Majestic,Silk,7 x 10,Horizontal,Rectangle,16PT C2S,Spot UV,Silk,Spot UV Front,4/4 (4 color both sides),500,Score in Half,Moon Slits Bottom Panel,Yes 5000 Envelopes A7
Majestic,Silk,7 x 10,Horizontal,Rectangle,16PT C2S,Spot UV,Silk,Spot UV Both Sides,4/4 (4 color both sides),1000,Score in Half,Slide Slits Right Panel,Yes 2500 Envelopes A7
Majestic,Silk,7 x 10,Vertical,Rectangle,16PT C2S,Spot UV,Silk,Spot UV Back,4/4 (4 color both sides),1000,Score in Half,Moon Slits Bottom Panel,Yes 5000 Envelopes A7
Majestic,Silk,7 x 10,Horizontal,Rectangle,16PT C2S,Spot UV,Silk,Spot UV Both Sides,4/4 (4 color both sides),1000,Score in Half,Moon Slits Bottom Panel,Yes 5000 Envelopes A7
Majestic,Silk,7 x 10,Horizontal,Rectangle,16PT C2S,Spot UV,Silk,Spot UV Back,4/4 (4 color both sides),1000,Score in Half,Moon Slits Bottom Panel,Yes 5000 Envelopes A7
Majestic,Silk,7 x 10,Horizontal,Rectangle,16PT C2S,Spot UV,Silk,Spot UV Front,4/1,2500,Score in Half,Moon Slits Bottom Panel,Yes 5000 Envelopes A7
Majestic,Silk,7 x 10,Horizontal,Rectangle,16PT C2S,Spot UV,Silk,Spot UV Front,4/4 (4 color both sides),1000,Score in Half,Moon Slits Bottom Panel,Yes 5000 Envelopes A7
Majestic,Silk,7 x 10,Vertical,Rectangle,16PT C2S,Spot UV,Silk,Spot UV Both Sides,4/4 (4 color both sides),1000,Score in Half,Moon Slits Bottom Panel,Yes 5000 Envelopes A7
Majestic,Silk,7 x 10,Vertical,Rectangle,16PT C2S,Spot UV,Silk,Spot UV Front,4/1,2500,Score in Half,Moon Slits Bottom Panel,Yes 5000 Envelopes A7
Majestic,Silk,7 x 10,Vertical,Rectangle,16PT C2S,Spot UV,Silk,Spot UV Both Sides,4/1,2500,Score in Half,Moon Slits Bottom Panel,Yes 5000 Envelopes A7
Majestic,Silk,7 x 10,Vertical,Rectangle,16PT C2S,Spot UV,Silk,Spot UV Back,4/1,2500,Score in Half,Moon Slits Bottom Panel,Yes 5000 Envelopes A7
Majestic,Silk,7 x 10,Horizontal,Rectangle,16PT C2S,Spot UV,Silk,Spot UV Front,4/4 (4 color both sides),2500,Score in Half,Moon Slits Bottom Panel,Yes 5000 Envelopes A7
Majestic,Silk,7 x 10,Horizontal,Rectangle,16PT C2S,Spot UV,Silk,Spot UV Both Sides,4/1,2500,Score in Half,Moon Slits Bottom Panel,Yes 5000 Envelopes A7
Majestic,Silk,7 x 10,Horizontal,Rectangle,16PT C2S,Spot UV,Silk,Spot UV Back,4/4 (4 color both sides),2500,Score in Half,Moon Slits Bottom Panel,Yes 5000 Envelopes A7
Majestic,Silk,7 x 10,Vertical,Rectangle,16PT C2S,Spot UV,Silk,Spot UV Front,4/4 (4 color both sides),2500,Score in Half,Moon Slits Bottom Panel,Yes 5000 Envelopes A7
Majestic,Silk,7 x 10,Vertical,Rectangle,16PT C2S,Spot UV,Silk,Spot UV Both Sides,4/4 (4 color both sides),2500,Score in Half,Slide Slits Right Panel,Yes 2500 Envelopes A7
Majestic,Silk,7 x 10,Vertical,Rectangle,16PT C2S,Spot UV,Silk,Spot UV Both Sides,4/4 (4 color both sides),2500,Score in Half,Moon Slits Bottom Panel,Yes 5000 Envelopes A7
Majestic,Silk,7 x 10,Vertical,Rectangle,16PT C2S,Spot UV,Silk,Spot UV Back,4/4 (4 color both sides),2500,Score in Half,Moon Slits Bottom Panel,Yes 5000 Envelopes A7
Majestic,Silk,7 x 10,Vertical,Rectangle,16PT C2S,Spot UV,Silk,Spot UV Front,4/1,5000,Score in Half,Moon Slits Bottom Panel,Yes 5000 Envelopes A7
Majestic,Silk,7 x 10,Horizontal,Rectangle,16PT C2S,Spot UV,Silk,Spot UV Front,4/1,5000,Score in Half,Moon Slits Bottom Panel,Yes 5000 Envelopes A7
Majestic,Silk,7 x 10,Horizontal,Rectangle,16PT C2S,Spot UV,Silk,Spot UV Back,4/1,5000,Score in Half,Moon Slits Bottom Panel,Yes 5000 Envelopes A7
Majestic,Silk,7 x 10,Vertical,Rectangle,16PT C2S,Spot UV,Silk,Spot UV Back,4/1,5000,Score in Half,Moon Slits Bottom Panel,Yes 5000 Envelopes A7
Majestic,Silk,7 x 10,Horizontal,Rectangle,16PT C2S,Spot UV,Silk,Spot UV Both Sides,4/1,5000,Score in Half,Moon Slits Bottom Panel,Yes 5000 Envelopes A7
Majestic,Silk,7 x 10,Horizontal,Rectangle,16PT C2S,Spot UV,Silk,Spot UV Front,4/4 (4 color both sides),5000,Score in Half,Moon Slits Bottom Panel,Yes 5000 Envelopes A7
Majestic,Silk,7 x 10,Vertical,Rectangle,16PT C2S,Spot UV,Silk,Spot UV Both Sides,4/1,5000,Score in Half,Moon Slits Bottom Panel,Yes 5000 Envelopes A7
Majestic,Silk,7 x 10,Horizontal,Rectangle,16PT C2S,Spot UV,Silk,Spot UV Back,4/1,2500,Score in Half,Moon Slits Bottom Panel,Yes 5000 Envelopes A7
Majestic,Silk,7 x 10,Horizontal,Rectangle,16PT C2S,Spot UV,Silk,Spot UV Both Sides,4/4 (4 color both sides),2500,Score in Half,Moon Slits Bottom Panel,Yes 5000 Envelopes A7
Majestic,Silk,7 x 10,Horizontal,Rectangle,16PT C2S,Spot UV,Silk,Spot UV Both Sides,4/4 (4 color both sides),5000,Score in Half,Moon Slits Bottom Panel,Yes 5000 Envelopes A7
Majestic,Silk,7 x 10,Horizontal,Rectangle,16PT C2S,Spot UV,Silk,Spot UV Back,4/4 (4 color both sides),5000,Score in Half,Moon Slits Bottom Panel,Yes 5000 Envelopes A7
Majestic,Silk,7 x 10,Horizontal,Rectangle,16PT C2S,Spot UV,Silk,Spot UV Front,4/1,10000,Score in Half,Moon Slits Bottom Panel,Yes 5000 Envelopes A7
Majestic,Silk,7 x 10,Vertical,Rectangle,16PT C2S,Spot UV,Silk,Spot UV Front,4/1,10000,Score in Half,Moon Slits Bottom Panel,Yes 5000 Envelopes A7
Majestic,Silk,7 x 10,Vertical,Rectangle,16PT C2S,Spot UV,Silk,Spot UV Both Sides,4/4 (4 color both sides),5000,Score in Half,Moon Slits Bottom Panel,Yes 5000 Envelopes A7
Majestic,Silk,7 x 10,Vertical,Rectangle,16PT C2S,Spot UV,Silk,Spot UV Back,4/1,10000,Score in Half,Moon Slits Bottom Panel,Yes 5000 Envelopes A7
Majestic,Silk,7 x 10,Vertical,Rectangle,16PT C2S,Spot UV,Silk,Spot UV Front,4/4 (4 color both sides),1000,Score in Half,Moon Slits Bottom Panel,Yes 5000 Envelopes A7
Majestic,Silk,7 x 10,Vertical,Rectangle,16PT C2S,Spot UV,Silk,Spot UV Both Sides,4/1,10000,Score in Half,Moon Slits Bottom Panel,Yes 5000 Envelopes A7
Majestic,Silk,7 x 10,Horizontal,Rectangle,16PT C2S,Spot UV,Silk,Spot UV Front,4/4 (4 color both sides),10000,Score in Half,Moon Slits Bottom Panel,Yes 5000 Envelopes A7
Majestic,Silk,7 x 10,Horizontal,Rectangle,16PT C2S,Spot UV,Silk,Spot UV Both Sides,4/1,10000,Score in Half,Moon Slits Bottom Panel,Yes 5000 Envelopes A7
Majestic,Silk,7 x 10,Vertical,Rectangle,16PT C2S,Spot UV,Silk,Spot UV Front,4/4 (4 color both sides),5000,Score in Half,Moon Slits Bottom Panel,Yes 5000 Envelopes A7
Majestic,Silk,7 x 10,Horizontal,Rectangle,16PT C2S,Spot UV,Silk,Spot UV Back,4/4 (4 color both sides),10000,Score in Half,Moon Slits Bottom Panel,Yes 5000 Envelopes A7
Majestic,Silk,7 x 10,Vertical,Rectangle,16PT C2S,Spot UV,Silk,Spot UV Front,4/4 (4 color both sides),10000,Score in Half,Moon Slits Bottom Panel,Yes 5000 Envelopes A7
Majestic,Silk,7 x 10,Horizontal,Rectangle,16PT C2S,Spot UV,Silk,Spot UV Back,4/1,10000,Score in Half,Moon Slits Bottom Panel,Yes 5000 Envelopes A7
Majestic,Silk,7 x 10,Vertical,Rectangle,16PT C2S,Spot UV,Silk,Spot UV Back,4/4 (4 color both sides),5000,Score in Half,Moon Slits Bottom Panel,Yes 5000 Envelopes A7
Majestic,Silk,7 x 10,Horizontal,Rectangle,16PT C2S,Spot UV,Silk,Spot UV Back,4/1,500,Score in Half,Moon Slits Right Panel,Yes 5000 Envelopes A7
Majestic,Silk,7 x 10,Vertical,Rectangle,16PT C2S,Spot UV,Silk,Spot UV Both Sides,4/4 (4 color both sides),10000,Score in Half,Moon Slits Bottom Panel,Yes 5000 Envelopes A7
Majestic,Silk,7 x 10,Horizontal,Rectangle,16PT C2S,Spot UV,Silk,Spot UV Front,4/1,500,Score in Half,Moon Slits Right Panel,Yes 5000 Envelopes A7
Majestic,Silk,7 x 10,Vertical,Rectangle,16PT C2S,Spot UV,Silk,Spot UV Back,4/1,500,Score in Half,Moon Slits Right Panel,Yes 5000 Envelopes A7
Majestic,Silk,7 x 10,Vertical,Rectangle,16PT C2S,Spot UV,Silk,Spot UV Both Sides,4/1,500,Score in Half,Moon Slits Right Panel,Yes 5000 Envelopes A7
Majestic,Silk,7 x 10,Horizontal,Rectangle,16PT C2S,Spot UV,Silk,Spot UV Both Sides,4/1,500,Score in Half,Moon Slits Right Panel,Yes 5000 Envelopes A7
Majestic,Silk,7 x 10,Horizontal,Rectangle,16PT C2S,Spot UV,Silk,Spot UV Front,4/4 (4 color both sides),500,Score in Half,Moon Slits Right Panel,Yes 5000 Envelopes A7
Majestic,Silk,7 x 10,Horizontal,Rectangle,16PT C2S,Spot UV,Silk,Spot UV Both Sides,4/4 (4 color both sides),10000,Score in Half,Moon Slits Bottom Panel,Yes 5000 Envelopes A7
Majestic,Silk,7 x 10,Vertical,Rectangle,16PT C2S,Spot UV,Silk,Spot UV Front,4/1,500,Score in Half,Moon Slits Right Panel,Yes 5000 Envelopes A7
Majestic,Silk,7 x 10,Vertical,Rectangle,16PT C2S,Spot UV,Silk,Spot UV Back,4/4 (4 color both sides),10000,Score in Half,Moon Slits Bottom Panel,Yes 5000 Envelopes A7
Majestic,Silk,7 x 10,Horizontal,Rectangle,16PT C2S,Spot UV,Silk,Spot UV Both Sides,4/4 (4 color both sides),500,Score in Half,Moon Slits Right Panel,Yes 5000 Envelopes A7
Majestic,Silk,7 x 10,Vertical,Rectangle,16PT C2S,Spot UV,Silk,Spot UV Both Sides,4/4 (4 color both sides),500,Score in Half,Moon Slits Right Panel,Yes 5000 Envelopes A7
Majestic,Silk,7 x 10,Vertical,Rectangle,16PT C2S,Spot UV,Silk,Spot UV Front,4/1,1000,Score in Half,Moon Slits Right Panel,Yes 5000 Envelopes A7
Majestic,Silk,7 x 10,Vertical,Rectangle,16PT C2S,Spot UV,Silk,Spot UV Front,4/4 (4 color both sides),500,Score in Half,Moon Slits Right Panel,Yes 5000 Envelopes A7
Majestic,Silk,7 x 10,Horizontal,Rectangle,16PT C2S,Spot UV,Silk,Spot UV Back,4/1,1000,Score in Half,Moon Slits Right Panel,Yes 5000 Envelopes A7
Majestic,Silk,7 x 10,Vertical,Rectangle,16PT C2S,Spot UV,Silk,Spot UV Back,4/1,1000,Score in Half,Moon Slits Right Panel,Yes 5000 Envelopes A7
Majestic,Silk,7 x 10,Vertical,Rectangle,16PT C2S,Spot UV,Silk,Spot UV Both Sides,4/1,1000,Score in Half,Moon Slits Right Panel,Yes 5000 Envelopes A7
Majestic,Silk,7 x 10,Horizontal,Rectangle,16PT C2S,Spot UV,Silk,Spot UV Both Sides,4/1,1000,Score in Half,Moon Slits Right Panel,Yes 5000 Envelopes A7
Majestic,Silk,7 x 10,Vertical,Rectangle,16PT C2S,Spot UV,Silk,Spot UV Back,4/4 (4 color both sides),500,Score in Half,Moon Slits Right Panel,Yes 5000 Envelopes A7
Majestic,Silk,7 x 10,Vertical,Rectangle,16PT C2S,Spot UV,Silk,Spot UV Front,4/4 (4 color both sides),1000,Score in Half,Moon Slits Right Panel,Yes 5000 Envelopes A7
Majestic,Silk,7 x 10,Horizontal,Rectangle,16PT C2S,Spot UV,Silk,Spot UV Back,4/4 (4 color both sides),1000,Score in Half,Moon Slits Right Panel,Yes 5000 Envelopes A7
Majestic,Silk,7 x 10,Vertical,Rectangle,16PT C2S,Spot UV,Silk,Spot UV Back,4/4 (4 color both sides),1000,Score in Half,Moon Slits Right Panel,Yes 5000 Envelopes A7
Majestic,Silk,7 x 10,Horizontal,Rectangle,16PT C2S,Spot UV,Silk,Spot UV Both Sides,4/4 (4 color both sides),1000,Score in Half,Moon Slits Right Panel,Yes 5000 Envelopes A7
Majestic,Silk,7 x 10,Horizontal,Rectangle,16PT C2S,Spot UV,Silk,Spot UV Back,4/4 (4 color both sides),500,Score in Half,Moon Slits Right Panel,Yes 5000 Envelopes A7
Majestic,Silk,7 x 10,Horizontal,Rectangle,16PT C2S,Spot UV,Silk,Spot UV Front,4/4 (4 color both sides),1000,Score in Half,Moon Slits Right Panel,Yes 5000 Envelopes A7
Majestic,Silk,7 x 10,Horizontal,Rectangle,16PT C2S,Spot UV,Silk,Spot UV Front,4/1,1000,Score in Half,Moon Slits Right Panel,Yes 5000 Envelopes A7
Majestic,Silk,7 x 10,Vertical,Rectangle,16PT C2S,Spot UV,Silk,Spot UV Back,4/1,2500,Score in Half,Moon Slits Right Panel,Yes 5000 Envelopes A7
Majestic,Silk,7 x 10,Horizontal,Rectangle,16PT C2S,Spot UV,Silk,Spot UV Front,4/1,2500,Score in Half,Moon Slits Right Panel,Yes 5000 Envelopes A7
Majestic,Silk,7 x 10,Horizontal,Rectangle,16PT C2S,Spot UV,Silk,Spot UV Both Sides,4/1,2500,Score in Half,Moon Slits Right Panel,Yes 5000 Envelopes A7
Majestic,Silk,7 x 10,Horizontal,Rectangle,16PT C2S,Spot UV,Silk,Spot UV Front,4/4 (4 color both sides),2500,Score in Half,Moon Slits Right Panel,Yes 5000 Envelopes A7
Majestic,Silk,7 x 10,Vertical,Rectangle,16PT C2S,Spot UV,Silk,Spot UV Both Sides,4/1,2500,Score in Half,Moon Slits Right Panel,Yes 5000 Envelopes A7
Majestic,Silk,7 x 10,Vertical,Rectangle,16PT C2S,Spot UV,Silk,Spot UV Front,4/4 (4 color both sides),2500,Score in Half,Moon Slits Right Panel,Yes 5000 Envelopes A7
Majestic,Silk,7 x 10,Horizontal,Rectangle,16PT C2S,Spot UV,Silk,Spot UV Back,4/4 (4 color both sides),2500,Score in Half,Moon Slits Right Panel,Yes 5000 Envelopes A7
Majestic,Silk,7 x 10,Vertical,Rectangle,16PT C2S,Spot UV,Silk,Spot UV Back,4/4 (4 color both sides),2500,Score in Half,Moon Slits Right Panel,Yes 5000 Envelopes A7
Majestic,Silk,7 x 10,Vertical,Rectangle,16PT C2S,Spot UV,Silk,Spot UV Both Sides,4/4 (4 color both sides),2500,Score in Half,Moon Slits Right Panel,Yes 5000 Envelopes A7
Majestic,Silk,7 x 10,Horizontal,Rectangle,16PT C2S,Spot UV,Silk,Spot UV Both Sides,4/4 (4 color both sides),2500,Score in Half,Moon Slits Right Panel,Yes 5000 Envelopes A7
Majestic,Silk,7 x 10,Vertical,Rectangle,16PT C2S,Spot UV,Silk,Spot UV Front,4/1,5000,Score in Half,Moon Slits Right Panel,Yes 5000 Envelopes A7
Majestic,Silk,7 x 10,Vertical,Rectangle,16PT C2S,Spot UV,Silk,Spot UV Front,4/1,2500,Score in Half,Moon Slits Right Panel,Yes 5000 Envelopes A7
Majestic,Silk,7 x 10,Horizontal,Rectangle,16PT C2S,Spot UV,Silk,Spot UV Back,4/1,5000,Score in Half,Moon Slits Right Panel,Yes 5000 Envelopes A7
Majestic,Silk,7 x 10,Vertical,Rectangle,16PT C2S,Spot UV,Silk,Spot UV Back,4/1,5000,Score in Half,Moon Slits Right Panel,Yes 5000 Envelopes A7
Majestic,Silk,7 x 10,Horizontal,Rectangle,16PT C2S,Spot UV,Silk,Spot UV Both Sides,4/1,5000,Score in Half,Moon Slits Right Panel,Yes 5000 Envelopes A7
Majestic,Silk,7 x 10,Vertical,Rectangle,16PT C2S,Spot UV,Silk,Spot UV Both Sides,4/4 (4 color both sides),1000,Score in Half,Moon Slits Right Panel,Yes 5000 Envelopes A7
Majestic,Silk,7 x 10,Vertical,Rectangle,16PT C2S,Spot UV,Silk,Spot UV Front,4/4 (4 color both sides),5000,Score in Half,Moon Slits Right Panel,Yes 5000 Envelopes A7
Majestic,Silk,7 x 10,Horizontal,Rectangle,16PT C2S,Spot UV,Silk,Spot UV Back,4/4 (4 color both sides),5000,Score in Half,Moon Slits Right Panel,Yes 5000 Envelopes A7
Majestic,Silk,7 x 10,Vertical,Rectangle,16PT C2S,Spot UV,Silk,Spot UV Back,4/4 (4 color both sides),5000,Score in Half,Moon Slits Right Panel,Yes 5000 Envelopes A7
Majestic,Silk,7 x 10,Vertical,Rectangle,16PT C2S,Spot UV,Silk,Spot UV Both Sides,4/1,5000,Score in Half,Moon Slits Right Panel,Yes 5000 Envelopes A7
Majestic,Silk,7 x 10,Horizontal,Rectangle,16PT C2S,Spot UV,Silk,Spot UV Both Sides,4/4 (4 color both sides),5000,Score in Half,Moon Slits Right Panel,Yes 5000 Envelopes A7
Majestic,Silk,7 x 10,Horizontal,Rectangle,16PT C2S,Spot UV,Silk,Spot UV Front,4/4 (4 color both sides),5000,Score in Half,Moon Slits Right Panel,Yes 5000 Envelopes A7
Majestic,Silk,7 x 10,Horizontal,Rectangle,16PT C2S,Spot UV,Silk,Spot UV Front,4/1,10000,Score in Half,Moon Slits Right Panel,Yes 5000 Envelopes A7
Majestic,Silk,7 x 10,Horizontal,Rectangle,16PT C2S,Spot UV,Silk,Spot UV Back,4/1,10000,Score in Half,Moon Slits Right Panel,Yes 5000 Envelopes A7
Majestic,Silk,7 x 10,Vertical,Rectangle,16PT C2S,Spot UV,Silk,Spot UV Front,4/1,10000,Score in Half,Moon Slits Right Panel,Yes 5000 Envelopes A7
Majestic,Silk,7 x 10,Vertical,Rectangle,16PT C2S,Spot UV,Silk,Spot UV Back,4/1,10000,Score in Half,Moon Slits Right Panel,Yes 5000 Envelopes A7
Majestic,Silk,7 x 10,Horizontal,Rectangle,16PT C2S,Spot UV,Silk,Spot UV Both Sides,4/1,10000,Score in Half,Moon Slits Right Panel,Yes 5000 Envelopes A7
Majestic,Silk,7 x 10,Vertical,Rectangle,16PT C2S,Spot UV,Silk,Spot UV Both Sides,4/1,10000,Score in Half,Moon Slits Right Panel,Yes 5000 Envelopes A7
Majestic,Silk,7 x 10,Horizontal,Rectangle,16PT C2S,Spot UV,Silk,Spot UV Front,4/4 (4 color both sides),10000,Score in Half,Moon Slits Right Panel,Yes 5000 Envelopes A7
Majestic,Silk,7 x 10,Vertical,Rectangle,16PT C2S,Spot UV,Silk,Spot UV Front,4/4 (4 color both sides),10000,Score in Half,Moon Slits Right Panel,Yes 5000 Envelopes A7
Majestic,Silk,7 x 10,Horizontal,Rectangle,16PT C2S,Spot UV,Silk,Spot UV Back,4/4 (4 color both sides),10000,Score in Half,Moon Slits Right Panel,Yes 5000 Envelopes A7
Majestic,Silk,7 x 10,Vertical,Rectangle,16PT C2S,Spot UV,Silk,Spot UV Back,4/4 (4 color both sides),10000,Score in Half,Moon Slits Right Panel,Yes 5000 Envelopes A7
Majestic,Silk,7 x 10,Horizontal,Rectangle,16PT C2S,Spot UV,Silk,Spot UV Both Sides,4/4 (4 color both sides),10000,Score in Half,Moon Slits Right Panel,Yes 5000 Envelopes A7
Majestic,Silk,7 x 10,Vertical,Rectangle,16PT C2S,Spot UV,Silk,Spot UV Both Sides,4/4 (4 color both sides),10000,Score in Half,Moon Slits Right Panel,Yes 5000 Envelopes A7
Majestic,Silk,7 x 10,Horizontal,Rectangle,16PT C2S,Spot UV,Silk,Spot UV Front,4/1,500,Score in Half,No Gift Cards Slits,Yes 5000 Envelopes A7
Majestic,Silk,7 x 10,Vertical,Rectangle,16PT C2S,Spot UV,Silk,Spot UV Front,4/1,500,Score in Half,No Gift Cards Slits,Yes 5000 Envelopes A7
Majestic,Silk,7 x 10,Horizontal,Rectangle,16PT C2S,Spot UV,Silk,Spot UV Back,4/1,500,Score in Half,No Gift Cards Slits,Yes 5000 Envelopes A7
Majestic,Silk,7 x 10,Vertical,Rectangle,16PT C2S,Spot UV,Silk,Spot UV Back,4/1,500,Score in Half,No Gift Cards Slits,Yes 5000 Envelopes A7
Majestic,Silk,7 x 10,Horizontal,Rectangle,16PT C2S,Spot UV,Silk,Spot UV Both Sides,4/1,500,Score in Half,No Gift Cards Slits,Yes 5000 Envelopes A7
Majestic,Silk,7 x 10,Vertical,Rectangle,16PT C2S,Spot UV,Silk,Spot UV Both Sides,4/1,500,Score in Half,No Gift Cards Slits,Yes 5000 Envelopes A7
Majestic,Silk,7 x 10,Horizontal,Rectangle,16PT C2S,Spot UV,Silk,Spot UV Front,4/4 (4 color both sides),500,Score in Half,No Gift Cards Slits,Yes 5000 Envelopes A7
Majestic,Silk,7 x 10,Vertical,Rectangle,16PT C2S,Spot UV,Silk,Spot UV Front,4/4 (4 color both sides),500,Score in Half,No Gift Cards Slits,Yes 5000 Envelopes A7
Majestic,Silk,7 x 10,Horizontal,Rectangle,16PT C2S,Spot UV,Silk,Spot UV Back,4/4 (4 color both sides),500,Score in Half,No Gift Cards Slits,Yes 5000 Envelopes A7
Majestic,Silk,7 x 10,Vertical,Rectangle,16PT C2S,Spot UV,Silk,Spot UV Back,4/4 (4 color both sides),500,Score in Half,No Gift Cards Slits,Yes 5000 Envelopes A7
Majestic,Silk,7 x 10,Horizontal,Rectangle,16PT C2S,Spot UV,Silk,Spot UV Both Sides,4/4 (4 color both sides),500,Score in Half,No Gift Cards Slits,Yes 5000 Envelopes A7
Majestic,Silk,7 x 10,Vertical,Rectangle,16PT C2S,Spot UV,Silk,Spot UV Both Sides,4/4 (4 color both sides),5000,Score in Half,Moon Slits Right Panel,Yes 5000 Envelopes A7
Majestic,Silk,7 x 10,Horizontal,Rectangle,16PT C2S,Spot UV,Silk,Spot UV Front,4/1,1000,Score in Half,No Gift Cards Slits,Yes 5000 Envelopes A7
Majestic,Silk,7 x 10,Vertical,Rectangle,16PT C2S,Spot UV,Silk,Spot UV Front,4/1,1000,Score in Half,No Gift Cards Slits,Yes 5000 Envelopes A7
Majestic,Silk,7 x 10,Horizontal,Rectangle,16PT C2S,Spot UV,Silk,Spot UV Back,4/1,1000,Score in Half,No Gift Cards Slits,Yes 5000 Envelopes A7
Majestic,Silk,7 x 10,Horizontal,Rectangle,16PT C2S,Spot UV,Silk,Spot UV Both Sides,4/1,1000,Score in Half,No Gift Cards Slits,Yes 5000 Envelopes A7
Majestic,Silk,7 x 10,Horizontal,Rectangle,16PT C2S,Spot UV,Silk,Spot UV Front,4/1,5000,Score in Half,Moon Slits Right Panel,Yes 5000 Envelopes A7
Majestic,Silk,7 x 10,Horizontal,Rectangle,16PT C2S,Spot UV,Silk,Spot UV Front,4/4 (4 color both sides),1000,Score in Half,No Gift Cards Slits,Yes 5000 Envelopes A7
Majestic,Silk,7 x 10,Horizontal,Rectangle,16PT C2S,Spot UV,Silk,Spot UV Back,4/1,2500,Score in Half,Moon Slits Right Panel,Yes 5000 Envelopes A7
Majestic,Silk,7 x 10,Horizontal,Rectangle,16PT C2S,Spot UV,Silk,Spot UV Back,4/4 (4 color both sides),1000,Score in Half,No Gift Cards Slits,Yes 5000 Envelopes A7
Majestic,Silk,7 x 10,Vertical,Rectangle,16PT C2S,Spot UV,Silk,Spot UV Back,4/4 (4 color both sides),1000,Score in Half,No Gift Cards Slits,Yes 5000 Envelopes A7
Majestic,Silk,7 x 10,Horizontal,Rectangle,16PT C2S,Spot UV,Silk,Spot UV Both Sides,4/4 (4 color both sides),1000,Score in Half,No Gift Cards Slits,Yes 5000 Envelopes A7
Majestic,Silk,7 x 10,Vertical,Rectangle,16PT C2S,Spot UV,Silk,Spot UV Front,4/1,2500,Score in Half,No Gift Cards Slits,Yes 5000 Envelopes A7
Majestic,Silk,7 x 10,Horizontal,Rectangle,16PT C2S,Spot UV,Silk,Spot UV Front,4/1,2500,Score in Half,No Gift Cards Slits,Yes 5000 Envelopes A7
Majestic,Silk,7 x 10,Horizontal,Rectangle,16PT C2S,Spot UV,Silk,Spot UV Back,4/1,2500,Score in Half,No Gift Cards Slits,Yes 5000 Envelopes A7
Majestic,Silk,7 x 10,Vertical,Rectangle,16PT C2S,Spot UV,Silk,Spot UV Back,4/1,1000,Score in Half,No Gift Cards Slits,Yes 5000 Envelopes A7
Majestic,Silk,7 x 10,Horizontal,Rectangle,16PT C2S,Spot UV,Silk,Spot UV Both Sides,4/1,2500,Score in Half,No Gift Cards Slits,Yes 5000 Envelopes A7
Majestic,Silk,7 x 10,Vertical,Rectangle,16PT C2S,Spot UV,Silk,Spot UV Back,4/1,2500,Score in Half,No Gift Cards Slits,Yes 5000 Envelopes A7
Majestic,Silk,7 x 10,Vertical,Rectangle,16PT C2S,Spot UV,Silk,Spot UV Both Sides,4/1,1000,Score in Half,No Gift Cards Slits,Yes 5000 Envelopes A7
Majestic,Silk,7 x 10,Vertical,Rectangle,16PT C2S,Spot UV,Silk,Spot UV Both Sides,4/1,2500,Score in Half,No Gift Cards Slits,Yes 5000 Envelopes A7
Majestic,Silk,7 x 10,Horizontal,Rectangle,16PT C2S,Spot UV,Silk,Spot UV Front,4/4 (4 color both sides),2500,Score in Half,No Gift Cards Slits,Yes 5000 Envelopes A7
Majestic,Silk,7 x 10,Vertical,Rectangle,16PT C2S,Spot UV,Silk,Spot UV Front,4/4 (4 color both sides),2500,Score in Half,No Gift Cards Slits,Yes 5000 Envelopes A7
Majestic,Silk,7 x 10,Horizontal,Rectangle,16PT C2S,Spot UV,Silk,Spot UV Both Sides,4/4 (4 color both sides),2500,Score in Half,No Gift Cards Slits,Yes 5000 Envelopes A7
Majestic,Silk,7 x 10,Vertical,Rectangle,16PT C2S,Spot UV,Silk,Spot UV Front,4/4 (4 color both sides),1000,Score in Half,No Gift Cards Slits,Yes 5000 Envelopes A7
Majestic,Silk,7 x 10,Horizontal,Rectangle,16PT C2S,Spot UV,Silk,Spot UV Back,4/4 (4 color both sides),2500,Score in Half,No Gift Cards Slits,Yes 5000 Envelopes A7
Majestic,Silk,7 x 10,Vertical,Rectangle,16PT C2S,Spot UV,Silk,Spot UV Both Sides,4/4 (4 color both sides),2500,Score in Half,No Gift Cards Slits,Yes 5000 Envelopes A7
Majestic,Silk,7 x 10,Vertical,Rectangle,16PT C2S,Spot UV,Silk,Spot UV Front,4/1,5000,Score in Half,No Gift Cards Slits,Yes 5000 Envelopes A7
Majestic,Silk,7 x 10,Horizontal,Rectangle,16PT C2S,Spot UV,Silk,Spot UV Front,4/1,5000,Score in Half,No Gift Cards Slits,Yes 5000 Envelopes A7
Majestic,Silk,7 x 10,Vertical,Rectangle,16PT C2S,Spot UV,Silk,Spot UV Back,4/1,5000,Score in Half,No Gift Cards Slits,Yes 5000 Envelopes A7
Majestic,Silk,7 x 10,Vertical,Rectangle,16PT C2S,Spot UV,Silk,Spot UV Both Sides,4/1,5000,Score in Half,No Gift Cards Slits,Yes 5000 Envelopes A7
Majestic,Silk,7 x 10,Horizontal,Rectangle,16PT C2S,Spot UV,Silk,Spot UV Both Sides,4/1,5000,Score in Half,No Gift Cards Slits,Yes 5000 Envelopes A7
Majestic,Silk,7 x 10,Horizontal,Rectangle,16PT C2S,Spot UV,Silk,Spot UV Back,4/1,5000,Score in Half,No Gift Cards Slits,Yes 5000 Envelopes A7
Majestic,Silk,7 x 10,Horizontal,Rectangle,16PT C2S,Spot UV,Silk,Spot UV Front,4/4 (4 color both sides),5000,Score in Half,No Gift Cards Slits,Yes 5000 Envelopes A7
Majestic,Silk,7 x 10,Vertical,Rectangle,16PT C2S,Spot UV,Silk,Spot UV Front,4/4 (4 color both sides),5000,Score in Half,No Gift Cards Slits,Yes 5000 Envelopes A7
Majestic,Silk,7 x 10,Horizontal,Rectangle,16PT C2S,Spot UV,Silk,Spot UV Back,4/4 (4 color both sides),5000,Score in Half,No Gift Cards Slits,Yes 5000 Envelopes A7
Majestic,Silk,7 x 10,Vertical,Rectangle,16PT C2S,Spot UV,Silk,Spot UV Both Sides,4/4 (4 color both sides),500,Score in Half,No Gift Cards Slits,Yes 5000 Envelopes A7
Majestic,Silk,7 x 10,Vertical,Rectangle,16PT C2S,Spot UV,Silk,Spot UV Back,4/4 (4 color both sides),5000,Score in Half,No Gift Cards Slits,Yes 5000 Envelopes A7
Majestic,Silk,7 x 10,Horizontal,Rectangle,16PT C2S,Spot UV,Silk,Spot UV Front,4/1,10000,Score in Half,No Gift Cards Slits,Yes 5000 Envelopes A7
Majestic,Silk,7 x 10,Vertical,Rectangle,16PT C2S,Spot UV,Silk,Spot UV Both Sides,4/4 (4 color both sides),5000,Score in Half,No Gift Cards Slits,Yes 5000 Envelopes A7
Majestic,Silk,7 x 10,Vertical,Rectangle,16PT C2S,Spot UV,Silk,Spot UV Both Sides,4/4 (4 color both sides),1000,Score in Half,No Gift Cards Slits,Yes 5000 Envelopes A7
Majestic,Silk,7 x 10,Horizontal,Rectangle,16PT C2S,Spot UV,Silk,Spot UV Both Sides,4/4 (4 color both sides),5000,Score in Half,No Gift Cards Slits,Yes 5000 Envelopes A7
Majestic,Silk,7 x 10,Vertical,Rectangle,16PT C2S,Spot UV,Silk,Spot UV Back,4/1,10000,Score in Half,No Gift Cards Slits,Yes 5000 Envelopes A7
Majestic,Silk,7 x 10,Vertical,Rectangle,16PT C2S,Spot UV,Silk,Spot UV Both Sides,4/1,10000,Score in Half,No Gift Cards Slits,Yes 5000 Envelopes A7
Majestic,Silk,7 x 10,Horizontal,Rectangle,16PT C2S,Spot UV,Silk,Spot UV Both Sides,4/1,10000,Score in Half,No Gift Cards Slits,Yes 5000 Envelopes A7
Majestic,Silk,7 x 10,Horizontal,Rectangle,16PT C2S,Spot UV,Silk,Spot UV Front,4/4 (4 color both sides),10000,Score in Half,No Gift Cards Slits,Yes 5000 Envelopes A7
Majestic,Silk,7 x 10,Vertical,Rectangle,16PT C2S,Spot UV,Silk,Spot UV Front,4/4 (4 color both sides),10000,Score in Half,No Gift Cards Slits,Yes 5000 Envelopes A7
Majestic,Silk,7 x 10,Vertical,Rectangle,16PT C2S,Spot UV,Silk,Spot UV Back,4/4 (4 color both sides),10000,Score in Half,No Gift Cards Slits,Yes 5000 Envelopes A7
Majestic,Silk,7 x 10,Horizontal,Rectangle,16PT C2S,Spot UV,Silk,Spot UV Back,4/4 (4 color both sides),10000,Score in Half,No Gift Cards Slits,Yes 5000 Envelopes A7
Majestic,Silk,7 x 10,Horizontal,Rectangle,16PT C2S,Spot UV,Silk,Spot UV Both Sides,4/4 (4 color both sides),10000,Score in Half,No Gift Cards Slits,Yes 5000 Envelopes A7
Majestic,Silk,7 x 10,Vertical,Rectangle,16PT C2S,Spot UV,Silk,Spot UV Both Sides,4/4 (4 color both sides),10000,Score in Half,No Gift Cards Slits,Yes 5000 Envelopes A7
Majestic,Silk,7 x 10,Vertical,Rectangle,16PT C2S,Spot UV,Silk,Spot UV Front,4/1,500,Score in Half,Slide Slits Bottom Panel,Yes 5000 Envelopes A7
Majestic,Silk,7 x 10,Horizontal,Rectangle,16PT C2S,Spot UV,Silk,Spot UV Front,4/1,500,Score in Half,Slide Slits Bottom Panel,Yes 5000 Envelopes A7
Majestic,Silk,7 x 10,Horizontal,Rectangle,16PT C2S,Spot UV,Silk,Spot UV Back,4/1,500,Score in Half,Slide Slits Bottom Panel,Yes 5000 Envelopes A7
Majestic,Silk,7 x 10,Vertical,Rectangle,16PT C2S,Spot UV,Silk,Spot UV Back,4/1,500,Score in Half,Slide Slits Bottom Panel,Yes 5000 Envelopes A7
Majestic,Silk,7 x 10,Horizontal,Rectangle,16PT C2S,Spot UV,Silk,Spot UV Both Sides,4/1,500,Score in Half,Slide Slits Bottom Panel,Yes 5000 Envelopes A7
Majestic,Silk,7 x 10,Vertical,Rectangle,16PT C2S,Spot UV,Silk,Spot UV Both Sides,4/1,500,Score in Half,Slide Slits Bottom Panel,Yes 5000 Envelopes A7
Majestic,Silk,7 x 10,Horizontal,Rectangle,16PT C2S,Spot UV,Silk,Spot UV Front,4/4 (4 color both sides),500,Score in Half,Slide Slits Bottom Panel,Yes 5000 Envelopes A7
Majestic,Silk,7 x 10,Vertical,Rectangle,16PT C2S,Spot UV,Silk,Spot UV Front,4/4 (4 color both sides),500,Score in Half,Slide Slits Bottom Panel,Yes 5000 Envelopes A7
Majestic,Silk,7 x 10,Vertical,Rectangle,16PT C2S,Spot UV,Silk,Spot UV Front,4/1,10000,Score in Half,No Gift Cards Slits,Yes 5000 Envelopes A7
Majestic,Silk,7 x 10,Vertical,Rectangle,16PT C2S,Spot UV,Silk,Spot UV Back,4/4 (4 color both sides),500,Score in Half,Slide Slits Bottom Panel,Yes 5000 Envelopes A7
Majestic,Silk,7 x 10,Horizontal,Rectangle,16PT C2S,Spot UV,Silk,Spot UV Both Sides,4/4 (4 color both sides),500,Score in Half,Slide Slits Bottom Panel,Yes 5000 Envelopes A7
Majestic,Silk,7 x 10,Vertical,Rectangle,16PT C2S,Spot UV,Silk,Spot UV Both Sides,4/4 (4 color both sides),500,Score in Half,Slide Slits Bottom Panel,Yes 5000 Envelopes A7
Majestic,Silk,7 x 10,Horizontal,Rectangle,16PT C2S,Spot UV,Silk,Spot UV Front,4/1,1000,Score in Half,Slide Slits Bottom Panel,Yes 5000 Envelopes A7
Majestic,Silk,7 x 10,Vertical,Rectangle,16PT C2S,Spot UV,Silk,Spot UV Front,4/1,1000,Score in Half,Slide Slits Bottom Panel,Yes 5000 Envelopes A7
Majestic,Silk,7 x 10,Horizontal,Rectangle,16PT C2S,Spot UV,Silk,Spot UV Back,4/1,1000,Score in Half,Slide Slits Bottom Panel,Yes 5000 Envelopes A7
Majestic,Silk,7 x 10,Vertical,Rectangle,16PT C2S,Spot UV,Silk,Spot UV Back,4/1,1000,Score in Half,Slide Slits Bottom Panel,Yes 5000 Envelopes A7
Majestic,Silk,7 x 10,Horizontal,Rectangle,16PT C2S,Spot UV,Silk,Spot UV Both Sides,4/1,1000,Score in Half,Slide Slits Bottom Panel,Yes 5000 Envelopes A7
Majestic,Silk,7 x 10,Vertical,Rectangle,16PT C2S,Spot UV,Silk,Spot UV Both Sides,4/1,1000,Score in Half,Slide Slits Bottom Panel,Yes 5000 Envelopes A7
Majestic,Silk,7 x 10,Horizontal,Rectangle,16PT C2S,Spot UV,Silk,Spot UV Front,4/4 (4 color both sides),1000,Score in Half,Slide Slits Bottom Panel,Yes 5000 Envelopes A7
Majestic,Silk,7 x 10,Vertical,Rectangle,16PT C2S,Spot UV,Silk,Spot UV Front,4/4 (4 color both sides),1000,Score in Half,Slide Slits Bottom Panel,Yes 5000 Envelopes A7
Majestic,Silk,7 x 10,Horizontal,Rectangle,16PT C2S,Spot UV,Silk,Spot UV Back,4/4 (4 color both sides),1000,Score in Half,Slide Slits Bottom Panel,Yes 5000 Envelopes A7
Majestic,Silk,7 x 10,Vertical,Rectangle,16PT C2S,Spot UV,Silk,Spot UV Back,4/4 (4 color both sides),1000,Score in Half,Slide Slits Bottom Panel,Yes 5000 Envelopes A7
Majestic,Silk,7 x 10,Horizontal,Rectangle,16PT C2S,Spot UV,Silk,Spot UV Both Sides,4/4 (4 color both sides),1000,Score in Half,Slide Slits Bottom Panel,Yes 5000 Envelopes A7
Majestic,Silk,7 x 10,Vertical,Rectangle,16PT C2S,Spot UV,Silk,Spot UV Both Sides,4/4 (4 color both sides),1000,Score in Half,Slide Slits Bottom Panel,Yes 5000 Envelopes A7
Majestic,Silk,7 x 10,Horizontal,Rectangle,16PT C2S,Spot UV,Silk,Spot UV Front,4/1,2500,Score in Half,Slide Slits Bottom Panel,Yes 5000 Envelopes A7
Majestic,Silk,7 x 10,Vertical,Rectangle,16PT C2S,Spot UV,Silk,Spot UV Front,4/1,2500,Score in Half,Slide Slits Bottom Panel,Yes 5000 Envelopes A7
Majestic,Silk,7 x 10,Horizontal,Rectangle,16PT C2S,Spot UV,Silk,Spot UV Back,4/1,2500,Score in Half,Slide Slits Bottom Panel,Yes 5000 Envelopes A7
Majestic,Silk,7 x 10,Vertical,Rectangle,16PT C2S,Spot UV,Silk,Spot UV Back,4/1,2500,Score in Half,Slide Slits Bottom Panel,Yes 5000 Envelopes A7
Majestic,Silk,7 x 10,Horizontal,Rectangle,16PT C2S,Spot UV,Silk,Spot UV Both Sides,4/1,2500,Score in Half,Slide Slits Bottom Panel,Yes 5000 Envelopes A7
Majestic,Silk,7 x 10,Vertical,Rectangle,16PT C2S,Spot UV,Silk,Spot UV Both Sides,4/1,2500,Score in Half,Slide Slits Bottom Panel,Yes 5000 Envelopes A7
Majestic,Silk,7 x 10,Vertical,Rectangle,16PT C2S,Spot UV,Silk,Spot UV Back,4/4 (4 color both sides),2500,Score in Half,No Gift Cards Slits,Yes 5000 Envelopes A7
Majestic,Silk,7 x 10,Horizontal,Rectangle,16PT C2S,Spot UV,Silk,Spot UV Back,4/4 (4 color both sides),500,Score in Half,Slide Slits Bottom Panel,Yes 5000 Envelopes A7
Majestic,Silk,7 x 10,Horizontal,Rectangle,16PT C2S,Spot UV,Silk,Spot UV Back,4/4 (4 color both sides),2500,Score in Half,Slide Slits Bottom Panel,Yes 5000 Envelopes A7
Majestic,Silk,7 x 10,Vertical,Rectangle,16PT C2S,Spot UV,Silk,Spot UV Back,4/4 (4 color both sides),2500,Score in Half,Slide Slits Bottom Panel,Yes 5000 Envelopes A7
Majestic,Silk,7 x 10,Horizontal,Rectangle,16PT C2S,Spot UV,Silk,Spot UV Both Sides,4/4 (4 color both sides),2500,Score in Half,Slide Slits Bottom Panel,Yes 5000 Envelopes A7
Majestic,Silk,7 x 10,Vertical,Rectangle,16PT C2S,Spot UV,Silk,Spot UV Both Sides,4/4 (4 color both sides),2500,Score in Half,Slide Slits Bottom Panel,Yes 5000 Envelopes A7
Majestic,Silk,7 x 10,Horizontal,Rectangle,16PT C2S,Spot UV,Silk,Spot UV Front,4/1,5000,Score in Half,Slide Slits Bottom Panel,Yes 5000 Envelopes A7
Majestic,Silk,7 x 10,Vertical,Rectangle,16PT C2S,Spot UV,Silk,Spot UV Front,4/1,5000,Score in Half,Slide Slits Bottom Panel,Yes 5000 Envelopes A7
Majestic,Silk,7 x 10,Vertical,Rectangle,16PT C2S,Spot UV,Silk,Spot UV Both Sides,4/1,5000,Score in Half,Slide Slits Bottom Panel,Yes 5000 Envelopes A7
Majestic,Silk,7 x 10,Horizontal,Rectangle,16PT C2S,Spot UV,Silk,Spot UV Back,4/1,5000,Score in Half,Slide Slits Bottom Panel,Yes 5000 Envelopes A7
Majestic,Silk,7 x 10,Vertical,Rectangle,16PT C2S,Spot UV,Silk,Spot UV Back,4/1,5000,Score in Half,Slide Slits Bottom Panel,Yes 5000 Envelopes A7
Majestic,Silk,7 x 10,Horizontal,Rectangle,16PT C2S,Spot UV,Silk,Spot UV Both Sides,4/1,5000,Score in Half,Slide Slits Bottom Panel,Yes 5000 Envelopes A7
Majestic,Silk,7 x 10,Horizontal,Rectangle,16PT C2S,Spot UV,Silk,Spot UV Front,4/4 (4 color both sides),2500,Score in Half,Slide Slits Bottom Panel,Yes 5000 Envelopes A7
Majestic,Silk,7 x 10,Vertical,Rectangle,16PT C2S,Spot UV,Silk,Spot UV Front,4/4 (4 color both sides),2500,Score in Half,Slide Slits Bottom Panel,Yes 5000 Envelopes A7
Majestic,Silk,7 x 10,Horizontal,Rectangle,16PT C2S,Spot UV,Silk,Spot UV Back,4/4 (4 color both sides),5000,Score in Half,Slide Slits Bottom Panel,Yes 5000 Envelopes A7
Majestic,Silk,7 x 10,Vertical,Rectangle,16PT C2S,Spot UV,Silk,Spot UV Back,4/4 (4 color both sides),5000,Score in Half,Slide Slits Bottom Panel,Yes 5000 Envelopes A7
Majestic,Silk,7 x 10,Horizontal,Rectangle,16PT C2S,Spot UV,Silk,Spot UV Both Sides,4/4 (4 color both sides),5000,Score in Half,Slide Slits Bottom Panel,Yes 5000 Envelopes A7
Majestic,Silk,7 x 10,Vertical,Rectangle,16PT C2S,Spot UV,Silk,Spot UV Both Sides,4/4 (4 color both sides),5000,Score in Half,Slide Slits Bottom Panel,Yes 5000 Envelopes A7
Majestic,Silk,7 x 10,Horizontal,Rectangle,16PT C2S,Spot UV,Silk,Spot UV Front,4/1,10000,Score in Half,Slide Slits Bottom Panel,Yes 5000 Envelopes A7
Majestic,Silk,7 x 10,Vertical,Rectangle,16PT C2S,Spot UV,Silk,Spot UV Front,4/1,10000,Score in Half,Slide Slits Bottom Panel,Yes 5000 Envelopes A7
Majestic,Silk,7 x 10,Horizontal,Rectangle,16PT C2S,Spot UV,Silk,Spot UV Back,4/1,10000,Score in Half,Slide Slits Bottom Panel,Yes 5000 Envelopes A7
Majestic,Silk,7 x 10,Vertical,Rectangle,16PT C2S,Spot UV,Silk,Spot UV Back,4/1,10000,Score in Half,Slide Slits Bottom Panel,Yes 5000 Envelopes A7
Majestic,Silk,7 x 10,Horizontal,Rectangle,16PT C2S,Spot UV,Silk,Spot UV Both Sides,4/1,10000,Score in Half,Slide Slits Bottom Panel,Yes 5000 Envelopes A7
Majestic,Silk,7 x 10,Vertical,Rectangle,16PT C2S,Spot UV,Silk,Spot UV Both Sides,4/1,10000,Score in Half,Slide Slits Bottom Panel,Yes 5000 Envelopes A7
Majestic,Silk,7 x 10,Horizontal,Rectangle,16PT C2S,Spot UV,Silk,Spot UV Front,4/4 (4 color both sides),10000,Score in Half,Slide Slits Bottom Panel,Yes 5000 Envelopes A7
Majestic,Silk,7 x 10,Vertical,Rectangle,16PT C2S,Spot UV,Silk,Spot UV Front,4/4 (4 color both sides),10000,Score in Half,Slide Slits Bottom Panel,Yes 5000 Envelopes A7
Majestic,Silk,7 x 10,Horizontal,Rectangle,16PT C2S,Spot UV,Silk,Spot UV Back,4/4 (4 color both sides),10000,Score in Half,Slide Slits Bottom Panel,Yes 5000 Envelopes A7
Majestic,Silk,7 x 10,Vertical,Rectangle,16PT C2S,Spot UV,Silk,Spot UV Back,4/4 (4 color both sides),10000,Score in Half,Slide Slits Bottom Panel,Yes 5000 Envelopes A7
Majestic,Silk,7 x 10,Horizontal,Rectangle,16PT C2S,Spot UV,Silk,Spot UV Both Sides,4/4 (4 color both sides),10000,Score in Half,Slide Slits Bottom Panel,Yes 5000 Envelopes A7
Majestic,Silk,7 x 10,Vertical,Rectangle,16PT C2S,Spot UV,Silk,Spot UV Both Sides,4/4 (4 color both sides),10000,Score in Half,Slide Slits Bottom Panel,Yes 5000 Envelopes A7
Majestic,Silk,7 x 10,Horizontal,Rectangle,16PT C2S,Spot UV,Silk,Spot UV Front,4/1,500,Score in Half,Slide Slits Right Panel,Yes 5000 Envelopes A7
Majestic,Silk,7 x 10,Vertical,Rectangle,16PT C2S,Spot UV,Silk,Spot UV Front,4/1,500,Score in Half,Slide Slits Right Panel,Yes 5000 Envelopes A7
Majestic,Silk,7 x 10,Horizontal,Rectangle,16PT C2S,Spot UV,Silk,Spot UV Back,4/1,500,Score in Half,Slide Slits Right Panel,Yes 5000 Envelopes A7
Majestic,Silk,7 x 10,Vertical,Rectangle,16PT C2S,Spot UV,Silk,Spot UV Back,4/1,500,Score in Half,Slide Slits Right Panel,Yes 5000 Envelopes A7
Majestic,Silk,7 x 10,Horizontal,Rectangle,16PT C2S,Spot UV,Silk,Spot UV Both Sides,4/1,500,Score in Half,Slide Slits Right Panel,Yes 5000 Envelopes A7
Majestic,Silk,7 x 10,Vertical,Rectangle,16PT C2S,Spot UV,Silk,Spot UV Both Sides,4/1,500,Score in Half,Slide Slits Right Panel,Yes 5000 Envelopes A7
Majestic,Silk,7 x 10,Horizontal,Rectangle,16PT C2S,Spot UV,Silk,Spot UV Front,4/4 (4 color both sides),500,Score in Half,Slide Slits Right Panel,Yes 5000 Envelopes A7
Majestic,Silk,7 x 10,Vertical,Rectangle,16PT C2S,Spot UV,Silk,Spot UV Front,4/4 (4 color both sides),500,Score in Half,Slide Slits Right Panel,Yes 5000 Envelopes A7
Majestic,Silk,7 x 10,Horizontal,Rectangle,16PT C2S,Spot UV,Silk,Spot UV Back,4/4 (4 color both sides),500,Score in Half,Slide Slits Right Panel,Yes 5000 Envelopes A7
Majestic,Silk,7 x 10,Vertical,Rectangle,16PT C2S,Spot UV,Silk,Spot UV Back,4/4 (4 color both sides),500,Score in Half,Slide Slits Right Panel,Yes 5000 Envelopes A7
Majestic,Silk,7 x 10,Horizontal,Rectangle,16PT C2S,Spot UV,Silk,Spot UV Both Sides,4/4 (4 color both sides),500,Score in Half,Slide Slits Right Panel,Yes 5000 Envelopes A7
Majestic,Silk,7 x 10,Vertical,Rectangle,16PT C2S,Spot UV,Silk,Spot UV Both Sides,4/4 (4 color both sides),500,Score in Half,Slide Slits Right Panel,Yes 5000 Envelopes A7
Majestic,Silk,7 x 10,Horizontal,Rectangle,16PT C2S,Spot UV,Silk,Spot UV Front,4/1,1000,Score in Half,Slide Slits Right Panel,Yes 5000 Envelopes A7
Majestic,Silk,7 x 10,Vertical,Rectangle,16PT C2S,Spot UV,Silk,Spot UV Front,4/1,1000,Score in Half,Slide Slits Right Panel,Yes 5000 Envelopes A7
Majestic,Silk,7 x 10,Horizontal,Rectangle,16PT C2S,Spot UV,Silk,Spot UV Back,4/1,1000,Score in Half,Slide Slits Right Panel,Yes 5000 Envelopes A7
Majestic,Silk,7 x 10,Vertical,Rectangle,16PT C2S,Spot UV,Silk,Spot UV Back,4/1,1000,Score in Half,Slide Slits Right Panel,Yes 5000 Envelopes A7
Majestic,Silk,7 x 10,Horizontal,Rectangle,16PT C2S,Spot UV,Silk,Spot UV Both Sides,4/1,1000,Score in Half,Slide Slits Right Panel,Yes 5000 Envelopes A7
Majestic,Silk,7 x 10,Vertical,Rectangle,16PT C2S,Spot UV,Silk,Spot UV Both Sides,4/1,1000,Score in Half,Slide Slits Right Panel,Yes 5000 Envelopes A7
Majestic,Silk,7 x 10,Horizontal,Rectangle,16PT C2S,Spot UV,Silk,Spot UV Front,4/4 (4 color both sides),1000,Score in Half,Slide Slits Right Panel,Yes 5000 Envelopes A7
Majestic,Silk,7 x 10,Vertical,Rectangle,16PT C2S,Spot UV,Silk,Spot UV Front,4/4 (4 color both sides),1000,Score in Half,Slide Slits Right Panel,Yes 5000 Envelopes A7
Majestic,Silk,7 x 10,Horizontal,Rectangle,16PT C2S,Spot UV,Silk,Spot UV Back,4/4 (4 color both sides),1000,Score in Half,Slide Slits Right Panel,Yes 5000 Envelopes A7
Majestic,Silk,7 x 10,Horizontal,Rectangle,16PT C2S,Spot UV,Silk,Spot UV Front,4/4 (4 color both sides),5000,Score in Half,Slide Slits Bottom Panel,Yes 5000 Envelopes A7
Majestic,Silk,7 x 10,Vertical,Rectangle,16PT C2S,Spot UV,Silk,Spot UV Front,4/4 (4 color both sides),5000,Score in Half,Slide Slits Bottom Panel,Yes 5000 Envelopes A7
Majestic,Silk,7 x 10,Horizontal,Rectangle,16PT C2S,Spot UV,Silk,Spot UV Back,4/1,10000,Score in Half,No Gift Cards Slits,Yes 5000 Envelopes A7
Majestic,Silk,7 x 10,Horizontal,Rectangle,16PT C2S,Spot UV,Silk,Spot UV Front,4/1,2500,Score in Half,Slide Slits Right Panel,Yes 5000 Envelopes A7
Majestic,Silk,7 x 10,Vertical,Rectangle,16PT C2S,Spot UV,Silk,Spot UV Front,4/1,2500,Score in Half,Slide Slits Right Panel,Yes 5000 Envelopes A7
Majestic,Silk,7 x 10,Horizontal,Rectangle,16PT C2S,Spot UV,Silk,Spot UV Back,4/1,2500,Score in Half,Slide Slits Right Panel,Yes 5000 Envelopes A7
Majestic,Silk,7 x 10,Vertical,Rectangle,16PT C2S,Spot UV,Silk,Spot UV Back,4/1,2500,Score in Half,Slide Slits Right Panel,Yes 5000 Envelopes A7
Majestic,Silk,7 x 10,Horizontal,Rectangle,16PT C2S,Spot UV,Silk,Spot UV Both Sides,4/1,2500,Score in Half,Slide Slits Right Panel,Yes 5000 Envelopes A7
Majestic,Silk,7 x 10,Vertical,Rectangle,16PT C2S,Spot UV,Silk,Spot UV Both Sides,4/1,2500,Score in Half,Slide Slits Right Panel,Yes 5000 Envelopes A7
Majestic,Silk,7 x 10,Vertical,Rectangle,16PT C2S,Spot UV,Silk,Spot UV Back,4/4 (4 color both sides),1000,Score in Half,Slide Slits Right Panel,Yes 5000 Envelopes A7
Majestic,Silk,7 x 10,Vertical,Rectangle,16PT C2S,Spot UV,Silk,Spot UV Front,4/4 (4 color both sides),2500,Score in Half,Slide Slits Right Panel,Yes 5000 Envelopes A7
Majestic,Silk,7 x 10,Horizontal,Rectangle,16PT C2S,Spot UV,Silk,Spot UV Back,4/4 (4 color both sides),2500,Score in Half,Slide Slits Right Panel,Yes 5000 Envelopes A7
Majestic,Silk,7 x 10,Vertical,Rectangle,16PT C2S,Spot UV,Silk,Spot UV Back,4/4 (4 color both sides),2500,Score in Half,Slide Slits Right Panel,Yes 5000 Envelopes A7
Majestic,Silk,7 x 10,Horizontal,Rectangle,16PT C2S,Spot UV,Silk,Spot UV Both Sides,4/4 (4 color both sides),2500,Score in Half,Slide Slits Right Panel,Yes 5000 Envelopes A7
Majestic,Silk,7 x 10,Vertical,Rectangle,16PT C2S,Spot UV,Silk,Spot UV Both Sides,4/4 (4 color both sides),2500,Score in Half,Slide Slits Right Panel,Yes 5000 Envelopes A7
Majestic,Silk,7 x 10,Horizontal,Rectangle,16PT C2S,Spot UV,Silk,Spot UV Front,4/1,5000,Score in Half,Slide Slits Right Panel,Yes 5000 Envelopes A7
Majestic,Silk,7 x 10,Vertical,Rectangle,16PT C2S,Spot UV,Silk,Spot UV Front,4/1,5000,Score in Half,Slide Slits Right Panel,Yes 5000 Envelopes A7
Majestic,Silk,7 x 10,Horizontal,Rectangle,16PT C2S,Spot UV,Silk,Spot UV Back,4/1,5000,Score in Half,Slide Slits Right Panel,Yes 5000 Envelopes A7
Majestic,Silk,7 x 10,Vertical,Rectangle,16PT C2S,Spot UV,Silk,Spot UV Back,4/1,5000,Score in Half,Slide Slits Right Panel,Yes 5000 Envelopes A7
Majestic,Silk,7 x 10,Horizontal,Rectangle,16PT C2S,Spot UV,Silk,Spot UV Both Sides,4/4 (4 color both sides),1000,Score in Half,Slide Slits Right Panel,Yes 5000 Envelopes A7
Majestic,Silk,7 x 10,Horizontal,Rectangle,16PT C2S,Spot UV,Silk,Spot UV Front,4/4 (4 color both sides),5000,Score in Half,Slide Slits Right Panel,Yes 5000 Envelopes A7
Majestic,Silk,7 x 10,Vertical,Rectangle,16PT C2S,Spot UV,Silk,Spot UV Front,4/4 (4 color both sides),5000,Score in Half,Slide Slits Right Panel,Yes 5000 Envelopes A7
Majestic,Silk,7 x 10,Vertical,Rectangle,16PT C2S,Spot UV,Silk,Spot UV Both Sides,4/1,5000,Score in Half,Slide Slits Right Panel,Yes 5000 Envelopes A7
Majestic,Silk,7 x 10,Horizontal,Rectangle,16PT C2S,Spot UV,Silk,Spot UV Back,4/4 (4 color both sides),5000,Score in Half,Slide Slits Right Panel,Yes 5000 Envelopes A7
Majestic,Silk,7 x 10,Vertical,Rectangle,16PT C2S,Spot UV,Silk,Spot UV Back,4/4 (4 color both sides),5000,Score in Half,Slide Slits Right Panel,Yes 5000 Envelopes A7
Majestic,Silk,7 x 10,Horizontal,Rectangle,16PT C2S,Spot UV,Silk,Spot UV Both Sides,4/4 (4 color both sides),5000,Score in Half,Slide Slits Right Panel,Yes 5000 Envelopes A7
Majestic,Silk,7 x 10,Vertical,Rectangle,16PT C2S,Spot UV,Silk,Spot UV Both Sides,4/4 (4 color both sides),5000,Score in Half,Slide Slits Right Panel,Yes 5000 Envelopes A7
Majestic,Silk,7 x 10,Horizontal,Rectangle,16PT C2S,Spot UV,Silk,Spot UV Front,4/1,10000,Score in Half,Slide Slits Right Panel,Yes 5000 Envelopes A7
Majestic,Silk,7 x 10,Vertical,Rectangle,16PT C2S,Spot UV,Silk,Spot UV Front,4/1,10000,Score in Half,Slide Slits Right Panel,Yes 5000 Envelopes A7
Majestic,Silk,7 x 10,Horizontal,Rectangle,16PT C2S,Spot UV,Silk,Spot UV Back,4/1,10000,Score in Half,Slide Slits Right Panel,Yes 5000 Envelopes A7
Majestic,Silk,7 x 10,Vertical,Rectangle,16PT C2S,Spot UV,Silk,Spot UV Back,4/1,10000,Score in Half,Slide Slits Right Panel,Yes 5000 Envelopes A7
Majestic,Silk,7 x 10,Horizontal,Rectangle,16PT C2S,Spot UV,Silk,Spot UV Both Sides,4/1,10000,Score in Half,Slide Slits Right Panel,Yes 5000 Envelopes A7
Majestic,Silk,7 x 10,Vertical,Rectangle,16PT C2S,Spot UV,Silk,Spot UV Both Sides,4/1,10000,Score in Half,Slide Slits Right Panel,Yes 5000 Envelopes A7
Majestic,Silk,7 x 10,Horizontal,Rectangle,16PT C2S,Spot UV,Silk,Spot UV Front,4/4 (4 color both sides),10000,Score in Half,Slide Slits Right Panel,Yes 5000 Envelopes A7
Majestic,Silk,7 x 10,Vertical,Rectangle,16PT C2S,Spot UV,Silk,Spot UV Front,4/4 (4 color both sides),10000,Score in Half,Slide Slits Right Panel,Yes 5000 Envelopes A7
Majestic,Silk,7 x 10,Horizontal,Rectangle,16PT C2S,Spot UV,Silk,Spot UV Back,4/4 (4 color both sides),10000,Score in Half,Slide Slits Right Panel,Yes 5000 Envelopes A7
Majestic,Silk,7 x 10,Vertical,Rectangle,16PT C2S,Spot UV,Silk,Spot UV Back,4/4 (4 color both sides),10000,Score in Half,Slide Slits Right Panel,Yes 5000 Envelopes A7
Majestic,Silk,7 x 10,Horizontal,Rectangle,16PT C2S,Spot UV,Silk,Spot UV Both Sides,4/4 (4 color both sides),10000,Score in Half,Slide Slits Right Panel,Yes 5000 Envelopes A7
Majestic,Silk,7 x 10,Vertical,Rectangle,16PT C2S,Spot UV,Silk,Spot UV Both Sides,4/4 (4 color both sides),10000,Score in Half,Slide Slits Right Panel,Yes 5000 Envelopes A7
Majestic,Silk,7 x 10,Vertical,Rectangle,16PT C2S,Spot UV,Silk,Spot UV Front,4/1,500,Score in Half,Moon Slits Bottom Panel,Yes 10000 Envelopes A7
Majestic,Silk,7 x 10,Horizontal,Rectangle,16PT C2S,Spot UV,Silk,Spot UV Front,4/1,500,Score in Half,Moon Slits Bottom Panel,Yes 10000 Envelopes A7
Majestic,Silk,7 x 10,Horizontal,Rectangle,16PT C2S,Spot UV,Silk,Spot UV Back,4/1,500,Score in Half,Moon Slits Bottom Panel,Yes 10000 Envelopes A7
Majestic,Silk,7 x 10,Horizontal,Rectangle,16PT C2S,Spot UV,Silk,Spot UV Both Sides,4/1,500,Score in Half,Moon Slits Bottom Panel,Yes 10000 Envelopes A7
Majestic,Silk,7 x 10,Vertical,Rectangle,16PT C2S,Spot UV,Silk,Spot UV Back,4/1,500,Score in Half,Moon Slits Bottom Panel,Yes 10000 Envelopes A7
Majestic,Silk,7 x 10,Vertical,Rectangle,16PT C2S,Spot UV,Silk,Spot UV Both Sides,4/1,500,Score in Half,Moon Slits Bottom Panel,Yes 10000 Envelopes A7
Majestic,Silk,7 x 10,Vertical,Rectangle,16PT C2S,Spot UV,Silk,Spot UV Front,4/4 (4 color both sides),500,Score in Half,Moon Slits Bottom Panel,Yes 10000 Envelopes A7
Majestic,Silk,7 x 10,Horizontal,Rectangle,16PT C2S,Spot UV,Silk,Spot UV Front,4/4 (4 color both sides),500,Score in Half,Moon Slits Bottom Panel,Yes 10000 Envelopes A7
Majestic,Silk,7 x 10,Vertical,Rectangle,16PT C2S,Spot UV,Silk,Spot UV Back,4/4 (4 color both sides),500,Score in Half,Moon Slits Bottom Panel,Yes 10000 Envelopes A7
Majestic,Silk,7 x 10,Horizontal,Rectangle,16PT C2S,Spot UV,Silk,Spot UV Both Sides,4/4 (4 color both sides),500,Score in Half,Moon Slits Bottom Panel,Yes 10000 Envelopes A7
Majestic,Silk,7 x 10,Horizontal,Rectangle,16PT C2S,Spot UV,Silk,Spot UV Front,4/1,1000,Score in Half,Moon Slits Bottom Panel,Yes 10000 Envelopes A7
Majestic,Silk,7 x 10,Vertical,Rectangle,16PT C2S,Spot UV,Silk,Spot UV Both Sides,4/4 (4 color both sides),500,Score in Half,Moon Slits Bottom Panel,Yes 10000 Envelopes A7
Majestic,Silk,7 x 10,Horizontal,Rectangle,16PT C2S,Spot UV,Silk,Spot UV Front,4/4 (4 color both sides),2500,Score in Half,Slide Slits Right Panel,Yes 5000 Envelopes A7
Majestic,Silk,7 x 10,Horizontal,Rectangle,16PT C2S,Spot UV,Silk,Spot UV Back,4/1,1000,Score in Half,Moon Slits Bottom Panel,Yes 10000 Envelopes A7
Majestic,Silk,7 x 10,Vertical,Rectangle,16PT C2S,Spot UV,Silk,Spot UV Back,4/1,1000,Score in Half,Moon Slits Bottom Panel,Yes 10000 Envelopes A7
Majestic,Silk,7 x 10,Horizontal,Rectangle,16PT C2S,Spot UV,Silk,Spot UV Both Sides,4/1,1000,Score in Half,Moon Slits Bottom Panel,Yes 10000 Envelopes A7
Majestic,Silk,7 x 10,Vertical,Rectangle,16PT C2S,Spot UV,Silk,Spot UV Both Sides,4/1,1000,Score in Half,Moon Slits Bottom Panel,Yes 10000 Envelopes A7
Majestic,Silk,7 x 10,Horizontal,Rectangle,16PT C2S,Spot UV,Silk,Spot UV Back,4/4 (4 color both sides),500,Score in Half,Moon Slits Bottom Panel,Yes 10000 Envelopes A7
Majestic,Silk,7 x 10,Vertical,Rectangle,16PT C2S,Spot UV,Silk,Spot UV Front,4/4 (4 color both sides),1000,Score in Half,Moon Slits Bottom Panel,Yes 10000 Envelopes A7
Majestic,Silk,7 x 10,Horizontal,Rectangle,16PT C2S,Spot UV,Silk,Spot UV Front,4/4 (4 color both sides),1000,Score in Half,Moon Slits Bottom Panel,Yes 10000 Envelopes A7
Majestic,Silk,7 x 10,Horizontal,Rectangle,16PT C2S,Spot UV,Silk,Spot UV Back,4/4 (4 color both sides),1000,Score in Half,Moon Slits Bottom Panel,Yes 10000 Envelopes A7
Majestic,Silk,7 x 10,Horizontal,Rectangle,16PT C2S,Spot UV,Silk,Spot UV Both Sides,4/4 (4 color both sides),1000,Score in Half,Moon Slits Bottom Panel,Yes 10000 Envelopes A7
Majestic,Silk,7 x 10,Horizontal,Rectangle,16PT C2S,Spot UV,Silk,Spot UV Front,4/1,2500,Score in Half,Moon Slits Bottom Panel,Yes 10000 Envelopes A7
Majestic,Silk,7 x 10,Vertical,Rectangle,16PT C2S,Spot UV,Silk,Spot UV Both Sides,4/4 (4 color both sides),1000,Score in Half,Moon Slits Bottom Panel,Yes 10000 Envelopes A7
Majestic,Silk,7 x 10,Vertical,Rectangle,16PT C2S,Spot UV,Silk,Spot UV Front,4/1,2500,Score in Half,Moon Slits Bottom Panel,Yes 10000 Envelopes A7
Majestic,Silk,7 x 10,Vertical,Rectangle,16PT C2S,Spot UV,Silk,Spot UV Back,4/4 (4 color both sides),1000,Score in Half,Moon Slits Bottom Panel,Yes 10000 Envelopes A7
Majestic,Silk,7 x 10,Horizontal,Rectangle,16PT C2S,Spot UV,Silk,Spot UV Back,4/1,2500,Score in Half,Moon Slits Bottom Panel,Yes 10000 Envelopes A7
Majestic,Silk,7 x 10,Vertical,Rectangle,16PT C2S,Spot UV,Silk,Spot UV Back,4/1,2500,Score in Half,Moon Slits Bottom Panel,Yes 10000 Envelopes A7
Majestic,Silk,7 x 10,Horizontal,Rectangle,16PT C2S,Spot UV,Silk,Spot UV Both Sides,4/1,2500,Score in Half,Moon Slits Bottom Panel,Yes 10000 Envelopes A7
Majestic,Silk,7 x 10,Vertical,Rectangle,16PT C2S,Spot UV,Silk,Spot UV Both Sides,4/1,2500,Score in Half,Moon Slits Bottom Panel,Yes 10000 Envelopes A7
Majestic,Silk,7 x 10,Horizontal,Rectangle,16PT C2S,Spot UV,Silk,Spot UV Front,4/4 (4 color both sides),2500,Score in Half,Moon Slits Bottom Panel,Yes 10000 Envelopes A7
Majestic,Silk,7 x 10,Vertical,Rectangle,16PT C2S,Spot UV,Silk,Spot UV Front,4/4 (4 color both sides),2500,Score in Half,Moon Slits Bottom Panel,Yes 10000 Envelopes A7
Majestic,Silk,7 x 10,Horizontal,Rectangle,16PT C2S,Spot UV,Silk,Spot UV Back,4/4 (4 color both sides),2500,Score in Half,Moon Slits Bottom Panel,Yes 10000 Envelopes A7
Majestic,Silk,7 x 10,Vertical,Rectangle,16PT C2S,Spot UV,Silk,Spot UV Back,4/4 (4 color both sides),2500,Score in Half,Moon Slits Bottom Panel,Yes 10000 Envelopes A7
Majestic,Silk,7 x 10,Horizontal,Rectangle,16PT C2S,Spot UV,Silk,Spot UV Both Sides,4/4 (4 color both sides),2500,Score in Half,Moon Slits Bottom Panel,Yes 10000 Envelopes A7
Majestic,Silk,7 x 10,Vertical,Rectangle,16PT C2S,Spot UV,Silk,Spot UV Both Sides,4/4 (4 color both sides),2500,Score in Half,Moon Slits Bottom Panel,Yes 10000 Envelopes A7
Majestic,Silk,7 x 10,Horizontal,Rectangle,16PT C2S,Spot UV,Silk,Spot UV Front,4/1,5000,Score in Half,Moon Slits Bottom Panel,Yes 10000 Envelopes A7
Majestic,Silk,7 x 10,Horizontal,Rectangle,16PT C2S,Spot UV,Silk,Spot UV Both Sides,4/1,5000,Score in Half,Slide Slits Right Panel,Yes 5000 Envelopes A7
Majestic,Silk,7 x 10,Horizontal,Rectangle,16PT C2S,Spot UV,Silk,Spot UV Back,4/1,5000,Score in Half,Moon Slits Bottom Panel,Yes 10000 Envelopes A7
Majestic,Silk,7 x 10,Vertical,Rectangle,16PT C2S,Spot UV,Silk,Spot UV Back,4/1,5000,Score in Half,Moon Slits Bottom Panel,Yes 10000 Envelopes A7
Majestic,Silk,7 x 10,Horizontal,Rectangle,16PT C2S,Spot UV,Silk,Spot UV Both Sides,4/1,5000,Score in Half,Moon Slits Bottom Panel,Yes 10000 Envelopes A7
Majestic,Silk,7 x 10,Horizontal,Rectangle,16PT C2S,Spot UV,Silk,Spot UV Front,4/4 (4 color both sides),5000,Score in Half,Moon Slits Bottom Panel,Yes 10000 Envelopes A7
Majestic,Silk,7 x 10,Vertical,Rectangle,16PT C2S,Spot UV,Silk,Spot UV Both Sides,4/1,5000,Score in Half,Moon Slits Bottom Panel,Yes 10000 Envelopes A7
Majestic,Silk,7 x 10,Vertical,Rectangle,16PT C2S,Spot UV,Silk,Spot UV Front,4/1,5000,Score in Half,Moon Slits Bottom Panel,Yes 10000 Envelopes A7
Majestic,Silk,7 x 10,Horizontal,Rectangle,16PT C2S,Spot UV,Silk,Spot UV Back,4/4 (4 color both sides),5000,Score in Half,Moon Slits Bottom Panel,Yes 10000 Envelopes A7
Majestic,Silk,7 x 10,Vertical,Rectangle,16PT C2S,Spot UV,Silk,Spot UV Back,4/4 (4 color both sides),5000,Score in Half,Moon Slits Bottom Panel,Yes 10000 Envelopes A7
Majestic,Silk,7 x 10,Horizontal,Rectangle,16PT C2S,Spot UV,Silk,Spot UV Both Sides,4/4 (4 color both sides),5000,Score in Half,Moon Slits Bottom Panel,Yes 10000 Envelopes A7
Majestic,Silk,7 x 10,Vertical,Rectangle,16PT C2S,Spot UV,Silk,Spot UV Both Sides,4/4 (4 color both sides),5000,Score in Half,Moon Slits Bottom Panel,Yes 10000 Envelopes A7
Majestic,Silk,7 x 10,Horizontal,Rectangle,16PT C2S,Spot UV,Silk,Spot UV Front,4/1,10000,Score in Half,Moon Slits Bottom Panel,Yes 10000 Envelopes A7
Majestic,Silk,7 x 10,Vertical,Rectangle,16PT C2S,Spot UV,Silk,Spot UV Front,4/1,10000,Score in Half,Moon Slits Bottom Panel,Yes 10000 Envelopes A7
Majestic,Silk,7 x 10,Horizontal,Rectangle,16PT C2S,Spot UV,Silk,Spot UV Back,4/1,10000,Score in Half,Moon Slits Bottom Panel,Yes 10000 Envelopes A7
Majestic,Silk,7 x 10,Vertical,Rectangle,16PT C2S,Spot UV,Silk,Spot UV Back,4/1,10000,Score in Half,Moon Slits Bottom Panel,Yes 10000 Envelopes A7
Majestic,Silk,7 x 10,Horizontal,Rectangle,16PT C2S,Spot UV,Silk,Spot UV Both Sides,4/1,10000,Score in Half,Moon Slits Bottom Panel,Yes 10000 Envelopes A7
Majestic,Silk,7 x 10,Vertical,Rectangle,16PT C2S,Spot UV,Silk,Spot UV Both Sides,4/4 (4 color both sides),1000,Score in Half,Slide Slits Right Panel,Yes 5000 Envelopes A7
Majestic,Silk,7 x 10,Horizontal,Rectangle,16PT C2S,Spot UV,Silk,Spot UV Front,4/4 (4 color both sides),10000,Score in Half,Moon Slits Bottom Panel,Yes 10000 Envelopes A7
Majestic,Silk,7 x 10,Vertical,Rectangle,16PT C2S,Spot UV,Silk,Spot UV Front,4/4 (4 color both sides),10000,Score in Half,Moon Slits Bottom Panel,Yes 10000 Envelopes A7
Majestic,Silk,7 x 10,Horizontal,Rectangle,16PT C2S,Spot UV,Silk,Spot UV Back,4/4 (4 color both sides),10000,Score in Half,Moon Slits Bottom Panel,Yes 10000 Envelopes A7
Majestic,Silk,7 x 10,Vertical,Rectangle,16PT C2S,Spot UV,Silk,Spot UV Back,4/4 (4 color both sides),10000,Score in Half,Moon Slits Bottom Panel,Yes 10000 Envelopes A7
Majestic,Silk,7 x 10,Horizontal,Rectangle,16PT C2S,Spot UV,Silk,Spot UV Both Sides,4/4 (4 color both sides),10000,Score in Half,Moon Slits Bottom Panel,Yes 10000 Envelopes A7
Majestic,Silk,7 x 10,Vertical,Rectangle,16PT C2S,Spot UV,Silk,Spot UV Both Sides,4/4 (4 color both sides),10000,Score in Half,Moon Slits Bottom Panel,Yes 10000 Envelopes A7
Majestic,Silk,7 x 10,Horizontal,Rectangle,16PT C2S,Spot UV,Silk,Spot UV Front,4/1,500,Score in Half,Moon Slits Right Panel,Yes 10000 Envelopes A7
Majestic,Silk,7 x 10,Vertical,Rectangle,16PT C2S,Spot UV,Silk,Spot UV Front,4/1,500,Score in Half,Moon Slits Right Panel,Yes 10000 Envelopes A7
Majestic,Silk,7 x 10,Horizontal,Rectangle,16PT C2S,Spot UV,Silk,Spot UV Back,4/1,500,Score in Half,Moon Slits Right Panel,Yes 10000 Envelopes A7
Majestic,Silk,7 x 10,Vertical,Rectangle,16PT C2S,Spot UV,Silk,Spot UV Back,4/1,500,Score in Half,Moon Slits Right Panel,Yes 10000 Envelopes A7
Majestic,Silk,7 x 10,Horizontal,Rectangle,16PT C2S,Spot UV,Silk,Spot UV Both Sides,4/1,500,Score in Half,Moon Slits Right Panel,Yes 10000 Envelopes A7
Majestic,Silk,7 x 10,Vertical,Rectangle,16PT C2S,Spot UV,Silk,Spot UV Both Sides,4/1,500,Score in Half,Moon Slits Right Panel,Yes 10000 Envelopes A7
Majestic,Silk,7 x 10,Horizontal,Rectangle,16PT C2S,Spot UV,Silk,Spot UV Front,4/4 (4 color both sides),500,Score in Half,Moon Slits Right Panel,Yes 10000 Envelopes A7
Majestic,Silk,7 x 10,Vertical,Rectangle,16PT C2S,Spot UV,Silk,Spot UV Front,4/4 (4 color both sides),500,Score in Half,Moon Slits Right Panel,Yes 10000 Envelopes A7
Majestic,Silk,7 x 10,Horizontal,Rectangle,16PT C2S,Spot UV,Silk,Spot UV Back,4/4 (4 color both sides),500,Score in Half,Moon Slits Right Panel,Yes 10000 Envelopes A7
Majestic,Silk,7 x 10,Vertical,Rectangle,16PT C2S,Spot UV,Silk,Spot UV Back,4/4 (4 color both sides),500,Score in Half,Moon Slits Right Panel,Yes 10000 Envelopes A7
Majestic,Silk,7 x 10,Horizontal,Rectangle,16PT C2S,Spot UV,Silk,Spot UV Both Sides,4/4 (4 color both sides),500,Score in Half,Moon Slits Right Panel,Yes 10000 Envelopes A7
Majestic,Silk,7 x 10,Vertical,Rectangle,16PT C2S,Spot UV,Silk,Spot UV Both Sides,4/4 (4 color both sides),500,Score in Half,Moon Slits Right Panel,Yes 10000 Envelopes A7
Majestic,Silk,7 x 10,Horizontal,Rectangle,16PT C2S,Spot UV,Silk,Spot UV Front,4/1,1000,Score in Half,Moon Slits Right Panel,Yes 10000 Envelopes A7
Majestic,Silk,7 x 10,Vertical,Rectangle,16PT C2S,Spot UV,Silk,Spot UV Front,4/1,1000,Score in Half,Moon Slits Right Panel,Yes 10000 Envelopes A7
Majestic,Silk,7 x 10,Horizontal,Rectangle,16PT C2S,Spot UV,Silk,Spot UV Back,4/1,1000,Score in Half,Moon Slits Right Panel,Yes 10000 Envelopes A7
Majestic,Silk,7 x 10,Vertical,Rectangle,16PT C2S,Spot UV,Silk,Spot UV Back,4/1,1000,Score in Half,Moon Slits Right Panel,Yes 10000 Envelopes A7
Majestic,Silk,7 x 10,Vertical,Rectangle,16PT C2S,Spot UV,Silk,Spot UV Both Sides,4/1,1000,Score in Half,Moon Slits Right Panel,Yes 10000 Envelopes A7
Majestic,Silk,7 x 10,Horizontal,Rectangle,16PT C2S,Spot UV,Silk,Spot UV Both Sides,4/1,1000,Score in Half,Moon Slits Right Panel,Yes 10000 Envelopes A7
Majestic,Silk,7 x 10,Horizontal,Rectangle,16PT C2S,Spot UV,Silk,Spot UV Front,4/4 (4 color both sides),1000,Score in Half,Moon Slits Right Panel,Yes 10000 Envelopes A7
Majestic,Silk,7 x 10,Vertical,Rectangle,16PT C2S,Spot UV,Silk,Spot UV Front,4/4 (4 color both sides),1000,Score in Half,Moon Slits Right Panel,Yes 10000 Envelopes A7
Majestic,Silk,7 x 10,Horizontal,Rectangle,16PT C2S,Spot UV,Silk,Spot UV Back,4/4 (4 color both sides),1000,Score in Half,Moon Slits Right Panel,Yes 10000 Envelopes A7
Majestic,Silk,7 x 10,Vertical,Rectangle,16PT C2S,Spot UV,Silk,Spot UV Back,4/4 (4 color both sides),1000,Score in Half,Moon Slits Right Panel,Yes 10000 Envelopes A7
Majestic,Silk,7 x 10,Horizontal,Rectangle,16PT C2S,Spot UV,Silk,Spot UV Both Sides,4/4 (4 color both sides),1000,Score in Half,Moon Slits Right Panel,Yes 10000 Envelopes A7
Majestic,Silk,7 x 10,Vertical,Rectangle,16PT C2S,Spot UV,Silk,Spot UV Both Sides,4/4 (4 color both sides),1000,Score in Half,Moon Slits Right Panel,Yes 10000 Envelopes A7
Majestic,Silk,7 x 10,Vertical,Rectangle,16PT C2S,Spot UV,Silk,Spot UV Front,4/1,1000,Score in Half,Moon Slits Bottom Panel,Yes 10000 Envelopes A7
Majestic,Silk,7 x 10,Vertical,Rectangle,16PT C2S,Spot UV,Silk,Spot UV Front,4/4 (4 color both sides),5000,Score in Half,Moon Slits Bottom Panel,Yes 10000 Envelopes A7
Majestic,Silk,7 x 10,Vertical,Rectangle,16PT C2S,Spot UV,Silk,Spot UV Both Sides,4/1,10000,Score in Half,Moon Slits Bottom Panel,Yes 10000 Envelopes A7
Majestic,Silk,7 x 10,Vertical,Rectangle,16PT C2S,Spot UV,Silk,Spot UV Back,4/1,2500,Score in Half,Moon Slits Right Panel,Yes 10000 Envelopes A7
Majestic,Silk,7 x 10,Horizontal,Rectangle,16PT C2S,Spot UV,Silk,Spot UV Both Sides,4/1,2500,Score in Half,Moon Slits Right Panel,Yes 10000 Envelopes A7
Majestic,Silk,7 x 10,Vertical,Rectangle,16PT C2S,Spot UV,Silk,Spot UV Both Sides,4/1,2500,Score in Half,Moon Slits Right Panel,Yes 10000 Envelopes A7
Majestic,Silk,7 x 10,Horizontal,Rectangle,16PT C2S,Spot UV,Silk,Spot UV Front,4/4 (4 color both sides),2500,Score in Half,Moon Slits Right Panel,Yes 10000 Envelopes A7
Majestic,Silk,7 x 10,Vertical,Rectangle,16PT C2S,Spot UV,Silk,Spot UV Front,4/4 (4 color both sides),2500,Score in Half,Moon Slits Right Panel,Yes 10000 Envelopes A7
Majestic,Silk,7 x 10,Horizontal,Rectangle,16PT C2S,Spot UV,Silk,Spot UV Back,4/4 (4 color both sides),2500,Score in Half,Moon Slits Right Panel,Yes 10000 Envelopes A7
Majestic,Silk,7 x 10,Vertical,Rectangle,16PT C2S,Spot UV,Silk,Spot UV Back,4/4 (4 color both sides),2500,Score in Half,Moon Slits Right Panel,Yes 10000 Envelopes A7
Majestic,Silk,7 x 10,Horizontal,Rectangle,16PT C2S,Spot UV,Silk,Spot UV Both Sides,4/4 (4 color both sides),2500,Score in Half,Moon Slits Right Panel,Yes 10000 Envelopes A7
Majestic,Silk,7 x 10,Horizontal,Rectangle,16PT C2S,Spot UV,Silk,Spot UV Back,4/1,2500,Score in Half,Moon Slits Right Panel,Yes 10000 Envelopes A7
Majestic,Silk,7 x 10,Horizontal,Rectangle,16PT C2S,Spot UV,Silk,Spot UV Front,4/1,5000,Score in Half,Moon Slits Right Panel,Yes 10000 Envelopes A7
Majestic,Silk,7 x 10,Vertical,Rectangle,16PT C2S,Spot UV,Silk,Spot UV Front,4/1,5000,Score in Half,Moon Slits Right Panel,Yes 10000 Envelopes A7
Majestic,Silk,7 x 10,Horizontal,Rectangle,16PT C2S,Spot UV,Silk,Spot UV Back,4/1,5000,Score in Half,Moon Slits Right Panel,Yes 10000 Envelopes A7
Majestic,Silk,7 x 10,Vertical,Rectangle,16PT C2S,Spot UV,Silk,Spot UV Back,4/1,5000,Score in Half,Moon Slits Right Panel,Yes 10000 Envelopes A7
Majestic,Silk,7 x 10,Horizontal,Rectangle,16PT C2S,Spot UV,Silk,Spot UV Both Sides,4/1,5000,Score in Half,Moon Slits Right Panel,Yes 10000 Envelopes A7
Majestic,Silk,7 x 10,Vertical,Rectangle,16PT C2S,Spot UV,Silk,Spot UV Both Sides,4/1,5000,Score in Half,Moon Slits Right Panel,Yes 10000 Envelopes A7
Majestic,Silk,7 x 10,Horizontal,Rectangle,16PT C2S,Spot UV,Silk,Spot UV Front,4/4 (4 color both sides),5000,Score in Half,Moon Slits Right Panel,Yes 10000 Envelopes A7
Majestic,Silk,7 x 10,Vertical,Rectangle,16PT C2S,Spot UV,Silk,Spot UV Front,4/4 (4 color both sides),5000,Score in Half,Moon Slits Right Panel,Yes 10000 Envelopes A7
Majestic,Silk,7 x 10,Horizontal,Rectangle,16PT C2S,Spot UV,Silk,Spot UV Back,4/4 (4 color both sides),5000,Score in Half,Moon Slits Right Panel,Yes 10000 Envelopes A7
Majestic,Silk,7 x 10,Vertical,Rectangle,16PT C2S,Spot UV,Silk,Spot UV Back,4/4 (4 color both sides),5000,Score in Half,Moon Slits Right Panel,Yes 10000 Envelopes A7
Majestic,Silk,7 x 10,Horizontal,Rectangle,16PT C2S,Spot UV,Silk,Spot UV Both Sides,4/4 (4 color both sides),5000,Score in Half,Moon Slits Right Panel,Yes 10000 Envelopes A7
Majestic,Silk,7 x 10,Vertical,Rectangle,16PT C2S,Spot UV,Silk,Spot UV Both Sides,4/4 (4 color both sides),5000,Score in Half,Moon Slits Right Panel,Yes 10000 Envelopes A7
Majestic,Silk,7 x 10,Horizontal,Rectangle,16PT C2S,Spot UV,Silk,Spot UV Front,4/1,10000,Score in Half,Moon Slits Right Panel,Yes 10000 Envelopes A7
Majestic,Silk,7 x 10,Vertical,Rectangle,16PT C2S,Spot UV,Silk,Spot UV Front,4/1,10000,Score in Half,Moon Slits Right Panel,Yes 10000 Envelopes A7
Majestic,Silk,7 x 10,Vertical,Rectangle,16PT C2S,Spot UV,Silk,Spot UV Both Sides,4/4 (4 color both sides),2500,Score in Half,Moon Slits Right Panel,Yes 10000 Envelopes A7
Majestic,Silk,7 x 10,Vertical,Rectangle,16PT C2S,Spot UV,Silk,Spot UV Back,4/1,10000,Score in Half,Moon Slits Right Panel,Yes 10000 Envelopes A7
Majestic,Silk,7 x 10,Horizontal,Rectangle,16PT C2S,Spot UV,Silk,Spot UV Both Sides,4/1,10000,Score in Half,Moon Slits Right Panel,Yes 10000 Envelopes A7
Majestic,Silk,7 x 10,Vertical,Rectangle,16PT C2S,Spot UV,Silk,Spot UV Both Sides,4/1,10000,Score in Half,Moon Slits Right Panel,Yes 10000 Envelopes A7
Majestic,Silk,7 x 10,Horizontal,Rectangle,16PT C2S,Spot UV,Silk,Spot UV Front,4/4 (4 color both sides),10000,Score in Half,Moon Slits Right Panel,Yes 10000 Envelopes A7
Majestic,Silk,7 x 10,Vertical,Rectangle,16PT C2S,Spot UV,Silk,Spot UV Front,4/4 (4 color both sides),10000,Score in Half,Moon Slits Right Panel,Yes 10000 Envelopes A7
Majestic,Silk,7 x 10,Horizontal,Rectangle,16PT C2S,Spot UV,Silk,Spot UV Back,4/4 (4 color both sides),10000,Score in Half,Moon Slits Right Panel,Yes 10000 Envelopes A7
Majestic,Silk,7 x 10,Vertical,Rectangle,16PT C2S,Spot UV,Silk,Spot UV Back,4/4 (4 color both sides),10000,Score in Half,Moon Slits Right Panel,Yes 10000 Envelopes A7
Majestic,Silk,7 x 10,Horizontal,Rectangle,16PT C2S,Spot UV,Silk,Spot UV Both Sides,4/4 (4 color both sides),10000,Score in Half,Moon Slits Right Panel,Yes 10000 Envelopes A7
Majestic,Silk,7 x 10,Horizontal,Rectangle,16PT C2S,Spot UV,Silk,Spot UV Front,4/1,500,Score in Half,No Gift Cards Slits,Yes 10000 Envelopes A7
Majestic,Silk,7 x 10,Vertical,Rectangle,16PT C2S,Spot UV,Silk,Spot UV Both Sides,4/4 (4 color both sides),10000,Score in Half,Moon Slits Right Panel,Yes 10000 Envelopes A7
Majestic,Silk,7 x 10,Vertical,Rectangle,16PT C2S,Spot UV,Silk,Spot UV Front,4/1,500,Score in Half,No Gift Cards Slits,Yes 10000 Envelopes A7
Majestic,Silk,7 x 10,Horizontal,Rectangle,16PT C2S,Spot UV,Silk,Spot UV Back,4/1,10000,Score in Half,Moon Slits Right Panel,Yes 10000 Envelopes A7
Majestic,Silk,7 x 10,Vertical,Rectangle,16PT C2S,Spot UV,Silk,Spot UV Front,4/1,2500,Score in Half,Moon Slits Right Panel,Yes 10000 Envelopes A7
Majestic,Silk,7 x 10,Horizontal,Rectangle,16PT C2S,Spot UV,Silk,Spot UV Back,4/1,500,Score in Half,No Gift Cards Slits,Yes 10000 Envelopes A7
Majestic,Silk,7 x 10,Vertical,Rectangle,16PT C2S,Spot UV,Silk,Spot UV Both Sides,4/1,500,Score in Half,No Gift Cards Slits,Yes 10000 Envelopes A7
Majestic,Silk,7 x 10,Horizontal,Rectangle,16PT C2S,Spot UV,Silk,Spot UV Front,4/4 (4 color both sides),500,Score in Half,No Gift Cards Slits,Yes 10000 Envelopes A7
Majestic,Silk,7 x 10,Horizontal,Rectangle,16PT C2S,Spot UV,Silk,Spot UV Front,4/1,2500,Score in Half,Moon Slits Right Panel,Yes 10000 Envelopes A7
Majestic,Silk,7 x 10,Vertical,Rectangle,16PT C2S,Spot UV,Silk,Spot UV Back,4/1,500,Score in Half,No Gift Cards Slits,Yes 10000 Envelopes A7
Majestic,Silk,7 x 10,Vertical,Rectangle,16PT C2S,Spot UV,Silk,Spot UV Back,4/4 (4 color both sides),500,Score in Half,No Gift Cards Slits,Yes 10000 Envelopes A7
Majestic,Silk,7 x 10,Horizontal,Rectangle,16PT C2S,Spot UV,Silk,Spot UV Both Sides,4/4 (4 color both sides),500,Score in Half,No Gift Cards Slits,Yes 10000 Envelopes A7
Majestic,Silk,7 x 10,Vertical,Rectangle,16PT C2S,Spot UV,Silk,Spot UV Both Sides,4/4 (4 color both sides),500,Score in Half,No Gift Cards Slits,Yes 10000 Envelopes A7
Majestic,Silk,7 x 10,Horizontal,Rectangle,16PT C2S,Spot UV,Silk,Spot UV Both Sides,4/1,500,Score in Half,No Gift Cards Slits,Yes 10000 Envelopes A7
Majestic,Silk,7 x 10,Horizontal,Rectangle,16PT C2S,Spot UV,Silk,Spot UV Back,4/1,1000,Score in Half,No Gift Cards Slits,Yes 10000 Envelopes A7
Majestic,Silk,7 x 10,Vertical,Rectangle,16PT C2S,Spot UV,Silk,Spot UV Back,4/1,1000,Score in Half,No Gift Cards Slits,Yes 10000 Envelopes A7
Majestic,Silk,7 x 10,Horizontal,Rectangle,16PT C2S,Spot UV,Silk,Spot UV Both Sides,4/1,1000,Score in Half,No Gift Cards Slits,Yes 10000 Envelopes A7
Majestic,Silk,7 x 10,Vertical,Rectangle,16PT C2S,Spot UV,Silk,Spot UV Both Sides,4/1,1000,Score in Half,No Gift Cards Slits,Yes 10000 Envelopes A7
Majestic,Silk,7 x 10,Vertical,Rectangle,16PT C2S,Spot UV,Silk,Spot UV Front,4/1,1000,Score in Half,No Gift Cards Slits,Yes 10000 Envelopes A7
Majestic,Silk,7 x 10,Horizontal,Rectangle,16PT C2S,Spot UV,Silk,Spot UV Front,4/4 (4 color both sides),1000,Score in Half,No Gift Cards Slits,Yes 10000 Envelopes A7
Majestic,Silk,7 x 10,Vertical,Rectangle,16PT C2S,Spot UV,Silk,Spot UV Front,4/4 (4 color both sides),1000,Score in Half,No Gift Cards Slits,Yes 10000 Envelopes A7
Majestic,Silk,7 x 10,Horizontal,Rectangle,16PT C2S,Spot UV,Silk,Spot UV Back,4/4 (4 color both sides),1000,Score in Half,No Gift Cards Slits,Yes 10000 Envelopes A7
Majestic,Silk,7 x 10,Horizontal,Rectangle,16PT C2S,Spot UV,Silk,Spot UV Both Sides,4/4 (4 color both sides),1000,Score in Half,No Gift Cards Slits,Yes 10000 Envelopes A7
Majestic,Silk,7 x 10,Vertical,Rectangle,16PT C2S,Spot UV,Silk,Spot UV Both Sides,4/4 (4 color both sides),1000,Score in Half,No Gift Cards Slits,Yes 10000 Envelopes A7
Majestic,Silk,7 x 10,Vertical,Rectangle,16PT C2S,Spot UV,Silk,Spot UV Back,4/4 (4 color both sides),1000,Score in Half,No Gift Cards Slits,Yes 10000 Envelopes A7
Majestic,Silk,7 x 10,Horizontal,Rectangle,16PT C2S,Spot UV,Silk,Spot UV Front,4/1,2500,Score in Half,No Gift Cards Slits,Yes 10000 Envelopes A7
Majestic,Silk,7 x 10,Vertical,Rectangle,16PT C2S,Spot UV,Silk,Spot UV Front,4/1,2500,Score in Half,No Gift Cards Slits,Yes 10000 Envelopes A7
Majestic,Silk,7 x 10,Horizontal,Rectangle,16PT C2S,Spot UV,Silk,Spot UV Back,4/1,2500,Score in Half,No Gift Cards Slits,Yes 10000 Envelopes A7
Majestic,Silk,7 x 10,Horizontal,Rectangle,16PT C2S,Spot UV,Silk,Spot UV Both Sides,4/1,2500,Score in Half,No Gift Cards Slits,Yes 10000 Envelopes A7
Majestic,Silk,7 x 10,Vertical,Rectangle,16PT C2S,Spot UV,Silk,Spot UV Back,4/1,2500,Score in Half,No Gift Cards Slits,Yes 10000 Envelopes A7
Majestic,Silk,7 x 10,Vertical,Rectangle,16PT C2S,Spot UV,Silk,Spot UV Both Sides,4/1,2500,Score in Half,No Gift Cards Slits,Yes 10000 Envelopes A7
Majestic,Silk,7 x 10,Horizontal,Rectangle,16PT C2S,Spot UV,Silk,Spot UV Front,4/4 (4 color both sides),2500,Score in Half,No Gift Cards Slits,Yes 10000 Envelopes A7
Majestic,Silk,7 x 10,Vertical,Rectangle,16PT C2S,Spot UV,Silk,Spot UV Front,4/4 (4 color both sides),2500,Score in Half,No Gift Cards Slits,Yes 10000 Envelopes A7
Majestic,Silk,7 x 10,Horizontal,Rectangle,16PT C2S,Spot UV,Silk,Spot UV Back,4/4 (4 color both sides),2500,Score in Half,No Gift Cards Slits,Yes 10000 Envelopes A7
Majestic,Silk,7 x 10,Vertical,Rectangle,16PT C2S,Spot UV,Silk,Spot UV Back,4/4 (4 color both sides),2500,Score in Half,No Gift Cards Slits,Yes 10000 Envelopes A7
Majestic,Silk,7 x 10,Horizontal,Rectangle,16PT C2S,Spot UV,Silk,Spot UV Both Sides,4/4 (4 color both sides),2500,Score in Half,No Gift Cards Slits,Yes 10000 Envelopes A7
Majestic,Silk,7 x 10,Vertical,Rectangle,16PT C2S,Spot UV,Silk,Spot UV Both Sides,4/4 (4 color both sides),2500,Score in Half,No Gift Cards Slits,Yes 10000 Envelopes A7
Majestic,Silk,7 x 10,Horizontal,Rectangle,16PT C2S,Spot UV,Silk,Spot UV Front,4/1,5000,Score in Half,No Gift Cards Slits,Yes 10000 Envelopes A7
Majestic,Silk,7 x 10,Vertical,Rectangle,16PT C2S,Spot UV,Silk,Spot UV Front,4/1,5000,Score in Half,No Gift Cards Slits,Yes 10000 Envelopes A7
Majestic,Silk,7 x 10,Vertical,Rectangle,16PT C2S,Spot UV,Silk,Spot UV Back,4/1,5000,Score in Half,No Gift Cards Slits,Yes 10000 Envelopes A7
Majestic,Silk,7 x 10,Horizontal,Rectangle,16PT C2S,Spot UV,Silk,Spot UV Both Sides,4/1,5000,Score in Half,No Gift Cards Slits,Yes 10000 Envelopes A7
Majestic,Silk,7 x 10,Horizontal,Rectangle,16PT C2S,Spot UV,Silk,Spot UV Back,4/4 (4 color both sides),500,Score in Half,No Gift Cards Slits,Yes 10000 Envelopes A7
Majestic,Silk,7 x 10,Vertical,Rectangle,16PT C2S,Spot UV,Silk,Spot UV Front,4/4 (4 color both sides),500,Score in Half,No Gift Cards Slits,Yes 10000 Envelopes A7
Majestic,Silk,7 x 10,Horizontal,Rectangle,16PT C2S,Spot UV,Silk,Spot UV Front,4/4 (4 color both sides),5000,Score in Half,No Gift Cards Slits,Yes 10000 Envelopes A7
Majestic,Silk,7 x 10,Vertical,Rectangle,16PT C2S,Spot UV,Silk,Spot UV Front,4/4 (4 color both sides),5000,Score in Half,No Gift Cards Slits,Yes 10000 Envelopes A7
Majestic,Silk,7 x 10,Horizontal,Rectangle,16PT C2S,Spot UV,Silk,Spot UV Back,4/4 (4 color both sides),5000,Score in Half,No Gift Cards Slits,Yes 10000 Envelopes A7
Majestic,Silk,7 x 10,Vertical,Rectangle,16PT C2S,Spot UV,Silk,Spot UV Back,4/4 (4 color both sides),5000,Score in Half,No Gift Cards Slits,Yes 10000 Envelopes A7
Majestic,Silk,7 x 10,Horizontal,Rectangle,16PT C2S,Spot UV,Silk,Spot UV Both Sides,4/4 (4 color both sides),5000,Score in Half,No Gift Cards Slits,Yes 10000 Envelopes A7
Majestic,Silk,7 x 10,Vertical,Rectangle,16PT C2S,Spot UV,Silk,Spot UV Front,4/1,10000,Score in Half,No Gift Cards Slits,Yes 10000 Envelopes A7
Majestic,Silk,7 x 10,Horizontal,Rectangle,16PT C2S,Spot UV,Silk,Spot UV Front,4/1,10000,Score in Half,No Gift Cards Slits,Yes 10000 Envelopes A7
Majestic,Silk,7 x 10,Vertical,Rectangle,16PT C2S,Spot UV,Silk,Spot UV Both Sides,4/4 (4 color both sides),5000,Score in Half,No Gift Cards Slits,Yes 10000 Envelopes A7
Majestic,Silk,7 x 10,Vertical,Rectangle,16PT C2S,Spot UV,Silk,Spot UV Back,4/1,10000,Score in Half,No Gift Cards Slits,Yes 10000 Envelopes A7
Majestic,Silk,7 x 10,Vertical,Rectangle,16PT C2S,Spot UV,Silk,Spot UV Both Sides,4/1,10000,Score in Half,No Gift Cards Slits,Yes 10000 Envelopes A7
Majestic,Silk,7 x 10,Horizontal,Rectangle,16PT C2S,Spot UV,Silk,Spot UV Both Sides,4/1,10000,Score in Half,No Gift Cards Slits,Yes 10000 Envelopes A7
Majestic,Silk,7 x 10,Vertical,Rectangle,16PT C2S,Spot UV,Silk,Spot UV Both Sides,4/1,5000,Score in Half,No Gift Cards Slits,Yes 10000 Envelopes A7
Majestic,Silk,7 x 10,Horizontal,Rectangle,16PT C2S,Spot UV,Silk,Spot UV Front,4/4 (4 color both sides),10000,Score in Half,No Gift Cards Slits,Yes 10000 Envelopes A7
Majestic,Silk,7 x 10,Horizontal,Rectangle,16PT C2S,Spot UV,Silk,Spot UV Back,4/4 (4 color both sides),10000,Score in Half,No Gift Cards Slits,Yes 10000 Envelopes A7
Majestic,Silk,7 x 10,Vertical,Rectangle,16PT C2S,Spot UV,Silk,Spot UV Front,4/4 (4 color both sides),10000,Score in Half,No Gift Cards Slits,Yes 10000 Envelopes A7
Majestic,Silk,7 x 10,Vertical,Rectangle,16PT C2S,Spot UV,Silk,Spot UV Back,4/4 (4 color both sides),10000,Score in Half,No Gift Cards Slits,Yes 10000 Envelopes A7
Majestic,Silk,7 x 10,Horizontal,Rectangle,16PT C2S,Spot UV,Silk,Spot UV Both Sides,4/4 (4 color both sides),10000,Score in Half,No Gift Cards Slits,Yes 10000 Envelopes A7
Majestic,Silk,7 x 10,Vertical,Rectangle,16PT C2S,Spot UV,Silk,Spot UV Both Sides,4/4 (4 color both sides),10000,Score in Half,No Gift Cards Slits,Yes 10000 Envelopes A7
Majestic,Silk,7 x 10,Horizontal,Rectangle,16PT C2S,Spot UV,Silk,Spot UV Front,4/1,500,Score in Half,Slide Slits Bottom Panel,Yes 10000 Envelopes A7
Majestic,Silk,7 x 10,Vertical,Rectangle,16PT C2S,Spot UV,Silk,Spot UV Front,4/1,500,Score in Half,Slide Slits Bottom Panel,Yes 10000 Envelopes A7
Majestic,Silk,7 x 10,Horizontal,Rectangle,16PT C2S,Spot UV,Silk,Spot UV Back,4/1,500,Score in Half,Slide Slits Bottom Panel,Yes 10000 Envelopes A7
Majestic,Silk,7 x 10,Horizontal,Rectangle,16PT C2S,Spot UV,Silk,Spot UV Both Sides,4/1,500,Score in Half,Slide Slits Bottom Panel,Yes 10000 Envelopes A7
Majestic,Silk,7 x 10,Vertical,Rectangle,16PT C2S,Spot UV,Silk,Spot UV Both Sides,4/1,500,Score in Half,Slide Slits Bottom Panel,Yes 10000 Envelopes A7
Majestic,Silk,7 x 10,Horizontal,Rectangle,16PT C2S,Spot UV,Silk,Spot UV Front,4/4 (4 color both sides),500,Score in Half,Slide Slits Bottom Panel,Yes 10000 Envelopes A7
Majestic,Silk,7 x 10,Horizontal,Rectangle,16PT C2S,Spot UV,Silk,Spot UV Front,4/1,1000,Score in Half,No Gift Cards Slits,Yes 10000 Envelopes A7
Majestic,Silk,7 x 10,Vertical,Rectangle,16PT C2S,Spot UV,Silk,Spot UV Front,4/4 (4 color both sides),500,Score in Half,Slide Slits Bottom Panel,Yes 10000 Envelopes A7
Majestic,Silk,7 x 10,Horizontal,Rectangle,16PT C2S,Spot UV,Silk,Spot UV Back,4/4 (4 color both sides),500,Score in Half,Slide Slits Bottom Panel,Yes 10000 Envelopes A7
Majestic,Silk,7 x 10,Vertical,Rectangle,16PT C2S,Spot UV,Silk,Spot UV Back,4/4 (4 color both sides),500,Score in Half,Slide Slits Bottom Panel,Yes 10000 Envelopes A7
Majestic,Silk,7 x 10,Horizontal,Rectangle,16PT C2S,Spot UV,Silk,Spot UV Both Sides,4/4 (4 color both sides),500,Score in Half,Slide Slits Bottom Panel,Yes 10000 Envelopes A7
Majestic,Silk,7 x 10,Vertical,Rectangle,16PT C2S,Spot UV,Silk,Spot UV Both Sides,4/4 (4 color both sides),500,Score in Half,Slide Slits Bottom Panel,Yes 10000 Envelopes A7
Majestic,Silk,7 x 10,Horizontal,Rectangle,16PT C2S,Spot UV,Silk,Spot UV Front,4/1,1000,Score in Half,Slide Slits Bottom Panel,Yes 10000 Envelopes A7
Majestic,Silk,7 x 10,Vertical,Rectangle,16PT C2S,Spot UV,Silk,Spot UV Front,4/1,1000,Score in Half,Slide Slits Bottom Panel,Yes 10000 Envelopes A7
Majestic,Silk,7 x 10,Horizontal,Rectangle,16PT C2S,Spot UV,Silk,Spot UV Back,4/1,1000,Score in Half,Slide Slits Bottom Panel,Yes 10000 Envelopes A7
Majestic,Silk,7 x 10,Vertical,Rectangle,16PT C2S,Spot UV,Silk,Spot UV Back,4/1,1000,Score in Half,Slide Slits Bottom Panel,Yes 10000 Envelopes A7
Majestic,Silk,7 x 10,Horizontal,Rectangle,16PT C2S,Spot UV,Silk,Spot UV Both Sides,4/1,1000,Score in Half,Slide Slits Bottom Panel,Yes 10000 Envelopes A7
Majestic,Silk,7 x 10,Horizontal,Rectangle,16PT C2S,Spot UV,Silk,Spot UV Back,4/1,10000,Score in Half,No Gift Cards Slits,Yes 10000 Envelopes A7
Majestic,Silk,7 x 10,Horizontal,Rectangle,16PT C2S,Spot UV,Silk,Spot UV Front,4/4 (4 color both sides),1000,Score in Half,Slide Slits Bottom Panel,Yes 10000 Envelopes A7
Majestic,Silk,7 x 10,Vertical,Rectangle,16PT C2S,Spot UV,Silk,Spot UV Front,4/4 (4 color both sides),1000,Score in Half,Slide Slits Bottom Panel,Yes 10000 Envelopes A7
Majestic,Silk,7 x 10,Horizontal,Rectangle,16PT C2S,Spot UV,Silk,Spot UV Back,4/4 (4 color both sides),1000,Score in Half,Slide Slits Bottom Panel,Yes 10000 Envelopes A7
Majestic,Silk,7 x 10,Vertical,Rectangle,16PT C2S,Spot UV,Silk,Spot UV Back,4/4 (4 color both sides),1000,Score in Half,Slide Slits Bottom Panel,Yes 10000 Envelopes A7
Majestic,Silk,7 x 10,Horizontal,Rectangle,16PT C2S,Spot UV,Silk,Spot UV Both Sides,4/4 (4 color both sides),1000,Score in Half,Slide Slits Bottom Panel,Yes 10000 Envelopes A7
Majestic,Silk,7 x 10,Vertical,Rectangle,16PT C2S,Spot UV,Silk,Spot UV Both Sides,4/4 (4 color both sides),1000,Score in Half,Slide Slits Bottom Panel,Yes 10000 Envelopes A7
Majestic,Silk,7 x 10,Horizontal,Rectangle,16PT C2S,Spot UV,Silk,Spot UV Front,4/1,2500,Score in Half,Slide Slits Bottom Panel,Yes 10000 Envelopes A7
Majestic,Silk,7 x 10,Vertical,Rectangle,16PT C2S,Spot UV,Silk,Spot UV Front,4/1,2500,Score in Half,Slide Slits Bottom Panel,Yes 10000 Envelopes A7
Majestic,Silk,7 x 10,Horizontal,Rectangle,16PT C2S,Spot UV,Silk,Spot UV Back,4/1,2500,Score in Half,Slide Slits Bottom Panel,Yes 10000 Envelopes A7
Majestic,Silk,7 x 10,Vertical,Rectangle,16PT C2S,Spot UV,Silk,Spot UV Back,4/1,2500,Score in Half,Slide Slits Bottom Panel,Yes 10000 Envelopes A7
Majestic,Silk,7 x 10,Horizontal,Rectangle,16PT C2S,Spot UV,Silk,Spot UV Both Sides,4/1,2500,Score in Half,Slide Slits Bottom Panel,Yes 10000 Envelopes A7
Majestic,Silk,7 x 10,Vertical,Rectangle,16PT C2S,Spot UV,Silk,Spot UV Both Sides,4/1,2500,Score in Half,Slide Slits Bottom Panel,Yes 10000 Envelopes A7
Majestic,Silk,7 x 10,Horizontal,Rectangle,16PT C2S,Spot UV,Silk,Spot UV Front,4/4 (4 color both sides),2500,Score in Half,Slide Slits Bottom Panel,Yes 10000 Envelopes A7
Majestic,Silk,7 x 10,Vertical,Rectangle,16PT C2S,Spot UV,Silk,Spot UV Front,4/4 (4 color both sides),2500,Score in Half,Slide Slits Bottom Panel,Yes 10000 Envelopes A7
Majestic,Silk,7 x 10,Horizontal,Rectangle,16PT C2S,Spot UV,Silk,Spot UV Back,4/4 (4 color both sides),2500,Score in Half,Slide Slits Bottom Panel,Yes 10000 Envelopes A7
Majestic,Silk,7 x 10,Vertical,Rectangle,16PT C2S,Spot UV,Silk,Spot UV Back,4/4 (4 color both sides),2500,Score in Half,Slide Slits Bottom Panel,Yes 10000 Envelopes A7
Majestic,Silk,7 x 10,Horizontal,Rectangle,16PT C2S,Spot UV,Silk,Spot UV Both Sides,4/4 (4 color both sides),2500,Score in Half,Slide Slits Bottom Panel,Yes 10000 Envelopes A7
Majestic,Silk,7 x 10,Vertical,Rectangle,16PT C2S,Spot UV,Silk,Spot UV Both Sides,4/4 (4 color both sides),2500,Score in Half,Slide Slits Bottom Panel,Yes 10000 Envelopes A7
Majestic,Silk,7 x 10,Vertical,Rectangle,16PT C2S,Spot UV,Silk,Spot UV Back,4/1,500,Score in Half,Slide Slits Bottom Panel,Yes 10000 Envelopes A7
Majestic,Silk,7 x 10,Vertical,Rectangle,16PT C2S,Spot UV,Silk,Spot UV Front,4/1,5000,Score in Half,Slide Slits Bottom Panel,Yes 10000 Envelopes A7
Majestic,Silk,7 x 10,Horizontal,Rectangle,16PT C2S,Spot UV,Silk,Spot UV Back,4/1,5000,Score in Half,Slide Slits Bottom Panel,Yes 10000 Envelopes A7
Majestic,Silk,7 x 10,Vertical,Rectangle,16PT C2S,Spot UV,Silk,Spot UV Back,4/1,5000,Score in Half,Slide Slits Bottom Panel,Yes 10000 Envelopes A7
Majestic,Silk,7 x 10,Horizontal,Rectangle,16PT C2S,Spot UV,Silk,Spot UV Both Sides,4/1,5000,Score in Half,Slide Slits Bottom Panel,Yes 10000 Envelopes A7
Majestic,Silk,7 x 10,Vertical,Rectangle,16PT C2S,Spot UV,Silk,Spot UV Both Sides,4/1,5000,Score in Half,Slide Slits Bottom Panel,Yes 10000 Envelopes A7
Majestic,Silk,7 x 10,Horizontal,Rectangle,16PT C2S,Spot UV,Silk,Spot UV Front,4/4 (4 color both sides),5000,Score in Half,Slide Slits Bottom Panel,Yes 10000 Envelopes A7
Majestic,Silk,7 x 10,Vertical,Rectangle,16PT C2S,Spot UV,Silk,Spot UV Front,4/4 (4 color both sides),5000,Score in Half,Slide Slits Bottom Panel,Yes 10000 Envelopes A7
Majestic,Silk,7 x 10,Horizontal,Rectangle,16PT C2S,Spot UV,Silk,Spot UV Back,4/4 (4 color both sides),5000,Score in Half,Slide Slits Bottom Panel,Yes 10000 Envelopes A7
Majestic,Silk,7 x 10,Vertical,Rectangle,16PT C2S,Spot UV,Silk,Spot UV Back,4/4 (4 color both sides),5000,Score in Half,Slide Slits Bottom Panel,Yes 10000 Envelopes A7
Majestic,Silk,7 x 10,Horizontal,Rectangle,16PT C2S,Spot UV,Silk,Spot UV Both Sides,4/4 (4 color both sides),5000,Score in Half,Slide Slits Bottom Panel,Yes 10000 Envelopes A7
Majestic,Silk,7 x 10,Vertical,Rectangle,16PT C2S,Spot UV,Silk,Spot UV Both Sides,4/4 (4 color both sides),5000,Score in Half,Slide Slits Bottom Panel,Yes 10000 Envelopes A7
Majestic,Silk,7 x 10,Horizontal,Rectangle,16PT C2S,Spot UV,Silk,Spot UV Front,4/1,10000,Score in Half,Slide Slits Bottom Panel,Yes 10000 Envelopes A7
Majestic,Silk,7 x 10,Vertical,Rectangle,16PT C2S,Spot UV,Silk,Spot UV Front,4/1,10000,Score in Half,Slide Slits Bottom Panel,Yes 10000 Envelopes A7
Majestic,Silk,7 x 10,Horizontal,Rectangle,16PT C2S,Spot UV,Silk,Spot UV Back,4/1,10000,Score in Half,Slide Slits Bottom Panel,Yes 10000 Envelopes A7
Majestic,Silk,7 x 10,Vertical,Rectangle,16PT C2S,Spot UV,Silk,Spot UV Back,4/1,10000,Score in Half,Slide Slits Bottom Panel,Yes 10000 Envelopes A7
Majestic,Silk,7 x 10,Horizontal,Rectangle,16PT C2S,Spot UV,Silk,Spot UV Both Sides,4/1,10000,Score in Half,Slide Slits Bottom Panel,Yes 10000 Envelopes A7
Majestic,Silk,7 x 10,Vertical,Rectangle,16PT C2S,Spot UV,Silk,Spot UV Both Sides,4/1,10000,Score in Half,Slide Slits Bottom Panel,Yes 10000 Envelopes A7
Majestic,Silk,7 x 10,Vertical,Rectangle,16PT C2S,Spot UV,Silk,Spot UV Front,4/4 (4 color both sides),10000,Score in Half,Slide Slits Bottom Panel,Yes 10000 Envelopes A7
Majestic,Silk,7 x 10,Horizontal,Rectangle,16PT C2S,Spot UV,Silk,Spot UV Front,4/4 (4 color both sides),10000,Score in Half,Slide Slits Bottom Panel,Yes 10000 Envelopes A7
Majestic,Silk,7 x 10,Vertical,Rectangle,16PT C2S,Spot UV,Silk,Spot UV Back,4/4 (4 color both sides),10000,Score in Half,Slide Slits Bottom Panel,Yes 10000 Envelopes A7
Majestic,Silk,7 x 10,Horizontal,Rectangle,16PT C2S,Spot UV,Silk,Spot UV Front,4/1,5000,Score in Half,Slide Slits Bottom Panel,Yes 10000 Envelopes A7
Majestic,Silk,7 x 10,Horizontal,Rectangle,16PT C2S,Spot UV,Silk,Spot UV Both Sides,4/4 (4 color both sides),10000,Score in Half,Slide Slits Bottom Panel,Yes 10000 Envelopes A7
Majestic,Silk,7 x 10,Vertical,Rectangle,16PT C2S,Spot UV,Silk,Spot UV Both Sides,4/4 (4 color both sides),10000,Score in Half,Slide Slits Bottom Panel,Yes 10000 Envelopes A7
Majestic,Silk,7 x 10,Horizontal,Rectangle,16PT C2S,Spot UV,Silk,Spot UV Front,4/1,500,Score in Half,Slide Slits Right Panel,Yes 10000 Envelopes A7
Majestic,Silk,7 x 10,Vertical,Rectangle,16PT C2S,Spot UV,Silk,Spot UV Front,4/1,500,Score in Half,Slide Slits Right Panel,Yes 10000 Envelopes A7
Majestic,Silk,7 x 10,Horizontal,Rectangle,16PT C2S,Spot UV,Silk,Spot UV Back,4/1,500,Score in Half,Slide Slits Right Panel,Yes 10000 Envelopes A7
Majestic,Silk,7 x 10,Vertical,Rectangle,16PT C2S,Spot UV,Silk,Spot UV Back,4/1,500,Score in Half,Slide Slits Right Panel,Yes 10000 Envelopes A7
Majestic,Silk,7 x 10,Horizontal,Rectangle,16PT C2S,Spot UV,Silk,Spot UV Both Sides,4/1,500,Score in Half,Slide Slits Right Panel,Yes 10000 Envelopes A7
Majestic,Silk,7 x 10,Vertical,Rectangle,16PT C2S,Spot UV,Silk,Spot UV Both Sides,4/1,1000,Score in Half,Slide Slits Bottom Panel,Yes 10000 Envelopes A7
Majestic,Silk,7 x 10,Horizontal,Rectangle,16PT C2S,Spot UV,Silk,Spot UV Front,4/4 (4 color both sides),500,Score in Half,Slide Slits Right Panel,Yes 10000 Envelopes A7
Majestic,Silk,7 x 10,Vertical,Rectangle,16PT C2S,Spot UV,Silk,Spot UV Front,4/4 (4 color both sides),500,Score in Half,Slide Slits Right Panel,Yes 10000 Envelopes A7
Majestic,Silk,7 x 10,Horizontal,Rectangle,16PT C2S,Spot UV,Silk,Spot UV Back,4/4 (4 color both sides),500,Score in Half,Slide Slits Right Panel,Yes 10000 Envelopes A7
Majestic,Silk,7 x 10,Vertical,Rectangle,16PT C2S,Spot UV,Silk,Spot UV Back,4/4 (4 color both sides),500,Score in Half,Slide Slits Right Panel,Yes 10000 Envelopes A7
Majestic,Silk,7 x 10,Horizontal,Rectangle,16PT C2S,Spot UV,Silk,Spot UV Both Sides,4/4 (4 color both sides),500,Score in Half,Slide Slits Right Panel,Yes 10000 Envelopes A7
Majestic,Silk,7 x 10,Vertical,Rectangle,16PT C2S,Spot UV,Silk,Spot UV Both Sides,4/1,500,Score in Half,Slide Slits Right Panel,Yes 10000 Envelopes A7
Majestic,Silk,7 x 10,Horizontal,Rectangle,16PT C2S,Spot UV,Silk,Spot UV Front,4/1,1000,Score in Half,Slide Slits Right Panel,Yes 10000 Envelopes A7
Majestic,Silk,7 x 10,Horizontal,Rectangle,16PT C2S,Spot UV,Silk,Spot UV Back,4/1,1000,Score in Half,Slide Slits Right Panel,Yes 10000 Envelopes A7
Majestic,Silk,7 x 10,Vertical,Rectangle,16PT C2S,Spot UV,Silk,Spot UV Back,4/1,1000,Score in Half,Slide Slits Right Panel,Yes 10000 Envelopes A7
Majestic,Silk,7 x 10,Vertical,Rectangle,16PT C2S,Spot UV,Silk,Spot UV Front,4/1,1000,Score in Half,Slide Slits Right Panel,Yes 10000 Envelopes A7
Majestic,Silk,7 x 10,Vertical,Rectangle,16PT C2S,Spot UV,Silk,Spot UV Both Sides,4/1,1000,Score in Half,Slide Slits Right Panel,Yes 10000 Envelopes A7
Majestic,Silk,7 x 10,Horizontal,Rectangle,16PT C2S,Spot UV,Silk,Spot UV Front,4/4 (4 color both sides),1000,Score in Half,Slide Slits Right Panel,Yes 10000 Envelopes A7
Majestic,Silk,7 x 10,Vertical,Rectangle,16PT C2S,Spot UV,Silk,Spot UV Front,4/4 (4 color both sides),1000,Score in Half,Slide Slits Right Panel,Yes 10000 Envelopes A7
Majestic,Silk,7 x 10,Horizontal,Rectangle,16PT C2S,Spot UV,Silk,Spot UV Both Sides,4/1,1000,Score in Half,Slide Slits Right Panel,Yes 10000 Envelopes A7
Majestic,Silk,7 x 10,Vertical,Rectangle,16PT C2S,Spot UV,Silk,Spot UV Back,4/4 (4 color both sides),1000,Score in Half,Slide Slits Right Panel,Yes 10000 Envelopes A7
Majestic,Silk,7 x 10,Horizontal,Rectangle,16PT C2S,Spot UV,Silk,Spot UV Both Sides,4/4 (4 color both sides),1000,Score in Half,Slide Slits Right Panel,Yes 10000 Envelopes A7
Majestic,Silk,7 x 10,Horizontal,Rectangle,16PT C2S,Spot UV,Silk,Spot UV Back,4/1,5000,Score in Half,No Gift Cards Slits,Yes 10000 Envelopes A7
Majestic,Silk,7 x 10,Vertical,Rectangle,16PT C2S,Spot UV,Silk,Spot UV Both Sides,4/4 (4 color both sides),500,Score in Half,Slide Slits Right Panel,Yes 10000 Envelopes A7
Majestic,Silk,7 x 10,Horizontal,Rectangle,16PT C2S,Spot UV,Silk,Spot UV Front,4/1,2500,Score in Half,Slide Slits Right Panel,Yes 10000 Envelopes A7
Majestic,Silk,7 x 10,Vertical,Rectangle,16PT C2S,Spot UV,Silk,Spot UV Front,4/1,2500,Score in Half,Slide Slits Right Panel,Yes 10000 Envelopes A7
Majestic,Silk,7 x 10,Vertical,Rectangle,16PT C2S,Spot UV,Silk,Spot UV Back,4/1,2500,Score in Half,Slide Slits Right Panel,Yes 10000 Envelopes A7
Majestic,Silk,7 x 10,Horizontal,Rectangle,16PT C2S,Spot UV,Silk,Spot UV Back,4/1,2500,Score in Half,Slide Slits Right Panel,Yes 10000 Envelopes A7
Majestic,Silk,7 x 10,Horizontal,Rectangle,16PT C2S,Spot UV,Silk,Spot UV Both Sides,4/1,2500,Score in Half,Slide Slits Right Panel,Yes 10000 Envelopes A7
Majestic,Silk,7 x 10,Vertical,Rectangle,16PT C2S,Spot UV,Silk,Spot UV Both Sides,4/1,2500,Score in Half,Slide Slits Right Panel,Yes 10000 Envelopes A7
Majestic,Silk,7 x 10,Horizontal,Rectangle,16PT C2S,Spot UV,Silk,Spot UV Front,4/4 (4 color both sides),2500,Score in Half,Slide Slits Right Panel,Yes 10000 Envelopes A7
Majestic,Silk,7 x 10,Vertical,Rectangle,16PT C2S,Spot UV,Silk,Spot UV Front,4/4 (4 color both sides),2500,Score in Half,Slide Slits Right Panel,Yes 10000 Envelopes A7
Majestic,Silk,7 x 10,Horizontal,Rectangle,16PT C2S,Spot UV,Silk,Spot UV Back,4/4 (4 color both sides),2500,Score in Half,Slide Slits Right Panel,Yes 10000 Envelopes A7
Majestic,Silk,7 x 10,Vertical,Rectangle,16PT C2S,Spot UV,Silk,Spot UV Back,4/4 (4 color both sides),2500,Score in Half,Slide Slits Right Panel,Yes 10000 Envelopes A7
Majestic,Silk,7 x 10,Horizontal,Rectangle,16PT C2S,Spot UV,Silk,Spot UV Both Sides,4/4 (4 color both sides),2500,Score in Half,Slide Slits Right Panel,Yes 10000 Envelopes A7
Majestic,Silk,7 x 10,Vertical,Rectangle,16PT C2S,Spot UV,Silk,Spot UV Both Sides,4/4 (4 color both sides),2500,Score in Half,Slide Slits Right Panel,Yes 10000 Envelopes A7
Majestic,Silk,7 x 10,Horizontal,Rectangle,16PT C2S,Spot UV,Silk,Spot UV Back,4/4 (4 color both sides),10000,Score in Half,Slide Slits Bottom Panel,Yes 10000 Envelopes A7
Majestic,Silk,7 x 10,Horizontal,Rectangle,16PT C2S,Spot UV,Silk,Spot UV Back,4/4 (4 color both sides),1000,Score in Half,Slide Slits Right Panel,Yes 10000 Envelopes A7
Majestic,Silk,7 x 10,Vertical,Rectangle,16PT C2S,Spot UV,Silk,Spot UV Back,4/1,5000,Score in Half,Slide Slits Right Panel,Yes 10000 Envelopes A7
Majestic,Silk,7 x 10,Horizontal,Rectangle,16PT C2S,Spot UV,Silk,Spot UV Both Sides,4/1,5000,Score in Half,Slide Slits Right Panel,Yes 10000 Envelopes A7
Majestic,Silk,7 x 10,Vertical,Rectangle,16PT C2S,Spot UV,Silk,Spot UV Both Sides,4/1,5000,Score in Half,Slide Slits Right Panel,Yes 10000 Envelopes A7
Majestic,Silk,7 x 10,Horizontal,Rectangle,16PT C2S,Spot UV,Silk,Spot UV Front,4/4 (4 color both sides),5000,Score in Half,Slide Slits Right Panel,Yes 10000 Envelopes A7
Majestic,Silk,7 x 10,Vertical,Rectangle,16PT C2S,Spot UV,Silk,Spot UV Front,4/1,5000,Score in Half,Slide Slits Right Panel,Yes 10000 Envelopes A7
Majestic,Silk,7 x 10,Vertical,Rectangle,16PT C2S,Spot UV,Silk,Spot UV Front,4/4 (4 color both sides),5000,Score in Half,Slide Slits Right Panel,Yes 10000 Envelopes A7
Majestic,Silk,7 x 10,Horizontal,Rectangle,16PT C2S,Spot UV,Silk,Spot UV Back,4/4 (4 color both sides),5000,Score in Half,Slide Slits Right Panel,Yes 10000 Envelopes A7
Majestic,Silk,7 x 10,Vertical,Rectangle,16PT C2S,Spot UV,Silk,Spot UV Back,4/4 (4 color both sides),5000,Score in Half,Slide Slits Right Panel,Yes 10000 Envelopes A7
Majestic,Silk,7 x 10,Vertical,Rectangle,16PT C2S,Spot UV,Silk,Spot UV Both Sides,4/4 (4 color both sides),5000,Score in Half,Slide Slits Right Panel,Yes 10000 Envelopes A7
Majestic,Silk,7 x 10,Horizontal,Rectangle,16PT C2S,Spot UV,Silk,Spot UV Front,4/1,10000,Score in Half,Slide Slits Right Panel,Yes 10000 Envelopes A7
Majestic,Silk,7 x 10,Horizontal,Rectangle,16PT C2S,Spot UV,Silk,Spot UV Both Sides,4/4 (4 color both sides),5000,Score in Half,Slide Slits Right Panel,Yes 10000 Envelopes A7
Majestic,Silk,7 x 10,Vertical,Rectangle,16PT C2S,Spot UV,Silk,Spot UV Front,4/1,10000,Score in Half,Slide Slits Right Panel,Yes 10000 Envelopes A7
Majestic,Silk,7 x 10,Horizontal,Rectangle,16PT C2S,Spot UV,Silk,Spot UV Back,4/1,10000,Score in Half,Slide Slits Right Panel,Yes 10000 Envelopes A7
Majestic,Silk,7 x 10,Vertical,Rectangle,16PT C2S,Spot UV,Silk,Spot UV Back,4/1,10000,Score in Half,Slide Slits Right Panel,Yes 10000 Envelopes A7
Majestic,Silk,7 x 10,Horizontal,Rectangle,16PT C2S,Spot UV,Silk,Spot UV Both Sides,4/1,10000,Score in Half,Slide Slits Right Panel,Yes 10000 Envelopes A7
Majestic,Silk,7 x 10,Vertical,Rectangle,16PT C2S,Spot UV,Silk,Spot UV Both Sides,4/1,10000,Score in Half,Slide Slits Right Panel,Yes 10000 Envelopes A7
Majestic,Silk,7 x 10,Horizontal,Rectangle,16PT C2S,Spot UV,Silk,Spot UV Front,4/4 (4 color both sides),10000,Score in Half,Slide Slits Right Panel,Yes 10000 Envelopes A7
Majestic,Silk,7 x 10,Vertical,Rectangle,16PT C2S,Spot UV,Silk,Spot UV Front,4/4 (4 color both sides),10000,Score in Half,Slide Slits Right Panel,Yes 10000 Envelopes A7
Majestic,Silk,7 x 10,Vertical,Rectangle,16PT C2S,Spot UV,Silk,Spot UV Back,4/4 (4 color both sides),10000,Score in Half,Slide Slits Right Panel,Yes 10000 Envelopes A7
Majestic,Silk,7 x 10,Horizontal,Rectangle,16PT C2S,Spot UV,Silk,Spot UV Back,4/4 (4 color both sides),10000,Score in Half,Slide Slits Right Panel,Yes 10000 Envelopes A7
Majestic,Silk,7 x 10,Vertical,Rectangle,16PT C2S,Spot UV,Silk,Spot UV Both Sides,4/4 (4 color both sides),10000,Score in Half,Slide Slits Right Panel,Yes 10000 Envelopes A7
Majestic,Silk,7 x 10,Horizontal,Rectangle,16PT C2S,Spot UV,Silk,Spot UV Both Sides,4/4 (4 color both sides),10000,Score in Half,Slide Slits Right Panel,Yes 10000 Envelopes A7
Majestic,Silk,7 x 10,Horizontal,Rectangle,16PT C2S,Spot UV,Silk,Spot UV Front,4/0 (4 color front),500,Score in Half,Moon Slits Bottom Panel,Yes 500 Envelopes A7
Majestic,Silk,7 x 10,Vertical,Rectangle,16PT C2S,Spot UV,Silk,Spot UV Front,4/0 (4 color front),500,Score in Half,Moon Slits Bottom Panel,Yes 500 Envelopes A7
Majestic,Silk,7 x 10,Horizontal,Rectangle,16PT C2S,Spot UV,Silk,Spot UV Front,4/0 (4 color front),1000,Score in Half,Moon Slits Bottom Panel,Yes 500 Envelopes A7
Majestic,Silk,7 x 10,Vertical,Rectangle,16PT C2S,Spot UV,Silk,Spot UV Front,4/0 (4 color front),1000,Score in Half,Moon Slits Bottom Panel,Yes 500 Envelopes A7
Majestic,Silk,7 x 10,Horizontal,Rectangle,16PT C2S,Spot UV,Silk,Spot UV Front,4/0 (4 color front),2500,Score in Half,Moon Slits Bottom Panel,Yes 500 Envelopes A7
Majestic,Silk,7 x 10,Horizontal,Rectangle,16PT C2S,Spot UV,Silk,Spot UV Front,4/0 (4 color front),5000,Score in Half,Moon Slits Bottom Panel,Yes 500 Envelopes A7
Majestic,Silk,7 x 10,Vertical,Rectangle,16PT C2S,Spot UV,Silk,Spot UV Front,4/0 (4 color front),5000,Score in Half,Moon Slits Bottom Panel,Yes 500 Envelopes A7
Majestic,Silk,7 x 10,Horizontal,Rectangle,16PT C2S,Spot UV,Silk,Spot UV Front,4/0 (4 color front),10000,Score in Half,Moon Slits Bottom Panel,Yes 500 Envelopes A7
Majestic,Silk,7 x 10,Vertical,Rectangle,16PT C2S,Spot UV,Silk,Spot UV Front,4/0 (4 color front),2500,Score in Half,Moon Slits Bottom Panel,Yes 500 Envelopes A7
Majestic,Silk,7 x 10,Vertical,Rectangle,16PT C2S,Spot UV,Silk,Spot UV Front,4/0 (4 color front),10000,Score in Half,Moon Slits Bottom Panel,Yes 500 Envelopes A7
Majestic,Silk,7 x 10,Vertical,Rectangle,16PT C2S,Spot UV,Silk,Spot UV Front,4/0 (4 color front),500,Score in Half,Moon Slits Right Panel,Yes 500 Envelopes A7
Majestic,Silk,7 x 10,Vertical,Rectangle,16PT C2S,Spot UV,Silk,Spot UV Both Sides,4/4 (4 color both sides),1000,Score in Half,Slide Slits Right Panel,Yes 10000 Envelopes A7
Majestic,Silk,7 x 10,Vertical,Rectangle,16PT C2S,Spot UV,Silk,Spot UV Front,4/0 (4 color front),1000,Score in Half,Moon Slits Right Panel,Yes 500 Envelopes A7
Majestic,Silk,7 x 10,Horizontal,Rectangle,16PT C2S,Spot UV,Silk,Spot UV Front,4/0 (4 color front),2500,Score in Half,Moon Slits Right Panel,Yes 500 Envelopes A7
Majestic,Silk,7 x 10,Horizontal,Rectangle,16PT C2S,Spot UV,Silk,Spot UV Front,4/0 (4 color front),500,Score in Half,Moon Slits Right Panel,Yes 500 Envelopes A7
Majestic,Silk,7 x 10,Vertical,Rectangle,16PT C2S,Spot UV,Silk,Spot UV Front,4/0 (4 color front),2500,Score in Half,Moon Slits Right Panel,Yes 500 Envelopes A7
Majestic,Silk,7 x 10,Horizontal,Rectangle,16PT C2S,Spot UV,Silk,Spot UV Front,4/0 (4 color front),5000,Score in Half,Moon Slits Right Panel,Yes 500 Envelopes A7
Majestic,Silk,7 x 10,Vertical,Rectangle,16PT C2S,Spot UV,Silk,Spot UV Front,4/0 (4 color front),5000,Score in Half,Moon Slits Right Panel,Yes 500 Envelopes A7
Majestic,Silk,7 x 10,Horizontal,Rectangle,16PT C2S,Spot UV,Silk,Spot UV Front,4/0 (4 color front),10000,Score in Half,Moon Slits Right Panel,Yes 500 Envelopes A7
Majestic,Silk,7 x 10,Horizontal,Rectangle,16PT C2S,Spot UV,Silk,Spot UV Back,4/1,5000,Score in Half,Slide Slits Right Panel,Yes 10000 Envelopes A7
Majestic,Silk,7 x 10,Horizontal,Rectangle,16PT C2S,Spot UV,Silk,Spot UV Front,4/0 (4 color front),1000,Score in Half,Moon Slits Right Panel,Yes 500 Envelopes A7
Majestic,Silk,7 x 10,Vertical,Rectangle,16PT C2S,Spot UV,Silk,Spot UV Front,4/0 (4 color front),500,Score in Half,No Gift Cards Slits,Yes 500 Envelopes A7
Majestic,Silk,7 x 10,Horizontal,Rectangle,16PT C2S,Spot UV,Silk,Spot UV Front,4/0 (4 color front),1000,Score in Half,No Gift Cards Slits,Yes 500 Envelopes A7
Majestic,Silk,7 x 10,Vertical,Rectangle,16PT C2S,Spot UV,Silk,Spot UV Front,4/0 (4 color front),1000,Score in Half,No Gift Cards Slits,Yes 500 Envelopes A7
Majestic,Silk,7 x 10,Horizontal,Rectangle,16PT C2S,Spot UV,Silk,Spot UV Front,4/1,5000,Score in Half,Slide Slits Right Panel,Yes 10000 Envelopes A7
Majestic,Silk,7 x 10,Vertical,Rectangle,16PT C2S,Spot UV,Silk,Spot UV Front,4/0 (4 color front),2500,Score in Half,No Gift Cards Slits,Yes 500 Envelopes A7
Majestic,Silk,7 x 10,Horizontal,Rectangle,16PT C2S,Spot UV,Silk,Spot UV Front,4/0 (4 color front),5000,Score in Half,No Gift Cards Slits,Yes 500 Envelopes A7
Majestic,Silk,7 x 10,Vertical,Rectangle,16PT C2S,Spot UV,Silk,Spot UV Front,4/0 (4 color front),5000,Score in Half,No Gift Cards Slits,Yes 500 Envelopes A7
Majestic,Silk,7 x 10,Horizontal,Rectangle,16PT C2S,Spot UV,Silk,Spot UV Front,4/0 (4 color front),10000,Score in Half,No Gift Cards Slits,Yes 500 Envelopes A7
Majestic,Silk,7 x 10,Vertical,Rectangle,16PT C2S,Spot UV,Silk,Spot UV Front,4/0 (4 color front),10000,Score in Half,No Gift Cards Slits,Yes 500 Envelopes A7
Majestic,Silk,7 x 10,Horizontal,Rectangle,16PT C2S,Spot UV,Silk,Spot UV Front,4/0 (4 color front),500,Score in Half,Slide Slits Bottom Panel,Yes 500 Envelopes A7
Majestic,Silk,7 x 10,Vertical,Rectangle,16PT C2S,Spot UV,Silk,Spot UV Front,4/0 (4 color front),500,Score in Half,Slide Slits Bottom Panel,Yes 500 Envelopes A7
Majestic,Silk,7 x 10,Horizontal,Rectangle,16PT C2S,Spot UV,Silk,Spot UV Front,4/0 (4 color front),1000,Score in Half,Slide Slits Bottom Panel,Yes 500 Envelopes A7
Majestic,Silk,7 x 10,Vertical,Rectangle,16PT C2S,Spot UV,Silk,Spot UV Front,4/0 (4 color front),1000,Score in Half,Slide Slits Bottom Panel,Yes 500 Envelopes A7
Majestic,Silk,7 x 10,Horizontal,Rectangle,16PT C2S,Spot UV,Silk,Spot UV Front,4/0 (4 color front),2500,Score in Half,Slide Slits Bottom Panel,Yes 500 Envelopes A7
Majestic,Silk,7 x 10,Vertical,Rectangle,16PT C2S,Spot UV,Silk,Spot UV Front,4/0 (4 color front),2500,Score in Half,Slide Slits Bottom Panel,Yes 500 Envelopes A7
Majestic,Silk,7 x 10,Horizontal,Rectangle,16PT C2S,Spot UV,Silk,Spot UV Front,4/0 (4 color front),2500,Score in Half,No Gift Cards Slits,Yes 500 Envelopes A7
Majestic,Silk,7 x 10,Vertical,Rectangle,16PT C2S,Spot UV,Silk,Spot UV Front,4/0 (4 color front),5000,Score in Half,Slide Slits Bottom Panel,Yes 500 Envelopes A7
Majestic,Silk,7 x 10,Horizontal,Rectangle,16PT C2S,Spot UV,Silk,Spot UV Front,4/0 (4 color front),10000,Score in Half,Slide Slits Bottom Panel,Yes 500 Envelopes A7
Majestic,Silk,7 x 10,Vertical,Rectangle,16PT C2S,Spot UV,Silk,Spot UV Front,4/0 (4 color front),10000,Score in Half,Slide Slits Bottom Panel,Yes 500 Envelopes A7
Majestic,Silk,7 x 10,Vertical,Rectangle,16PT C2S,Spot UV,Silk,Spot UV Front,4/0 (4 color front),10000,Score in Half,Moon Slits Right Panel,Yes 500 Envelopes A7
Majestic,Silk,7 x 10,Horizontal,Rectangle,16PT C2S,Spot UV,Silk,Spot UV Front,4/0 (4 color front),500,Score in Half,No Gift Cards Slits,Yes 500 Envelopes A7
Majestic,Silk,7 x 10,Horizontal,Rectangle,16PT C2S,Spot UV,Silk,Spot UV Front,4/0 (4 color front),1000,Score in Half,Slide Slits Right Panel,Yes 500 Envelopes A7
Majestic,Silk,7 x 10,Vertical,Rectangle,16PT C2S,Spot UV,Silk,Spot UV Front,4/0 (4 color front),1000,Score in Half,Slide Slits Right Panel,Yes 500 Envelopes A7
Majestic,Silk,7 x 10,Horizontal,Rectangle,16PT C2S,Spot UV,Silk,Spot UV Front,4/0 (4 color front),2500,Score in Half,Slide Slits Right Panel,Yes 500 Envelopes A7
Majestic,Silk,7 x 10,Vertical,Rectangle,16PT C2S,Spot UV,Silk,Spot UV Front,4/0 (4 color front),2500,Score in Half,Slide Slits Right Panel,Yes 500 Envelopes A7
Majestic,Silk,7 x 10,Horizontal,Rectangle,16PT C2S,Spot UV,Silk,Spot UV Front,4/0 (4 color front),5000,Score in Half,Slide Slits Right Panel,Yes 500 Envelopes A7
Majestic,Silk,7 x 10,Vertical,Rectangle,16PT C2S,Spot UV,Silk,Spot UV Front,4/0 (4 color front),5000,Score in Half,Slide Slits Right Panel,Yes 500 Envelopes A7
Majestic,Silk,7 x 10,Horizontal,Rectangle,16PT C2S,Spot UV,Silk,Spot UV Front,4/0 (4 color front),10000,Score in Half,Slide Slits Right Panel,Yes 500 Envelopes A7
Majestic,Silk,7 x 10,Vertical,Rectangle,16PT C2S,Spot UV,Silk,Spot UV Front,4/0 (4 color front),10000,Score in Half,Slide Slits Right Panel,Yes 500 Envelopes A7
Majestic,Silk,7 x 10,Horizontal,Rectangle,16PT C2S,Spot UV,Silk,Spot UV Front,4/0 (4 color front),500,Score in Half,Moon Slits Bottom Panel,Yes 1000 Envelopes A7
Majestic,Silk,7 x 10,Vertical,Rectangle,16PT C2S,Spot UV,Silk,Spot UV Front,4/0 (4 color front),500,Score in Half,Moon Slits Bottom Panel,Yes 1000 Envelopes A7
Majestic,Silk,7 x 10,Vertical,Rectangle,16PT C2S,Spot UV,Silk,Spot UV Front,4/0 (4 color front),1000,Score in Half,Moon Slits Bottom Panel,Yes 1000 Envelopes A7
Majestic,Silk,7 x 10,Horizontal,Rectangle,16PT C2S,Spot UV,Silk,Spot UV Front,4/0 (4 color front),1000,Score in Half,Moon Slits Bottom Panel,Yes 1000 Envelopes A7
Majestic,Silk,7 x 10,Horizontal,Rectangle,16PT C2S,Spot UV,Silk,Spot UV Front,4/0 (4 color front),2500,Score in Half,Moon Slits Bottom Panel,Yes 1000 Envelopes A7
Majestic,Silk,7 x 10,Vertical,Rectangle,16PT C2S,Spot UV,Silk,Spot UV Front,4/0 (4 color front),2500,Score in Half,Moon Slits Bottom Panel,Yes 1000 Envelopes A7
Majestic,Silk,7 x 10,Horizontal,Rectangle,16PT C2S,Spot UV,Silk,Spot UV Front,4/0 (4 color front),5000,Score in Half,Moon Slits Bottom Panel,Yes 1000 Envelopes A7
Majestic,Silk,7 x 10,Vertical,Rectangle,16PT C2S,Spot UV,Silk,Spot UV Front,4/0 (4 color front),5000,Score in Half,Moon Slits Bottom Panel,Yes 1000 Envelopes A7
Majestic,Silk,7 x 10,Horizontal,Rectangle,16PT C2S,Spot UV,Silk,Spot UV Front,4/0 (4 color front),10000,Score in Half,Moon Slits Bottom Panel,Yes 1000 Envelopes A7
Majestic,Silk,7 x 10,Vertical,Rectangle,16PT C2S,Spot UV,Silk,Spot UV Front,4/0 (4 color front),10000,Score in Half,Moon Slits Bottom Panel,Yes 1000 Envelopes A7
Majestic,Silk,7 x 10,Horizontal,Rectangle,16PT C2S,Spot UV,Silk,Spot UV Front,4/0 (4 color front),500,Score in Half,Moon Slits Right Panel,Yes 1000 Envelopes A7
Majestic,Silk,7 x 10,Vertical,Rectangle,16PT C2S,Spot UV,Silk,Spot UV Front,4/0 (4 color front),500,Score in Half,Moon Slits Right Panel,Yes 1000 Envelopes A7
Majestic,Silk,7 x 10,Horizontal,Rectangle,16PT C2S,Spot UV,Silk,Spot UV Front,4/0 (4 color front),1000,Score in Half,Moon Slits Right Panel,Yes 1000 Envelopes A7
Majestic,Silk,7 x 10,Vertical,Rectangle,16PT C2S,Spot UV,Silk,Spot UV Front,4/0 (4 color front),1000,Score in Half,Moon Slits Right Panel,Yes 1000 Envelopes A7
Majestic,Silk,7 x 10,Horizontal,Rectangle,16PT C2S,Spot UV,Silk,Spot UV Front,4/0 (4 color front),2500,Score in Half,Moon Slits Right Panel,Yes 1000 Envelopes A7
Majestic,Silk,7 x 10,Horizontal,Rectangle,16PT C2S,Spot UV,Silk,Spot UV Front,4/0 (4 color front),5000,Score in Half,Moon Slits Right Panel,Yes 1000 Envelopes A7
Majestic,Silk,7 x 10,Vertical,Rectangle,16PT C2S,Spot UV,Silk,Spot UV Front,4/0 (4 color front),2500,Score in Half,Moon Slits Right Panel,Yes 1000 Envelopes A7
Majestic,Silk,7 x 10,Vertical,Rectangle,16PT C2S,Spot UV,Silk,Spot UV Front,4/0 (4 color front),5000,Score in Half,Moon Slits Right Panel,Yes 1000 Envelopes A7
Majestic,Silk,7 x 10,Horizontal,Rectangle,16PT C2S,Spot UV,Silk,Spot UV Front,4/0 (4 color front),10000,Score in Half,Moon Slits Right Panel,Yes 1000 Envelopes A7
Majestic,Silk,7 x 10,Vertical,Rectangle,16PT C2S,Spot UV,Silk,Spot UV Front,4/0 (4 color front),10000,Score in Half,Moon Slits Right Panel,Yes 1000 Envelopes A7
Majestic,Silk,7 x 10,Horizontal,Rectangle,16PT C2S,Spot UV,Silk,Spot UV Front,4/0 (4 color front),500,Score in Half,No Gift Cards Slits,Yes 1000 Envelopes A7
Majestic,Silk,7 x 10,Vertical,Rectangle,16PT C2S,Spot UV,Silk,Spot UV Front,4/0 (4 color front),500,Score in Half,No Gift Cards Slits,Yes 1000 Envelopes A7
Majestic,Silk,7 x 10,Horizontal,Rectangle,16PT C2S,Spot UV,Silk,Spot UV Front,4/0 (4 color front),1000,Score in Half,No Gift Cards Slits,Yes 1000 Envelopes A7
Majestic,Silk,7 x 10,Vertical,Rectangle,16PT C2S,Spot UV,Silk,Spot UV Front,4/0 (4 color front),1000,Score in Half,No Gift Cards Slits,Yes 1000 Envelopes A7
Majestic,Silk,7 x 10,Horizontal,Rectangle,16PT C2S,Spot UV,Silk,Spot UV Front,4/0 (4 color front),2500,Score in Half,No Gift Cards Slits,Yes 1000 Envelopes A7
Majestic,Silk,7 x 10,Vertical,Rectangle,16PT C2S,Spot UV,Silk,Spot UV Front,4/0 (4 color front),2500,Score in Half,No Gift Cards Slits,Yes 1000 Envelopes A7
Majestic,Silk,7 x 10,Vertical,Rectangle,16PT C2S,Spot UV,Silk,Spot UV Front,4/0 (4 color front),5000,Score in Half,No Gift Cards Slits,Yes 1000 Envelopes A7
Majestic,Silk,7 x 10,Horizontal,Rectangle,16PT C2S,Spot UV,Silk,Spot UV Front,4/0 (4 color front),5000,Score in Half,No Gift Cards Slits,Yes 1000 Envelopes A7
Majestic,Silk,7 x 10,Horizontal,Rectangle,16PT C2S,Spot UV,Silk,Spot UV Front,4/0 (4 color front),10000,Score in Half,No Gift Cards Slits,Yes 1000 Envelopes A7
Majestic,Silk,7 x 10,Horizontal,Rectangle,16PT C2S,Spot UV,Silk,Spot UV Front,4/0 (4 color front),500,Score in Half,Slide Slits Bottom Panel,Yes 1000 Envelopes A7
Majestic,Silk,7 x 10,Vertical,Rectangle,16PT C2S,Spot UV,Silk,Spot UV Front,4/0 (4 color front),10000,Score in Half,No Gift Cards Slits,Yes 1000 Envelopes A7
Majestic,Silk,7 x 10,Vertical,Rectangle,16PT C2S,Spot UV,Silk,Spot UV Front,4/0 (4 color front),1000,Score in Half,Slide Slits Bottom Panel,Yes 1000 Envelopes A7
Majestic,Silk,7 x 10,Horizontal,Rectangle,16PT C2S,Spot UV,Silk,Spot UV Front,4/0 (4 color front),2500,Score in Half,Slide Slits Bottom Panel,Yes 1000 Envelopes A7
Majestic,Silk,7 x 10,Vertical,Rectangle,16PT C2S,Spot UV,Silk,Spot UV Front,4/0 (4 color front),500,Score in Half,Slide Slits Bottom Panel,Yes 1000 Envelopes A7
Majestic,Silk,7 x 10,Horizontal,Rectangle,16PT C2S,Spot UV,Silk,Spot UV Front,4/0 (4 color front),1000,Score in Half,Slide Slits Bottom Panel,Yes 1000 Envelopes A7
Majestic,Silk,7 x 10,Vertical,Rectangle,16PT C2S,Spot UV,Silk,Spot UV Front,4/0 (4 color front),2500,Score in Half,Slide Slits Bottom Panel,Yes 1000 Envelopes A7
Majestic,Silk,7 x 10,Horizontal,Rectangle,16PT C2S,Spot UV,Silk,Spot UV Front,4/0 (4 color front),5000,Score in Half,Slide Slits Bottom Panel,Yes 1000 Envelopes A7
Majestic,Silk,7 x 10,Vertical,Rectangle,16PT C2S,Spot UV,Silk,Spot UV Front,4/0 (4 color front),5000,Score in Half,Slide Slits Bottom Panel,Yes 1000 Envelopes A7
Majestic,Silk,7 x 10,Horizontal,Rectangle,16PT C2S,Spot UV,Silk,Spot UV Front,4/0 (4 color front),10000,Score in Half,Slide Slits Bottom Panel,Yes 1000 Envelopes A7
Majestic,Silk,7 x 10,Vertical,Rectangle,16PT C2S,Spot UV,Silk,Spot UV Front,4/0 (4 color front),10000,Score in Half,Slide Slits Bottom Panel,Yes 1000 Envelopes A7
Majestic,Silk,7 x 10,Horizontal,Rectangle,16PT C2S,Spot UV,Silk,Spot UV Front,4/0 (4 color front),500,Score in Half,Slide Slits Right Panel,Yes 1000 Envelopes A7
Majestic,Silk,7 x 10,Horizontal,Rectangle,16PT C2S,Spot UV,Silk,Spot UV Front,4/0 (4 color front),500,Score in Half,Slide Slits Right Panel,Yes 500 Envelopes A7
Majestic,Silk,7 x 10,Vertical,Rectangle,16PT C2S,Spot UV,Silk,Spot UV Front,4/0 (4 color front),500,Score in Half,Slide Slits Right Panel,Yes 500 Envelopes A7
Majestic,Silk,7 x 10,Horizontal,Rectangle,16PT C2S,Spot UV,Silk,Spot UV Front,4/0 (4 color front),5000,Score in Half,Slide Slits Bottom Panel,Yes 500 Envelopes A7
Majestic,Silk,7 x 10,Vertical,Rectangle,16PT C2S,Spot UV,Silk,Spot UV Front,4/0 (4 color front),500,Score in Half,Slide Slits Right Panel,Yes 1000 Envelopes A7
Majestic,Silk,7 x 10,Vertical,Rectangle,16PT C2S,Spot UV,Silk,Spot UV Front,4/0 (4 color front),2500,Score in Half,Slide Slits Right Panel,Yes 1000 Envelopes A7
Majestic,Silk,7 x 10,Horizontal,Rectangle,16PT C2S,Spot UV,Silk,Spot UV Front,4/0 (4 color front),5000,Score in Half,Slide Slits Right Panel,Yes 1000 Envelopes A7
Majestic,Silk,7 x 10,Vertical,Rectangle,16PT C2S,Spot UV,Silk,Spot UV Front,4/0 (4 color front),5000,Score in Half,Slide Slits Right Panel,Yes 1000 Envelopes A7
Majestic,Silk,7 x 10,Horizontal,Rectangle,16PT C2S,Spot UV,Silk,Spot UV Front,4/0 (4 color front),10000,Score in Half,Slide Slits Right Panel,Yes 1000 Envelopes A7
Majestic,Silk,7 x 10,Vertical,Rectangle,16PT C2S,Spot UV,Silk,Spot UV Front,4/0 (4 color front),10000,Score in Half,Slide Slits Right Panel,Yes 1000 Envelopes A7
Majestic,Silk,7 x 10,Horizontal,Rectangle,16PT C2S,Spot UV,Silk,Spot UV Front,4/0 (4 color front),500,Score in Half,Moon Slits Bottom Panel,Yes 2500 Envelopes A7
Majestic,Silk,7 x 10,Vertical,Rectangle,16PT C2S,Spot UV,Silk,Spot UV Front,4/0 (4 color front),500,Score in Half,Moon Slits Bottom Panel,Yes 2500 Envelopes A7
Majestic,Silk,7 x 10,Horizontal,Rectangle,16PT C2S,Spot UV,Silk,Spot UV Front,4/0 (4 color front),1000,Score in Half,Moon Slits Bottom Panel,Yes 2500 Envelopes A7
Majestic,Silk,7 x 10,Vertical,Rectangle,16PT C2S,Spot UV,Silk,Spot UV Front,4/0 (4 color front),1000,Score in Half,Moon Slits Bottom Panel,Yes 2500 Envelopes A7
Majestic,Silk,7 x 10,Horizontal,Rectangle,16PT C2S,Spot UV,Silk,Spot UV Front,4/0 (4 color front),2500,Score in Half,Moon Slits Bottom Panel,Yes 2500 Envelopes A7
Majestic,Silk,7 x 10,Vertical,Rectangle,16PT C2S,Spot UV,Silk,Spot UV Front,4/0 (4 color front),2500,Score in Half,Moon Slits Bottom Panel,Yes 2500 Envelopes A7
Majestic,Silk,7 x 10,Horizontal,Rectangle,16PT C2S,Spot UV,Silk,Spot UV Front,4/0 (4 color front),5000,Score in Half,Moon Slits Bottom Panel,Yes 2500 Envelopes A7
Majestic,Silk,7 x 10,Horizontal,Rectangle,16PT C2S,Spot UV,Silk,Spot UV Front,4/0 (4 color front),1000,Score in Half,Slide Slits Right Panel,Yes 1000 Envelopes A7
Majestic,Silk,7 x 10,Vertical,Rectangle,16PT C2S,Spot UV,Silk,Spot UV Front,4/0 (4 color front),1000,Score in Half,Slide Slits Right Panel,Yes 1000 Envelopes A7
Majestic,Silk,7 x 10,Horizontal,Rectangle,16PT C2S,Spot UV,Silk,Spot UV Front,4/0 (4 color front),2500,Score in Half,Slide Slits Right Panel,Yes 1000 Envelopes A7
Majestic,Silk,7 x 10,Horizontal,Rectangle,16PT C2S,Spot UV,Silk,Spot UV Front,4/0 (4 color front),500,Score in Half,Moon Slits Right Panel,Yes 2500 Envelopes A7
Majestic,Silk,7 x 10,Horizontal,Rectangle,16PT C2S,Spot UV,Silk,Spot UV Front,4/0 (4 color front),10000,Score in Half,Moon Slits Bottom Panel,Yes 2500 Envelopes A7
Majestic,Silk,7 x 10,Vertical,Rectangle,16PT C2S,Spot UV,Silk,Spot UV Front,4/0 (4 color front),1000,Score in Half,Moon Slits Right Panel,Yes 2500 Envelopes A7
Majestic,Silk,7 x 10,Horizontal,Rectangle,16PT C2S,Spot UV,Silk,Spot UV Front,4/0 (4 color front),1000,Score in Half,Moon Slits Right Panel,Yes 2500 Envelopes A7
Majestic,Silk,7 x 10,Horizontal,Rectangle,16PT C2S,Spot UV,Silk,Spot UV Front,4/0 (4 color front),2500,Score in Half,Moon Slits Right Panel,Yes 2500 Envelopes A7
Majestic,Silk,7 x 10,Vertical,Rectangle,16PT C2S,Spot UV,Silk,Spot UV Front,4/0 (4 color front),2500,Score in Half,Moon Slits Right Panel,Yes 2500 Envelopes A7
Majestic,Silk,7 x 10,Horizontal,Rectangle,16PT C2S,Spot UV,Silk,Spot UV Front,4/0 (4 color front),5000,Score in Half,Moon Slits Right Panel,Yes 2500 Envelopes A7
Majestic,Silk,7 x 10,Vertical,Rectangle,16PT C2S,Spot UV,Silk,Spot UV Front,4/0 (4 color front),5000,Score in Half,Moon Slits Right Panel,Yes 2500 Envelopes A7
Majestic,Silk,7 x 10,Horizontal,Rectangle,16PT C2S,Spot UV,Silk,Spot UV Front,4/0 (4 color front),10000,Score in Half,Moon Slits Right Panel,Yes 2500 Envelopes A7
Majestic,Silk,7 x 10,Vertical,Rectangle,16PT C2S,Spot UV,Silk,Spot UV Front,4/0 (4 color front),5000,Score in Half,Moon Slits Bottom Panel,Yes 2500 Envelopes A7
Majestic,Silk,7 x 10,Vertical,Rectangle,16PT C2S,Spot UV,Silk,Spot UV Front,4/0 (4 color front),500,Score in Half,Moon Slits Right Panel,Yes 2500 Envelopes A7
Majestic,Silk,7 x 10,Vertical,Rectangle,16PT C2S,Spot UV,Silk,Spot UV Front,4/0 (4 color front),500,Score in Half,No Gift Cards Slits,Yes 2500 Envelopes A7
Majestic,Silk,7 x 10,Horizontal,Rectangle,16PT C2S,Spot UV,Silk,Spot UV Front,4/0 (4 color front),1000,Score in Half,No Gift Cards Slits,Yes 2500 Envelopes A7
Majestic,Silk,7 x 10,Vertical,Rectangle,16PT C2S,Spot UV,Silk,Spot UV Front,4/0 (4 color front),1000,Score in Half,No Gift Cards Slits,Yes 2500 Envelopes A7
Majestic,Silk,7 x 10,Horizontal,Rectangle,16PT C2S,Spot UV,Silk,Spot UV Front,4/0 (4 color front),2500,Score in Half,No Gift Cards Slits,Yes 2500 Envelopes A7
Majestic,Silk,7 x 10,Vertical,Rectangle,16PT C2S,Spot UV,Silk,Spot UV Front,4/0 (4 color front),2500,Score in Half,No Gift Cards Slits,Yes 2500 Envelopes A7
Majestic,Silk,7 x 10,Vertical,Rectangle,16PT C2S,Spot UV,Silk,Spot UV Front,4/0 (4 color front),5000,Score in Half,No Gift Cards Slits,Yes 2500 Envelopes A7
Majestic,Silk,7 x 10,Horizontal,Rectangle,16PT C2S,Spot UV,Silk,Spot UV Front,4/0 (4 color front),5000,Score in Half,No Gift Cards Slits,Yes 2500 Envelopes A7
Majestic,Silk,7 x 10,Horizontal,Rectangle,16PT C2S,Spot UV,Silk,Spot UV Front,4/0 (4 color front),10000,Score in Half,No Gift Cards Slits,Yes 2500 Envelopes A7
Majestic,Silk,7 x 10,Horizontal,Rectangle,16PT C2S,Spot UV,Silk,Spot UV Front,4/0 (4 color front),500,Score in Half,Slide Slits Bottom Panel,Yes 2500 Envelopes A7
Majestic,Silk,7 x 10,Vertical,Rectangle,16PT C2S,Spot UV,Silk,Spot UV Front,4/0 (4 color front),10000,Score in Half,Moon Slits Bottom Panel,Yes 2500 Envelopes A7
Majestic,Silk,7 x 10,Horizontal,Rectangle,16PT C2S,Spot UV,Silk,Spot UV Front,4/0 (4 color front),1000,Score in Half,Slide Slits Bottom Panel,Yes 2500 Envelopes A7
Majestic,Silk,7 x 10,Vertical,Rectangle,16PT C2S,Spot UV,Silk,Spot UV Front,4/0 (4 color front),10000,Score in Half,No Gift Cards Slits,Yes 2500 Envelopes A7
Majestic,Silk,7 x 10,Horizontal,Rectangle,16PT C2S,Spot UV,Silk,Spot UV Front,4/0 (4 color front),2500,Score in Half,Slide Slits Bottom Panel,Yes 2500 Envelopes A7
Majestic,Silk,7 x 10,Vertical,Rectangle,16PT C2S,Spot UV,Silk,Spot UV Front,4/0 (4 color front),1000,Score in Half,Slide Slits Bottom Panel,Yes 2500 Envelopes A7
Majestic,Silk,7 x 10,Vertical,Rectangle,16PT C2S,Spot UV,Silk,Spot UV Front,4/0 (4 color front),2500,Score in Half,Slide Slits Bottom Panel,Yes 2500 Envelopes A7
Majestic,Silk,7 x 10,Horizontal,Rectangle,16PT C2S,Spot UV,Silk,Spot UV Front,4/0 (4 color front),5000,Score in Half,Slide Slits Bottom Panel,Yes 2500 Envelopes A7
Majestic,Silk,7 x 10,Vertical,Rectangle,16PT C2S,Spot UV,Silk,Spot UV Front,4/0 (4 color front),10000,Score in Half,Moon Slits Right Panel,Yes 2500 Envelopes A7
Majestic,Silk,7 x 10,Horizontal,Rectangle,16PT C2S,Spot UV,Silk,Spot UV Front,4/0 (4 color front),500,Score in Half,No Gift Cards Slits,Yes 2500 Envelopes A7
Majestic,Silk,7 x 10,Horizontal,Rectangle,16PT C2S,Spot UV,Silk,Spot UV Front,4/0 (4 color front),10000,Score in Half,Slide Slits Bottom Panel,Yes 2500 Envelopes A7
Majestic,Silk,7 x 10,Horizontal,Rectangle,16PT C2S,Spot UV,Silk,Spot UV Front,4/0 (4 color front),500,Score in Half,Slide Slits Right Panel,Yes 2500 Envelopes A7
Majestic,Silk,7 x 10,Vertical,Rectangle,16PT C2S,Spot UV,Silk,Spot UV Front,4/0 (4 color front),500,Score in Half,Slide Slits Right Panel,Yes 2500 Envelopes A7
Majestic,Silk,7 x 10,Horizontal,Rectangle,16PT C2S,Spot UV,Silk,Spot UV Front,4/0 (4 color front),1000,Score in Half,Slide Slits Right Panel,Yes 2500 Envelopes A7
Majestic,Silk,7 x 10,Vertical,Rectangle,16PT C2S,Spot UV,Silk,Spot UV Front,4/0 (4 color front),5000,Score in Half,Slide Slits Bottom Panel,Yes 2500 Envelopes A7
Majestic,Silk,7 x 10,Horizontal,Rectangle,16PT C2S,Spot UV,Silk,Spot UV Front,4/0 (4 color front),2500,Score in Half,Slide Slits Right Panel,Yes 2500 Envelopes A7
Majestic,Silk,7 x 10,Vertical,Rectangle,16PT C2S,Spot UV,Silk,Spot UV Front,4/0 (4 color front),2500,Score in Half,Slide Slits Right Panel,Yes 2500 Envelopes A7
Majestic,Silk,7 x 10,Horizontal,Rectangle,16PT C2S,Spot UV,Silk,Spot UV Front,4/0 (4 color front),5000,Score in Half,Slide Slits Right Panel,Yes 2500 Envelopes A7
Majestic,Silk,7 x 10,Vertical,Rectangle,16PT C2S,Spot UV,Silk,Spot UV Front,4/0 (4 color front),5000,Score in Half,Slide Slits Right Panel,Yes 2500 Envelopes A7
Majestic,Silk,7 x 10,Horizontal,Rectangle,16PT C2S,Spot UV,Silk,Spot UV Front,4/0 (4 color front),10000,Score in Half,Slide Slits Right Panel,Yes 2500 Envelopes A7
Majestic,Silk,7 x 10,Vertical,Rectangle,16PT C2S,Spot UV,Silk,Spot UV Front,4/0 (4 color front),10000,Score in Half,Slide Slits Right Panel,Yes 2500 Envelopes A7
Majestic,Silk,7 x 10,Horizontal,Rectangle,16PT C2S,Spot UV,Silk,Spot UV Front,4/0 (4 color front),500,Score in Half,Moon Slits Bottom Panel,Yes 5000 Envelopes A7
Majestic,Silk,7 x 10,Vertical,Rectangle,16PT C2S,Spot UV,Silk,Spot UV Front,4/0 (4 color front),500,Score in Half,Moon Slits Bottom Panel,Yes 5000 Envelopes A7
Majestic,Silk,7 x 10,Horizontal,Rectangle,16PT C2S,Spot UV,Silk,Spot UV Front,4/0 (4 color front),1000,Score in Half,Moon Slits Bottom Panel,Yes 5000 Envelopes A7
Majestic,Silk,7 x 10,Vertical,Rectangle,16PT C2S,Spot UV,Silk,Spot UV Front,4/0 (4 color front),1000,Score in Half,Moon Slits Bottom Panel,Yes 5000 Envelopes A7
Majestic,Silk,7 x 10,Horizontal,Rectangle,16PT C2S,Spot UV,Silk,Spot UV Front,4/0 (4 color front),2500,Score in Half,Moon Slits Bottom Panel,Yes 5000 Envelopes A7
Majestic,Silk,7 x 10,Vertical,Rectangle,16PT C2S,Spot UV,Silk,Spot UV Front,4/0 (4 color front),2500,Score in Half,Moon Slits Bottom Panel,Yes 5000 Envelopes A7
Majestic,Silk,7 x 10,Horizontal,Rectangle,16PT C2S,Spot UV,Silk,Spot UV Front,4/0 (4 color front),5000,Score in Half,Moon Slits Bottom Panel,Yes 5000 Envelopes A7
Majestic,Silk,7 x 10,Vertical,Rectangle,16PT C2S,Spot UV,Silk,Spot UV Front,4/0 (4 color front),5000,Score in Half,Moon Slits Bottom Panel,Yes 5000 Envelopes A7
Majestic,Silk,7 x 10,Horizontal,Rectangle,16PT C2S,Spot UV,Silk,Spot UV Front,4/0 (4 color front),10000,Score in Half,Moon Slits Bottom Panel,Yes 5000 Envelopes A7
Majestic,Silk,7 x 10,Vertical,Rectangle,16PT C2S,Spot UV,Silk,Spot UV Front,4/0 (4 color front),10000,Score in Half,Moon Slits Bottom Panel,Yes 5000 Envelopes A7
Majestic,Silk,7 x 10,Horizontal,Rectangle,16PT C2S,Spot UV,Silk,Spot UV Front,4/0 (4 color front),500,Score in Half,Moon Slits Right Panel,Yes 5000 Envelopes A7
Majestic,Silk,7 x 10,Vertical,Rectangle,16PT C2S,Spot UV,Silk,Spot UV Front,4/0 (4 color front),500,Score in Half,Moon Slits Right Panel,Yes 5000 Envelopes A7
Majestic,Silk,7 x 10,Vertical,Rectangle,16PT C2S,Spot UV,Silk,Spot UV Front,4/0 (4 color front),1000,Score in Half,Moon Slits Right Panel,Yes 5000 Envelopes A7
Majestic,Silk,7 x 10,Horizontal,Rectangle,16PT C2S,Spot UV,Silk,Spot UV Front,4/0 (4 color front),1000,Score in Half,Moon Slits Right Panel,Yes 5000 Envelopes A7
Majestic,Silk,7 x 10,Horizontal,Rectangle,16PT C2S,Spot UV,Silk,Spot UV Front,4/0 (4 color front),2500,Score in Half,Moon Slits Right Panel,Yes 5000 Envelopes A7
Majestic,Silk,7 x 10,Vertical,Rectangle,16PT C2S,Spot UV,Silk,Spot UV Front,4/0 (4 color front),2500,Score in Half,Moon Slits Right Panel,Yes 5000 Envelopes A7
Majestic,Silk,7 x 10,Horizontal,Rectangle,16PT C2S,Spot UV,Silk,Spot UV Front,4/0 (4 color front),5000,Score in Half,Moon Slits Right Panel,Yes 5000 Envelopes A7
Majestic,Silk,7 x 10,Vertical,Rectangle,16PT C2S,Spot UV,Silk,Spot UV Front,4/0 (4 color front),1000,Score in Half,Slide Slits Right Panel,Yes 2500 Envelopes A7
Majestic,Silk,7 x 10,Vertical,Rectangle,16PT C2S,Spot UV,Silk,Spot UV Front,4/0 (4 color front),10000,Score in Half,Slide Slits Bottom Panel,Yes 2500 Envelopes A7
Majestic,Silk,7 x 10,Horizontal,Rectangle,16PT C2S,Spot UV,Silk,Spot UV Front,4/0 (4 color front),500,Score in Half,No Gift Cards Slits,Yes 5000 Envelopes A7
Majestic,Silk,7 x 10,Vertical,Rectangle,16PT C2S,Spot UV,Silk,Spot UV Front,4/0 (4 color front),500,Score in Half,No Gift Cards Slits,Yes 5000 Envelopes A7
Majestic,Silk,7 x 10,Horizontal,Rectangle,16PT C2S,Spot UV,Silk,Spot UV Front,4/0 (4 color front),1000,Score in Half,No Gift Cards Slits,Yes 5000 Envelopes A7
Majestic,Silk,7 x 10,Vertical,Rectangle,16PT C2S,Spot UV,Silk,Spot UV Front,4/0 (4 color front),1000,Score in Half,No Gift Cards Slits,Yes 5000 Envelopes A7
Majestic,Silk,7 x 10,Horizontal,Rectangle,16PT C2S,Spot UV,Silk,Spot UV Front,4/0 (4 color front),2500,Score in Half,No Gift Cards Slits,Yes 5000 Envelopes A7
Majestic,Silk,7 x 10,Vertical,Rectangle,16PT C2S,Spot UV,Silk,Spot UV Front,4/0 (4 color front),2500,Score in Half,No Gift Cards Slits,Yes 5000 Envelopes A7
Majestic,Silk,7 x 10,Vertical,Rectangle,16PT C2S,Spot UV,Silk,Spot UV Front,4/0 (4 color front),10000,Score in Half,Moon Slits Right Panel,Yes 5000 Envelopes A7
Majestic,Silk,7 x 10,Horizontal,Rectangle,16PT C2S,Spot UV,Silk,Spot UV Front,4/0 (4 color front),5000,Score in Half,No Gift Cards Slits,Yes 5000 Envelopes A7
Majestic,Silk,7 x 10,Vertical,Rectangle,16PT C2S,Spot UV,Silk,Spot UV Front,4/0 (4 color front),5000,Score in Half,No Gift Cards Slits,Yes 5000 Envelopes A7
Majestic,Silk,7 x 10,Vertical,Rectangle,16PT C2S,Spot UV,Silk,Spot UV Front,4/0 (4 color front),500,Score in Half,Slide Slits Bottom Panel,Yes 2500 Envelopes A7
Majestic,Silk,7 x 10,Vertical,Rectangle,16PT C2S,Spot UV,Silk,Spot UV Front,4/0 (4 color front),10000,Score in Half,No Gift Cards Slits,Yes 5000 Envelopes A7
Majestic,Silk,7 x 10,Horizontal,Rectangle,16PT C2S,Spot UV,Silk,Spot UV Front,4/0 (4 color front),500,Score in Half,Slide Slits Bottom Panel,Yes 5000 Envelopes A7
Majestic,Silk,7 x 10,Vertical,Rectangle,16PT C2S,Spot UV,Silk,Spot UV Front,4/0 (4 color front),500,Score in Half,Slide Slits Bottom Panel,Yes 5000 Envelopes A7
Majestic,Silk,7 x 10,Vertical,Rectangle,16PT C2S,Spot UV,Silk,Spot UV Front,4/0 (4 color front),1000,Score in Half,Slide Slits Bottom Panel,Yes 5000 Envelopes A7
Majestic,Silk,7 x 10,Horizontal,Rectangle,16PT C2S,Spot UV,Silk,Spot UV Front,4/0 (4 color front),1000,Score in Half,Slide Slits Bottom Panel,Yes 5000 Envelopes A7
Majestic,Silk,7 x 10,Horizontal,Rectangle,16PT C2S,Spot UV,Silk,Spot UV Front,4/0 (4 color front),10000,Score in Half,No Gift Cards Slits,Yes 5000 Envelopes A7
Majestic,Silk,7 x 10,Vertical,Rectangle,16PT C2S,Spot UV,Silk,Spot UV Front,4/0 (4 color front),2500,Score in Half,Slide Slits Bottom Panel,Yes 5000 Envelopes A7
Majestic,Silk,7 x 10,Horizontal,Rectangle,16PT C2S,Spot UV,Silk,Spot UV Front,4/0 (4 color front),5000,Score in Half,Slide Slits Bottom Panel,Yes 5000 Envelopes A7
Majestic,Silk,7 x 10,Vertical,Rectangle,16PT C2S,Spot UV,Silk,Spot UV Front,4/0 (4 color front),5000,Score in Half,Slide Slits Bottom Panel,Yes 5000 Envelopes A7
Majestic,Silk,7 x 10,Horizontal,Rectangle,16PT C2S,Spot UV,Silk,Spot UV Front,4/0 (4 color front),10000,Score in Half,Slide Slits Bottom Panel,Yes 5000 Envelopes A7
Majestic,Silk,7 x 10,Vertical,Rectangle,16PT C2S,Spot UV,Silk,Spot UV Front,4/0 (4 color front),10000,Score in Half,Slide Slits Bottom Panel,Yes 5000 Envelopes A7
Majestic,Silk,7 x 10,Horizontal,Rectangle,16PT C2S,Spot UV,Silk,Spot UV Front,4/0 (4 color front),500,Score in Half,Slide Slits Right Panel,Yes 5000 Envelopes A7
Majestic,Silk,7 x 10,Vertical,Rectangle,16PT C2S,Spot UV,Silk,Spot UV Front,4/0 (4 color front),500,Score in Half,Slide Slits Right Panel,Yes 5000 Envelopes A7
Majestic,Silk,7 x 10,Horizontal,Rectangle,16PT C2S,Spot UV,Silk,Spot UV Front,4/0 (4 color front),1000,Score in Half,Slide Slits Right Panel,Yes 5000 Envelopes A7
Majestic,Silk,7 x 10,Vertical,Rectangle,16PT C2S,Spot UV,Silk,Spot UV Front,4/0 (4 color front),1000,Score in Half,Slide Slits Right Panel,Yes 5000 Envelopes A7
Majestic,Silk,7 x 10,Horizontal,Rectangle,16PT C2S,Spot UV,Silk,Spot UV Front,4/0 (4 color front),2500,Score in Half,Slide Slits Right Panel,Yes 5000 Envelopes A7
Majestic,Silk,7 x 10,Vertical,Rectangle,16PT C2S,Spot UV,Silk,Spot UV Front,4/0 (4 color front),2500,Score in Half,Slide Slits Right Panel,Yes 5000 Envelopes A7
Majestic,Silk,7 x 10,Horizontal,Rectangle,16PT C2S,Spot UV,Silk,Spot UV Front,4/0 (4 color front),5000,Score in Half,Slide Slits Right Panel,Yes 5000 Envelopes A7
Majestic,Silk,7 x 10,Vertical,Rectangle,16PT C2S,Spot UV,Silk,Spot UV Front,4/0 (4 color front),5000,Score in Half,Slide Slits Right Panel,Yes 5000 Envelopes A7
Majestic,Silk,7 x 10,Horizontal,Rectangle,16PT C2S,Spot UV,Silk,Spot UV Front,4/0 (4 color front),10000,Score in Half,Slide Slits Right Panel,Yes 5000 Envelopes A7
Majestic,Silk,7 x 10,Vertical,Rectangle,16PT C2S,Spot UV,Silk,Spot UV Front,4/0 (4 color front),500,Score in Half,Moon Slits Bottom Panel,Yes 10000 Envelopes A7
Majestic,Silk,7 x 10,Horizontal,Rectangle,16PT C2S,Spot UV,Silk,Spot UV Front,4/0 (4 color front),500,Score in Half,Moon Slits Bottom Panel,Yes 10000 Envelopes A7
Majestic,Silk,7 x 10,Horizontal,Rectangle,16PT C2S,Spot UV,Silk,Spot UV Front,4/0 (4 color front),1000,Score in Half,Moon Slits Bottom Panel,Yes 10000 Envelopes A7
Majestic,Silk,7 x 10,Vertical,Rectangle,16PT C2S,Spot UV,Silk,Spot UV Front,4/0 (4 color front),2500,Score in Half,Moon Slits Bottom Panel,Yes 10000 Envelopes A7
Majestic,Silk,7 x 10,Horizontal,Rectangle,16PT C2S,Spot UV,Silk,Spot UV Front,4/0 (4 color front),2500,Score in Half,Moon Slits Bottom Panel,Yes 10000 Envelopes A7
Majestic,Silk,7 x 10,Vertical,Rectangle,16PT C2S,Spot UV,Silk,Spot UV Front,4/0 (4 color front),1000,Score in Half,Moon Slits Bottom Panel,Yes 10000 Envelopes A7
Majestic,Silk,7 x 10,Horizontal,Rectangle,16PT C2S,Spot UV,Silk,Spot UV Front,4/0 (4 color front),5000,Score in Half,Moon Slits Bottom Panel,Yes 10000 Envelopes A7
Majestic,Silk,7 x 10,Vertical,Rectangle,16PT C2S,Spot UV,Silk,Spot UV Front,4/0 (4 color front),5000,Score in Half,Moon Slits Bottom Panel,Yes 10000 Envelopes A7
Majestic,Silk,7 x 10,Vertical,Rectangle,16PT C2S,Spot UV,Silk,Spot UV Front,4/0 (4 color front),10000,Score in Half,Slide Slits Right Panel,Yes 5000 Envelopes A7
Majestic,Silk,7 x 10,Horizontal,Rectangle,16PT C2S,Spot UV,Silk,Spot UV Front,4/0 (4 color front),10000,Score in Half,Moon Slits Bottom Panel,Yes 10000 Envelopes A7
Majestic,Silk,7 x 10,Vertical,Rectangle,16PT C2S,Spot UV,Silk,Spot UV Front,4/0 (4 color front),10000,Score in Half,Moon Slits Bottom Panel,Yes 10000 Envelopes A7
Majestic,Silk,7 x 10,Horizontal,Rectangle,16PT C2S,Spot UV,Silk,Spot UV Front,4/0 (4 color front),500,Score in Half,Moon Slits Right Panel,Yes 10000 Envelopes A7
Majestic,Silk,7 x 10,Horizontal,Rectangle,16PT C2S,Spot UV,Silk,Spot UV Front,4/0 (4 color front),1000,Score in Half,Moon Slits Right Panel,Yes 10000 Envelopes A7
Majestic,Silk,7 x 10,Vertical,Rectangle,16PT C2S,Spot UV,Silk,Spot UV Front,4/0 (4 color front),1000,Score in Half,Moon Slits Right Panel,Yes 10000 Envelopes A7
Majestic,Silk,7 x 10,Horizontal,Rectangle,16PT C2S,Spot UV,Silk,Spot UV Front,4/0 (4 color front),2500,Score in Half,Moon Slits Right Panel,Yes 10000 Envelopes A7
Majestic,Silk,7 x 10,Vertical,Rectangle,16PT C2S,Spot UV,Silk,Spot UV Front,4/0 (4 color front),500,Score in Half,Moon Slits Right Panel,Yes 10000 Envelopes A7
Majestic,Silk,7 x 10,Vertical,Rectangle,16PT C2S,Spot UV,Silk,Spot UV Front,4/0 (4 color front),2500,Score in Half,Moon Slits Right Panel,Yes 10000 Envelopes A7
Majestic,Silk,7 x 10,Horizontal,Rectangle,16PT C2S,Spot UV,Silk,Spot UV Front,4/0 (4 color front),5000,Score in Half,Moon Slits Right Panel,Yes 10000 Envelopes A7
Majestic,Silk,7 x 10,Horizontal,Rectangle,16PT C2S,Spot UV,Silk,Spot UV Front,4/0 (4 color front),2500,Score in Half,Slide Slits Bottom Panel,Yes 5000 Envelopes A7
Majestic,Silk,7 x 10,Vertical,Rectangle,16PT C2S,Spot UV,Silk,Spot UV Front,4/0 (4 color front),10000,Score in Half,Moon Slits Right Panel,Yes 10000 Envelopes A7
Majestic,Silk,7 x 10,Horizontal,Rectangle,16PT C2S,Spot UV,Silk,Spot UV Front,4/0 (4 color front),10000,Score in Half,Moon Slits Right Panel,Yes 10000 Envelopes A7
Majestic,Silk,7 x 10,Horizontal,Rectangle,16PT C2S,Spot UV,Silk,Spot UV Front,4/0 (4 color front),500,Score in Half,No Gift Cards Slits,Yes 10000 Envelopes A7
Majestic,Silk,7 x 10,Vertical,Rectangle,16PT C2S,Spot UV,Silk,Spot UV Front,4/0 (4 color front),500,Score in Half,No Gift Cards Slits,Yes 10000 Envelopes A7
Majestic,Silk,7 x 10,Horizontal,Rectangle,16PT C2S,Spot UV,Silk,Spot UV Front,4/0 (4 color front),10000,Score in Half,Moon Slits Right Panel,Yes 5000 Envelopes A7
Majestic,Silk,7 x 10,Vertical,Rectangle,16PT C2S,Spot UV,Silk,Spot UV Front,4/0 (4 color front),1000,Score in Half,No Gift Cards Slits,Yes 10000 Envelopes A7
Majestic,Silk,7 x 10,Horizontal,Rectangle,16PT C2S,Spot UV,Silk,Spot UV Front,4/0 (4 color front),2500,Score in Half,No Gift Cards Slits,Yes 10000 Envelopes A7
Majestic,Silk,7 x 10,Horizontal,Rectangle,16PT C2S,Spot UV,Silk,Spot UV Front,4/0 (4 color front),1000,Score in Half,No Gift Cards Slits,Yes 10000 Envelopes A7
Majestic,Silk,7 x 10,Horizontal,Rectangle,16PT C2S,Spot UV,Silk,Spot UV Front,4/0 (4 color front),5000,Score in Half,No Gift Cards Slits,Yes 10000 Envelopes A7
Majestic,Silk,7 x 10,Vertical,Rectangle,16PT C2S,Spot UV,Silk,Spot UV Front,4/0 (4 color front),5000,Score in Half,Moon Slits Right Panel,Yes 5000 Envelopes A7
Majestic,Silk,7 x 10,Vertical,Rectangle,16PT C2S,Spot UV,Silk,Spot UV Front,4/0 (4 color front),10000,Score in Half,No Gift Cards Slits,Yes 10000 Envelopes A7
Majestic,Silk,7 x 10,Horizontal,Rectangle,16PT C2S,Spot UV,Silk,Spot UV Front,4/0 (4 color front),10000,Score in Half,No Gift Cards Slits,Yes 10000 Envelopes A7
Majestic,Silk,7 x 10,Horizontal,Rectangle,16PT C2S,Spot UV,Silk,Spot UV Front,4/0 (4 color front),500,Score in Half,Slide Slits Bottom Panel,Yes 10000 Envelopes A7
Majestic,Silk,7 x 10,Vertical,Rectangle,16PT C2S,Spot UV,Silk,Spot UV Front,4/0 (4 color front),500,Score in Half,Slide Slits Bottom Panel,Yes 10000 Envelopes A7
Majestic,Silk,7 x 10,Horizontal,Rectangle,16PT C2S,Spot UV,Silk,Spot UV Front,4/0 (4 color front),1000,Score in Half,Slide Slits Bottom Panel,Yes 10000 Envelopes A7
Majestic,Silk,7 x 10,Vertical,Rectangle,16PT C2S,Spot UV,Silk,Spot UV Front,4/0 (4 color front),5000,Score in Half,No Gift Cards Slits,Yes 10000 Envelopes A7
Majestic,Silk,7 x 10,Horizontal,Rectangle,16PT C2S,Spot UV,Silk,Spot UV Front,4/0 (4 color front),2500,Score in Half,Slide Slits Bottom Panel,Yes 10000 Envelopes A7
Majestic,Silk,7 x 10,Vertical,Rectangle,16PT C2S,Spot UV,Silk,Spot UV Front,4/0 (4 color front),2500,Score in Half,Slide Slits Bottom Panel,Yes 10000 Envelopes A7
Majestic,Silk,7 x 10,Horizontal,Rectangle,16PT C2S,Spot UV,Silk,Spot UV Front,4/0 (4 color front),5000,Score in Half,Slide Slits Bottom Panel,Yes 10000 Envelopes A7
Majestic,Silk,7 x 10,Vertical,Rectangle,16PT C2S,Spot UV,Silk,Spot UV Front,4/0 (4 color front),5000,Score in Half,Slide Slits Bottom Panel,Yes 10000 Envelopes A7
Majestic,Silk,7 x 10,Horizontal,Rectangle,16PT C2S,Spot UV,Silk,Spot UV Front,4/0 (4 color front),10000,Score in Half,Slide Slits Bottom Panel,Yes 10000 Envelopes A7
Majestic,Silk,7 x 10,Vertical,Rectangle,16PT C2S,Spot UV,Silk,Spot UV Front,4/0 (4 color front),10000,Score in Half,Slide Slits Bottom Panel,Yes 10000 Envelopes A7
Majestic,Silk,7 x 10,Horizontal,Rectangle,16PT C2S,Spot UV,Silk,Spot UV Front,4/0 (4 color front),500,Score in Half,Slide Slits Right Panel,Yes 10000 Envelopes A7
Majestic,Silk,7 x 10,Vertical,Rectangle,16PT C2S,Spot UV,Silk,Spot UV Front,4/0 (4 color front),500,Score in Half,Slide Slits Right Panel,Yes 10000 Envelopes A7
Majestic,Silk,7 x 10,Vertical,Rectangle,16PT C2S,Spot UV,Silk,Spot UV Front,4/0 (4 color front),1000,Score in Half,Slide Slits Bottom Panel,Yes 10000 Envelopes A7
Majestic,Silk,7 x 10,Vertical,Rectangle,16PT C2S,Spot UV,Silk,Spot UV Front,4/0 (4 color front),2500,Score in Half,No Gift Cards Slits,Yes 10000 Envelopes A7
Majestic,Silk,7 x 10,Horizontal,Rectangle,16PT C2S,Spot UV,Silk,Spot UV Front,4/0 (4 color front),2500,Score in Half,Slide Slits Right Panel,Yes 10000 Envelopes A7
Majestic,Silk,7 x 10,Vertical,Rectangle,16PT C2S,Spot UV,Silk,Spot UV Front,4/0 (4 color front),2500,Score in Half,Slide Slits Right Panel,Yes 10000 Envelopes A7
Majestic,Silk,7 x 10,Horizontal,Rectangle,16PT C2S,Spot UV,Silk,Spot UV Front,4/0 (4 color front),10000,Score in Half,Slide Slits Right Panel,Yes 10000 Envelopes A7
Majestic,Silk,7 x 10,Vertical,Rectangle,16PT C2S,Spot UV,Silk,Spot UV Front,4/0 (4 color front),5000,Score in Half,Slide Slits Right Panel,Yes 10000 Envelopes A7
Majestic,Silk,7 x 10,Horizontal,Rectangle,16PT C2S,Spot UV,Silk,Spot UV Front,4/0 (4 color front),5000,Score in Half,Slide Slits Right Panel,Yes 10000 Envelopes A7
Majestic,Silk,7 x 10,Vertical,Rectangle,16PT C2S,Spot UV,Silk,Spot UV Front,4/0 (4 color front),10000,Score in Half,Slide Slits Right Panel,Yes 10000 Envelopes A7
Majestic,Silk,7 x 10,Vertical,Rectangle,16PT C2S,Spot UV,Silk,Spot UV Front,4/0 (4 color front),5000,Score in Half,Moon Slits Right Panel,Yes 10000 Envelopes A7
Majestic,Silk,8.5 x 11,Vertical,Rectangle,16PT C2S,Spot UV,Silk,Spot UV Front,4/1,500,Score in Half,Moon Slits Bottom Panel,Yes 500 Envelopes A9
Majestic,Silk,8.5 x 11,Horizontal,Rectangle,16PT C2S,Spot UV,Silk,Spot UV Back,4/1,500,Score in Half,Moon Slits Bottom Panel,Yes 500 Envelopes A9
Majestic,Silk,8.5 x 11,Vertical,Rectangle,16PT C2S,Spot UV,Silk,Spot UV Back,4/1,500,Score in Half,Moon Slits Bottom Panel,Yes 500 Envelopes A9
Majestic,Silk,8.5 x 11,Horizontal,Rectangle,16PT C2S,Spot UV,Silk,Spot UV Both Sides,4/1,500,Score in Half,Moon Slits Bottom Panel,Yes 500 Envelopes A9
Majestic,Silk,8.5 x 11,Horizontal,Rectangle,16PT C2S,Spot UV,Silk,Spot UV Front,4/4 (4 color both sides),500,Score in Half,Moon Slits Bottom Panel,Yes 500 Envelopes A9
Majestic,Silk,8.5 x 11,Vertical,Rectangle,16PT C2S,Spot UV,Silk,Spot UV Front,4/4 (4 color both sides),500,Score in Half,Moon Slits Bottom Panel,Yes 500 Envelopes A9
Majestic,Silk,8.5 x 11,Vertical,Rectangle,16PT C2S,Spot UV,Silk,Spot UV Both Sides,4/1,500,Score in Half,Moon Slits Bottom Panel,Yes 500 Envelopes A9
Majestic,Silk,8.5 x 11,Horizontal,Rectangle,16PT C2S,Spot UV,Silk,Spot UV Back,4/4 (4 color both sides),500,Score in Half,Moon Slits Bottom Panel,Yes 500 Envelopes A9
Majestic,Silk,8.5 x 11,Horizontal,Rectangle,16PT C2S,Spot UV,Silk,Spot UV Front,4/1,500,Score in Half,Moon Slits Bottom Panel,Yes 500 Envelopes A9
Majestic,Silk,7 x 10,Horizontal,Rectangle,16PT C2S,Spot UV,Silk,Spot UV Front,4/0 (4 color front),1000,Score in Half,Slide Slits Right Panel,Yes 10000 Envelopes A7
Majestic,Silk,8.5 x 11,Vertical,Rectangle,16PT C2S,Spot UV,Silk,Spot UV Both Sides,4/4 (4 color both sides),500,Score in Half,Moon Slits Bottom Panel,Yes 500 Envelopes A9
Majestic,Silk,8.5 x 11,Horizontal,Rectangle,16PT C2S,Spot UV,Silk,Spot UV Front,4/1,1000,Score in Half,Moon Slits Bottom Panel,Yes 500 Envelopes A9
Majestic,Silk,8.5 x 11,Vertical,Rectangle,16PT C2S,Spot UV,Silk,Spot UV Front,4/1,1000,Score in Half,Moon Slits Bottom Panel,Yes 500 Envelopes A9
Majestic,Silk,8.5 x 11,Horizontal,Rectangle,16PT C2S,Spot UV,Silk,Spot UV Back,4/1,1000,Score in Half,Moon Slits Bottom Panel,Yes 500 Envelopes A9
Majestic,Silk,8.5 x 11,Vertical,Rectangle,16PT C2S,Spot UV,Silk,Spot UV Back,4/1,1000,Score in Half,Moon Slits Bottom Panel,Yes 500 Envelopes A9
Majestic,Silk,8.5 x 11,Vertical,Rectangle,16PT C2S,Spot UV,Silk,Spot UV Both Sides,4/1,1000,Score in Half,Moon Slits Bottom Panel,Yes 500 Envelopes A9
Majestic,Silk,8.5 x 11,Horizontal,Rectangle,16PT C2S,Spot UV,Silk,Spot UV Both Sides,4/1,1000,Score in Half,Moon Slits Bottom Panel,Yes 500 Envelopes A9
Majestic,Silk,8.5 x 11,Vertical,Rectangle,16PT C2S,Spot UV,Silk,Spot UV Back,4/4 (4 color both sides),500,Score in Half,Moon Slits Bottom Panel,Yes 500 Envelopes A9
Majestic,Silk,8.5 x 11,Horizontal,Rectangle,16PT C2S,Spot UV,Silk,Spot UV Both Sides,4/4 (4 color both sides),1000,Score in Half,Moon Slits Bottom Panel,Yes 500 Envelopes A9
Majestic,Silk,8.5 x 11,Vertical,Rectangle,16PT C2S,Spot UV,Silk,Spot UV Back,4/4 (4 color both sides),1000,Score in Half,Moon Slits Bottom Panel,Yes 500 Envelopes A9
Majestic,Silk,8.5 x 11,Horizontal,Rectangle,16PT C2S,Spot UV,Silk,Spot UV Front,4/4 (4 color both sides),1000,Score in Half,Moon Slits Bottom Panel,Yes 500 Envelopes A9
Majestic,Silk,8.5 x 11,Vertical,Rectangle,16PT C2S,Spot UV,Silk,Spot UV Front,4/4 (4 color both sides),1000,Score in Half,Moon Slits Bottom Panel,Yes 500 Envelopes A9
Majestic,Silk,8.5 x 11,Vertical,Rectangle,16PT C2S,Spot UV,Silk,Spot UV Both Sides,4/4 (4 color both sides),1000,Score in Half,Moon Slits Bottom Panel,Yes 500 Envelopes A9
Majestic,Silk,8.5 x 11,Horizontal,Rectangle,16PT C2S,Spot UV,Silk,Spot UV Front,4/1,2500,Score in Half,Moon Slits Bottom Panel,Yes 500 Envelopes A9
Majestic,Silk,8.5 x 11,Vertical,Rectangle,16PT C2S,Spot UV,Silk,Spot UV Front,4/1,2500,Score in Half,Moon Slits Bottom Panel,Yes 500 Envelopes A9
Majestic,Silk,8.5 x 11,Horizontal,Rectangle,16PT C2S,Spot UV,Silk,Spot UV Back,4/1,2500,Score in Half,Moon Slits Bottom Panel,Yes 500 Envelopes A9
Majestic,Silk,8.5 x 11,Vertical,Rectangle,16PT C2S,Spot UV,Silk,Spot UV Back,4/1,2500,Score in Half,Moon Slits Bottom Panel,Yes 500 Envelopes A9
Majestic,Silk,8.5 x 11,Horizontal,Rectangle,16PT C2S,Spot UV,Silk,Spot UV Both Sides,4/1,2500,Score in Half,Moon Slits Bottom Panel,Yes 500 Envelopes A9
Majestic,Silk,7 x 10,Vertical,Rectangle,16PT C2S,Spot UV,Silk,Spot UV Front,4/0 (4 color front),1000,Score in Half,Slide Slits Right Panel,Yes 10000 Envelopes A7
Majestic,Silk,8.5 x 11,Horizontal,Rectangle,16PT C2S,Spot UV,Silk,Spot UV Back,4/4 (4 color both sides),1000,Score in Half,Moon Slits Bottom Panel,Yes 500 Envelopes A9
Majestic,Silk,8.5 x 11,Horizontal,Rectangle,16PT C2S,Spot UV,Silk,Spot UV Back,4/4 (4 color both sides),2500,Score in Half,Moon Slits Bottom Panel,Yes 500 Envelopes A9
Majestic,Silk,8.5 x 11,Vertical,Rectangle,16PT C2S,Spot UV,Silk,Spot UV Front,4/4 (4 color both sides),2500,Score in Half,Moon Slits Bottom Panel,Yes 500 Envelopes A9
Majestic,Silk,8.5 x 11,Vertical,Rectangle,16PT C2S,Spot UV,Silk,Spot UV Back,4/4 (4 color both sides),2500,Score in Half,Moon Slits Bottom Panel,Yes 500 Envelopes A9
Majestic,Silk,8.5 x 11,Horizontal,Rectangle,16PT C2S,Spot UV,Silk,Spot UV Both Sides,4/4 (4 color both sides),500,Score in Half,Moon Slits Bottom Panel,Yes 500 Envelopes A9
Majestic,Silk,8.5 x 11,Vertical,Rectangle,16PT C2S,Spot UV,Silk,Spot UV Both Sides,4/4 (4 color both sides),2500,Score in Half,Moon Slits Bottom Panel,Yes 500 Envelopes A9
Majestic,Silk,8.5 x 11,Horizontal,Rectangle,16PT C2S,Spot UV,Silk,Spot UV Front,4/1,5000,Score in Half,Moon Slits Bottom Panel,Yes 500 Envelopes A9
Majestic,Silk,8.5 x 11,Vertical,Rectangle,16PT C2S,Spot UV,Silk,Spot UV Front,4/1,5000,Score in Half,Moon Slits Bottom Panel,Yes 500 Envelopes A9
Majestic,Silk,8.5 x 11,Horizontal,Rectangle,16PT C2S,Spot UV,Silk,Spot UV Back,4/1,5000,Score in Half,Moon Slits Bottom Panel,Yes 500 Envelopes A9
Majestic,Silk,8.5 x 11,Vertical,Rectangle,16PT C2S,Spot UV,Silk,Spot UV Back,4/1,5000,Score in Half,Moon Slits Bottom Panel,Yes 500 Envelopes A9
Majestic,Silk,8.5 x 11,Horizontal,Rectangle,16PT C2S,Spot UV,Silk,Spot UV Both Sides,4/1,5000,Score in Half,Moon Slits Bottom Panel,Yes 500 Envelopes A9
Majestic,Silk,8.5 x 11,Vertical,Rectangle,16PT C2S,Spot UV,Silk,Spot UV Both Sides,4/1,5000,Score in Half,Moon Slits Bottom Panel,Yes 500 Envelopes A9
Majestic,Silk,8.5 x 11,Horizontal,Rectangle,16PT C2S,Spot UV,Silk,Spot UV Front,4/4 (4 color both sides),5000,Score in Half,Moon Slits Bottom Panel,Yes 500 Envelopes A9
Majestic,Silk,8.5 x 11,Vertical,Rectangle,16PT C2S,Spot UV,Silk,Spot UV Front,4/4 (4 color both sides),5000,Score in Half,Moon Slits Bottom Panel,Yes 500 Envelopes A9
Majestic,Silk,8.5 x 11,Horizontal,Rectangle,16PT C2S,Spot UV,Silk,Spot UV Back,4/4 (4 color both sides),5000,Score in Half,Moon Slits Bottom Panel,Yes 500 Envelopes A9
Majestic,Silk,8.5 x 11,Horizontal,Rectangle,16PT C2S,Spot UV,Silk,Spot UV Front,4/4 (4 color both sides),2500,Score in Half,Moon Slits Bottom Panel,Yes 500 Envelopes A9
Majestic,Silk,8.5 x 11,Horizontal,Rectangle,16PT C2S,Spot UV,Silk,Spot UV Both Sides,4/4 (4 color both sides),5000,Score in Half,Moon Slits Bottom Panel,Yes 500 Envelopes A9
Majestic,Silk,8.5 x 11,Vertical,Rectangle,16PT C2S,Spot UV,Silk,Spot UV Both Sides,4/4 (4 color both sides),5000,Score in Half,Moon Slits Bottom Panel,Yes 500 Envelopes A9
Majestic,Silk,8.5 x 11,Horizontal,Rectangle,16PT C2S,Spot UV,Silk,Spot UV Front,4/1,10000,Score in Half,Moon Slits Bottom Panel,Yes 500 Envelopes A9
Majestic,Silk,8.5 x 11,Vertical,Rectangle,16PT C2S,Spot UV,Silk,Spot UV Front,4/1,10000,Score in Half,Moon Slits Bottom Panel,Yes 500 Envelopes A9
Majestic,Silk,8.5 x 11,Horizontal,Rectangle,16PT C2S,Spot UV,Silk,Spot UV Back,4/1,10000,Score in Half,Moon Slits Bottom Panel,Yes 500 Envelopes A9
Majestic,Silk,8.5 x 11,Vertical,Rectangle,16PT C2S,Spot UV,Silk,Spot UV Back,4/1,10000,Score in Half,Moon Slits Bottom Panel,Yes 500 Envelopes A9
Majestic,Silk,8.5 x 11,Horizontal,Rectangle,16PT C2S,Spot UV,Silk,Spot UV Both Sides,4/1,10000,Score in Half,Moon Slits Bottom Panel,Yes 500 Envelopes A9
Majestic,Silk,8.5 x 11,Vertical,Rectangle,16PT C2S,Spot UV,Silk,Spot UV Both Sides,4/1,10000,Score in Half,Moon Slits Bottom Panel,Yes 500 Envelopes A9
Majestic,Silk,8.5 x 11,Vertical,Rectangle,16PT C2S,Spot UV,Silk,Spot UV Front,4/4 (4 color both sides),10000,Score in Half,Moon Slits Bottom Panel,Yes 500 Envelopes A9
Majestic,Silk,8.5 x 11,Horizontal,Rectangle,16PT C2S,Spot UV,Silk,Spot UV Front,4/4 (4 color both sides),10000,Score in Half,Moon Slits Bottom Panel,Yes 500 Envelopes A9
Majestic,Silk,8.5 x 11,Horizontal,Rectangle,16PT C2S,Spot UV,Silk,Spot UV Back,4/4 (4 color both sides),10000,Score in Half,Moon Slits Bottom Panel,Yes 500 Envelopes A9
Majestic,Silk,8.5 x 11,Vertical,Rectangle,16PT C2S,Spot UV,Silk,Spot UV Back,4/4 (4 color both sides),10000,Score in Half,Moon Slits Bottom Panel,Yes 500 Envelopes A9
Majestic,Silk,8.5 x 11,Horizontal,Rectangle,16PT C2S,Spot UV,Silk,Spot UV Both Sides,4/4 (4 color both sides),2500,Score in Half,Moon Slits Bottom Panel,Yes 500 Envelopes A9
Majestic,Silk,8.5 x 11,Vertical,Rectangle,16PT C2S,Spot UV,Silk,Spot UV Both Sides,4/4 (4 color both sides),10000,Score in Half,Moon Slits Bottom Panel,Yes 500 Envelopes A9
Majestic,Silk,8.5 x 11,Horizontal,Rectangle,16PT C2S,Spot UV,Silk,Spot UV Front,4/1,500,Score in Half,Moon Slits Right Panel,Yes 500 Envelopes A9
Majestic,Silk,8.5 x 11,Vertical,Rectangle,16PT C2S,Spot UV,Silk,Spot UV Front,4/1,500,Score in Half,Moon Slits Right Panel,Yes 500 Envelopes A9
Majestic,Silk,8.5 x 11,Horizontal,Rectangle,16PT C2S,Spot UV,Silk,Spot UV Back,4/1,500,Score in Half,Moon Slits Right Panel,Yes 500 Envelopes A9
Majestic,Silk,8.5 x 11,Vertical,Rectangle,16PT C2S,Spot UV,Silk,Spot UV Back,4/1,500,Score in Half,Moon Slits Right Panel,Yes 500 Envelopes A9
Majestic,Silk,8.5 x 11,Horizontal,Rectangle,16PT C2S,Spot UV,Silk,Spot UV Both Sides,4/1,500,Score in Half,Moon Slits Right Panel,Yes 500 Envelopes A9
Majestic,Silk,8.5 x 11,Vertical,Rectangle,16PT C2S,Spot UV,Silk,Spot UV Both Sides,4/1,500,Score in Half,Moon Slits Right Panel,Yes 500 Envelopes A9
Majestic,Silk,8.5 x 11,Horizontal,Rectangle,16PT C2S,Spot UV,Silk,Spot UV Front,4/4 (4 color both sides),500,Score in Half,Moon Slits Right Panel,Yes 500 Envelopes A9
Majestic,Silk,8.5 x 11,Horizontal,Rectangle,16PT C2S,Spot UV,Silk,Spot UV Both Sides,4/4 (4 color both sides),10000,Score in Half,Moon Slits Bottom Panel,Yes 500 Envelopes A9
Majestic,Silk,8.5 x 11,Horizontal,Rectangle,16PT C2S,Spot UV,Silk,Spot UV Back,4/4 (4 color both sides),500,Score in Half,Moon Slits Right Panel,Yes 500 Envelopes A9
Majestic,Silk,8.5 x 11,Vertical,Rectangle,16PT C2S,Spot UV,Silk,Spot UV Back,4/4 (4 color both sides),500,Score in Half,Moon Slits Right Panel,Yes 500 Envelopes A9
Majestic,Silk,8.5 x 11,Horizontal,Rectangle,16PT C2S,Spot UV,Silk,Spot UV Both Sides,4/4 (4 color both sides),500,Score in Half,Moon Slits Right Panel,Yes 500 Envelopes A9
Majestic,Silk,8.5 x 11,Vertical,Rectangle,16PT C2S,Spot UV,Silk,Spot UV Both Sides,4/4 (4 color both sides),500,Score in Half,Moon Slits Right Panel,Yes 500 Envelopes A9
Majestic,Silk,8.5 x 11,Horizontal,Rectangle,16PT C2S,Spot UV,Silk,Spot UV Front,4/1,1000,Score in Half,Moon Slits Right Panel,Yes 500 Envelopes A9
Majestic,Silk,8.5 x 11,Vertical,Rectangle,16PT C2S,Spot UV,Silk,Spot UV Front,4/1,1000,Score in Half,Moon Slits Right Panel,Yes 500 Envelopes A9
Majestic,Silk,8.5 x 11,Horizontal,Rectangle,16PT C2S,Spot UV,Silk,Spot UV Back,4/1,1000,Score in Half,Moon Slits Right Panel,Yes 500 Envelopes A9
Majestic,Silk,8.5 x 11,Vertical,Rectangle,16PT C2S,Spot UV,Silk,Spot UV Back,4/1,1000,Score in Half,Moon Slits Right Panel,Yes 500 Envelopes A9
Majestic,Silk,8.5 x 11,Horizontal,Rectangle,16PT C2S,Spot UV,Silk,Spot UV Both Sides,4/1,1000,Score in Half,Moon Slits Right Panel,Yes 500 Envelopes A9
Majestic,Silk,8.5 x 11,Horizontal,Rectangle,16PT C2S,Spot UV,Silk,Spot UV Front,4/4 (4 color both sides),1000,Score in Half,Moon Slits Right Panel,Yes 500 Envelopes A9
Majestic,Silk,8.5 x 11,Vertical,Rectangle,16PT C2S,Spot UV,Silk,Spot UV Both Sides,4/1,1000,Score in Half,Moon Slits Right Panel,Yes 500 Envelopes A9
Majestic,Silk,8.5 x 11,Vertical,Rectangle,16PT C2S,Spot UV,Silk,Spot UV Front,4/4 (4 color both sides),1000,Score in Half,Moon Slits Right Panel,Yes 500 Envelopes A9
Majestic,Silk,8.5 x 11,Horizontal,Rectangle,16PT C2S,Spot UV,Silk,Spot UV Back,4/4 (4 color both sides),1000,Score in Half,Moon Slits Right Panel,Yes 500 Envelopes A9
Majestic,Silk,8.5 x 11,Vertical,Rectangle,16PT C2S,Spot UV,Silk,Spot UV Back,4/4 (4 color both sides),1000,Score in Half,Moon Slits Right Panel,Yes 500 Envelopes A9
Majestic,Silk,8.5 x 11,Horizontal,Rectangle,16PT C2S,Spot UV,Silk,Spot UV Both Sides,4/4 (4 color both sides),1000,Score in Half,Moon Slits Right Panel,Yes 500 Envelopes A9
Majestic,Silk,8.5 x 11,Vertical,Rectangle,16PT C2S,Spot UV,Silk,Spot UV Both Sides,4/4 (4 color both sides),1000,Score in Half,Moon Slits Right Panel,Yes 500 Envelopes A9
Majestic,Silk,8.5 x 11,Horizontal,Rectangle,16PT C2S,Spot UV,Silk,Spot UV Front,4/1,2500,Score in Half,Moon Slits Right Panel,Yes 500 Envelopes A9
Majestic,Silk,8.5 x 11,Vertical,Rectangle,16PT C2S,Spot UV,Silk,Spot UV Front,4/1,2500,Score in Half,Moon Slits Right Panel,Yes 500 Envelopes A9
Majestic,Silk,8.5 x 11,Horizontal,Rectangle,16PT C2S,Spot UV,Silk,Spot UV Back,4/1,2500,Score in Half,Moon Slits Right Panel,Yes 500 Envelopes A9
Majestic,Silk,8.5 x 11,Vertical,Rectangle,16PT C2S,Spot UV,Silk,Spot UV Back,4/1,2500,Score in Half,Moon Slits Right Panel,Yes 500 Envelopes A9
Majestic,Silk,8.5 x 11,Horizontal,Rectangle,16PT C2S,Spot UV,Silk,Spot UV Both Sides,4/1,2500,Score in Half,Moon Slits Right Panel,Yes 500 Envelopes A9
Majestic,Silk,8.5 x 11,Vertical,Rectangle,16PT C2S,Spot UV,Silk,Spot UV Both Sides,4/1,2500,Score in Half,Moon Slits Right Panel,Yes 500 Envelopes A9
Majestic,Silk,8.5 x 11,Vertical,Rectangle,16PT C2S,Spot UV,Silk,Spot UV Back,4/4 (4 color both sides),5000,Score in Half,Moon Slits Bottom Panel,Yes 500 Envelopes A9
Majestic,Silk,8.5 x 11,Vertical,Rectangle,16PT C2S,Spot UV,Silk,Spot UV Front,4/4 (4 color both sides),2500,Score in Half,Moon Slits Right Panel,Yes 500 Envelopes A9
Majestic,Silk,8.5 x 11,Horizontal,Rectangle,16PT C2S,Spot UV,Silk,Spot UV Back,4/4 (4 color both sides),2500,Score in Half,Moon Slits Right Panel,Yes 500 Envelopes A9
Majestic,Silk,8.5 x 11,Vertical,Rectangle,16PT C2S,Spot UV,Silk,Spot UV Back,4/4 (4 color both sides),2500,Score in Half,Moon Slits Right Panel,Yes 500 Envelopes A9
Majestic,Silk,8.5 x 11,Horizontal,Rectangle,16PT C2S,Spot UV,Silk,Spot UV Both Sides,4/4 (4 color both sides),2500,Score in Half,Moon Slits Right Panel,Yes 500 Envelopes A9
Majestic,Silk,8.5 x 11,Vertical,Rectangle,16PT C2S,Spot UV,Silk,Spot UV Both Sides,4/4 (4 color both sides),2500,Score in Half,Moon Slits Right Panel,Yes 500 Envelopes A9
Majestic,Silk,8.5 x 11,Vertical,Rectangle,16PT C2S,Spot UV,Silk,Spot UV Front,4/1,5000,Score in Half,Moon Slits Right Panel,Yes 500 Envelopes A9
Majestic,Silk,8.5 x 11,Vertical,Rectangle,16PT C2S,Spot UV,Silk,Spot UV Front,4/4 (4 color both sides),500,Score in Half,Moon Slits Right Panel,Yes 500 Envelopes A9
Majestic,Silk,8.5 x 11,Vertical,Rectangle,16PT C2S,Spot UV,Silk,Spot UV Both Sides,4/1,2500,Score in Half,Moon Slits Bottom Panel,Yes 500 Envelopes A9
Majestic,Silk,8.5 x 11,Vertical,Rectangle,16PT C2S,Spot UV,Silk,Spot UV Both Sides,4/1,5000,Score in Half,Moon Slits Right Panel,Yes 500 Envelopes A9
Majestic,Silk,8.5 x 11,Horizontal,Rectangle,16PT C2S,Spot UV,Silk,Spot UV Front,4/1,5000,Score in Half,Moon Slits Right Panel,Yes 500 Envelopes A9
Majestic,Silk,8.5 x 11,Vertical,Rectangle,16PT C2S,Spot UV,Silk,Spot UV Back,4/1,5000,Score in Half,Moon Slits Right Panel,Yes 500 Envelopes A9
Majestic,Silk,8.5 x 11,Horizontal,Rectangle,16PT C2S,Spot UV,Silk,Spot UV Front,4/4 (4 color both sides),5000,Score in Half,Moon Slits Right Panel,Yes 500 Envelopes A9
Majestic,Silk,8.5 x 11,Vertical,Rectangle,16PT C2S,Spot UV,Silk,Spot UV Front,4/4 (4 color both sides),5000,Score in Half,Moon Slits Right Panel,Yes 500 Envelopes A9
Majestic,Silk,8.5 x 11,Horizontal,Rectangle,16PT C2S,Spot UV,Silk,Spot UV Both Sides,4/1,5000,Score in Half,Moon Slits Right Panel,Yes 500 Envelopes A9
Majestic,Silk,8.5 x 11,Vertical,Rectangle,16PT C2S,Spot UV,Silk,Spot UV Back,4/4 (4 color both sides),5000,Score in Half,Moon Slits Right Panel,Yes 500 Envelopes A9
Majestic,Silk,8.5 x 11,Horizontal,Rectangle,16PT C2S,Spot UV,Silk,Spot UV Both Sides,4/4 (4 color both sides),5000,Score in Half,Moon Slits Right Panel,Yes 500 Envelopes A9
Majestic,Silk,8.5 x 11,Vertical,Rectangle,16PT C2S,Spot UV,Silk,Spot UV Both Sides,4/4 (4 color both sides),5000,Score in Half,Moon Slits Right Panel,Yes 500 Envelopes A9
Majestic,Silk,8.5 x 11,Horizontal,Rectangle,16PT C2S,Spot UV,Silk,Spot UV Front,4/1,10000,Score in Half,Moon Slits Right Panel,Yes 500 Envelopes A9
Majestic,Silk,8.5 x 11,Vertical,Rectangle,16PT C2S,Spot UV,Silk,Spot UV Front,4/1,10000,Score in Half,Moon Slits Right Panel,Yes 500 Envelopes A9
Majestic,Silk,8.5 x 11,Vertical,Rectangle,16PT C2S,Spot UV,Silk,Spot UV Back,4/1,10000,Score in Half,Moon Slits Right Panel,Yes 500 Envelopes A9
Majestic,Silk,8.5 x 11,Horizontal,Rectangle,16PT C2S,Spot UV,Silk,Spot UV Back,4/1,10000,Score in Half,Moon Slits Right Panel,Yes 500 Envelopes A9
Majestic,Silk,8.5 x 11,Horizontal,Rectangle,16PT C2S,Spot UV,Silk,Spot UV Both Sides,4/1,10000,Score in Half,Moon Slits Right Panel,Yes 500 Envelopes A9
Majestic,Silk,8.5 x 11,Vertical,Rectangle,16PT C2S,Spot UV,Silk,Spot UV Both Sides,4/1,10000,Score in Half,Moon Slits Right Panel,Yes 500 Envelopes A9
Majestic,Silk,8.5 x 11,Horizontal,Rectangle,16PT C2S,Spot UV,Silk,Spot UV Front,4/4 (4 color both sides),2500,Score in Half,Moon Slits Right Panel,Yes 500 Envelopes A9
Majestic,Silk,8.5 x 11,Vertical,Rectangle,16PT C2S,Spot UV,Silk,Spot UV Front,4/4 (4 color both sides),10000,Score in Half,Moon Slits Right Panel,Yes 500 Envelopes A9
Majestic,Silk,8.5 x 11,Horizontal,Rectangle,16PT C2S,Spot UV,Silk,Spot UV Back,4/4 (4 color both sides),10000,Score in Half,Moon Slits Right Panel,Yes 500 Envelopes A9
Majestic,Silk,8.5 x 11,Vertical,Rectangle,16PT C2S,Spot UV,Silk,Spot UV Back,4/4 (4 color both sides),10000,Score in Half,Moon Slits Right Panel,Yes 500 Envelopes A9
Majestic,Silk,8.5 x 11,Horizontal,Rectangle,16PT C2S,Spot UV,Silk,Spot UV Both Sides,4/4 (4 color both sides),10000,Score in Half,Moon Slits Right Panel,Yes 500 Envelopes A9
Majestic,Silk,8.5 x 11,Vertical,Rectangle,16PT C2S,Spot UV,Silk,Spot UV Both Sides,4/4 (4 color both sides),10000,Score in Half,Moon Slits Right Panel,Yes 500 Envelopes A9
Majestic,Silk,8.5 x 11,Horizontal,Rectangle,16PT C2S,Spot UV,Silk,Spot UV Back,4/1,500,Score in Half,No Gift Cards Slits,Yes 500 Envelopes A9
Majestic,Silk,8.5 x 11,Horizontal,Rectangle,16PT C2S,Spot UV,Silk,Spot UV Front,4/1,500,Score in Half,No Gift Cards Slits,Yes 500 Envelopes A9
Majestic,Silk,8.5 x 11,Vertical,Rectangle,16PT C2S,Spot UV,Silk,Spot UV Front,4/1,500,Score in Half,No Gift Cards Slits,Yes 500 Envelopes A9
Majestic,Silk,8.5 x 11,Horizontal,Rectangle,16PT C2S,Spot UV,Silk,Spot UV Both Sides,4/1,500,Score in Half,No Gift Cards Slits,Yes 500 Envelopes A9
Majestic,Silk,8.5 x 11,Vertical,Rectangle,16PT C2S,Spot UV,Silk,Spot UV Back,4/1,500,Score in Half,No Gift Cards Slits,Yes 500 Envelopes A9
Majestic,Silk,8.5 x 11,Vertical,Rectangle,16PT C2S,Spot UV,Silk,Spot UV Both Sides,4/1,500,Score in Half,No Gift Cards Slits,Yes 500 Envelopes A9
Majestic,Silk,8.5 x 11,Horizontal,Rectangle,16PT C2S,Spot UV,Silk,Spot UV Front,4/4 (4 color both sides),500,Score in Half,No Gift Cards Slits,Yes 500 Envelopes A9
Majestic,Silk,8.5 x 11,Vertical,Rectangle,16PT C2S,Spot UV,Silk,Spot UV Front,4/4 (4 color both sides),500,Score in Half,No Gift Cards Slits,Yes 500 Envelopes A9
Majestic,Silk,8.5 x 11,Vertical,Rectangle,16PT C2S,Spot UV,Silk,Spot UV Back,4/4 (4 color both sides),500,Score in Half,No Gift Cards Slits,Yes 500 Envelopes A9
Majestic,Silk,8.5 x 11,Horizontal,Rectangle,16PT C2S,Spot UV,Silk,Spot UV Both Sides,4/4 (4 color both sides),500,Score in Half,No Gift Cards Slits,Yes 500 Envelopes A9
Majestic,Silk,8.5 x 11,Horizontal,Rectangle,16PT C2S,Spot UV,Silk,Spot UV Back,4/4 (4 color both sides),500,Score in Half,No Gift Cards Slits,Yes 500 Envelopes A9
Majestic,Silk,8.5 x 11,Vertical,Rectangle,16PT C2S,Spot UV,Silk,Spot UV Both Sides,4/4 (4 color both sides),500,Score in Half,No Gift Cards Slits,Yes 500 Envelopes A9
Majestic,Silk,8.5 x 11,Horizontal,Rectangle,16PT C2S,Spot UV,Silk,Spot UV Front,4/4 (4 color both sides),10000,Score in Half,Moon Slits Right Panel,Yes 500 Envelopes A9
Majestic,Silk,8.5 x 11,Horizontal,Rectangle,16PT C2S,Spot UV,Silk,Spot UV Back,4/1,5000,Score in Half,Moon Slits Right Panel,Yes 500 Envelopes A9
Majestic,Silk,8.5 x 11,Horizontal,Rectangle,16PT C2S,Spot UV,Silk,Spot UV Back,4/1,1000,Score in Half,No Gift Cards Slits,Yes 500 Envelopes A9
Majestic,Silk,8.5 x 11,Vertical,Rectangle,16PT C2S,Spot UV,Silk,Spot UV Back,4/1,1000,Score in Half,No Gift Cards Slits,Yes 500 Envelopes A9
Majestic,Silk,8.5 x 11,Horizontal,Rectangle,16PT C2S,Spot UV,Silk,Spot UV Both Sides,4/1,1000,Score in Half,No Gift Cards Slits,Yes 500 Envelopes A9
Majestic,Silk,8.5 x 11,Vertical,Rectangle,16PT C2S,Spot UV,Silk,Spot UV Both Sides,4/1,1000,Score in Half,No Gift Cards Slits,Yes 500 Envelopes A9
Majestic,Silk,8.5 x 11,Vertical,Rectangle,16PT C2S,Spot UV,Silk,Spot UV Front,4/4 (4 color both sides),1000,Score in Half,No Gift Cards Slits,Yes 500 Envelopes A9
Majestic,Silk,8.5 x 11,Horizontal,Rectangle,16PT C2S,Spot UV,Silk,Spot UV Front,4/4 (4 color both sides),1000,Score in Half,No Gift Cards Slits,Yes 500 Envelopes A9
Majestic,Silk,8.5 x 11,Horizontal,Rectangle,16PT C2S,Spot UV,Silk,Spot UV Back,4/4 (4 color both sides),1000,Score in Half,No Gift Cards Slits,Yes 500 Envelopes A9
Majestic,Silk,8.5 x 11,Vertical,Rectangle,16PT C2S,Spot UV,Silk,Spot UV Back,4/4 (4 color both sides),1000,Score in Half,No Gift Cards Slits,Yes 500 Envelopes A9
Majestic,Silk,8.5 x 11,Horizontal,Rectangle,16PT C2S,Spot UV,Silk,Spot UV Both Sides,4/4 (4 color both sides),1000,Score in Half,No Gift Cards Slits,Yes 500 Envelopes A9
Majestic,Silk,8.5 x 11,Vertical,Rectangle,16PT C2S,Spot UV,Silk,Spot UV Both Sides,4/4 (4 color both sides),1000,Score in Half,No Gift Cards Slits,Yes 500 Envelopes A9
Majestic,Silk,8.5 x 11,Horizontal,Rectangle,16PT C2S,Spot UV,Silk,Spot UV Front,4/1,2500,Score in Half,No Gift Cards Slits,Yes 500 Envelopes A9
Majestic,Silk,8.5 x 11,Vertical,Rectangle,16PT C2S,Spot UV,Silk,Spot UV Front,4/1,2500,Score in Half,No Gift Cards Slits,Yes 500 Envelopes A9
Majestic,Silk,8.5 x 11,Horizontal,Rectangle,16PT C2S,Spot UV,Silk,Spot UV Back,4/4 (4 color both sides),5000,Score in Half,Moon Slits Right Panel,Yes 500 Envelopes A9
Majestic,Silk,8.5 x 11,Vertical,Rectangle,16PT C2S,Spot UV,Silk,Spot UV Back,4/1,2500,Score in Half,No Gift Cards Slits,Yes 500 Envelopes A9
Majestic,Silk,8.5 x 11,Horizontal,Rectangle,16PT C2S,Spot UV,Silk,Spot UV Both Sides,4/1,2500,Score in Half,No Gift Cards Slits,Yes 500 Envelopes A9
Majestic,Silk,8.5 x 11,Vertical,Rectangle,16PT C2S,Spot UV,Silk,Spot UV Both Sides,4/1,2500,Score in Half,No Gift Cards Slits,Yes 500 Envelopes A9
Majestic,Silk,8.5 x 11,Horizontal,Rectangle,16PT C2S,Spot UV,Silk,Spot UV Front,4/4 (4 color both sides),2500,Score in Half,No Gift Cards Slits,Yes 500 Envelopes A9
Majestic,Silk,8.5 x 11,Vertical,Rectangle,16PT C2S,Spot UV,Silk,Spot UV Front,4/4 (4 color both sides),2500,Score in Half,No Gift Cards Slits,Yes 500 Envelopes A9
Majestic,Silk,8.5 x 11,Horizontal,Rectangle,16PT C2S,Spot UV,Silk,Spot UV Back,4/4 (4 color both sides),2500,Score in Half,No Gift Cards Slits,Yes 500 Envelopes A9
Majestic,Silk,8.5 x 11,Vertical,Rectangle,16PT C2S,Spot UV,Silk,Spot UV Back,4/4 (4 color both sides),2500,Score in Half,No Gift Cards Slits,Yes 500 Envelopes A9
Majestic,Silk,8.5 x 11,Horizontal,Rectangle,16PT C2S,Spot UV,Silk,Spot UV Both Sides,4/4 (4 color both sides),2500,Score in Half,No Gift Cards Slits,Yes 500 Envelopes A9
Majestic,Silk,8.5 x 11,Vertical,Rectangle,16PT C2S,Spot UV,Silk,Spot UV Both Sides,4/4 (4 color both sides),2500,Score in Half,No Gift Cards Slits,Yes 500 Envelopes A9
Majestic,Silk,8.5 x 11,Horizontal,Rectangle,16PT C2S,Spot UV,Silk,Spot UV Front,4/1,1000,Score in Half,No Gift Cards Slits,Yes 500 Envelopes A9
Majestic,Silk,8.5 x 11,Vertical,Rectangle,16PT C2S,Spot UV,Silk,Spot UV Front,4/1,5000,Score in Half,No Gift Cards Slits,Yes 500 Envelopes A9
Majestic,Silk,8.5 x 11,Horizontal,Rectangle,16PT C2S,Spot UV,Silk,Spot UV Back,4/1,5000,Score in Half,No Gift Cards Slits,Yes 500 Envelopes A9
Majestic,Silk,8.5 x 11,Vertical,Rectangle,16PT C2S,Spot UV,Silk,Spot UV Back,4/1,5000,Score in Half,No Gift Cards Slits,Yes 500 Envelopes A9
Majestic,Silk,8.5 x 11,Horizontal,Rectangle,16PT C2S,Spot UV,Silk,Spot UV Both Sides,4/1,5000,Score in Half,No Gift Cards Slits,Yes 500 Envelopes A9
Majestic,Silk,8.5 x 11,Vertical,Rectangle,16PT C2S,Spot UV,Silk,Spot UV Both Sides,4/1,5000,Score in Half,No Gift Cards Slits,Yes 500 Envelopes A9
Majestic,Silk,8.5 x 11,Horizontal,Rectangle,16PT C2S,Spot UV,Silk,Spot UV Front,4/4 (4 color both sides),5000,Score in Half,No Gift Cards Slits,Yes 500 Envelopes A9
Majestic,Silk,8.5 x 11,Vertical,Rectangle,16PT C2S,Spot UV,Silk,Spot UV Front,4/4 (4 color both sides),5000,Score in Half,No Gift Cards Slits,Yes 500 Envelopes A9
Majestic,Silk,8.5 x 11,Horizontal,Rectangle,16PT C2S,Spot UV,Silk,Spot UV Back,4/4 (4 color both sides),5000,Score in Half,No Gift Cards Slits,Yes 500 Envelopes A9
Majestic,Silk,8.5 x 11,Vertical,Rectangle,16PT C2S,Spot UV,Silk,Spot UV Back,4/4 (4 color both sides),5000,Score in Half,No Gift Cards Slits,Yes 500 Envelopes A9
Majestic,Silk,8.5 x 11,Horizontal,Rectangle,16PT C2S,Spot UV,Silk,Spot UV Both Sides,4/4 (4 color both sides),5000,Score in Half,No Gift Cards Slits,Yes 500 Envelopes A9
Majestic,Silk,8.5 x 11,Vertical,Rectangle,16PT C2S,Spot UV,Silk,Spot UV Both Sides,4/4 (4 color both sides),5000,Score in Half,No Gift Cards Slits,Yes 500 Envelopes A9
Majestic,Silk,8.5 x 11,Horizontal,Rectangle,16PT C2S,Spot UV,Silk,Spot UV Front,4/1,10000,Score in Half,No Gift Cards Slits,Yes 500 Envelopes A9
Majestic,Silk,8.5 x 11,Vertical,Rectangle,16PT C2S,Spot UV,Silk,Spot UV Front,4/1,10000,Score in Half,No Gift Cards Slits,Yes 500 Envelopes A9
Majestic,Silk,8.5 x 11,Horizontal,Rectangle,16PT C2S,Spot UV,Silk,Spot UV Back,4/1,10000,Score in Half,No Gift Cards Slits,Yes 500 Envelopes A9
Majestic,Silk,8.5 x 11,Vertical,Rectangle,16PT C2S,Spot UV,Silk,Spot UV Back,4/1,10000,Score in Half,No Gift Cards Slits,Yes 500 Envelopes A9
Majestic,Silk,8.5 x 11,Horizontal,Rectangle,16PT C2S,Spot UV,Silk,Spot UV Both Sides,4/1,10000,Score in Half,No Gift Cards Slits,Yes 500 Envelopes A9
Majestic,Silk,8.5 x 11,Vertical,Rectangle,16PT C2S,Spot UV,Silk,Spot UV Both Sides,4/1,10000,Score in Half,No Gift Cards Slits,Yes 500 Envelopes A9
Majestic,Silk,8.5 x 11,Horizontal,Rectangle,16PT C2S,Spot UV,Silk,Spot UV Front,4/4 (4 color both sides),10000,Score in Half,No Gift Cards Slits,Yes 500 Envelopes A9
Majestic,Silk,8.5 x 11,Vertical,Rectangle,16PT C2S,Spot UV,Silk,Spot UV Front,4/4 (4 color both sides),10000,Score in Half,No Gift Cards Slits,Yes 500 Envelopes A9
Majestic,Silk,8.5 x 11,Horizontal,Rectangle,16PT C2S,Spot UV,Silk,Spot UV Back,4/4 (4 color both sides),10000,Score in Half,No Gift Cards Slits,Yes 500 Envelopes A9
Majestic,Silk,8.5 x 11,Vertical,Rectangle,16PT C2S,Spot UV,Silk,Spot UV Back,4/4 (4 color both sides),10000,Score in Half,No Gift Cards Slits,Yes 500 Envelopes A9
Majestic,Silk,8.5 x 11,Horizontal,Rectangle,16PT C2S,Spot UV,Silk,Spot UV Both Sides,4/4 (4 color both sides),10000,Score in Half,No Gift Cards Slits,Yes 500 Envelopes A9
Majestic,Silk,8.5 x 11,Vertical,Rectangle,16PT C2S,Spot UV,Silk,Spot UV Both Sides,4/4 (4 color both sides),10000,Score in Half,No Gift Cards Slits,Yes 500 Envelopes A9
Majestic,Silk,8.5 x 11,Vertical,Rectangle,16PT C2S,Spot UV,Silk,Spot UV Back,4/1,500,Score in Half,Slide Slits Bottom Panel,Yes 500 Envelopes A9
Majestic,Silk,8.5 x 11,Horizontal,Rectangle,16PT C2S,Spot UV,Silk,Spot UV Both Sides,4/1,500,Score in Half,Slide Slits Bottom Panel,Yes 500 Envelopes A9
Majestic,Silk,8.5 x 11,Horizontal,Rectangle,16PT C2S,Spot UV,Silk,Spot UV Front,4/1,500,Score in Half,Slide Slits Bottom Panel,Yes 500 Envelopes A9
Majestic,Silk,8.5 x 11,Horizontal,Rectangle,16PT C2S,Spot UV,Silk,Spot UV Back,4/1,500,Score in Half,Slide Slits Bottom Panel,Yes 500 Envelopes A9
Majestic,Silk,8.5 x 11,Vertical,Rectangle,16PT C2S,Spot UV,Silk,Spot UV Front,4/1,500,Score in Half,Slide Slits Bottom Panel,Yes 500 Envelopes A9
Majestic,Silk,8.5 x 11,Vertical,Rectangle,16PT C2S,Spot UV,Silk,Spot UV Both Sides,4/1,500,Score in Half,Slide Slits Bottom Panel,Yes 500 Envelopes A9
Majestic,Silk,8.5 x 11,Vertical,Rectangle,16PT C2S,Spot UV,Silk,Spot UV Front,4/4 (4 color both sides),500,Score in Half,Slide Slits Bottom Panel,Yes 500 Envelopes A9
Majestic,Silk,8.5 x 11,Horizontal,Rectangle,16PT C2S,Spot UV,Silk,Spot UV Back,4/4 (4 color both sides),500,Score in Half,Slide Slits Bottom Panel,Yes 500 Envelopes A9
Majestic,Silk,8.5 x 11,Horizontal,Rectangle,16PT C2S,Spot UV,Silk,Spot UV Back,4/1,2500,Score in Half,No Gift Cards Slits,Yes 500 Envelopes A9
Majestic,Silk,8.5 x 11,Vertical,Rectangle,16PT C2S,Spot UV,Silk,Spot UV Back,4/4 (4 color both sides),500,Score in Half,Slide Slits Bottom Panel,Yes 500 Envelopes A9
Majestic,Silk,8.5 x 11,Horizontal,Rectangle,16PT C2S,Spot UV,Silk,Spot UV Both Sides,4/4 (4 color both sides),500,Score in Half,Slide Slits Bottom Panel,Yes 500 Envelopes A9
Majestic,Silk,8.5 x 11,Vertical,Rectangle,16PT C2S,Spot UV,Silk,Spot UV Both Sides,4/4 (4 color both sides),500,Score in Half,Slide Slits Bottom Panel,Yes 500 Envelopes A9
Majestic,Silk,8.5 x 11,Horizontal,Rectangle,16PT C2S,Spot UV,Silk,Spot UV Front,4/1,1000,Score in Half,Slide Slits Bottom Panel,Yes 500 Envelopes A9
Majestic,Silk,8.5 x 11,Vertical,Rectangle,16PT C2S,Spot UV,Silk,Spot UV Front,4/1,1000,Score in Half,Slide Slits Bottom Panel,Yes 500 Envelopes A9
Majestic,Silk,8.5 x 11,Horizontal,Rectangle,16PT C2S,Spot UV,Silk,Spot UV Back,4/1,1000,Score in Half,Slide Slits Bottom Panel,Yes 500 Envelopes A9
Majestic,Silk,8.5 x 11,Vertical,Rectangle,16PT C2S,Spot UV,Silk,Spot UV Back,4/1,1000,Score in Half,Slide Slits Bottom Panel,Yes 500 Envelopes A9
Majestic,Silk,8.5 x 11,Vertical,Rectangle,16PT C2S,Spot UV,Silk,Spot UV Both Sides,4/1,1000,Score in Half,Slide Slits Bottom Panel,Yes 500 Envelopes A9
Majestic,Silk,8.5 x 11,Horizontal,Rectangle,16PT C2S,Spot UV,Silk,Spot UV Both Sides,4/1,1000,Score in Half,Slide Slits Bottom Panel,Yes 500 Envelopes A9
Majestic,Silk,8.5 x 11,Horizontal,Rectangle,16PT C2S,Spot UV,Silk,Spot UV Front,4/4 (4 color both sides),1000,Score in Half,Slide Slits Bottom Panel,Yes 500 Envelopes A9
Majestic,Silk,8.5 x 11,Vertical,Rectangle,16PT C2S,Spot UV,Silk,Spot UV Front,4/4 (4 color both sides),1000,Score in Half,Slide Slits Bottom Panel,Yes 500 Envelopes A9
Majestic,Silk,8.5 x 11,Horizontal,Rectangle,16PT C2S,Spot UV,Silk,Spot UV Back,4/4 (4 color both sides),1000,Score in Half,Slide Slits Bottom Panel,Yes 500 Envelopes A9
Majestic,Silk,8.5 x 11,Vertical,Rectangle,16PT C2S,Spot UV,Silk,Spot UV Back,4/4 (4 color both sides),1000,Score in Half,Slide Slits Bottom Panel,Yes 500 Envelopes A9
Majestic,Silk,8.5 x 11,Horizontal,Rectangle,16PT C2S,Spot UV,Silk,Spot UV Both Sides,4/4 (4 color both sides),1000,Score in Half,Slide Slits Bottom Panel,Yes 500 Envelopes A9
Majestic,Silk,8.5 x 11,Vertical,Rectangle,16PT C2S,Spot UV,Silk,Spot UV Both Sides,4/4 (4 color both sides),1000,Score in Half,Slide Slits Bottom Panel,Yes 500 Envelopes A9
Majestic,Silk,8.5 x 11,Horizontal,Rectangle,16PT C2S,Spot UV,Silk,Spot UV Front,4/1,2500,Score in Half,Slide Slits Bottom Panel,Yes 500 Envelopes A9
Majestic,Silk,8.5 x 11,Vertical,Rectangle,16PT C2S,Spot UV,Silk,Spot UV Front,4/1,1000,Score in Half,No Gift Cards Slits,Yes 500 Envelopes A9
Majestic,Silk,8.5 x 11,Horizontal,Rectangle,16PT C2S,Spot UV,Silk,Spot UV Back,4/1,2500,Score in Half,Slide Slits Bottom Panel,Yes 500 Envelopes A9
Majestic,Silk,8.5 x 11,Vertical,Rectangle,16PT C2S,Spot UV,Silk,Spot UV Back,4/1,2500,Score in Half,Slide Slits Bottom Panel,Yes 500 Envelopes A9
Majestic,Silk,8.5 x 11,Horizontal,Rectangle,16PT C2S,Spot UV,Silk,Spot UV Both Sides,4/1,2500,Score in Half,Slide Slits Bottom Panel,Yes 500 Envelopes A9
Majestic,Silk,8.5 x 11,Horizontal,Rectangle,16PT C2S,Spot UV,Silk,Spot UV Front,4/4 (4 color both sides),2500,Score in Half,Slide Slits Bottom Panel,Yes 500 Envelopes A9
Majestic,Silk,8.5 x 11,Vertical,Rectangle,16PT C2S,Spot UV,Silk,Spot UV Both Sides,4/1,2500,Score in Half,Slide Slits Bottom Panel,Yes 500 Envelopes A9
Majestic,Silk,8.5 x 11,Vertical,Rectangle,16PT C2S,Spot UV,Silk,Spot UV Front,4/4 (4 color both sides),2500,Score in Half,Slide Slits Bottom Panel,Yes 500 Envelopes A9
Majestic,Silk,8.5 x 11,Horizontal,Rectangle,16PT C2S,Spot UV,Silk,Spot UV Back,4/4 (4 color both sides),2500,Score in Half,Slide Slits Bottom Panel,Yes 500 Envelopes A9
Majestic,Silk,8.5 x 11,Vertical,Rectangle,16PT C2S,Spot UV,Silk,Spot UV Back,4/4 (4 color both sides),2500,Score in Half,Slide Slits Bottom Panel,Yes 500 Envelopes A9
Majestic,Silk,8.5 x 11,Horizontal,Rectangle,16PT C2S,Spot UV,Silk,Spot UV Both Sides,4/4 (4 color both sides),2500,Score in Half,Slide Slits Bottom Panel,Yes 500 Envelopes A9
Majestic,Silk,8.5 x 11,Vertical,Rectangle,16PT C2S,Spot UV,Silk,Spot UV Both Sides,4/4 (4 color both sides),2500,Score in Half,Slide Slits Bottom Panel,Yes 500 Envelopes A9
Majestic,Silk,8.5 x 11,Horizontal,Rectangle,16PT C2S,Spot UV,Silk,Spot UV Front,4/1,5000,Score in Half,Slide Slits Bottom Panel,Yes 500 Envelopes A9
Majestic,Silk,8.5 x 11,Vertical,Rectangle,16PT C2S,Spot UV,Silk,Spot UV Front,4/1,5000,Score in Half,Slide Slits Bottom Panel,Yes 500 Envelopes A9
Majestic,Silk,8.5 x 11,Horizontal,Rectangle,16PT C2S,Spot UV,Silk,Spot UV Back,4/1,5000,Score in Half,Slide Slits Bottom Panel,Yes 500 Envelopes A9
Majestic,Silk,8.5 x 11,Vertical,Rectangle,16PT C2S,Spot UV,Silk,Spot UV Back,4/1,5000,Score in Half,Slide Slits Bottom Panel,Yes 500 Envelopes A9
Majestic,Silk,8.5 x 11,Horizontal,Rectangle,16PT C2S,Spot UV,Silk,Spot UV Both Sides,4/1,5000,Score in Half,Slide Slits Bottom Panel,Yes 500 Envelopes A9
Majestic,Silk,8.5 x 11,Vertical,Rectangle,16PT C2S,Spot UV,Silk,Spot UV Both Sides,4/1,5000,Score in Half,Slide Slits Bottom Panel,Yes 500 Envelopes A9
Majestic,Silk,8.5 x 11,Horizontal,Rectangle,16PT C2S,Spot UV,Silk,Spot UV Front,4/4 (4 color both sides),5000,Score in Half,Slide Slits Bottom Panel,Yes 500 Envelopes A9
Majestic,Silk,8.5 x 11,Vertical,Rectangle,16PT C2S,Spot UV,Silk,Spot UV Front,4/1,2500,Score in Half,Slide Slits Bottom Panel,Yes 500 Envelopes A9
Majestic,Silk,8.5 x 11,Horizontal,Rectangle,16PT C2S,Spot UV,Silk,Spot UV Back,4/4 (4 color both sides),5000,Score in Half,Slide Slits Bottom Panel,Yes 500 Envelopes A9
Majestic,Silk,8.5 x 11,Vertical,Rectangle,16PT C2S,Spot UV,Silk,Spot UV Back,4/4 (4 color both sides),5000,Score in Half,Slide Slits Bottom Panel,Yes 500 Envelopes A9
Majestic,Silk,8.5 x 11,Horizontal,Rectangle,16PT C2S,Spot UV,Silk,Spot UV Both Sides,4/4 (4 color both sides),5000,Score in Half,Slide Slits Bottom Panel,Yes 500 Envelopes A9
Majestic,Silk,8.5 x 11,Vertical,Rectangle,16PT C2S,Spot UV,Silk,Spot UV Both Sides,4/4 (4 color both sides),5000,Score in Half,Slide Slits Bottom Panel,Yes 500 Envelopes A9
Majestic,Silk,8.5 x 11,Horizontal,Rectangle,16PT C2S,Spot UV,Silk,Spot UV Front,4/1,10000,Score in Half,Slide Slits Bottom Panel,Yes 500 Envelopes A9
Majestic,Silk,8.5 x 11,Vertical,Rectangle,16PT C2S,Spot UV,Silk,Spot UV Front,4/1,10000,Score in Half,Slide Slits Bottom Panel,Yes 500 Envelopes A9
Majestic,Silk,8.5 x 11,Horizontal,Rectangle,16PT C2S,Spot UV,Silk,Spot UV Back,4/1,10000,Score in Half,Slide Slits Bottom Panel,Yes 500 Envelopes A9
Majestic,Silk,8.5 x 11,Vertical,Rectangle,16PT C2S,Spot UV,Silk,Spot UV Back,4/1,10000,Score in Half,Slide Slits Bottom Panel,Yes 500 Envelopes A9
Majestic,Silk,8.5 x 11,Horizontal,Rectangle,16PT C2S,Spot UV,Silk,Spot UV Both Sides,4/1,10000,Score in Half,Slide Slits Bottom Panel,Yes 500 Envelopes A9
Majestic,Silk,8.5 x 11,Vertical,Rectangle,16PT C2S,Spot UV,Silk,Spot UV Both Sides,4/1,10000,Score in Half,Slide Slits Bottom Panel,Yes 500 Envelopes A9
Majestic,Silk,8.5 x 11,Horizontal,Rectangle,16PT C2S,Spot UV,Silk,Spot UV Front,4/4 (4 color both sides),10000,Score in Half,Slide Slits Bottom Panel,Yes 500 Envelopes A9
Majestic,Silk,8.5 x 11,Horizontal,Rectangle,16PT C2S,Spot UV,Silk,Spot UV Back,4/4 (4 color both sides),10000,Score in Half,Slide Slits Bottom Panel,Yes 500 Envelopes A9
Majestic,Silk,8.5 x 11,Vertical,Rectangle,16PT C2S,Spot UV,Silk,Spot UV Front,4/4 (4 color both sides),10000,Score in Half,Slide Slits Bottom Panel,Yes 500 Envelopes A9
Majestic,Silk,8.5 x 11,Vertical,Rectangle,16PT C2S,Spot UV,Silk,Spot UV Back,4/4 (4 color both sides),10000,Score in Half,Slide Slits Bottom Panel,Yes 500 Envelopes A9
Majestic,Silk,8.5 x 11,Horizontal,Rectangle,16PT C2S,Spot UV,Silk,Spot UV Both Sides,4/4 (4 color both sides),10000,Score in Half,Slide Slits Bottom Panel,Yes 500 Envelopes A9
Majestic,Silk,8.5 x 11,Vertical,Rectangle,16PT C2S,Spot UV,Silk,Spot UV Both Sides,4/4 (4 color both sides),10000,Score in Half,Slide Slits Bottom Panel,Yes 500 Envelopes A9
Majestic,Silk,8.5 x 11,Horizontal,Rectangle,16PT C2S,Spot UV,Silk,Spot UV Front,4/1,500,Score in Half,Slide Slits Right Panel,Yes 500 Envelopes A9
Majestic,Silk,8.5 x 11,Vertical,Rectangle,16PT C2S,Spot UV,Silk,Spot UV Front,4/1,500,Score in Half,Slide Slits Right Panel,Yes 500 Envelopes A9
Majestic,Silk,8.5 x 11,Horizontal,Rectangle,16PT C2S,Spot UV,Silk,Spot UV Back,4/1,500,Score in Half,Slide Slits Right Panel,Yes 500 Envelopes A9
Majestic,Silk,8.5 x 11,Vertical,Rectangle,16PT C2S,Spot UV,Silk,Spot UV Back,4/1,500,Score in Half,Slide Slits Right Panel,Yes 500 Envelopes A9
Majestic,Silk,8.5 x 11,Vertical,Rectangle,16PT C2S,Spot UV,Silk,Spot UV Front,4/4 (4 color both sides),5000,Score in Half,Slide Slits Bottom Panel,Yes 500 Envelopes A9
Majestic,Silk,8.5 x 11,Horizontal,Rectangle,16PT C2S,Spot UV,Silk,Spot UV Front,4/4 (4 color both sides),500,Score in Half,Slide Slits Bottom Panel,Yes 500 Envelopes A9
Majestic,Silk,8.5 x 11,Horizontal,Rectangle,16PT C2S,Spot UV,Silk,Spot UV Front,4/4 (4 color both sides),500,Score in Half,Slide Slits Right Panel,Yes 500 Envelopes A9
Majestic,Silk,8.5 x 11,Vertical,Rectangle,16PT C2S,Spot UV,Silk,Spot UV Both Sides,4/1,500,Score in Half,Slide Slits Right Panel,Yes 500 Envelopes A9
Majestic,Silk,8.5 x 11,Horizontal,Rectangle,16PT C2S,Spot UV,Silk,Spot UV Both Sides,4/1,500,Score in Half,Slide Slits Right Panel,Yes 500 Envelopes A9
Majestic,Silk,8.5 x 11,Vertical,Rectangle,16PT C2S,Spot UV,Silk,Spot UV Back,4/4 (4 color both sides),500,Score in Half,Slide Slits Right Panel,Yes 500 Envelopes A9
Majestic,Silk,8.5 x 11,Horizontal,Rectangle,16PT C2S,Spot UV,Silk,Spot UV Both Sides,4/4 (4 color both sides),500,Score in Half,Slide Slits Right Panel,Yes 500 Envelopes A9
Majestic,Silk,8.5 x 11,Vertical,Rectangle,16PT C2S,Spot UV,Silk,Spot UV Both Sides,4/4 (4 color both sides),500,Score in Half,Slide Slits Right Panel,Yes 500 Envelopes A9
Majestic,Silk,8.5 x 11,Horizontal,Rectangle,16PT C2S,Spot UV,Silk,Spot UV Front,4/1,1000,Score in Half,Slide Slits Right Panel,Yes 500 Envelopes A9
Majestic,Silk,8.5 x 11,Vertical,Rectangle,16PT C2S,Spot UV,Silk,Spot UV Front,4/1,1000,Score in Half,Slide Slits Right Panel,Yes 500 Envelopes A9
Majestic,Silk,8.5 x 11,Horizontal,Rectangle,16PT C2S,Spot UV,Silk,Spot UV Back,4/4 (4 color both sides),500,Score in Half,Slide Slits Right Panel,Yes 500 Envelopes A9
Majestic,Silk,8.5 x 11,Horizontal,Rectangle,16PT C2S,Spot UV,Silk,Spot UV Front,4/1,5000,Score in Half,No Gift Cards Slits,Yes 500 Envelopes A9
Majestic,Silk,8.5 x 11,Horizontal,Rectangle,16PT C2S,Spot UV,Silk,Spot UV Both Sides,4/1,1000,Score in Half,Slide Slits Right Panel,Yes 500 Envelopes A9
Majestic,Silk,8.5 x 11,Vertical,Rectangle,16PT C2S,Spot UV,Silk,Spot UV Both Sides,4/1,1000,Score in Half,Slide Slits Right Panel,Yes 500 Envelopes A9
Majestic,Silk,8.5 x 11,Vertical,Rectangle,16PT C2S,Spot UV,Silk,Spot UV Back,4/1,1000,Score in Half,Slide Slits Right Panel,Yes 500 Envelopes A9
Majestic,Silk,8.5 x 11,Vertical,Rectangle,16PT C2S,Spot UV,Silk,Spot UV Front,4/4 (4 color both sides),1000,Score in Half,Slide Slits Right Panel,Yes 500 Envelopes A9
Majestic,Silk,8.5 x 11,Horizontal,Rectangle,16PT C2S,Spot UV,Silk,Spot UV Back,4/4 (4 color both sides),1000,Score in Half,Slide Slits Right Panel,Yes 500 Envelopes A9
Majestic,Silk,8.5 x 11,Vertical,Rectangle,16PT C2S,Spot UV,Silk,Spot UV Back,4/4 (4 color both sides),1000,Score in Half,Slide Slits Right Panel,Yes 500 Envelopes A9
Majestic,Silk,8.5 x 11,Horizontal,Rectangle,16PT C2S,Spot UV,Silk,Spot UV Both Sides,4/4 (4 color both sides),1000,Score in Half,Slide Slits Right Panel,Yes 500 Envelopes A9
Majestic,Silk,8.5 x 11,Vertical,Rectangle,16PT C2S,Spot UV,Silk,Spot UV Both Sides,4/4 (4 color both sides),1000,Score in Half,Slide Slits Right Panel,Yes 500 Envelopes A9
Majestic,Silk,8.5 x 11,Horizontal,Rectangle,16PT C2S,Spot UV,Silk,Spot UV Front,4/1,2500,Score in Half,Slide Slits Right Panel,Yes 500 Envelopes A9
Majestic,Silk,8.5 x 11,Vertical,Rectangle,16PT C2S,Spot UV,Silk,Spot UV Front,4/1,2500,Score in Half,Slide Slits Right Panel,Yes 500 Envelopes A9
Majestic,Silk,8.5 x 11,Horizontal,Rectangle,16PT C2S,Spot UV,Silk,Spot UV Back,4/1,2500,Score in Half,Slide Slits Right Panel,Yes 500 Envelopes A9
Majestic,Silk,8.5 x 11,Vertical,Rectangle,16PT C2S,Spot UV,Silk,Spot UV Back,4/1,2500,Score in Half,Slide Slits Right Panel,Yes 500 Envelopes A9
Majestic,Silk,8.5 x 11,Horizontal,Rectangle,16PT C2S,Spot UV,Silk,Spot UV Both Sides,4/1,2500,Score in Half,Slide Slits Right Panel,Yes 500 Envelopes A9
Majestic,Silk,8.5 x 11,Horizontal,Rectangle,16PT C2S,Spot UV,Silk,Spot UV Back,4/1,1000,Score in Half,Slide Slits Right Panel,Yes 500 Envelopes A9
Majestic,Silk,8.5 x 11,Vertical,Rectangle,16PT C2S,Spot UV,Silk,Spot UV Front,4/4 (4 color both sides),2500,Score in Half,Slide Slits Right Panel,Yes 500 Envelopes A9
Majestic,Silk,8.5 x 11,Horizontal,Rectangle,16PT C2S,Spot UV,Silk,Spot UV Front,4/4 (4 color both sides),2500,Score in Half,Slide Slits Right Panel,Yes 500 Envelopes A9
Majestic,Silk,8.5 x 11,Horizontal,Rectangle,16PT C2S,Spot UV,Silk,Spot UV Back,4/4 (4 color both sides),2500,Score in Half,Slide Slits Right Panel,Yes 500 Envelopes A9
Majestic,Silk,8.5 x 11,Vertical,Rectangle,16PT C2S,Spot UV,Silk,Spot UV Back,4/4 (4 color both sides),2500,Score in Half,Slide Slits Right Panel,Yes 500 Envelopes A9
Majestic,Silk,8.5 x 11,Horizontal,Rectangle,16PT C2S,Spot UV,Silk,Spot UV Both Sides,4/4 (4 color both sides),2500,Score in Half,Slide Slits Right Panel,Yes 500 Envelopes A9
Majestic,Silk,8.5 x 11,Horizontal,Rectangle,16PT C2S,Spot UV,Silk,Spot UV Front,4/1,5000,Score in Half,Slide Slits Right Panel,Yes 500 Envelopes A9
Majestic,Silk,8.5 x 11,Vertical,Rectangle,16PT C2S,Spot UV,Silk,Spot UV Both Sides,4/4 (4 color both sides),2500,Score in Half,Slide Slits Right Panel,Yes 500 Envelopes A9
Majestic,Silk,8.5 x 11,Vertical,Rectangle,16PT C2S,Spot UV,Silk,Spot UV Front,4/1,5000,Score in Half,Slide Slits Right Panel,Yes 500 Envelopes A9
Majestic,Silk,8.5 x 11,Horizontal,Rectangle,16PT C2S,Spot UV,Silk,Spot UV Back,4/1,5000,Score in Half,Slide Slits Right Panel,Yes 500 Envelopes A9
Majestic,Silk,8.5 x 11,Horizontal,Rectangle,16PT C2S,Spot UV,Silk,Spot UV Front,4/4 (4 color both sides),1000,Score in Half,Slide Slits Right Panel,Yes 500 Envelopes A9
Majestic,Silk,8.5 x 11,Horizontal,Rectangle,16PT C2S,Spot UV,Silk,Spot UV Both Sides,4/1,5000,Score in Half,Slide Slits Right Panel,Yes 500 Envelopes A9
Majestic,Silk,8.5 x 11,Vertical,Rectangle,16PT C2S,Spot UV,Silk,Spot UV Both Sides,4/1,2500,Score in Half,Slide Slits Right Panel,Yes 500 Envelopes A9
Majestic,Silk,8.5 x 11,Horizontal,Rectangle,16PT C2S,Spot UV,Silk,Spot UV Front,4/4 (4 color both sides),5000,Score in Half,Slide Slits Right Panel,Yes 500 Envelopes A9
Majestic,Silk,8.5 x 11,Vertical,Rectangle,16PT C2S,Spot UV,Silk,Spot UV Front,4/4 (4 color both sides),5000,Score in Half,Slide Slits Right Panel,Yes 500 Envelopes A9
Majestic,Silk,8.5 x 11,Horizontal,Rectangle,16PT C2S,Spot UV,Silk,Spot UV Back,4/4 (4 color both sides),5000,Score in Half,Slide Slits Right Panel,Yes 500 Envelopes A9
Majestic,Silk,8.5 x 11,Vertical,Rectangle,16PT C2S,Spot UV,Silk,Spot UV Back,4/4 (4 color both sides),5000,Score in Half,Slide Slits Right Panel,Yes 500 Envelopes A9
Majestic,Silk,8.5 x 11,Vertical,Rectangle,16PT C2S,Spot UV,Silk,Spot UV Front,4/4 (4 color both sides),500,Score in Half,Slide Slits Right Panel,Yes 500 Envelopes A9
Majestic,Silk,8.5 x 11,Vertical,Rectangle,16PT C2S,Spot UV,Silk,Spot UV Both Sides,4/4 (4 color both sides),5000,Score in Half,Slide Slits Right Panel,Yes 500 Envelopes A9
Majestic,Silk,8.5 x 11,Horizontal,Rectangle,16PT C2S,Spot UV,Silk,Spot UV Front,4/1,10000,Score in Half,Slide Slits Right Panel,Yes 500 Envelopes A9
Majestic,Silk,8.5 x 11,Vertical,Rectangle,16PT C2S,Spot UV,Silk,Spot UV Front,4/1,10000,Score in Half,Slide Slits Right Panel,Yes 500 Envelopes A9
Majestic,Silk,8.5 x 11,Horizontal,Rectangle,16PT C2S,Spot UV,Silk,Spot UV Back,4/1,10000,Score in Half,Slide Slits Right Panel,Yes 500 Envelopes A9
Majestic,Silk,8.5 x 11,Horizontal,Rectangle,16PT C2S,Spot UV,Silk,Spot UV Both Sides,4/1,10000,Score in Half,Slide Slits Right Panel,Yes 500 Envelopes A9
Majestic,Silk,8.5 x 11,Vertical,Rectangle,16PT C2S,Spot UV,Silk,Spot UV Back,4/1,10000,Score in Half,Slide Slits Right Panel,Yes 500 Envelopes A9
Majestic,Silk,8.5 x 11,Vertical,Rectangle,16PT C2S,Spot UV,Silk,Spot UV Both Sides,4/1,10000,Score in Half,Slide Slits Right Panel,Yes 500 Envelopes A9
Majestic,Silk,8.5 x 11,Vertical,Rectangle,16PT C2S,Spot UV,Silk,Spot UV Back,4/1,5000,Score in Half,Slide Slits Right Panel,Yes 500 Envelopes A9
Majestic,Silk,8.5 x 11,Vertical,Rectangle,16PT C2S,Spot UV,Silk,Spot UV Front,4/4 (4 color both sides),10000,Score in Half,Slide Slits Right Panel,Yes 500 Envelopes A9
Majestic,Silk,8.5 x 11,Horizontal,Rectangle,16PT C2S,Spot UV,Silk,Spot UV Back,4/4 (4 color both sides),10000,Score in Half,Slide Slits Right Panel,Yes 500 Envelopes A9
Majestic,Silk,8.5 x 11,Vertical,Rectangle,16PT C2S,Spot UV,Silk,Spot UV Back,4/4 (4 color both sides),10000,Score in Half,Slide Slits Right Panel,Yes 500 Envelopes A9
Majestic,Silk,8.5 x 11,Horizontal,Rectangle,16PT C2S,Spot UV,Silk,Spot UV Both Sides,4/4 (4 color both sides),10000,Score in Half,Slide Slits Right Panel,Yes 500 Envelopes A9
Majestic,Silk,8.5 x 11,Vertical,Rectangle,16PT C2S,Spot UV,Silk,Spot UV Both Sides,4/4 (4 color both sides),10000,Score in Half,Slide Slits Right Panel,Yes 500 Envelopes A9
Majestic,Silk,8.5 x 11,Horizontal,Rectangle,16PT C2S,Spot UV,Silk,Spot UV Front,4/1,500,Score in Half,Moon Slits Bottom Panel,Yes 1000 Envelopes A9
Majestic,Silk,8.5 x 11,Vertical,Rectangle,16PT C2S,Spot UV,Silk,Spot UV Front,4/1,500,Score in Half,Moon Slits Bottom Panel,Yes 1000 Envelopes A9
Majestic,Silk,8.5 x 11,Horizontal,Rectangle,16PT C2S,Spot UV,Silk,Spot UV Back,4/1,500,Score in Half,Moon Slits Bottom Panel,Yes 1000 Envelopes A9
Majestic,Silk,8.5 x 11,Vertical,Rectangle,16PT C2S,Spot UV,Silk,Spot UV Back,4/1,500,Score in Half,Moon Slits Bottom Panel,Yes 1000 Envelopes A9
Majestic,Silk,8.5 x 11,Horizontal,Rectangle,16PT C2S,Spot UV,Silk,Spot UV Both Sides,4/4 (4 color both sides),5000,Score in Half,Slide Slits Right Panel,Yes 500 Envelopes A9
Majestic,Silk,8.5 x 11,Vertical,Rectangle,16PT C2S,Spot UV,Silk,Spot UV Both Sides,4/1,500,Score in Half,Moon Slits Bottom Panel,Yes 1000 Envelopes A9
Majestic,Silk,8.5 x 11,Horizontal,Rectangle,16PT C2S,Spot UV,Silk,Spot UV Front,4/4 (4 color both sides),500,Score in Half,Moon Slits Bottom Panel,Yes 1000 Envelopes A9
Majestic,Silk,8.5 x 11,Vertical,Rectangle,16PT C2S,Spot UV,Silk,Spot UV Front,4/4 (4 color both sides),500,Score in Half,Moon Slits Bottom Panel,Yes 1000 Envelopes A9
Majestic,Silk,8.5 x 11,Horizontal,Rectangle,16PT C2S,Spot UV,Silk,Spot UV Back,4/4 (4 color both sides),500,Score in Half,Moon Slits Bottom Panel,Yes 1000 Envelopes A9
Majestic,Silk,8.5 x 11,Horizontal,Rectangle,16PT C2S,Spot UV,Silk,Spot UV Both Sides,4/4 (4 color both sides),500,Score in Half,Moon Slits Bottom Panel,Yes 1000 Envelopes A9
Majestic,Silk,8.5 x 11,Vertical,Rectangle,16PT C2S,Spot UV,Silk,Spot UV Back,4/4 (4 color both sides),500,Score in Half,Moon Slits Bottom Panel,Yes 1000 Envelopes A9
Majestic,Silk,8.5 x 11,Vertical,Rectangle,16PT C2S,Spot UV,Silk,Spot UV Both Sides,4/4 (4 color both sides),500,Score in Half,Moon Slits Bottom Panel,Yes 1000 Envelopes A9
Majestic,Silk,8.5 x 11,Horizontal,Rectangle,16PT C2S,Spot UV,Silk,Spot UV Front,4/1,1000,Score in Half,Moon Slits Bottom Panel,Yes 1000 Envelopes A9
Majestic,Silk,8.5 x 11,Vertical,Rectangle,16PT C2S,Spot UV,Silk,Spot UV Front,4/1,1000,Score in Half,Moon Slits Bottom Panel,Yes 1000 Envelopes A9
Majestic,Silk,8.5 x 11,Vertical,Rectangle,16PT C2S,Spot UV,Silk,Spot UV Back,4/1,1000,Score in Half,Moon Slits Bottom Panel,Yes 1000 Envelopes A9
Majestic,Silk,8.5 x 11,Horizontal,Rectangle,16PT C2S,Spot UV,Silk,Spot UV Back,4/1,1000,Score in Half,Moon Slits Bottom Panel,Yes 1000 Envelopes A9
Majestic,Silk,8.5 x 11,Horizontal,Rectangle,16PT C2S,Spot UV,Silk,Spot UV Both Sides,4/1,1000,Score in Half,Moon Slits Bottom Panel,Yes 1000 Envelopes A9
Majestic,Silk,8.5 x 11,Vertical,Rectangle,16PT C2S,Spot UV,Silk,Spot UV Both Sides,4/1,1000,Score in Half,Moon Slits Bottom Panel,Yes 1000 Envelopes A9
Majestic,Silk,8.5 x 11,Vertical,Rectangle,16PT C2S,Spot UV,Silk,Spot UV Front,4/4 (4 color both sides),1000,Score in Half,Moon Slits Bottom Panel,Yes 1000 Envelopes A9
Majestic,Silk,8.5 x 11,Horizontal,Rectangle,16PT C2S,Spot UV,Silk,Spot UV Front,4/4 (4 color both sides),1000,Score in Half,Moon Slits Bottom Panel,Yes 1000 Envelopes A9
Majestic,Silk,8.5 x 11,Horizontal,Rectangle,16PT C2S,Spot UV,Silk,Spot UV Back,4/4 (4 color both sides),1000,Score in Half,Moon Slits Bottom Panel,Yes 1000 Envelopes A9
Majestic,Silk,8.5 x 11,Vertical,Rectangle,16PT C2S,Spot UV,Silk,Spot UV Back,4/4 (4 color both sides),1000,Score in Half,Moon Slits Bottom Panel,Yes 1000 Envelopes A9
Majestic,Silk,8.5 x 11,Vertical,Rectangle,16PT C2S,Spot UV,Silk,Spot UV Both Sides,4/4 (4 color both sides),1000,Score in Half,Moon Slits Bottom Panel,Yes 1000 Envelopes A9
Majestic,Silk,8.5 x 11,Horizontal,Rectangle,16PT C2S,Spot UV,Silk,Spot UV Both Sides,4/4 (4 color both sides),1000,Score in Half,Moon Slits Bottom Panel,Yes 1000 Envelopes A9
Majestic,Silk,8.5 x 11,Horizontal,Rectangle,16PT C2S,Spot UV,Silk,Spot UV Front,4/1,2500,Score in Half,Moon Slits Bottom Panel,Yes 1000 Envelopes A9
Majestic,Silk,8.5 x 11,Vertical,Rectangle,16PT C2S,Spot UV,Silk,Spot UV Front,4/1,2500,Score in Half,Moon Slits Bottom Panel,Yes 1000 Envelopes A9
Majestic,Silk,8.5 x 11,Horizontal,Rectangle,16PT C2S,Spot UV,Silk,Spot UV Back,4/1,2500,Score in Half,Moon Slits Bottom Panel,Yes 1000 Envelopes A9
Majestic,Silk,8.5 x 11,Vertical,Rectangle,16PT C2S,Spot UV,Silk,Spot UV Back,4/1,2500,Score in Half,Moon Slits Bottom Panel,Yes 1000 Envelopes A9
Majestic,Silk,8.5 x 11,Horizontal,Rectangle,16PT C2S,Spot UV,Silk,Spot UV Both Sides,4/1,2500,Score in Half,Moon Slits Bottom Panel,Yes 1000 Envelopes A9
Majestic,Silk,8.5 x 11,Vertical,Rectangle,16PT C2S,Spot UV,Silk,Spot UV Both Sides,4/1,2500,Score in Half,Moon Slits Bottom Panel,Yes 1000 Envelopes A9
Majestic,Silk,8.5 x 11,Horizontal,Rectangle,16PT C2S,Spot UV,Silk,Spot UV Front,4/4 (4 color both sides),2500,Score in Half,Moon Slits Bottom Panel,Yes 1000 Envelopes A9
Majestic,Silk,8.5 x 11,Horizontal,Rectangle,16PT C2S,Spot UV,Silk,Spot UV Back,4/4 (4 color both sides),2500,Score in Half,Moon Slits Bottom Panel,Yes 1000 Envelopes A9
Majestic,Silk,8.5 x 11,Vertical,Rectangle,16PT C2S,Spot UV,Silk,Spot UV Front,4/4 (4 color both sides),2500,Score in Half,Moon Slits Bottom Panel,Yes 1000 Envelopes A9
Majestic,Silk,8.5 x 11,Vertical,Rectangle,16PT C2S,Spot UV,Silk,Spot UV Back,4/4 (4 color both sides),2500,Score in Half,Moon Slits Bottom Panel,Yes 1000 Envelopes A9
Majestic,Silk,8.5 x 11,Horizontal,Rectangle,16PT C2S,Spot UV,Silk,Spot UV Both Sides,4/4 (4 color both sides),2500,Score in Half,Moon Slits Bottom Panel,Yes 1000 Envelopes A9
Majestic,Silk,8.5 x 11,Vertical,Rectangle,16PT C2S,Spot UV,Silk,Spot UV Both Sides,4/4 (4 color both sides),2500,Score in Half,Moon Slits Bottom Panel,Yes 1000 Envelopes A9
Majestic,Silk,8.5 x 11,Vertical,Rectangle,16PT C2S,Spot UV,Silk,Spot UV Front,4/1,5000,Score in Half,Moon Slits Bottom Panel,Yes 1000 Envelopes A9
Majestic,Silk,8.5 x 11,Horizontal,Rectangle,16PT C2S,Spot UV,Silk,Spot UV Front,4/1,5000,Score in Half,Moon Slits Bottom Panel,Yes 1000 Envelopes A9
Majestic,Silk,8.5 x 11,Horizontal,Rectangle,16PT C2S,Spot UV,Silk,Spot UV Back,4/1,5000,Score in Half,Moon Slits Bottom Panel,Yes 1000 Envelopes A9
Majestic,Silk,8.5 x 11,Vertical,Rectangle,16PT C2S,Spot UV,Silk,Spot UV Back,4/1,5000,Score in Half,Moon Slits Bottom Panel,Yes 1000 Envelopes A9
Majestic,Silk,8.5 x 11,Horizontal,Rectangle,16PT C2S,Spot UV,Silk,Spot UV Both Sides,4/1,5000,Score in Half,Moon Slits Bottom Panel,Yes 1000 Envelopes A9
Majestic,Silk,8.5 x 11,Vertical,Rectangle,16PT C2S,Spot UV,Silk,Spot UV Both Sides,4/1,5000,Score in Half,Moon Slits Bottom Panel,Yes 1000 Envelopes A9
Majestic,Silk,8.5 x 11,Horizontal,Rectangle,16PT C2S,Spot UV,Silk,Spot UV Front,4/4 (4 color both sides),5000,Score in Half,Moon Slits Bottom Panel,Yes 1000 Envelopes A9
Majestic,Silk,8.5 x 11,Horizontal,Rectangle,16PT C2S,Spot UV,Silk,Spot UV Back,4/4 (4 color both sides),5000,Score in Half,Moon Slits Bottom Panel,Yes 1000 Envelopes A9
Majestic,Silk,8.5 x 11,Vertical,Rectangle,16PT C2S,Spot UV,Silk,Spot UV Front,4/4 (4 color both sides),5000,Score in Half,Moon Slits Bottom Panel,Yes 1000 Envelopes A9
Majestic,Silk,8.5 x 11,Vertical,Rectangle,16PT C2S,Spot UV,Silk,Spot UV Back,4/4 (4 color both sides),5000,Score in Half,Moon Slits Bottom Panel,Yes 1000 Envelopes A9
Majestic,Silk,8.5 x 11,Horizontal,Rectangle,16PT C2S,Spot UV,Silk,Spot UV Both Sides,4/4 (4 color both sides),5000,Score in Half,Moon Slits Bottom Panel,Yes 1000 Envelopes A9
Majestic,Silk,8.5 x 11,Vertical,Rectangle,16PT C2S,Spot UV,Silk,Spot UV Front,4/1,10000,Score in Half,Moon Slits Bottom Panel,Yes 1000 Envelopes A9
Majestic,Silk,8.5 x 11,Horizontal,Rectangle,16PT C2S,Spot UV,Silk,Spot UV Back,4/1,10000,Score in Half,Moon Slits Bottom Panel,Yes 1000 Envelopes A9
Majestic,Silk,8.5 x 11,Vertical,Rectangle,16PT C2S,Spot UV,Silk,Spot UV Back,4/1,10000,Score in Half,Moon Slits Bottom Panel,Yes 1000 Envelopes A9
Majestic,Silk,8.5 x 11,Vertical,Rectangle,16PT C2S,Spot UV,Silk,Spot UV Both Sides,4/4 (4 color both sides),5000,Score in Half,Moon Slits Bottom Panel,Yes 1000 Envelopes A9
Majestic,Silk,8.5 x 11,Horizontal,Rectangle,16PT C2S,Spot UV,Silk,Spot UV Front,4/1,10000,Score in Half,Moon Slits Bottom Panel,Yes 1000 Envelopes A9
Majestic,Silk,8.5 x 11,Horizontal,Rectangle,16PT C2S,Spot UV,Silk,Spot UV Both Sides,4/1,10000,Score in Half,Moon Slits Bottom Panel,Yes 1000 Envelopes A9
Majestic,Silk,8.5 x 11,Vertical,Rectangle,16PT C2S,Spot UV,Silk,Spot UV Both Sides,4/1,10000,Score in Half,Moon Slits Bottom Panel,Yes 1000 Envelopes A9
Majestic,Silk,8.5 x 11,Horizontal,Rectangle,16PT C2S,Spot UV,Silk,Spot UV Front,4/4 (4 color both sides),10000,Score in Half,Moon Slits Bottom Panel,Yes 1000 Envelopes A9
Majestic,Silk,8.5 x 11,Horizontal,Rectangle,16PT C2S,Spot UV,Silk,Spot UV Back,4/4 (4 color both sides),10000,Score in Half,Moon Slits Bottom Panel,Yes 1000 Envelopes A9
Majestic,Silk,8.5 x 11,Vertical,Rectangle,16PT C2S,Spot UV,Silk,Spot UV Front,4/4 (4 color both sides),10000,Score in Half,Moon Slits Bottom Panel,Yes 1000 Envelopes A9
Majestic,Silk,8.5 x 11,Vertical,Rectangle,16PT C2S,Spot UV,Silk,Spot UV Back,4/4 (4 color both sides),10000,Score in Half,Moon Slits Bottom Panel,Yes 1000 Envelopes A9
Majestic,Silk,8.5 x 11,Horizontal,Rectangle,16PT C2S,Spot UV,Silk,Spot UV Both Sides,4/4 (4 color both sides),10000,Score in Half,Moon Slits Bottom Panel,Yes 1000 Envelopes A9
Majestic,Silk,8.5 x 11,Vertical,Rectangle,16PT C2S,Spot UV,Silk,Spot UV Both Sides,4/4 (4 color both sides),10000,Score in Half,Moon Slits Bottom Panel,Yes 1000 Envelopes A9
Majestic,Silk,8.5 x 11,Horizontal,Rectangle,16PT C2S,Spot UV,Silk,Spot UV Front,4/1,500,Score in Half,Moon Slits Right Panel,Yes 1000 Envelopes A9
Majestic,Silk,8.5 x 11,Vertical,Rectangle,16PT C2S,Spot UV,Silk,Spot UV Front,4/1,500,Score in Half,Moon Slits Right Panel,Yes 1000 Envelopes A9
Majestic,Silk,8.5 x 11,Horizontal,Rectangle,16PT C2S,Spot UV,Silk,Spot UV Back,4/1,500,Score in Half,Moon Slits Right Panel,Yes 1000 Envelopes A9
Majestic,Silk,8.5 x 11,Vertical,Rectangle,16PT C2S,Spot UV,Silk,Spot UV Back,4/1,500,Score in Half,Moon Slits Right Panel,Yes 1000 Envelopes A9
Majestic,Silk,8.5 x 11,Vertical,Rectangle,16PT C2S,Spot UV,Silk,Spot UV Both Sides,4/1,500,Score in Half,Moon Slits Right Panel,Yes 1000 Envelopes A9
Majestic,Silk,8.5 x 11,Horizontal,Rectangle,16PT C2S,Spot UV,Silk,Spot UV Both Sides,4/1,500,Score in Half,Moon Slits Right Panel,Yes 1000 Envelopes A9
Majestic,Silk,8.5 x 11,Horizontal,Rectangle,16PT C2S,Spot UV,Silk,Spot UV Front,4/4 (4 color both sides),500,Score in Half,Moon Slits Right Panel,Yes 1000 Envelopes A9
Majestic,Silk,8.5 x 11,Vertical,Rectangle,16PT C2S,Spot UV,Silk,Spot UV Front,4/4 (4 color both sides),500,Score in Half,Moon Slits Right Panel,Yes 1000 Envelopes A9
Majestic,Silk,8.5 x 11,Horizontal,Rectangle,16PT C2S,Spot UV,Silk,Spot UV Back,4/4 (4 color both sides),500,Score in Half,Moon Slits Right Panel,Yes 1000 Envelopes A9
Majestic,Silk,8.5 x 11,Vertical,Rectangle,16PT C2S,Spot UV,Silk,Spot UV Back,4/4 (4 color both sides),500,Score in Half,Moon Slits Right Panel,Yes 1000 Envelopes A9
Majestic,Silk,8.5 x 11,Horizontal,Rectangle,16PT C2S,Spot UV,Silk,Spot UV Both Sides,4/4 (4 color both sides),500,Score in Half,Moon Slits Right Panel,Yes 1000 Envelopes A9
Majestic,Silk,8.5 x 11,Horizontal,Rectangle,16PT C2S,Spot UV,Silk,Spot UV Front,4/1,1000,Score in Half,Moon Slits Right Panel,Yes 1000 Envelopes A9
Majestic,Silk,8.5 x 11,Vertical,Rectangle,16PT C2S,Spot UV,Silk,Spot UV Front,4/1,1000,Score in Half,Moon Slits Right Panel,Yes 1000 Envelopes A9
Majestic,Silk,8.5 x 11,Vertical,Rectangle,16PT C2S,Spot UV,Silk,Spot UV Both Sides,4/4 (4 color both sides),500,Score in Half,Moon Slits Right Panel,Yes 1000 Envelopes A9
Majestic,Silk,8.5 x 11,Horizontal,Rectangle,16PT C2S,Spot UV,Silk,Spot UV Back,4/1,1000,Score in Half,Moon Slits Right Panel,Yes 1000 Envelopes A9
Majestic,Silk,8.5 x 11,Vertical,Rectangle,16PT C2S,Spot UV,Silk,Spot UV Back,4/1,1000,Score in Half,Moon Slits Right Panel,Yes 1000 Envelopes A9
Majestic,Silk,8.5 x 11,Horizontal,Rectangle,16PT C2S,Spot UV,Silk,Spot UV Both Sides,4/1,1000,Score in Half,Moon Slits Right Panel,Yes 1000 Envelopes A9
Majestic,Silk,8.5 x 11,Vertical,Rectangle,16PT C2S,Spot UV,Silk,Spot UV Both Sides,4/1,1000,Score in Half,Moon Slits Right Panel,Yes 1000 Envelopes A9
Majestic,Silk,8.5 x 11,Horizontal,Rectangle,16PT C2S,Spot UV,Silk,Spot UV Front,4/4 (4 color both sides),1000,Score in Half,Moon Slits Right Panel,Yes 1000 Envelopes A9
Majestic,Silk,8.5 x 11,Vertical,Rectangle,16PT C2S,Spot UV,Silk,Spot UV Front,4/4 (4 color both sides),1000,Score in Half,Moon Slits Right Panel,Yes 1000 Envelopes A9
Majestic,Silk,8.5 x 11,Vertical,Rectangle,16PT C2S,Spot UV,Silk,Spot UV Back,4/4 (4 color both sides),1000,Score in Half,Moon Slits Right Panel,Yes 1000 Envelopes A9
Majestic,Silk,8.5 x 11,Horizontal,Rectangle,16PT C2S,Spot UV,Silk,Spot UV Both Sides,4/4 (4 color both sides),1000,Score in Half,Moon Slits Right Panel,Yes 1000 Envelopes A9
Majestic,Silk,8.5 x 11,Horizontal,Rectangle,16PT C2S,Spot UV,Silk,Spot UV Front,4/4 (4 color both sides),10000,Score in Half,Slide Slits Right Panel,Yes 500 Envelopes A9
Majestic,Silk,8.5 x 11,Horizontal,Rectangle,16PT C2S,Spot UV,Silk,Spot UV Front,4/1,2500,Score in Half,Moon Slits Right Panel,Yes 1000 Envelopes A9
Majestic,Silk,8.5 x 11,Vertical,Rectangle,16PT C2S,Spot UV,Silk,Spot UV Front,4/1,2500,Score in Half,Moon Slits Right Panel,Yes 1000 Envelopes A9
Majestic,Silk,8.5 x 11,Horizontal,Rectangle,16PT C2S,Spot UV,Silk,Spot UV Back,4/1,2500,Score in Half,Moon Slits Right Panel,Yes 1000 Envelopes A9
Majestic,Silk,8.5 x 11,Vertical,Rectangle,16PT C2S,Spot UV,Silk,Spot UV Back,4/1,2500,Score in Half,Moon Slits Right Panel,Yes 1000 Envelopes A9
Majestic,Silk,8.5 x 11,Horizontal,Rectangle,16PT C2S,Spot UV,Silk,Spot UV Both Sides,4/1,500,Score in Half,Moon Slits Bottom Panel,Yes 1000 Envelopes A9
Majestic,Silk,8.5 x 11,Vertical,Rectangle,16PT C2S,Spot UV,Silk,Spot UV Both Sides,4/1,2500,Score in Half,Moon Slits Right Panel,Yes 1000 Envelopes A9
Majestic,Silk,8.5 x 11,Horizontal,Rectangle,16PT C2S,Spot UV,Silk,Spot UV Front,4/4 (4 color both sides),2500,Score in Half,Moon Slits Right Panel,Yes 1000 Envelopes A9
Majestic,Silk,8.5 x 11,Horizontal,Rectangle,16PT C2S,Spot UV,Silk,Spot UV Back,4/4 (4 color both sides),2500,Score in Half,Moon Slits Right Panel,Yes 1000 Envelopes A9
Majestic,Silk,8.5 x 11,Horizontal,Rectangle,16PT C2S,Spot UV,Silk,Spot UV Back,4/4 (4 color both sides),1000,Score in Half,Moon Slits Right Panel,Yes 1000 Envelopes A9
Majestic,Silk,8.5 x 11,Horizontal,Rectangle,16PT C2S,Spot UV,Silk,Spot UV Both Sides,4/4 (4 color both sides),2500,Score in Half,Moon Slits Right Panel,Yes 1000 Envelopes A9
Majestic,Silk,8.5 x 11,Vertical,Rectangle,16PT C2S,Spot UV,Silk,Spot UV Back,4/4 (4 color both sides),2500,Score in Half,Moon Slits Right Panel,Yes 1000 Envelopes A9
Majestic,Silk,8.5 x 11,Vertical,Rectangle,16PT C2S,Spot UV,Silk,Spot UV Front,4/4 (4 color both sides),2500,Score in Half,Moon Slits Right Panel,Yes 1000 Envelopes A9
Majestic,Silk,8.5 x 11,Horizontal,Rectangle,16PT C2S,Spot UV,Silk,Spot UV Front,4/1,5000,Score in Half,Moon Slits Right Panel,Yes 1000 Envelopes A9
Majestic,Silk,8.5 x 11,Vertical,Rectangle,16PT C2S,Spot UV,Silk,Spot UV Front,4/1,5000,Score in Half,Moon Slits Right Panel,Yes 1000 Envelopes A9
Majestic,Silk,8.5 x 11,Horizontal,Rectangle,16PT C2S,Spot UV,Silk,Spot UV Back,4/1,5000,Score in Half,Moon Slits Right Panel,Yes 1000 Envelopes A9
Majestic,Silk,8.5 x 11,Vertical,Rectangle,16PT C2S,Spot UV,Silk,Spot UV Both Sides,4/4 (4 color both sides),2500,Score in Half,Moon Slits Right Panel,Yes 1000 Envelopes A9
Majestic,Silk,8.5 x 11,Vertical,Rectangle,16PT C2S,Spot UV,Silk,Spot UV Back,4/1,5000,Score in Half,Moon Slits Right Panel,Yes 1000 Envelopes A9
Majestic,Silk,8.5 x 11,Horizontal,Rectangle,16PT C2S,Spot UV,Silk,Spot UV Both Sides,4/1,5000,Score in Half,Moon Slits Right Panel,Yes 1000 Envelopes A9
Majestic,Silk,8.5 x 11,Horizontal,Rectangle,16PT C2S,Spot UV,Silk,Spot UV Front,4/4 (4 color both sides),5000,Score in Half,Moon Slits Right Panel,Yes 1000 Envelopes A9
Majestic,Silk,8.5 x 11,Vertical,Rectangle,16PT C2S,Spot UV,Silk,Spot UV Both Sides,4/1,5000,Score in Half,Moon Slits Right Panel,Yes 1000 Envelopes A9
Majestic,Silk,8.5 x 11,Vertical,Rectangle,16PT C2S,Spot UV,Silk,Spot UV Front,4/4 (4 color both sides),5000,Score in Half,Moon Slits Right Panel,Yes 1000 Envelopes A9
Majestic,Silk,8.5 x 11,Horizontal,Rectangle,16PT C2S,Spot UV,Silk,Spot UV Back,4/4 (4 color both sides),5000,Score in Half,Moon Slits Right Panel,Yes 1000 Envelopes A9
Majestic,Silk,8.5 x 11,Horizontal,Rectangle,16PT C2S,Spot UV,Silk,Spot UV Front,4/1,10000,Score in Half,Moon Slits Right Panel,Yes 1000 Envelopes A9
Majestic,Silk,8.5 x 11,Vertical,Rectangle,16PT C2S,Spot UV,Silk,Spot UV Back,4/4 (4 color both sides),5000,Score in Half,Moon Slits Right Panel,Yes 1000 Envelopes A9
Majestic,Silk,8.5 x 11,Vertical,Rectangle,16PT C2S,Spot UV,Silk,Spot UV Both Sides,4/4 (4 color both sides),5000,Score in Half,Moon Slits Right Panel,Yes 1000 Envelopes A9
Majestic,Silk,8.5 x 11,Horizontal,Rectangle,16PT C2S,Spot UV,Silk,Spot UV Both Sides,4/1,2500,Score in Half,Moon Slits Right Panel,Yes 1000 Envelopes A9
Majestic,Silk,8.5 x 11,Vertical,Rectangle,16PT C2S,Spot UV,Silk,Spot UV Front,4/1,10000,Score in Half,Moon Slits Right Panel,Yes 1000 Envelopes A9
Majestic,Silk,8.5 x 11,Horizontal,Rectangle,16PT C2S,Spot UV,Silk,Spot UV Back,4/1,10000,Score in Half,Moon Slits Right Panel,Yes 1000 Envelopes A9
Majestic,Silk,8.5 x 11,Vertical,Rectangle,16PT C2S,Spot UV,Silk,Spot UV Both Sides,4/1,5000,Score in Half,Slide Slits Right Panel,Yes 500 Envelopes A9
Majestic,Silk,8.5 x 11,Vertical,Rectangle,16PT C2S,Spot UV,Silk,Spot UV Both Sides,4/4 (4 color both sides),1000,Score in Half,Moon Slits Right Panel,Yes 1000 Envelopes A9
Majestic,Silk,8.5 x 11,Vertical,Rectangle,16PT C2S,Spot UV,Silk,Spot UV Back,4/1,10000,Score in Half,Moon Slits Right Panel,Yes 1000 Envelopes A9
Majestic,Silk,8.5 x 11,Horizontal,Rectangle,16PT C2S,Spot UV,Silk,Spot UV Both Sides,4/1,10000,Score in Half,Moon Slits Right Panel,Yes 1000 Envelopes A9
Majestic,Silk,8.5 x 11,Vertical,Rectangle,16PT C2S,Spot UV,Silk,Spot UV Front,4/4 (4 color both sides),10000,Score in Half,Moon Slits Right Panel,Yes 1000 Envelopes A9
Majestic,Silk,8.5 x 11,Horizontal,Rectangle,16PT C2S,Spot UV,Silk,Spot UV Back,4/4 (4 color both sides),10000,Score in Half,Moon Slits Right Panel,Yes 1000 Envelopes A9
Majestic,Silk,8.5 x 11,Vertical,Rectangle,16PT C2S,Spot UV,Silk,Spot UV Both Sides,4/4 (4 color both sides),10000,Score in Half,Moon Slits Right Panel,Yes 1000 Envelopes A9
Majestic,Silk,8.5 x 11,Horizontal,Rectangle,16PT C2S,Spot UV,Silk,Spot UV Front,4/1,500,Score in Half,No Gift Cards Slits,Yes 1000 Envelopes A9
Majestic,Silk,8.5 x 11,Vertical,Rectangle,16PT C2S,Spot UV,Silk,Spot UV Back,4/4 (4 color both sides),10000,Score in Half,Moon Slits Right Panel,Yes 1000 Envelopes A9
Majestic,Silk,8.5 x 11,Horizontal,Rectangle,16PT C2S,Spot UV,Silk,Spot UV Both Sides,4/4 (4 color both sides),10000,Score in Half,Moon Slits Right Panel,Yes 1000 Envelopes A9
Majestic,Silk,8.5 x 11,Vertical,Rectangle,16PT C2S,Spot UV,Silk,Spot UV Front,4/1,500,Score in Half,No Gift Cards Slits,Yes 1000 Envelopes A9
Majestic,Silk,8.5 x 11,Vertical,Rectangle,16PT C2S,Spot UV,Silk,Spot UV Back,4/1,500,Score in Half,No Gift Cards Slits,Yes 1000 Envelopes A9
Majestic,Silk,8.5 x 11,Horizontal,Rectangle,16PT C2S,Spot UV,Silk,Spot UV Back,4/1,500,Score in Half,No Gift Cards Slits,Yes 1000 Envelopes A9
Majestic,Silk,8.5 x 11,Horizontal,Rectangle,16PT C2S,Spot UV,Silk,Spot UV Both Sides,4/1,500,Score in Half,No Gift Cards Slits,Yes 1000 Envelopes A9
Majestic,Silk,8.5 x 11,Vertical,Rectangle,16PT C2S,Spot UV,Silk,Spot UV Both Sides,4/1,500,Score in Half,No Gift Cards Slits,Yes 1000 Envelopes A9
Majestic,Silk,8.5 x 11,Horizontal,Rectangle,16PT C2S,Spot UV,Silk,Spot UV Both Sides,4/4 (4 color both sides),5000,Score in Half,Moon Slits Right Panel,Yes 1000 Envelopes A9
Majestic,Silk,8.5 x 11,Vertical,Rectangle,16PT C2S,Spot UV,Silk,Spot UV Back,4/4 (4 color both sides),500,Score in Half,No Gift Cards Slits,Yes 1000 Envelopes A9
Majestic,Silk,8.5 x 11,Horizontal,Rectangle,16PT C2S,Spot UV,Silk,Spot UV Both Sides,4/4 (4 color both sides),500,Score in Half,No Gift Cards Slits,Yes 1000 Envelopes A9
Majestic,Silk,8.5 x 11,Vertical,Rectangle,16PT C2S,Spot UV,Silk,Spot UV Front,4/4 (4 color both sides),500,Score in Half,No Gift Cards Slits,Yes 1000 Envelopes A9
Majestic,Silk,8.5 x 11,Horizontal,Rectangle,16PT C2S,Spot UV,Silk,Spot UV Back,4/4 (4 color both sides),500,Score in Half,No Gift Cards Slits,Yes 1000 Envelopes A9
Majestic,Silk,8.5 x 11,Vertical,Rectangle,16PT C2S,Spot UV,Silk,Spot UV Both Sides,4/4 (4 color both sides),500,Score in Half,No Gift Cards Slits,Yes 1000 Envelopes A9
Majestic,Silk,8.5 x 11,Horizontal,Rectangle,16PT C2S,Spot UV,Silk,Spot UV Front,4/4 (4 color both sides),500,Score in Half,No Gift Cards Slits,Yes 1000 Envelopes A9
Majestic,Silk,8.5 x 11,Horizontal,Rectangle,16PT C2S,Spot UV,Silk,Spot UV Front,4/4 (4 color both sides),10000,Score in Half,Moon Slits Right Panel,Yes 1000 Envelopes A9
Majestic,Silk,8.5 x 11,Vertical,Rectangle,16PT C2S,Spot UV,Silk,Spot UV Front,4/1,1000,Score in Half,No Gift Cards Slits,Yes 1000 Envelopes A9
Majestic,Silk,8.5 x 11,Horizontal,Rectangle,16PT C2S,Spot UV,Silk,Spot UV Both Sides,4/1,1000,Score in Half,No Gift Cards Slits,Yes 1000 Envelopes A9
Majestic,Silk,8.5 x 11,Vertical,Rectangle,16PT C2S,Spot UV,Silk,Spot UV Both Sides,4/1,1000,Score in Half,No Gift Cards Slits,Yes 1000 Envelopes A9
Majestic,Silk,8.5 x 11,Horizontal,Rectangle,16PT C2S,Spot UV,Silk,Spot UV Front,4/4 (4 color both sides),1000,Score in Half,No Gift Cards Slits,Yes 1000 Envelopes A9
Majestic,Silk,8.5 x 11,Vertical,Rectangle,16PT C2S,Spot UV,Silk,Spot UV Front,4/4 (4 color both sides),1000,Score in Half,No Gift Cards Slits,Yes 1000 Envelopes A9
Majestic,Silk,8.5 x 11,Horizontal,Rectangle,16PT C2S,Spot UV,Silk,Spot UV Back,4/4 (4 color both sides),1000,Score in Half,No Gift Cards Slits,Yes 1000 Envelopes A9
Majestic,Silk,8.5 x 11,Horizontal,Rectangle,16PT C2S,Spot UV,Silk,Spot UV Back,4/1,1000,Score in Half,No Gift Cards Slits,Yes 1000 Envelopes A9
Majestic,Silk,8.5 x 11,Horizontal,Rectangle,16PT C2S,Spot UV,Silk,Spot UV Both Sides,4/4 (4 color both sides),1000,Score in Half,No Gift Cards Slits,Yes 1000 Envelopes A9
Majestic,Silk,8.5 x 11,Vertical,Rectangle,16PT C2S,Spot UV,Silk,Spot UV Back,4/4 (4 color both sides),1000,Score in Half,No Gift Cards Slits,Yes 1000 Envelopes A9
Majestic,Silk,8.5 x 11,Vertical,Rectangle,16PT C2S,Spot UV,Silk,Spot UV Both Sides,4/4 (4 color both sides),1000,Score in Half,No Gift Cards Slits,Yes 1000 Envelopes A9
Majestic,Silk,8.5 x 11,Horizontal,Rectangle,16PT C2S,Spot UV,Silk,Spot UV Back,4/1,2500,Score in Half,No Gift Cards Slits,Yes 1000 Envelopes A9
Majestic,Silk,8.5 x 11,Vertical,Rectangle,16PT C2S,Spot UV,Silk,Spot UV Front,4/1,2500,Score in Half,No Gift Cards Slits,Yes 1000 Envelopes A9
Majestic,Silk,8.5 x 11,Vertical,Rectangle,16PT C2S,Spot UV,Silk,Spot UV Back,4/1,2500,Score in Half,No Gift Cards Slits,Yes 1000 Envelopes A9
Majestic,Silk,8.5 x 11,Horizontal,Rectangle,16PT C2S,Spot UV,Silk,Spot UV Front,4/1,2500,Score in Half,No Gift Cards Slits,Yes 1000 Envelopes A9
Majestic,Silk,8.5 x 11,Horizontal,Rectangle,16PT C2S,Spot UV,Silk,Spot UV Both Sides,4/1,2500,Score in Half,No Gift Cards Slits,Yes 1000 Envelopes A9
Majestic,Silk,8.5 x 11,Vertical,Rectangle,16PT C2S,Spot UV,Silk,Spot UV Both Sides,4/1,2500,Score in Half,No Gift Cards Slits,Yes 1000 Envelopes A9
Majestic,Silk,8.5 x 11,Horizontal,Rectangle,16PT C2S,Spot UV,Silk,Spot UV Front,4/4 (4 color both sides),2500,Score in Half,No Gift Cards Slits,Yes 1000 Envelopes A9
Majestic,Silk,8.5 x 11,Vertical,Rectangle,16PT C2S,Spot UV,Silk,Spot UV Back,4/1,1000,Score in Half,No Gift Cards Slits,Yes 1000 Envelopes A9
Majestic,Silk,8.5 x 11,Horizontal,Rectangle,16PT C2S,Spot UV,Silk,Spot UV Back,4/4 (4 color both sides),2500,Score in Half,No Gift Cards Slits,Yes 1000 Envelopes A9
Majestic,Silk,8.5 x 11,Horizontal,Rectangle,16PT C2S,Spot UV,Silk,Spot UV Both Sides,4/4 (4 color both sides),2500,Score in Half,No Gift Cards Slits,Yes 1000 Envelopes A9
Majestic,Silk,8.5 x 11,Vertical,Rectangle,16PT C2S,Spot UV,Silk,Spot UV Back,4/4 (4 color both sides),2500,Score in Half,No Gift Cards Slits,Yes 1000 Envelopes A9
Majestic,Silk,8.5 x 11,Vertical,Rectangle,16PT C2S,Spot UV,Silk,Spot UV Both Sides,4/4 (4 color both sides),2500,Score in Half,No Gift Cards Slits,Yes 1000 Envelopes A9
Majestic,Silk,8.5 x 11,Horizontal,Rectangle,16PT C2S,Spot UV,Silk,Spot UV Front,4/1,5000,Score in Half,No Gift Cards Slits,Yes 1000 Envelopes A9
Majestic,Silk,8.5 x 11,Vertical,Rectangle,16PT C2S,Spot UV,Silk,Spot UV Front,4/1,5000,Score in Half,No Gift Cards Slits,Yes 1000 Envelopes A9
Majestic,Silk,8.5 x 11,Vertical,Rectangle,16PT C2S,Spot UV,Silk,Spot UV Back,4/1,5000,Score in Half,No Gift Cards Slits,Yes 1000 Envelopes A9
Majestic,Silk,8.5 x 11,Horizontal,Rectangle,16PT C2S,Spot UV,Silk,Spot UV Back,4/1,5000,Score in Half,No Gift Cards Slits,Yes 1000 Envelopes A9
Majestic,Silk,8.5 x 11,Horizontal,Rectangle,16PT C2S,Spot UV,Silk,Spot UV Both Sides,4/1,5000,Score in Half,No Gift Cards Slits,Yes 1000 Envelopes A9
Majestic,Silk,8.5 x 11,Vertical,Rectangle,16PT C2S,Spot UV,Silk,Spot UV Both Sides,4/1,5000,Score in Half,No Gift Cards Slits,Yes 1000 Envelopes A9
Majestic,Silk,8.5 x 11,Horizontal,Rectangle,16PT C2S,Spot UV,Silk,Spot UV Front,4/4 (4 color both sides),5000,Score in Half,No Gift Cards Slits,Yes 1000 Envelopes A9
Majestic,Silk,8.5 x 11,Vertical,Rectangle,16PT C2S,Spot UV,Silk,Spot UV Front,4/4 (4 color both sides),2500,Score in Half,No Gift Cards Slits,Yes 1000 Envelopes A9
Majestic,Silk,8.5 x 11,Vertical,Rectangle,16PT C2S,Spot UV,Silk,Spot UV Front,4/4 (4 color both sides),5000,Score in Half,No Gift Cards Slits,Yes 1000 Envelopes A9
Majestic,Silk,8.5 x 11,Vertical,Rectangle,16PT C2S,Spot UV,Silk,Spot UV Back,4/4 (4 color both sides),5000,Score in Half,No Gift Cards Slits,Yes 1000 Envelopes A9
Majestic,Silk,8.5 x 11,Horizontal,Rectangle,16PT C2S,Spot UV,Silk,Spot UV Both Sides,4/4 (4 color both sides),5000,Score in Half,No Gift Cards Slits,Yes 1000 Envelopes A9
Majestic,Silk,8.5 x 11,Vertical,Rectangle,16PT C2S,Spot UV,Silk,Spot UV Both Sides,4/4 (4 color both sides),5000,Score in Half,No Gift Cards Slits,Yes 1000 Envelopes A9
Majestic,Silk,8.5 x 11,Horizontal,Rectangle,16PT C2S,Spot UV,Silk,Spot UV Front,4/1,10000,Score in Half,No Gift Cards Slits,Yes 1000 Envelopes A9
Majestic,Silk,8.5 x 11,Vertical,Rectangle,16PT C2S,Spot UV,Silk,Spot UV Front,4/1,10000,Score in Half,No Gift Cards Slits,Yes 1000 Envelopes A9
Majestic,Silk,8.5 x 11,Horizontal,Rectangle,16PT C2S,Spot UV,Silk,Spot UV Back,4/1,10000,Score in Half,No Gift Cards Slits,Yes 1000 Envelopes A9
Majestic,Silk,8.5 x 11,Vertical,Rectangle,16PT C2S,Spot UV,Silk,Spot UV Back,4/1,10000,Score in Half,No Gift Cards Slits,Yes 1000 Envelopes A9
Majestic,Silk,8.5 x 11,Horizontal,Rectangle,16PT C2S,Spot UV,Silk,Spot UV Both Sides,4/1,10000,Score in Half,No Gift Cards Slits,Yes 1000 Envelopes A9
Majestic,Silk,8.5 x 11,Vertical,Rectangle,16PT C2S,Spot UV,Silk,Spot UV Both Sides,4/1,10000,Score in Half,No Gift Cards Slits,Yes 1000 Envelopes A9
Majestic,Silk,8.5 x 11,Horizontal,Rectangle,16PT C2S,Spot UV,Silk,Spot UV Front,4/4 (4 color both sides),10000,Score in Half,No Gift Cards Slits,Yes 1000 Envelopes A9
Majestic,Silk,8.5 x 11,Vertical,Rectangle,16PT C2S,Spot UV,Silk,Spot UV Front,4/4 (4 color both sides),10000,Score in Half,No Gift Cards Slits,Yes 1000 Envelopes A9
Majestic,Silk,8.5 x 11,Horizontal,Rectangle,16PT C2S,Spot UV,Silk,Spot UV Back,4/4 (4 color both sides),10000,Score in Half,No Gift Cards Slits,Yes 1000 Envelopes A9
Majestic,Silk,8.5 x 11,Vertical,Rectangle,16PT C2S,Spot UV,Silk,Spot UV Back,4/4 (4 color both sides),10000,Score in Half,No Gift Cards Slits,Yes 1000 Envelopes A9
Majestic,Silk,8.5 x 11,Horizontal,Rectangle,16PT C2S,Spot UV,Silk,Spot UV Both Sides,4/4 (4 color both sides),10000,Score in Half,No Gift Cards Slits,Yes 1000 Envelopes A9
Majestic,Silk,8.5 x 11,Vertical,Rectangle,16PT C2S,Spot UV,Silk,Spot UV Both Sides,4/4 (4 color both sides),10000,Score in Half,No Gift Cards Slits,Yes 1000 Envelopes A9
Majestic,Silk,8.5 x 11,Horizontal,Rectangle,16PT C2S,Spot UV,Silk,Spot UV Front,4/1,500,Score in Half,Slide Slits Bottom Panel,Yes 1000 Envelopes A9
Majestic,Silk,8.5 x 11,Vertical,Rectangle,16PT C2S,Spot UV,Silk,Spot UV Front,4/1,500,Score in Half,Slide Slits Bottom Panel,Yes 1000 Envelopes A9
Majestic,Silk,8.5 x 11,Horizontal,Rectangle,16PT C2S,Spot UV,Silk,Spot UV Back,4/1,500,Score in Half,Slide Slits Bottom Panel,Yes 1000 Envelopes A9
Majestic,Silk,8.5 x 11,Vertical,Rectangle,16PT C2S,Spot UV,Silk,Spot UV Back,4/1,500,Score in Half,Slide Slits Bottom Panel,Yes 1000 Envelopes A9
Majestic,Silk,8.5 x 11,Horizontal,Rectangle,16PT C2S,Spot UV,Silk,Spot UV Both Sides,4/1,500,Score in Half,Slide Slits Bottom Panel,Yes 1000 Envelopes A9
Majestic,Silk,8.5 x 11,Horizontal,Rectangle,16PT C2S,Spot UV,Silk,Spot UV Front,4/4 (4 color both sides),500,Score in Half,Slide Slits Bottom Panel,Yes 1000 Envelopes A9
Majestic,Silk,8.5 x 11,Vertical,Rectangle,16PT C2S,Spot UV,Silk,Spot UV Both Sides,4/1,500,Score in Half,Slide Slits Bottom Panel,Yes 1000 Envelopes A9
Majestic,Silk,8.5 x 11,Vertical,Rectangle,16PT C2S,Spot UV,Silk,Spot UV Front,4/4 (4 color both sides),500,Score in Half,Slide Slits Bottom Panel,Yes 1000 Envelopes A9
Majestic,Silk,8.5 x 11,Horizontal,Rectangle,16PT C2S,Spot UV,Silk,Spot UV Back,4/4 (4 color both sides),500,Score in Half,Slide Slits Bottom Panel,Yes 1000 Envelopes A9
Majestic,Silk,8.5 x 11,Horizontal,Rectangle,16PT C2S,Spot UV,Silk,Spot UV Both Sides,4/4 (4 color both sides),500,Score in Half,Slide Slits Bottom Panel,Yes 1000 Envelopes A9
Majestic,Silk,8.5 x 11,Vertical,Rectangle,16PT C2S,Spot UV,Silk,Spot UV Back,4/4 (4 color both sides),500,Score in Half,Slide Slits Bottom Panel,Yes 1000 Envelopes A9
Majestic,Silk,8.5 x 11,Vertical,Rectangle,16PT C2S,Spot UV,Silk,Spot UV Both Sides,4/4 (4 color both sides),500,Score in Half,Slide Slits Bottom Panel,Yes 1000 Envelopes A9
Majestic,Silk,8.5 x 11,Horizontal,Rectangle,16PT C2S,Spot UV,Silk,Spot UV Front,4/1,1000,Score in Half,No Gift Cards Slits,Yes 1000 Envelopes A9
Majestic,Silk,8.5 x 11,Vertical,Rectangle,16PT C2S,Spot UV,Silk,Spot UV Front,4/1,1000,Score in Half,Slide Slits Bottom Panel,Yes 1000 Envelopes A9
Majestic,Silk,8.5 x 11,Horizontal,Rectangle,16PT C2S,Spot UV,Silk,Spot UV Back,4/1,1000,Score in Half,Slide Slits Bottom Panel,Yes 1000 Envelopes A9
Majestic,Silk,8.5 x 11,Vertical,Rectangle,16PT C2S,Spot UV,Silk,Spot UV Back,4/1,1000,Score in Half,Slide Slits Bottom Panel,Yes 1000 Envelopes A9
Majestic,Silk,8.5 x 11,Horizontal,Rectangle,16PT C2S,Spot UV,Silk,Spot UV Both Sides,4/1,1000,Score in Half,Slide Slits Bottom Panel,Yes 1000 Envelopes A9
Majestic,Silk,8.5 x 11,Vertical,Rectangle,16PT C2S,Spot UV,Silk,Spot UV Both Sides,4/1,1000,Score in Half,Slide Slits Bottom Panel,Yes 1000 Envelopes A9
Majestic,Silk,8.5 x 11,Horizontal,Rectangle,16PT C2S,Spot UV,Silk,Spot UV Front,4/4 (4 color both sides),1000,Score in Half,Slide Slits Bottom Panel,Yes 1000 Envelopes A9
Majestic,Silk,8.5 x 11,Vertical,Rectangle,16PT C2S,Spot UV,Silk,Spot UV Both Sides,4/1,10000,Score in Half,Moon Slits Right Panel,Yes 1000 Envelopes A9
Majestic,Silk,8.5 x 11,Horizontal,Rectangle,16PT C2S,Spot UV,Silk,Spot UV Back,4/4 (4 color both sides),5000,Score in Half,No Gift Cards Slits,Yes 1000 Envelopes A9
Majestic,Silk,8.5 x 11,Horizontal,Rectangle,16PT C2S,Spot UV,Silk,Spot UV Front,4/1,1000,Score in Half,Slide Slits Bottom Panel,Yes 1000 Envelopes A9
Majestic,Silk,8.5 x 11,Horizontal,Rectangle,16PT C2S,Spot UV,Silk,Spot UV Both Sides,4/4 (4 color both sides),1000,Score in Half,Slide Slits Bottom Panel,Yes 1000 Envelopes A9
Majestic,Silk,8.5 x 11,Horizontal,Rectangle,16PT C2S,Spot UV,Silk,Spot UV Back,4/4 (4 color both sides),1000,Score in Half,Slide Slits Bottom Panel,Yes 1000 Envelopes A9
Majestic,Silk,8.5 x 11,Vertical,Rectangle,16PT C2S,Spot UV,Silk,Spot UV Back,4/4 (4 color both sides),1000,Score in Half,Slide Slits Bottom Panel,Yes 1000 Envelopes A9
Majestic,Silk,8.5 x 11,Vertical,Rectangle,16PT C2S,Spot UV,Silk,Spot UV Front,4/1,2500,Score in Half,Slide Slits Bottom Panel,Yes 1000 Envelopes A9
Majestic,Silk,8.5 x 11,Horizontal,Rectangle,16PT C2S,Spot UV,Silk,Spot UV Back,4/1,2500,Score in Half,Slide Slits Bottom Panel,Yes 1000 Envelopes A9
Majestic,Silk,8.5 x 11,Horizontal,Rectangle,16PT C2S,Spot UV,Silk,Spot UV Both Sides,4/1,2500,Score in Half,Slide Slits Bottom Panel,Yes 1000 Envelopes A9
Majestic,Silk,8.5 x 11,Vertical,Rectangle,16PT C2S,Spot UV,Silk,Spot UV Back,4/1,2500,Score in Half,Slide Slits Bottom Panel,Yes 1000 Envelopes A9
Majestic,Silk,8.5 x 11,Vertical,Rectangle,16PT C2S,Spot UV,Silk,Spot UV Both Sides,4/1,2500,Score in Half,Slide Slits Bottom Panel,Yes 1000 Envelopes A9
Majestic,Silk,8.5 x 11,Horizontal,Rectangle,16PT C2S,Spot UV,Silk,Spot UV Front,4/1,2500,Score in Half,Slide Slits Bottom Panel,Yes 1000 Envelopes A9
Majestic,Silk,8.5 x 11,Vertical,Rectangle,16PT C2S,Spot UV,Silk,Spot UV Front,4/4 (4 color both sides),2500,Score in Half,Slide Slits Bottom Panel,Yes 1000 Envelopes A9
Majestic,Silk,8.5 x 11,Horizontal,Rectangle,16PT C2S,Spot UV,Silk,Spot UV Back,4/4 (4 color both sides),2500,Score in Half,Slide Slits Bottom Panel,Yes 1000 Envelopes A9
Majestic,Silk,8.5 x 11,Vertical,Rectangle,16PT C2S,Spot UV,Silk,Spot UV Back,4/4 (4 color both sides),2500,Score in Half,Slide Slits Bottom Panel,Yes 1000 Envelopes A9
Majestic,Silk,8.5 x 11,Horizontal,Rectangle,16PT C2S,Spot UV,Silk,Spot UV Both Sides,4/4 (4 color both sides),2500,Score in Half,Slide Slits Bottom Panel,Yes 1000 Envelopes A9
Majestic,Silk,8.5 x 11,Vertical,Rectangle,16PT C2S,Spot UV,Silk,Spot UV Both Sides,4/4 (4 color both sides),1000,Score in Half,Slide Slits Bottom Panel,Yes 1000 Envelopes A9
Majestic,Silk,8.5 x 11,Horizontal,Rectangle,16PT C2S,Spot UV,Silk,Spot UV Front,4/4 (4 color both sides),2500,Score in Half,Slide Slits Bottom Panel,Yes 1000 Envelopes A9
Majestic,Silk,8.5 x 11,Vertical,Rectangle,16PT C2S,Spot UV,Silk,Spot UV Front,4/1,5000,Score in Half,Slide Slits Bottom Panel,Yes 1000 Envelopes A9
Majestic,Silk,8.5 x 11,Horizontal,Rectangle,16PT C2S,Spot UV,Silk,Spot UV Back,4/1,5000,Score in Half,Slide Slits Bottom Panel,Yes 1000 Envelopes A9
Majestic,Silk,8.5 x 11,Vertical,Rectangle,16PT C2S,Spot UV,Silk,Spot UV Back,4/1,5000,Score in Half,Slide Slits Bottom Panel,Yes 1000 Envelopes A9
Majestic,Silk,8.5 x 11,Horizontal,Rectangle,16PT C2S,Spot UV,Silk,Spot UV Both Sides,4/1,5000,Score in Half,Slide Slits Bottom Panel,Yes 1000 Envelopes A9
Majestic,Silk,8.5 x 11,Vertical,Rectangle,16PT C2S,Spot UV,Silk,Spot UV Both Sides,4/1,5000,Score in Half,Slide Slits Bottom Panel,Yes 1000 Envelopes A9
Majestic,Silk,8.5 x 11,Horizontal,Rectangle,16PT C2S,Spot UV,Silk,Spot UV Front,4/4 (4 color both sides),5000,Score in Half,Slide Slits Bottom Panel,Yes 1000 Envelopes A9
Majestic,Silk,8.5 x 11,Vertical,Rectangle,16PT C2S,Spot UV,Silk,Spot UV Front,4/4 (4 color both sides),5000,Score in Half,Slide Slits Bottom Panel,Yes 1000 Envelopes A9
Majestic,Silk,8.5 x 11,Horizontal,Rectangle,16PT C2S,Spot UV,Silk,Spot UV Back,4/4 (4 color both sides),5000,Score in Half,Slide Slits Bottom Panel,Yes 1000 Envelopes A9
Majestic,Silk,8.5 x 11,Vertical,Rectangle,16PT C2S,Spot UV,Silk,Spot UV Back,4/4 (4 color both sides),5000,Score in Half,Slide Slits Bottom Panel,Yes 1000 Envelopes A9
Majestic,Silk,8.5 x 11,Horizontal,Rectangle,16PT C2S,Spot UV,Silk,Spot UV Both Sides,4/4 (4 color both sides),5000,Score in Half,Slide Slits Bottom Panel,Yes 1000 Envelopes A9
Majestic,Silk,8.5 x 11,Vertical,Rectangle,16PT C2S,Spot UV,Silk,Spot UV Both Sides,4/4 (4 color both sides),5000,Score in Half,Slide Slits Bottom Panel,Yes 1000 Envelopes A9
Majestic,Silk,8.5 x 11,Horizontal,Rectangle,16PT C2S,Spot UV,Silk,Spot UV Front,4/1,10000,Score in Half,Slide Slits Bottom Panel,Yes 1000 Envelopes A9
Majestic,Silk,8.5 x 11,Horizontal,Rectangle,16PT C2S,Spot UV,Silk,Spot UV Back,4/1,10000,Score in Half,Slide Slits Bottom Panel,Yes 1000 Envelopes A9
Majestic,Silk,8.5 x 11,Vertical,Rectangle,16PT C2S,Spot UV,Silk,Spot UV Front,4/1,10000,Score in Half,Slide Slits Bottom Panel,Yes 1000 Envelopes A9
Majestic,Silk,8.5 x 11,Vertical,Rectangle,16PT C2S,Spot UV,Silk,Spot UV Back,4/1,10000,Score in Half,Slide Slits Bottom Panel,Yes 1000 Envelopes A9
Majestic,Silk,8.5 x 11,Horizontal,Rectangle,16PT C2S,Spot UV,Silk,Spot UV Both Sides,4/1,10000,Score in Half,Slide Slits Bottom Panel,Yes 1000 Envelopes A9
Majestic,Silk,8.5 x 11,Vertical,Rectangle,16PT C2S,Spot UV,Silk,Spot UV Both Sides,4/1,10000,Score in Half,Slide Slits Bottom Panel,Yes 1000 Envelopes A9
Majestic,Silk,8.5 x 11,Horizontal,Rectangle,16PT C2S,Spot UV,Silk,Spot UV Front,4/4 (4 color both sides),10000,Score in Half,Slide Slits Bottom Panel,Yes 1000 Envelopes A9
Majestic,Silk,8.5 x 11,Horizontal,Rectangle,16PT C2S,Spot UV,Silk,Spot UV Back,4/4 (4 color both sides),10000,Score in Half,Slide Slits Bottom Panel,Yes 1000 Envelopes A9
Majestic,Silk,8.5 x 11,Vertical,Rectangle,16PT C2S,Spot UV,Silk,Spot UV Both Sides,4/4 (4 color both sides),2500,Score in Half,Slide Slits Bottom Panel,Yes 1000 Envelopes A9
Majestic,Silk,8.5 x 11,Horizontal,Rectangle,16PT C2S,Spot UV,Silk,Spot UV Both Sides,4/4 (4 color both sides),10000,Score in Half,Slide Slits Bottom Panel,Yes 1000 Envelopes A9
Majestic,Silk,8.5 x 11,Vertical,Rectangle,16PT C2S,Spot UV,Silk,Spot UV Back,4/4 (4 color both sides),10000,Score in Half,Slide Slits Bottom Panel,Yes 1000 Envelopes A9
Majestic,Silk,8.5 x 11,Vertical,Rectangle,16PT C2S,Spot UV,Silk,Spot UV Both Sides,4/4 (4 color both sides),10000,Score in Half,Slide Slits Bottom Panel,Yes 1000 Envelopes A9
Majestic,Silk,8.5 x 11,Horizontal,Rectangle,16PT C2S,Spot UV,Silk,Spot UV Front,4/1,500,Score in Half,Slide Slits Right Panel,Yes 1000 Envelopes A9
Majestic,Silk,8.5 x 11,Vertical,Rectangle,16PT C2S,Spot UV,Silk,Spot UV Front,4/4 (4 color both sides),1000,Score in Half,Slide Slits Bottom Panel,Yes 1000 Envelopes A9
Majestic,Silk,8.5 x 11,Vertical,Rectangle,16PT C2S,Spot UV,Silk,Spot UV Front,4/4 (4 color both sides),10000,Score in Half,Slide Slits Bottom Panel,Yes 1000 Envelopes A9
Majestic,Silk,8.5 x 11,Horizontal,Rectangle,16PT C2S,Spot UV,Silk,Spot UV Front,4/1,5000,Score in Half,Slide Slits Bottom Panel,Yes 1000 Envelopes A9
Majestic,Silk,8.5 x 11,Horizontal,Rectangle,16PT C2S,Spot UV,Silk,Spot UV Both Sides,4/1,500,Score in Half,Slide Slits Right Panel,Yes 1000 Envelopes A9
Majestic,Silk,8.5 x 11,Vertical,Rectangle,16PT C2S,Spot UV,Silk,Spot UV Both Sides,4/1,500,Score in Half,Slide Slits Right Panel,Yes 1000 Envelopes A9
Majestic,Silk,8.5 x 11,Horizontal,Rectangle,16PT C2S,Spot UV,Silk,Spot UV Front,4/4 (4 color both sides),500,Score in Half,Slide Slits Right Panel,Yes 1000 Envelopes A9
Majestic,Silk,8.5 x 11,Vertical,Rectangle,16PT C2S,Spot UV,Silk,Spot UV Front,4/4 (4 color both sides),500,Score in Half,Slide Slits Right Panel,Yes 1000 Envelopes A9
Majestic,Silk,8.5 x 11,Horizontal,Rectangle,16PT C2S,Spot UV,Silk,Spot UV Back,4/4 (4 color both sides),500,Score in Half,Slide Slits Right Panel,Yes 1000 Envelopes A9
Majestic,Silk,8.5 x 11,Vertical,Rectangle,16PT C2S,Spot UV,Silk,Spot UV Back,4/4 (4 color both sides),500,Score in Half,Slide Slits Right Panel,Yes 1000 Envelopes A9
Majestic,Silk,8.5 x 11,Horizontal,Rectangle,16PT C2S,Spot UV,Silk,Spot UV Both Sides,4/4 (4 color both sides),500,Score in Half,Slide Slits Right Panel,Yes 1000 Envelopes A9
Majestic,Silk,8.5 x 11,Vertical,Rectangle,16PT C2S,Spot UV,Silk,Spot UV Both Sides,4/4 (4 color both sides),500,Score in Half,Slide Slits Right Panel,Yes 1000 Envelopes A9
Majestic,Silk,8.5 x 11,Horizontal,Rectangle,16PT C2S,Spot UV,Silk,Spot UV Front,4/1,1000,Score in Half,Slide Slits Right Panel,Yes 1000 Envelopes A9
Majestic,Silk,8.5 x 11,Vertical,Rectangle,16PT C2S,Spot UV,Silk,Spot UV Front,4/1,1000,Score in Half,Slide Slits Right Panel,Yes 1000 Envelopes A9
Majestic,Silk,8.5 x 11,Horizontal,Rectangle,16PT C2S,Spot UV,Silk,Spot UV Back,4/1,1000,Score in Half,Slide Slits Right Panel,Yes 1000 Envelopes A9
Majestic,Silk,8.5 x 11,Vertical,Rectangle,16PT C2S,Spot UV,Silk,Spot UV Back,4/1,1000,Score in Half,Slide Slits Right Panel,Yes 1000 Envelopes A9
Majestic,Silk,8.5 x 11,Horizontal,Rectangle,16PT C2S,Spot UV,Silk,Spot UV Both Sides,4/1,1000,Score in Half,Slide Slits Right Panel,Yes 1000 Envelopes A9
Majestic,Silk,8.5 x 11,Vertical,Rectangle,16PT C2S,Spot UV,Silk,Spot UV Both Sides,4/1,1000,Score in Half,Slide Slits Right Panel,Yes 1000 Envelopes A9
Majestic,Silk,8.5 x 11,Horizontal,Rectangle,16PT C2S,Spot UV,Silk,Spot UV Front,4/4 (4 color both sides),1000,Score in Half,Slide Slits Right Panel,Yes 1000 Envelopes A9
Majestic,Silk,8.5 x 11,Vertical,Rectangle,16PT C2S,Spot UV,Silk,Spot UV Front,4/4 (4 color both sides),1000,Score in Half,Slide Slits Right Panel,Yes 1000 Envelopes A9
Majestic,Silk,8.5 x 11,Horizontal,Rectangle,16PT C2S,Spot UV,Silk,Spot UV Both Sides,4/4 (4 color both sides),1000,Score in Half,Slide Slits Right Panel,Yes 1000 Envelopes A9
Majestic,Silk,8.5 x 11,Vertical,Rectangle,16PT C2S,Spot UV,Silk,Spot UV Back,4/4 (4 color both sides),1000,Score in Half,Slide Slits Right Panel,Yes 1000 Envelopes A9
Majestic,Silk,8.5 x 11,Vertical,Rectangle,16PT C2S,Spot UV,Silk,Spot UV Front,4/1,500,Score in Half,Slide Slits Right Panel,Yes 1000 Envelopes A9
Majestic,Silk,8.5 x 11,Horizontal,Rectangle,16PT C2S,Spot UV,Silk,Spot UV Back,4/1,500,Score in Half,Slide Slits Right Panel,Yes 1000 Envelopes A9
Majestic,Silk,8.5 x 11,Vertical,Rectangle,16PT C2S,Spot UV,Silk,Spot UV Back,4/1,500,Score in Half,Slide Slits Right Panel,Yes 1000 Envelopes A9
Majestic,Silk,8.5 x 11,Vertical,Rectangle,16PT C2S,Spot UV,Silk,Spot UV Front,4/1,2500,Score in Half,Slide Slits Right Panel,Yes 1000 Envelopes A9
Majestic,Silk,8.5 x 11,Horizontal,Rectangle,16PT C2S,Spot UV,Silk,Spot UV Back,4/1,2500,Score in Half,Slide Slits Right Panel,Yes 1000 Envelopes A9
Majestic,Silk,8.5 x 11,Vertical,Rectangle,16PT C2S,Spot UV,Silk,Spot UV Back,4/1,2500,Score in Half,Slide Slits Right Panel,Yes 1000 Envelopes A9
Majestic,Silk,8.5 x 11,Horizontal,Rectangle,16PT C2S,Spot UV,Silk,Spot UV Both Sides,4/1,2500,Score in Half,Slide Slits Right Panel,Yes 1000 Envelopes A9
Majestic,Silk,8.5 x 11,Vertical,Rectangle,16PT C2S,Spot UV,Silk,Spot UV Both Sides,4/1,2500,Score in Half,Slide Slits Right Panel,Yes 1000 Envelopes A9
Majestic,Silk,8.5 x 11,Horizontal,Rectangle,16PT C2S,Spot UV,Silk,Spot UV Front,4/4 (4 color both sides),2500,Score in Half,Slide Slits Right Panel,Yes 1000 Envelopes A9
Majestic,Silk,8.5 x 11,Vertical,Rectangle,16PT C2S,Spot UV,Silk,Spot UV Front,4/4 (4 color both sides),2500,Score in Half,Slide Slits Right Panel,Yes 1000 Envelopes A9
Majestic,Silk,8.5 x 11,Horizontal,Rectangle,16PT C2S,Spot UV,Silk,Spot UV Back,4/4 (4 color both sides),1000,Score in Half,Slide Slits Right Panel,Yes 1000 Envelopes A9
Majestic,Silk,8.5 x 11,Horizontal,Rectangle,16PT C2S,Spot UV,Silk,Spot UV Back,4/4 (4 color both sides),2500,Score in Half,Slide Slits Right Panel,Yes 1000 Envelopes A9
Majestic,Silk,8.5 x 11,Horizontal,Rectangle,16PT C2S,Spot UV,Silk,Spot UV Both Sides,4/4 (4 color both sides),2500,Score in Half,Slide Slits Right Panel,Yes 1000 Envelopes A9
Majestic,Silk,8.5 x 11,Vertical,Rectangle,16PT C2S,Spot UV,Silk,Spot UV Both Sides,4/4 (4 color both sides),2500,Score in Half,Slide Slits Right Panel,Yes 1000 Envelopes A9
Majestic,Silk,8.5 x 11,Horizontal,Rectangle,16PT C2S,Spot UV,Silk,Spot UV Front,4/1,2500,Score in Half,Slide Slits Right Panel,Yes 1000 Envelopes A9
Majestic,Silk,8.5 x 11,Horizontal,Rectangle,16PT C2S,Spot UV,Silk,Spot UV Back,4/1,5000,Score in Half,Slide Slits Right Panel,Yes 1000 Envelopes A9
Majestic,Silk,8.5 x 11,Vertical,Rectangle,16PT C2S,Spot UV,Silk,Spot UV Back,4/1,5000,Score in Half,Slide Slits Right Panel,Yes 1000 Envelopes A9
Majestic,Silk,8.5 x 11,Vertical,Rectangle,16PT C2S,Spot UV,Silk,Spot UV Front,4/1,5000,Score in Half,Slide Slits Right Panel,Yes 1000 Envelopes A9
Majestic,Silk,8.5 x 11,Horizontal,Rectangle,16PT C2S,Spot UV,Silk,Spot UV Both Sides,4/1,5000,Score in Half,Slide Slits Right Panel,Yes 1000 Envelopes A9
Majestic,Silk,8.5 x 11,Vertical,Rectangle,16PT C2S,Spot UV,Silk,Spot UV Both Sides,4/1,5000,Score in Half,Slide Slits Right Panel,Yes 1000 Envelopes A9
Majestic,Silk,8.5 x 11,Horizontal,Rectangle,16PT C2S,Spot UV,Silk,Spot UV Front,4/4 (4 color both sides),5000,Score in Half,Slide Slits Right Panel,Yes 1000 Envelopes A9
Majestic,Silk,8.5 x 11,Vertical,Rectangle,16PT C2S,Spot UV,Silk,Spot UV Front,4/4 (4 color both sides),5000,Score in Half,Slide Slits Right Panel,Yes 1000 Envelopes A9
Majestic,Silk,8.5 x 11,Horizontal,Rectangle,16PT C2S,Spot UV,Silk,Spot UV Back,4/4 (4 color both sides),5000,Score in Half,Slide Slits Right Panel,Yes 1000 Envelopes A9
Majestic,Silk,8.5 x 11,Vertical,Rectangle,16PT C2S,Spot UV,Silk,Spot UV Back,4/4 (4 color both sides),5000,Score in Half,Slide Slits Right Panel,Yes 1000 Envelopes A9
Majestic,Silk,8.5 x 11,Horizontal,Rectangle,16PT C2S,Spot UV,Silk,Spot UV Both Sides,4/4 (4 color both sides),5000,Score in Half,Slide Slits Right Panel,Yes 1000 Envelopes A9
Majestic,Silk,8.5 x 11,Horizontal,Rectangle,16PT C2S,Spot UV,Silk,Spot UV Front,4/1,10000,Score in Half,Slide Slits Right Panel,Yes 1000 Envelopes A9
Majestic,Silk,8.5 x 11,Horizontal,Rectangle,16PT C2S,Spot UV,Silk,Spot UV Front,4/1,5000,Score in Half,Slide Slits Right Panel,Yes 1000 Envelopes A9
Majestic,Silk,8.5 x 11,Vertical,Rectangle,16PT C2S,Spot UV,Silk,Spot UV Front,4/1,10000,Score in Half,Slide Slits Right Panel,Yes 1000 Envelopes A9
Majestic,Silk,8.5 x 11,Horizontal,Rectangle,16PT C2S,Spot UV,Silk,Spot UV Back,4/1,10000,Score in Half,Slide Slits Right Panel,Yes 1000 Envelopes A9
Majestic,Silk,8.5 x 11,Vertical,Rectangle,16PT C2S,Spot UV,Silk,Spot UV Back,4/1,10000,Score in Half,Slide Slits Right Panel,Yes 1000 Envelopes A9
Majestic,Silk,8.5 x 11,Horizontal,Rectangle,16PT C2S,Spot UV,Silk,Spot UV Both Sides,4/1,10000,Score in Half,Slide Slits Right Panel,Yes 1000 Envelopes A9
Majestic,Silk,8.5 x 11,Horizontal,Rectangle,16PT C2S,Spot UV,Silk,Spot UV Front,4/4 (4 color both sides),10000,Score in Half,Slide Slits Right Panel,Yes 1000 Envelopes A9
Majestic,Silk,8.5 x 11,Vertical,Rectangle,16PT C2S,Spot UV,Silk,Spot UV Both Sides,4/1,10000,Score in Half,Slide Slits Right Panel,Yes 1000 Envelopes A9
Majestic,Silk,8.5 x 11,Horizontal,Rectangle,16PT C2S,Spot UV,Silk,Spot UV Back,4/4 (4 color both sides),10000,Score in Half,Slide Slits Right Panel,Yes 1000 Envelopes A9
Majestic,Silk,8.5 x 11,Vertical,Rectangle,16PT C2S,Spot UV,Silk,Spot UV Front,4/4 (4 color both sides),10000,Score in Half,Slide Slits Right Panel,Yes 1000 Envelopes A9
Majestic,Silk,8.5 x 11,Vertical,Rectangle,16PT C2S,Spot UV,Silk,Spot UV Both Sides,4/4 (4 color both sides),10000,Score in Half,Slide Slits Right Panel,Yes 1000 Envelopes A9
Majestic,Silk,8.5 x 11,Horizontal,Rectangle,16PT C2S,Spot UV,Silk,Spot UV Both Sides,4/4 (4 color both sides),10000,Score in Half,Slide Slits Right Panel,Yes 1000 Envelopes A9
Majestic,Silk,8.5 x 11,Vertical,Rectangle,16PT C2S,Spot UV,Silk,Spot UV Back,4/4 (4 color both sides),10000,Score in Half,Slide Slits Right Panel,Yes 1000 Envelopes A9
Majestic,Silk,8.5 x 11,Horizontal,Rectangle,16PT C2S,Spot UV,Silk,Spot UV Front,4/1,500,Score in Half,Moon Slits Bottom Panel,Yes 2500 Envelopes A9
Majestic,Silk,8.5 x 11,Vertical,Rectangle,16PT C2S,Spot UV,Silk,Spot UV Front,4/1,500,Score in Half,Moon Slits Bottom Panel,Yes 2500 Envelopes A9
Majestic,Silk,8.5 x 11,Horizontal,Rectangle,16PT C2S,Spot UV,Silk,Spot UV Back,4/1,500,Score in Half,Moon Slits Bottom Panel,Yes 2500 Envelopes A9
Majestic,Silk,8.5 x 11,Vertical,Rectangle,16PT C2S,Spot UV,Silk,Spot UV Back,4/1,500,Score in Half,Moon Slits Bottom Panel,Yes 2500 Envelopes A9
Majestic,Silk,8.5 x 11,Vertical,Rectangle,16PT C2S,Spot UV,Silk,Spot UV Both Sides,4/1,500,Score in Half,Moon Slits Bottom Panel,Yes 2500 Envelopes A9
Majestic,Silk,8.5 x 11,Horizontal,Rectangle,16PT C2S,Spot UV,Silk,Spot UV Both Sides,4/1,500,Score in Half,Moon Slits Bottom Panel,Yes 2500 Envelopes A9
Majestic,Silk,8.5 x 11,Vertical,Rectangle,16PT C2S,Spot UV,Silk,Spot UV Front,4/4 (4 color both sides),500,Score in Half,Moon Slits Bottom Panel,Yes 2500 Envelopes A9
Majestic,Silk,8.5 x 11,Horizontal,Rectangle,16PT C2S,Spot UV,Silk,Spot UV Back,4/4 (4 color both sides),500,Score in Half,Moon Slits Bottom Panel,Yes 2500 Envelopes A9
Majestic,Silk,8.5 x 11,Horizontal,Rectangle,16PT C2S,Spot UV,Silk,Spot UV Front,4/4 (4 color both sides),500,Score in Half,Moon Slits Bottom Panel,Yes 2500 Envelopes A9
Majestic,Silk,8.5 x 11,Vertical,Rectangle,16PT C2S,Spot UV,Silk,Spot UV Both Sides,4/4 (4 color both sides),500,Score in Half,Moon Slits Bottom Panel,Yes 2500 Envelopes A9
Majestic,Silk,8.5 x 11,Vertical,Rectangle,16PT C2S,Spot UV,Silk,Spot UV Both Sides,4/4 (4 color both sides),1000,Score in Half,Slide Slits Right Panel,Yes 1000 Envelopes A9
Majestic,Silk,8.5 x 11,Vertical,Rectangle,16PT C2S,Spot UV,Silk,Spot UV Back,4/4 (4 color both sides),2500,Score in Half,Slide Slits Right Panel,Yes 1000 Envelopes A9
Majestic,Silk,8.5 x 11,Vertical,Rectangle,16PT C2S,Spot UV,Silk,Spot UV Front,4/1,1000,Score in Half,Moon Slits Bottom Panel,Yes 2500 Envelopes A9
Majestic,Silk,8.5 x 11,Horizontal,Rectangle,16PT C2S,Spot UV,Silk,Spot UV Back,4/1,1000,Score in Half,Moon Slits Bottom Panel,Yes 2500 Envelopes A9
Majestic,Silk,8.5 x 11,Vertical,Rectangle,16PT C2S,Spot UV,Silk,Spot UV Back,4/1,1000,Score in Half,Moon Slits Bottom Panel,Yes 2500 Envelopes A9
Majestic,Silk,8.5 x 11,Horizontal,Rectangle,16PT C2S,Spot UV,Silk,Spot UV Both Sides,4/1,1000,Score in Half,Moon Slits Bottom Panel,Yes 2500 Envelopes A9
Majestic,Silk,8.5 x 11,Vertical,Rectangle,16PT C2S,Spot UV,Silk,Spot UV Both Sides,4/1,1000,Score in Half,Moon Slits Bottom Panel,Yes 2500 Envelopes A9
Majestic,Silk,8.5 x 11,Horizontal,Rectangle,16PT C2S,Spot UV,Silk,Spot UV Front,4/4 (4 color both sides),1000,Score in Half,Moon Slits Bottom Panel,Yes 2500 Envelopes A9
Majestic,Silk,8.5 x 11,Vertical,Rectangle,16PT C2S,Spot UV,Silk,Spot UV Front,4/4 (4 color both sides),1000,Score in Half,Moon Slits Bottom Panel,Yes 2500 Envelopes A9
Majestic,Silk,8.5 x 11,Vertical,Rectangle,16PT C2S,Spot UV,Silk,Spot UV Back,4/4 (4 color both sides),500,Score in Half,Moon Slits Bottom Panel,Yes 2500 Envelopes A9
Majestic,Silk,8.5 x 11,Horizontal,Rectangle,16PT C2S,Spot UV,Silk,Spot UV Front,4/1,1000,Score in Half,Moon Slits Bottom Panel,Yes 2500 Envelopes A9
Majestic,Silk,8.5 x 11,Horizontal,Rectangle,16PT C2S,Spot UV,Silk,Spot UV Both Sides,4/4 (4 color both sides),1000,Score in Half,Moon Slits Bottom Panel,Yes 2500 Envelopes A9
Majestic,Silk,8.5 x 11,Horizontal,Rectangle,16PT C2S,Spot UV,Silk,Spot UV Back,4/4 (4 color both sides),1000,Score in Half,Moon Slits Bottom Panel,Yes 2500 Envelopes A9
Majestic,Silk,8.5 x 11,Horizontal,Rectangle,16PT C2S,Spot UV,Silk,Spot UV Front,4/1,2500,Score in Half,Moon Slits Bottom Panel,Yes 2500 Envelopes A9
Majestic,Silk,8.5 x 11,Vertical,Rectangle,16PT C2S,Spot UV,Silk,Spot UV Front,4/1,2500,Score in Half,Moon Slits Bottom Panel,Yes 2500 Envelopes A9
Majestic,Silk,8.5 x 11,Vertical,Rectangle,16PT C2S,Spot UV,Silk,Spot UV Both Sides,4/4 (4 color both sides),1000,Score in Half,Moon Slits Bottom Panel,Yes 2500 Envelopes A9
Majestic,Silk,8.5 x 11,Vertical,Rectangle,16PT C2S,Spot UV,Silk,Spot UV Back,4/1,2500,Score in Half,Moon Slits Bottom Panel,Yes 2500 Envelopes A9
Majestic,Silk,8.5 x 11,Vertical,Rectangle,16PT C2S,Spot UV,Silk,Spot UV Both Sides,4/4 (4 color both sides),5000,Score in Half,Slide Slits Right Panel,Yes 1000 Envelopes A9
Majestic,Silk,8.5 x 11,Vertical,Rectangle,16PT C2S,Spot UV,Silk,Spot UV Front,4/4 (4 color both sides),2500,Score in Half,Moon Slits Bottom Panel,Yes 2500 Envelopes A9
Majestic,Silk,8.5 x 11,Horizontal,Rectangle,16PT C2S,Spot UV,Silk,Spot UV Both Sides,4/1,2500,Score in Half,Moon Slits Bottom Panel,Yes 2500 Envelopes A9
Majestic,Silk,8.5 x 11,Horizontal,Rectangle,16PT C2S,Spot UV,Silk,Spot UV Front,4/4 (4 color both sides),2500,Score in Half,Moon Slits Bottom Panel,Yes 2500 Envelopes A9
Majestic,Silk,8.5 x 11,Horizontal,Rectangle,16PT C2S,Spot UV,Silk,Spot UV Back,4/4 (4 color both sides),2500,Score in Half,Moon Slits Bottom Panel,Yes 2500 Envelopes A9
Majestic,Silk,8.5 x 11,Vertical,Rectangle,16PT C2S,Spot UV,Silk,Spot UV Both Sides,4/4 (4 color both sides),2500,Score in Half,Moon Slits Bottom Panel,Yes 2500 Envelopes A9
Majestic,Silk,8.5 x 11,Horizontal,Rectangle,16PT C2S,Spot UV,Silk,Spot UV Both Sides,4/4 (4 color both sides),2500,Score in Half,Moon Slits Bottom Panel,Yes 2500 Envelopes A9
Majestic,Silk,8.5 x 11,Vertical,Rectangle,16PT C2S,Spot UV,Silk,Spot UV Back,4/4 (4 color both sides),2500,Score in Half,Moon Slits Bottom Panel,Yes 2500 Envelopes A9
Majestic,Silk,8.5 x 11,Horizontal,Rectangle,16PT C2S,Spot UV,Silk,Spot UV Front,4/1,5000,Score in Half,Moon Slits Bottom Panel,Yes 2500 Envelopes A9
Majestic,Silk,8.5 x 11,Vertical,Rectangle,16PT C2S,Spot UV,Silk,Spot UV Front,4/1,5000,Score in Half,Moon Slits Bottom Panel,Yes 2500 Envelopes A9
Majestic,Silk,8.5 x 11,Horizontal,Rectangle,16PT C2S,Spot UV,Silk,Spot UV Back,4/1,5000,Score in Half,Moon Slits Bottom Panel,Yes 2500 Envelopes A9
Majestic,Silk,8.5 x 11,Vertical,Rectangle,16PT C2S,Spot UV,Silk,Spot UV Back,4/1,5000,Score in Half,Moon Slits Bottom Panel,Yes 2500 Envelopes A9
Majestic,Silk,8.5 x 11,Horizontal,Rectangle,16PT C2S,Spot UV,Silk,Spot UV Back,4/1,2500,Score in Half,Moon Slits Bottom Panel,Yes 2500 Envelopes A9
Majestic,Silk,8.5 x 11,Vertical,Rectangle,16PT C2S,Spot UV,Silk,Spot UV Both Sides,4/1,5000,Score in Half,Moon Slits Bottom Panel,Yes 2500 Envelopes A9
Majestic,Silk,8.5 x 11,Horizontal,Rectangle,16PT C2S,Spot UV,Silk,Spot UV Front,4/4 (4 color both sides),5000,Score in Half,Moon Slits Bottom Panel,Yes 2500 Envelopes A9
Majestic,Silk,8.5 x 11,Vertical,Rectangle,16PT C2S,Spot UV,Silk,Spot UV Front,4/4 (4 color both sides),5000,Score in Half,Moon Slits Bottom Panel,Yes 2500 Envelopes A9
Majestic,Silk,8.5 x 11,Horizontal,Rectangle,16PT C2S,Spot UV,Silk,Spot UV Back,4/4 (4 color both sides),5000,Score in Half,Moon Slits Bottom Panel,Yes 2500 Envelopes A9
Majestic,Silk,8.5 x 11,Vertical,Rectangle,16PT C2S,Spot UV,Silk,Spot UV Back,4/4 (4 color both sides),5000,Score in Half,Moon Slits Bottom Panel,Yes 2500 Envelopes A9
Majestic,Silk,8.5 x 11,Horizontal,Rectangle,16PT C2S,Spot UV,Silk,Spot UV Both Sides,4/4 (4 color both sides),5000,Score in Half,Moon Slits Bottom Panel,Yes 2500 Envelopes A9
Majestic,Silk,8.5 x 11,Vertical,Rectangle,16PT C2S,Spot UV,Silk,Spot UV Both Sides,4/1,2500,Score in Half,Moon Slits Bottom Panel,Yes 2500 Envelopes A9
Majestic,Silk,8.5 x 11,Vertical,Rectangle,16PT C2S,Spot UV,Silk,Spot UV Both Sides,4/4 (4 color both sides),5000,Score in Half,Moon Slits Bottom Panel,Yes 2500 Envelopes A9
Majestic,Silk,8.5 x 11,Horizontal,Rectangle,16PT C2S,Spot UV,Silk,Spot UV Front,4/1,10000,Score in Half,Moon Slits Bottom Panel,Yes 2500 Envelopes A9
Majestic,Silk,8.5 x 11,Vertical,Rectangle,16PT C2S,Spot UV,Silk,Spot UV Front,4/1,10000,Score in Half,Moon Slits Bottom Panel,Yes 2500 Envelopes A9
Majestic,Silk,8.5 x 11,Vertical,Rectangle,16PT C2S,Spot UV,Silk,Spot UV Back,4/1,10000,Score in Half,Moon Slits Bottom Panel,Yes 2500 Envelopes A9
Majestic,Silk,8.5 x 11,Horizontal,Rectangle,16PT C2S,Spot UV,Silk,Spot UV Both Sides,4/1,5000,Score in Half,Moon Slits Bottom Panel,Yes 2500 Envelopes A9
Majestic,Silk,8.5 x 11,Horizontal,Rectangle,16PT C2S,Spot UV,Silk,Spot UV Both Sides,4/4 (4 color both sides),500,Score in Half,Moon Slits Bottom Panel,Yes 2500 Envelopes A9
Majestic,Silk,8.5 x 11,Horizontal,Rectangle,16PT C2S,Spot UV,Silk,Spot UV Back,4/1,10000,Score in Half,Moon Slits Bottom Panel,Yes 2500 Envelopes A9
Majestic,Silk,8.5 x 11,Horizontal,Rectangle,16PT C2S,Spot UV,Silk,Spot UV Front,4/4 (4 color both sides),10000,Score in Half,Moon Slits Bottom Panel,Yes 2500 Envelopes A9
Majestic,Silk,8.5 x 11,Vertical,Rectangle,16PT C2S,Spot UV,Silk,Spot UV Front,4/4 (4 color both sides),10000,Score in Half,Moon Slits Bottom Panel,Yes 2500 Envelopes A9
Majestic,Silk,8.5 x 11,Horizontal,Rectangle,16PT C2S,Spot UV,Silk,Spot UV Back,4/4 (4 color both sides),10000,Score in Half,Moon Slits Bottom Panel,Yes 2500 Envelopes A9
Majestic,Silk,8.5 x 11,Vertical,Rectangle,16PT C2S,Spot UV,Silk,Spot UV Back,4/4 (4 color both sides),10000,Score in Half,Moon Slits Bottom Panel,Yes 2500 Envelopes A9
Majestic,Silk,8.5 x 11,Horizontal,Rectangle,16PT C2S,Spot UV,Silk,Spot UV Both Sides,4/4 (4 color both sides),10000,Score in Half,Moon Slits Bottom Panel,Yes 2500 Envelopes A9
Majestic,Silk,8.5 x 11,Vertical,Rectangle,16PT C2S,Spot UV,Silk,Spot UV Both Sides,4/4 (4 color both sides),10000,Score in Half,Moon Slits Bottom Panel,Yes 2500 Envelopes A9
Majestic,Silk,8.5 x 11,Horizontal,Rectangle,16PT C2S,Spot UV,Silk,Spot UV Front,4/1,500,Score in Half,Moon Slits Right Panel,Yes 2500 Envelopes A9
Majestic,Silk,8.5 x 11,Horizontal,Rectangle,16PT C2S,Spot UV,Silk,Spot UV Back,4/1,500,Score in Half,Moon Slits Right Panel,Yes 2500 Envelopes A9
Majestic,Silk,8.5 x 11,Vertical,Rectangle,16PT C2S,Spot UV,Silk,Spot UV Front,4/1,500,Score in Half,Moon Slits Right Panel,Yes 2500 Envelopes A9
Majestic,Silk,8.5 x 11,Vertical,Rectangle,16PT C2S,Spot UV,Silk,Spot UV Back,4/1,500,Score in Half,Moon Slits Right Panel,Yes 2500 Envelopes A9
Majestic,Silk,8.5 x 11,Vertical,Rectangle,16PT C2S,Spot UV,Silk,Spot UV Both Sides,4/1,10000,Score in Half,Moon Slits Bottom Panel,Yes 2500 Envelopes A9
Majestic,Silk,8.5 x 11,Vertical,Rectangle,16PT C2S,Spot UV,Silk,Spot UV Both Sides,4/1,500,Score in Half,Moon Slits Right Panel,Yes 2500 Envelopes A9
Majestic,Silk,8.5 x 11,Horizontal,Rectangle,16PT C2S,Spot UV,Silk,Spot UV Front,4/4 (4 color both sides),500,Score in Half,Moon Slits Right Panel,Yes 2500 Envelopes A9
Majestic,Silk,8.5 x 11,Vertical,Rectangle,16PT C2S,Spot UV,Silk,Spot UV Front,4/4 (4 color both sides),500,Score in Half,Moon Slits Right Panel,Yes 2500 Envelopes A9
Majestic,Silk,8.5 x 11,Vertical,Rectangle,16PT C2S,Spot UV,Silk,Spot UV Back,4/4 (4 color both sides),1000,Score in Half,Moon Slits Bottom Panel,Yes 2500 Envelopes A9
Majestic,Silk,8.5 x 11,Vertical,Rectangle,16PT C2S,Spot UV,Silk,Spot UV Back,4/4 (4 color both sides),500,Score in Half,Moon Slits Right Panel,Yes 2500 Envelopes A9
Majestic,Silk,8.5 x 11,Horizontal,Rectangle,16PT C2S,Spot UV,Silk,Spot UV Front,4/1,1000,Score in Half,Moon Slits Right Panel,Yes 2500 Envelopes A9
Majestic,Silk,8.5 x 11,Horizontal,Rectangle,16PT C2S,Spot UV,Silk,Spot UV Both Sides,4/4 (4 color both sides),500,Score in Half,Moon Slits Right Panel,Yes 2500 Envelopes A9
Majestic,Silk,8.5 x 11,Horizontal,Rectangle,16PT C2S,Spot UV,Silk,Spot UV Both Sides,4/1,10000,Score in Half,Moon Slits Bottom Panel,Yes 2500 Envelopes A9
Majestic,Silk,8.5 x 11,Vertical,Rectangle,16PT C2S,Spot UV,Silk,Spot UV Front,4/1,1000,Score in Half,Moon Slits Right Panel,Yes 2500 Envelopes A9
Majestic,Silk,8.5 x 11,Horizontal,Rectangle,16PT C2S,Spot UV,Silk,Spot UV Back,4/1,1000,Score in Half,Moon Slits Right Panel,Yes 2500 Envelopes A9
Majestic,Silk,8.5 x 11,Vertical,Rectangle,16PT C2S,Spot UV,Silk,Spot UV Back,4/1,1000,Score in Half,Moon Slits Right Panel,Yes 2500 Envelopes A9
Majestic,Silk,8.5 x 11,Horizontal,Rectangle,16PT C2S,Spot UV,Silk,Spot UV Both Sides,4/1,1000,Score in Half,Moon Slits Right Panel,Yes 2500 Envelopes A9
Majestic,Silk,8.5 x 11,Vertical,Rectangle,16PT C2S,Spot UV,Silk,Spot UV Both Sides,4/1,1000,Score in Half,Moon Slits Right Panel,Yes 2500 Envelopes A9
Majestic,Silk,8.5 x 11,Horizontal,Rectangle,16PT C2S,Spot UV,Silk,Spot UV Front,4/4 (4 color both sides),1000,Score in Half,Moon Slits Right Panel,Yes 2500 Envelopes A9
Majestic,Silk,8.5 x 11,Vertical,Rectangle,16PT C2S,Spot UV,Silk,Spot UV Front,4/4 (4 color both sides),1000,Score in Half,Moon Slits Right Panel,Yes 2500 Envelopes A9
Majestic,Silk,8.5 x 11,Horizontal,Rectangle,16PT C2S,Spot UV,Silk,Spot UV Back,4/4 (4 color both sides),1000,Score in Half,Moon Slits Right Panel,Yes 2500 Envelopes A9
Majestic,Silk,8.5 x 11,Vertical,Rectangle,16PT C2S,Spot UV,Silk,Spot UV Back,4/4 (4 color both sides),1000,Score in Half,Moon Slits Right Panel,Yes 2500 Envelopes A9
Majestic,Silk,8.5 x 11,Horizontal,Rectangle,16PT C2S,Spot UV,Silk,Spot UV Both Sides,4/4 (4 color both sides),1000,Score in Half,Moon Slits Right Panel,Yes 2500 Envelopes A9
Majestic,Silk,8.5 x 11,Vertical,Rectangle,16PT C2S,Spot UV,Silk,Spot UV Both Sides,4/4 (4 color both sides),1000,Score in Half,Moon Slits Right Panel,Yes 2500 Envelopes A9
Majestic,Silk,8.5 x 11,Horizontal,Rectangle,16PT C2S,Spot UV,Silk,Spot UV Front,4/1,2500,Score in Half,Moon Slits Right Panel,Yes 2500 Envelopes A9
Majestic,Silk,8.5 x 11,Horizontal,Rectangle,16PT C2S,Spot UV,Silk,Spot UV Both Sides,4/1,500,Score in Half,Moon Slits Right Panel,Yes 2500 Envelopes A9
Majestic,Silk,8.5 x 11,Horizontal,Rectangle,16PT C2S,Spot UV,Silk,Spot UV Back,4/1,2500,Score in Half,Moon Slits Right Panel,Yes 2500 Envelopes A9
Majestic,Silk,8.5 x 11,Vertical,Rectangle,16PT C2S,Spot UV,Silk,Spot UV Back,4/1,2500,Score in Half,Moon Slits Right Panel,Yes 2500 Envelopes A9
Majestic,Silk,8.5 x 11,Horizontal,Rectangle,16PT C2S,Spot UV,Silk,Spot UV Both Sides,4/1,2500,Score in Half,Moon Slits Right Panel,Yes 2500 Envelopes A9
Majestic,Silk,8.5 x 11,Vertical,Rectangle,16PT C2S,Spot UV,Silk,Spot UV Both Sides,4/1,2500,Score in Half,Moon Slits Right Panel,Yes 2500 Envelopes A9
Majestic,Silk,8.5 x 11,Horizontal,Rectangle,16PT C2S,Spot UV,Silk,Spot UV Front,4/4 (4 color both sides),2500,Score in Half,Moon Slits Right Panel,Yes 2500 Envelopes A9
Majestic,Silk,8.5 x 11,Vertical,Rectangle,16PT C2S,Spot UV,Silk,Spot UV Front,4/4 (4 color both sides),2500,Score in Half,Moon Slits Right Panel,Yes 2500 Envelopes A9
Majestic,Silk,8.5 x 11,Horizontal,Rectangle,16PT C2S,Spot UV,Silk,Spot UV Back,4/4 (4 color both sides),2500,Score in Half,Moon Slits Right Panel,Yes 2500 Envelopes A9
Majestic,Silk,8.5 x 11,Vertical,Rectangle,16PT C2S,Spot UV,Silk,Spot UV Back,4/4 (4 color both sides),2500,Score in Half,Moon Slits Right Panel,Yes 2500 Envelopes A9
Majestic,Silk,8.5 x 11,Horizontal,Rectangle,16PT C2S,Spot UV,Silk,Spot UV Both Sides,4/4 (4 color both sides),2500,Score in Half,Moon Slits Right Panel,Yes 2500 Envelopes A9
Majestic,Silk,8.5 x 11,Vertical,Rectangle,16PT C2S,Spot UV,Silk,Spot UV Both Sides,4/4 (4 color both sides),2500,Score in Half,Moon Slits Right Panel,Yes 2500 Envelopes A9
Majestic,Silk,8.5 x 11,Horizontal,Rectangle,16PT C2S,Spot UV,Silk,Spot UV Front,4/1,5000,Score in Half,Moon Slits Right Panel,Yes 2500 Envelopes A9
Majestic,Silk,8.5 x 11,Vertical,Rectangle,16PT C2S,Spot UV,Silk,Spot UV Front,4/1,5000,Score in Half,Moon Slits Right Panel,Yes 2500 Envelopes A9
Majestic,Silk,8.5 x 11,Horizontal,Rectangle,16PT C2S,Spot UV,Silk,Spot UV Back,4/1,5000,Score in Half,Moon Slits Right Panel,Yes 2500 Envelopes A9
Majestic,Silk,8.5 x 11,Vertical,Rectangle,16PT C2S,Spot UV,Silk,Spot UV Back,4/1,5000,Score in Half,Moon Slits Right Panel,Yes 2500 Envelopes A9
Majestic,Silk,8.5 x 11,Horizontal,Rectangle,16PT C2S,Spot UV,Silk,Spot UV Both Sides,4/1,5000,Score in Half,Moon Slits Right Panel,Yes 2500 Envelopes A9
Majestic,Silk,8.5 x 11,Vertical,Rectangle,16PT C2S,Spot UV,Silk,Spot UV Both Sides,4/1,5000,Score in Half,Moon Slits Right Panel,Yes 2500 Envelopes A9
Majestic,Silk,8.5 x 11,Horizontal,Rectangle,16PT C2S,Spot UV,Silk,Spot UV Front,4/4 (4 color both sides),5000,Score in Half,Moon Slits Right Panel,Yes 2500 Envelopes A9
Majestic,Silk,8.5 x 11,Vertical,Rectangle,16PT C2S,Spot UV,Silk,Spot UV Front,4/4 (4 color both sides),5000,Score in Half,Moon Slits Right Panel,Yes 2500 Envelopes A9
Majestic,Silk,8.5 x 11,Horizontal,Rectangle,16PT C2S,Spot UV,Silk,Spot UV Back,4/4 (4 color both sides),5000,Score in Half,Moon Slits Right Panel,Yes 2500 Envelopes A9
Majestic,Silk,8.5 x 11,Vertical,Rectangle,16PT C2S,Spot UV,Silk,Spot UV Back,4/4 (4 color both sides),5000,Score in Half,Moon Slits Right Panel,Yes 2500 Envelopes A9
Majestic,Silk,8.5 x 11,Horizontal,Rectangle,16PT C2S,Spot UV,Silk,Spot UV Both Sides,4/4 (4 color both sides),5000,Score in Half,Moon Slits Right Panel,Yes 2500 Envelopes A9
Majestic,Silk,8.5 x 11,Vertical,Rectangle,16PT C2S,Spot UV,Silk,Spot UV Both Sides,4/4 (4 color both sides),5000,Score in Half,Moon Slits Right Panel,Yes 2500 Envelopes A9
Majestic,Silk,8.5 x 11,Horizontal,Rectangle,16PT C2S,Spot UV,Silk,Spot UV Front,4/1,10000,Score in Half,Moon Slits Right Panel,Yes 2500 Envelopes A9
Majestic,Silk,8.5 x 11,Vertical,Rectangle,16PT C2S,Spot UV,Silk,Spot UV Front,4/1,10000,Score in Half,Moon Slits Right Panel,Yes 2500 Envelopes A9
Majestic,Silk,8.5 x 11,Horizontal,Rectangle,16PT C2S,Spot UV,Silk,Spot UV Back,4/1,10000,Score in Half,Moon Slits Right Panel,Yes 2500 Envelopes A9
Majestic,Silk,8.5 x 11,Vertical,Rectangle,16PT C2S,Spot UV,Silk,Spot UV Back,4/1,10000,Score in Half,Moon Slits Right Panel,Yes 2500 Envelopes A9
Majestic,Silk,8.5 x 11,Horizontal,Rectangle,16PT C2S,Spot UV,Silk,Spot UV Both Sides,4/1,10000,Score in Half,Moon Slits Right Panel,Yes 2500 Envelopes A9
Majestic,Silk,8.5 x 11,Horizontal,Rectangle,16PT C2S,Spot UV,Silk,Spot UV Front,4/4 (4 color both sides),10000,Score in Half,Moon Slits Right Panel,Yes 2500 Envelopes A9
Majestic,Silk,8.5 x 11,Horizontal,Rectangle,16PT C2S,Spot UV,Silk,Spot UV Back,4/4 (4 color both sides),10000,Score in Half,Moon Slits Right Panel,Yes 2500 Envelopes A9
Majestic,Silk,8.5 x 11,Vertical,Rectangle,16PT C2S,Spot UV,Silk,Spot UV Front,4/4 (4 color both sides),10000,Score in Half,Moon Slits Right Panel,Yes 2500 Envelopes A9
Majestic,Silk,8.5 x 11,Vertical,Rectangle,16PT C2S,Spot UV,Silk,Spot UV Back,4/4 (4 color both sides),10000,Score in Half,Moon Slits Right Panel,Yes 2500 Envelopes A9
Majestic,Silk,8.5 x 11,Horizontal,Rectangle,16PT C2S,Spot UV,Silk,Spot UV Both Sides,4/4 (4 color both sides),10000,Score in Half,Moon Slits Right Panel,Yes 2500 Envelopes A9
Majestic,Silk,8.5 x 11,Vertical,Rectangle,16PT C2S,Spot UV,Silk,Spot UV Both Sides,4/1,10000,Score in Half,Moon Slits Right Panel,Yes 2500 Envelopes A9
Majestic,Silk,8.5 x 11,Vertical,Rectangle,16PT C2S,Spot UV,Silk,Spot UV Front,4/1,500,Score in Half,No Gift Cards Slits,Yes 2500 Envelopes A9
Majestic,Silk,8.5 x 11,Vertical,Rectangle,16PT C2S,Spot UV,Silk,Spot UV Both Sides,4/4 (4 color both sides),500,Score in Half,Moon Slits Right Panel,Yes 2500 Envelopes A9
Majestic,Silk,8.5 x 11,Vertical,Rectangle,16PT C2S,Spot UV,Silk,Spot UV Both Sides,4/4 (4 color both sides),10000,Score in Half,Moon Slits Right Panel,Yes 2500 Envelopes A9
Majestic,Silk,8.5 x 11,Horizontal,Rectangle,16PT C2S,Spot UV,Silk,Spot UV Back,4/1,500,Score in Half,No Gift Cards Slits,Yes 2500 Envelopes A9
Majestic,Silk,8.5 x 11,Vertical,Rectangle,16PT C2S,Spot UV,Silk,Spot UV Back,4/1,500,Score in Half,No Gift Cards Slits,Yes 2500 Envelopes A9
Majestic,Silk,8.5 x 11,Horizontal,Rectangle,16PT C2S,Spot UV,Silk,Spot UV Both Sides,4/1,500,Score in Half,No Gift Cards Slits,Yes 2500 Envelopes A9
Majestic,Silk,8.5 x 11,Vertical,Rectangle,16PT C2S,Spot UV,Silk,Spot UV Front,4/4 (4 color both sides),500,Score in Half,No Gift Cards Slits,Yes 2500 Envelopes A9
Majestic,Silk,8.5 x 11,Horizontal,Rectangle,16PT C2S,Spot UV,Silk,Spot UV Back,4/4 (4 color both sides),500,Score in Half,No Gift Cards Slits,Yes 2500 Envelopes A9
Majestic,Silk,8.5 x 11,Horizontal,Rectangle,16PT C2S,Spot UV,Silk,Spot UV Front,4/4 (4 color both sides),500,Score in Half,No Gift Cards Slits,Yes 2500 Envelopes A9
Majestic,Silk,8.5 x 11,Horizontal,Rectangle,16PT C2S,Spot UV,Silk,Spot UV Back,4/4 (4 color both sides),500,Score in Half,Moon Slits Right Panel,Yes 2500 Envelopes A9
Majestic,Silk,8.5 x 11,Horizontal,Rectangle,16PT C2S,Spot UV,Silk,Spot UV Front,4/1,500,Score in Half,No Gift Cards Slits,Yes 2500 Envelopes A9
Majestic,Silk,8.5 x 11,Vertical,Rectangle,16PT C2S,Spot UV,Silk,Spot UV Front,4/1,2500,Score in Half,Moon Slits Right Panel,Yes 2500 Envelopes A9
Majestic,Silk,8.5 x 11,Vertical,Rectangle,16PT C2S,Spot UV,Silk,Spot UV Both Sides,4/4 (4 color both sides),500,Score in Half,No Gift Cards Slits,Yes 2500 Envelopes A9
Majestic,Silk,8.5 x 11,Vertical,Rectangle,16PT C2S,Spot UV,Silk,Spot UV Front,4/1,1000,Score in Half,No Gift Cards Slits,Yes 2500 Envelopes A9
Majestic,Silk,8.5 x 11,Horizontal,Rectangle,16PT C2S,Spot UV,Silk,Spot UV Front,4/1,1000,Score in Half,No Gift Cards Slits,Yes 2500 Envelopes A9
Majestic,Silk,8.5 x 11,Vertical,Rectangle,16PT C2S,Spot UV,Silk,Spot UV Back,4/1,1000,Score in Half,No Gift Cards Slits,Yes 2500 Envelopes A9
Majestic,Silk,8.5 x 11,Vertical,Rectangle,16PT C2S,Spot UV,Silk,Spot UV Both Sides,4/1,1000,Score in Half,No Gift Cards Slits,Yes 2500 Envelopes A9
Majestic,Silk,8.5 x 11,Horizontal,Rectangle,16PT C2S,Spot UV,Silk,Spot UV Both Sides,4/1,1000,Score in Half,No Gift Cards Slits,Yes 2500 Envelopes A9
Majestic,Silk,8.5 x 11,Horizontal,Rectangle,16PT C2S,Spot UV,Silk,Spot UV Back,4/1,1000,Score in Half,No Gift Cards Slits,Yes 2500 Envelopes A9
Majestic,Silk,8.5 x 11,Horizontal,Rectangle,16PT C2S,Spot UV,Silk,Spot UV Front,4/4 (4 color both sides),1000,Score in Half,No Gift Cards Slits,Yes 2500 Envelopes A9
Majestic,Silk,8.5 x 11,Vertical,Rectangle,16PT C2S,Spot UV,Silk,Spot UV Front,4/4 (4 color both sides),1000,Score in Half,No Gift Cards Slits,Yes 2500 Envelopes A9
Majestic,Silk,8.5 x 11,Horizontal,Rectangle,16PT C2S,Spot UV,Silk,Spot UV Both Sides,4/4 (4 color both sides),1000,Score in Half,No Gift Cards Slits,Yes 2500 Envelopes A9
Majestic,Silk,8.5 x 11,Vertical,Rectangle,16PT C2S,Spot UV,Silk,Spot UV Both Sides,4/4 (4 color both sides),1000,Score in Half,No Gift Cards Slits,Yes 2500 Envelopes A9
Majestic,Silk,8.5 x 11,Vertical,Rectangle,16PT C2S,Spot UV,Silk,Spot UV Back,4/4 (4 color both sides),1000,Score in Half,No Gift Cards Slits,Yes 2500 Envelopes A9
Majestic,Silk,8.5 x 11,Horizontal,Rectangle,16PT C2S,Spot UV,Silk,Spot UV Front,4/1,2500,Score in Half,No Gift Cards Slits,Yes 2500 Envelopes A9
Majestic,Silk,8.5 x 11,Vertical,Rectangle,16PT C2S,Spot UV,Silk,Spot UV Front,4/1,2500,Score in Half,No Gift Cards Slits,Yes 2500 Envelopes A9
Majestic,Silk,8.5 x 11,Horizontal,Rectangle,16PT C2S,Spot UV,Silk,Spot UV Back,4/1,2500,Score in Half,No Gift Cards Slits,Yes 2500 Envelopes A9
Majestic,Silk,8.5 x 11,Vertical,Rectangle,16PT C2S,Spot UV,Silk,Spot UV Back,4/1,2500,Score in Half,No Gift Cards Slits,Yes 2500 Envelopes A9
Majestic,Silk,8.5 x 11,Horizontal,Rectangle,16PT C2S,Spot UV,Silk,Spot UV Both Sides,4/1,2500,Score in Half,No Gift Cards Slits,Yes 2500 Envelopes A9
Majestic,Silk,8.5 x 11,Vertical,Rectangle,16PT C2S,Spot UV,Silk,Spot UV Both Sides,4/1,2500,Score in Half,No Gift Cards Slits,Yes 2500 Envelopes A9
Majestic,Silk,8.5 x 11,Horizontal,Rectangle,16PT C2S,Spot UV,Silk,Spot UV Front,4/4 (4 color both sides),2500,Score in Half,No Gift Cards Slits,Yes 2500 Envelopes A9
Majestic,Silk,8.5 x 11,Vertical,Rectangle,16PT C2S,Spot UV,Silk,Spot UV Front,4/4 (4 color both sides),2500,Score in Half,No Gift Cards Slits,Yes 2500 Envelopes A9
Majestic,Silk,8.5 x 11,Horizontal,Rectangle,16PT C2S,Spot UV,Silk,Spot UV Back,4/4 (4 color both sides),2500,Score in Half,No Gift Cards Slits,Yes 2500 Envelopes A9
Majestic,Silk,8.5 x 11,Vertical,Rectangle,16PT C2S,Spot UV,Silk,Spot UV Both Sides,4/1,500,Score in Half,No Gift Cards Slits,Yes 2500 Envelopes A9
Majestic,Silk,8.5 x 11,Vertical,Rectangle,16PT C2S,Spot UV,Silk,Spot UV Back,4/4 (4 color both sides),500,Score in Half,No Gift Cards Slits,Yes 2500 Envelopes A9
Majestic,Silk,8.5 x 11,Vertical,Rectangle,16PT C2S,Spot UV,Silk,Spot UV Both Sides,4/4 (4 color both sides),2500,Score in Half,No Gift Cards Slits,Yes 2500 Envelopes A9
Majestic,Silk,8.5 x 11,Horizontal,Rectangle,16PT C2S,Spot UV,Silk,Spot UV Front,4/1,5000,Score in Half,No Gift Cards Slits,Yes 2500 Envelopes A9
Majestic,Silk,8.5 x 11,Vertical,Rectangle,16PT C2S,Spot UV,Silk,Spot UV Front,4/1,5000,Score in Half,No Gift Cards Slits,Yes 2500 Envelopes A9
Majestic,Silk,8.5 x 11,Horizontal,Rectangle,16PT C2S,Spot UV,Silk,Spot UV Back,4/4 (4 color both sides),1000,Score in Half,No Gift Cards Slits,Yes 2500 Envelopes A9
Majestic,Silk,8.5 x 11,Horizontal,Rectangle,16PT C2S,Spot UV,Silk,Spot UV Back,4/1,5000,Score in Half,No Gift Cards Slits,Yes 2500 Envelopes A9
Majestic,Silk,8.5 x 11,Horizontal,Rectangle,16PT C2S,Spot UV,Silk,Spot UV Both Sides,4/1,5000,Score in Half,No Gift Cards Slits,Yes 2500 Envelopes A9
Majestic,Silk,8.5 x 11,Vertical,Rectangle,16PT C2S,Spot UV,Silk,Spot UV Back,4/1,5000,Score in Half,No Gift Cards Slits,Yes 2500 Envelopes A9
Majestic,Silk,8.5 x 11,Horizontal,Rectangle,16PT C2S,Spot UV,Silk,Spot UV Front,4/4 (4 color both sides),5000,Score in Half,No Gift Cards Slits,Yes 2500 Envelopes A9
Majestic,Silk,8.5 x 11,Horizontal,Rectangle,16PT C2S,Spot UV,Silk,Spot UV Both Sides,4/4 (4 color both sides),2500,Score in Half,No Gift Cards Slits,Yes 2500 Envelopes A9
Majestic,Silk,8.5 x 11,Vertical,Rectangle,16PT C2S,Spot UV,Silk,Spot UV Front,4/4 (4 color both sides),5000,Score in Half,No Gift Cards Slits,Yes 2500 Envelopes A9
Majestic,Silk,8.5 x 11,Horizontal,Rectangle,16PT C2S,Spot UV,Silk,Spot UV Back,4/4 (4 color both sides),5000,Score in Half,No Gift Cards Slits,Yes 2500 Envelopes A9
Majestic,Silk,8.5 x 11,Vertical,Rectangle,16PT C2S,Spot UV,Silk,Spot UV Back,4/4 (4 color both sides),5000,Score in Half,No Gift Cards Slits,Yes 2500 Envelopes A9
Majestic,Silk,8.5 x 11,Vertical,Rectangle,16PT C2S,Spot UV,Silk,Spot UV Both Sides,4/4 (4 color both sides),5000,Score in Half,No Gift Cards Slits,Yes 2500 Envelopes A9
Majestic,Silk,8.5 x 11,Horizontal,Rectangle,16PT C2S,Spot UV,Silk,Spot UV Both Sides,4/4 (4 color both sides),5000,Score in Half,No Gift Cards Slits,Yes 2500 Envelopes A9
Majestic,Silk,8.5 x 11,Horizontal,Rectangle,16PT C2S,Spot UV,Silk,Spot UV Front,4/1,10000,Score in Half,No Gift Cards Slits,Yes 2500 Envelopes A9
Majestic,Silk,8.5 x 11,Vertical,Rectangle,16PT C2S,Spot UV,Silk,Spot UV Front,4/1,10000,Score in Half,No Gift Cards Slits,Yes 2500 Envelopes A9
Majestic,Silk,8.5 x 11,Horizontal,Rectangle,16PT C2S,Spot UV,Silk,Spot UV Back,4/1,10000,Score in Half,No Gift Cards Slits,Yes 2500 Envelopes A9
Majestic,Silk,8.5 x 11,Vertical,Rectangle,16PT C2S,Spot UV,Silk,Spot UV Back,4/1,10000,Score in Half,No Gift Cards Slits,Yes 2500 Envelopes A9
Majestic,Silk,8.5 x 11,Horizontal,Rectangle,16PT C2S,Spot UV,Silk,Spot UV Both Sides,4/1,10000,Score in Half,No Gift Cards Slits,Yes 2500 Envelopes A9
Majestic,Silk,8.5 x 11,Vertical,Rectangle,16PT C2S,Spot UV,Silk,Spot UV Both Sides,4/1,10000,Score in Half,No Gift Cards Slits,Yes 2500 Envelopes A9
Majestic,Silk,8.5 x 11,Vertical,Rectangle,16PT C2S,Spot UV,Silk,Spot UV Front,4/4 (4 color both sides),10000,Score in Half,No Gift Cards Slits,Yes 2500 Envelopes A9
Majestic,Silk,8.5 x 11,Horizontal,Rectangle,16PT C2S,Spot UV,Silk,Spot UV Back,4/4 (4 color both sides),10000,Score in Half,No Gift Cards Slits,Yes 2500 Envelopes A9
Majestic,Silk,8.5 x 11,Vertical,Rectangle,16PT C2S,Spot UV,Silk,Spot UV Back,4/4 (4 color both sides),10000,Score in Half,No Gift Cards Slits,Yes 2500 Envelopes A9
Majestic,Silk,8.5 x 11,Horizontal,Rectangle,16PT C2S,Spot UV,Silk,Spot UV Both Sides,4/4 (4 color both sides),10000,Score in Half,No Gift Cards Slits,Yes 2500 Envelopes A9
Majestic,Silk,8.5 x 11,Horizontal,Rectangle,16PT C2S,Spot UV,Silk,Spot UV Both Sides,4/4 (4 color both sides),500,Score in Half,No Gift Cards Slits,Yes 2500 Envelopes A9
Majestic,Silk,8.5 x 11,Horizontal,Rectangle,16PT C2S,Spot UV,Silk,Spot UV Front,4/4 (4 color both sides),10000,Score in Half,No Gift Cards Slits,Yes 2500 Envelopes A9
Majestic,Silk,8.5 x 11,Horizontal,Rectangle,16PT C2S,Spot UV,Silk,Spot UV Front,4/1,500,Score in Half,Slide Slits Bottom Panel,Yes 2500 Envelopes A9
Majestic,Silk,8.5 x 11,Vertical,Rectangle,16PT C2S,Spot UV,Silk,Spot UV Front,4/1,500,Score in Half,Slide Slits Bottom Panel,Yes 2500 Envelopes A9
Majestic,Silk,8.5 x 11,Vertical,Rectangle,16PT C2S,Spot UV,Silk,Spot UV Back,4/4 (4 color both sides),2500,Score in Half,No Gift Cards Slits,Yes 2500 Envelopes A9
Majestic,Silk,8.5 x 11,Vertical,Rectangle,16PT C2S,Spot UV,Silk,Spot UV Back,4/1,500,Score in Half,Slide Slits Bottom Panel,Yes 2500 Envelopes A9
Majestic,Silk,8.5 x 11,Horizontal,Rectangle,16PT C2S,Spot UV,Silk,Spot UV Both Sides,4/1,500,Score in Half,Slide Slits Bottom Panel,Yes 2500 Envelopes A9
Majestic,Silk,8.5 x 11,Vertical,Rectangle,16PT C2S,Spot UV,Silk,Spot UV Both Sides,4/1,500,Score in Half,Slide Slits Bottom Panel,Yes 2500 Envelopes A9
Majestic,Silk,8.5 x 11,Horizontal,Rectangle,16PT C2S,Spot UV,Silk,Spot UV Front,4/4 (4 color both sides),500,Score in Half,Slide Slits Bottom Panel,Yes 2500 Envelopes A9
Majestic,Silk,8.5 x 11,Vertical,Rectangle,16PT C2S,Spot UV,Silk,Spot UV Front,4/4 (4 color both sides),500,Score in Half,Slide Slits Bottom Panel,Yes 2500 Envelopes A9
Majestic,Silk,8.5 x 11,Horizontal,Rectangle,16PT C2S,Spot UV,Silk,Spot UV Back,4/4 (4 color both sides),500,Score in Half,Slide Slits Bottom Panel,Yes 2500 Envelopes A9
Majestic,Silk,8.5 x 11,Vertical,Rectangle,16PT C2S,Spot UV,Silk,Spot UV Back,4/4 (4 color both sides),500,Score in Half,Slide Slits Bottom Panel,Yes 2500 Envelopes A9
Majestic,Silk,8.5 x 11,Horizontal,Rectangle,16PT C2S,Spot UV,Silk,Spot UV Both Sides,4/4 (4 color both sides),500,Score in Half,Slide Slits Bottom Panel,Yes 2500 Envelopes A9
Majestic,Silk,8.5 x 11,Vertical,Rectangle,16PT C2S,Spot UV,Silk,Spot UV Both Sides,4/4 (4 color both sides),500,Score in Half,Slide Slits Bottom Panel,Yes 2500 Envelopes A9
Majestic,Silk,8.5 x 11,Vertical,Rectangle,16PT C2S,Spot UV,Silk,Spot UV Both Sides,4/1,5000,Score in Half,No Gift Cards Slits,Yes 2500 Envelopes A9
Majestic,Silk,8.5 x 11,Vertical,Rectangle,16PT C2S,Spot UV,Silk,Spot UV Front,4/1,1000,Score in Half,Slide Slits Bottom Panel,Yes 2500 Envelopes A9
Majestic,Silk,8.5 x 11,Horizontal,Rectangle,16PT C2S,Spot UV,Silk,Spot UV Back,4/1,500,Score in Half,Slide Slits Bottom Panel,Yes 2500 Envelopes A9
Majestic,Silk,8.5 x 11,Horizontal,Rectangle,16PT C2S,Spot UV,Silk,Spot UV Front,4/1,1000,Score in Half,Slide Slits Bottom Panel,Yes 2500 Envelopes A9
Majestic,Silk,8.5 x 11,Horizontal,Rectangle,16PT C2S,Spot UV,Silk,Spot UV Front,4/4 (4 color both sides),1000,Score in Half,Slide Slits Bottom Panel,Yes 2500 Envelopes A9
Majestic,Silk,8.5 x 11,Horizontal,Rectangle,16PT C2S,Spot UV,Silk,Spot UV Both Sides,4/1,1000,Score in Half,Slide Slits Bottom Panel,Yes 2500 Envelopes A9
Majestic,Silk,8.5 x 11,Vertical,Rectangle,16PT C2S,Spot UV,Silk,Spot UV Back,4/1,1000,Score in Half,Slide Slits Bottom Panel,Yes 2500 Envelopes A9
Majestic,Silk,8.5 x 11,Vertical,Rectangle,16PT C2S,Spot UV,Silk,Spot UV Front,4/4 (4 color both sides),1000,Score in Half,Slide Slits Bottom Panel,Yes 2500 Envelopes A9
Majestic,Silk,8.5 x 11,Horizontal,Rectangle,16PT C2S,Spot UV,Silk,Spot UV Back,4/4 (4 color both sides),1000,Score in Half,Slide Slits Bottom Panel,Yes 2500 Envelopes A9
Majestic,Silk,8.5 x 11,Vertical,Rectangle,16PT C2S,Spot UV,Silk,Spot UV Back,4/4 (4 color both sides),1000,Score in Half,Slide Slits Bottom Panel,Yes 2500 Envelopes A9
Majestic,Silk,8.5 x 11,Horizontal,Rectangle,16PT C2S,Spot UV,Silk,Spot UV Front,4/1,2500,Score in Half,Slide Slits Bottom Panel,Yes 2500 Envelopes A9
Majestic,Silk,8.5 x 11,Vertical,Rectangle,16PT C2S,Spot UV,Silk,Spot UV Both Sides,4/4 (4 color both sides),1000,Score in Half,Slide Slits Bottom Panel,Yes 2500 Envelopes A9
Majestic,Silk,8.5 x 11,Horizontal,Rectangle,16PT C2S,Spot UV,Silk,Spot UV Both Sides,4/4 (4 color both sides),1000,Score in Half,Slide Slits Bottom Panel,Yes 2500 Envelopes A9
Majestic,Silk,8.5 x 11,Horizontal,Rectangle,16PT C2S,Spot UV,Silk,Spot UV Back,4/1,2500,Score in Half,Slide Slits Bottom Panel,Yes 2500 Envelopes A9
Majestic,Silk,8.5 x 11,Vertical,Rectangle,16PT C2S,Spot UV,Silk,Spot UV Front,4/1,2500,Score in Half,Slide Slits Bottom Panel,Yes 2500 Envelopes A9
Majestic,Silk,8.5 x 11,Vertical,Rectangle,16PT C2S,Spot UV,Silk,Spot UV Back,4/1,2500,Score in Half,Slide Slits Bottom Panel,Yes 2500 Envelopes A9
Majestic,Silk,8.5 x 11,Horizontal,Rectangle,16PT C2S,Spot UV,Silk,Spot UV Both Sides,4/1,2500,Score in Half,Slide Slits Bottom Panel,Yes 2500 Envelopes A9
Majestic,Silk,8.5 x 11,Vertical,Rectangle,16PT C2S,Spot UV,Silk,Spot UV Both Sides,4/1,2500,Score in Half,Slide Slits Bottom Panel,Yes 2500 Envelopes A9
Majestic,Silk,8.5 x 11,Horizontal,Rectangle,16PT C2S,Spot UV,Silk,Spot UV Front,4/4 (4 color both sides),2500,Score in Half,Slide Slits Bottom Panel,Yes 2500 Envelopes A9
Majestic,Silk,8.5 x 11,Vertical,Rectangle,16PT C2S,Spot UV,Silk,Spot UV Front,4/4 (4 color both sides),2500,Score in Half,Slide Slits Bottom Panel,Yes 2500 Envelopes A9
Majestic,Silk,8.5 x 11,Vertical,Rectangle,16PT C2S,Spot UV,Silk,Spot UV Back,4/4 (4 color both sides),2500,Score in Half,Slide Slits Bottom Panel,Yes 2500 Envelopes A9
Majestic,Silk,8.5 x 11,Horizontal,Rectangle,16PT C2S,Spot UV,Silk,Spot UV Back,4/4 (4 color both sides),2500,Score in Half,Slide Slits Bottom Panel,Yes 2500 Envelopes A9
Majestic,Silk,8.5 x 11,Vertical,Rectangle,16PT C2S,Spot UV,Silk,Spot UV Both Sides,4/4 (4 color both sides),10000,Score in Half,No Gift Cards Slits,Yes 2500 Envelopes A9
Majestic,Silk,8.5 x 11,Vertical,Rectangle,16PT C2S,Spot UV,Silk,Spot UV Both Sides,4/4 (4 color both sides),2500,Score in Half,Slide Slits Bottom Panel,Yes 2500 Envelopes A9
Majestic,Silk,8.5 x 11,Horizontal,Rectangle,16PT C2S,Spot UV,Silk,Spot UV Front,4/1,5000,Score in Half,Slide Slits Bottom Panel,Yes 2500 Envelopes A9
Majestic,Silk,8.5 x 11,Vertical,Rectangle,16PT C2S,Spot UV,Silk,Spot UV Front,4/1,5000,Score in Half,Slide Slits Bottom Panel,Yes 2500 Envelopes A9
Majestic,Silk,8.5 x 11,Horizontal,Rectangle,16PT C2S,Spot UV,Silk,Spot UV Back,4/1,5000,Score in Half,Slide Slits Bottom Panel,Yes 2500 Envelopes A9
Majestic,Silk,8.5 x 11,Vertical,Rectangle,16PT C2S,Spot UV,Silk,Spot UV Back,4/1,5000,Score in Half,Slide Slits Bottom Panel,Yes 2500 Envelopes A9
Majestic,Silk,8.5 x 11,Horizontal,Rectangle,16PT C2S,Spot UV,Silk,Spot UV Both Sides,4/1,5000,Score in Half,Slide Slits Bottom Panel,Yes 2500 Envelopes A9
Majestic,Silk,8.5 x 11,Horizontal,Rectangle,16PT C2S,Spot UV,Silk,Spot UV Back,4/1,1000,Score in Half,Slide Slits Bottom Panel,Yes 2500 Envelopes A9
Majestic,Silk,8.5 x 11,Vertical,Rectangle,16PT C2S,Spot UV,Silk,Spot UV Both Sides,4/1,1000,Score in Half,Slide Slits Bottom Panel,Yes 2500 Envelopes A9
Majestic,Silk,8.5 x 11,Vertical,Rectangle,16PT C2S,Spot UV,Silk,Spot UV Front,4/4 (4 color both sides),5000,Score in Half,Slide Slits Bottom Panel,Yes 2500 Envelopes A9
Majestic,Silk,8.5 x 11,Horizontal,Rectangle,16PT C2S,Spot UV,Silk,Spot UV Back,4/4 (4 color both sides),5000,Score in Half,Slide Slits Bottom Panel,Yes 2500 Envelopes A9
Majestic,Silk,8.5 x 11,Vertical,Rectangle,16PT C2S,Spot UV,Silk,Spot UV Back,4/4 (4 color both sides),5000,Score in Half,Slide Slits Bottom Panel,Yes 2500 Envelopes A9
Majestic,Silk,8.5 x 11,Horizontal,Rectangle,16PT C2S,Spot UV,Silk,Spot UV Both Sides,4/4 (4 color both sides),5000,Score in Half,Slide Slits Bottom Panel,Yes 2500 Envelopes A9
Majestic,Silk,8.5 x 11,Vertical,Rectangle,16PT C2S,Spot UV,Silk,Spot UV Both Sides,4/4 (4 color both sides),5000,Score in Half,Slide Slits Bottom Panel,Yes 2500 Envelopes A9
Majestic,Silk,8.5 x 11,Horizontal,Rectangle,16PT C2S,Spot UV,Silk,Spot UV Front,4/1,10000,Score in Half,Slide Slits Bottom Panel,Yes 2500 Envelopes A9
Majestic,Silk,8.5 x 11,Vertical,Rectangle,16PT C2S,Spot UV,Silk,Spot UV Back,4/1,10000,Score in Half,Slide Slits Bottom Panel,Yes 2500 Envelopes A9
Majestic,Silk,8.5 x 11,Horizontal,Rectangle,16PT C2S,Spot UV,Silk,Spot UV Back,4/1,10000,Score in Half,Slide Slits Bottom Panel,Yes 2500 Envelopes A9
Majestic,Silk,8.5 x 11,Horizontal,Rectangle,16PT C2S,Spot UV,Silk,Spot UV Both Sides,4/1,10000,Score in Half,Slide Slits Bottom Panel,Yes 2500 Envelopes A9
Majestic,Silk,8.5 x 11,Vertical,Rectangle,16PT C2S,Spot UV,Silk,Spot UV Both Sides,4/1,10000,Score in Half,Slide Slits Bottom Panel,Yes 2500 Envelopes A9
Majestic,Silk,8.5 x 11,Vertical,Rectangle,16PT C2S,Spot UV,Silk,Spot UV Front,4/4 (4 color both sides),10000,Score in Half,Slide Slits Bottom Panel,Yes 2500 Envelopes A9
Majestic,Silk,8.5 x 11,Horizontal,Rectangle,16PT C2S,Spot UV,Silk,Spot UV Front,4/4 (4 color both sides),10000,Score in Half,Slide Slits Bottom Panel,Yes 2500 Envelopes A9
Majestic,Silk,8.5 x 11,Vertical,Rectangle,16PT C2S,Spot UV,Silk,Spot UV Front,4/1,10000,Score in Half,Slide Slits Bottom Panel,Yes 2500 Envelopes A9
Majestic,Silk,8.5 x 11,Vertical,Rectangle,16PT C2S,Spot UV,Silk,Spot UV Back,4/4 (4 color both sides),10000,Score in Half,Slide Slits Bottom Panel,Yes 2500 Envelopes A9
Majestic,Silk,8.5 x 11,Horizontal,Rectangle,16PT C2S,Spot UV,Silk,Spot UV Back,4/4 (4 color both sides),10000,Score in Half,Slide Slits Bottom Panel,Yes 2500 Envelopes A9
Majestic,Silk,8.5 x 11,Horizontal,Rectangle,16PT C2S,Spot UV,Silk,Spot UV Both Sides,4/4 (4 color both sides),10000,Score in Half,Slide Slits Bottom Panel,Yes 2500 Envelopes A9
Majestic,Silk,8.5 x 11,Vertical,Rectangle,16PT C2S,Spot UV,Silk,Spot UV Both Sides,4/4 (4 color both sides),10000,Score in Half,Slide Slits Bottom Panel,Yes 2500 Envelopes A9
Majestic,Silk,8.5 x 11,Horizontal,Rectangle,16PT C2S,Spot UV,Silk,Spot UV Front,4/1,500,Score in Half,Slide Slits Right Panel,Yes 2500 Envelopes A9
Majestic,Silk,8.5 x 11,Vertical,Rectangle,16PT C2S,Spot UV,Silk,Spot UV Front,4/1,500,Score in Half,Slide Slits Right Panel,Yes 2500 Envelopes A9
Majestic,Silk,8.5 x 11,Horizontal,Rectangle,16PT C2S,Spot UV,Silk,Spot UV Back,4/1,500,Score in Half,Slide Slits Right Panel,Yes 2500 Envelopes A9
Majestic,Silk,8.5 x 11,Vertical,Rectangle,16PT C2S,Spot UV,Silk,Spot UV Both Sides,4/1,500,Score in Half,Slide Slits Right Panel,Yes 2500 Envelopes A9
Majestic,Silk,8.5 x 11,Horizontal,Rectangle,16PT C2S,Spot UV,Silk,Spot UV Both Sides,4/1,500,Score in Half,Slide Slits Right Panel,Yes 2500 Envelopes A9
Majestic,Silk,8.5 x 11,Horizontal,Rectangle,16PT C2S,Spot UV,Silk,Spot UV Front,4/4 (4 color both sides),500,Score in Half,Slide Slits Right Panel,Yes 2500 Envelopes A9
Majestic,Silk,8.5 x 11,Vertical,Rectangle,16PT C2S,Spot UV,Silk,Spot UV Back,4/1,500,Score in Half,Slide Slits Right Panel,Yes 2500 Envelopes A9
Majestic,Silk,8.5 x 11,Vertical,Rectangle,16PT C2S,Spot UV,Silk,Spot UV Front,4/4 (4 color both sides),500,Score in Half,Slide Slits Right Panel,Yes 2500 Envelopes A9
Majestic,Silk,8.5 x 11,Vertical,Rectangle,16PT C2S,Spot UV,Silk,Spot UV Back,4/4 (4 color both sides),500,Score in Half,Slide Slits Right Panel,Yes 2500 Envelopes A9
Majestic,Silk,8.5 x 11,Horizontal,Rectangle,16PT C2S,Spot UV,Silk,Spot UV Back,4/4 (4 color both sides),500,Score in Half,Slide Slits Right Panel,Yes 2500 Envelopes A9
Majestic,Silk,8.5 x 11,Horizontal,Rectangle,16PT C2S,Spot UV,Silk,Spot UV Both Sides,4/4 (4 color both sides),500,Score in Half,Slide Slits Right Panel,Yes 2500 Envelopes A9
Majestic,Silk,8.5 x 11,Vertical,Rectangle,16PT C2S,Spot UV,Silk,Spot UV Both Sides,4/4 (4 color both sides),500,Score in Half,Slide Slits Right Panel,Yes 2500 Envelopes A9
Majestic,Silk,8.5 x 11,Horizontal,Rectangle,16PT C2S,Spot UV,Silk,Spot UV Front,4/1,1000,Score in Half,Slide Slits Right Panel,Yes 2500 Envelopes A9
Majestic,Silk,8.5 x 11,Vertical,Rectangle,16PT C2S,Spot UV,Silk,Spot UV Front,4/1,1000,Score in Half,Slide Slits Right Panel,Yes 2500 Envelopes A9
Majestic,Silk,8.5 x 11,Vertical,Rectangle,16PT C2S,Spot UV,Silk,Spot UV Both Sides,4/1,5000,Score in Half,Slide Slits Bottom Panel,Yes 2500 Envelopes A9
Majestic,Silk,8.5 x 11,Vertical,Rectangle,16PT C2S,Spot UV,Silk,Spot UV Back,4/1,1000,Score in Half,Slide Slits Right Panel,Yes 2500 Envelopes A9
Majestic,Silk,8.5 x 11,Horizontal,Rectangle,16PT C2S,Spot UV,Silk,Spot UV Both Sides,4/1,1000,Score in Half,Slide Slits Right Panel,Yes 2500 Envelopes A9
Majestic,Silk,8.5 x 11,Vertical,Rectangle,16PT C2S,Spot UV,Silk,Spot UV Both Sides,4/1,1000,Score in Half,Slide Slits Right Panel,Yes 2500 Envelopes A9
Majestic,Silk,8.5 x 11,Horizontal,Rectangle,16PT C2S,Spot UV,Silk,Spot UV Front,4/4 (4 color both sides),1000,Score in Half,Slide Slits Right Panel,Yes 2500 Envelopes A9
Majestic,Silk,8.5 x 11,Vertical,Rectangle,16PT C2S,Spot UV,Silk,Spot UV Front,4/4 (4 color both sides),1000,Score in Half,Slide Slits Right Panel,Yes 2500 Envelopes A9
Majestic,Silk,8.5 x 11,Vertical,Rectangle,16PT C2S,Spot UV,Silk,Spot UV Back,4/4 (4 color both sides),1000,Score in Half,Slide Slits Right Panel,Yes 2500 Envelopes A9
Majestic,Silk,8.5 x 11,Horizontal,Rectangle,16PT C2S,Spot UV,Silk,Spot UV Back,4/4 (4 color both sides),1000,Score in Half,Slide Slits Right Panel,Yes 2500 Envelopes A9
Majestic,Silk,8.5 x 11,Horizontal,Rectangle,16PT C2S,Spot UV,Silk,Spot UV Both Sides,4/4 (4 color both sides),1000,Score in Half,Slide Slits Right Panel,Yes 2500 Envelopes A9
Majestic,Silk,8.5 x 11,Vertical,Rectangle,16PT C2S,Spot UV,Silk,Spot UV Both Sides,4/4 (4 color both sides),1000,Score in Half,Slide Slits Right Panel,Yes 2500 Envelopes A9
Majestic,Silk,8.5 x 11,Horizontal,Rectangle,16PT C2S,Spot UV,Silk,Spot UV Front,4/1,2500,Score in Half,Slide Slits Right Panel,Yes 2500 Envelopes A9
Majestic,Silk,8.5 x 11,Vertical,Rectangle,16PT C2S,Spot UV,Silk,Spot UV Front,4/1,2500,Score in Half,Slide Slits Right Panel,Yes 2500 Envelopes A9
Majestic,Silk,8.5 x 11,Horizontal,Rectangle,16PT C2S,Spot UV,Silk,Spot UV Back,4/1,2500,Score in Half,Slide Slits Right Panel,Yes 2500 Envelopes A9
Majestic,Silk,8.5 x 11,Vertical,Rectangle,16PT C2S,Spot UV,Silk,Spot UV Back,4/1,2500,Score in Half,Slide Slits Right Panel,Yes 2500 Envelopes A9
Majestic,Silk,8.5 x 11,Horizontal,Rectangle,16PT C2S,Spot UV,Silk,Spot UV Both Sides,4/1,2500,Score in Half,Slide Slits Right Panel,Yes 2500 Envelopes A9
Majestic,Silk,8.5 x 11,Vertical,Rectangle,16PT C2S,Spot UV,Silk,Spot UV Both Sides,4/1,2500,Score in Half,Slide Slits Right Panel,Yes 2500 Envelopes A9
Majestic,Silk,8.5 x 11,Vertical,Rectangle,16PT C2S,Spot UV,Silk,Spot UV Front,4/4 (4 color both sides),2500,Score in Half,Slide Slits Right Panel,Yes 2500 Envelopes A9
Majestic,Silk,8.5 x 11,Horizontal,Rectangle,16PT C2S,Spot UV,Silk,Spot UV Front,4/4 (4 color both sides),2500,Score in Half,Slide Slits Right Panel,Yes 2500 Envelopes A9
Majestic,Silk,8.5 x 11,Horizontal,Rectangle,16PT C2S,Spot UV,Silk,Spot UV Back,4/4 (4 color both sides),2500,Score in Half,Slide Slits Right Panel,Yes 2500 Envelopes A9
Majestic,Silk,8.5 x 11,Vertical,Rectangle,16PT C2S,Spot UV,Silk,Spot UV Back,4/4 (4 color both sides),2500,Score in Half,Slide Slits Right Panel,Yes 2500 Envelopes A9
Majestic,Silk,8.5 x 11,Horizontal,Rectangle,16PT C2S,Spot UV,Silk,Spot UV Both Sides,4/4 (4 color both sides),2500,Score in Half,Slide Slits Right Panel,Yes 2500 Envelopes A9
Majestic,Silk,8.5 x 11,Horizontal,Rectangle,16PT C2S,Spot UV,Silk,Spot UV Back,4/1,1000,Score in Half,Slide Slits Right Panel,Yes 2500 Envelopes A9
Majestic,Silk,8.5 x 11,Horizontal,Rectangle,16PT C2S,Spot UV,Silk,Spot UV Front,4/4 (4 color both sides),5000,Score in Half,Slide Slits Bottom Panel,Yes 2500 Envelopes A9
Majestic,Silk,8.5 x 11,Vertical,Rectangle,16PT C2S,Spot UV,Silk,Spot UV Both Sides,4/4 (4 color both sides),2500,Score in Half,Slide Slits Right Panel,Yes 2500 Envelopes A9
Majestic,Silk,8.5 x 11,Horizontal,Rectangle,16PT C2S,Spot UV,Silk,Spot UV Back,4/1,5000,Score in Half,Slide Slits Right Panel,Yes 2500 Envelopes A9
Majestic,Silk,8.5 x 11,Vertical,Rectangle,16PT C2S,Spot UV,Silk,Spot UV Back,4/1,5000,Score in Half,Slide Slits Right Panel,Yes 2500 Envelopes A9
Majestic,Silk,8.5 x 11,Horizontal,Rectangle,16PT C2S,Spot UV,Silk,Spot UV Both Sides,4/1,5000,Score in Half,Slide Slits Right Panel,Yes 2500 Envelopes A9
Majestic,Silk,8.5 x 11,Vertical,Rectangle,16PT C2S,Spot UV,Silk,Spot UV Both Sides,4/1,5000,Score in Half,Slide Slits Right Panel,Yes 2500 Envelopes A9
Majestic,Silk,8.5 x 11,Horizontal,Rectangle,16PT C2S,Spot UV,Silk,Spot UV Front,4/4 (4 color both sides),5000,Score in Half,Slide Slits Right Panel,Yes 2500 Envelopes A9
Majestic,Silk,8.5 x 11,Vertical,Rectangle,16PT C2S,Spot UV,Silk,Spot UV Front,4/4 (4 color both sides),5000,Score in Half,Slide Slits Right Panel,Yes 2500 Envelopes A9
Majestic,Silk,8.5 x 11,Horizontal,Rectangle,16PT C2S,Spot UV,Silk,Spot UV Back,4/4 (4 color both sides),5000,Score in Half,Slide Slits Right Panel,Yes 2500 Envelopes A9
Majestic,Silk,8.5 x 11,Vertical,Rectangle,16PT C2S,Spot UV,Silk,Spot UV Back,4/4 (4 color both sides),5000,Score in Half,Slide Slits Right Panel,Yes 2500 Envelopes A9
Majestic,Silk,8.5 x 11,Horizontal,Rectangle,16PT C2S,Spot UV,Silk,Spot UV Both Sides,4/4 (4 color both sides),2500,Score in Half,Slide Slits Bottom Panel,Yes 2500 Envelopes A9
Majestic,Silk,8.5 x 11,Vertical,Rectangle,16PT C2S,Spot UV,Silk,Spot UV Both Sides,4/4 (4 color both sides),5000,Score in Half,Slide Slits Right Panel,Yes 2500 Envelopes A9
Majestic,Silk,8.5 x 11,Horizontal,Rectangle,16PT C2S,Spot UV,Silk,Spot UV Front,4/1,10000,Score in Half,Slide Slits Right Panel,Yes 2500 Envelopes A9
Majestic,Silk,8.5 x 11,Vertical,Rectangle,16PT C2S,Spot UV,Silk,Spot UV Front,4/1,10000,Score in Half,Slide Slits Right Panel,Yes 2500 Envelopes A9
Majestic,Silk,8.5 x 11,Horizontal,Rectangle,16PT C2S,Spot UV,Silk,Spot UV Back,4/1,10000,Score in Half,Slide Slits Right Panel,Yes 2500 Envelopes A9
Majestic,Silk,8.5 x 11,Vertical,Rectangle,16PT C2S,Spot UV,Silk,Spot UV Back,4/1,10000,Score in Half,Slide Slits Right Panel,Yes 2500 Envelopes A9
Majestic,Silk,8.5 x 11,Horizontal,Rectangle,16PT C2S,Spot UV,Silk,Spot UV Both Sides,4/1,10000,Score in Half,Slide Slits Right Panel,Yes 2500 Envelopes A9
Majestic,Silk,8.5 x 11,Horizontal,Rectangle,16PT C2S,Spot UV,Silk,Spot UV Front,4/1,5000,Score in Half,Slide Slits Right Panel,Yes 2500 Envelopes A9
Majestic,Silk,8.5 x 11,Vertical,Rectangle,16PT C2S,Spot UV,Silk,Spot UV Front,4/4 (4 color both sides),10000,Score in Half,Slide Slits Right Panel,Yes 2500 Envelopes A9
Majestic,Silk,8.5 x 11,Horizontal,Rectangle,16PT C2S,Spot UV,Silk,Spot UV Both Sides,4/4 (4 color both sides),5000,Score in Half,Slide Slits Right Panel,Yes 2500 Envelopes A9
Majestic,Silk,8.5 x 11,Horizontal,Rectangle,16PT C2S,Spot UV,Silk,Spot UV Front,4/4 (4 color both sides),10000,Score in Half,Slide Slits Right Panel,Yes 2500 Envelopes A9
Majestic,Silk,8.5 x 11,Horizontal,Rectangle,16PT C2S,Spot UV,Silk,Spot UV Both Sides,4/4 (4 color both sides),10000,Score in Half,Slide Slits Right Panel,Yes 2500 Envelopes A9
Majestic,Silk,8.5 x 11,Horizontal,Rectangle,16PT C2S,Spot UV,Silk,Spot UV Front,4/1,500,Score in Half,Moon Slits Bottom Panel,Yes 5000 Envelopes A9
Majestic,Silk,8.5 x 11,Vertical,Rectangle,16PT C2S,Spot UV,Silk,Spot UV Both Sides,4/4 (4 color both sides),10000,Score in Half,Slide Slits Right Panel,Yes 2500 Envelopes A9
Majestic,Silk,8.5 x 11,Vertical,Rectangle,16PT C2S,Spot UV,Silk,Spot UV Front,4/1,500,Score in Half,Moon Slits Bottom Panel,Yes 5000 Envelopes A9
Majestic,Silk,8.5 x 11,Horizontal,Rectangle,16PT C2S,Spot UV,Silk,Spot UV Back,4/4 (4 color both sides),10000,Score in Half,Slide Slits Right Panel,Yes 2500 Envelopes A9
Majestic,Silk,8.5 x 11,Horizontal,Rectangle,16PT C2S,Spot UV,Silk,Spot UV Back,4/1,500,Score in Half,Moon Slits Bottom Panel,Yes 5000 Envelopes A9
Majestic,Silk,8.5 x 11,Vertical,Rectangle,16PT C2S,Spot UV,Silk,Spot UV Back,4/1,500,Score in Half,Moon Slits Bottom Panel,Yes 5000 Envelopes A9
Majestic,Silk,8.5 x 11,Vertical,Rectangle,16PT C2S,Spot UV,Silk,Spot UV Both Sides,4/1,10000,Score in Half,Slide Slits Right Panel,Yes 2500 Envelopes A9
Majestic,Silk,8.5 x 11,Vertical,Rectangle,16PT C2S,Spot UV,Silk,Spot UV Both Sides,4/1,500,Score in Half,Moon Slits Bottom Panel,Yes 5000 Envelopes A9
Majestic,Silk,8.5 x 11,Horizontal,Rectangle,16PT C2S,Spot UV,Silk,Spot UV Front,4/4 (4 color both sides),500,Score in Half,Moon Slits Bottom Panel,Yes 5000 Envelopes A9
Majestic,Silk,8.5 x 11,Vertical,Rectangle,16PT C2S,Spot UV,Silk,Spot UV Front,4/4 (4 color both sides),500,Score in Half,Moon Slits Bottom Panel,Yes 5000 Envelopes A9
Majestic,Silk,8.5 x 11,Horizontal,Rectangle,16PT C2S,Spot UV,Silk,Spot UV Back,4/4 (4 color both sides),500,Score in Half,Moon Slits Bottom Panel,Yes 5000 Envelopes A9
Majestic,Silk,8.5 x 11,Vertical,Rectangle,16PT C2S,Spot UV,Silk,Spot UV Back,4/4 (4 color both sides),500,Score in Half,Moon Slits Bottom Panel,Yes 5000 Envelopes A9
Majestic,Silk,8.5 x 11,Horizontal,Rectangle,16PT C2S,Spot UV,Silk,Spot UV Both Sides,4/4 (4 color both sides),500,Score in Half,Moon Slits Bottom Panel,Yes 5000 Envelopes A9
Majestic,Silk,8.5 x 11,Vertical,Rectangle,16PT C2S,Spot UV,Silk,Spot UV Both Sides,4/4 (4 color both sides),500,Score in Half,Moon Slits Bottom Panel,Yes 5000 Envelopes A9
Majestic,Silk,8.5 x 11,Horizontal,Rectangle,16PT C2S,Spot UV,Silk,Spot UV Front,4/1,1000,Score in Half,Moon Slits Bottom Panel,Yes 5000 Envelopes A9
Majestic,Silk,8.5 x 11,Vertical,Rectangle,16PT C2S,Spot UV,Silk,Spot UV Front,4/1,1000,Score in Half,Moon Slits Bottom Panel,Yes 5000 Envelopes A9
Majestic,Silk,8.5 x 11,Horizontal,Rectangle,16PT C2S,Spot UV,Silk,Spot UV Back,4/1,1000,Score in Half,Moon Slits Bottom Panel,Yes 5000 Envelopes A9
Majestic,Silk,8.5 x 11,Vertical,Rectangle,16PT C2S,Spot UV,Silk,Spot UV Front,4/1,5000,Score in Half,Slide Slits Right Panel,Yes 2500 Envelopes A9
Majestic,Silk,8.5 x 11,Vertical,Rectangle,16PT C2S,Spot UV,Silk,Spot UV Back,4/1,1000,Score in Half,Moon Slits Bottom Panel,Yes 5000 Envelopes A9
Majestic,Silk,8.5 x 11,Vertical,Rectangle,16PT C2S,Spot UV,Silk,Spot UV Back,4/4 (4 color both sides),10000,Score in Half,Slide Slits Right Panel,Yes 2500 Envelopes A9
Majestic,Silk,8.5 x 11,Horizontal,Rectangle,16PT C2S,Spot UV,Silk,Spot UV Front,4/4 (4 color both sides),1000,Score in Half,Moon Slits Bottom Panel,Yes 5000 Envelopes A9
Majestic,Silk,8.5 x 11,Vertical,Rectangle,16PT C2S,Spot UV,Silk,Spot UV Front,4/4 (4 color both sides),1000,Score in Half,Moon Slits Bottom Panel,Yes 5000 Envelopes A9
Majestic,Silk,8.5 x 11,Horizontal,Rectangle,16PT C2S,Spot UV,Silk,Spot UV Back,4/4 (4 color both sides),1000,Score in Half,Moon Slits Bottom Panel,Yes 5000 Envelopes A9
Majestic,Silk,8.5 x 11,Horizontal,Rectangle,16PT C2S,Spot UV,Silk,Spot UV Both Sides,4/1,1000,Score in Half,Moon Slits Bottom Panel,Yes 5000 Envelopes A9
Majestic,Silk,8.5 x 11,Vertical,Rectangle,16PT C2S,Spot UV,Silk,Spot UV Back,4/4 (4 color both sides),1000,Score in Half,Moon Slits Bottom Panel,Yes 5000 Envelopes A9
Majestic,Silk,8.5 x 11,Vertical,Rectangle,16PT C2S,Spot UV,Silk,Spot UV Both Sides,4/4 (4 color both sides),1000,Score in Half,Moon Slits Bottom Panel,Yes 5000 Envelopes A9
Majestic,Silk,8.5 x 11,Horizontal,Rectangle,16PT C2S,Spot UV,Silk,Spot UV Front,4/1,2500,Score in Half,Moon Slits Bottom Panel,Yes 5000 Envelopes A9
Majestic,Silk,8.5 x 11,Vertical,Rectangle,16PT C2S,Spot UV,Silk,Spot UV Front,4/1,2500,Score in Half,Moon Slits Bottom Panel,Yes 5000 Envelopes A9
Majestic,Silk,8.5 x 11,Horizontal,Rectangle,16PT C2S,Spot UV,Silk,Spot UV Back,4/1,2500,Score in Half,Moon Slits Bottom Panel,Yes 5000 Envelopes A9
Majestic,Silk,8.5 x 11,Vertical,Rectangle,16PT C2S,Spot UV,Silk,Spot UV Both Sides,4/1,2500,Score in Half,Moon Slits Bottom Panel,Yes 5000 Envelopes A9
Majestic,Silk,8.5 x 11,Horizontal,Rectangle,16PT C2S,Spot UV,Silk,Spot UV Front,4/4 (4 color both sides),2500,Score in Half,Moon Slits Bottom Panel,Yes 5000 Envelopes A9
Majestic,Silk,8.5 x 11,Vertical,Rectangle,16PT C2S,Spot UV,Silk,Spot UV Back,4/1,2500,Score in Half,Moon Slits Bottom Panel,Yes 5000 Envelopes A9
Majestic,Silk,8.5 x 11,Horizontal,Rectangle,16PT C2S,Spot UV,Silk,Spot UV Both Sides,4/1,2500,Score in Half,Moon Slits Bottom Panel,Yes 5000 Envelopes A9
Majestic,Silk,8.5 x 11,Horizontal,Rectangle,16PT C2S,Spot UV,Silk,Spot UV Back,4/4 (4 color both sides),2500,Score in Half,Moon Slits Bottom Panel,Yes 5000 Envelopes A9
Majestic,Silk,8.5 x 11,Vertical,Rectangle,16PT C2S,Spot UV,Silk,Spot UV Back,4/4 (4 color both sides),2500,Score in Half,Moon Slits Bottom Panel,Yes 5000 Envelopes A9
Majestic,Silk,8.5 x 11,Vertical,Rectangle,16PT C2S,Spot UV,Silk,Spot UV Front,4/4 (4 color both sides),2500,Score in Half,Moon Slits Bottom Panel,Yes 5000 Envelopes A9
Majestic,Silk,8.5 x 11,Horizontal,Rectangle,16PT C2S,Spot UV,Silk,Spot UV Both Sides,4/4 (4 color both sides),2500,Score in Half,Moon Slits Bottom Panel,Yes 5000 Envelopes A9
Majestic,Silk,8.5 x 11,Vertical,Rectangle,16PT C2S,Spot UV,Silk,Spot UV Both Sides,4/4 (4 color both sides),2500,Score in Half,Moon Slits Bottom Panel,Yes 5000 Envelopes A9
Majestic,Silk,8.5 x 11,Horizontal,Rectangle,16PT C2S,Spot UV,Silk,Spot UV Front,4/1,5000,Score in Half,Moon Slits Bottom Panel,Yes 5000 Envelopes A9
Majestic,Silk,8.5 x 11,Vertical,Rectangle,16PT C2S,Spot UV,Silk,Spot UV Front,4/1,5000,Score in Half,Moon Slits Bottom Panel,Yes 5000 Envelopes A9
Majestic,Silk,8.5 x 11,Vertical,Rectangle,16PT C2S,Spot UV,Silk,Spot UV Both Sides,4/1,1000,Score in Half,Moon Slits Bottom Panel,Yes 5000 Envelopes A9
Majestic,Silk,8.5 x 11,Vertical,Rectangle,16PT C2S,Spot UV,Silk,Spot UV Back,4/1,5000,Score in Half,Moon Slits Bottom Panel,Yes 5000 Envelopes A9
Majestic,Silk,8.5 x 11,Horizontal,Rectangle,16PT C2S,Spot UV,Silk,Spot UV Both Sides,4/1,5000,Score in Half,Moon Slits Bottom Panel,Yes 5000 Envelopes A9
Majestic,Silk,8.5 x 11,Vertical,Rectangle,16PT C2S,Spot UV,Silk,Spot UV Both Sides,4/1,5000,Score in Half,Moon Slits Bottom Panel,Yes 5000 Envelopes A9
Majestic,Silk,8.5 x 11,Horizontal,Rectangle,16PT C2S,Spot UV,Silk,Spot UV Both Sides,4/4 (4 color both sides),1000,Score in Half,Moon Slits Bottom Panel,Yes 5000 Envelopes A9
Majestic,Silk,8.5 x 11,Horizontal,Rectangle,16PT C2S,Spot UV,Silk,Spot UV Both Sides,4/1,500,Score in Half,Moon Slits Bottom Panel,Yes 5000 Envelopes A9
Majestic,Silk,8.5 x 11,Horizontal,Rectangle,16PT C2S,Spot UV,Silk,Spot UV Back,4/1,5000,Score in Half,Moon Slits Bottom Panel,Yes 5000 Envelopes A9
Majestic,Silk,8.5 x 11,Vertical,Rectangle,16PT C2S,Spot UV,Silk,Spot UV Both Sides,4/4 (4 color both sides),5000,Score in Half,Moon Slits Bottom Panel,Yes 5000 Envelopes A9
Majestic,Silk,8.5 x 11,Horizontal,Rectangle,16PT C2S,Spot UV,Silk,Spot UV Front,4/1,10000,Score in Half,Moon Slits Bottom Panel,Yes 5000 Envelopes A9
Majestic,Silk,8.5 x 11,Vertical,Rectangle,16PT C2S,Spot UV,Silk,Spot UV Back,4/4 (4 color both sides),5000,Score in Half,Moon Slits Bottom Panel,Yes 5000 Envelopes A9
Majestic,Silk,8.5 x 11,Vertical,Rectangle,16PT C2S,Spot UV,Silk,Spot UV Front,4/1,10000,Score in Half,Moon Slits Bottom Panel,Yes 5000 Envelopes A9
Majestic,Silk,8.5 x 11,Horizontal,Rectangle,16PT C2S,Spot UV,Silk,Spot UV Back,4/1,10000,Score in Half,Moon Slits Bottom Panel,Yes 5000 Envelopes A9
Majestic,Silk,8.5 x 11,Horizontal,Rectangle,16PT C2S,Spot UV,Silk,Spot UV Both Sides,4/4 (4 color both sides),5000,Score in Half,Moon Slits Bottom Panel,Yes 5000 Envelopes A9
Majestic,Silk,8.5 x 11,Horizontal,Rectangle,16PT C2S,Spot UV,Silk,Spot UV Both Sides,4/1,10000,Score in Half,Moon Slits Bottom Panel,Yes 5000 Envelopes A9
Majestic,Silk,8.5 x 11,Vertical,Rectangle,16PT C2S,Spot UV,Silk,Spot UV Back,4/1,10000,Score in Half,Moon Slits Bottom Panel,Yes 5000 Envelopes A9
Majestic,Silk,8.5 x 11,Horizontal,Rectangle,16PT C2S,Spot UV,Silk,Spot UV Back,4/4 (4 color both sides),5000,Score in Half,Moon Slits Bottom Panel,Yes 5000 Envelopes A9
Majestic,Silk,8.5 x 11,Horizontal,Rectangle,16PT C2S,Spot UV,Silk,Spot UV Front,4/4 (4 color both sides),10000,Score in Half,Moon Slits Bottom Panel,Yes 5000 Envelopes A9
Majestic,Silk,8.5 x 11,Vertical,Rectangle,16PT C2S,Spot UV,Silk,Spot UV Front,4/4 (4 color both sides),10000,Score in Half,Moon Slits Bottom Panel,Yes 5000 Envelopes A9
Majestic,Silk,8.5 x 11,Horizontal,Rectangle,16PT C2S,Spot UV,Silk,Spot UV Back,4/4 (4 color both sides),10000,Score in Half,Moon Slits Bottom Panel,Yes 5000 Envelopes A9
Majestic,Silk,8.5 x 11,Vertical,Rectangle,16PT C2S,Spot UV,Silk,Spot UV Back,4/4 (4 color both sides),10000,Score in Half,Moon Slits Bottom Panel,Yes 5000 Envelopes A9
Majestic,Silk,8.5 x 11,Vertical,Rectangle,16PT C2S,Spot UV,Silk,Spot UV Front,4/4 (4 color both sides),5000,Score in Half,Moon Slits Bottom Panel,Yes 5000 Envelopes A9
Majestic,Silk,8.5 x 11,Vertical,Rectangle,16PT C2S,Spot UV,Silk,Spot UV Both Sides,4/1,10000,Score in Half,Moon Slits Bottom Panel,Yes 5000 Envelopes A9
Majestic,Silk,8.5 x 11,Horizontal,Rectangle,16PT C2S,Spot UV,Silk,Spot UV Front,4/1,500,Score in Half,Moon Slits Right Panel,Yes 5000 Envelopes A9
Majestic,Silk,8.5 x 11,Horizontal,Rectangle,16PT C2S,Spot UV,Silk,Spot UV Back,4/1,500,Score in Half,Moon Slits Right Panel,Yes 5000 Envelopes A9
Majestic,Silk,8.5 x 11,Vertical,Rectangle,16PT C2S,Spot UV,Silk,Spot UV Back,4/1,500,Score in Half,Moon Slits Right Panel,Yes 5000 Envelopes A9
Majestic,Silk,8.5 x 11,Vertical,Rectangle,16PT C2S,Spot UV,Silk,Spot UV Front,4/1,500,Score in Half,Moon Slits Right Panel,Yes 5000 Envelopes A9
Majestic,Silk,8.5 x 11,Horizontal,Rectangle,16PT C2S,Spot UV,Silk,Spot UV Front,4/4 (4 color both sides),500,Score in Half,Moon Slits Right Panel,Yes 5000 Envelopes A9
Majestic,Silk,8.5 x 11,Vertical,Rectangle,16PT C2S,Spot UV,Silk,Spot UV Both Sides,4/1,500,Score in Half,Moon Slits Right Panel,Yes 5000 Envelopes A9
Majestic,Silk,8.5 x 11,Horizontal,Rectangle,16PT C2S,Spot UV,Silk,Spot UV Both Sides,4/1,500,Score in Half,Moon Slits Right Panel,Yes 5000 Envelopes A9
Majestic,Silk,8.5 x 11,Vertical,Rectangle,16PT C2S,Spot UV,Silk,Spot UV Front,4/4 (4 color both sides),500,Score in Half,Moon Slits Right Panel,Yes 5000 Envelopes A9
Majestic,Silk,8.5 x 11,Horizontal,Rectangle,16PT C2S,Spot UV,Silk,Spot UV Back,4/4 (4 color both sides),500,Score in Half,Moon Slits Right Panel,Yes 5000 Envelopes A9
Majestic,Silk,8.5 x 11,Vertical,Rectangle,16PT C2S,Spot UV,Silk,Spot UV Back,4/4 (4 color both sides),500,Score in Half,Moon Slits Right Panel,Yes 5000 Envelopes A9
Majestic,Silk,8.5 x 11,Horizontal,Rectangle,16PT C2S,Spot UV,Silk,Spot UV Both Sides,4/4 (4 color both sides),500,Score in Half,Moon Slits Right Panel,Yes 5000 Envelopes A9
Majestic,Silk,8.5 x 11,Horizontal,Rectangle,16PT C2S,Spot UV,Silk,Spot UV Both Sides,4/4 (4 color both sides),10000,Score in Half,Moon Slits Bottom Panel,Yes 5000 Envelopes A9
Majestic,Silk,8.5 x 11,Horizontal,Rectangle,16PT C2S,Spot UV,Silk,Spot UV Front,4/1,1000,Score in Half,Moon Slits Right Panel,Yes 5000 Envelopes A9
Majestic,Silk,8.5 x 11,Horizontal,Rectangle,16PT C2S,Spot UV,Silk,Spot UV Back,4/1,1000,Score in Half,Moon Slits Right Panel,Yes 5000 Envelopes A9
Majestic,Silk,8.5 x 11,Vertical,Rectangle,16PT C2S,Spot UV,Silk,Spot UV Both Sides,4/4 (4 color both sides),500,Score in Half,Moon Slits Right Panel,Yes 5000 Envelopes A9
Majestic,Silk,8.5 x 11,Vertical,Rectangle,16PT C2S,Spot UV,Silk,Spot UV Back,4/1,1000,Score in Half,Moon Slits Right Panel,Yes 5000 Envelopes A9
Majestic,Silk,8.5 x 11,Horizontal,Rectangle,16PT C2S,Spot UV,Silk,Spot UV Both Sides,4/1,1000,Score in Half,Moon Slits Right Panel,Yes 5000 Envelopes A9
Majestic,Silk,8.5 x 11,Vertical,Rectangle,16PT C2S,Spot UV,Silk,Spot UV Both Sides,4/1,1000,Score in Half,Moon Slits Right Panel,Yes 5000 Envelopes A9
Majestic,Silk,8.5 x 11,Vertical,Rectangle,16PT C2S,Spot UV,Silk,Spot UV Front,4/4 (4 color both sides),1000,Score in Half,Moon Slits Right Panel,Yes 5000 Envelopes A9
Majestic,Silk,8.5 x 11,Horizontal,Rectangle,16PT C2S,Spot UV,Silk,Spot UV Front,4/4 (4 color both sides),1000,Score in Half,Moon Slits Right Panel,Yes 5000 Envelopes A9
Majestic,Silk,8.5 x 11,Horizontal,Rectangle,16PT C2S,Spot UV,Silk,Spot UV Back,4/4 (4 color both sides),1000,Score in Half,Moon Slits Right Panel,Yes 5000 Envelopes A9
Majestic,Silk,8.5 x 11,Vertical,Rectangle,16PT C2S,Spot UV,Silk,Spot UV Back,4/4 (4 color both sides),1000,Score in Half,Moon Slits Right Panel,Yes 5000 Envelopes A9
Majestic,Silk,8.5 x 11,Horizontal,Rectangle,16PT C2S,Spot UV,Silk,Spot UV Both Sides,4/4 (4 color both sides),1000,Score in Half,Moon Slits Right Panel,Yes 5000 Envelopes A9
Majestic,Silk,8.5 x 11,Vertical,Rectangle,16PT C2S,Spot UV,Silk,Spot UV Both Sides,4/4 (4 color both sides),1000,Score in Half,Moon Slits Right Panel,Yes 5000 Envelopes A9
Majestic,Silk,8.5 x 11,Horizontal,Rectangle,16PT C2S,Spot UV,Silk,Spot UV Front,4/1,2500,Score in Half,Moon Slits Right Panel,Yes 5000 Envelopes A9
Majestic,Silk,8.5 x 11,Vertical,Rectangle,16PT C2S,Spot UV,Silk,Spot UV Front,4/1,2500,Score in Half,Moon Slits Right Panel,Yes 5000 Envelopes A9
Majestic,Silk,8.5 x 11,Horizontal,Rectangle,16PT C2S,Spot UV,Silk,Spot UV Back,4/1,2500,Score in Half,Moon Slits Right Panel,Yes 5000 Envelopes A9
Majestic,Silk,8.5 x 11,Vertical,Rectangle,16PT C2S,Spot UV,Silk,Spot UV Back,4/1,2500,Score in Half,Moon Slits Right Panel,Yes 5000 Envelopes A9
Majestic,Silk,8.5 x 11,Horizontal,Rectangle,16PT C2S,Spot UV,Silk,Spot UV Both Sides,4/1,2500,Score in Half,Moon Slits Right Panel,Yes 5000 Envelopes A9
Majestic,Silk,8.5 x 11,Vertical,Rectangle,16PT C2S,Spot UV,Silk,Spot UV Both Sides,4/1,2500,Score in Half,Moon Slits Right Panel,Yes 5000 Envelopes A9
Majestic,Silk,8.5 x 11,Horizontal,Rectangle,16PT C2S,Spot UV,Silk,Spot UV Front,4/4 (4 color both sides),2500,Score in Half,Moon Slits Right Panel,Yes 5000 Envelopes A9
Majestic,Silk,8.5 x 11,Vertical,Rectangle,16PT C2S,Spot UV,Silk,Spot UV Front,4/4 (4 color both sides),2500,Score in Half,Moon Slits Right Panel,Yes 5000 Envelopes A9
Majestic,Silk,8.5 x 11,Vertical,Rectangle,16PT C2S,Spot UV,Silk,Spot UV Back,4/4 (4 color both sides),2500,Score in Half,Moon Slits Right Panel,Yes 5000 Envelopes A9
Majestic,Silk,8.5 x 11,Horizontal,Rectangle,16PT C2S,Spot UV,Silk,Spot UV Back,4/4 (4 color both sides),2500,Score in Half,Moon Slits Right Panel,Yes 5000 Envelopes A9
Majestic,Silk,8.5 x 11,Horizontal,Rectangle,16PT C2S,Spot UV,Silk,Spot UV Both Sides,4/4 (4 color both sides),2500,Score in Half,Moon Slits Right Panel,Yes 5000 Envelopes A9
Majestic,Silk,8.5 x 11,Vertical,Rectangle,16PT C2S,Spot UV,Silk,Spot UV Front,4/1,1000,Score in Half,Moon Slits Right Panel,Yes 5000 Envelopes A9
Majestic,Silk,8.5 x 11,Horizontal,Rectangle,16PT C2S,Spot UV,Silk,Spot UV Front,4/4 (4 color both sides),5000,Score in Half,Moon Slits Bottom Panel,Yes 5000 Envelopes A9
Majestic,Silk,8.5 x 11,Horizontal,Rectangle,16PT C2S,Spot UV,Silk,Spot UV Front,4/1,5000,Score in Half,Moon Slits Right Panel,Yes 5000 Envelopes A9
Majestic,Silk,8.5 x 11,Horizontal,Rectangle,16PT C2S,Spot UV,Silk,Spot UV Back,4/1,5000,Score in Half,Moon Slits Right Panel,Yes 5000 Envelopes A9
Majestic,Silk,8.5 x 11,Vertical,Rectangle,16PT C2S,Spot UV,Silk,Spot UV Back,4/1,5000,Score in Half,Moon Slits Right Panel,Yes 5000 Envelopes A9
Majestic,Silk,8.5 x 11,Horizontal,Rectangle,16PT C2S,Spot UV,Silk,Spot UV Both Sides,4/1,5000,Score in Half,Moon Slits Right Panel,Yes 5000 Envelopes A9
Majestic,Silk,8.5 x 11,Vertical,Rectangle,16PT C2S,Spot UV,Silk,Spot UV Both Sides,4/1,5000,Score in Half,Moon Slits Right Panel,Yes 5000 Envelopes A9
Majestic,Silk,8.5 x 11,Horizontal,Rectangle,16PT C2S,Spot UV,Silk,Spot UV Front,4/4 (4 color both sides),5000,Score in Half,Moon Slits Right Panel,Yes 5000 Envelopes A9
Majestic,Silk,8.5 x 11,Vertical,Rectangle,16PT C2S,Spot UV,Silk,Spot UV Front,4/4 (4 color both sides),5000,Score in Half,Moon Slits Right Panel,Yes 5000 Envelopes A9
Majestic,Silk,8.5 x 11,Horizontal,Rectangle,16PT C2S,Spot UV,Silk,Spot UV Back,4/4 (4 color both sides),5000,Score in Half,Moon Slits Right Panel,Yes 5000 Envelopes A9
Majestic,Silk,8.5 x 11,Vertical,Rectangle,16PT C2S,Spot UV,Silk,Spot UV Back,4/4 (4 color both sides),5000,Score in Half,Moon Slits Right Panel,Yes 5000 Envelopes A9
Majestic,Silk,8.5 x 11,Horizontal,Rectangle,16PT C2S,Spot UV,Silk,Spot UV Both Sides,4/4 (4 color both sides),5000,Score in Half,Moon Slits Right Panel,Yes 5000 Envelopes A9
Majestic,Silk,8.5 x 11,Vertical,Rectangle,16PT C2S,Spot UV,Silk,Spot UV Both Sides,4/4 (4 color both sides),5000,Score in Half,Moon Slits Right Panel,Yes 5000 Envelopes A9
Majestic,Silk,8.5 x 11,Horizontal,Rectangle,16PT C2S,Spot UV,Silk,Spot UV Front,4/1,10000,Score in Half,Moon Slits Right Panel,Yes 5000 Envelopes A9
Majestic,Silk,8.5 x 11,Horizontal,Rectangle,16PT C2S,Spot UV,Silk,Spot UV Back,4/1,10000,Score in Half,Moon Slits Right Panel,Yes 5000 Envelopes A9
Majestic,Silk,8.5 x 11,Vertical,Rectangle,16PT C2S,Spot UV,Silk,Spot UV Front,4/1,10000,Score in Half,Moon Slits Right Panel,Yes 5000 Envelopes A9
Majestic,Silk,8.5 x 11,Horizontal,Rectangle,16PT C2S,Spot UV,Silk,Spot UV Both Sides,4/1,10000,Score in Half,Moon Slits Right Panel,Yes 5000 Envelopes A9
Majestic,Silk,8.5 x 11,Vertical,Rectangle,16PT C2S,Spot UV,Silk,Spot UV Back,4/1,10000,Score in Half,Moon Slits Right Panel,Yes 5000 Envelopes A9
Majestic,Silk,8.5 x 11,Vertical,Rectangle,16PT C2S,Spot UV,Silk,Spot UV Both Sides,4/4 (4 color both sides),2500,Score in Half,Moon Slits Right Panel,Yes 5000 Envelopes A9
Majestic,Silk,8.5 x 11,Horizontal,Rectangle,16PT C2S,Spot UV,Silk,Spot UV Front,4/4 (4 color both sides),10000,Score in Half,Moon Slits Right Panel,Yes 5000 Envelopes A9
Majestic,Silk,8.5 x 11,Vertical,Rectangle,16PT C2S,Spot UV,Silk,Spot UV Front,4/4 (4 color both sides),10000,Score in Half,Moon Slits Right Panel,Yes 5000 Envelopes A9
Majestic,Silk,8.5 x 11,Horizontal,Rectangle,16PT C2S,Spot UV,Silk,Spot UV Back,4/4 (4 color both sides),10000,Score in Half,Moon Slits Right Panel,Yes 5000 Envelopes A9
Majestic,Silk,8.5 x 11,Horizontal,Rectangle,16PT C2S,Spot UV,Silk,Spot UV Both Sides,4/4 (4 color both sides),10000,Score in Half,Moon Slits Right Panel,Yes 5000 Envelopes A9
Majestic,Silk,8.5 x 11,Vertical,Rectangle,16PT C2S,Spot UV,Silk,Spot UV Back,4/4 (4 color both sides),10000,Score in Half,Moon Slits Right Panel,Yes 5000 Envelopes A9
Majestic,Silk,8.5 x 11,Vertical,Rectangle,16PT C2S,Spot UV,Silk,Spot UV Both Sides,4/4 (4 color both sides),10000,Score in Half,Moon Slits Right Panel,Yes 5000 Envelopes A9
Majestic,Silk,8.5 x 11,Horizontal,Rectangle,16PT C2S,Spot UV,Silk,Spot UV Front,4/1,500,Score in Half,No Gift Cards Slits,Yes 5000 Envelopes A9
Majestic,Silk,8.5 x 11,Vertical,Rectangle,16PT C2S,Spot UV,Silk,Spot UV Back,4/1,500,Score in Half,No Gift Cards Slits,Yes 5000 Envelopes A9
Majestic,Silk,8.5 x 11,Horizontal,Rectangle,16PT C2S,Spot UV,Silk,Spot UV Both Sides,4/1,500,Score in Half,No Gift Cards Slits,Yes 5000 Envelopes A9
Majestic,Silk,8.5 x 11,Vertical,Rectangle,16PT C2S,Spot UV,Silk,Spot UV Both Sides,4/1,500,Score in Half,No Gift Cards Slits,Yes 5000 Envelopes A9
Majestic,Silk,8.5 x 11,Horizontal,Rectangle,16PT C2S,Spot UV,Silk,Spot UV Back,4/1,500,Score in Half,No Gift Cards Slits,Yes 5000 Envelopes A9
Majestic,Silk,8.5 x 11,Vertical,Rectangle,16PT C2S,Spot UV,Silk,Spot UV Front,4/1,500,Score in Half,No Gift Cards Slits,Yes 5000 Envelopes A9
Majestic,Silk,8.5 x 11,Horizontal,Rectangle,16PT C2S,Spot UV,Silk,Spot UV Front,4/4 (4 color both sides),500,Score in Half,No Gift Cards Slits,Yes 5000 Envelopes A9
Majestic,Silk,8.5 x 11,Horizontal,Rectangle,16PT C2S,Spot UV,Silk,Spot UV Back,4/4 (4 color both sides),500,Score in Half,No Gift Cards Slits,Yes 5000 Envelopes A9
Majestic,Silk,8.5 x 11,Horizontal,Rectangle,16PT C2S,Spot UV,Silk,Spot UV Both Sides,4/4 (4 color both sides),500,Score in Half,No Gift Cards Slits,Yes 5000 Envelopes A9
Majestic,Silk,8.5 x 11,Vertical,Rectangle,16PT C2S,Spot UV,Silk,Spot UV Front,4/4 (4 color both sides),500,Score in Half,No Gift Cards Slits,Yes 5000 Envelopes A9
Majestic,Silk,8.5 x 11,Vertical,Rectangle,16PT C2S,Spot UV,Silk,Spot UV Back,4/4 (4 color both sides),500,Score in Half,No Gift Cards Slits,Yes 5000 Envelopes A9
Majestic,Silk,8.5 x 11,Vertical,Rectangle,16PT C2S,Spot UV,Silk,Spot UV Both Sides,4/4 (4 color both sides),500,Score in Half,No Gift Cards Slits,Yes 5000 Envelopes A9
Majestic,Silk,8.5 x 11,Vertical,Rectangle,16PT C2S,Spot UV,Silk,Spot UV Front,4/1,5000,Score in Half,Moon Slits Right Panel,Yes 5000 Envelopes A9
Majestic,Silk,8.5 x 11,Vertical,Rectangle,16PT C2S,Spot UV,Silk,Spot UV Front,4/1,1000,Score in Half,No Gift Cards Slits,Yes 5000 Envelopes A9
Majestic,Silk,8.5 x 11,Horizontal,Rectangle,16PT C2S,Spot UV,Silk,Spot UV Back,4/1,1000,Score in Half,No Gift Cards Slits,Yes 5000 Envelopes A9
Majestic,Silk,8.5 x 11,Horizontal,Rectangle,16PT C2S,Spot UV,Silk,Spot UV Front,4/1,1000,Score in Half,No Gift Cards Slits,Yes 5000 Envelopes A9
Majestic,Silk,8.5 x 11,Vertical,Rectangle,16PT C2S,Spot UV,Silk,Spot UV Back,4/1,1000,Score in Half,No Gift Cards Slits,Yes 5000 Envelopes A9
Majestic,Silk,8.5 x 11,Vertical,Rectangle,16PT C2S,Spot UV,Silk,Spot UV Both Sides,4/1,1000,Score in Half,No Gift Cards Slits,Yes 5000 Envelopes A9
Majestic,Silk,8.5 x 11,Vertical,Rectangle,16PT C2S,Spot UV,Silk,Spot UV Front,4/4 (4 color both sides),1000,Score in Half,No Gift Cards Slits,Yes 5000 Envelopes A9
Majestic,Silk,8.5 x 11,Vertical,Rectangle,16PT C2S,Spot UV,Silk,Spot UV Back,4/4 (4 color both sides),1000,Score in Half,No Gift Cards Slits,Yes 5000 Envelopes A9
Majestic,Silk,8.5 x 11,Horizontal,Rectangle,16PT C2S,Spot UV,Silk,Spot UV Back,4/4 (4 color both sides),1000,Score in Half,No Gift Cards Slits,Yes 5000 Envelopes A9
Majestic,Silk,8.5 x 11,Horizontal,Rectangle,16PT C2S,Spot UV,Silk,Spot UV Both Sides,4/4 (4 color both sides),1000,Score in Half,No Gift Cards Slits,Yes 5000 Envelopes A9
Majestic,Silk,8.5 x 11,Vertical,Rectangle,16PT C2S,Spot UV,Silk,Spot UV Both Sides,4/4 (4 color both sides),10000,Score in Half,Moon Slits Bottom Panel,Yes 5000 Envelopes A9
Majestic,Silk,8.5 x 11,Vertical,Rectangle,16PT C2S,Spot UV,Silk,Spot UV Both Sides,4/1,10000,Score in Half,Moon Slits Right Panel,Yes 5000 Envelopes A9
Majestic,Silk,8.5 x 11,Vertical,Rectangle,16PT C2S,Spot UV,Silk,Spot UV Front,4/1,2500,Score in Half,No Gift Cards Slits,Yes 5000 Envelopes A9
Majestic,Silk,8.5 x 11,Horizontal,Rectangle,16PT C2S,Spot UV,Silk,Spot UV Back,4/1,2500,Score in Half,No Gift Cards Slits,Yes 5000 Envelopes A9
Majestic,Silk,8.5 x 11,Horizontal,Rectangle,16PT C2S,Spot UV,Silk,Spot UV Front,4/1,2500,Score in Half,No Gift Cards Slits,Yes 5000 Envelopes A9
Majestic,Silk,8.5 x 11,Horizontal,Rectangle,16PT C2S,Spot UV,Silk,Spot UV Both Sides,4/1,2500,Score in Half,No Gift Cards Slits,Yes 5000 Envelopes A9
Majestic,Silk,8.5 x 11,Vertical,Rectangle,16PT C2S,Spot UV,Silk,Spot UV Both Sides,4/4 (4 color both sides),1000,Score in Half,No Gift Cards Slits,Yes 5000 Envelopes A9
Majestic,Silk,8.5 x 11,Horizontal,Rectangle,16PT C2S,Spot UV,Silk,Spot UV Front,4/4 (4 color both sides),2500,Score in Half,No Gift Cards Slits,Yes 5000 Envelopes A9
Majestic,Silk,8.5 x 11,Vertical,Rectangle,16PT C2S,Spot UV,Silk,Spot UV Front,4/4 (4 color both sides),2500,Score in Half,No Gift Cards Slits,Yes 5000 Envelopes A9
Majestic,Silk,8.5 x 11,Horizontal,Rectangle,16PT C2S,Spot UV,Silk,Spot UV Back,4/4 (4 color both sides),2500,Score in Half,No Gift Cards Slits,Yes 5000 Envelopes A9
Majestic,Silk,8.5 x 11,Horizontal,Rectangle,16PT C2S,Spot UV,Silk,Spot UV Both Sides,4/4 (4 color both sides),2500,Score in Half,No Gift Cards Slits,Yes 5000 Envelopes A9
Majestic,Silk,8.5 x 11,Vertical,Rectangle,16PT C2S,Spot UV,Silk,Spot UV Back,4/4 (4 color both sides),2500,Score in Half,No Gift Cards Slits,Yes 5000 Envelopes A9
Majestic,Silk,8.5 x 11,Vertical,Rectangle,16PT C2S,Spot UV,Silk,Spot UV Both Sides,4/4 (4 color both sides),2500,Score in Half,No Gift Cards Slits,Yes 5000 Envelopes A9
Majestic,Silk,8.5 x 11,Horizontal,Rectangle,16PT C2S,Spot UV,Silk,Spot UV Front,4/1,5000,Score in Half,No Gift Cards Slits,Yes 5000 Envelopes A9
Majestic,Silk,8.5 x 11,Horizontal,Rectangle,16PT C2S,Spot UV,Silk,Spot UV Back,4/1,5000,Score in Half,No Gift Cards Slits,Yes 5000 Envelopes A9
Majestic,Silk,8.5 x 11,Vertical,Rectangle,16PT C2S,Spot UV,Silk,Spot UV Front,4/1,5000,Score in Half,No Gift Cards Slits,Yes 5000 Envelopes A9
Majestic,Silk,8.5 x 11,Vertical,Rectangle,16PT C2S,Spot UV,Silk,Spot UV Back,4/1,2500,Score in Half,No Gift Cards Slits,Yes 5000 Envelopes A9
Majestic,Silk,8.5 x 11,Vertical,Rectangle,16PT C2S,Spot UV,Silk,Spot UV Back,4/1,5000,Score in Half,No Gift Cards Slits,Yes 5000 Envelopes A9
Majestic,Silk,8.5 x 11,Horizontal,Rectangle,16PT C2S,Spot UV,Silk,Spot UV Both Sides,4/1,5000,Score in Half,No Gift Cards Slits,Yes 5000 Envelopes A9
Majestic,Silk,8.5 x 11,Vertical,Rectangle,16PT C2S,Spot UV,Silk,Spot UV Both Sides,4/1,5000,Score in Half,No Gift Cards Slits,Yes 5000 Envelopes A9
Majestic,Silk,8.5 x 11,Vertical,Rectangle,16PT C2S,Spot UV,Silk,Spot UV Front,4/4 (4 color both sides),5000,Score in Half,No Gift Cards Slits,Yes 5000 Envelopes A9
Majestic,Silk,8.5 x 11,Horizontal,Rectangle,16PT C2S,Spot UV,Silk,Spot UV Back,4/4 (4 color both sides),5000,Score in Half,No Gift Cards Slits,Yes 5000 Envelopes A9
Majestic,Silk,8.5 x 11,Vertical,Rectangle,16PT C2S,Spot UV,Silk,Spot UV Back,4/4 (4 color both sides),5000,Score in Half,No Gift Cards Slits,Yes 5000 Envelopes A9
Majestic,Silk,8.5 x 11,Horizontal,Rectangle,16PT C2S,Spot UV,Silk,Spot UV Front,4/4 (4 color both sides),5000,Score in Half,No Gift Cards Slits,Yes 5000 Envelopes A9
Majestic,Silk,8.5 x 11,Horizontal,Rectangle,16PT C2S,Spot UV,Silk,Spot UV Both Sides,4/4 (4 color both sides),5000,Score in Half,No Gift Cards Slits,Yes 5000 Envelopes A9
Majestic,Silk,8.5 x 11,Vertical,Rectangle,16PT C2S,Spot UV,Silk,Spot UV Both Sides,4/4 (4 color both sides),5000,Score in Half,No Gift Cards Slits,Yes 5000 Envelopes A9
Majestic,Silk,8.5 x 11,Horizontal,Rectangle,16PT C2S,Spot UV,Silk,Spot UV Front,4/1,10000,Score in Half,No Gift Cards Slits,Yes 5000 Envelopes A9
Majestic,Silk,8.5 x 11,Vertical,Rectangle,16PT C2S,Spot UV,Silk,Spot UV Front,4/1,10000,Score in Half,No Gift Cards Slits,Yes 5000 Envelopes A9
Majestic,Silk,8.5 x 11,Horizontal,Rectangle,16PT C2S,Spot UV,Silk,Spot UV Back,4/1,10000,Score in Half,No Gift Cards Slits,Yes 5000 Envelopes A9
Majestic,Silk,8.5 x 11,Vertical,Rectangle,16PT C2S,Spot UV,Silk,Spot UV Back,4/1,10000,Score in Half,No Gift Cards Slits,Yes 5000 Envelopes A9
Majestic,Silk,8.5 x 11,Horizontal,Rectangle,16PT C2S,Spot UV,Silk,Spot UV Both Sides,4/1,10000,Score in Half,No Gift Cards Slits,Yes 5000 Envelopes A9
Majestic,Silk,8.5 x 11,Vertical,Rectangle,16PT C2S,Spot UV,Silk,Spot UV Both Sides,4/1,10000,Score in Half,No Gift Cards Slits,Yes 5000 Envelopes A9
Majestic,Silk,8.5 x 11,Horizontal,Rectangle,16PT C2S,Spot UV,Silk,Spot UV Front,4/4 (4 color both sides),10000,Score in Half,No Gift Cards Slits,Yes 5000 Envelopes A9
Majestic,Silk,8.5 x 11,Vertical,Rectangle,16PT C2S,Spot UV,Silk,Spot UV Both Sides,4/1,2500,Score in Half,No Gift Cards Slits,Yes 5000 Envelopes A9
Majestic,Silk,8.5 x 11,Horizontal,Rectangle,16PT C2S,Spot UV,Silk,Spot UV Back,4/4 (4 color both sides),10000,Score in Half,No Gift Cards Slits,Yes 5000 Envelopes A9
Majestic,Silk,8.5 x 11,Vertical,Rectangle,16PT C2S,Spot UV,Silk,Spot UV Back,4/4 (4 color both sides),10000,Score in Half,No Gift Cards Slits,Yes 5000 Envelopes A9
Majestic,Silk,8.5 x 11,Horizontal,Rectangle,16PT C2S,Spot UV,Silk,Spot UV Both Sides,4/4 (4 color both sides),10000,Score in Half,No Gift Cards Slits,Yes 5000 Envelopes A9
Majestic,Silk,8.5 x 11,Vertical,Rectangle,16PT C2S,Spot UV,Silk,Spot UV Both Sides,4/4 (4 color both sides),10000,Score in Half,No Gift Cards Slits,Yes 5000 Envelopes A9
Majestic,Silk,8.5 x 11,Horizontal,Rectangle,16PT C2S,Spot UV,Silk,Spot UV Front,4/1,500,Score in Half,Slide Slits Bottom Panel,Yes 5000 Envelopes A9
Majestic,Silk,8.5 x 11,Vertical,Rectangle,16PT C2S,Spot UV,Silk,Spot UV Front,4/1,500,Score in Half,Slide Slits Bottom Panel,Yes 5000 Envelopes A9
Majestic,Silk,8.5 x 11,Horizontal,Rectangle,16PT C2S,Spot UV,Silk,Spot UV Back,4/1,500,Score in Half,Slide Slits Bottom Panel,Yes 5000 Envelopes A9
Majestic,Silk,8.5 x 11,Vertical,Rectangle,16PT C2S,Spot UV,Silk,Spot UV Back,4/1,500,Score in Half,Slide Slits Bottom Panel,Yes 5000 Envelopes A9
Majestic,Silk,8.5 x 11,Horizontal,Rectangle,16PT C2S,Spot UV,Silk,Spot UV Both Sides,4/1,500,Score in Half,Slide Slits Bottom Panel,Yes 5000 Envelopes A9
Majestic,Silk,8.5 x 11,Vertical,Rectangle,16PT C2S,Spot UV,Silk,Spot UV Both Sides,4/1,500,Score in Half,Slide Slits Bottom Panel,Yes 5000 Envelopes A9
Majestic,Silk,8.5 x 11,Horizontal,Rectangle,16PT C2S,Spot UV,Silk,Spot UV Front,4/4 (4 color both sides),500,Score in Half,Slide Slits Bottom Panel,Yes 5000 Envelopes A9
Majestic,Silk,8.5 x 11,Vertical,Rectangle,16PT C2S,Spot UV,Silk,Spot UV Front,4/4 (4 color both sides),500,Score in Half,Slide Slits Bottom Panel,Yes 5000 Envelopes A9
Majestic,Silk,8.5 x 11,Horizontal,Rectangle,16PT C2S,Spot UV,Silk,Spot UV Back,4/4 (4 color both sides),500,Score in Half,Slide Slits Bottom Panel,Yes 5000 Envelopes A9
Majestic,Silk,8.5 x 11,Vertical,Rectangle,16PT C2S,Spot UV,Silk,Spot UV Back,4/4 (4 color both sides),500,Score in Half,Slide Slits Bottom Panel,Yes 5000 Envelopes A9
Majestic,Silk,8.5 x 11,Horizontal,Rectangle,16PT C2S,Spot UV,Silk,Spot UV Both Sides,4/4 (4 color both sides),500,Score in Half,Slide Slits Bottom Panel,Yes 5000 Envelopes A9
Majestic,Silk,8.5 x 11,Vertical,Rectangle,16PT C2S,Spot UV,Silk,Spot UV Both Sides,4/4 (4 color both sides),500,Score in Half,Slide Slits Bottom Panel,Yes 5000 Envelopes A9
Majestic,Silk,8.5 x 11,Vertical,Rectangle,16PT C2S,Spot UV,Silk,Spot UV Front,4/1,1000,Score in Half,Slide Slits Bottom Panel,Yes 5000 Envelopes A9
Majestic,Silk,8.5 x 11,Horizontal,Rectangle,16PT C2S,Spot UV,Silk,Spot UV Front,4/1,1000,Score in Half,Slide Slits Bottom Panel,Yes 5000 Envelopes A9
Majestic,Silk,8.5 x 11,Horizontal,Rectangle,16PT C2S,Spot UV,Silk,Spot UV Back,4/1,1000,Score in Half,Slide Slits Bottom Panel,Yes 5000 Envelopes A9
Majestic,Silk,8.5 x 11,Horizontal,Rectangle,16PT C2S,Spot UV,Silk,Spot UV Both Sides,4/1,1000,Score in Half,No Gift Cards Slits,Yes 5000 Envelopes A9
Majestic,Silk,8.5 x 11,Horizontal,Rectangle,16PT C2S,Spot UV,Silk,Spot UV Both Sides,4/1,1000,Score in Half,Slide Slits Bottom Panel,Yes 5000 Envelopes A9
Majestic,Silk,8.5 x 11,Vertical,Rectangle,16PT C2S,Spot UV,Silk,Spot UV Front,4/4 (4 color both sides),1000,Score in Half,Slide Slits Bottom Panel,Yes 5000 Envelopes A9
Majestic,Silk,8.5 x 11,Horizontal,Rectangle,16PT C2S,Spot UV,Silk,Spot UV Front,4/4 (4 color both sides),1000,Score in Half,Slide Slits Bottom Panel,Yes 5000 Envelopes A9
Majestic,Silk,8.5 x 11,Vertical,Rectangle,16PT C2S,Spot UV,Silk,Spot UV Both Sides,4/1,1000,Score in Half,Slide Slits Bottom Panel,Yes 5000 Envelopes A9
Majestic,Silk,8.5 x 11,Vertical,Rectangle,16PT C2S,Spot UV,Silk,Spot UV Back,4/4 (4 color both sides),1000,Score in Half,Slide Slits Bottom Panel,Yes 5000 Envelopes A9
Majestic,Silk,8.5 x 11,Horizontal,Rectangle,16PT C2S,Spot UV,Silk,Spot UV Both Sides,4/4 (4 color both sides),1000,Score in Half,Slide Slits Bottom Panel,Yes 5000 Envelopes A9
Majestic,Silk,8.5 x 11,Vertical,Rectangle,16PT C2S,Spot UV,Silk,Spot UV Front,4/4 (4 color both sides),10000,Score in Half,No Gift Cards Slits,Yes 5000 Envelopes A9
Majestic,Silk,8.5 x 11,Horizontal,Rectangle,16PT C2S,Spot UV,Silk,Spot UV Front,4/1,2500,Score in Half,Slide Slits Bottom Panel,Yes 5000 Envelopes A9
Majestic,Silk,8.5 x 11,Vertical,Rectangle,16PT C2S,Spot UV,Silk,Spot UV Front,4/1,2500,Score in Half,Slide Slits Bottom Panel,Yes 5000 Envelopes A9
Majestic,Silk,8.5 x 11,Horizontal,Rectangle,16PT C2S,Spot UV,Silk,Spot UV Back,4/1,2500,Score in Half,Slide Slits Bottom Panel,Yes 5000 Envelopes A9
Majestic,Silk,8.5 x 11,Horizontal,Rectangle,16PT C2S,Spot UV,Silk,Spot UV Front,4/4 (4 color both sides),1000,Score in Half,No Gift Cards Slits,Yes 5000 Envelopes A9
Majestic,Silk,8.5 x 11,Vertical,Rectangle,16PT C2S,Spot UV,Silk,Spot UV Back,4/1,2500,Score in Half,Slide Slits Bottom Panel,Yes 5000 Envelopes A9
Majestic,Silk,8.5 x 11,Horizontal,Rectangle,16PT C2S,Spot UV,Silk,Spot UV Both Sides,4/1,2500,Score in Half,Slide Slits Bottom Panel,Yes 5000 Envelopes A9
Majestic,Silk,8.5 x 11,Vertical,Rectangle,16PT C2S,Spot UV,Silk,Spot UV Both Sides,4/1,2500,Score in Half,Slide Slits Bottom Panel,Yes 5000 Envelopes A9
Majestic,Silk,8.5 x 11,Vertical,Rectangle,16PT C2S,Spot UV,Silk,Spot UV Front,4/4 (4 color both sides),2500,Score in Half,Slide Slits Bottom Panel,Yes 5000 Envelopes A9
Majestic,Silk,8.5 x 11,Horizontal,Rectangle,16PT C2S,Spot UV,Silk,Spot UV Back,4/4 (4 color both sides),2500,Score in Half,Slide Slits Bottom Panel,Yes 5000 Envelopes A9
Majestic,Silk,8.5 x 11,Horizontal,Rectangle,16PT C2S,Spot UV,Silk,Spot UV Front,4/4 (4 color both sides),2500,Score in Half,Slide Slits Bottom Panel,Yes 5000 Envelopes A9
Majestic,Silk,8.5 x 11,Vertical,Rectangle,16PT C2S,Spot UV,Silk,Spot UV Back,4/4 (4 color both sides),2500,Score in Half,Slide Slits Bottom Panel,Yes 5000 Envelopes A9
Majestic,Silk,8.5 x 11,Vertical,Rectangle,16PT C2S,Spot UV,Silk,Spot UV Both Sides,4/4 (4 color both sides),1000,Score in Half,Slide Slits Bottom Panel,Yes 5000 Envelopes A9
Majestic,Silk,8.5 x 11,Horizontal,Rectangle,16PT C2S,Spot UV,Silk,Spot UV Back,4/4 (4 color both sides),1000,Score in Half,Slide Slits Bottom Panel,Yes 5000 Envelopes A9
Majestic,Silk,8.5 x 11,Vertical,Rectangle,16PT C2S,Spot UV,Silk,Spot UV Front,4/1,5000,Score in Half,Slide Slits Bottom Panel,Yes 5000 Envelopes A9
Majestic,Silk,8.5 x 11,Horizontal,Rectangle,16PT C2S,Spot UV,Silk,Spot UV Front,4/1,5000,Score in Half,Slide Slits Bottom Panel,Yes 5000 Envelopes A9
Majestic,Silk,8.5 x 11,Horizontal,Rectangle,16PT C2S,Spot UV,Silk,Spot UV Back,4/1,5000,Score in Half,Slide Slits Bottom Panel,Yes 5000 Envelopes A9
Majestic,Silk,8.5 x 11,Vertical,Rectangle,16PT C2S,Spot UV,Silk,Spot UV Back,4/1,5000,Score in Half,Slide Slits Bottom Panel,Yes 5000 Envelopes A9
Majestic,Silk,8.5 x 11,Horizontal,Rectangle,16PT C2S,Spot UV,Silk,Spot UV Both Sides,4/1,5000,Score in Half,Slide Slits Bottom Panel,Yes 5000 Envelopes A9
Majestic,Silk,8.5 x 11,Vertical,Rectangle,16PT C2S,Spot UV,Silk,Spot UV Both Sides,4/1,5000,Score in Half,Slide Slits Bottom Panel,Yes 5000 Envelopes A9
Majestic,Silk,8.5 x 11,Horizontal,Rectangle,16PT C2S,Spot UV,Silk,Spot UV Front,4/4 (4 color both sides),5000,Score in Half,Slide Slits Bottom Panel,Yes 5000 Envelopes A9
Majestic,Silk,8.5 x 11,Vertical,Rectangle,16PT C2S,Spot UV,Silk,Spot UV Front,4/4 (4 color both sides),5000,Score in Half,Slide Slits Bottom Panel,Yes 5000 Envelopes A9
Majestic,Silk,8.5 x 11,Horizontal,Rectangle,16PT C2S,Spot UV,Silk,Spot UV Back,4/4 (4 color both sides),5000,Score in Half,Slide Slits Bottom Panel,Yes 5000 Envelopes A9
Majestic,Silk,8.5 x 11,Vertical,Rectangle,16PT C2S,Spot UV,Silk,Spot UV Back,4/4 (4 color both sides),5000,Score in Half,Slide Slits Bottom Panel,Yes 5000 Envelopes A9
Majestic,Silk,8.5 x 11,Horizontal,Rectangle,16PT C2S,Spot UV,Silk,Spot UV Both Sides,4/4 (4 color both sides),5000,Score in Half,Slide Slits Bottom Panel,Yes 5000 Envelopes A9
Majestic,Silk,8.5 x 11,Vertical,Rectangle,16PT C2S,Spot UV,Silk,Spot UV Both Sides,4/4 (4 color both sides),5000,Score in Half,Slide Slits Bottom Panel,Yes 5000 Envelopes A9
Majestic,Silk,8.5 x 11,Horizontal,Rectangle,16PT C2S,Spot UV,Silk,Spot UV Front,4/1,10000,Score in Half,Slide Slits Bottom Panel,Yes 5000 Envelopes A9
Majestic,Silk,8.5 x 11,Vertical,Rectangle,16PT C2S,Spot UV,Silk,Spot UV Front,4/1,10000,Score in Half,Slide Slits Bottom Panel,Yes 5000 Envelopes A9
Majestic,Silk,8.5 x 11,Horizontal,Rectangle,16PT C2S,Spot UV,Silk,Spot UV Back,4/1,10000,Score in Half,Slide Slits Bottom Panel,Yes 5000 Envelopes A9
Majestic,Silk,8.5 x 11,Vertical,Rectangle,16PT C2S,Spot UV,Silk,Spot UV Back,4/1,10000,Score in Half,Slide Slits Bottom Panel,Yes 5000 Envelopes A9
Majestic,Silk,8.5 x 11,Horizontal,Rectangle,16PT C2S,Spot UV,Silk,Spot UV Both Sides,4/1,10000,Score in Half,Slide Slits Bottom Panel,Yes 5000 Envelopes A9
Majestic,Silk,8.5 x 11,Vertical,Rectangle,16PT C2S,Spot UV,Silk,Spot UV Both Sides,4/1,10000,Score in Half,Slide Slits Bottom Panel,Yes 5000 Envelopes A9
Majestic,Silk,8.5 x 11,Horizontal,Rectangle,16PT C2S,Spot UV,Silk,Spot UV Front,4/4 (4 color both sides),10000,Score in Half,Slide Slits Bottom Panel,Yes 5000 Envelopes A9
Majestic,Silk,8.5 x 11,Vertical,Rectangle,16PT C2S,Spot UV,Silk,Spot UV Front,4/4 (4 color both sides),10000,Score in Half,Slide Slits Bottom Panel,Yes 5000 Envelopes A9
Majestic,Silk,8.5 x 11,Horizontal,Rectangle,16PT C2S,Spot UV,Silk,Spot UV Back,4/4 (4 color both sides),10000,Score in Half,Slide Slits Bottom Panel,Yes 5000 Envelopes A9
Majestic,Silk,8.5 x 11,Vertical,Rectangle,16PT C2S,Spot UV,Silk,Spot UV Back,4/4 (4 color both sides),10000,Score in Half,Slide Slits Bottom Panel,Yes 5000 Envelopes A9
Majestic,Silk,8.5 x 11,Horizontal,Rectangle,16PT C2S,Spot UV,Silk,Spot UV Both Sides,4/4 (4 color both sides),10000,Score in Half,Slide Slits Bottom Panel,Yes 5000 Envelopes A9
Majestic,Silk,8.5 x 11,Vertical,Rectangle,16PT C2S,Spot UV,Silk,Spot UV Both Sides,4/4 (4 color both sides),10000,Score in Half,Slide Slits Bottom Panel,Yes 5000 Envelopes A9
Majestic,Silk,8.5 x 11,Vertical,Rectangle,16PT C2S,Spot UV,Silk,Spot UV Back,4/1,1000,Score in Half,Slide Slits Bottom Panel,Yes 5000 Envelopes A9
Majestic,Silk,8.5 x 11,Vertical,Rectangle,16PT C2S,Spot UV,Silk,Spot UV Front,4/1,500,Score in Half,Slide Slits Right Panel,Yes 5000 Envelopes A9
Majestic,Silk,8.5 x 11,Vertical,Rectangle,16PT C2S,Spot UV,Silk,Spot UV Back,4/1,500,Score in Half,Slide Slits Right Panel,Yes 5000 Envelopes A9
Majestic,Silk,8.5 x 11,Horizontal,Rectangle,16PT C2S,Spot UV,Silk,Spot UV Back,4/1,500,Score in Half,Slide Slits Right Panel,Yes 5000 Envelopes A9
Majestic,Silk,8.5 x 11,Horizontal,Rectangle,16PT C2S,Spot UV,Silk,Spot UV Both Sides,4/1,500,Score in Half,Slide Slits Right Panel,Yes 5000 Envelopes A9
Majestic,Silk,8.5 x 11,Vertical,Rectangle,16PT C2S,Spot UV,Silk,Spot UV Both Sides,4/1,500,Score in Half,Slide Slits Right Panel,Yes 5000 Envelopes A9
Majestic,Silk,8.5 x 11,Horizontal,Rectangle,16PT C2S,Spot UV,Silk,Spot UV Front,4/4 (4 color both sides),500,Score in Half,Slide Slits Right Panel,Yes 5000 Envelopes A9
Majestic,Silk,8.5 x 11,Vertical,Rectangle,16PT C2S,Spot UV,Silk,Spot UV Front,4/4 (4 color both sides),500,Score in Half,Slide Slits Right Panel,Yes 5000 Envelopes A9
Majestic,Silk,8.5 x 11,Vertical,Rectangle,16PT C2S,Spot UV,Silk,Spot UV Both Sides,4/4 (4 color both sides),2500,Score in Half,Slide Slits Bottom Panel,Yes 5000 Envelopes A9
Majestic,Silk,8.5 x 11,Horizontal,Rectangle,16PT C2S,Spot UV,Silk,Spot UV Front,4/1,500,Score in Half,Slide Slits Right Panel,Yes 5000 Envelopes A9
Majestic,Silk,8.5 x 11,Horizontal,Rectangle,16PT C2S,Spot UV,Silk,Spot UV Both Sides,4/4 (4 color both sides),500,Score in Half,Slide Slits Right Panel,Yes 5000 Envelopes A9
Majestic,Silk,8.5 x 11,Vertical,Rectangle,16PT C2S,Spot UV,Silk,Spot UV Both Sides,4/4 (4 color both sides),500,Score in Half,Slide Slits Right Panel,Yes 5000 Envelopes A9
Majestic,Silk,8.5 x 11,Vertical,Rectangle,16PT C2S,Spot UV,Silk,Spot UV Front,4/1,1000,Score in Half,Slide Slits Right Panel,Yes 5000 Envelopes A9
Majestic,Silk,8.5 x 11,Horizontal,Rectangle,16PT C2S,Spot UV,Silk,Spot UV Back,4/1,1000,Score in Half,Slide Slits Right Panel,Yes 5000 Envelopes A9
Majestic,Silk,8.5 x 11,Horizontal,Rectangle,16PT C2S,Spot UV,Silk,Spot UV Front,4/1,1000,Score in Half,Slide Slits Right Panel,Yes 5000 Envelopes A9
Majestic,Silk,8.5 x 11,Horizontal,Rectangle,16PT C2S,Spot UV,Silk,Spot UV Both Sides,4/1,1000,Score in Half,Slide Slits Right Panel,Yes 5000 Envelopes A9
Majestic,Silk,8.5 x 11,Vertical,Rectangle,16PT C2S,Spot UV,Silk,Spot UV Back,4/1,1000,Score in Half,Slide Slits Right Panel,Yes 5000 Envelopes A9
Majestic,Silk,8.5 x 11,Vertical,Rectangle,16PT C2S,Spot UV,Silk,Spot UV Both Sides,4/1,1000,Score in Half,Slide Slits Right Panel,Yes 5000 Envelopes A9
Majestic,Silk,8.5 x 11,Horizontal,Rectangle,16PT C2S,Spot UV,Silk,Spot UV Front,4/4 (4 color both sides),1000,Score in Half,Slide Slits Right Panel,Yes 5000 Envelopes A9
Majestic,Silk,8.5 x 11,Vertical,Rectangle,16PT C2S,Spot UV,Silk,Spot UV Front,4/4 (4 color both sides),1000,Score in Half,Slide Slits Right Panel,Yes 5000 Envelopes A9
Majestic,Silk,8.5 x 11,Horizontal,Rectangle,16PT C2S,Spot UV,Silk,Spot UV Back,4/4 (4 color both sides),1000,Score in Half,Slide Slits Right Panel,Yes 5000 Envelopes A9
Majestic,Silk,8.5 x 11,Horizontal,Rectangle,16PT C2S,Spot UV,Silk,Spot UV Both Sides,4/4 (4 color both sides),1000,Score in Half,Slide Slits Right Panel,Yes 5000 Envelopes A9
Majestic,Silk,8.5 x 11,Vertical,Rectangle,16PT C2S,Spot UV,Silk,Spot UV Back,4/4 (4 color both sides),1000,Score in Half,Slide Slits Right Panel,Yes 5000 Envelopes A9
Majestic,Silk,8.5 x 11,Vertical,Rectangle,16PT C2S,Spot UV,Silk,Spot UV Both Sides,4/4 (4 color both sides),1000,Score in Half,Slide Slits Right Panel,Yes 5000 Envelopes A9
Majestic,Silk,8.5 x 11,Horizontal,Rectangle,16PT C2S,Spot UV,Silk,Spot UV Front,4/1,2500,Score in Half,Slide Slits Right Panel,Yes 5000 Envelopes A9
Majestic,Silk,8.5 x 11,Vertical,Rectangle,16PT C2S,Spot UV,Silk,Spot UV Front,4/1,2500,Score in Half,Slide Slits Right Panel,Yes 5000 Envelopes A9
Majestic,Silk,8.5 x 11,Horizontal,Rectangle,16PT C2S,Spot UV,Silk,Spot UV Back,4/1,2500,Score in Half,Slide Slits Right Panel,Yes 5000 Envelopes A9
Majestic,Silk,8.5 x 11,Vertical,Rectangle,16PT C2S,Spot UV,Silk,Spot UV Back,4/1,2500,Score in Half,Slide Slits Right Panel,Yes 5000 Envelopes A9
Majestic,Silk,8.5 x 11,Horizontal,Rectangle,16PT C2S,Spot UV,Silk,Spot UV Both Sides,4/1,2500,Score in Half,Slide Slits Right Panel,Yes 5000 Envelopes A9
Majestic,Silk,8.5 x 11,Vertical,Rectangle,16PT C2S,Spot UV,Silk,Spot UV Both Sides,4/1,2500,Score in Half,Slide Slits Right Panel,Yes 5000 Envelopes A9
Majestic,Silk,8.5 x 11,Vertical,Rectangle,16PT C2S,Spot UV,Silk,Spot UV Back,4/4 (4 color both sides),500,Score in Half,Slide Slits Right Panel,Yes 5000 Envelopes A9
Majestic,Silk,8.5 x 11,Vertical,Rectangle,16PT C2S,Spot UV,Silk,Spot UV Front,4/4 (4 color both sides),2500,Score in Half,Slide Slits Right Panel,Yes 5000 Envelopes A9
Majestic,Silk,8.5 x 11,Horizontal,Rectangle,16PT C2S,Spot UV,Silk,Spot UV Back,4/4 (4 color both sides),2500,Score in Half,Slide Slits Right Panel,Yes 5000 Envelopes A9
Majestic,Silk,8.5 x 11,Vertical,Rectangle,16PT C2S,Spot UV,Silk,Spot UV Back,4/4 (4 color both sides),2500,Score in Half,Slide Slits Right Panel,Yes 5000 Envelopes A9
Majestic,Silk,8.5 x 11,Horizontal,Rectangle,16PT C2S,Spot UV,Silk,Spot UV Both Sides,4/4 (4 color both sides),2500,Score in Half,Slide Slits Right Panel,Yes 5000 Envelopes A9
Majestic,Silk,8.5 x 11,Horizontal,Rectangle,16PT C2S,Spot UV,Silk,Spot UV Front,4/1,5000,Score in Half,Slide Slits Right Panel,Yes 5000 Envelopes A9
Majestic,Silk,8.5 x 11,Horizontal,Rectangle,16PT C2S,Spot UV,Silk,Spot UV Front,4/4 (4 color both sides),2500,Score in Half,Slide Slits Right Panel,Yes 5000 Envelopes A9
Majestic,Silk,8.5 x 11,Vertical,Rectangle,16PT C2S,Spot UV,Silk,Spot UV Both Sides,4/4 (4 color both sides),2500,Score in Half,Slide Slits Right Panel,Yes 5000 Envelopes A9
Majestic,Silk,8.5 x 11,Vertical,Rectangle,16PT C2S,Spot UV,Silk,Spot UV Back,4/1,5000,Score in Half,Slide Slits Right Panel,Yes 5000 Envelopes A9
Majestic,Silk,8.5 x 11,Horizontal,Rectangle,16PT C2S,Spot UV,Silk,Spot UV Both Sides,4/1,5000,Score in Half,Slide Slits Right Panel,Yes 5000 Envelopes A9
Majestic,Silk,8.5 x 11,Vertical,Rectangle,16PT C2S,Spot UV,Silk,Spot UV Both Sides,4/1,5000,Score in Half,Slide Slits Right Panel,Yes 5000 Envelopes A9
Majestic,Silk,8.5 x 11,Vertical,Rectangle,16PT C2S,Spot UV,Silk,Spot UV Front,4/1,5000,Score in Half,Slide Slits Right Panel,Yes 5000 Envelopes A9
Majestic,Silk,8.5 x 11,Horizontal,Rectangle,16PT C2S,Spot UV,Silk,Spot UV Front,4/4 (4 color both sides),5000,Score in Half,Slide Slits Right Panel,Yes 5000 Envelopes A9
Majestic,Silk,8.5 x 11,Vertical,Rectangle,16PT C2S,Spot UV,Silk,Spot UV Front,4/4 (4 color both sides),5000,Score in Half,Slide Slits Right Panel,Yes 5000 Envelopes A9
Majestic,Silk,8.5 x 11,Horizontal,Rectangle,16PT C2S,Spot UV,Silk,Spot UV Back,4/4 (4 color both sides),5000,Score in Half,Slide Slits Right Panel,Yes 5000 Envelopes A9
Majestic,Silk,8.5 x 11,Vertical,Rectangle,16PT C2S,Spot UV,Silk,Spot UV Back,4/4 (4 color both sides),5000,Score in Half,Slide Slits Right Panel,Yes 5000 Envelopes A9
Majestic,Silk,8.5 x 11,Horizontal,Rectangle,16PT C2S,Spot UV,Silk,Spot UV Both Sides,4/4 (4 color both sides),2500,Score in Half,Slide Slits Bottom Panel,Yes 5000 Envelopes A9
Majestic,Silk,8.5 x 11,Vertical,Rectangle,16PT C2S,Spot UV,Silk,Spot UV Both Sides,4/4 (4 color both sides),5000,Score in Half,Slide Slits Right Panel,Yes 5000 Envelopes A9
Majestic,Silk,8.5 x 11,Horizontal,Rectangle,16PT C2S,Spot UV,Silk,Spot UV Front,4/1,10000,Score in Half,Slide Slits Right Panel,Yes 5000 Envelopes A9
Majestic,Silk,8.5 x 11,Vertical,Rectangle,16PT C2S,Spot UV,Silk,Spot UV Front,4/1,10000,Score in Half,Slide Slits Right Panel,Yes 5000 Envelopes A9
Majestic,Silk,8.5 x 11,Horizontal,Rectangle,16PT C2S,Spot UV,Silk,Spot UV Back,4/1,10000,Score in Half,Slide Slits Right Panel,Yes 5000 Envelopes A9
Majestic,Silk,8.5 x 11,Vertical,Rectangle,16PT C2S,Spot UV,Silk,Spot UV Back,4/1,10000,Score in Half,Slide Slits Right Panel,Yes 5000 Envelopes A9
Majestic,Silk,8.5 x 11,Horizontal,Rectangle,16PT C2S,Spot UV,Silk,Spot UV Both Sides,4/1,10000,Score in Half,Slide Slits Right Panel,Yes 5000 Envelopes A9
Majestic,Silk,8.5 x 11,Vertical,Rectangle,16PT C2S,Spot UV,Silk,Spot UV Both Sides,4/1,10000,Score in Half,Slide Slits Right Panel,Yes 5000 Envelopes A9
Majestic,Silk,8.5 x 11,Horizontal,Rectangle,16PT C2S,Spot UV,Silk,Spot UV Front,4/4 (4 color both sides),10000,Score in Half,Slide Slits Right Panel,Yes 5000 Envelopes A9
Majestic,Silk,8.5 x 11,Horizontal,Rectangle,16PT C2S,Spot UV,Silk,Spot UV Both Sides,4/4 (4 color both sides),5000,Score in Half,Slide Slits Right Panel,Yes 5000 Envelopes A9
Majestic,Silk,8.5 x 11,Horizontal,Rectangle,16PT C2S,Spot UV,Silk,Spot UV Back,4/4 (4 color both sides),10000,Score in Half,Slide Slits Right Panel,Yes 5000 Envelopes A9
Majestic,Silk,8.5 x 11,Vertical,Rectangle,16PT C2S,Spot UV,Silk,Spot UV Back,4/4 (4 color both sides),10000,Score in Half,Slide Slits Right Panel,Yes 5000 Envelopes A9
Majestic,Silk,8.5 x 11,Horizontal,Rectangle,16PT C2S,Spot UV,Silk,Spot UV Both Sides,4/4 (4 color both sides),10000,Score in Half,Slide Slits Right Panel,Yes 5000 Envelopes A9
Majestic,Silk,8.5 x 11,Vertical,Rectangle,16PT C2S,Spot UV,Silk,Spot UV Both Sides,4/4 (4 color both sides),10000,Score in Half,Slide Slits Right Panel,Yes 5000 Envelopes A9
Majestic,Silk,8.5 x 11,Horizontal,Rectangle,16PT C2S,Spot UV,Silk,Spot UV Front,4/1,500,Score in Half,Moon Slits Bottom Panel,Yes 10000 Envelopes A9
Majestic,Silk,8.5 x 11,Vertical,Rectangle,16PT C2S,Spot UV,Silk,Spot UV Front,4/1,500,Score in Half,Moon Slits Bottom Panel,Yes 10000 Envelopes A9
Majestic,Silk,8.5 x 11,Horizontal,Rectangle,16PT C2S,Spot UV,Silk,Spot UV Back,4/1,500,Score in Half,Moon Slits Bottom Panel,Yes 10000 Envelopes A9
Majestic,Silk,8.5 x 11,Vertical,Rectangle,16PT C2S,Spot UV,Silk,Spot UV Back,4/1,500,Score in Half,Moon Slits Bottom Panel,Yes 10000 Envelopes A9
Majestic,Silk,8.5 x 11,Horizontal,Rectangle,16PT C2S,Spot UV,Silk,Spot UV Both Sides,4/1,500,Score in Half,Moon Slits Bottom Panel,Yes 10000 Envelopes A9
Majestic,Silk,8.5 x 11,Vertical,Rectangle,16PT C2S,Spot UV,Silk,Spot UV Both Sides,4/1,500,Score in Half,Moon Slits Bottom Panel,Yes 10000 Envelopes A9
Majestic,Silk,8.5 x 11,Horizontal,Rectangle,16PT C2S,Spot UV,Silk,Spot UV Front,4/4 (4 color both sides),500,Score in Half,Moon Slits Bottom Panel,Yes 10000 Envelopes A9
Majestic,Silk,8.5 x 11,Vertical,Rectangle,16PT C2S,Spot UV,Silk,Spot UV Front,4/4 (4 color both sides),500,Score in Half,Moon Slits Bottom Panel,Yes 10000 Envelopes A9
Majestic,Silk,8.5 x 11,Horizontal,Rectangle,16PT C2S,Spot UV,Silk,Spot UV Back,4/4 (4 color both sides),500,Score in Half,Moon Slits Bottom Panel,Yes 10000 Envelopes A9
Majestic,Silk,8.5 x 11,Vertical,Rectangle,16PT C2S,Spot UV,Silk,Spot UV Back,4/4 (4 color both sides),500,Score in Half,Moon Slits Bottom Panel,Yes 10000 Envelopes A9
Majestic,Silk,8.5 x 11,Horizontal,Rectangle,16PT C2S,Spot UV,Silk,Spot UV Both Sides,4/4 (4 color both sides),500,Score in Half,Moon Slits Bottom Panel,Yes 10000 Envelopes A9
Majestic,Silk,8.5 x 11,Vertical,Rectangle,16PT C2S,Spot UV,Silk,Spot UV Both Sides,4/4 (4 color both sides),500,Score in Half,Moon Slits Bottom Panel,Yes 10000 Envelopes A9
Majestic,Silk,8.5 x 11,Horizontal,Rectangle,16PT C2S,Spot UV,Silk,Spot UV Front,4/1,1000,Score in Half,Moon Slits Bottom Panel,Yes 10000 Envelopes A9
Majestic,Silk,8.5 x 11,Vertical,Rectangle,16PT C2S,Spot UV,Silk,Spot UV Front,4/1,1000,Score in Half,Moon Slits Bottom Panel,Yes 10000 Envelopes A9
Majestic,Silk,8.5 x 11,Horizontal,Rectangle,16PT C2S,Spot UV,Silk,Spot UV Back,4/1,1000,Score in Half,Moon Slits Bottom Panel,Yes 10000 Envelopes A9
Majestic,Silk,8.5 x 11,Vertical,Rectangle,16PT C2S,Spot UV,Silk,Spot UV Back,4/1,1000,Score in Half,Moon Slits Bottom Panel,Yes 10000 Envelopes A9
Majestic,Silk,8.5 x 11,Horizontal,Rectangle,16PT C2S,Spot UV,Silk,Spot UV Both Sides,4/1,1000,Score in Half,Moon Slits Bottom Panel,Yes 10000 Envelopes A9
Majestic,Silk,8.5 x 11,Vertical,Rectangle,16PT C2S,Spot UV,Silk,Spot UV Both Sides,4/1,1000,Score in Half,Moon Slits Bottom Panel,Yes 10000 Envelopes A9
Majestic,Silk,8.5 x 11,Horizontal,Rectangle,16PT C2S,Spot UV,Silk,Spot UV Front,4/4 (4 color both sides),1000,Score in Half,Moon Slits Bottom Panel,Yes 10000 Envelopes A9
Majestic,Silk,8.5 x 11,Vertical,Rectangle,16PT C2S,Spot UV,Silk,Spot UV Front,4/4 (4 color both sides),1000,Score in Half,Moon Slits Bottom Panel,Yes 10000 Envelopes A9
Majestic,Silk,8.5 x 11,Horizontal,Rectangle,16PT C2S,Spot UV,Silk,Spot UV Back,4/4 (4 color both sides),1000,Score in Half,Moon Slits Bottom Panel,Yes 10000 Envelopes A9
Majestic,Silk,8.5 x 11,Horizontal,Rectangle,16PT C2S,Spot UV,Silk,Spot UV Back,4/1,5000,Score in Half,Slide Slits Right Panel,Yes 5000 Envelopes A9
Majestic,Silk,8.5 x 11,Horizontal,Rectangle,16PT C2S,Spot UV,Silk,Spot UV Both Sides,4/4 (4 color both sides),1000,Score in Half,Moon Slits Bottom Panel,Yes 10000 Envelopes A9
Majestic,Silk,8.5 x 11,Vertical,Rectangle,16PT C2S,Spot UV,Silk,Spot UV Both Sides,4/4 (4 color both sides),1000,Score in Half,Moon Slits Bottom Panel,Yes 10000 Envelopes A9
Majestic,Silk,8.5 x 11,Vertical,Rectangle,16PT C2S,Spot UV,Silk,Spot UV Back,4/4 (4 color both sides),1000,Score in Half,Moon Slits Bottom Panel,Yes 10000 Envelopes A9
Majestic,Silk,8.5 x 11,Vertical,Rectangle,16PT C2S,Spot UV,Silk,Spot UV Front,4/1,2500,Score in Half,Moon Slits Bottom Panel,Yes 10000 Envelopes A9
Majestic,Silk,8.5 x 11,Horizontal,Rectangle,16PT C2S,Spot UV,Silk,Spot UV Back,4/1,2500,Score in Half,Moon Slits Bottom Panel,Yes 10000 Envelopes A9
Majestic,Silk,8.5 x 11,Vertical,Rectangle,16PT C2S,Spot UV,Silk,Spot UV Back,4/1,2500,Score in Half,Moon Slits Bottom Panel,Yes 10000 Envelopes A9
Majestic,Silk,8.5 x 11,Horizontal,Rectangle,16PT C2S,Spot UV,Silk,Spot UV Both Sides,4/1,2500,Score in Half,Moon Slits Bottom Panel,Yes 10000 Envelopes A9
Majestic,Silk,8.5 x 11,Vertical,Rectangle,16PT C2S,Spot UV,Silk,Spot UV Both Sides,4/1,2500,Score in Half,Moon Slits Bottom Panel,Yes 10000 Envelopes A9
Majestic,Silk,8.5 x 11,Horizontal,Rectangle,16PT C2S,Spot UV,Silk,Spot UV Front,4/4 (4 color both sides),2500,Score in Half,Moon Slits Bottom Panel,Yes 10000 Envelopes A9
Majestic,Silk,8.5 x 11,Vertical,Rectangle,16PT C2S,Spot UV,Silk,Spot UV Front,4/4 (4 color both sides),2500,Score in Half,Moon Slits Bottom Panel,Yes 10000 Envelopes A9
Majestic,Silk,8.5 x 11,Horizontal,Rectangle,16PT C2S,Spot UV,Silk,Spot UV Back,4/4 (4 color both sides),500,Score in Half,Slide Slits Right Panel,Yes 5000 Envelopes A9
Majestic,Silk,8.5 x 11,Horizontal,Rectangle,16PT C2S,Spot UV,Silk,Spot UV Front,4/1,2500,Score in Half,Moon Slits Bottom Panel,Yes 10000 Envelopes A9
Majestic,Silk,8.5 x 11,Vertical,Rectangle,16PT C2S,Spot UV,Silk,Spot UV Front,4/4 (4 color both sides),10000,Score in Half,Slide Slits Right Panel,Yes 5000 Envelopes A9
Majestic,Silk,8.5 x 11,Vertical,Rectangle,16PT C2S,Spot UV,Silk,Spot UV Both Sides,4/4 (4 color both sides),2500,Score in Half,Moon Slits Bottom Panel,Yes 10000 Envelopes A9
Majestic,Silk,8.5 x 11,Horizontal,Rectangle,16PT C2S,Spot UV,Silk,Spot UV Front,4/1,5000,Score in Half,Moon Slits Bottom Panel,Yes 10000 Envelopes A9
Majestic,Silk,8.5 x 11,Vertical,Rectangle,16PT C2S,Spot UV,Silk,Spot UV Front,4/1,5000,Score in Half,Moon Slits Bottom Panel,Yes 10000 Envelopes A9
Majestic,Silk,8.5 x 11,Horizontal,Rectangle,16PT C2S,Spot UV,Silk,Spot UV Back,4/1,5000,Score in Half,Moon Slits Bottom Panel,Yes 10000 Envelopes A9
Majestic,Silk,8.5 x 11,Vertical,Rectangle,16PT C2S,Spot UV,Silk,Spot UV Back,4/1,5000,Score in Half,Moon Slits Bottom Panel,Yes 10000 Envelopes A9
Majestic,Silk,8.5 x 11,Horizontal,Rectangle,16PT C2S,Spot UV,Silk,Spot UV Both Sides,4/1,5000,Score in Half,Moon Slits Bottom Panel,Yes 10000 Envelopes A9
Majestic,Silk,8.5 x 11,Vertical,Rectangle,16PT C2S,Spot UV,Silk,Spot UV Both Sides,4/1,5000,Score in Half,Moon Slits Bottom Panel,Yes 10000 Envelopes A9
Majestic,Silk,8.5 x 11,Horizontal,Rectangle,16PT C2S,Spot UV,Silk,Spot UV Front,4/4 (4 color both sides),5000,Score in Half,Moon Slits Bottom Panel,Yes 10000 Envelopes A9
Majestic,Silk,8.5 x 11,Vertical,Rectangle,16PT C2S,Spot UV,Silk,Spot UV Front,4/4 (4 color both sides),5000,Score in Half,Moon Slits Bottom Panel,Yes 10000 Envelopes A9
Majestic,Silk,8.5 x 11,Horizontal,Rectangle,16PT C2S,Spot UV,Silk,Spot UV Back,4/4 (4 color both sides),5000,Score in Half,Moon Slits Bottom Panel,Yes 10000 Envelopes A9
Majestic,Silk,8.5 x 11,Vertical,Rectangle,16PT C2S,Spot UV,Silk,Spot UV Back,4/4 (4 color both sides),5000,Score in Half,Moon Slits Bottom Panel,Yes 10000 Envelopes A9
Majestic,Silk,8.5 x 11,Horizontal,Rectangle,16PT C2S,Spot UV,Silk,Spot UV Both Sides,4/4 (4 color both sides),2500,Score in Half,Moon Slits Bottom Panel,Yes 10000 Envelopes A9
Majestic,Silk,8.5 x 11,Horizontal,Rectangle,16PT C2S,Spot UV,Silk,Spot UV Back,4/4 (4 color both sides),2500,Score in Half,Moon Slits Bottom Panel,Yes 10000 Envelopes A9
Majestic,Silk,8.5 x 11,Horizontal,Rectangle,16PT C2S,Spot UV,Silk,Spot UV Front,4/1,10000,Score in Half,Moon Slits Bottom Panel,Yes 10000 Envelopes A9
Majestic,Silk,8.5 x 11,Vertical,Rectangle,16PT C2S,Spot UV,Silk,Spot UV Front,4/1,10000,Score in Half,Moon Slits Bottom Panel,Yes 10000 Envelopes A9
Majestic,Silk,8.5 x 11,Vertical,Rectangle,16PT C2S,Spot UV,Silk,Spot UV Back,4/1,10000,Score in Half,Moon Slits Bottom Panel,Yes 10000 Envelopes A9
Majestic,Silk,8.5 x 11,Horizontal,Rectangle,16PT C2S,Spot UV,Silk,Spot UV Back,4/1,10000,Score in Half,Moon Slits Bottom Panel,Yes 10000 Envelopes A9
Majestic,Silk,8.5 x 11,Horizontal,Rectangle,16PT C2S,Spot UV,Silk,Spot UV Both Sides,4/1,10000,Score in Half,Moon Slits Bottom Panel,Yes 10000 Envelopes A9
Majestic,Silk,8.5 x 11,Vertical,Rectangle,16PT C2S,Spot UV,Silk,Spot UV Both Sides,4/1,10000,Score in Half,Moon Slits Bottom Panel,Yes 10000 Envelopes A9
Majestic,Silk,8.5 x 11,Vertical,Rectangle,16PT C2S,Spot UV,Silk,Spot UV Back,4/4 (4 color both sides),2500,Score in Half,Moon Slits Bottom Panel,Yes 10000 Envelopes A9
Majestic,Silk,8.5 x 11,Vertical,Rectangle,16PT C2S,Spot UV,Silk,Spot UV Front,4/4 (4 color both sides),10000,Score in Half,Moon Slits Bottom Panel,Yes 10000 Envelopes A9
Majestic,Silk,8.5 x 11,Horizontal,Rectangle,16PT C2S,Spot UV,Silk,Spot UV Back,4/4 (4 color both sides),10000,Score in Half,Moon Slits Bottom Panel,Yes 10000 Envelopes A9
Majestic,Silk,8.5 x 11,Vertical,Rectangle,16PT C2S,Spot UV,Silk,Spot UV Back,4/4 (4 color both sides),10000,Score in Half,Moon Slits Bottom Panel,Yes 10000 Envelopes A9
Majestic,Silk,8.5 x 11,Horizontal,Rectangle,16PT C2S,Spot UV,Silk,Spot UV Both Sides,4/4 (4 color both sides),5000,Score in Half,Moon Slits Bottom Panel,Yes 10000 Envelopes A9
Majestic,Silk,8.5 x 11,Vertical,Rectangle,16PT C2S,Spot UV,Silk,Spot UV Both Sides,4/4 (4 color both sides),10000,Score in Half,Moon Slits Bottom Panel,Yes 10000 Envelopes A9
Majestic,Silk,8.5 x 11,Horizontal,Rectangle,16PT C2S,Spot UV,Silk,Spot UV Front,4/1,500,Score in Half,Moon Slits Right Panel,Yes 10000 Envelopes A9
Majestic,Silk,8.5 x 11,Vertical,Rectangle,16PT C2S,Spot UV,Silk,Spot UV Front,4/1,500,Score in Half,Moon Slits Right Panel,Yes 10000 Envelopes A9
Majestic,Silk,8.5 x 11,Horizontal,Rectangle,16PT C2S,Spot UV,Silk,Spot UV Back,4/1,500,Score in Half,Moon Slits Right Panel,Yes 10000 Envelopes A9
Majestic,Silk,8.5 x 11,Vertical,Rectangle,16PT C2S,Spot UV,Silk,Spot UV Back,4/1,500,Score in Half,Moon Slits Right Panel,Yes 10000 Envelopes A9
Majestic,Silk,8.5 x 11,Horizontal,Rectangle,16PT C2S,Spot UV,Silk,Spot UV Both Sides,4/4 (4 color both sides),10000,Score in Half,Moon Slits Bottom Panel,Yes 10000 Envelopes A9
Majestic,Silk,8.5 x 11,Horizontal,Rectangle,16PT C2S,Spot UV,Silk,Spot UV Front,4/4 (4 color both sides),500,Score in Half,Moon Slits Right Panel,Yes 10000 Envelopes A9
Majestic,Silk,8.5 x 11,Vertical,Rectangle,16PT C2S,Spot UV,Silk,Spot UV Front,4/4 (4 color both sides),500,Score in Half,Moon Slits Right Panel,Yes 10000 Envelopes A9
Majestic,Silk,8.5 x 11,Horizontal,Rectangle,16PT C2S,Spot UV,Silk,Spot UV Back,4/4 (4 color both sides),500,Score in Half,Moon Slits Right Panel,Yes 10000 Envelopes A9
Majestic,Silk,8.5 x 11,Horizontal,Rectangle,16PT C2S,Spot UV,Silk,Spot UV Both Sides,4/1,500,Score in Half,Moon Slits Right Panel,Yes 10000 Envelopes A9
Majestic,Silk,8.5 x 11,Vertical,Rectangle,16PT C2S,Spot UV,Silk,Spot UV Back,4/4 (4 color both sides),500,Score in Half,Moon Slits Right Panel,Yes 10000 Envelopes A9
Majestic,Silk,8.5 x 11,Vertical,Rectangle,16PT C2S,Spot UV,Silk,Spot UV Both Sides,4/1,500,Score in Half,Moon Slits Right Panel,Yes 10000 Envelopes A9
Majestic,Silk,8.5 x 11,Vertical,Rectangle,16PT C2S,Spot UV,Silk,Spot UV Both Sides,4/4 (4 color both sides),500,Score in Half,Moon Slits Right Panel,Yes 10000 Envelopes A9
Majestic,Silk,8.5 x 11,Vertical,Rectangle,16PT C2S,Spot UV,Silk,Spot UV Front,4/1,1000,Score in Half,Moon Slits Right Panel,Yes 10000 Envelopes A9
Majestic,Silk,8.5 x 11,Horizontal,Rectangle,16PT C2S,Spot UV,Silk,Spot UV Back,4/1,1000,Score in Half,Moon Slits Right Panel,Yes 10000 Envelopes A9
Majestic,Silk,8.5 x 11,Horizontal,Rectangle,16PT C2S,Spot UV,Silk,Spot UV Front,4/1,1000,Score in Half,Moon Slits Right Panel,Yes 10000 Envelopes A9
Majestic,Silk,8.5 x 11,Vertical,Rectangle,16PT C2S,Spot UV,Silk,Spot UV Back,4/1,1000,Score in Half,Moon Slits Right Panel,Yes 10000 Envelopes A9
Majestic,Silk,8.5 x 11,Vertical,Rectangle,16PT C2S,Spot UV,Silk,Spot UV Both Sides,4/1,1000,Score in Half,Moon Slits Right Panel,Yes 10000 Envelopes A9
Majestic,Silk,8.5 x 11,Horizontal,Rectangle,16PT C2S,Spot UV,Silk,Spot UV Both Sides,4/1,1000,Score in Half,Moon Slits Right Panel,Yes 10000 Envelopes A9
Majestic,Silk,8.5 x 11,Horizontal,Rectangle,16PT C2S,Spot UV,Silk,Spot UV Front,4/4 (4 color both sides),1000,Score in Half,Moon Slits Right Panel,Yes 10000 Envelopes A9
Majestic,Silk,8.5 x 11,Vertical,Rectangle,16PT C2S,Spot UV,Silk,Spot UV Front,4/4 (4 color both sides),1000,Score in Half,Moon Slits Right Panel,Yes 10000 Envelopes A9
Majestic,Silk,8.5 x 11,Horizontal,Rectangle,16PT C2S,Spot UV,Silk,Spot UV Back,4/4 (4 color both sides),1000,Score in Half,Moon Slits Right Panel,Yes 10000 Envelopes A9
Majestic,Silk,8.5 x 11,Vertical,Rectangle,16PT C2S,Spot UV,Silk,Spot UV Back,4/4 (4 color both sides),1000,Score in Half,Moon Slits Right Panel,Yes 10000 Envelopes A9
Majestic,Silk,8.5 x 11,Horizontal,Rectangle,16PT C2S,Spot UV,Silk,Spot UV Both Sides,4/4 (4 color both sides),1000,Score in Half,Moon Slits Right Panel,Yes 10000 Envelopes A9
Majestic,Silk,8.5 x 11,Vertical,Rectangle,16PT C2S,Spot UV,Silk,Spot UV Both Sides,4/4 (4 color both sides),1000,Score in Half,Moon Slits Right Panel,Yes 10000 Envelopes A9
Majestic,Silk,8.5 x 11,Horizontal,Rectangle,16PT C2S,Spot UV,Silk,Spot UV Front,4/1,2500,Score in Half,Moon Slits Right Panel,Yes 10000 Envelopes A9
Majestic,Silk,8.5 x 11,Horizontal,Rectangle,16PT C2S,Spot UV,Silk,Spot UV Both Sides,4/4 (4 color both sides),500,Score in Half,Moon Slits Right Panel,Yes 10000 Envelopes A9
Majestic,Silk,8.5 x 11,Vertical,Rectangle,16PT C2S,Spot UV,Silk,Spot UV Both Sides,4/4 (4 color both sides),5000,Score in Half,Moon Slits Bottom Panel,Yes 10000 Envelopes A9
Majestic,Silk,8.5 x 11,Vertical,Rectangle,16PT C2S,Spot UV,Silk,Spot UV Back,4/1,2500,Score in Half,Moon Slits Right Panel,Yes 10000 Envelopes A9
Majestic,Silk,8.5 x 11,Horizontal,Rectangle,16PT C2S,Spot UV,Silk,Spot UV Both Sides,4/1,2500,Score in Half,Moon Slits Right Panel,Yes 10000 Envelopes A9
Majestic,Silk,8.5 x 11,Vertical,Rectangle,16PT C2S,Spot UV,Silk,Spot UV Both Sides,4/1,2500,Score in Half,Moon Slits Right Panel,Yes 10000 Envelopes A9
Majestic,Silk,8.5 x 11,Horizontal,Rectangle,16PT C2S,Spot UV,Silk,Spot UV Front,4/4 (4 color both sides),10000,Score in Half,Moon Slits Bottom Panel,Yes 10000 Envelopes A9
Majestic,Silk,8.5 x 11,Vertical,Rectangle,16PT C2S,Spot UV,Silk,Spot UV Front,4/4 (4 color both sides),2500,Score in Half,Moon Slits Right Panel,Yes 10000 Envelopes A9
Majestic,Silk,8.5 x 11,Horizontal,Rectangle,16PT C2S,Spot UV,Silk,Spot UV Back,4/4 (4 color both sides),2500,Score in Half,Moon Slits Right Panel,Yes 10000 Envelopes A9
Majestic,Silk,8.5 x 11,Vertical,Rectangle,16PT C2S,Spot UV,Silk,Spot UV Back,4/4 (4 color both sides),2500,Score in Half,Moon Slits Right Panel,Yes 10000 Envelopes A9
Majestic,Silk,8.5 x 11,Horizontal,Rectangle,16PT C2S,Spot UV,Silk,Spot UV Both Sides,4/4 (4 color both sides),2500,Score in Half,Moon Slits Right Panel,Yes 10000 Envelopes A9
Majestic,Silk,8.5 x 11,Horizontal,Rectangle,16PT C2S,Spot UV,Silk,Spot UV Back,4/1,2500,Score in Half,Moon Slits Right Panel,Yes 10000 Envelopes A9
Majestic,Silk,8.5 x 11,Horizontal,Rectangle,16PT C2S,Spot UV,Silk,Spot UV Front,4/1,5000,Score in Half,Moon Slits Right Panel,Yes 10000 Envelopes A9
Majestic,Silk,8.5 x 11,Vertical,Rectangle,16PT C2S,Spot UV,Silk,Spot UV Front,4/1,5000,Score in Half,Moon Slits Right Panel,Yes 10000 Envelopes A9
Majestic,Silk,8.5 x 11,Horizontal,Rectangle,16PT C2S,Spot UV,Silk,Spot UV Back,4/1,5000,Score in Half,Moon Slits Right Panel,Yes 10000 Envelopes A9
Majestic,Silk,8.5 x 11,Vertical,Rectangle,16PT C2S,Spot UV,Silk,Spot UV Back,4/1,5000,Score in Half,Moon Slits Right Panel,Yes 10000 Envelopes A9
Majestic,Silk,8.5 x 11,Horizontal,Rectangle,16PT C2S,Spot UV,Silk,Spot UV Both Sides,4/1,5000,Score in Half,Moon Slits Right Panel,Yes 10000 Envelopes A9
Majestic,Silk,8.5 x 11,Vertical,Rectangle,16PT C2S,Spot UV,Silk,Spot UV Both Sides,4/1,5000,Score in Half,Moon Slits Right Panel,Yes 10000 Envelopes A9
Majestic,Silk,8.5 x 11,Horizontal,Rectangle,16PT C2S,Spot UV,Silk,Spot UV Front,4/4 (4 color both sides),5000,Score in Half,Moon Slits Right Panel,Yes 10000 Envelopes A9
Majestic,Silk,8.5 x 11,Vertical,Rectangle,16PT C2S,Spot UV,Silk,Spot UV Front,4/4 (4 color both sides),5000,Score in Half,Moon Slits Right Panel,Yes 10000 Envelopes A9
Majestic,Silk,8.5 x 11,Horizontal,Rectangle,16PT C2S,Spot UV,Silk,Spot UV Back,4/4 (4 color both sides),5000,Score in Half,Moon Slits Right Panel,Yes 10000 Envelopes A9
Majestic,Silk,8.5 x 11,Horizontal,Rectangle,16PT C2S,Spot UV,Silk,Spot UV Front,4/4 (4 color both sides),2500,Score in Half,Moon Slits Right Panel,Yes 10000 Envelopes A9
Majestic,Silk,8.5 x 11,Horizontal,Rectangle,16PT C2S,Spot UV,Silk,Spot UV Both Sides,4/4 (4 color both sides),5000,Score in Half,Moon Slits Right Panel,Yes 10000 Envelopes A9
Majestic,Silk,8.5 x 11,Vertical,Rectangle,16PT C2S,Spot UV,Silk,Spot UV Both Sides,4/4 (4 color both sides),5000,Score in Half,Moon Slits Right Panel,Yes 10000 Envelopes A9
Majestic,Silk,8.5 x 11,Horizontal,Rectangle,16PT C2S,Spot UV,Silk,Spot UV Front,4/1,10000,Score in Half,Moon Slits Right Panel,Yes 10000 Envelopes A9
Majestic,Silk,8.5 x 11,Vertical,Rectangle,16PT C2S,Spot UV,Silk,Spot UV Front,4/1,10000,Score in Half,Moon Slits Right Panel,Yes 10000 Envelopes A9
Majestic,Silk,8.5 x 11,Horizontal,Rectangle,16PT C2S,Spot UV,Silk,Spot UV Back,4/1,10000,Score in Half,Moon Slits Right Panel,Yes 10000 Envelopes A9
Majestic,Silk,8.5 x 11,Vertical,Rectangle,16PT C2S,Spot UV,Silk,Spot UV Back,4/1,10000,Score in Half,Moon Slits Right Panel,Yes 10000 Envelopes A9
Majestic,Silk,8.5 x 11,Horizontal,Rectangle,16PT C2S,Spot UV,Silk,Spot UV Both Sides,4/1,10000,Score in Half,Moon Slits Right Panel,Yes 10000 Envelopes A9
Majestic,Silk,8.5 x 11,Vertical,Rectangle,16PT C2S,Spot UV,Silk,Spot UV Both Sides,4/4 (4 color both sides),2500,Score in Half,Moon Slits Right Panel,Yes 10000 Envelopes A9
Majestic,Silk,8.5 x 11,Horizontal,Rectangle,16PT C2S,Spot UV,Silk,Spot UV Front,4/4 (4 color both sides),10000,Score in Half,Moon Slits Right Panel,Yes 10000 Envelopes A9
Majestic,Silk,8.5 x 11,Vertical,Rectangle,16PT C2S,Spot UV,Silk,Spot UV Front,4/4 (4 color both sides),10000,Score in Half,Moon Slits Right Panel,Yes 10000 Envelopes A9
Majestic,Silk,8.5 x 11,Horizontal,Rectangle,16PT C2S,Spot UV,Silk,Spot UV Back,4/4 (4 color both sides),10000,Score in Half,Moon Slits Right Panel,Yes 10000 Envelopes A9
Majestic,Silk,8.5 x 11,Vertical,Rectangle,16PT C2S,Spot UV,Silk,Spot UV Back,4/4 (4 color both sides),10000,Score in Half,Moon Slits Right Panel,Yes 10000 Envelopes A9
Majestic,Silk,8.5 x 11,Horizontal,Rectangle,16PT C2S,Spot UV,Silk,Spot UV Both Sides,4/4 (4 color both sides),10000,Score in Half,Moon Slits Right Panel,Yes 10000 Envelopes A9
Majestic,Silk,8.5 x 11,Vertical,Rectangle,16PT C2S,Spot UV,Silk,Spot UV Both Sides,4/4 (4 color both sides),10000,Score in Half,Moon Slits Right Panel,Yes 10000 Envelopes A9
Majestic,Silk,8.5 x 11,Horizontal,Rectangle,16PT C2S,Spot UV,Silk,Spot UV Front,4/1,500,Score in Half,No Gift Cards Slits,Yes 10000 Envelopes A9
Majestic,Silk,8.5 x 11,Vertical,Rectangle,16PT C2S,Spot UV,Silk,Spot UV Front,4/1,500,Score in Half,No Gift Cards Slits,Yes 10000 Envelopes A9
Majestic,Silk,8.5 x 11,Horizontal,Rectangle,16PT C2S,Spot UV,Silk,Spot UV Back,4/1,500,Score in Half,No Gift Cards Slits,Yes 10000 Envelopes A9
Majestic,Silk,8.5 x 11,Vertical,Rectangle,16PT C2S,Spot UV,Silk,Spot UV Back,4/1,500,Score in Half,No Gift Cards Slits,Yes 10000 Envelopes A9
Majestic,Silk,8.5 x 11,Horizontal,Rectangle,16PT C2S,Spot UV,Silk,Spot UV Both Sides,4/1,500,Score in Half,No Gift Cards Slits,Yes 10000 Envelopes A9
Majestic,Silk,8.5 x 11,Vertical,Rectangle,16PT C2S,Spot UV,Silk,Spot UV Both Sides,4/1,500,Score in Half,No Gift Cards Slits,Yes 10000 Envelopes A9
Majestic,Silk,8.5 x 11,Horizontal,Rectangle,16PT C2S,Spot UV,Silk,Spot UV Front,4/4 (4 color both sides),500,Score in Half,No Gift Cards Slits,Yes 10000 Envelopes A9
Majestic,Silk,8.5 x 11,Vertical,Rectangle,16PT C2S,Spot UV,Silk,Spot UV Front,4/1,2500,Score in Half,Moon Slits Right Panel,Yes 10000 Envelopes A9
Majestic,Silk,8.5 x 11,Horizontal,Rectangle,16PT C2S,Spot UV,Silk,Spot UV Back,4/4 (4 color both sides),500,Score in Half,No Gift Cards Slits,Yes 10000 Envelopes A9
Majestic,Silk,8.5 x 11,Vertical,Rectangle,16PT C2S,Spot UV,Silk,Spot UV Back,4/4 (4 color both sides),500,Score in Half,No Gift Cards Slits,Yes 10000 Envelopes A9
Majestic,Silk,8.5 x 11,Horizontal,Rectangle,16PT C2S,Spot UV,Silk,Spot UV Both Sides,4/4 (4 color both sides),500,Score in Half,No Gift Cards Slits,Yes 10000 Envelopes A9
Majestic,Silk,8.5 x 11,Vertical,Rectangle,16PT C2S,Spot UV,Silk,Spot UV Both Sides,4/4 (4 color both sides),500,Score in Half,No Gift Cards Slits,Yes 10000 Envelopes A9
Majestic,Silk,8.5 x 11,Horizontal,Rectangle,16PT C2S,Spot UV,Silk,Spot UV Front,4/1,1000,Score in Half,No Gift Cards Slits,Yes 10000 Envelopes A9
Majestic,Silk,8.5 x 11,Vertical,Rectangle,16PT C2S,Spot UV,Silk,Spot UV Front,4/1,1000,Score in Half,No Gift Cards Slits,Yes 10000 Envelopes A9
Majestic,Silk,8.5 x 11,Horizontal,Rectangle,16PT C2S,Spot UV,Silk,Spot UV Back,4/1,1000,Score in Half,No Gift Cards Slits,Yes 10000 Envelopes A9
Majestic,Silk,8.5 x 11,Vertical,Rectangle,16PT C2S,Spot UV,Silk,Spot UV Back,4/1,1000,Score in Half,No Gift Cards Slits,Yes 10000 Envelopes A9
Majestic,Silk,8.5 x 11,Horizontal,Rectangle,16PT C2S,Spot UV,Silk,Spot UV Both Sides,4/1,1000,Score in Half,No Gift Cards Slits,Yes 10000 Envelopes A9
Majestic,Silk,8.5 x 11,Vertical,Rectangle,16PT C2S,Spot UV,Silk,Spot UV Both Sides,4/1,1000,Score in Half,No Gift Cards Slits,Yes 10000 Envelopes A9
Majestic,Silk,8.5 x 11,Horizontal,Rectangle,16PT C2S,Spot UV,Silk,Spot UV Front,4/4 (4 color both sides),1000,Score in Half,No Gift Cards Slits,Yes 10000 Envelopes A9
Majestic,Silk,8.5 x 11,Vertical,Rectangle,16PT C2S,Spot UV,Silk,Spot UV Front,4/4 (4 color both sides),1000,Score in Half,No Gift Cards Slits,Yes 10000 Envelopes A9
Majestic,Silk,8.5 x 11,Horizontal,Rectangle,16PT C2S,Spot UV,Silk,Spot UV Back,4/4 (4 color both sides),1000,Score in Half,No Gift Cards Slits,Yes 10000 Envelopes A9
Majestic,Silk,8.5 x 11,Vertical,Rectangle,16PT C2S,Spot UV,Silk,Spot UV Back,4/4 (4 color both sides),1000,Score in Half,No Gift Cards Slits,Yes 10000 Envelopes A9
Majestic,Silk,8.5 x 11,Horizontal,Rectangle,16PT C2S,Spot UV,Silk,Spot UV Both Sides,4/4 (4 color both sides),1000,Score in Half,No Gift Cards Slits,Yes 10000 Envelopes A9
Majestic,Silk,8.5 x 11,Vertical,Rectangle,16PT C2S,Spot UV,Silk,Spot UV Both Sides,4/4 (4 color both sides),1000,Score in Half,No Gift Cards Slits,Yes 10000 Envelopes A9
Majestic,Silk,8.5 x 11,Horizontal,Rectangle,16PT C2S,Spot UV,Silk,Spot UV Front,4/1,2500,Score in Half,No Gift Cards Slits,Yes 10000 Envelopes A9
Majestic,Silk,8.5 x 11,Horizontal,Rectangle,16PT C2S,Spot UV,Silk,Spot UV Back,4/1,2500,Score in Half,No Gift Cards Slits,Yes 10000 Envelopes A9
Majestic,Silk,8.5 x 11,Horizontal,Rectangle,16PT C2S,Spot UV,Silk,Spot UV Both Sides,4/1,2500,Score in Half,No Gift Cards Slits,Yes 10000 Envelopes A9
Majestic,Silk,8.5 x 11,Vertical,Rectangle,16PT C2S,Spot UV,Silk,Spot UV Back,4/1,2500,Score in Half,No Gift Cards Slits,Yes 10000 Envelopes A9
Majestic,Silk,8.5 x 11,Vertical,Rectangle,16PT C2S,Spot UV,Silk,Spot UV Front,4/1,2500,Score in Half,No Gift Cards Slits,Yes 10000 Envelopes A9
Majestic,Silk,8.5 x 11,Vertical,Rectangle,16PT C2S,Spot UV,Silk,Spot UV Both Sides,4/1,2500,Score in Half,No Gift Cards Slits,Yes 10000 Envelopes A9
Majestic,Silk,8.5 x 11,Horizontal,Rectangle,16PT C2S,Spot UV,Silk,Spot UV Front,4/4 (4 color both sides),2500,Score in Half,No Gift Cards Slits,Yes 10000 Envelopes A9
Majestic,Silk,8.5 x 11,Vertical,Rectangle,16PT C2S,Spot UV,Silk,Spot UV Front,4/4 (4 color both sides),2500,Score in Half,No Gift Cards Slits,Yes 10000 Envelopes A9
Majestic,Silk,8.5 x 11,Vertical,Rectangle,16PT C2S,Spot UV,Silk,Spot UV Both Sides,4/1,10000,Score in Half,Moon Slits Right Panel,Yes 10000 Envelopes A9
Majestic,Silk,8.5 x 11,Vertical,Rectangle,16PT C2S,Spot UV,Silk,Spot UV Back,4/4 (4 color both sides),2500,Score in Half,No Gift Cards Slits,Yes 10000 Envelopes A9
Majestic,Silk,8.5 x 11,Horizontal,Rectangle,16PT C2S,Spot UV,Silk,Spot UV Both Sides,4/4 (4 color both sides),2500,Score in Half,No Gift Cards Slits,Yes 10000 Envelopes A9
Majestic,Silk,8.5 x 11,Vertical,Rectangle,16PT C2S,Spot UV,Silk,Spot UV Both Sides,4/4 (4 color both sides),2500,Score in Half,No Gift Cards Slits,Yes 10000 Envelopes A9
Majestic,Silk,8.5 x 11,Vertical,Rectangle,16PT C2S,Spot UV,Silk,Spot UV Front,4/1,5000,Score in Half,No Gift Cards Slits,Yes 10000 Envelopes A9
Majestic,Silk,8.5 x 11,Horizontal,Rectangle,16PT C2S,Spot UV,Silk,Spot UV Front,4/1,5000,Score in Half,No Gift Cards Slits,Yes 10000 Envelopes A9
Majestic,Silk,8.5 x 11,Horizontal,Rectangle,16PT C2S,Spot UV,Silk,Spot UV Back,4/1,5000,Score in Half,No Gift Cards Slits,Yes 10000 Envelopes A9
Majestic,Silk,8.5 x 11,Vertical,Rectangle,16PT C2S,Spot UV,Silk,Spot UV Back,4/1,5000,Score in Half,No Gift Cards Slits,Yes 10000 Envelopes A9
Majestic,Silk,8.5 x 11,Vertical,Rectangle,16PT C2S,Spot UV,Silk,Spot UV Front,4/4 (4 color both sides),500,Score in Half,No Gift Cards Slits,Yes 10000 Envelopes A9
Majestic,Silk,8.5 x 11,Vertical,Rectangle,16PT C2S,Spot UV,Silk,Spot UV Both Sides,4/1,5000,Score in Half,No Gift Cards Slits,Yes 10000 Envelopes A9
Majestic,Silk,8.5 x 11,Horizontal,Rectangle,16PT C2S,Spot UV,Silk,Spot UV Front,4/4 (4 color both sides),5000,Score in Half,No Gift Cards Slits,Yes 10000 Envelopes A9
Majestic,Silk,8.5 x 11,Horizontal,Rectangle,16PT C2S,Spot UV,Silk,Spot UV Both Sides,4/1,5000,Score in Half,No Gift Cards Slits,Yes 10000 Envelopes A9
Majestic,Silk,8.5 x 11,Vertical,Rectangle,16PT C2S,Spot UV,Silk,Spot UV Back,4/4 (4 color both sides),5000,Score in Half,No Gift Cards Slits,Yes 10000 Envelopes A9
Majestic,Silk,8.5 x 11,Horizontal,Rectangle,16PT C2S,Spot UV,Silk,Spot UV Back,4/4 (4 color both sides),5000,Score in Half,No Gift Cards Slits,Yes 10000 Envelopes A9
Majestic,Silk,8.5 x 11,Horizontal,Rectangle,16PT C2S,Spot UV,Silk,Spot UV Both Sides,4/4 (4 color both sides),5000,Score in Half,No Gift Cards Slits,Yes 10000 Envelopes A9
Majestic,Silk,8.5 x 11,Vertical,Rectangle,16PT C2S,Spot UV,Silk,Spot UV Both Sides,4/4 (4 color both sides),5000,Score in Half,No Gift Cards Slits,Yes 10000 Envelopes A9
Majestic,Silk,8.5 x 11,Vertical,Rectangle,16PT C2S,Spot UV,Silk,Spot UV Back,4/4 (4 color both sides),5000,Score in Half,Moon Slits Right Panel,Yes 10000 Envelopes A9
Majestic,Silk,8.5 x 11,Vertical,Rectangle,16PT C2S,Spot UV,Silk,Spot UV Front,4/1,10000,Score in Half,No Gift Cards Slits,Yes 10000 Envelopes A9
Majestic,Silk,8.5 x 11,Horizontal,Rectangle,16PT C2S,Spot UV,Silk,Spot UV Back,4/1,10000,Score in Half,No Gift Cards Slits,Yes 10000 Envelopes A9
Majestic,Silk,8.5 x 11,Vertical,Rectangle,16PT C2S,Spot UV,Silk,Spot UV Back,4/1,10000,Score in Half,No Gift Cards Slits,Yes 10000 Envelopes A9
Majestic,Silk,8.5 x 11,Horizontal,Rectangle,16PT C2S,Spot UV,Silk,Spot UV Both Sides,4/1,10000,Score in Half,No Gift Cards Slits,Yes 10000 Envelopes A9
Majestic,Silk,8.5 x 11,Vertical,Rectangle,16PT C2S,Spot UV,Silk,Spot UV Both Sides,4/1,10000,Score in Half,No Gift Cards Slits,Yes 10000 Envelopes A9
Majestic,Silk,8.5 x 11,Vertical,Rectangle,16PT C2S,Spot UV,Silk,Spot UV Front,4/4 (4 color both sides),10000,Score in Half,No Gift Cards Slits,Yes 10000 Envelopes A9
Majestic,Silk,8.5 x 11,Horizontal,Rectangle,16PT C2S,Spot UV,Silk,Spot UV Front,4/4 (4 color both sides),10000,Score in Half,No Gift Cards Slits,Yes 10000 Envelopes A9
Majestic,Silk,8.5 x 11,Horizontal,Rectangle,16PT C2S,Spot UV,Silk,Spot UV Back,4/4 (4 color both sides),2500,Score in Half,No Gift Cards Slits,Yes 10000 Envelopes A9
Majestic,Silk,8.5 x 11,Vertical,Rectangle,16PT C2S,Spot UV,Silk,Spot UV Back,4/4 (4 color both sides),10000,Score in Half,No Gift Cards Slits,Yes 10000 Envelopes A9
Majestic,Silk,8.5 x 11,Vertical,Rectangle,16PT C2S,Spot UV,Silk,Spot UV Both Sides,4/4 (4 color both sides),10000,Score in Half,No Gift Cards Slits,Yes 10000 Envelopes A9
Majestic,Silk,8.5 x 11,Horizontal,Rectangle,16PT C2S,Spot UV,Silk,Spot UV Both Sides,4/4 (4 color both sides),10000,Score in Half,No Gift Cards Slits,Yes 10000 Envelopes A9
Majestic,Silk,8.5 x 11,Horizontal,Rectangle,16PT C2S,Spot UV,Silk,Spot UV Front,4/1,500,Score in Half,Slide Slits Bottom Panel,Yes 10000 Envelopes A9
Majestic,Silk,8.5 x 11,Vertical,Rectangle,16PT C2S,Spot UV,Silk,Spot UV Front,4/1,500,Score in Half,Slide Slits Bottom Panel,Yes 10000 Envelopes A9
Majestic,Silk,8.5 x 11,Horizontal,Rectangle,16PT C2S,Spot UV,Silk,Spot UV Back,4/1,500,Score in Half,Slide Slits Bottom Panel,Yes 10000 Envelopes A9
Majestic,Silk,8.5 x 11,Vertical,Rectangle,16PT C2S,Spot UV,Silk,Spot UV Back,4/1,500,Score in Half,Slide Slits Bottom Panel,Yes 10000 Envelopes A9
Majestic,Silk,8.5 x 11,Horizontal,Rectangle,16PT C2S,Spot UV,Silk,Spot UV Both Sides,4/1,500,Score in Half,Slide Slits Bottom Panel,Yes 10000 Envelopes A9
Majestic,Silk,8.5 x 11,Vertical,Rectangle,16PT C2S,Spot UV,Silk,Spot UV Both Sides,4/1,500,Score in Half,Slide Slits Bottom Panel,Yes 10000 Envelopes A9
Majestic,Silk,8.5 x 11,Horizontal,Rectangle,16PT C2S,Spot UV,Silk,Spot UV Front,4/1,10000,Score in Half,No Gift Cards Slits,Yes 10000 Envelopes A9
Majestic,Silk,8.5 x 11,Vertical,Rectangle,16PT C2S,Spot UV,Silk,Spot UV Front,4/4 (4 color both sides),5000,Score in Half,No Gift Cards Slits,Yes 10000 Envelopes A9
Majestic,Silk,8.5 x 11,Horizontal,Rectangle,16PT C2S,Spot UV,Silk,Spot UV Back,4/4 (4 color both sides),500,Score in Half,Slide Slits Bottom Panel,Yes 10000 Envelopes A9
Majestic,Silk,8.5 x 11,Vertical,Rectangle,16PT C2S,Spot UV,Silk,Spot UV Back,4/4 (4 color both sides),500,Score in Half,Slide Slits Bottom Panel,Yes 10000 Envelopes A9
Majestic,Silk,8.5 x 11,Horizontal,Rectangle,16PT C2S,Spot UV,Silk,Spot UV Both Sides,4/4 (4 color both sides),500,Score in Half,Slide Slits Bottom Panel,Yes 10000 Envelopes A9
Majestic,Silk,8.5 x 11,Vertical,Rectangle,16PT C2S,Spot UV,Silk,Spot UV Both Sides,4/4 (4 color both sides),500,Score in Half,Slide Slits Bottom Panel,Yes 10000 Envelopes A9
Majestic,Silk,8.5 x 11,Horizontal,Rectangle,16PT C2S,Spot UV,Silk,Spot UV Front,4/1,1000,Score in Half,Slide Slits Bottom Panel,Yes 10000 Envelopes A9
Majestic,Silk,8.5 x 11,Vertical,Rectangle,16PT C2S,Spot UV,Silk,Spot UV Front,4/1,1000,Score in Half,Slide Slits Bottom Panel,Yes 10000 Envelopes A9
Majestic,Silk,8.5 x 11,Horizontal,Rectangle,16PT C2S,Spot UV,Silk,Spot UV Back,4/4 (4 color both sides),10000,Score in Half,No Gift Cards Slits,Yes 10000 Envelopes A9
Majestic,Silk,8.5 x 11,Horizontal,Rectangle,16PT C2S,Spot UV,Silk,Spot UV Front,4/4 (4 color both sides),500,Score in Half,Slide Slits Bottom Panel,Yes 10000 Envelopes A9
Majestic,Silk,8.5 x 11,Horizontal,Rectangle,16PT C2S,Spot UV,Silk,Spot UV Both Sides,4/1,1000,Score in Half,Slide Slits Bottom Panel,Yes 10000 Envelopes A9
Majestic,Silk,8.5 x 11,Vertical,Rectangle,16PT C2S,Spot UV,Silk,Spot UV Both Sides,4/1,1000,Score in Half,Slide Slits Bottom Panel,Yes 10000 Envelopes A9
Majestic,Silk,8.5 x 11,Horizontal,Rectangle,16PT C2S,Spot UV,Silk,Spot UV Front,4/4 (4 color both sides),1000,Score in Half,Slide Slits Bottom Panel,Yes 10000 Envelopes A9
Majestic,Silk,8.5 x 11,Vertical,Rectangle,16PT C2S,Spot UV,Silk,Spot UV Front,4/4 (4 color both sides),1000,Score in Half,Slide Slits Bottom Panel,Yes 10000 Envelopes A9
Majestic,Silk,8.5 x 11,Vertical,Rectangle,16PT C2S,Spot UV,Silk,Spot UV Back,4/4 (4 color both sides),1000,Score in Half,Slide Slits Bottom Panel,Yes 10000 Envelopes A9
Majestic,Silk,8.5 x 11,Horizontal,Rectangle,16PT C2S,Spot UV,Silk,Spot UV Back,4/4 (4 color both sides),1000,Score in Half,Slide Slits Bottom Panel,Yes 10000 Envelopes A9
Majestic,Silk,8.5 x 11,Horizontal,Rectangle,16PT C2S,Spot UV,Silk,Spot UV Both Sides,4/4 (4 color both sides),1000,Score in Half,Slide Slits Bottom Panel,Yes 10000 Envelopes A9
Majestic,Silk,8.5 x 11,Vertical,Rectangle,16PT C2S,Spot UV,Silk,Spot UV Both Sides,4/4 (4 color both sides),1000,Score in Half,Slide Slits Bottom Panel,Yes 10000 Envelopes A9
Majestic,Silk,8.5 x 11,Horizontal,Rectangle,16PT C2S,Spot UV,Silk,Spot UV Front,4/1,2500,Score in Half,Slide Slits Bottom Panel,Yes 10000 Envelopes A9
Majestic,Silk,8.5 x 11,Vertical,Rectangle,16PT C2S,Spot UV,Silk,Spot UV Front,4/1,2500,Score in Half,Slide Slits Bottom Panel,Yes 10000 Envelopes A9
Majestic,Silk,8.5 x 11,Horizontal,Rectangle,16PT C2S,Spot UV,Silk,Spot UV Back,4/1,2500,Score in Half,Slide Slits Bottom Panel,Yes 10000 Envelopes A9
Majestic,Silk,8.5 x 11,Vertical,Rectangle,16PT C2S,Spot UV,Silk,Spot UV Back,4/1,2500,Score in Half,Slide Slits Bottom Panel,Yes 10000 Envelopes A9
Majestic,Silk,8.5 x 11,Horizontal,Rectangle,16PT C2S,Spot UV,Silk,Spot UV Both Sides,4/1,2500,Score in Half,Slide Slits Bottom Panel,Yes 10000 Envelopes A9
Majestic,Silk,8.5 x 11,Horizontal,Rectangle,16PT C2S,Spot UV,Silk,Spot UV Front,4/4 (4 color both sides),2500,Score in Half,Slide Slits Bottom Panel,Yes 10000 Envelopes A9
Majestic,Silk,8.5 x 11,Vertical,Rectangle,16PT C2S,Spot UV,Silk,Spot UV Both Sides,4/1,2500,Score in Half,Slide Slits Bottom Panel,Yes 10000 Envelopes A9
Majestic,Silk,8.5 x 11,Vertical,Rectangle,16PT C2S,Spot UV,Silk,Spot UV Front,4/4 (4 color both sides),2500,Score in Half,Slide Slits Bottom Panel,Yes 10000 Envelopes A9
Majestic,Silk,8.5 x 11,Horizontal,Rectangle,16PT C2S,Spot UV,Silk,Spot UV Back,4/4 (4 color both sides),2500,Score in Half,Slide Slits Bottom Panel,Yes 10000 Envelopes A9
Majestic,Silk,8.5 x 11,Vertical,Rectangle,16PT C2S,Spot UV,Silk,Spot UV Back,4/4 (4 color both sides),2500,Score in Half,Slide Slits Bottom Panel,Yes 10000 Envelopes A9
Majestic,Silk,8.5 x 11,Horizontal,Rectangle,16PT C2S,Spot UV,Silk,Spot UV Both Sides,4/4 (4 color both sides),2500,Score in Half,Slide Slits Bottom Panel,Yes 10000 Envelopes A9
Majestic,Silk,8.5 x 11,Vertical,Rectangle,16PT C2S,Spot UV,Silk,Spot UV Both Sides,4/4 (4 color both sides),2500,Score in Half,Slide Slits Bottom Panel,Yes 10000 Envelopes A9
Majestic,Silk,8.5 x 11,Horizontal,Rectangle,16PT C2S,Spot UV,Silk,Spot UV Front,4/1,5000,Score in Half,Slide Slits Bottom Panel,Yes 10000 Envelopes A9
Majestic,Silk,8.5 x 11,Vertical,Rectangle,16PT C2S,Spot UV,Silk,Spot UV Front,4/1,5000,Score in Half,Slide Slits Bottom Panel,Yes 10000 Envelopes A9
Majestic,Silk,8.5 x 11,Horizontal,Rectangle,16PT C2S,Spot UV,Silk,Spot UV Back,4/1,5000,Score in Half,Slide Slits Bottom Panel,Yes 10000 Envelopes A9
Majestic,Silk,8.5 x 11,Vertical,Rectangle,16PT C2S,Spot UV,Silk,Spot UV Back,4/1,5000,Score in Half,Slide Slits Bottom Panel,Yes 10000 Envelopes A9
Majestic,Silk,8.5 x 11,Horizontal,Rectangle,16PT C2S,Spot UV,Silk,Spot UV Both Sides,4/1,5000,Score in Half,Slide Slits Bottom Panel,Yes 10000 Envelopes A9
Majestic,Silk,8.5 x 11,Vertical,Rectangle,16PT C2S,Spot UV,Silk,Spot UV Both Sides,4/1,5000,Score in Half,Slide Slits Bottom Panel,Yes 10000 Envelopes A9
Majestic,Silk,8.5 x 11,Horizontal,Rectangle,16PT C2S,Spot UV,Silk,Spot UV Front,4/4 (4 color both sides),5000,Score in Half,Slide Slits Bottom Panel,Yes 10000 Envelopes A9
Majestic,Silk,8.5 x 11,Vertical,Rectangle,16PT C2S,Spot UV,Silk,Spot UV Front,4/4 (4 color both sides),5000,Score in Half,Slide Slits Bottom Panel,Yes 10000 Envelopes A9
Majestic,Silk,8.5 x 11,Horizontal,Rectangle,16PT C2S,Spot UV,Silk,Spot UV Back,4/4 (4 color both sides),5000,Score in Half,Slide Slits Bottom Panel,Yes 10000 Envelopes A9
Majestic,Silk,8.5 x 11,Vertical,Rectangle,16PT C2S,Spot UV,Silk,Spot UV Back,4/4 (4 color both sides),5000,Score in Half,Slide Slits Bottom Panel,Yes 10000 Envelopes A9
Majestic,Silk,8.5 x 11,Horizontal,Rectangle,16PT C2S,Spot UV,Silk,Spot UV Both Sides,4/4 (4 color both sides),5000,Score in Half,Slide Slits Bottom Panel,Yes 10000 Envelopes A9
Majestic,Silk,8.5 x 11,Vertical,Rectangle,16PT C2S,Spot UV,Silk,Spot UV Both Sides,4/4 (4 color both sides),5000,Score in Half,Slide Slits Bottom Panel,Yes 10000 Envelopes A9
Majestic,Silk,8.5 x 11,Vertical,Rectangle,16PT C2S,Spot UV,Silk,Spot UV Back,4/1,1000,Score in Half,Slide Slits Bottom Panel,Yes 10000 Envelopes A9
Majestic,Silk,8.5 x 11,Vertical,Rectangle,16PT C2S,Spot UV,Silk,Spot UV Back,4/1,10000,Score in Half,Slide Slits Bottom Panel,Yes 10000 Envelopes A9
Majestic,Silk,8.5 x 11,Horizontal,Rectangle,16PT C2S,Spot UV,Silk,Spot UV Both Sides,4/1,10000,Score in Half,Slide Slits Bottom Panel,Yes 10000 Envelopes A9
Majestic,Silk,8.5 x 11,Vertical,Rectangle,16PT C2S,Spot UV,Silk,Spot UV Both Sides,4/1,10000,Score in Half,Slide Slits Bottom Panel,Yes 10000 Envelopes A9
Majestic,Silk,8.5 x 11,Vertical,Rectangle,16PT C2S,Spot UV,Silk,Spot UV Front,4/1,10000,Score in Half,Slide Slits Bottom Panel,Yes 10000 Envelopes A9
Majestic,Silk,8.5 x 11,Horizontal,Rectangle,16PT C2S,Spot UV,Silk,Spot UV Back,4/1,10000,Score in Half,Slide Slits Bottom Panel,Yes 10000 Envelopes A9
Majestic,Silk,8.5 x 11,Horizontal,Rectangle,16PT C2S,Spot UV,Silk,Spot UV Front,4/4 (4 color both sides),10000,Score in Half,Slide Slits Bottom Panel,Yes 10000 Envelopes A9
Majestic,Silk,8.5 x 11,Vertical,Rectangle,16PT C2S,Spot UV,Silk,Spot UV Front,4/4 (4 color both sides),10000,Score in Half,Slide Slits Bottom Panel,Yes 10000 Envelopes A9
Majestic,Silk,8.5 x 11,Horizontal,Rectangle,16PT C2S,Spot UV,Silk,Spot UV Back,4/4 (4 color both sides),10000,Score in Half,Slide Slits Bottom Panel,Yes 10000 Envelopes A9
Majestic,Silk,8.5 x 11,Vertical,Rectangle,16PT C2S,Spot UV,Silk,Spot UV Back,4/4 (4 color both sides),10000,Score in Half,Slide Slits Bottom Panel,Yes 10000 Envelopes A9
Majestic,Silk,8.5 x 11,Horizontal,Rectangle,16PT C2S,Spot UV,Silk,Spot UV Both Sides,4/4 (4 color both sides),10000,Score in Half,Slide Slits Bottom Panel,Yes 10000 Envelopes A9
Majestic,Silk,8.5 x 11,Vertical,Rectangle,16PT C2S,Spot UV,Silk,Spot UV Both Sides,4/4 (4 color both sides),10000,Score in Half,Slide Slits Bottom Panel,Yes 10000 Envelopes A9
Majestic,Silk,8.5 x 11,Horizontal,Rectangle,16PT C2S,Spot UV,Silk,Spot UV Front,4/1,500,Score in Half,Slide Slits Right Panel,Yes 10000 Envelopes A9
Majestic,Silk,8.5 x 11,Vertical,Rectangle,16PT C2S,Spot UV,Silk,Spot UV Front,4/1,500,Score in Half,Slide Slits Right Panel,Yes 10000 Envelopes A9
Majestic,Silk,8.5 x 11,Horizontal,Rectangle,16PT C2S,Spot UV,Silk,Spot UV Back,4/1,500,Score in Half,Slide Slits Right Panel,Yes 10000 Envelopes A9
Majestic,Silk,8.5 x 11,Vertical,Rectangle,16PT C2S,Spot UV,Silk,Spot UV Back,4/1,500,Score in Half,Slide Slits Right Panel,Yes 10000 Envelopes A9
Majestic,Silk,8.5 x 11,Horizontal,Rectangle,16PT C2S,Spot UV,Silk,Spot UV Both Sides,4/1,500,Score in Half,Slide Slits Right Panel,Yes 10000 Envelopes A9
Majestic,Silk,8.5 x 11,Vertical,Rectangle,16PT C2S,Spot UV,Silk,Spot UV Both Sides,4/1,500,Score in Half,Slide Slits Right Panel,Yes 10000 Envelopes A9
Majestic,Silk,8.5 x 11,Horizontal,Rectangle,16PT C2S,Spot UV,Silk,Spot UV Front,4/4 (4 color both sides),500,Score in Half,Slide Slits Right Panel,Yes 10000 Envelopes A9
Majestic,Silk,8.5 x 11,Vertical,Rectangle,16PT C2S,Spot UV,Silk,Spot UV Front,4/4 (4 color both sides),500,Score in Half,Slide Slits Bottom Panel,Yes 10000 Envelopes A9
Majestic,Silk,8.5 x 11,Horizontal,Rectangle,16PT C2S,Spot UV,Silk,Spot UV Back,4/4 (4 color both sides),500,Score in Half,Slide Slits Right Panel,Yes 10000 Envelopes A9
Majestic,Silk,8.5 x 11,Vertical,Rectangle,16PT C2S,Spot UV,Silk,Spot UV Back,4/4 (4 color both sides),500,Score in Half,Slide Slits Right Panel,Yes 10000 Envelopes A9
Majestic,Silk,8.5 x 11,Vertical,Rectangle,16PT C2S,Spot UV,Silk,Spot UV Front,4/4 (4 color both sides),500,Score in Half,Slide Slits Right Panel,Yes 10000 Envelopes A9
Majestic,Silk,8.5 x 11,Horizontal,Rectangle,16PT C2S,Spot UV,Silk,Spot UV Back,4/1,1000,Score in Half,Slide Slits Bottom Panel,Yes 10000 Envelopes A9
Majestic,Silk,8.5 x 11,Horizontal,Rectangle,16PT C2S,Spot UV,Silk,Spot UV Front,4/1,1000,Score in Half,Slide Slits Right Panel,Yes 10000 Envelopes A9
Majestic,Silk,8.5 x 11,Vertical,Rectangle,16PT C2S,Spot UV,Silk,Spot UV Front,4/1,1000,Score in Half,Slide Slits Right Panel,Yes 10000 Envelopes A9
Majestic,Silk,8.5 x 11,Horizontal,Rectangle,16PT C2S,Spot UV,Silk,Spot UV Back,4/1,1000,Score in Half,Slide Slits Right Panel,Yes 10000 Envelopes A9
Majestic,Silk,8.5 x 11,Vertical,Rectangle,16PT C2S,Spot UV,Silk,Spot UV Back,4/1,1000,Score in Half,Slide Slits Right Panel,Yes 10000 Envelopes A9
Majestic,Silk,8.5 x 11,Horizontal,Rectangle,16PT C2S,Spot UV,Silk,Spot UV Both Sides,4/1,1000,Score in Half,Slide Slits Right Panel,Yes 10000 Envelopes A9
Majestic,Silk,8.5 x 11,Horizontal,Rectangle,16PT C2S,Spot UV,Silk,Spot UV Front,4/4 (4 color both sides),1000,Score in Half,Slide Slits Right Panel,Yes 10000 Envelopes A9
Majestic,Silk,8.5 x 11,Vertical,Rectangle,16PT C2S,Spot UV,Silk,Spot UV Both Sides,4/1,1000,Score in Half,Slide Slits Right Panel,Yes 10000 Envelopes A9
Majestic,Silk,8.5 x 11,Vertical,Rectangle,16PT C2S,Spot UV,Silk,Spot UV Front,4/4 (4 color both sides),1000,Score in Half,Slide Slits Right Panel,Yes 10000 Envelopes A9
Majestic,Silk,8.5 x 11,Horizontal,Rectangle,16PT C2S,Spot UV,Silk,Spot UV Back,4/4 (4 color both sides),1000,Score in Half,Slide Slits Right Panel,Yes 10000 Envelopes A9
Majestic,Silk,8.5 x 11,Vertical,Rectangle,16PT C2S,Spot UV,Silk,Spot UV Back,4/4 (4 color both sides),1000,Score in Half,Slide Slits Right Panel,Yes 10000 Envelopes A9
Majestic,Silk,8.5 x 11,Horizontal,Rectangle,16PT C2S,Spot UV,Silk,Spot UV Both Sides,4/4 (4 color both sides),1000,Score in Half,Slide Slits Right Panel,Yes 10000 Envelopes A9
Majestic,Silk,8.5 x 11,Vertical,Rectangle,16PT C2S,Spot UV,Silk,Spot UV Both Sides,4/4 (4 color both sides),1000,Score in Half,Slide Slits Right Panel,Yes 10000 Envelopes A9
Majestic,Silk,8.5 x 11,Horizontal,Rectangle,16PT C2S,Spot UV,Silk,Spot UV Front,4/1,2500,Score in Half,Slide Slits Right Panel,Yes 10000 Envelopes A9
Majestic,Silk,8.5 x 11,Vertical,Rectangle,16PT C2S,Spot UV,Silk,Spot UV Front,4/1,2500,Score in Half,Slide Slits Right Panel,Yes 10000 Envelopes A9
Majestic,Silk,8.5 x 11,Horizontal,Rectangle,16PT C2S,Spot UV,Silk,Spot UV Back,4/1,2500,Score in Half,Slide Slits Right Panel,Yes 10000 Envelopes A9
Majestic,Silk,8.5 x 11,Vertical,Rectangle,16PT C2S,Spot UV,Silk,Spot UV Back,4/1,2500,Score in Half,Slide Slits Right Panel,Yes 10000 Envelopes A9
Majestic,Silk,8.5 x 11,Horizontal,Rectangle,16PT C2S,Spot UV,Silk,Spot UV Both Sides,4/4 (4 color both sides),500,Score in Half,Slide Slits Right Panel,Yes 10000 Envelopes A9
Majestic,Silk,8.5 x 11,Vertical,Rectangle,16PT C2S,Spot UV,Silk,Spot UV Both Sides,4/1,2500,Score in Half,Slide Slits Right Panel,Yes 10000 Envelopes A9
Majestic,Silk,8.5 x 11,Horizontal,Rectangle,16PT C2S,Spot UV,Silk,Spot UV Front,4/4 (4 color both sides),2500,Score in Half,Slide Slits Right Panel,Yes 10000 Envelopes A9
Majestic,Silk,8.5 x 11,Horizontal,Rectangle,16PT C2S,Spot UV,Silk,Spot UV Back,4/4 (4 color both sides),2500,Score in Half,Slide Slits Right Panel,Yes 10000 Envelopes A9
Majestic,Silk,8.5 x 11,Vertical,Rectangle,16PT C2S,Spot UV,Silk,Spot UV Front,4/4 (4 color both sides),2500,Score in Half,Slide Slits Right Panel,Yes 10000 Envelopes A9
Majestic,Silk,8.5 x 11,Vertical,Rectangle,16PT C2S,Spot UV,Silk,Spot UV Back,4/4 (4 color both sides),2500,Score in Half,Slide Slits Right Panel,Yes 10000 Envelopes A9
Majestic,Silk,8.5 x 11,Horizontal,Rectangle,16PT C2S,Spot UV,Silk,Spot UV Both Sides,4/4 (4 color both sides),2500,Score in Half,Slide Slits Right Panel,Yes 10000 Envelopes A9
Majestic,Silk,8.5 x 11,Vertical,Rectangle,16PT C2S,Spot UV,Silk,Spot UV Both Sides,4/4 (4 color both sides),2500,Score in Half,Slide Slits Right Panel,Yes 10000 Envelopes A9
Majestic,Silk,8.5 x 11,Horizontal,Rectangle,16PT C2S,Spot UV,Silk,Spot UV Front,4/1,5000,Score in Half,Slide Slits Right Panel,Yes 10000 Envelopes A9
Majestic,Silk,8.5 x 11,Vertical,Rectangle,16PT C2S,Spot UV,Silk,Spot UV Front,4/1,5000,Score in Half,Slide Slits Right Panel,Yes 10000 Envelopes A9
Majestic,Silk,8.5 x 11,Horizontal,Rectangle,16PT C2S,Spot UV,Silk,Spot UV Back,4/1,5000,Score in Half,Slide Slits Right Panel,Yes 10000 Envelopes A9
Majestic,Silk,8.5 x 11,Vertical,Rectangle,16PT C2S,Spot UV,Silk,Spot UV Back,4/1,5000,Score in Half,Slide Slits Right Panel,Yes 10000 Envelopes A9
Majestic,Silk,8.5 x 11,Horizontal,Rectangle,16PT C2S,Spot UV,Silk,Spot UV Both Sides,4/1,5000,Score in Half,Slide Slits Right Panel,Yes 10000 Envelopes A9
Majestic,Silk,8.5 x 11,Horizontal,Rectangle,16PT C2S,Spot UV,Silk,Spot UV Both Sides,4/1,2500,Score in Half,Slide Slits Right Panel,Yes 10000 Envelopes A9
Majestic,Silk,8.5 x 11,Horizontal,Rectangle,16PT C2S,Spot UV,Silk,Spot UV Front,4/4 (4 color both sides),5000,Score in Half,Slide Slits Right Panel,Yes 10000 Envelopes A9
Majestic,Silk,8.5 x 11,Vertical,Rectangle,16PT C2S,Spot UV,Silk,Spot UV Front,4/4 (4 color both sides),5000,Score in Half,Slide Slits Right Panel,Yes 10000 Envelopes A9
Majestic,Silk,8.5 x 11,Horizontal,Rectangle,16PT C2S,Spot UV,Silk,Spot UV Back,4/4 (4 color both sides),5000,Score in Half,Slide Slits Right Panel,Yes 10000 Envelopes A9
Majestic,Silk,8.5 x 11,Vertical,Rectangle,16PT C2S,Spot UV,Silk,Spot UV Back,4/4 (4 color both sides),5000,Score in Half,Slide Slits Right Panel,Yes 10000 Envelopes A9
Majestic,Silk,8.5 x 11,Horizontal,Rectangle,16PT C2S,Spot UV,Silk,Spot UV Both Sides,4/4 (4 color both sides),5000,Score in Half,Slide Slits Right Panel,Yes 10000 Envelopes A9
Majestic,Silk,8.5 x 11,Vertical,Rectangle,16PT C2S,Spot UV,Silk,Spot UV Both Sides,4/4 (4 color both sides),5000,Score in Half,Slide Slits Right Panel,Yes 10000 Envelopes A9
Majestic,Silk,8.5 x 11,Horizontal,Rectangle,16PT C2S,Spot UV,Silk,Spot UV Front,4/1,10000,Score in Half,Slide Slits Right Panel,Yes 10000 Envelopes A9
Majestic,Silk,8.5 x 11,Vertical,Rectangle,16PT C2S,Spot UV,Silk,Spot UV Front,4/1,10000,Score in Half,Slide Slits Right Panel,Yes 10000 Envelopes A9
Majestic,Silk,8.5 x 11,Horizontal,Rectangle,16PT C2S,Spot UV,Silk,Spot UV Back,4/1,10000,Score in Half,Slide Slits Right Panel,Yes 10000 Envelopes A9
Majestic,Silk,8.5 x 11,Vertical,Rectangle,16PT C2S,Spot UV,Silk,Spot UV Both Sides,4/4 (4 color both sides),500,Score in Half,Slide Slits Right Panel,Yes 10000 Envelopes A9
Majestic,Silk,8.5 x 11,Vertical,Rectangle,16PT C2S,Spot UV,Silk,Spot UV Both Sides,4/1,5000,Score in Half,Slide Slits Right Panel,Yes 10000 Envelopes A9
Majestic,Silk,8.5 x 11,Horizontal,Rectangle,16PT C2S,Spot UV,Silk,Spot UV Front,4/4 (4 color both sides),10000,Score in Half,Slide Slits Right Panel,Yes 10000 Envelopes A9
Majestic,Silk,8.5 x 11,Vertical,Rectangle,16PT C2S,Spot UV,Silk,Spot UV Back,4/1,10000,Score in Half,Slide Slits Right Panel,Yes 10000 Envelopes A9
Majestic,Silk,8.5 x 11,Vertical,Rectangle,16PT C2S,Spot UV,Silk,Spot UV Front,4/4 (4 color both sides),10000,Score in Half,Slide Slits Right Panel,Yes 10000 Envelopes A9
Majestic,Silk,8.5 x 11,Horizontal,Rectangle,16PT C2S,Spot UV,Silk,Spot UV Front,4/1,10000,Score in Half,Slide Slits Bottom Panel,Yes 10000 Envelopes A9
Majestic,Silk,8.5 x 11,Vertical,Rectangle,16PT C2S,Spot UV,Silk,Spot UV Both Sides,4/4 (4 color both sides),10000,Score in Half,Slide Slits Right Panel,Yes 10000 Envelopes A9
Majestic,Silk,8.5 x 11,Horizontal,Rectangle,16PT C2S,Spot UV,Silk,Spot UV Both Sides,4/4 (4 color both sides),10000,Score in Half,Slide Slits Right Panel,Yes 10000 Envelopes A9
Majestic,Silk,8.5 x 11,Vertical,Rectangle,16PT C2S,Spot UV,Silk,Spot UV Back,4/4 (4 color both sides),10000,Score in Half,Slide Slits Right Panel,Yes 10000 Envelopes A9
Majestic,Silk,8.5 x 11,Horizontal,Rectangle,16PT C2S,Spot UV,Silk,Spot UV Front,4/0 (4 color front),500,Score in Half,Moon Slits Bottom Panel,Yes 500 Envelopes A9
Majestic,Silk,8.5 x 11,Vertical,Rectangle,16PT C2S,Spot UV,Silk,Spot UV Front,4/0 (4 color front),500,Score in Half,Moon Slits Bottom Panel,Yes 500 Envelopes A9
Majestic,Silk,8.5 x 11,Vertical,Rectangle,16PT C2S,Spot UV,Silk,Spot UV Front,4/0 (4 color front),1000,Score in Half,Moon Slits Bottom Panel,Yes 500 Envelopes A9
Majestic,Silk,8.5 x 11,Horizontal,Rectangle,16PT C2S,Spot UV,Silk,Spot UV Back,4/4 (4 color both sides),10000,Score in Half,Slide Slits Right Panel,Yes 10000 Envelopes A9
Majestic,Silk,8.5 x 11,Horizontal,Rectangle,16PT C2S,Spot UV,Silk,Spot UV Front,4/0 (4 color front),2500,Score in Half,Moon Slits Bottom Panel,Yes 500 Envelopes A9
Majestic,Silk,8.5 x 11,Vertical,Rectangle,16PT C2S,Spot UV,Silk,Spot UV Front,4/0 (4 color front),2500,Score in Half,Moon Slits Bottom Panel,Yes 500 Envelopes A9
Majestic,Silk,8.5 x 11,Horizontal,Rectangle,16PT C2S,Spot UV,Silk,Spot UV Front,4/0 (4 color front),1000,Score in Half,Moon Slits Bottom Panel,Yes 500 Envelopes A9
Majestic,Silk,8.5 x 11,Vertical,Rectangle,16PT C2S,Spot UV,Silk,Spot UV Both Sides,4/1,10000,Score in Half,Slide Slits Right Panel,Yes 10000 Envelopes A9
Majestic,Silk,8.5 x 11,Vertical,Rectangle,16PT C2S,Spot UV,Silk,Spot UV Front,4/0 (4 color front),5000,Score in Half,Moon Slits Bottom Panel,Yes 500 Envelopes A9
Majestic,Silk,8.5 x 11,Vertical,Rectangle,16PT C2S,Spot UV,Silk,Spot UV Front,4/0 (4 color front),10000,Score in Half,Moon Slits Bottom Panel,Yes 500 Envelopes A9
Majestic,Silk,8.5 x 11,Horizontal,Rectangle,16PT C2S,Spot UV,Silk,Spot UV Front,4/0 (4 color front),500,Score in Half,Moon Slits Right Panel,Yes 500 Envelopes A9
Majestic,Silk,8.5 x 11,Vertical,Rectangle,16PT C2S,Spot UV,Silk,Spot UV Front,4/0 (4 color front),500,Score in Half,Moon Slits Right Panel,Yes 500 Envelopes A9
Majestic,Silk,8.5 x 11,Horizontal,Rectangle,16PT C2S,Spot UV,Silk,Spot UV Front,4/0 (4 color front),1000,Score in Half,Moon Slits Right Panel,Yes 500 Envelopes A9
Majestic,Silk,8.5 x 11,Vertical,Rectangle,16PT C2S,Spot UV,Silk,Spot UV Front,4/0 (4 color front),1000,Score in Half,Moon Slits Right Panel,Yes 500 Envelopes A9
Majestic,Silk,8.5 x 11,Horizontal,Rectangle,16PT C2S,Spot UV,Silk,Spot UV Front,4/0 (4 color front),2500,Score in Half,Moon Slits Right Panel,Yes 500 Envelopes A9
Majestic,Silk,8.5 x 11,Horizontal,Rectangle,16PT C2S,Spot UV,Silk,Spot UV Front,4/0 (4 color front),10000,Score in Half,Moon Slits Bottom Panel,Yes 500 Envelopes A9
Majestic,Silk,8.5 x 11,Horizontal,Rectangle,16PT C2S,Spot UV,Silk,Spot UV Both Sides,4/1,10000,Score in Half,Slide Slits Right Panel,Yes 10000 Envelopes A9
Majestic,Silk,8.5 x 11,Horizontal,Rectangle,16PT C2S,Spot UV,Silk,Spot UV Front,4/0 (4 color front),5000,Score in Half,Moon Slits Bottom Panel,Yes 500 Envelopes A9
Majestic,Silk,8.5 x 11,Horizontal,Rectangle,16PT C2S,Spot UV,Silk,Spot UV Front,4/0 (4 color front),10000,Score in Half,Moon Slits Right Panel,Yes 500 Envelopes A9
Majestic,Silk,8.5 x 11,Vertical,Rectangle,16PT C2S,Spot UV,Silk,Spot UV Front,4/0 (4 color front),10000,Score in Half,Moon Slits Right Panel,Yes 500 Envelopes A9
Majestic,Silk,8.5 x 11,Horizontal,Rectangle,16PT C2S,Spot UV,Silk,Spot UV Front,4/0 (4 color front),500,Score in Half,No Gift Cards Slits,Yes 500 Envelopes A9
Majestic,Silk,8.5 x 11,Vertical,Rectangle,16PT C2S,Spot UV,Silk,Spot UV Front,4/0 (4 color front),500,Score in Half,No Gift Cards Slits,Yes 500 Envelopes A9
Majestic,Silk,8.5 x 11,Vertical,Rectangle,16PT C2S,Spot UV,Silk,Spot UV Front,4/0 (4 color front),5000,Score in Half,Moon Slits Right Panel,Yes 500 Envelopes A9
Majestic,Silk,8.5 x 11,Vertical,Rectangle,16PT C2S,Spot UV,Silk,Spot UV Front,4/0 (4 color front),1000,Score in Half,No Gift Cards Slits,Yes 500 Envelopes A9
Majestic,Silk,8.5 x 11,Vertical,Rectangle,16PT C2S,Spot UV,Silk,Spot UV Front,4/0 (4 color front),2500,Score in Half,No Gift Cards Slits,Yes 500 Envelopes A9
Majestic,Silk,8.5 x 11,Horizontal,Rectangle,16PT C2S,Spot UV,Silk,Spot UV Front,4/0 (4 color front),2500,Score in Half,No Gift Cards Slits,Yes 500 Envelopes A9
Majestic,Silk,8.5 x 11,Horizontal,Rectangle,16PT C2S,Spot UV,Silk,Spot UV Front,4/0 (4 color front),5000,Score in Half,No Gift Cards Slits,Yes 500 Envelopes A9
Majestic,Silk,8.5 x 11,Vertical,Rectangle,16PT C2S,Spot UV,Silk,Spot UV Front,4/0 (4 color front),5000,Score in Half,No Gift Cards Slits,Yes 500 Envelopes A9
Majestic,Silk,8.5 x 11,Horizontal,Rectangle,16PT C2S,Spot UV,Silk,Spot UV Front,4/0 (4 color front),10000,Score in Half,No Gift Cards Slits,Yes 500 Envelopes A9
Majestic,Silk,8.5 x 11,Vertical,Rectangle,16PT C2S,Spot UV,Silk,Spot UV Front,4/0 (4 color front),10000,Score in Half,No Gift Cards Slits,Yes 500 Envelopes A9
Majestic,Silk,8.5 x 11,Horizontal,Rectangle,16PT C2S,Spot UV,Silk,Spot UV Front,4/0 (4 color front),500,Score in Half,Slide Slits Bottom Panel,Yes 500 Envelopes A9
Majestic,Silk,8.5 x 11,Vertical,Rectangle,16PT C2S,Spot UV,Silk,Spot UV Front,4/0 (4 color front),500,Score in Half,Slide Slits Bottom Panel,Yes 500 Envelopes A9
Majestic,Silk,8.5 x 11,Horizontal,Rectangle,16PT C2S,Spot UV,Silk,Spot UV Front,4/0 (4 color front),1000,Score in Half,Slide Slits Bottom Panel,Yes 500 Envelopes A9
Majestic,Silk,8.5 x 11,Vertical,Rectangle,16PT C2S,Spot UV,Silk,Spot UV Front,4/0 (4 color front),1000,Score in Half,Slide Slits Bottom Panel,Yes 500 Envelopes A9
Majestic,Silk,8.5 x 11,Horizontal,Rectangle,16PT C2S,Spot UV,Silk,Spot UV Front,4/0 (4 color front),2500,Score in Half,Slide Slits Bottom Panel,Yes 500 Envelopes A9
Majestic,Silk,8.5 x 11,Vertical,Rectangle,16PT C2S,Spot UV,Silk,Spot UV Front,4/0 (4 color front),2500,Score in Half,Slide Slits Bottom Panel,Yes 500 Envelopes A9
Majestic,Silk,8.5 x 11,Horizontal,Rectangle,16PT C2S,Spot UV,Silk,Spot UV Front,4/0 (4 color front),5000,Score in Half,Slide Slits Bottom Panel,Yes 500 Envelopes A9
Majestic,Silk,8.5 x 11,Vertical,Rectangle,16PT C2S,Spot UV,Silk,Spot UV Front,4/0 (4 color front),5000,Score in Half,Slide Slits Bottom Panel,Yes 500 Envelopes A9
Majestic,Silk,8.5 x 11,Horizontal,Rectangle,16PT C2S,Spot UV,Silk,Spot UV Front,4/0 (4 color front),5000,Score in Half,Moon Slits Right Panel,Yes 500 Envelopes A9
Majestic,Silk,8.5 x 11,Vertical,Rectangle,16PT C2S,Spot UV,Silk,Spot UV Front,4/0 (4 color front),10000,Score in Half,Slide Slits Bottom Panel,Yes 500 Envelopes A9
Majestic,Silk,8.5 x 11,Horizontal,Rectangle,16PT C2S,Spot UV,Silk,Spot UV Front,4/0 (4 color front),500,Score in Half,Slide Slits Right Panel,Yes 500 Envelopes A9
Majestic,Silk,8.5 x 11,Horizontal,Rectangle,16PT C2S,Spot UV,Silk,Spot UV Front,4/0 (4 color front),10000,Score in Half,Slide Slits Bottom Panel,Yes 500 Envelopes A9
Majestic,Silk,8.5 x 11,Horizontal,Rectangle,16PT C2S,Spot UV,Silk,Spot UV Front,4/0 (4 color front),1000,Score in Half,Slide Slits Right Panel,Yes 500 Envelopes A9
Majestic,Silk,8.5 x 11,Vertical,Rectangle,16PT C2S,Spot UV,Silk,Spot UV Front,4/0 (4 color front),1000,Score in Half,Slide Slits Right Panel,Yes 500 Envelopes A9
Majestic,Silk,8.5 x 11,Horizontal,Rectangle,16PT C2S,Spot UV,Silk,Spot UV Front,4/0 (4 color front),2500,Score in Half,Slide Slits Right Panel,Yes 500 Envelopes A9
Majestic,Silk,8.5 x 11,Vertical,Rectangle,16PT C2S,Spot UV,Silk,Spot UV Front,4/0 (4 color front),2500,Score in Half,Slide Slits Right Panel,Yes 500 Envelopes A9
Majestic,Silk,8.5 x 11,Horizontal,Rectangle,16PT C2S,Spot UV,Silk,Spot UV Front,4/0 (4 color front),5000,Score in Half,Slide Slits Right Panel,Yes 500 Envelopes A9
Majestic,Silk,8.5 x 11,Vertical,Rectangle,16PT C2S,Spot UV,Silk,Spot UV Front,4/0 (4 color front),5000,Score in Half,Slide Slits Right Panel,Yes 500 Envelopes A9
Majestic,Silk,8.5 x 11,Horizontal,Rectangle,16PT C2S,Spot UV,Silk,Spot UV Front,4/0 (4 color front),10000,Score in Half,Slide Slits Right Panel,Yes 500 Envelopes A9
Majestic,Silk,8.5 x 11,Vertical,Rectangle,16PT C2S,Spot UV,Silk,Spot UV Front,4/0 (4 color front),10000,Score in Half,Slide Slits Right Panel,Yes 500 Envelopes A9
Majestic,Silk,8.5 x 11,Horizontal,Rectangle,16PT C2S,Spot UV,Silk,Spot UV Front,4/0 (4 color front),500,Score in Half,Moon Slits Bottom Panel,Yes 1000 Envelopes A9
Majestic,Silk,8.5 x 11,Vertical,Rectangle,16PT C2S,Spot UV,Silk,Spot UV Front,4/0 (4 color front),1000,Score in Half,Moon Slits Bottom Panel,Yes 1000 Envelopes A9
Majestic,Silk,8.5 x 11,Vertical,Rectangle,16PT C2S,Spot UV,Silk,Spot UV Front,4/0 (4 color front),500,Score in Half,Moon Slits Bottom Panel,Yes 1000 Envelopes A9
Majestic,Silk,8.5 x 11,Horizontal,Rectangle,16PT C2S,Spot UV,Silk,Spot UV Front,4/0 (4 color front),1000,Score in Half,Moon Slits Bottom Panel,Yes 1000 Envelopes A9
Majestic,Silk,8.5 x 11,Horizontal,Rectangle,16PT C2S,Spot UV,Silk,Spot UV Front,4/0 (4 color front),2500,Score in Half,Moon Slits Bottom Panel,Yes 1000 Envelopes A9
Majestic,Silk,8.5 x 11,Horizontal,Rectangle,16PT C2S,Spot UV,Silk,Spot UV Front,4/0 (4 color front),1000,Score in Half,No Gift Cards Slits,Yes 500 Envelopes A9
Majestic,Silk,8.5 x 11,Vertical,Rectangle,16PT C2S,Spot UV,Silk,Spot UV Front,4/0 (4 color front),500,Score in Half,Slide Slits Right Panel,Yes 500 Envelopes A9
Majestic,Silk,8.5 x 11,Vertical,Rectangle,16PT C2S,Spot UV,Silk,Spot UV Front,4/0 (4 color front),5000,Score in Half,Moon Slits Bottom Panel,Yes 1000 Envelopes A9
Majestic,Silk,8.5 x 11,Horizontal,Rectangle,16PT C2S,Spot UV,Silk,Spot UV Front,4/0 (4 color front),10000,Score in Half,Moon Slits Bottom Panel,Yes 1000 Envelopes A9
Majestic,Silk,8.5 x 11,Vertical,Rectangle,16PT C2S,Spot UV,Silk,Spot UV Front,4/0 (4 color front),10000,Score in Half,Moon Slits Bottom Panel,Yes 1000 Envelopes A9
Majestic,Silk,8.5 x 11,Horizontal,Rectangle,16PT C2S,Spot UV,Silk,Spot UV Front,4/0 (4 color front),500,Score in Half,Moon Slits Right Panel,Yes 1000 Envelopes A9
Majestic,Silk,8.5 x 11,Vertical,Rectangle,16PT C2S,Spot UV,Silk,Spot UV Front,4/0 (4 color front),500,Score in Half,Moon Slits Right Panel,Yes 1000 Envelopes A9
Majestic,Silk,8.5 x 11,Horizontal,Rectangle,16PT C2S,Spot UV,Silk,Spot UV Front,4/0 (4 color front),1000,Score in Half,Moon Slits Right Panel,Yes 1000 Envelopes A9
Majestic,Silk,8.5 x 11,Vertical,Rectangle,16PT C2S,Spot UV,Silk,Spot UV Front,4/0 (4 color front),2500,Score in Half,Moon Slits Right Panel,Yes 500 Envelopes A9
Majestic,Silk,8.5 x 11,Horizontal,Rectangle,16PT C2S,Spot UV,Silk,Spot UV Front,4/0 (4 color front),2500,Score in Half,Moon Slits Right Panel,Yes 1000 Envelopes A9
Majestic,Silk,8.5 x 11,Vertical,Rectangle,16PT C2S,Spot UV,Silk,Spot UV Front,4/0 (4 color front),2500,Score in Half,Moon Slits Right Panel,Yes 1000 Envelopes A9
Majestic,Silk,8.5 x 11,Horizontal,Rectangle,16PT C2S,Spot UV,Silk,Spot UV Front,4/0 (4 color front),5000,Score in Half,Moon Slits Right Panel,Yes 1000 Envelopes A9
Majestic,Silk,8.5 x 11,Vertical,Rectangle,16PT C2S,Spot UV,Silk,Spot UV Front,4/0 (4 color front),5000,Score in Half,Moon Slits Right Panel,Yes 1000 Envelopes A9
Majestic,Silk,8.5 x 11,Horizontal,Rectangle,16PT C2S,Spot UV,Silk,Spot UV Front,4/0 (4 color front),5000,Score in Half,Moon Slits Bottom Panel,Yes 1000 Envelopes A9
Majestic,Silk,8.5 x 11,Vertical,Rectangle,16PT C2S,Spot UV,Silk,Spot UV Front,4/0 (4 color front),10000,Score in Half,Moon Slits Right Panel,Yes 1000 Envelopes A9
Majestic,Silk,8.5 x 11,Horizontal,Rectangle,16PT C2S,Spot UV,Silk,Spot UV Front,4/0 (4 color front),500,Score in Half,No Gift Cards Slits,Yes 1000 Envelopes A9
Majestic,Silk,8.5 x 11,Vertical,Rectangle,16PT C2S,Spot UV,Silk,Spot UV Front,4/0 (4 color front),500,Score in Half,No Gift Cards Slits,Yes 1000 Envelopes A9
Majestic,Silk,8.5 x 11,Vertical,Rectangle,16PT C2S,Spot UV,Silk,Spot UV Front,4/0 (4 color front),1000,Score in Half,Moon Slits Right Panel,Yes 1000 Envelopes A9
Majestic,Silk,8.5 x 11,Vertical,Rectangle,16PT C2S,Spot UV,Silk,Spot UV Front,4/0 (4 color front),1000,Score in Half,No Gift Cards Slits,Yes 1000 Envelopes A9
Majestic,Silk,8.5 x 11,Horizontal,Rectangle,16PT C2S,Spot UV,Silk,Spot UV Front,4/0 (4 color front),2500,Score in Half,No Gift Cards Slits,Yes 1000 Envelopes A9
Majestic,Silk,8.5 x 11,Vertical,Rectangle,16PT C2S,Spot UV,Silk,Spot UV Front,4/0 (4 color front),2500,Score in Half,No Gift Cards Slits,Yes 1000 Envelopes A9
Majestic,Silk,8.5 x 11,Vertical,Rectangle,16PT C2S,Spot UV,Silk,Spot UV Front,4/0 (4 color front),2500,Score in Half,Moon Slits Bottom Panel,Yes 1000 Envelopes A9
Majestic,Silk,8.5 x 11,Vertical,Rectangle,16PT C2S,Spot UV,Silk,Spot UV Front,4/0 (4 color front),5000,Score in Half,No Gift Cards Slits,Yes 1000 Envelopes A9
Majestic,Silk,8.5 x 11,Horizontal,Rectangle,16PT C2S,Spot UV,Silk,Spot UV Front,4/0 (4 color front),1000,Score in Half,No Gift Cards Slits,Yes 1000 Envelopes A9
Majestic,Silk,8.5 x 11,Horizontal,Rectangle,16PT C2S,Spot UV,Silk,Spot UV Front,4/0 (4 color front),5000,Score in Half,No Gift Cards Slits,Yes 1000 Envelopes A9
Majestic,Silk,8.5 x 11,Horizontal,Rectangle,16PT C2S,Spot UV,Silk,Spot UV Front,4/0 (4 color front),500,Score in Half,Slide Slits Bottom Panel,Yes 1000 Envelopes A9
Majestic,Silk,8.5 x 11,Vertical,Rectangle,16PT C2S,Spot UV,Silk,Spot UV Front,4/0 (4 color front),500,Score in Half,Slide Slits Bottom Panel,Yes 1000 Envelopes A9
Majestic,Silk,8.5 x 11,Horizontal,Rectangle,16PT C2S,Spot UV,Silk,Spot UV Front,4/0 (4 color front),1000,Score in Half,Slide Slits Bottom Panel,Yes 1000 Envelopes A9
Majestic,Silk,8.5 x 11,Vertical,Rectangle,16PT C2S,Spot UV,Silk,Spot UV Front,4/0 (4 color front),1000,Score in Half,Slide Slits Bottom Panel,Yes 1000 Envelopes A9
Majestic,Silk,8.5 x 11,Horizontal,Rectangle,16PT C2S,Spot UV,Silk,Spot UV Front,4/0 (4 color front),2500,Score in Half,Slide Slits Bottom Panel,Yes 1000 Envelopes A9
Majestic,Silk,8.5 x 11,Vertical,Rectangle,16PT C2S,Spot UV,Silk,Spot UV Front,4/0 (4 color front),2500,Score in Half,Slide Slits Bottom Panel,Yes 1000 Envelopes A9
Majestic,Silk,8.5 x 11,Horizontal,Rectangle,16PT C2S,Spot UV,Silk,Spot UV Front,4/0 (4 color front),5000,Score in Half,Slide Slits Bottom Panel,Yes 1000 Envelopes A9
Majestic,Silk,8.5 x 11,Vertical,Rectangle,16PT C2S,Spot UV,Silk,Spot UV Front,4/0 (4 color front),5000,Score in Half,Slide Slits Bottom Panel,Yes 1000 Envelopes A9
Majestic,Silk,8.5 x 11,Horizontal,Rectangle,16PT C2S,Spot UV,Silk,Spot UV Front,4/0 (4 color front),10000,Score in Half,Slide Slits Bottom Panel,Yes 1000 Envelopes A9
Majestic,Silk,8.5 x 11,Vertical,Rectangle,16PT C2S,Spot UV,Silk,Spot UV Front,4/0 (4 color front),10000,Score in Half,Slide Slits Bottom Panel,Yes 1000 Envelopes A9
Majestic,Silk,8.5 x 11,Horizontal,Rectangle,16PT C2S,Spot UV,Silk,Spot UV Front,4/0 (4 color front),500,Score in Half,Slide Slits Right Panel,Yes 1000 Envelopes A9
Majestic,Silk,8.5 x 11,Vertical,Rectangle,16PT C2S,Spot UV,Silk,Spot UV Front,4/0 (4 color front),500,Score in Half,Slide Slits Right Panel,Yes 1000 Envelopes A9
Majestic,Silk,8.5 x 11,Horizontal,Rectangle,16PT C2S,Spot UV,Silk,Spot UV Front,4/0 (4 color front),1000,Score in Half,Slide Slits Right Panel,Yes 1000 Envelopes A9
Majestic,Silk,8.5 x 11,Vertical,Rectangle,16PT C2S,Spot UV,Silk,Spot UV Front,4/0 (4 color front),1000,Score in Half,Slide Slits Right Panel,Yes 1000 Envelopes A9
Majestic,Silk,8.5 x 11,Horizontal,Rectangle,16PT C2S,Spot UV,Silk,Spot UV Front,4/0 (4 color front),2500,Score in Half,Slide Slits Right Panel,Yes 1000 Envelopes A9
Majestic,Silk,8.5 x 11,Vertical,Rectangle,16PT C2S,Spot UV,Silk,Spot UV Front,4/0 (4 color front),2500,Score in Half,Slide Slits Right Panel,Yes 1000 Envelopes A9
Majestic,Silk,8.5 x 11,Vertical,Rectangle,16PT C2S,Spot UV,Silk,Spot UV Front,4/0 (4 color front),5000,Score in Half,Slide Slits Right Panel,Yes 1000 Envelopes A9
Majestic,Silk,8.5 x 11,Horizontal,Rectangle,16PT C2S,Spot UV,Silk,Spot UV Front,4/0 (4 color front),5000,Score in Half,Slide Slits Right Panel,Yes 1000 Envelopes A9
Majestic,Silk,8.5 x 11,Horizontal,Rectangle,16PT C2S,Spot UV,Silk,Spot UV Front,4/0 (4 color front),10000,Score in Half,Slide Slits Right Panel,Yes 1000 Envelopes A9
Majestic,Silk,8.5 x 11,Vertical,Rectangle,16PT C2S,Spot UV,Silk,Spot UV Front,4/0 (4 color front),10000,Score in Half,Slide Slits Right Panel,Yes 1000 Envelopes A9
Majestic,Silk,8.5 x 11,Horizontal,Rectangle,16PT C2S,Spot UV,Silk,Spot UV Front,4/0 (4 color front),1000,Score in Half,Moon Slits Bottom Panel,Yes 2500 Envelopes A9
Majestic,Silk,8.5 x 11,Vertical,Rectangle,16PT C2S,Spot UV,Silk,Spot UV Front,4/0 (4 color front),500,Score in Half,Moon Slits Bottom Panel,Yes 2500 Envelopes A9
Majestic,Silk,8.5 x 11,Vertical,Rectangle,16PT C2S,Spot UV,Silk,Spot UV Front,4/0 (4 color front),1000,Score in Half,Moon Slits Bottom Panel,Yes 2500 Envelopes A9
Majestic,Silk,8.5 x 11,Horizontal,Rectangle,16PT C2S,Spot UV,Silk,Spot UV Front,4/0 (4 color front),500,Score in Half,Moon Slits Bottom Panel,Yes 2500 Envelopes A9
Majestic,Silk,8.5 x 11,Horizontal,Rectangle,16PT C2S,Spot UV,Silk,Spot UV Front,4/0 (4 color front),2500,Score in Half,Moon Slits Bottom Panel,Yes 2500 Envelopes A9
Majestic,Silk,8.5 x 11,Horizontal,Rectangle,16PT C2S,Spot UV,Silk,Spot UV Front,4/0 (4 color front),10000,Score in Half,No Gift Cards Slits,Yes 1000 Envelopes A9
Majestic,Silk,8.5 x 11,Horizontal,Rectangle,16PT C2S,Spot UV,Silk,Spot UV Front,4/0 (4 color front),5000,Score in Half,Moon Slits Bottom Panel,Yes 2500 Envelopes A9
Majestic,Silk,8.5 x 11,Vertical,Rectangle,16PT C2S,Spot UV,Silk,Spot UV Front,4/0 (4 color front),5000,Score in Half,Moon Slits Bottom Panel,Yes 2500 Envelopes A9
Majestic,Silk,8.5 x 11,Vertical,Rectangle,16PT C2S,Spot UV,Silk,Spot UV Front,4/0 (4 color front),2500,Score in Half,Moon Slits Bottom Panel,Yes 2500 Envelopes A9
Majestic,Silk,8.5 x 11,Vertical,Rectangle,16PT C2S,Spot UV,Silk,Spot UV Front,4/0 (4 color front),10000,Score in Half,Moon Slits Bottom Panel,Yes 2500 Envelopes A9
Majestic,Silk,8.5 x 11,Horizontal,Rectangle,16PT C2S,Spot UV,Silk,Spot UV Front,4/0 (4 color front),500,Score in Half,Moon Slits Right Panel,Yes 2500 Envelopes A9
Majestic,Silk,8.5 x 11,Vertical,Rectangle,16PT C2S,Spot UV,Silk,Spot UV Front,4/0 (4 color front),500,Score in Half,Moon Slits Right Panel,Yes 2500 Envelopes A9
Majestic,Silk,8.5 x 11,Horizontal,Rectangle,16PT C2S,Spot UV,Silk,Spot UV Front,4/0 (4 color front),1000,Score in Half,Moon Slits Right Panel,Yes 2500 Envelopes A9
Majestic,Silk,8.5 x 11,Vertical,Rectangle,16PT C2S,Spot UV,Silk,Spot UV Front,4/0 (4 color front),1000,Score in Half,Moon Slits Right Panel,Yes 2500 Envelopes A9
Majestic,Silk,8.5 x 11,Horizontal,Rectangle,16PT C2S,Spot UV,Silk,Spot UV Front,4/0 (4 color front),2500,Score in Half,Moon Slits Right Panel,Yes 2500 Envelopes A9
Majestic,Silk,8.5 x 11,Vertical,Rectangle,16PT C2S,Spot UV,Silk,Spot UV Front,4/0 (4 color front),2500,Score in Half,Moon Slits Right Panel,Yes 2500 Envelopes A9
Majestic,Silk,8.5 x 11,Horizontal,Rectangle,16PT C2S,Spot UV,Silk,Spot UV Front,4/0 (4 color front),5000,Score in Half,Moon Slits Right Panel,Yes 2500 Envelopes A9
Majestic,Silk,8.5 x 11,Horizontal,Rectangle,16PT C2S,Spot UV,Silk,Spot UV Front,4/0 (4 color front),10000,Score in Half,Moon Slits Bottom Panel,Yes 2500 Envelopes A9
Majestic,Silk,8.5 x 11,Horizontal,Rectangle,16PT C2S,Spot UV,Silk,Spot UV Front,4/0 (4 color front),10000,Score in Half,Moon Slits Right Panel,Yes 2500 Envelopes A9
Majestic,Silk,8.5 x 11,Vertical,Rectangle,16PT C2S,Spot UV,Silk,Spot UV Front,4/0 (4 color front),10000,Score in Half,Moon Slits Right Panel,Yes 2500 Envelopes A9
Majestic,Silk,8.5 x 11,Horizontal,Rectangle,16PT C2S,Spot UV,Silk,Spot UV Front,4/0 (4 color front),500,Score in Half,No Gift Cards Slits,Yes 2500 Envelopes A9
Majestic,Silk,8.5 x 11,Vertical,Rectangle,16PT C2S,Spot UV,Silk,Spot UV Front,4/0 (4 color front),10000,Score in Half,No Gift Cards Slits,Yes 1000 Envelopes A9
Majestic,Silk,8.5 x 11,Horizontal,Rectangle,16PT C2S,Spot UV,Silk,Spot UV Front,4/0 (4 color front),10000,Score in Half,Moon Slits Right Panel,Yes 1000 Envelopes A9
Majestic,Silk,8.5 x 11,Vertical,Rectangle,16PT C2S,Spot UV,Silk,Spot UV Front,4/0 (4 color front),1000,Score in Half,No Gift Cards Slits,Yes 2500 Envelopes A9
Majestic,Silk,8.5 x 11,Horizontal,Rectangle,16PT C2S,Spot UV,Silk,Spot UV Front,4/0 (4 color front),2500,Score in Half,No Gift Cards Slits,Yes 2500 Envelopes A9
Majestic,Silk,8.5 x 11,Vertical,Rectangle,16PT C2S,Spot UV,Silk,Spot UV Front,4/0 (4 color front),2500,Score in Half,No Gift Cards Slits,Yes 2500 Envelopes A9
Majestic,Silk,8.5 x 11,Horizontal,Rectangle,16PT C2S,Spot UV,Silk,Spot UV Front,4/0 (4 color front),5000,Score in Half,No Gift Cards Slits,Yes 2500 Envelopes A9
Majestic,Silk,8.5 x 11,Vertical,Rectangle,16PT C2S,Spot UV,Silk,Spot UV Front,4/0 (4 color front),5000,Score in Half,No Gift Cards Slits,Yes 2500 Envelopes A9
Majestic,Silk,8.5 x 11,Horizontal,Rectangle,16PT C2S,Spot UV,Silk,Spot UV Front,4/0 (4 color front),10000,Score in Half,No Gift Cards Slits,Yes 2500 Envelopes A9
Majestic,Silk,8.5 x 11,Vertical,Rectangle,16PT C2S,Spot UV,Silk,Spot UV Front,4/0 (4 color front),10000,Score in Half,No Gift Cards Slits,Yes 2500 Envelopes A9
Majestic,Silk,8.5 x 11,Horizontal,Rectangle,16PT C2S,Spot UV,Silk,Spot UV Front,4/0 (4 color front),500,Score in Half,Slide Slits Bottom Panel,Yes 2500 Envelopes A9
Majestic,Silk,8.5 x 11,Vertical,Rectangle,16PT C2S,Spot UV,Silk,Spot UV Front,4/0 (4 color front),500,Score in Half,Slide Slits Bottom Panel,Yes 2500 Envelopes A9
Majestic,Silk,8.5 x 11,Horizontal,Rectangle,16PT C2S,Spot UV,Silk,Spot UV Front,4/0 (4 color front),1000,Score in Half,Slide Slits Bottom Panel,Yes 2500 Envelopes A9
Majestic,Silk,8.5 x 11,Vertical,Rectangle,16PT C2S,Spot UV,Silk,Spot UV Front,4/0 (4 color front),1000,Score in Half,Slide Slits Bottom Panel,Yes 2500 Envelopes A9
Majestic,Silk,8.5 x 11,Horizontal,Rectangle,16PT C2S,Spot UV,Silk,Spot UV Front,4/0 (4 color front),2500,Score in Half,Slide Slits Bottom Panel,Yes 2500 Envelopes A9
Majestic,Silk,8.5 x 11,Horizontal,Rectangle,16PT C2S,Spot UV,Silk,Spot UV Front,4/0 (4 color front),5000,Score in Half,Slide Slits Bottom Panel,Yes 2500 Envelopes A9
Majestic,Silk,8.5 x 11,Vertical,Rectangle,16PT C2S,Spot UV,Silk,Spot UV Front,4/0 (4 color front),2500,Score in Half,Slide Slits Bottom Panel,Yes 2500 Envelopes A9
Majestic,Silk,8.5 x 11,Vertical,Rectangle,16PT C2S,Spot UV,Silk,Spot UV Front,4/0 (4 color front),5000,Score in Half,Slide Slits Bottom Panel,Yes 2500 Envelopes A9
Majestic,Silk,8.5 x 11,Horizontal,Rectangle,16PT C2S,Spot UV,Silk,Spot UV Front,4/0 (4 color front),10000,Score in Half,Slide Slits Bottom Panel,Yes 2500 Envelopes A9
Majestic,Silk,8.5 x 11,Horizontal,Rectangle,16PT C2S,Spot UV,Silk,Spot UV Front,4/0 (4 color front),500,Score in Half,Slide Slits Right Panel,Yes 2500 Envelopes A9
Majestic,Silk,8.5 x 11,Vertical,Rectangle,16PT C2S,Spot UV,Silk,Spot UV Front,4/0 (4 color front),500,Score in Half,Slide Slits Right Panel,Yes 2500 Envelopes A9
Majestic,Silk,8.5 x 11,Vertical,Rectangle,16PT C2S,Spot UV,Silk,Spot UV Front,4/0 (4 color front),10000,Score in Half,Slide Slits Bottom Panel,Yes 2500 Envelopes A9
Majestic,Silk,8.5 x 11,Horizontal,Rectangle,16PT C2S,Spot UV,Silk,Spot UV Front,4/0 (4 color front),1000,Score in Half,Slide Slits Right Panel,Yes 2500 Envelopes A9
Majestic,Silk,8.5 x 11,Vertical,Rectangle,16PT C2S,Spot UV,Silk,Spot UV Front,4/0 (4 color front),1000,Score in Half,Slide Slits Right Panel,Yes 2500 Envelopes A9
Majestic,Silk,8.5 x 11,Horizontal,Rectangle,16PT C2S,Spot UV,Silk,Spot UV Front,4/0 (4 color front),2500,Score in Half,Slide Slits Right Panel,Yes 2500 Envelopes A9
Majestic,Silk,8.5 x 11,Vertical,Rectangle,16PT C2S,Spot UV,Silk,Spot UV Front,4/0 (4 color front),2500,Score in Half,Slide Slits Right Panel,Yes 2500 Envelopes A9
Majestic,Silk,8.5 x 11,Horizontal,Rectangle,16PT C2S,Spot UV,Silk,Spot UV Front,4/0 (4 color front),5000,Score in Half,Slide Slits Right Panel,Yes 2500 Envelopes A9
Majestic,Silk,8.5 x 11,Vertical,Rectangle,16PT C2S,Spot UV,Silk,Spot UV Front,4/0 (4 color front),5000,Score in Half,Slide Slits Right Panel,Yes 2500 Envelopes A9
Majestic,Silk,8.5 x 11,Horizontal,Rectangle,16PT C2S,Spot UV,Silk,Spot UV Front,4/0 (4 color front),10000,Score in Half,Slide Slits Right Panel,Yes 2500 Envelopes A9
Majestic,Silk,8.5 x 11,Vertical,Rectangle,16PT C2S,Spot UV,Silk,Spot UV Front,4/0 (4 color front),10000,Score in Half,Slide Slits Right Panel,Yes 2500 Envelopes A9
Majestic,Silk,8.5 x 11,Vertical,Rectangle,16PT C2S,Spot UV,Silk,Spot UV Front,4/0 (4 color front),500,Score in Half,Moon Slits Bottom Panel,Yes 5000 Envelopes A9
Majestic,Silk,8.5 x 11,Horizontal,Rectangle,16PT C2S,Spot UV,Silk,Spot UV Front,4/0 (4 color front),500,Score in Half,Moon Slits Bottom Panel,Yes 5000 Envelopes A9
Majestic,Silk,8.5 x 11,Horizontal,Rectangle,16PT C2S,Spot UV,Silk,Spot UV Front,4/0 (4 color front),1000,Score in Half,No Gift Cards Slits,Yes 2500 Envelopes A9
Majestic,Silk,8.5 x 11,Vertical,Rectangle,16PT C2S,Spot UV,Silk,Spot UV Front,4/0 (4 color front),1000,Score in Half,Moon Slits Bottom Panel,Yes 5000 Envelopes A9
Majestic,Silk,8.5 x 11,Horizontal,Rectangle,16PT C2S,Spot UV,Silk,Spot UV Front,4/0 (4 color front),2500,Score in Half,Moon Slits Bottom Panel,Yes 5000 Envelopes A9
Majestic,Silk,8.5 x 11,Vertical,Rectangle,16PT C2S,Spot UV,Silk,Spot UV Front,4/0 (4 color front),2500,Score in Half,Moon Slits Bottom Panel,Yes 5000 Envelopes A9
Majestic,Silk,8.5 x 11,Horizontal,Rectangle,16PT C2S,Spot UV,Silk,Spot UV Front,4/0 (4 color front),5000,Score in Half,Moon Slits Bottom Panel,Yes 5000 Envelopes A9
Majestic,Silk,8.5 x 11,Vertical,Rectangle,16PT C2S,Spot UV,Silk,Spot UV Front,4/0 (4 color front),5000,Score in Half,Moon Slits Bottom Panel,Yes 5000 Envelopes A9
Majestic,Silk,8.5 x 11,Horizontal,Rectangle,16PT C2S,Spot UV,Silk,Spot UV Front,4/0 (4 color front),10000,Score in Half,Moon Slits Bottom Panel,Yes 5000 Envelopes A9
Majestic,Silk,8.5 x 11,Vertical,Rectangle,16PT C2S,Spot UV,Silk,Spot UV Front,4/0 (4 color front),10000,Score in Half,Moon Slits Bottom Panel,Yes 5000 Envelopes A9
Majestic,Silk,8.5 x 11,Vertical,Rectangle,16PT C2S,Spot UV,Silk,Spot UV Front,4/0 (4 color front),500,Score in Half,No Gift Cards Slits,Yes 2500 Envelopes A9
Majestic,Silk,8.5 x 11,Vertical,Rectangle,16PT C2S,Spot UV,Silk,Spot UV Front,4/0 (4 color front),500,Score in Half,Moon Slits Right Panel,Yes 5000 Envelopes A9
Majestic,Silk,8.5 x 11,Horizontal,Rectangle,16PT C2S,Spot UV,Silk,Spot UV Front,4/0 (4 color front),1000,Score in Half,Moon Slits Right Panel,Yes 5000 Envelopes A9
Majestic,Silk,8.5 x 11,Horizontal,Rectangle,16PT C2S,Spot UV,Silk,Spot UV Front,4/0 (4 color front),500,Score in Half,Moon Slits Right Panel,Yes 5000 Envelopes A9
Majestic,Silk,8.5 x 11,Horizontal,Rectangle,16PT C2S,Spot UV,Silk,Spot UV Front,4/0 (4 color front),2500,Score in Half,Moon Slits Right Panel,Yes 5000 Envelopes A9
Majestic,Silk,8.5 x 11,Vertical,Rectangle,16PT C2S,Spot UV,Silk,Spot UV Front,4/0 (4 color front),2500,Score in Half,Moon Slits Right Panel,Yes 5000 Envelopes A9
Majestic,Silk,8.5 x 11,Vertical,Rectangle,16PT C2S,Spot UV,Silk,Spot UV Front,4/0 (4 color front),1000,Score in Half,Moon Slits Right Panel,Yes 5000 Envelopes A9
Majestic,Silk,8.5 x 11,Vertical,Rectangle,16PT C2S,Spot UV,Silk,Spot UV Front,4/0 (4 color front),5000,Score in Half,Moon Slits Right Panel,Yes 5000 Envelopes A9
Majestic,Silk,8.5 x 11,Horizontal,Rectangle,16PT C2S,Spot UV,Silk,Spot UV Front,4/0 (4 color front),10000,Score in Half,Moon Slits Right Panel,Yes 5000 Envelopes A9
Majestic,Silk,8.5 x 11,Vertical,Rectangle,16PT C2S,Spot UV,Silk,Spot UV Front,4/0 (4 color front),10000,Score in Half,Moon Slits Right Panel,Yes 5000 Envelopes A9
Majestic,Silk,8.5 x 11,Horizontal,Rectangle,16PT C2S,Spot UV,Silk,Spot UV Front,4/0 (4 color front),500,Score in Half,No Gift Cards Slits,Yes 5000 Envelopes A9
Majestic,Silk,8.5 x 11,Vertical,Rectangle,16PT C2S,Spot UV,Silk,Spot UV Front,4/0 (4 color front),500,Score in Half,No Gift Cards Slits,Yes 5000 Envelopes A9
Majestic,Silk,8.5 x 11,Horizontal,Rectangle,16PT C2S,Spot UV,Silk,Spot UV Front,4/0 (4 color front),1000,Score in Half,No Gift Cards Slits,Yes 5000 Envelopes A9
Majestic,Silk,8.5 x 11,Vertical,Rectangle,16PT C2S,Spot UV,Silk,Spot UV Front,4/0 (4 color front),1000,Score in Half,No Gift Cards Slits,Yes 5000 Envelopes A9
Majestic,Silk,8.5 x 11,Horizontal,Rectangle,16PT C2S,Spot UV,Silk,Spot UV Front,4/0 (4 color front),2500,Score in Half,No Gift Cards Slits,Yes 5000 Envelopes A9
Majestic,Silk,8.5 x 11,Vertical,Rectangle,16PT C2S,Spot UV,Silk,Spot UV Front,4/0 (4 color front),2500,Score in Half,No Gift Cards Slits,Yes 5000 Envelopes A9
Majestic,Silk,8.5 x 11,Horizontal,Rectangle,16PT C2S,Spot UV,Silk,Spot UV Front,4/0 (4 color front),5000,Score in Half,No Gift Cards Slits,Yes 5000 Envelopes A9
Majestic,Silk,8.5 x 11,Vertical,Rectangle,16PT C2S,Spot UV,Silk,Spot UV Front,4/0 (4 color front),5000,Score in Half,No Gift Cards Slits,Yes 5000 Envelopes A9
Majestic,Silk,8.5 x 11,Horizontal,Rectangle,16PT C2S,Spot UV,Silk,Spot UV Front,4/0 (4 color front),10000,Score in Half,No Gift Cards Slits,Yes 5000 Envelopes A9
Majestic,Silk,8.5 x 11,Vertical,Rectangle,16PT C2S,Spot UV,Silk,Spot UV Front,4/0 (4 color front),10000,Score in Half,No Gift Cards Slits,Yes 5000 Envelopes A9
Majestic,Silk,8.5 x 11,Horizontal,Rectangle,16PT C2S,Spot UV,Silk,Spot UV Front,4/0 (4 color front),500,Score in Half,Slide Slits Bottom Panel,Yes 5000 Envelopes A9
Majestic,Silk,8.5 x 11,Vertical,Rectangle,16PT C2S,Spot UV,Silk,Spot UV Front,4/0 (4 color front),500,Score in Half,Slide Slits Bottom Panel,Yes 5000 Envelopes A9
Majestic,Silk,8.5 x 11,Vertical,Rectangle,16PT C2S,Spot UV,Silk,Spot UV Front,4/0 (4 color front),1000,Score in Half,Slide Slits Bottom Panel,Yes 5000 Envelopes A9
Majestic,Silk,8.5 x 11,Horizontal,Rectangle,16PT C2S,Spot UV,Silk,Spot UV Front,4/0 (4 color front),1000,Score in Half,Slide Slits Bottom Panel,Yes 5000 Envelopes A9
Majestic,Silk,8.5 x 11,Horizontal,Rectangle,16PT C2S,Spot UV,Silk,Spot UV Front,4/0 (4 color front),2500,Score in Half,Slide Slits Bottom Panel,Yes 5000 Envelopes A9
Majestic,Silk,8.5 x 11,Vertical,Rectangle,16PT C2S,Spot UV,Silk,Spot UV Front,4/0 (4 color front),2500,Score in Half,Slide Slits Bottom Panel,Yes 5000 Envelopes A9
Majestic,Silk,8.5 x 11,Horizontal,Rectangle,16PT C2S,Spot UV,Silk,Spot UV Front,4/0 (4 color front),5000,Score in Half,Slide Slits Bottom Panel,Yes 5000 Envelopes A9
Majestic,Silk,8.5 x 11,Vertical,Rectangle,16PT C2S,Spot UV,Silk,Spot UV Front,4/0 (4 color front),5000,Score in Half,Slide Slits Bottom Panel,Yes 5000 Envelopes A9
Majestic,Silk,8.5 x 11,Horizontal,Rectangle,16PT C2S,Spot UV,Silk,Spot UV Front,4/0 (4 color front),1000,Score in Half,Moon Slits Bottom Panel,Yes 5000 Envelopes A9
Majestic,Silk,8.5 x 11,Vertical,Rectangle,16PT C2S,Spot UV,Silk,Spot UV Front,4/0 (4 color front),5000,Score in Half,Moon Slits Right Panel,Yes 2500 Envelopes A9
Majestic,Silk,8.5 x 11,Vertical,Rectangle,16PT C2S,Spot UV,Silk,Spot UV Front,4/0 (4 color front),500,Score in Half,Slide Slits Right Panel,Yes 5000 Envelopes A9
Majestic,Silk,8.5 x 11,Horizontal,Rectangle,16PT C2S,Spot UV,Silk,Spot UV Front,4/0 (4 color front),500,Score in Half,Slide Slits Right Panel,Yes 5000 Envelopes A9
Majestic,Silk,8.5 x 11,Horizontal,Rectangle,16PT C2S,Spot UV,Silk,Spot UV Front,4/0 (4 color front),1000,Score in Half,Slide Slits Right Panel,Yes 5000 Envelopes A9
Majestic,Silk,8.5 x 11,Vertical,Rectangle,16PT C2S,Spot UV,Silk,Spot UV Front,4/0 (4 color front),1000,Score in Half,Slide Slits Right Panel,Yes 5000 Envelopes A9
Majestic,Silk,8.5 x 11,Horizontal,Rectangle,16PT C2S,Spot UV,Silk,Spot UV Front,4/0 (4 color front),2500,Score in Half,Slide Slits Right Panel,Yes 5000 Envelopes A9
Majestic,Silk,8.5 x 11,Vertical,Rectangle,16PT C2S,Spot UV,Silk,Spot UV Front,4/0 (4 color front),2500,Score in Half,Slide Slits Right Panel,Yes 5000 Envelopes A9
Majestic,Silk,8.5 x 11,Horizontal,Rectangle,16PT C2S,Spot UV,Silk,Spot UV Front,4/0 (4 color front),5000,Score in Half,Slide Slits Right Panel,Yes 5000 Envelopes A9
Majestic,Silk,8.5 x 11,Vertical,Rectangle,16PT C2S,Spot UV,Silk,Spot UV Front,4/0 (4 color front),5000,Score in Half,Slide Slits Right Panel,Yes 5000 Envelopes A9
Majestic,Silk,8.5 x 11,Horizontal,Rectangle,16PT C2S,Spot UV,Silk,Spot UV Front,4/0 (4 color front),10000,Score in Half,Slide Slits Right Panel,Yes 5000 Envelopes A9
Majestic,Silk,8.5 x 11,Vertical,Rectangle,16PT C2S,Spot UV,Silk,Spot UV Front,4/0 (4 color front),10000,Score in Half,Slide Slits Right Panel,Yes 5000 Envelopes A9
Majestic,Silk,8.5 x 11,Horizontal,Rectangle,16PT C2S,Spot UV,Silk,Spot UV Front,4/0 (4 color front),500,Score in Half,Moon Slits Bottom Panel,Yes 10000 Envelopes A9
Majestic,Silk,8.5 x 11,Vertical,Rectangle,16PT C2S,Spot UV,Silk,Spot UV Front,4/0 (4 color front),500,Score in Half,Moon Slits Bottom Panel,Yes 10000 Envelopes A9
Majestic,Silk,8.5 x 11,Horizontal,Rectangle,16PT C2S,Spot UV,Silk,Spot UV Front,4/0 (4 color front),1000,Score in Half,Moon Slits Bottom Panel,Yes 10000 Envelopes A9
Majestic,Silk,8.5 x 11,Vertical,Rectangle,16PT C2S,Spot UV,Silk,Spot UV Front,4/0 (4 color front),1000,Score in Half,Moon Slits Bottom Panel,Yes 10000 Envelopes A9
Majestic,Silk,8.5 x 11,Horizontal,Rectangle,16PT C2S,Spot UV,Silk,Spot UV Front,4/0 (4 color front),2500,Score in Half,Moon Slits Bottom Panel,Yes 10000 Envelopes A9
Majestic,Silk,8.5 x 11,Vertical,Rectangle,16PT C2S,Spot UV,Silk,Spot UV Front,4/0 (4 color front),2500,Score in Half,Moon Slits Bottom Panel,Yes 10000 Envelopes A9
Majestic,Silk,8.5 x 11,Horizontal,Rectangle,16PT C2S,Spot UV,Silk,Spot UV Front,4/0 (4 color front),5000,Score in Half,Moon Slits Bottom Panel,Yes 10000 Envelopes A9
Majestic,Silk,8.5 x 11,Vertical,Rectangle,16PT C2S,Spot UV,Silk,Spot UV Front,4/0 (4 color front),10000,Score in Half,Slide Slits Bottom Panel,Yes 5000 Envelopes A9
Majestic,Silk,8.5 x 11,Horizontal,Rectangle,16PT C2S,Spot UV,Silk,Spot UV Front,4/0 (4 color front),10000,Score in Half,Moon Slits Bottom Panel,Yes 10000 Envelopes A9
Majestic,Silk,8.5 x 11,Vertical,Rectangle,16PT C2S,Spot UV,Silk,Spot UV Front,4/0 (4 color front),10000,Score in Half,Moon Slits Bottom Panel,Yes 10000 Envelopes A9
Majestic,Silk,8.5 x 11,Horizontal,Rectangle,16PT C2S,Spot UV,Silk,Spot UV Front,4/0 (4 color front),500,Score in Half,Moon Slits Right Panel,Yes 10000 Envelopes A9
Majestic,Silk,8.5 x 11,Vertical,Rectangle,16PT C2S,Spot UV,Silk,Spot UV Front,4/0 (4 color front),500,Score in Half,Moon Slits Right Panel,Yes 10000 Envelopes A9
Majestic,Silk,8.5 x 11,Horizontal,Rectangle,16PT C2S,Spot UV,Silk,Spot UV Front,4/0 (4 color front),1000,Score in Half,Moon Slits Right Panel,Yes 10000 Envelopes A9
Majestic,Silk,8.5 x 11,Vertical,Rectangle,16PT C2S,Spot UV,Silk,Spot UV Front,4/0 (4 color front),1000,Score in Half,Moon Slits Right Panel,Yes 10000 Envelopes A9
Majestic,Silk,8.5 x 11,Horizontal,Rectangle,16PT C2S,Spot UV,Silk,Spot UV Front,4/0 (4 color front),2500,Score in Half,Moon Slits Right Panel,Yes 10000 Envelopes A9
Majestic,Silk,8.5 x 11,Vertical,Rectangle,16PT C2S,Spot UV,Silk,Spot UV Front,4/0 (4 color front),2500,Score in Half,Moon Slits Right Panel,Yes 10000 Envelopes A9
Majestic,Silk,8.5 x 11,Vertical,Rectangle,16PT C2S,Spot UV,Silk,Spot UV Front,4/0 (4 color front),5000,Score in Half,Moon Slits Right Panel,Yes 10000 Envelopes A9
Majestic,Silk,8.5 x 11,Horizontal,Rectangle,16PT C2S,Spot UV,Silk,Spot UV Front,4/0 (4 color front),10000,Score in Half,Moon Slits Right Panel,Yes 10000 Envelopes A9
Majestic,Silk,8.5 x 11,Horizontal,Rectangle,16PT C2S,Spot UV,Silk,Spot UV Front,4/0 (4 color front),5000,Score in Half,Moon Slits Right Panel,Yes 10000 Envelopes A9
Majestic,Silk,8.5 x 11,Vertical,Rectangle,16PT C2S,Spot UV,Silk,Spot UV Front,4/0 (4 color front),10000,Score in Half,Moon Slits Right Panel,Yes 10000 Envelopes A9
Majestic,Silk,8.5 x 11,Horizontal,Rectangle,16PT C2S,Spot UV,Silk,Spot UV Front,4/0 (4 color front),500,Score in Half,No Gift Cards Slits,Yes 10000 Envelopes A9
Majestic,Silk,8.5 x 11,Vertical,Rectangle,16PT C2S,Spot UV,Silk,Spot UV Front,4/0 (4 color front),500,Score in Half,No Gift Cards Slits,Yes 10000 Envelopes A9
Majestic,Silk,8.5 x 11,Horizontal,Rectangle,16PT C2S,Spot UV,Silk,Spot UV Front,4/0 (4 color front),1000,Score in Half,No Gift Cards Slits,Yes 10000 Envelopes A9
Majestic,Silk,8.5 x 11,Vertical,Rectangle,16PT C2S,Spot UV,Silk,Spot UV Front,4/0 (4 color front),1000,Score in Half,No Gift Cards Slits,Yes 10000 Envelopes A9
Majestic,Silk,8.5 x 11,Horizontal,Rectangle,16PT C2S,Spot UV,Silk,Spot UV Front,4/0 (4 color front),2500,Score in Half,No Gift Cards Slits,Yes 10000 Envelopes A9
Majestic,Silk,8.5 x 11,Vertical,Rectangle,16PT C2S,Spot UV,Silk,Spot UV Front,4/0 (4 color front),2500,Score in Half,No Gift Cards Slits,Yes 10000 Envelopes A9
Majestic,Silk,8.5 x 11,Horizontal,Rectangle,16PT C2S,Spot UV,Silk,Spot UV Front,4/0 (4 color front),5000,Score in Half,No Gift Cards Slits,Yes 10000 Envelopes A9
Majestic,Silk,8.5 x 11,Horizontal,Rectangle,16PT C2S,Spot UV,Silk,Spot UV Front,4/0 (4 color front),5000,Score in Half,Moon Slits Right Panel,Yes 5000 Envelopes A9
Majestic,Silk,8.5 x 11,Vertical,Rectangle,16PT C2S,Spot UV,Silk,Spot UV Front,4/0 (4 color front),5000,Score in Half,Moon Slits Bottom Panel,Yes 10000 Envelopes A9
Majestic,Silk,8.5 x 11,Vertical,Rectangle,16PT C2S,Spot UV,Silk,Spot UV Front,4/0 (4 color front),10000,Score in Half,No Gift Cards Slits,Yes 10000 Envelopes A9
Majestic,Silk,8.5 x 11,Horizontal,Rectangle,16PT C2S,Spot UV,Silk,Spot UV Front,4/0 (4 color front),10000,Score in Half,Slide Slits Bottom Panel,Yes 5000 Envelopes A9
Majestic,Silk,8.5 x 11,Vertical,Rectangle,16PT C2S,Spot UV,Silk,Spot UV Front,4/0 (4 color front),5000,Score in Half,No Gift Cards Slits,Yes 10000 Envelopes A9
Majestic,Silk,8.5 x 11,Horizontal,Rectangle,16PT C2S,Spot UV,Silk,Spot UV Front,4/0 (4 color front),1000,Score in Half,Slide Slits Bottom Panel,Yes 10000 Envelopes A9
Majestic,Silk,8.5 x 11,Vertical,Rectangle,16PT C2S,Spot UV,Silk,Spot UV Front,4/0 (4 color front),1000,Score in Half,Slide Slits Bottom Panel,Yes 10000 Envelopes A9
Majestic,Silk,8.5 x 11,Horizontal,Rectangle,16PT C2S,Spot UV,Silk,Spot UV Front,4/0 (4 color front),2500,Score in Half,Slide Slits Bottom Panel,Yes 10000 Envelopes A9
Majestic,Silk,8.5 x 11,Horizontal,Rectangle,16PT C2S,Spot UV,Silk,Spot UV Front,4/0 (4 color front),5000,Score in Half,Slide Slits Bottom Panel,Yes 10000 Envelopes A9
Majestic,Silk,8.5 x 11,Vertical,Rectangle,16PT C2S,Spot UV,Silk,Spot UV Front,4/0 (4 color front),2500,Score in Half,Slide Slits Bottom Panel,Yes 10000 Envelopes A9
Majestic,Silk,8.5 x 11,Horizontal,Rectangle,16PT C2S,Spot UV,Silk,Spot UV Front,4/0 (4 color front),500,Score in Half,Slide Slits Bottom Panel,Yes 10000 Envelopes A9
Majestic,Silk,8.5 x 11,Vertical,Rectangle,16PT C2S,Spot UV,Silk,Spot UV Front,4/0 (4 color front),5000,Score in Half,Slide Slits Bottom Panel,Yes 10000 Envelopes A9
Majestic,Silk,8.5 x 11,Horizontal,Rectangle,16PT C2S,Spot UV,Silk,Spot UV Front,4/0 (4 color front),10000,Score in Half,No Gift Cards Slits,Yes 10000 Envelopes A9
Majestic,Silk,8.5 x 11,Horizontal,Rectangle,16PT C2S,Spot UV,Silk,Spot UV Front,4/0 (4 color front),500,Score in Half,Slide Slits Right Panel,Yes 10000 Envelopes A9
Majestic,Silk,8.5 x 11,Vertical,Rectangle,16PT C2S,Spot UV,Silk,Spot UV Front,4/0 (4 color front),500,Score in Half,Slide Slits Right Panel,Yes 10000 Envelopes A9
Majestic,Silk,8.5 x 11,Horizontal,Rectangle,16PT C2S,Spot UV,Silk,Spot UV Front,4/0 (4 color front),1000,Score in Half,Slide Slits Right Panel,Yes 10000 Envelopes A9
Majestic,Silk,8.5 x 11,Vertical,Rectangle,16PT C2S,Spot UV,Silk,Spot UV Front,4/0 (4 color front),1000,Score in Half,Slide Slits Right Panel,Yes 10000 Envelopes A9
Majestic,Silk,8.5 x 11,Horizontal,Rectangle,16PT C2S,Spot UV,Silk,Spot UV Front,4/0 (4 color front),2500,Score in Half,Slide Slits Right Panel,Yes 10000 Envelopes A9
Majestic,Silk,8.5 x 11,Vertical,Rectangle,16PT C2S,Spot UV,Silk,Spot UV Front,4/0 (4 color front),2500,Score in Half,Slide Slits Right Panel,Yes 10000 Envelopes A9
Majestic,Silk,8.5 x 11,Horizontal,Rectangle,16PT C2S,Spot UV,Silk,Spot UV Front,4/0 (4 color front),5000,Score in Half,Slide Slits Right Panel,Yes 10000 Envelopes A9
Majestic,Silk,8.5 x 11,Vertical,Rectangle,16PT C2S,Spot UV,Silk,Spot UV Front,4/0 (4 color front),500,Score in Half,Slide Slits Bottom Panel,Yes 10000 Envelopes A9
Majestic,Silk,8.5 x 11,Vertical,Rectangle,16PT C2S,Spot UV,Silk,Spot UV Front,4/0 (4 color front),10000,Score in Half,Slide Slits Bottom Panel,Yes 10000 Envelopes A9
Majestic,Silk,8.5 x 11,Vertical,Rectangle,16PT C2S,Spot UV,Silk,Spot UV Front,4/0 (4 color front),10000,Score in Half,Slide Slits Right Panel,Yes 10000 Envelopes A9
Majestic,Silk,8.5 x 11,Horizontal,Rectangle,16PT C2S,Spot UV,Silk,Spot UV Front,4/0 (4 color front),10000,Score in Half,Slide Slits Right Panel,Yes 10000 Envelopes A9
Majestic,Silk,8.5 x 11,Vertical,Rectangle,16PT C2S,Spot UV,Silk,Spot UV Front,4/0 (4 color front),5000,Score in Half,Slide Slits Right Panel,Yes 10000 Envelopes A9
Majestic,Silk,8.5 x 11,Horizontal,Rectangle,16PT C2S,Spot UV,Silk,Spot UV Front,4/0 (4 color front),10000,Score in Half,Slide Slits Bottom Panel,Yes 10000 Envelopes A9
